2458467.3668514 10.86 0.13
2458467.3670250 10.94 0.14
2458467.3673723 11.00 0.14
2458467.3677195 10.98 0.14
2458467.3678931 10.85 0.12
2458467.3680667 11.00 0.14
2458467.3682403 10.99 0.14
2458467.3684139 10.97 0.14
2458467.3685875 11.00 0.15
2458467.3689347 11.04 0.15
2458467.3692820 10.98 0.14
2458467.3698028 10.88 0.13
2458467.3704972 10.77 0.12
2458467.3706709 10.94 0.14
2458467.3708445 10.66 0.11
2458467.3711917 11.00 0.15
2458467.3713653 10.84 0.13
2458467.3715389 10.90 0.13
2458467.3717125 10.97 0.14
2458467.3718861 10.94 0.14
2458467.3722334 10.82 0.12
2458467.3724070 10.80 0.12
2458467.3727542 10.95 0.14
2458467.3729278 10.97 0.14
2458467.3731014 11.04 0.15
2458467.3736223 10.85 0.13
2458467.3741431 11.01 0.15
2458467.3743167 10.91 0.14
2458467.3746639 11.00 0.15
2458467.3748375 10.83 0.12
2458467.3750111 10.90 0.13
2458467.3753584 11.08 0.16
2458467.3755332 10.96 0.14
2458467.3758801 10.93 0.14
2458467.3760536 11.06 0.15
2458467.3762270 10.87 0.13
2458467.3764005 10.74 0.12
2458467.3774417 10.75 0.12
2458467.3777889 10.81 0.12
2458467.3779625 10.89 0.13
2458467.3784834 10.68 0.11
2458467.3788306 10.82 0.13
2458467.3791778 10.69 0.11
2458467.3795250 10.94 0.14
2458467.3798723 10.93 0.14
2458467.3800459 10.86 0.13
2458467.3805667 11.02 0.15
2458467.3807403 10.74 0.12
2458467.3812611 10.97 0.14
2458467.3814348 10.87 0.13
2458467.3816084 10.85 0.13
2458467.3819556 10.88 0.13
2458467.3823028 10.98 0.14
2458467.3824764 10.81 0.12
2458467.3829973 10.83 0.13
2458467.3833445 10.80 0.12
2458467.3836917 10.96 0.14
2458467.3840389 10.82 0.13
2458467.3842125 10.87 0.13
2458467.3849070 10.73 0.12
2458467.3850806 10.86 0.13
2458467.3852542 10.81 0.13
2458467.3854278 10.86 0.13
2458467.3856014 10.86 0.13
2458467.3859486 10.83 0.13
2458467.3861222 10.79 0.12
2458467.3862959 10.93 0.14
2458467.3864695 10.75 0.12
2458467.3866431 10.92 0.14
2458467.3869903 10.89 0.14
2458467.3875123 10.87 0.13
2458467.3876858 10.97 0.14
2458467.3883795 11.03 0.15
2458467.3885530 10.93 0.14
2458467.3897681 10.90 0.14
2458467.3899417 11.02 0.15
2458467.3901153 10.96 0.14
2458467.3902889 10.91 0.14
2458467.3904625 10.98 0.15
2458467.3906361 11.07 0.16
2458467.3908098 11.10 0.16
2458467.3909834 10.91 0.14
2458467.3911570 11.01 0.15
2458467.3913306 11.05 0.16
2458467.3915042 10.99 0.15
2458467.3916778 10.98 0.15
2458467.3918514 10.84 0.13
2458467.3928931 10.93 0.14
2458467.3930667 10.80 0.13
2458467.3932403 10.90 0.13
2458467.3934139 10.87 0.13
2458467.3939347 10.94 0.14
2458467.3941084 11.05 0.16
2458467.3946292 10.68 0.11
2458467.3948028 11.00 0.15
2458467.3953236 10.86 0.13
2458467.3958445 10.83 0.13
2458467.3960181 10.87 0.13
2458467.3963653 10.95 0.14
2458467.3965389 10.82 0.13
2458467.3967125 10.94 0.14
2458467.3970598 10.96 0.14
2458467.3974070 10.81 0.13
2458467.3975806 10.93 0.14
2458467.3979278 10.90 0.14
2458467.3981014 10.87 0.13
2458467.3984486 10.84 0.13
2458467.3986223 10.82 0.13
2458467.3991431 10.99 0.15
2458467.3993180 10.86 0.13
2458467.3996649 10.92 0.14
2458467.3998383 10.88 0.13
2458467.4000118 10.88 0.13
2458467.4003586 10.64 0.11
2458467.4005321 10.91 0.14
2458467.4007056 11.01 0.15
2458467.4008792 10.87 0.13
2458467.4014000 10.90 0.14
2458467.4019209 11.05 0.16
2458467.4024417 10.75 0.12
2458467.4029625 10.92 0.14
2458467.4031361 10.90 0.14
2458467.4034834 11.05 0.16
2458467.4036570 10.74 0.12
2458467.4043514 10.88 0.14
2458467.4052195 10.96 0.15
2458467.4053931 11.01 0.15
2458467.4057403 11.00 0.15
2458467.4059139 10.93 0.14
2458467.4060875 11.13 0.17
2458467.4069556 10.88 0.13
2458467.4073028 10.96 0.14
2458467.4074764 11.03 0.16
2458467.4078236 10.98 0.15
2458467.4079972 10.94 0.14
2458467.4086917 10.96 0.14
2458467.4092125 10.83 0.13
2458467.4093861 11.01 0.15
2458467.4099070 10.82 0.13
2458467.4100806 10.88 0.14
2458467.4102542 10.92 0.14
2458467.4104278 11.00 0.15
2458467.4111236 10.88 0.14
2458467.4112971 10.97 0.15
2458467.4114705 11.08 0.16
2458467.4116440 10.99 0.15
2458467.4121643 10.95 0.14
2458467.4123377 11.10 0.17
2458467.4128584 10.92 0.14
2458467.4130320 11.00 0.15
2458467.4132056 10.93 0.14
2458467.4133792 11.04 0.16
2458467.4135528 10.88 0.14
2458467.4139000 10.99 0.15
2458467.4140736 10.79 0.12
2458467.4149417 10.93 0.14
2458467.4152889 10.83 0.13
2458467.4158097 10.83 0.13
2458467.4163306 10.96 0.15
2458467.4166778 11.01 0.16
2458467.4168514 10.93 0.14
2458467.4175459 10.76 0.12
2458467.4196292 10.95 0.15
2458467.4199764 10.94 0.15
2458467.4201500 10.91 0.15
2458467.4204973 10.82 0.13
2458469.3667865 10.96 0.10
2458469.3670135 10.92 0.10
2458469.3671871 11.17 0.12
2458469.3673607 10.85 0.09
2458469.3675343 10.90 0.10
2458469.3678815 11.18 0.13
2458469.3680551 11.06 0.12
2458469.3682287 10.99 0.11
2458469.3684023 10.97 0.10
2458469.3685760 11.04 0.11
2458469.3687496 10.98 0.11
2458469.3689232 11.13 0.12
2458469.3690968 10.93 0.10
2458469.3692704 10.90 0.10
2458469.3694440 11.15 0.12
2458469.3696176 10.85 0.10
2458469.3697912 11.05 0.11
2458469.3699648 10.92 0.10
2458469.3701384 10.97 0.10
2458469.3703121 11.02 0.11
2458469.3704857 11.01 0.11
2458469.3706593 10.97 0.11
2458469.3708329 11.11 0.12
2458469.3710065 10.87 0.10
2458469.3711801 10.99 0.11
2458469.3713537 10.95 0.10
2458469.3715273 11.07 0.12
2458469.3717009 11.07 0.11
2458469.3718746 10.99 0.11
2458469.3720482 11.07 0.12
2458469.3722218 11.23 0.13
2458469.3723954 10.88 0.10
2458469.3725690 11.06 0.11
2458469.3727426 11.08 0.12
2458469.3729162 10.95 0.10
2458469.3730898 10.96 0.11
2458469.3732635 10.97 0.10
2458469.3734371 11.08 0.12
2458469.3736107 11.07 0.12
2458469.3737843 11.07 0.12
2458469.3739579 11.19 0.13
2458469.3741315 11.00 0.11
2458469.3743051 10.99 0.11
2458469.3744787 11.16 0.12
2458469.3746524 11.09 0.12
2458469.3748260 11.02 0.11
2458469.3749996 10.98 0.11
2458469.3751732 11.18 0.13
2458469.3753468 10.79 0.09
2458469.3755204 10.99 0.11
2458469.3756940 11.02 0.11
2458469.3758676 11.03 0.11
2458469.3760425 10.98 0.11
2458469.3762159 10.92 0.10
2458469.3763894 11.04 0.11
2458469.3765628 11.24 0.13
2458469.3767363 11.14 0.12
2458469.3769097 10.95 0.10
2458469.3770832 11.07 0.12
2458469.3772566 11.09 0.12
2458469.3774301 10.93 0.10
2458469.3776037 10.91 0.10
2458469.3777773 11.09 0.12
2458469.3779510 11.07 0.12
2458469.3781246 10.99 0.11
2458469.3782982 10.83 0.09
2458469.3784718 10.90 0.10
2458469.3786454 10.97 0.11
2458488.3044163 10.98 0.13
2458488.3047635 11.10 0.15
2458488.3049371 10.90 0.13
2458488.3051107 10.87 0.12
2458488.3052844 11.02 0.14
2458488.3054579 10.91 0.13
2458488.3058052 10.94 0.13
2458488.3063260 10.95 0.13
2458488.3064996 10.97 0.13
2458488.3068468 10.99 0.14
2458488.3070205 10.87 0.12
2458488.3080621 10.91 0.13
2458488.3082357 10.95 0.13
2458488.3089302 10.86 0.12
2458488.3091038 10.94 0.13
2458488.3092788 10.90 0.13
2458488.3096257 10.99 0.14
2458488.3097991 10.90 0.13
2458488.3101460 10.92 0.13
2458488.3103194 10.95 0.13
2458488.3108399 10.96 0.13
2458488.3110135 10.74 0.11
2458488.3111871 10.79 0.12
2458488.3113607 10.94 0.13
2458488.3115344 11.09 0.15
2458488.3118816 11.10 0.15
2458488.3120552 11.06 0.15
2458488.3122288 11.02 0.14
2458488.3125760 11.01 0.14
2458488.3127496 10.91 0.13
2458488.3134441 11.01 0.14
2458488.3136177 11.11 0.15
2458488.3137913 10.93 0.13
2458488.3139649 10.93 0.13
2458488.3141385 11.09 0.15
2458488.3143121 11.04 0.15
2458488.3144857 11.00 0.14
2458488.3146593 11.04 0.15
2458488.3148330 10.98 0.14
2458488.3167427 10.79 0.12
2458488.3176107 10.98 0.14
2458488.3184788 11.06 0.15
2458488.3186524 11.05 0.15
2458488.3191732 11.06 0.15
2458488.3195205 11.07 0.15
2458488.3196941 10.96 0.14
2458488.3198677 10.93 0.13
2458488.3202149 10.97 0.14
2458488.3205621 10.92 0.13
2458488.3207357 10.97 0.14
2458488.3209094 10.86 0.13
2458488.3222986 10.82 0.12
2458488.3224720 10.99 0.14
2458488.3226455 10.96 0.14
2458488.3233399 11.03 0.15
2458488.3249024 11.08 0.16
2458488.3259441 10.91 0.13
2458488.3261177 11.07 0.15
2458488.3262913 10.98 0.14
2458488.3269857 10.83 0.13
2458488.3271594 10.94 0.14
2458488.3276802 10.93 0.14
2458488.3278538 11.02 0.15
2458488.3283746 11.03 0.15
2458488.3287218 11.01 0.15
2458488.3290691 10.94 0.14
2458488.3292427 10.95 0.14
2458488.3294163 11.03 0.15
2458488.3295899 10.83 0.13
2458488.3301107 11.05 0.15
2458488.3304580 10.86 0.13
2458488.3306316 11.05 0.15
2458488.3308052 11.11 0.16
2458488.3309788 11.21 0.18
2458488.3316732 11.09 0.16
2458488.3321941 11.16 0.17
2458488.3323677 11.00 0.15
2458488.3346246 10.94 0.14
2458488.3347982 11.03 0.15
2458488.3353191 11.10 0.16
2458488.3354927 10.90 0.14
2458488.3367080 10.81 0.12
2458488.3368816 11.01 0.15
2458488.3370552 11.04 0.15
2458488.3379232 10.93 0.14
2458488.3384441 10.87 0.13
2458488.3387913 10.92 0.14
2458488.3400066 10.97 0.14
2458488.3419163 10.87 0.13
2458488.3431316 10.94 0.14
2458488.3434788 10.86 0.13
2458488.3439996 10.97 0.15
2458488.3443469 10.95 0.14
2458488.3452162 10.70 0.11
2458488.3453896 10.96 0.14
2458488.3455631 10.93 0.14
2458488.3462569 10.86 0.13
2458488.3476455 10.94 0.14
2458488.3483399 10.85 0.13
2458488.3488607 10.87 0.13
2458488.3490344 10.93 0.14
2458488.3492080 10.92 0.14
2458488.3505969 11.12 0.17
2458488.3509441 10.95 0.14
2458488.3511177 10.87 0.13
2458488.3514649 10.73 0.12
2458488.3528538 10.71 0.11
2458488.3532010 10.97 0.14
2458488.3533746 10.72 0.12
2458488.3537218 11.20 0.18
2458488.3540691 10.97 0.14
2458488.3542427 10.85 0.13
2458488.3545899 10.88 0.13
2458488.3547635 10.90 0.14
2458488.3549371 10.79 0.12
2458488.3551107 10.90 0.14
2458488.3552843 10.94 0.14
2458488.3554580 10.91 0.14
2458488.3566732 11.03 0.15
2458488.3570218 11.01 0.15
2458488.3573687 10.97 0.15
2458488.3582360 10.95 0.14
2458488.3584094 10.83 0.13
2458488.3594510 10.85 0.13
2458488.3596246 10.79 0.12
2458488.3597982 10.91 0.14
2458488.3608399 10.87 0.13
2458488.3610135 10.99 0.15
2458488.3613607 10.96 0.14
2458488.3617080 10.93 0.14
2458488.3618816 10.92 0.14
2458488.3629232 10.95 0.14
2458488.3644857 10.94 0.14
2458488.3667427 10.90 0.14
2458488.3676107 10.82 0.13
2458488.3677844 10.94 0.14
2458488.3679580 11.03 0.15
2458488.3686524 10.91 0.14
2458488.3696948 10.78 0.12
2458488.3698682 11.03 0.15
2458488.3700417 11.08 0.16
2458488.3705621 11.04 0.16
2458488.3712566 10.90 0.14
2458488.3714302 11.09 0.16
2458488.3716038 10.93 0.14
2458488.3719510 11.10 0.17
2458488.3721246 10.99 0.15
2458488.3724718 10.96 0.15
2458488.3726455 11.05 0.16
2458488.3736871 10.83 0.13
2458488.3740343 10.89 0.14
2458488.3742080 10.87 0.14
2458493.2521475 10.98 0.13
2458493.2523211 11.03 0.14
2458493.2526684 10.82 0.11
2458493.2528420 11.11 0.15
2458493.2530156 11.08 0.15
2458493.2535364 11.05 0.14
2458493.2537100 10.95 0.13
2458493.2542320 10.90 0.12
2458493.2545789 10.92 0.12
2458493.2547524 10.81 0.11
2458493.2550993 10.79 0.11
2458493.2552727 10.83 0.11
2458493.2554461 10.93 0.12
2458493.2556198 11.04 0.14
2458493.2557934 11.17 0.15
2458493.2559670 10.99 0.13
2458493.2561406 10.99 0.13
2458493.2563142 10.95 0.13
2458493.2564878 10.91 0.12
2458493.2566614 11.04 0.14
2458493.2568350 10.97 0.13
2458493.2570086 11.12 0.15
2458493.2571823 10.95 0.13
2458493.2573559 10.87 0.12
2458493.2575295 10.92 0.12
2458493.2577031 11.02 0.13
2458493.2578767 11.12 0.15
2458493.2580503 10.89 0.12
2458493.2583975 10.83 0.11
2458493.2590920 10.94 0.13
2458493.2592656 10.71 0.10
2458493.2594392 10.79 0.11
2458493.2596128 11.07 0.14
2458493.2599600 10.86 0.12
2458493.2603072 10.92 0.12
2458493.2604809 11.09 0.14
2458493.2608281 11.01 0.13
2458493.2610017 10.87 0.12
2458493.2611753 10.85 0.12
2458493.2613489 10.89 0.12
2458493.2615225 10.90 0.12
2458493.2618697 10.97 0.13
2458493.2622170 10.93 0.12
2458493.2627378 10.82 0.11
2458493.2629114 10.80 0.11
2458493.2630850 10.82 0.11
2458493.2632586 10.78 0.11
2458493.2636059 10.93 0.12
2458493.2643003 10.83 0.11
2458493.2644739 10.94 0.13
2458493.2648211 10.97 0.13
2458493.2649948 10.94 0.12
2458493.2651684 10.92 0.12
2458493.2653420 10.96 0.13
2458493.2655156 10.98 0.13
2458493.2656892 11.12 0.15
2458493.2658628 10.82 0.11
2458493.2660378 10.95 0.13
2458493.2662112 10.95 0.13
2458493.2663847 10.89 0.12
2458493.2667316 10.95 0.13
2458493.2670784 11.09 0.14
2458493.2684670 11.20 0.16
2458493.2689878 11.08 0.14
2458493.2691614 11.01 0.13
2458493.2693350 10.79 0.11
2458493.2696822 10.89 0.12
2458493.2700295 10.87 0.12
2458493.2705503 10.96 0.13
2458493.2707239 10.87 0.12
2458493.2708975 10.82 0.11
2458493.2714184 10.99 0.13
2458493.2719392 10.93 0.12
2458493.2721128 10.98 0.13
2458493.2722864 10.90 0.12
2458493.2724600 11.06 0.14
2458493.2726336 11.05 0.14
2458493.2728073 11.13 0.15
2458493.2729809 11.02 0.13
2458493.2731545 11.09 0.14
2458493.2733281 10.86 0.11
2458493.2735017 11.18 0.15
2458493.2736753 11.02 0.13
2458493.2738489 10.87 0.12
2458493.2740225 11.02 0.13
2458493.2741961 11.10 0.14
2458493.2745434 11.00 0.13
2458493.2747170 10.97 0.13
2458493.2750642 10.89 0.12
2458493.2752378 10.95 0.13
2458493.2757586 11.08 0.14
2458493.2762795 11.13 0.15
2458493.2764531 10.84 0.11
2458493.2769739 11.16 0.15
2458493.2771475 10.97 0.13
2458493.2773211 10.86 0.12
2458493.2774947 10.79 0.11
2458493.2776684 11.02 0.13
2458493.2780169 10.92 0.12
2458493.2790576 10.94 0.13
2458493.2797517 11.07 0.14
2458493.2802725 10.99 0.13
2458493.2804461 10.91 0.12
2458493.2806198 11.08 0.14
2458493.2809670 10.97 0.13
2458493.2811406 10.93 0.12
2458493.2816614 11.05 0.14
2458493.2818350 11.05 0.14
2458493.2821822 10.80 0.11
2458493.2823559 11.12 0.15
2458493.2832239 10.83 0.11
2458493.2833975 11.02 0.14
2458493.2837447 11.04 0.14
2458493.2839184 10.92 0.12
2458493.2844392 11.02 0.14
2458493.2846128 11.09 0.14
2458493.2847864 11.03 0.14
2458493.2849600 10.96 0.13
2458493.2851336 11.06 0.14
2458493.2853072 11.02 0.14
2458493.2854809 10.83 0.11
2458493.2856545 10.99 0.13
2458493.2858281 10.88 0.12
2458493.2860017 10.93 0.12
2458493.2861753 11.04 0.14
2458493.2865225 11.07 0.14
2458493.2868698 11.08 0.14
2458493.2870434 10.90 0.12
2458493.2872170 10.95 0.13
2458493.2873906 11.08 0.14
2458493.2879114 11.13 0.15
2458493.2880850 11.03 0.14
2458493.2882586 10.88 0.12
2458493.2884323 11.15 0.15
2458493.2887795 10.90 0.12
2458493.2889531 10.94 0.13
2458493.2893003 10.94 0.13
2458493.2894739 11.16 0.15
2458493.2896475 10.95 0.13
2458493.2898211 11.07 0.14
2458493.2899961 11.07 0.14
2458493.2901695 10.94 0.12
2458493.2903429 11.08 0.14
2458493.2905164 11.10 0.14
2458493.2906898 11.08 0.14
2458493.2908633 10.86 0.12
2458493.2910367 11.23 0.16
2458493.2912102 11.23 0.16
2458493.2913836 10.82 0.11
2458493.2917309 10.99 0.13
2458493.2919045 10.92 0.12
2458493.2920781 11.07 0.14
2458493.2922517 11.25 0.16
2458493.2924253 10.89 0.12
2458493.2931197 10.80 0.11
2458493.2936406 10.94 0.13
2458493.2938142 10.87 0.12
2458493.2939878 11.05 0.14
2458493.2941614 10.94 0.13
2458493.2945086 11.00 0.13
2458493.2946823 10.83 0.12
2458493.2948559 10.89 0.12
2458493.2952031 11.12 0.15
2458493.2955503 10.98 0.13
2458493.2957239 11.13 0.15
2458493.2958975 10.90 0.12
2458493.2965920 10.92 0.12
2458493.2969392 10.79 0.11
2458493.2971128 10.94 0.13
2458493.2974600 11.00 0.14
2458493.2976336 10.85 0.12
2458493.2978072 11.06 0.14
2458493.2979809 10.95 0.13
2458493.2981545 10.85 0.12
2458493.2985017 10.97 0.13
2458493.2986753 10.97 0.13
2458493.3000642 10.93 0.13
2458493.3002378 10.84 0.12
2458493.3004114 10.94 0.13
2458493.3021591 10.94 0.13
2458493.3025063 10.98 0.13
2458493.3026799 11.06 0.14
2458493.3028536 11.07 0.14
2458493.3032008 11.15 0.15
2458493.3035480 10.88 0.12
2458493.3042424 11.11 0.15
2458493.3047633 10.84 0.11
2458493.3049369 11.02 0.13
2458493.3051105 10.90 0.12
2458493.3063258 11.10 0.14
2458493.3064994 11.00 0.13
2458493.3066730 11.24 0.16
2458493.3068466 10.88 0.12
2458493.3075410 10.87 0.12
2458493.3082355 10.99 0.13
2458493.3084091 11.05 0.14
2458493.3096244 10.94 0.12
2458493.3117077 10.84 0.11
2458493.3118813 11.15 0.15
2458493.3120549 11.00 0.13
2458493.3122298 11.02 0.13
2458493.3124033 11.02 0.13
2458493.3125767 11.00 0.13
2458493.3132705 10.95 0.12
2458493.3136174 11.10 0.14
2458493.3137910 11.18 0.15
2458493.3139647 11.02 0.13
2458493.3141383 10.92 0.12
2458493.3146591 10.97 0.13
2458493.3151799 10.88 0.12
2458493.3153535 11.02 0.13
2458493.3163952 10.90 0.12
2458493.3170897 10.69 0.10
2458493.3179577 11.09 0.14
2458493.3181313 10.92 0.12
2458493.3189994 11.17 0.15
2458493.3193466 10.90 0.12
2458493.3195202 10.86 0.12
2458493.3196938 10.93 0.12
2458493.3202147 11.09 0.14
2458493.3203883 10.98 0.13
2458493.3205619 11.05 0.14
2458493.3207355 10.89 0.12
2458493.3209091 10.88 0.12
2458493.3210827 10.87 0.12
2458493.3219508 10.99 0.13
2458493.3222980 11.01 0.13
2458493.3233397 11.26 0.16
2458493.3236869 11.13 0.15
2458493.3242090 10.81 0.11
2458493.3245559 10.90 0.12
2458493.3249028 11.01 0.13
2458493.3250762 10.99 0.13
2458493.3252497 10.80 0.11
2458493.3254231 10.96 0.13
2458493.3257702 11.08 0.14
2458493.3262911 11.07 0.14
2458493.3264647 11.00 0.13
2458493.3266383 11.04 0.13
2458493.3268119 10.98 0.13
2458493.3269855 11.02 0.13
2458493.3271591 10.91 0.12
2458493.3273327 11.15 0.15
2458493.3275063 11.12 0.14
2458493.3276799 11.05 0.13
2458493.3278536 10.80 0.11
2458493.3280272 10.94 0.12
2458493.3282008 10.96 0.12
2458493.3285480 11.10 0.14
2458493.3287216 10.87 0.11
2458493.3288952 10.81 0.11
2458493.3290688 10.98 0.12
2458493.3292430 10.91 0.12
2458493.3294160 10.84 0.11
2458493.3295897 10.91 0.12
2458493.3297633 11.03 0.13
2458493.3299369 10.91 0.12
2458493.3301105 10.90 0.12
2458493.3302841 10.92 0.12
2458493.3304577 10.89 0.12
2458493.3306313 10.90 0.12
2458493.3308049 10.83 0.11
2458493.3309785 11.03 0.13
2458493.3311522 11.04 0.13
2458493.3316730 10.78 0.11
2458493.3318466 10.91 0.12
2458493.3323674 11.17 0.15
2458493.3325411 11.08 0.14
2458493.3327147 11.02 0.13
2458493.3328883 10.99 0.13
2458493.3330619 10.87 0.11
2458493.3332355 10.93 0.12
2458493.3334091 10.79 0.11
2458493.3337563 10.95 0.12
2458493.3344508 11.05 0.13
2458493.3346244 10.99 0.13
2458493.3349716 10.97 0.12
2458493.3351452 10.78 0.11
2458493.3353188 10.93 0.12
2458493.3354924 10.84 0.11
2458493.3360133 10.84 0.11
2458493.3361882 10.81 0.11
2458493.3363616 10.93 0.12
2458493.3365351 10.94 0.12
2458493.3368820 10.84 0.11
2458493.3370554 10.95 0.13
2458493.3372288 11.07 0.14
2458493.3374023 11.01 0.13
2458493.3375758 10.96 0.13
2458493.3379230 10.84 0.11
2458493.3380966 11.03 0.14
2458493.3387910 10.99 0.13
2458493.3389647 10.87 0.12
2458493.3393119 10.90 0.12
2458493.3394855 10.97 0.13
2458493.3396591 10.88 0.12
2458493.3398327 11.01 0.13
2458493.3400063 10.91 0.12
2458493.3401799 10.89 0.12
2458493.3403536 10.86 0.12
2458493.3407008 10.94 0.12
2458493.3408744 10.92 0.12
2458493.3410480 11.06 0.14
2458493.3412216 10.83 0.11
2458493.3413952 10.82 0.11
2458493.3417424 10.96 0.13
2458493.3420897 11.08 0.14
2458493.3422633 10.90 0.12
2458493.3424369 10.77 0.11
2458493.3426105 10.95 0.13
2458493.3427841 11.00 0.13
2458493.3429577 10.95 0.13
2458493.3431313 10.89 0.12
2458493.3433049 10.96 0.13
2458493.3434786 11.00 0.13
2458493.3436522 10.86 0.12
2458493.3438258 10.82 0.11
2458493.3439994 10.91 0.12
2458493.3441730 10.89 0.12
2458493.3443466 10.81 0.11
2458493.3445202 10.87 0.12
2458493.3446938 10.89 0.12
2458493.3448674 10.78 0.11
2458493.3462563 10.88 0.12
2458493.3467772 10.88 0.12
2458493.3469508 11.02 0.13
2458493.3472980 10.76 0.11
2458493.3474716 10.89 0.12
2458493.3476452 10.88 0.12
2458493.3478188 11.01 0.13
2458493.3481673 10.88 0.12
2458493.3485142 10.88 0.12
2458493.3488611 10.86 0.12
2458493.3490345 10.93 0.13
2458493.3493814 10.81 0.11
2458493.3497286 11.02 0.13
2458493.3499022 10.83 0.11
2458493.3500758 10.95 0.13
2458493.3502494 10.81 0.11
2458493.3504230 10.78 0.11
2458493.3505966 10.96 0.13
2458493.3511174 11.03 0.14
2458493.3512911 10.73 0.10
2458493.3514647 10.85 0.11
2458493.3516383 10.87 0.12
2458493.3519855 10.81 0.11
2458493.3521591 10.85 0.11
2458493.3523327 10.98 0.13
2458493.3525063 10.94 0.12
2458493.3526799 10.76 0.10
2458493.3528535 10.83 0.11
2458493.3530272 11.14 0.15
2458493.3532008 10.96 0.12
2458493.3533744 10.94 0.12
2458493.3535480 10.89 0.12
2458493.3537216 10.92 0.12
2458493.3538952 10.86 0.11
2458493.3540688 10.94 0.12
2458493.3542424 10.92 0.12
2458493.3544160 11.09 0.14
2458493.3545897 10.98 0.13
2458493.3547633 10.79 0.11
2458493.3552841 10.81 0.11
2458493.3554577 10.84 0.11
2458493.3558049 10.94 0.12
2458493.3559786 10.99 0.13
2458493.3561522 11.08 0.14
2458493.3563258 10.78 0.11
2458493.3568466 10.77 0.11
2458493.3570202 11.03 0.13
2458493.3573674 10.83 0.11
2458493.3575411 10.91 0.12
2458493.3577147 10.86 0.12
2458493.3580619 10.93 0.12
2458493.3584091 10.94 0.12
2458493.3585827 10.95 0.13
2458493.3589299 11.10 0.14
2458493.3591036 11.07 0.14
2458493.3592772 10.93 0.12
2458493.3596244 11.05 0.14
2458493.3601465 10.76 0.11
2458493.3603199 11.06 0.14
2458493.3604934 11.03 0.13
2458493.3606668 10.94 0.12
2458493.3608403 11.15 0.15
2458493.3610137 10.93 0.12
2458493.3611871 10.97 0.13
2458493.3613606 11.03 0.14
2458493.3615341 10.93 0.12
2458493.3618813 11.02 0.13
2458493.3620549 10.71 0.10
2458493.3622285 10.90 0.12
2458493.3624022 10.96 0.13
2458493.3625758 11.03 0.14
2458493.3627494 11.03 0.13
2458493.3629230 10.83 0.11
2458493.3630966 10.68 0.10
2458493.3632702 10.96 0.13
2458493.3639647 10.87 0.12
2458493.3641383 10.84 0.11
2458493.3643119 10.89 0.12
2458493.3644855 10.97 0.13
2458493.3646591 10.97 0.13
2458493.3651799 10.96 0.13
2458493.3653536 11.11 0.14
2458493.3655272 11.05 0.14
2458493.3657008 11.03 0.13
2458493.3658744 10.79 0.11
2458493.3660480 11.11 0.14
2458493.3662216 10.85 0.11
2458493.3663952 10.99 0.13
2458493.3665688 10.83 0.11
2458493.3667424 11.11 0.14
2458493.3669161 10.99 0.13
2458493.3672633 11.01 0.13
2458493.3676105 10.88 0.12
2458493.3677841 10.97 0.13
2458493.3679577 10.90 0.12
2458493.3681313 10.78 0.11
2458493.3684785 10.99 0.13
2458493.3689994 11.08 0.14
2458493.3693466 10.96 0.13
2458493.3695202 11.13 0.15
2458493.3696938 10.86 0.12
2458493.3700410 10.91 0.12
2458493.3702147 10.79 0.11
2458493.3703883 10.91 0.12
2458493.3705619 10.94 0.13
2458493.3707355 11.06 0.14
2458493.3709091 10.97 0.13
2458493.3710827 11.08 0.14
2458493.3712563 11.29 0.17
2458493.3716036 11.12 0.15
2458493.3717772 10.98 0.13
2458493.3721257 11.10 0.14
2458493.3729928 11.22 0.16
2458493.3731663 11.02 0.13
2458493.3733397 10.91 0.12
2458493.3735133 10.98 0.13
2458493.3736869 10.96 0.13
2458493.3742077 10.91 0.12
2458493.3743813 11.06 0.14
2458493.3745549 10.90 0.12
2458493.3747286 11.12 0.15
2458493.3749022 10.74 0.10
2458493.3750758 10.86 0.12
2458493.3752494 10.84 0.11
2458493.3754230 11.10 0.14
2458493.3755966 11.06 0.14
2458493.3757702 10.90 0.12
2458493.3761174 10.95 0.13
2458493.3764647 10.97 0.13
2458493.3766383 11.05 0.14
2458493.3768119 11.08 0.14
2458493.3769855 11.07 0.14
2458493.3771591 11.02 0.14
2458493.3773327 10.86 0.12
2458493.3776799 10.90 0.12
2458493.3778535 11.02 0.14
2458493.3783744 11.02 0.14
2458493.3792424 10.88 0.12
2458493.3794161 10.95 0.13
2458493.3804577 10.98 0.13
2458493.3814994 10.97 0.13
2458493.3818466 10.93 0.13
2458493.3820202 10.79 0.11
2458493.3821938 10.99 0.13
2458493.3823674 11.00 0.14
2458493.3832355 10.98 0.13
2458493.3834091 10.98 0.13
2458493.3841048 10.89 0.12
2458493.3847985 10.87 0.12
2458493.3853189 11.00 0.14
2458493.3858397 10.87 0.12
2458493.3863605 10.87 0.12
2458493.3865341 10.88 0.12
2458493.3868813 10.96 0.13
2458493.3870549 10.88 0.12
2458493.3880966 10.98 0.13
2458493.3887911 10.97 0.13
2458493.3891383 10.83 0.12
2458493.3893119 11.02 0.14
2458493.3894855 10.91 0.13
2458493.3900063 10.88 0.12
2458493.3903536 10.97 0.13
2458493.3908744 11.02 0.14
2458493.3917424 10.96 0.13
2458493.3926105 10.97 0.13
2458493.3929577 10.81 0.11
2458493.3933049 10.89 0.12
2458493.3943466 10.97 0.13
2458493.3948674 10.77 0.11
2458493.3950411 10.96 0.13
2458493.3955619 10.88 0.12
2458493.3960839 10.99 0.14
2458493.3962574 10.98 0.13
2458493.3966043 11.00 0.14
2458493.3969511 10.93 0.13
2458493.3971246 10.94 0.13
2458493.3972980 11.06 0.14
2458493.3983397 11.02 0.14
2458493.3985133 10.83 0.12
2458493.3992077 10.87 0.12
2458493.3993813 11.02 0.14
2458493.4014647 10.95 0.13
2458493.4016383 10.96 0.13
2458493.4021591 10.93 0.13
2458493.4023327 10.98 0.14
2458493.4030272 10.77 0.11
2458493.4032008 11.10 0.15
2458493.4033744 10.98 0.14
2458493.4035480 10.81 0.12
2458493.4037216 10.89 0.13
2458493.4038952 11.11 0.15
2458493.4040688 11.01 0.14
2458493.4042424 11.07 0.15
2458493.4045897 11.09 0.15
2458493.4047633 10.98 0.14
2458493.4049369 10.89 0.13
2458493.4052841 10.89 0.13
2458493.4063258 10.91 0.13
2458493.4064994 10.91 0.13
2458493.4075410 10.91 0.13
2458493.4078896 10.84 0.12
2458493.4082365 10.84 0.12
2458493.4084099 10.98 0.14
2458493.4085833 10.97 0.14
2458493.4087568 11.01 0.14
2458493.4091037 10.95 0.14
2458493.4092772 10.71 0.11
2458493.4099716 11.09 0.15
2458493.4103188 10.90 0.13
2458493.4110133 10.92 0.13
2458493.4111869 10.80 0.12
2458493.4117077 10.80 0.12
2458493.4130966 10.89 0.13
2458493.4134438 10.99 0.14
2458493.4137911 10.85 0.13
2458493.4143119 10.76 0.12
2458493.4151799 10.80 0.12
2458493.4158744 11.02 0.15
2458495.1545549 10.78 0.17
2458495.1578536 10.74 0.17
2458495.1616730 10.70 0.16
2458495.1660133 10.72 0.16
2458495.1739994 10.77 0.16
2458495.1904924 10.65 0.14
2458495.1911869 10.80 0.16
2458495.1974369 10.77 0.15
2458495.1993466 10.80 0.16
2458495.2012563 10.80 0.16
2458495.2113258 10.70 0.14
2458495.2127147 10.70 0.14
2458495.2134091 10.86 0.16
2458495.2149716 10.93 0.17
2458495.2271244 10.68 0.14
2458495.2305966 10.80 0.15
2458495.2328535 10.86 0.16
2458495.2349369 10.86 0.16
2458495.2389299 10.81 0.15
2458495.2394508 10.85 0.15
2458495.2396244 10.64 0.13
2458495.2401452 10.85 0.15
2458495.2403188 10.84 0.15
2458495.2410133 10.66 0.13
2458495.2411869 10.86 0.16
2458495.2415341 10.73 0.14
2458495.2427508 10.91 0.16
2458495.2436180 10.90 0.16
2458495.2458744 10.87 0.16
2458495.2460480 10.76 0.14
2458495.2467424 10.66 0.13
2458495.2531661 10.99 0.17
2458495.2536869 10.62 0.12
2458495.2545549 10.92 0.16
2458495.2562910 10.78 0.14
2458495.2564647 10.94 0.16
2458495.2566383 10.84 0.15
2458495.2571591 10.93 0.16
2458495.2573327 10.91 0.16
2458495.2588952 10.87 0.15
2458495.2590688 10.80 0.14
2458495.2595897 10.90 0.15
2458495.2599369 10.87 0.15
2458495.2602841 10.79 0.14
2458495.2604577 10.84 0.15
2458495.2613258 10.75 0.14
2458495.2616730 10.89 0.15
2458495.2628883 10.88 0.15
2458495.2630619 10.86 0.15
2458495.2632355 10.94 0.16
2458495.2649716 10.76 0.14
2458495.2656661 10.87 0.15
2458495.2665341 10.75 0.14
2458495.2668826 10.86 0.15
2458495.2679233 10.64 0.12
2458495.2696591 10.84 0.15
2458495.2698327 10.89 0.16
2458495.2717424 10.78 0.14
2458495.2719160 10.78 0.14
2458495.2746938 10.71 0.13
2458495.2760827 10.91 0.16
2458495.2778188 10.98 0.17
2458495.2788618 10.93 0.16
2458495.2823327 10.84 0.15
2458495.2832008 10.75 0.13
2458495.2854577 10.93 0.16
2458495.2858049 10.91 0.15
2458495.2859785 10.98 0.16
2458495.2861522 10.98 0.16
2458495.2880619 10.79 0.14
2458495.2885827 10.79 0.14
2458495.2892772 10.72 0.13
2458495.2904924 10.76 0.14
2458495.2906661 10.87 0.15
2458495.2908410 10.99 0.17
2458495.2922286 10.77 0.14
2458495.2943119 10.79 0.14
2458495.2944855 10.93 0.16
2458495.2953535 10.81 0.14
2458495.2962216 11.02 0.17
2458495.2965688 10.99 0.16
2458495.2972633 10.89 0.15
2458495.2979577 10.91 0.15
2458495.2996938 10.89 0.15
2458495.3007355 10.84 0.14
2458495.3014299 10.91 0.15
2458495.3016035 10.88 0.15
2458495.3026452 10.83 0.14
2458495.3033406 10.86 0.15
2458495.3035140 10.90 0.15
2458495.3049022 10.87 0.15
2458495.3055966 10.91 0.15
2458495.3061174 10.83 0.14
2458495.3069855 10.90 0.15
2458495.3075063 10.76 0.13
2458495.3082008 10.97 0.16
2458495.3088952 10.77 0.14
2458495.3099369 10.74 0.13
2458495.3108049 10.90 0.15
2458495.3118466 10.78 0.14
2458495.3123674 10.90 0.15
2458495.3130619 10.81 0.14
2458495.3134091 10.81 0.14
2458495.3141036 11.01 0.17
2458495.3153198 10.77 0.14
2458498.1668707 10.87 0.15
2458498.1722517 10.87 0.14
2458498.1753767 10.78 0.13
2458498.1764184 10.92 0.14
2458498.1765920 10.91 0.14
2458498.1767656 10.98 0.15
2458498.1771128 10.85 0.13
2458498.1778072 10.94 0.15
2458498.1786763 10.81 0.13
2458498.1795436 10.97 0.15
2458498.1812795 10.93 0.14
2458498.1818003 10.84 0.13
2458498.1828420 10.80 0.13
2458498.1830156 10.80 0.13
2458498.1840572 10.91 0.14
2458498.1849253 11.01 0.16
2458498.1850989 10.97 0.15
2458498.1859670 10.88 0.14
2458498.1863142 10.69 0.12
2458498.1864878 10.70 0.12
2458498.1868350 10.96 0.15
2458498.1870086 10.89 0.14
2458498.1885711 10.86 0.13
2458498.1889184 10.79 0.12
2458498.1890920 11.02 0.15
2458498.1894392 10.99 0.15
2458498.1910017 10.78 0.12
2458498.1911753 10.99 0.15
2458498.1913489 10.78 0.12
2458498.1916961 11.01 0.15
2458498.1922170 11.04 0.15
2458498.1925642 10.88 0.13
2458498.1934322 10.95 0.14
2458498.1936059 10.91 0.14
2458498.1937795 10.94 0.14
2458498.1939531 10.85 0.13
2458498.1941267 10.92 0.14
2458498.1946475 10.96 0.14
2458498.1948211 10.83 0.13
2458498.1953420 10.91 0.14
2458498.1955156 10.85 0.13
2458498.1962112 10.83 0.12
2458498.1963846 11.00 0.14
2458498.1967315 10.76 0.12
2458498.1969050 10.81 0.12
2458498.1972519 10.86 0.13
2458498.1974253 10.87 0.13
2458498.1977725 10.76 0.12
2458498.1984670 10.91 0.13
2458498.1986406 11.00 0.14
2458498.1989878 10.79 0.12
2458498.1991614 11.04 0.15
2458498.1995086 11.06 0.15
2458498.1996822 11.06 0.15
2458498.1998559 10.88 0.13
2458498.2002031 10.96 0.14
2458498.2003767 10.91 0.13
2458498.2005503 10.93 0.13
2458498.2007239 10.77 0.12
2458498.2008975 10.87 0.13
2458498.2014184 11.06 0.15
2458498.2019392 10.84 0.12
2458498.2024600 10.91 0.13
2458498.2029809 11.03 0.14
2458498.2033281 11.06 0.15
2458498.2035017 10.91 0.13
2458498.2036753 11.01 0.14
2458498.2041961 11.06 0.15
2458498.2043698 11.01 0.14
2458498.2047170 11.13 0.16
2458498.2050642 10.88 0.12
2458498.2052378 10.93 0.13
2458498.2054114 10.93 0.13
2458498.2055850 10.97 0.14
2458498.2057586 10.92 0.13
2458498.2059323 10.95 0.13
2458498.2061059 11.09 0.15
2458498.2062795 10.96 0.14
2458498.2064531 10.97 0.14
2458498.2066267 10.95 0.13
2458498.2068003 11.03 0.14
2458498.2069739 10.72 0.11
2458498.2071475 10.95 0.13
2458498.2073211 10.91 0.13
2458498.2074947 10.88 0.12
2458498.2076684 11.08 0.15
2458498.2080169 10.97 0.14
2458498.2083638 10.94 0.13
2458498.2085373 10.82 0.12
2458498.2087107 10.90 0.13
2458498.2094045 10.84 0.12
2458498.2099253 11.03 0.14
2458498.2100989 10.93 0.13
2458498.2102725 10.86 0.12
2458498.2111406 10.85 0.12
2458498.2114878 10.97 0.14
2458498.2116614 10.78 0.11
2458498.2125295 10.79 0.11
2458498.2127031 10.84 0.12
2458498.2130503 10.78 0.11
2458498.2132239 10.77 0.11
2458498.2142656 10.98 0.14
2458498.2146128 10.99 0.14
2458498.2156545 10.91 0.13
2458498.2158281 10.79 0.11
2458498.2161753 10.93 0.13
2458498.2163489 10.80 0.11
2458498.2168697 10.78 0.12
2458498.2172170 10.79 0.11
2458498.2175642 10.85 0.12
2458498.2179114 10.75 0.11
2458498.2180850 11.04 0.14
2458498.2193003 11.07 0.15
2458498.2196475 10.84 0.12
2458498.2201694 11.01 0.14
2458498.2215573 10.90 0.13
2458498.2227725 10.95 0.13
2458498.2231197 10.88 0.12
2458498.2239878 10.74 0.10
2458498.2245086 10.95 0.13
2458498.2248559 10.75 0.11
2458498.2252031 10.89 0.12
2458498.2255503 10.89 0.12
2458498.2257239 10.77 0.11
2458498.2264184 10.93 0.12
2458498.2269392 10.84 0.12
2458498.2271128 10.82 0.12
2458498.2272864 10.93 0.13
2458498.2281545 10.88 0.12
2458498.2285017 10.84 0.12
2458498.2286753 10.81 0.12
2458498.2290225 10.83 0.12
2458498.2298906 10.99 0.13
2458498.2300642 11.03 0.14
2458498.2305850 10.80 0.12
2458498.2307586 10.90 0.13
2458498.2309322 10.83 0.12
2458498.2316267 10.73 0.11
2458498.2335364 11.13 0.16
2458498.2345781 10.64 0.10
2458498.2349253 10.79 0.11
2458498.2352725 11.14 0.16
2458498.2361406 10.65 0.10
2458498.2364878 10.89 0.13
2458498.2366614 11.07 0.15
2458498.2375295 10.77 0.12
2458498.2378767 10.80 0.12
2458498.2383975 10.85 0.12
2458498.2385711 10.93 0.13
2458498.2387447 10.88 0.13
2458498.2389184 11.02 0.15
2458498.2390920 10.85 0.12
2458498.2392656 10.84 0.12
2458498.2394392 10.68 0.11
2458498.2396128 10.90 0.13
2458498.2397864 10.91 0.13
2458498.2399600 10.97 0.14
2458498.2401336 10.94 0.13
2458498.2403072 11.01 0.14
2458498.2404809 10.95 0.14
2458498.2406545 10.96 0.14
2458498.2410017 10.98 0.14
2458498.2411753 10.86 0.13
2458498.2413489 10.99 0.14
2458498.2415225 10.89 0.13
2458498.2416961 10.77 0.11
2458498.2422170 11.00 0.14
2458498.2437807 10.93 0.13
2458498.2439541 10.69 0.11
2458498.2441276 10.70 0.11
2458498.2443010 10.84 0.12
2458498.2449948 10.73 0.11
2458498.2458628 11.06 0.15
2458498.2462100 10.82 0.12
2458498.2465572 11.13 0.16
2458498.2467309 10.84 0.13
2458498.2469045 10.94 0.14
2458498.2477725 10.90 0.13
2458498.2479461 10.86 0.13
2458498.2481197 10.76 0.11
2458498.2482934 10.91 0.13
2458498.2489878 10.85 0.12
2458498.2493350 10.94 0.13
2458498.2495086 10.86 0.12
2458498.2498559 10.92 0.13
2458498.2505503 10.95 0.14
2458498.2508975 10.75 0.11
2458498.2519392 10.87 0.13
2458498.2521128 11.10 0.16
2458498.2522864 10.91 0.13
2458498.2526336 10.81 0.12
2458498.2529809 10.97 0.14
2458498.2531545 10.96 0.14
2458498.2533281 11.02 0.15
2458498.2535017 10.93 0.13
2458498.2538489 10.93 0.14
2458498.2540225 10.88 0.13
2458498.2543697 10.74 0.12
2458498.2547170 10.93 0.14
2458498.2548906 10.92 0.14
2458498.2554114 10.81 0.13
2458498.2557598 10.83 0.13
2458498.2559332 10.79 0.12
2458498.2561066 10.86 0.13
2458498.2564535 11.01 0.15
2458498.2568004 10.91 0.13
2458498.2571475 10.80 0.12
2458498.2573211 10.95 0.14
2458498.2574947 10.73 0.12
2458498.2583628 10.98 0.14
2458498.2585364 10.87 0.13
2458498.2590573 10.90 0.13
2458498.2594045 10.99 0.15
2458498.2600989 10.92 0.14
2458498.2606198 11.02 0.15
2458498.2609670 10.98 0.14
2458498.2613142 10.82 0.12
2458498.2620086 10.87 0.13
2458498.2623559 10.92 0.14
2458498.2625295 10.88 0.13
2458498.2628767 11.05 0.13
2458498.2630503 11.06 0.13
2458498.2632239 10.92 0.11
2458498.2633975 10.94 0.11
2458498.2639184 10.85 0.11
2458498.2640920 11.05 0.13
2458498.2642656 10.87 0.11
2458498.2644392 11.08 0.13
2458498.2646128 10.96 0.12
2458498.2647864 11.15 0.14
2458498.2649600 10.95 0.13
2458498.2651336 10.94 0.12
2458498.2653072 11.06 0.13
2458498.2656545 10.95 0.12
2458498.2658281 10.89 0.11
2458498.2663489 10.85 0.11
2458498.2665225 10.96 0.12
2458498.2666961 11.02 0.12
2458498.2668698 10.94 0.12
2458498.2670434 10.87 0.11
2458498.2672170 10.99 0.13
2458498.2675655 10.89 0.11
2458498.2679124 10.88 0.11
2458498.2680858 11.00 0.13
2458498.2684327 10.98 0.12
2458498.2686062 11.00 0.13
2458498.2687796 11.08 0.13
2458498.2689531 10.99 0.12
2458498.2691267 11.07 0.13
2458498.2693003 11.00 0.12
2458498.2694739 10.95 0.12
2458498.2698211 10.99 0.12
2458498.2699947 10.82 0.10
2458498.2701684 10.88 0.11
2458498.2703420 10.96 0.12
2458498.2706892 10.95 0.12
2458498.2708628 10.87 0.11
2458498.2717309 10.99 0.12
2458498.2719045 11.16 0.14
2458498.2720781 11.01 0.12
2458498.2722517 11.13 0.14
2458498.2724253 10.93 0.11
2458498.2725989 11.02 0.12
2458498.2727725 11.15 0.14
2458498.2729461 11.08 0.13
2458498.2732934 10.94 0.11
2458498.2734670 11.11 0.13
2458498.2736406 10.98 0.12
2458498.2738142 10.91 0.11
2458498.2739878 10.85 0.10
2458498.2741614 10.91 0.11
2458498.2743350 11.11 0.13
2458498.2745086 11.06 0.13
2458498.2746823 10.86 0.10
2458498.2748559 10.95 0.11
2458498.2750295 10.90 0.11
2458498.2752031 11.09 0.13
2458498.2757239 11.12 0.13
2458498.2758975 10.94 0.11
2458498.2760711 10.82 0.10
2458498.2762448 10.95 0.11
2458498.2764184 10.96 0.12
2458498.2765920 10.98 0.12
2458498.2767656 11.06 0.13
2458498.2769392 11.11 0.13
2458498.2771128 10.98 0.12
2458498.2772864 10.92 0.11
2458498.2774600 11.02 0.12
2458498.2776336 10.97 0.12
2458498.2778072 10.91 0.11
2458498.2779809 10.98 0.12
2458498.2781545 10.81 0.10
2458498.2783281 10.93 0.11
2458498.2785017 11.14 0.14
2458498.2788489 11.11 0.13
2458498.2790225 11.02 0.12
2458498.2791961 11.02 0.12
2458498.2793697 11.17 0.14
2458498.2795448 11.11 0.13
2458498.2797182 10.89 0.11
2458498.2800651 10.99 0.12
2458498.2802385 11.06 0.13
2458498.2804120 11.00 0.12
2458498.2805854 10.82 0.11
2458498.2807589 11.01 0.13
2458498.2809323 11.07 0.13
2458498.2811059 11.00 0.12
2458498.2814531 11.00 0.12
2458498.2821475 10.91 0.11
2458498.2823211 10.93 0.11
2458498.2826684 10.97 0.12
2458498.2828420 10.83 0.11
2458498.2830156 10.98 0.12
2458498.2831892 11.12 0.13
2458498.2835364 11.00 0.12
2458498.2837100 11.02 0.12
2458498.2840573 11.10 0.13
2458498.2844045 10.98 0.12
2458498.2845781 10.91 0.11
2458498.2847517 10.88 0.11
2458498.2849253 10.97 0.12
2458498.2850989 10.99 0.12
2458498.2852725 11.02 0.13
2458498.2854461 10.90 0.11
2458498.2856197 10.89 0.11
2458498.2861406 10.92 0.11
2458498.2866614 11.10 0.13
2458498.2868350 11.09 0.13
2458498.2870086 11.19 0.15
2458498.2871822 10.99 0.12
2458498.2873559 10.91 0.12
2458498.2877031 10.99 0.12
2458498.2878767 10.98 0.12
2458498.2880503 10.82 0.11
2458498.2882239 10.96 0.12
2458498.2883975 10.94 0.12
2458498.2887447 10.87 0.11
2458498.2889184 11.10 0.14
2458498.2890920 11.07 0.13
2458498.2892656 11.05 0.13
2458498.2894392 11.17 0.14
2458498.2897864 10.94 0.12
2458498.2899600 11.03 0.13
2458498.2901336 10.88 0.11
2458498.2903073 10.98 0.12
2458498.2904809 10.95 0.12
2458498.2911753 11.10 0.13
2458498.2913489 10.98 0.12
2458498.2916974 10.79 0.10
2458498.2920443 10.84 0.11
2458498.2923912 10.99 0.13
2458498.2929115 11.11 0.14
2458498.2934322 10.91 0.12
2458498.2936059 10.97 0.12
2458498.2937795 10.89 0.11
2458498.2943003 10.93 0.12
2458498.2948211 10.85 0.12
2458498.2949947 10.87 0.11
2458498.2951684 11.23 0.15
2458498.2956892 11.02 0.13
2458498.2958628 10.95 0.12
2458498.2960364 11.06 0.13
2458498.2962100 11.15 0.14
2458498.2963836 10.91 0.12
2458498.2965572 11.02 0.13
2458498.2967309 10.75 0.10
2458498.2969045 10.80 0.10
2458498.2970781 10.90 0.11
2458498.2972517 11.07 0.13
2458498.2975989 10.87 0.11
2458498.2979461 11.19 0.15
2458498.2986406 11.08 0.13
2458498.2989878 10.98 0.12
2458498.2995086 10.85 0.11
2458498.2998559 10.98 0.12
2458498.3003767 11.04 0.13
2458498.3014184 10.82 0.11
2458498.3015920 10.77 0.10
2458498.3017656 10.80 0.10
2458498.3031545 11.07 0.13
2458498.3047172 10.83 0.11
2458498.3048907 10.92 0.12
2458498.3052378 10.97 0.12
2458498.3054114 10.94 0.12
2458498.3057586 11.13 0.14
2458498.3059323 10.99 0.12
2458498.3061059 11.26 0.16
2458498.3062795 11.08 0.13
2458498.3066267 10.86 0.11
2458498.3068003 11.12 0.14
2458498.3071475 11.18 0.15
2458498.3073211 10.95 0.12
2458498.3076684 10.82 0.11
2458498.3080156 10.76 0.10
2458498.3085364 10.96 0.12
2458498.3092309 10.92 0.12
2458498.3095781 10.87 0.11
2458498.3097517 11.09 0.14
2458498.3099253 10.97 0.12
2458498.3100989 10.95 0.12
2458498.3104461 10.91 0.12
2458498.3107934 10.99 0.13
2458498.3109670 11.00 0.13
2458498.3111406 11.01 0.13
2458498.3113142 10.94 0.12
2458498.3114878 10.96 0.12
2458498.3118350 11.07 0.13
2458498.3120086 10.87 0.11
2458498.3127031 10.84 0.11
2458498.3128767 10.98 0.13
2458498.3130503 11.17 0.15
2458498.3132239 10.83 0.11
2458498.3142656 11.03 0.13
2458498.3146128 10.92 0.12
2458498.3147864 10.95 0.12
2458498.3158292 11.19 0.15
2458498.3160027 11.13 0.14
2458498.3161761 11.01 0.13
2458498.3163496 11.09 0.14
2458498.3166965 11.04 0.14
2458498.3172170 10.92 0.12
2458498.3175642 11.06 0.13
2458498.3179114 11.00 0.13
2458498.3180850 10.91 0.12
2458500.2354230 10.99 0.17
2458500.2355966 10.81 0.14
2458500.2368119 10.97 0.17
2458500.2395897 10.91 0.16
2458500.2423674 10.72 0.13
2458500.2435827 10.87 0.14
2458500.2442772 11.05 0.17
2458500.2447989 10.89 0.15
2458500.2460133 10.86 0.14
2458500.2472286 10.97 0.15
2458500.2480966 11.08 0.17
2458500.2482702 10.95 0.15
2458500.2484438 11.03 0.16
2458500.2487910 10.99 0.16
2458500.2505272 10.95 0.15
2458500.2507008 10.99 0.16
2458500.2526105 10.97 0.15
2458500.2527841 10.79 0.13
2458500.2529577 10.94 0.15
2458500.2578188 10.83 0.14
2458500.2583397 10.87 0.14
2458500.2619855 10.92 0.14
2458500.2626799 10.90 0.14
2458500.2628535 11.05 0.16
2458500.2637216 10.98 0.15
2458500.2638952 10.90 0.14
2458500.2654577 10.86 0.13
2458500.2663258 10.78 0.12
2458500.2687573 11.06 0.16
2458500.2694511 10.96 0.14
2458500.2699716 11.07 0.16
2458500.2706661 10.75 0.12
2458500.2725758 10.93 0.14
2458500.2762216 10.96 0.14
2458500.2805631 11.12 0.16
2458500.2807365 11.05 0.15
2458500.2819508 10.94 0.14
2458500.2826452 10.82 0.12
2458500.2849022 10.87 0.13
2458500.2855966 10.93 0.14
2458500.2861174 10.85 0.13
2458500.2862911 11.09 0.16
2458500.2864647 10.87 0.13
2458500.2885480 10.86 0.13
2458500.2895897 10.87 0.13
2458500.2902841 10.79 0.12
2458500.2906313 10.93 0.14
2458500.2909785 10.86 0.13
2458500.2911522 10.92 0.13
2458500.2921938 10.99 0.14
2458500.2923688 11.21 0.17
2458500.2927157 10.93 0.13
2458500.2930626 11.02 0.14
2458500.2934095 11.02 0.14