2458467.3670250 11.04 0.15
2458467.3675459 10.94 0.14
2458467.3677195 11.01 0.14
2458467.3689347 11.00 0.15
2458467.3698028 10.98 0.14
2458467.3699764 10.93 0.14
2458467.3701500 10.97 0.14
2458467.3706709 10.90 0.13
2458467.3708445 10.76 0.12
2458467.3711917 11.00 0.15
2458467.3713653 10.94 0.14
2458467.3717125 10.95 0.14
2458467.3718861 10.95 0.14
2458467.3720598 10.94 0.14
2458467.3722334 10.96 0.14
2458467.3729278 10.82 0.13
2458467.3731014 10.91 0.14
2458467.3739695 10.95 0.14
2458467.3744903 10.97 0.14
2458467.3746639 10.98 0.14
2458467.3758801 10.87 0.13
2458467.3760536 11.02 0.15
2458467.3762270 11.03 0.15
2458467.3765739 11.03 0.15
2458467.3767473 11.07 0.16
2458467.3774417 10.90 0.13
2458467.3776153 11.05 0.15
2458467.3777889 11.01 0.15
2458467.3779625 10.96 0.14
2458467.3783097 10.74 0.12
2458467.3786570 10.94 0.14
2458467.3788306 11.05 0.16
2458467.3798723 11.05 0.15
2458467.3802195 11.03 0.15
2458467.3807403 10.78 0.12
2458467.3814348 10.94 0.14
2458467.3823028 10.96 0.14
2458467.3828236 10.98 0.14
2458467.3836917 10.87 0.13
2458467.3838653 11.01 0.15
2458467.3840389 11.07 0.16
2458467.3842125 10.88 0.13
2458467.3843861 11.04 0.16
2458467.3845597 11.12 0.17
2458467.3850806 10.98 0.15
2458467.3852542 10.98 0.15
2458467.3854278 10.95 0.14
2458467.3857750 10.98 0.15
2458467.3869903 11.00 0.15
2458467.3873389 11.00 0.15
2458467.3882061 11.00 0.15
2458467.3887264 10.83 0.13
2458467.3889000 11.03 0.15
2458467.3895945 11.00 0.15
2458467.3908098 11.09 0.16
2458467.3913306 10.87 0.13
2458467.3915042 10.93 0.14
2458467.3920250 10.96 0.14
2458467.3925459 11.01 0.15
2458467.3927195 10.79 0.12
2458467.3932403 10.84 0.13
2458467.3934139 10.86 0.13
2458467.3946292 11.01 0.15
2458467.3975806 11.04 0.16
2458467.3977542 11.13 0.17
2458467.3979278 10.88 0.13
2458467.3984486 10.85 0.13
2458467.3986223 11.09 0.16
2458467.3987959 10.87 0.13
2458467.3994914 10.95 0.14
2458467.4000118 10.93 0.14
2458467.4003586 11.06 0.16
2458467.4007056 11.14 0.17
2458467.4012264 11.04 0.16
2458467.4014000 11.03 0.16
2458467.4020945 10.92 0.14
2458467.4022681 10.97 0.15
2458467.4027889 10.95 0.14
2458467.4041778 10.89 0.14
2458467.4043514 10.99 0.15
2458467.4045250 10.97 0.15
2458467.4046986 11.06 0.16
2458467.4048723 11.13 0.17
2458467.4050459 11.05 0.16
2458467.4057403 11.11 0.17
2458467.4060875 11.02 0.15
2458467.4064348 11.12 0.17
2458467.4066084 10.94 0.14
2458467.4071292 10.98 0.15
2458467.4073028 10.93 0.14
2458467.4076500 11.02 0.15
2458467.4086917 10.99 0.15
2458467.4088653 11.06 0.16
2458467.4104278 10.82 0.13
2458467.4118174 10.83 0.13
2458467.4123377 10.98 0.15
2458467.4125112 10.97 0.15
2458467.4126848 10.98 0.15
2458467.4128584 11.00 0.15
2458467.4130320 10.86 0.14
2458467.4140736 11.12 0.17
2458467.4159834 11.04 0.16
2458467.4182403 10.88 0.14
2458467.4189348 10.89 0.14
2458469.3667865 11.11 0.12
2458469.3670135 11.03 0.11
2458469.3671871 11.07 0.12
2458469.3673607 11.19 0.13
2458469.3675343 11.09 0.12
2458469.3677079 11.20 0.13
2458469.3678815 11.07 0.11
2458469.3680551 10.98 0.11
2458469.3682287 11.06 0.11
2458469.3684023 10.83 0.09
2458469.3685760 11.07 0.11
2458469.3687496 10.87 0.10
2458469.3689232 11.25 0.14
2458469.3690968 11.20 0.13
2458469.3692704 10.84 0.09
2458469.3694440 11.02 0.11
2458469.3696176 11.17 0.13
2458469.3697912 11.07 0.11
2458469.3699648 11.04 0.11
2458469.3701384 10.89 0.10
2458469.3703121 10.92 0.10
2458469.3704857 11.17 0.13
2458469.3706593 10.98 0.11
2458469.3708329 11.18 0.13
2458469.3710065 10.95 0.10
2458469.3711801 11.03 0.11
2458469.3713537 11.09 0.12
2458469.3715273 11.06 0.11
2458469.3717009 10.94 0.10
2458469.3718746 10.90 0.10
2458469.3720482 11.12 0.12
2458469.3722218 11.03 0.11
2458469.3723954 11.17 0.13
2458469.3725690 11.07 0.12
2458469.3727426 10.92 0.10
2458469.3729162 11.17 0.13
2458469.3730898 10.98 0.11
2458469.3732635 11.04 0.11
2458469.3734371 11.10 0.12
2458469.3736107 11.02 0.11
2458469.3737843 11.09 0.12
2458469.3739579 11.06 0.11
2458469.3741315 11.14 0.12
2458469.3743051 10.95 0.10
2458469.3744787 11.29 0.14
2458469.3746524 11.10 0.12
2458469.3748260 11.12 0.12
2458469.3749996 10.98 0.11
2458469.3751732 11.21 0.13
2458469.3753468 11.20 0.13
2458469.3755204 10.97 0.10
2458469.3756940 11.04 0.11
2458469.3758676 11.09 0.12
2458469.3760425 11.03 0.11
2458469.3762159 11.02 0.11
2458469.3763894 10.98 0.11
2458469.3765628 11.06 0.11
2458469.3767363 11.07 0.11
2458469.3769097 11.00 0.11
2458469.3770832 11.11 0.12
2458469.3772566 11.06 0.11
2458469.3774301 11.17 0.12
2458469.3776037 10.86 0.09
2458469.3777773 11.14 0.12
2458469.3779510 11.06 0.11
2458469.3781246 11.04 0.11
2458469.3782982 11.05 0.11
2458469.3784718 11.02 0.11
2458469.3786454 11.23 0.13
2458488.3049371 11.07 0.14
2458488.3051107 11.05 0.14
2458488.3052844 11.02 0.14
2458488.3054579 10.98 0.13
2458488.3056316 10.95 0.13
2458488.3058052 11.08 0.15
2458488.3059788 10.93 0.13
2458488.3061524 11.08 0.15
2458488.3063260 10.88 0.12
2458488.3064996 11.04 0.14
2458488.3066732 11.02 0.14
2458488.3068468 11.11 0.15
2458488.3070205 11.02 0.14
2458488.3071941 10.89 0.12
2458488.3073677 11.01 0.14
2458488.3075413 11.06 0.14
2458488.3077149 10.97 0.13
2458488.3078885 11.12 0.15
2458488.3080621 11.08 0.15
2458488.3082357 10.93 0.13
2458488.3084093 10.84 0.12
2458488.3087566 11.05 0.14
2458488.3089302 10.95 0.13
2458488.3091038 10.93 0.13
2458488.3097991 10.92 0.13
2458488.3099726 11.17 0.16
2458488.3101460 10.82 0.12
2458488.3103194 10.90 0.13
2458488.3104929 11.11 0.15
2458488.3106663 10.88 0.12
2458488.3110135 10.94 0.13
2458488.3115344 10.98 0.13
2458488.3117080 11.09 0.15
2458488.3122288 10.88 0.12
2458488.3125760 10.89 0.13
2458488.3127496 11.08 0.15
2458488.3129232 11.07 0.15
2458488.3130969 10.95 0.13
2458488.3132705 10.97 0.14
2458488.3134441 11.06 0.15
2458488.3136177 11.10 0.15
2458488.3139649 10.94 0.13
2458488.3141385 10.90 0.13
2458488.3143121 10.89 0.13
2458488.3144857 11.06 0.15
2458488.3146593 10.99 0.14
2458488.3148330 10.96 0.13
2458488.3150066 10.97 0.13
2458488.3151802 10.89 0.13
2458488.3155274 11.04 0.15
2458488.3157010 10.98 0.14
2458488.3158746 11.03 0.15
2458488.3160482 10.80 0.12
2458488.3162218 10.82 0.12
2458488.3167427 10.88 0.13
2458488.3170899 10.95 0.14
2458488.3172635 11.01 0.14
2458488.3176107 10.98 0.14
2458488.3179580 10.97 0.14
2458488.3181316 10.98 0.14
2458488.3183052 10.80 0.12
2458488.3186524 10.84 0.12
2458488.3188260 10.92 0.13
2458488.3189996 11.11 0.16
2458488.3191732 11.00 0.14
2458488.3193469 10.86 0.13
2458488.3195205 11.00 0.14
2458488.3196941 11.17 0.17
2458488.3198677 10.86 0.12
2458488.3200413 10.97 0.14
2458488.3202149 10.99 0.14
2458488.3203885 10.86 0.12
2458488.3207357 10.86 0.13
2458488.3209094 10.98 0.14
2458488.3210830 11.02 0.14
2458488.3212579 10.90 0.13
2458488.3216048 11.13 0.16
2458488.3217783 11.10 0.16
2458488.3219517 10.97 0.14
2458488.3222986 11.03 0.15
2458488.3224720 10.97 0.14
2458488.3226455 11.04 0.15
2458488.3229927 11.00 0.14
2458488.3231663 10.98 0.14
2458488.3233399 10.83 0.12
2458488.3235135 10.96 0.14
2458488.3236871 11.14 0.16
2458488.3238607 11.08 0.16
2458488.3243816 11.06 0.15
2458488.3245552 11.15 0.17
2458488.3247288 11.01 0.14
2458488.3249024 11.06 0.15
2458488.3250760 11.01 0.14
2458488.3252496 11.01 0.15
2458488.3254232 11.10 0.16
2458488.3255969 10.97 0.14
2458488.3257705 10.95 0.14
2458488.3259441 11.00 0.15
2458488.3261177 11.03 0.15
2458488.3262913 10.98 0.14
2458488.3264649 10.83 0.12
2458488.3266385 10.99 0.14
2458488.3273330 10.94 0.14
2458488.3275066 10.80 0.12
2458488.3276802 10.86 0.13
2458488.3278538 11.05 0.15
2458488.3280274 10.97 0.14
2458488.3282010 10.87 0.13
2458488.3283746 11.10 0.16
2458488.3287218 11.09 0.16
2458488.3288955 10.88 0.13
2458488.3290691 10.86 0.13
2458488.3308052 10.94 0.14
2458488.3309788 11.04 0.15
2458488.3318468 10.99 0.14
2458488.3320205 11.00 0.15
2458488.3323677 10.98 0.14
2458488.3327149 10.96 0.14
2458488.3332370 10.72 0.11
2458488.3334105 10.85 0.13
2458488.3335839 10.92 0.14
2458488.3341043 11.02 0.15
2458488.3351455 10.96 0.14
2458488.3353191 11.00 0.15
2458488.3354927 10.92 0.14
2458488.3356663 10.79 0.12
2458488.3360135 11.06 0.15
2458488.3361871 11.06 0.15
2458488.3367080 10.93 0.14
2458488.3368816 10.85 0.13
2458488.3370552 11.13 0.17
2458488.3372288 10.85 0.13
2458488.3374024 11.01 0.15
2458488.3375760 10.96 0.14
2458488.3379232 10.86 0.13
2458488.3380968 10.94 0.14
2458488.3384441 10.83 0.13
2458488.3386177 10.92 0.14
2458488.3387913 10.91 0.14
2458488.3389649 10.99 0.15
2458488.3391385 10.90 0.13
2458488.3393121 10.85 0.13
2458488.3394857 10.92 0.14
2458488.3401802 10.92 0.14
2458488.3403538 10.84 0.13
2458488.3412219 10.84 0.13
2458488.3413955 10.91 0.14
2458488.3415691 11.08 0.16
2458488.3417427 11.03 0.15
2458488.3420899 10.99 0.15
2458488.3427844 11.05 0.16
2458488.3429580 10.99 0.14
2458488.3431316 10.94 0.14
2458488.3436524 11.04 0.15
2458488.3438260 11.08 0.16
2458488.3439996 10.87 0.13
2458488.3443469 10.99 0.15
2458488.3445205 11.05 0.16
2458488.3446941 11.06 0.16
2458488.3448677 10.90 0.14
2458488.3450413 10.97 0.14
2458488.3459100 10.95 0.14
2458488.3469510 10.99 0.15
2458488.3476455 10.96 0.14
2458488.3483399 10.95 0.14
2458488.3485135 10.94 0.14
2458488.3486871 10.97 0.14
2458488.3490344 11.01 0.15
2458488.3492080 10.90 0.13
2458488.3499024 11.05 0.15
2458488.3505969 11.02 0.15
2458488.3509441 11.01 0.15
2458488.3511177 10.98 0.14
2458488.3512913 10.86 0.13
2458488.3514649 10.81 0.13
2458488.3521594 11.01 0.15
2458488.3525066 10.76 0.12
2458488.3526802 11.08 0.16
2458488.3528538 10.93 0.14
2458488.3530274 10.84 0.13
2458488.3533746 10.88 0.13
2458488.3542427 10.84 0.13
2458488.3547635 10.92 0.14
2458488.3552843 11.01 0.15
2458488.3554580 10.97 0.14
2458488.3559788 11.04 0.15
2458488.3563260 10.86 0.13
2458488.3573687 11.02 0.15
2458488.3575422 11.03 0.15
2458488.3594510 10.90 0.14
2458488.3601455 10.98 0.14
2458488.3613607 10.96 0.14
2458488.3617080 11.02 0.15
2458488.3624024 11.05 0.16
2458488.3625760 11.02 0.15
2458488.3627496 10.98 0.15
2458488.3630968 10.93 0.14
2458488.3634441 10.98 0.15
2458488.3641385 11.05 0.16
2458488.3657010 11.14 0.17
2458488.3658746 11.08 0.16
2458488.3660482 11.09 0.16
2458488.3663955 11.08 0.16
2458488.3674371 11.03 0.15
2458488.3683052 10.92 0.14
2458488.3695213 10.97 0.15
2458488.3698682 10.91 0.14
2458488.3700417 11.08 0.16
2458488.3703885 10.89 0.14
2458488.3707357 10.93 0.14
2458488.3714302 11.02 0.15
2458488.3717774 11.01 0.15
2458488.3731663 11.04 0.16
2458488.3735135 11.00 0.15
2458493.2519739 11.08 0.14
2458493.2521475 10.94 0.13
2458493.2523211 10.84 0.12
2458493.2524947 10.83 0.11
2458493.2526684 11.15 0.15
2458493.2528420 10.94 0.13
2458493.2533628 10.86 0.12
2458493.2538836 11.12 0.15
2458493.2542320 11.02 0.14
2458493.2544055 11.09 0.14
2458493.2545789 11.03 0.14
2458493.2547524 11.13 0.15
2458493.2549258 11.08 0.14
2458493.2550993 10.89 0.12
2458493.2552727 11.10 0.15
2458493.2554461 11.03 0.14
2458493.2556198 10.99 0.13
2458493.2557934 11.02 0.13
2458493.2559670 10.99 0.13
2458493.2561406 11.02 0.13
2458493.2563142 11.16 0.15
2458493.2568350 11.18 0.16
2458493.2570086 11.05 0.14
2458493.2573559 11.00 0.13
2458493.2580503 11.10 0.14
2458493.2582239 11.20 0.16
2458493.2587447 11.18 0.16
2458493.2590920 11.24 0.16
2458493.2592656 11.02 0.13
2458493.2594392 10.99 0.13
2458493.2596128 11.09 0.14
2458493.2597864 10.87 0.12
2458493.2603072 11.03 0.13
2458493.2604809 10.97 0.13
2458493.2606545 11.06 0.14
2458493.2608281 11.11 0.15
2458493.2610017 11.05 0.14
2458493.2611753 11.21 0.16
2458493.2613489 10.86 0.12
2458493.2618697 11.11 0.15
2458493.2620434 10.84 0.11
2458493.2622170 11.20 0.16
2458493.2623906 11.09 0.14
2458493.2627378 11.10 0.14
2458493.2632586 11.05 0.14
2458493.2636059 11.16 0.15
2458493.2641267 11.04 0.14
2458493.2646475 11.11 0.14
2458493.2648211 11.03 0.13
2458493.2649948 11.19 0.16
2458493.2651684 11.04 0.14
2458493.2653420 11.07 0.14
2458493.2655156 11.13 0.15
2458493.2656892 10.92 0.12
2458493.2663847 11.18 0.15
2458493.2665581 11.15 0.15
2458493.2667316 11.03 0.13
2458493.2669050 11.01 0.13
2458493.2672519 11.20 0.16
2458493.2677725 11.11 0.14
2458493.2679461 10.98 0.13
2458493.2681197 11.12 0.15
2458493.2682934 11.12 0.15
2458493.2684670 11.11 0.14
2458493.2686406 11.14 0.15
2458493.2688142 10.93 0.12
2458493.2689878 11.14 0.15
2458493.2691614 11.17 0.15
2458493.2693350 11.16 0.15
2458493.2696822 11.05 0.14
2458493.2698559 11.09 0.14
2458493.2700295 10.99 0.13
2458493.2705503 11.10 0.14
2458493.2712448 10.86 0.12
2458493.2714184 11.02 0.13
2458493.2715920 11.09 0.14
2458493.2717656 10.94 0.12
2458493.2719392 10.97 0.13
2458493.2721128 11.04 0.14
2458493.2722864 10.86 0.12
2458493.2724600 11.10 0.14
2458493.2728073 11.03 0.13
2458493.2729809 11.05 0.14
2458493.2731545 11.06 0.14
2458493.2736753 10.94 0.12
2458493.2738489 11.04 0.14
2458493.2741961 11.04 0.14
2458493.2743697 11.13 0.15
2458493.2745434 10.98 0.13
2458493.2747170 10.97 0.13
2458493.2748906 10.93 0.12
2458493.2754114 11.07 0.14
2458493.2755850 11.09 0.14
2458493.2757586 11.08 0.14
2458493.2761059 10.93 0.12
2458493.2762795 11.20 0.16
2458493.2764531 11.07 0.14
2458493.2766267 11.15 0.15
2458493.2768003 11.13 0.15
2458493.2771475 11.04 0.14
2458493.2773211 10.91 0.12
2458493.2776684 11.06 0.14
2458493.2778420 11.18 0.15
2458493.2780169 11.16 0.15
2458493.2781904 11.10 0.14
2458493.2783638 11.07 0.14
2458493.2785373 11.09 0.14
2458493.2787107 10.98 0.13
2458493.2788841 10.97 0.13
2458493.2790576 11.02 0.13
2458493.2792310 10.87 0.12
2458493.2794045 11.03 0.13
2458493.2800989 10.85 0.11
2458493.2802725 10.89 0.12
2458493.2804461 11.11 0.14
2458493.2807934 11.00 0.13
2458493.2811406 10.99 0.13
2458493.2813142 11.06 0.14
2458493.2814878 11.01 0.13
2458493.2816614 11.10 0.14
2458493.2820086 10.93 0.12
2458493.2821822 11.09 0.14
2458493.2823559 11.10 0.14
2458493.2825295 11.14 0.15
2458493.2827031 11.02 0.14
2458493.2828767 11.09 0.14
2458493.2830503 11.08 0.14
2458493.2832239 11.18 0.16
2458493.2833975 11.03 0.14
2458493.2837447 11.08 0.14
2458493.2839184 11.12 0.15
2458493.2840920 10.93 0.12
2458493.2842656 11.22 0.16
2458493.2844392 11.05 0.14
2458493.2846128 10.97 0.13
2458493.2847864 11.05 0.14
2458493.2849600 11.03 0.13
2458493.2853072 11.03 0.14
2458493.2854809 11.03 0.14
2458493.2856545 11.07 0.14
2458493.2860017 10.97 0.13
2458493.2861753 11.08 0.14
2458493.2863489 10.94 0.12
2458493.2866961 10.99 0.13
2458493.2868698 11.10 0.14
2458493.2872170 10.98 0.13
2458493.2873906 10.92 0.12
2458493.2879114 11.09 0.14
2458493.2882586 10.80 0.11
2458493.2884323 11.02 0.13
2458493.2887795 10.85 0.12
2458493.2891267 11.03 0.14
2458493.2893003 11.07 0.14
2458493.2898211 10.99 0.13
2458493.2899961 11.03 0.14
2458493.2901695 10.96 0.13
2458493.2903429 11.07 0.14
2458493.2905164 11.07 0.14
2458493.2908633 10.85 0.11
2458493.2912102 11.13 0.14
2458493.2913836 10.87 0.12
2458493.2915572 11.06 0.14
2458493.2917309 10.94 0.12
2458493.2919045 11.14 0.15
2458493.2922517 11.07 0.14
2458493.2929461 10.94 0.12
2458493.2931197 11.14 0.15
2458493.2934670 11.11 0.14
2458493.2936406 10.81 0.11
2458493.2938142 10.94 0.12
2458493.2939878 11.07 0.14
2458493.2941614 11.06 0.14
2458493.2945086 11.12 0.15
2458493.2946823 11.02 0.13
2458493.2955503 10.88 0.12
2458493.2958975 11.02 0.13
2458493.2960711 11.11 0.15
2458493.2962448 11.08 0.14
2458493.2964184 10.95 0.13
2458493.2965920 10.95 0.13
2458493.2967656 11.13 0.15
2458493.2972864 10.86 0.12
2458493.2974600 10.89 0.12
2458493.2978072 11.08 0.14
2458493.2979809 11.04 0.14
2458493.2981545 10.96 0.13
2458493.2983281 11.14 0.15
2458493.2985017 11.05 0.14
2458493.2986753 11.07 0.14
2458493.2991961 10.97 0.13
2458493.2993697 10.95 0.13
2458493.2995434 11.02 0.14
2458493.2997170 11.07 0.14
2458493.2998906 11.14 0.15
2458493.3000642 10.99 0.13
2458493.3005850 11.16 0.15
2458493.3007586 11.07 0.14
2458493.3021591 11.02 0.13
2458493.3023327 11.02 0.13
2458493.3025063 11.04 0.14
2458493.3030272 10.90 0.12
2458493.3033744 11.13 0.15
2458493.3035480 11.11 0.14
2458493.3037216 11.04 0.14
2458493.3038952 10.99 0.13
2458493.3040688 11.20 0.16
2458493.3045897 11.11 0.14
2458493.3047633 11.12 0.15
2458493.3052841 11.20 0.16
2458493.3056313 11.12 0.15
2458493.3059785 10.90 0.12
2458493.3061522 11.08 0.14
2458493.3063258 11.00 0.13
2458493.3064994 11.20 0.16
2458493.3066730 11.00 0.13
2458493.3068466 11.05 0.14
2458493.3070202 11.05 0.14
2458493.3071938 11.10 0.14
2458493.3073674 10.92 0.12
2458493.3075410 10.95 0.12
2458493.3077147 10.96 0.13
2458493.3080619 10.86 0.12
2458493.3084091 11.08 0.14
2458493.3087563 11.09 0.14
2458493.3091036 11.14 0.15
2458493.3092772 10.87 0.12
2458493.3094508 10.86 0.11
2458493.3096244 11.02 0.13
2458493.3097980 11.03 0.13
2458493.3099716 11.06 0.14
2458493.3101452 10.98 0.13
2458493.3104924 11.01 0.13
2458493.3106661 11.16 0.15
2458493.3108397 10.92 0.12
2458493.3110133 10.98 0.13
2458493.3113605 11.06 0.14
2458493.3115341 10.93 0.12
2458493.3117077 10.98 0.13
2458493.3118813 10.87 0.12
2458493.3120549 10.90 0.12
2458493.3122298 10.98 0.13
2458493.3124033 10.95 0.12
2458493.3125767 11.03 0.13
2458493.3127502 11.06 0.14
2458493.3129236 10.93 0.12
2458493.3130971 11.15 0.15
2458493.3132705 10.86 0.11
2458493.3134439 11.08 0.14
2458493.3136174 11.11 0.14
2458493.3137910 10.94 0.12
2458493.3139647 11.04 0.13
2458493.3143119 11.08 0.14
2458493.3144855 11.18 0.15
2458493.3148327 11.00 0.13
2458493.3151799 10.96 0.12
2458493.3155272 11.12 0.14
2458493.3157008 11.03 0.13
2458493.3158744 11.06 0.14
2458493.3160480 11.01 0.13
2458493.3162216 11.01 0.13
2458493.3169161 11.05 0.13
2458493.3170897 11.00 0.13
2458493.3172633 10.88 0.12
2458493.3174369 10.90 0.12
2458493.3176105 11.22 0.16
2458493.3177841 10.93 0.12
2458493.3179577 10.88 0.12
2458493.3183049 11.01 0.13
2458493.3184786 11.11 0.14
2458493.3186522 10.89 0.12
2458493.3188258 10.99 0.13
2458493.3189994 11.07 0.14
2458493.3191730 11.04 0.13
2458493.3195202 11.15 0.15
2458493.3196938 10.96 0.12
2458493.3198674 11.07 0.14
2458493.3200411 10.95 0.12
2458493.3202147 11.06 0.14
2458493.3203883 11.07 0.14
2458493.3205619 10.99 0.13
2458493.3207355 11.09 0.14
2458493.3209091 11.23 0.16
2458493.3210827 11.06 0.14
2458493.3212563 10.93 0.12
2458493.3214299 11.11 0.14
2458493.3216035 11.00 0.13
2458493.3219508 10.89 0.12
2458493.3221244 10.98 0.13
2458493.3222980 10.94 0.12
2458493.3224716 11.00 0.13
2458493.3226452 11.27 0.16
2458493.3228188 10.83 0.11
2458493.3229924 11.12 0.14
2458493.3231662 11.02 0.13
2458493.3233397 11.06 0.13
2458493.3235133 10.96 0.12
2458493.3236869 10.91 0.12
2458493.3238605 10.92 0.12
2458493.3240341 10.97 0.12
2458493.3242090 11.10 0.14
2458493.3243824 11.10 0.14
2458493.3245559 11.29 0.17
2458493.3247293 10.94 0.12
2458493.3250762 10.80 0.11
2458493.3252497 11.05 0.13
2458493.3254231 10.93 0.12
2458493.3255966 11.06 0.14
2458493.3257702 11.11 0.14
2458493.3259438 10.93 0.12
2458493.3261174 11.02 0.13
2458493.3262911 10.90 0.12
2458493.3264647 10.94 0.12
2458493.3266383 10.94 0.12
2458493.3268119 10.94 0.12
2458493.3269855 11.20 0.15
2458493.3275063 11.00 0.13
2458493.3276799 10.98 0.12
2458493.3278536 11.03 0.13
2458493.3280272 10.99 0.13
2458493.3282008 11.02 0.13
2458493.3283744 10.97 0.12
2458493.3285480 11.03 0.13
2458493.3287216 11.11 0.14
2458493.3288952 10.92 0.12
2458493.3290688 11.04 0.13
2458493.3292430 11.28 0.17
2458493.3294160 11.01 0.13
2458493.3295897 11.05 0.13
2458493.3297633 11.02 0.13
2458493.3299369 10.93 0.12
2458493.3301105 11.01 0.13
2458493.3302841 11.11 0.14
2458493.3306313 10.87 0.11
2458493.3308049 10.93 0.12
2458493.3309785 11.02 0.13
2458493.3311522 11.13 0.14
2458493.3313258 11.02 0.13
2458493.3314994 10.99 0.13
2458493.3316730 10.96 0.12
2458493.3318466 11.18 0.15
2458493.3323674 11.07 0.14
2458493.3325411 11.08 0.14
2458493.3327147 10.87 0.11
2458493.3328883 11.13 0.15
2458493.3330619 10.89 0.12
2458493.3332355 10.97 0.13
2458493.3334091 10.95 0.12
2458493.3335827 11.02 0.13
2458493.3337563 10.97 0.12
2458493.3339299 10.97 0.12
2458493.3341036 10.95 0.12
2458493.3342772 11.03 0.13
2458493.3346244 10.80 0.11
2458493.3347980 11.09 0.14
2458493.3349716 10.86 0.11
2458493.3351452 10.96 0.12
2458493.3354924 10.97 0.13
2458493.3356661 10.93 0.12
2458493.3360133 11.16 0.15
2458493.3361882 10.96 0.12
2458493.3363616 11.10 0.14
2458493.3367085 11.05 0.14
2458493.3368820 10.94 0.12
2458493.3370554 11.02 0.13
2458493.3372288 10.79 0.11
2458493.3377494 11.02 0.13
2458493.3379230 10.96 0.13
2458493.3380966 10.85 0.11
2458493.3382702 10.99 0.13
2458493.3384438 10.91 0.12
2458493.3386174 10.82 0.11
2458493.3387910 11.08 0.14
2458493.3389647 10.98 0.13
2458493.3393119 10.99 0.13
2458493.3394855 10.98 0.13
2458493.3396591 11.17 0.15
2458493.3398327 10.89 0.12
2458493.3401799 11.15 0.15
2458493.3403536 10.88 0.12
2458493.3405272 11.01 0.13
2458493.3408744 10.85 0.11
2458493.3410480 11.11 0.14
2458493.3412216 11.03 0.13
2458493.3413952 11.02 0.13
2458493.3417424 10.99 0.13
2458493.3419161 11.19 0.15
2458493.3420897 11.03 0.13
2458493.3422633 10.99 0.13
2458493.3424369 11.18 0.15
2458493.3426105 10.99 0.13
2458493.3429577 10.92 0.12
2458493.3433049 10.96 0.12
2458493.3434786 10.96 0.13
2458493.3436522 10.88 0.12
2458493.3441730 11.02 0.13
2458493.3443466 10.88 0.12
2458493.3445202 10.91 0.12
2458493.3446938 11.01 0.13
2458493.3448674 10.87 0.12
2458493.3453883 11.02 0.13
2458493.3455619 10.91 0.12
2458493.3457355 11.01 0.13
2458493.3460827 10.89 0.12
2458493.3464299 10.83 0.11
2458493.3466035 11.07 0.14
2458493.3469508 11.00 0.13
2458493.3472980 10.96 0.13
2458493.3474716 11.03 0.13
2458493.3476452 10.99 0.13
2458493.3478188 10.96 0.13
2458493.3479924 10.99 0.13
2458493.3481673 11.02 0.13
2458493.3483408 11.06 0.14
2458493.3485142 10.99 0.13
2458493.3486876 11.00 0.13
2458493.3488611 10.91 0.12
2458493.3490345 10.90 0.12
2458493.3492080 10.97 0.13
2458493.3493814 10.99 0.13
2458493.3497286 11.02 0.13
2458493.3499022 10.98 0.13
2458493.3500758 10.99 0.13
2458493.3504230 10.97 0.13
2458493.3509438 11.01 0.13
2458493.3511174 11.03 0.13
2458493.3514647 11.06 0.14
2458493.3516383 10.85 0.11
2458493.3518119 10.90 0.12
2458493.3519855 10.96 0.13
2458493.3521591 11.22 0.16
2458493.3523327 11.07 0.14
2458493.3525063 11.04 0.13
2458493.3526799 11.12 0.14
2458493.3528535 11.02 0.13
2458493.3530272 10.95 0.12
2458493.3532008 10.92 0.12
2458493.3533744 11.09 0.14
2458493.3537216 10.87 0.11
2458493.3538952 11.28 0.17
2458493.3542424 11.11 0.14
2458493.3545897 11.05 0.13
2458493.3547633 11.07 0.14
2458493.3552841 10.83 0.11
2458493.3554577 11.03 0.13
2458493.3556313 11.06 0.14
2458493.3558049 11.07 0.14
2458493.3559786 11.03 0.13
2458493.3561522 11.15 0.15
2458493.3563258 10.99 0.13
2458493.3566730 10.94 0.12
2458493.3568466 11.04 0.13
2458493.3573674 11.03 0.13
2458493.3575411 11.02 0.13
2458493.3578883 10.87 0.12
2458493.3580619 10.99 0.13
2458493.3582355 10.86 0.11
2458493.3584091 11.10 0.14
2458493.3585827 11.04 0.13
2458493.3587563 11.01 0.13
2458493.3591036 11.11 0.14
2458493.3592772 11.12 0.14
2458493.3594508 11.18 0.15
2458493.3596244 11.20 0.15
2458493.3597980 10.91 0.12
2458493.3601465 11.09 0.14
2458493.3603199 10.99 0.13
2458493.3604934 10.97 0.13
2458493.3606668 11.12 0.14
2458493.3608403 11.03 0.13
2458493.3610137 10.97 0.13
2458493.3611871 11.05 0.14
2458493.3613606 11.05 0.13
2458493.3617077 11.00 0.13
2458493.3618813 10.98 0.13
2458493.3620549 10.99 0.13
2458493.3624022 10.91 0.12
2458493.3625758 10.90 0.12
2458493.3627494 10.98 0.13
2458493.3630966 11.03 0.13
2458493.3632702 11.03 0.13
2458493.3634438 11.14 0.15
2458493.3636174 11.08 0.14
2458493.3639647 11.05 0.14
2458493.3641383 11.26 0.16
2458493.3644855 11.06 0.14
2458493.3646591 11.02 0.13
2458493.3648327 11.06 0.14
2458493.3650063 11.08 0.14
2458493.3653536 11.02 0.13
2458493.3655272 10.99 0.13
2458493.3657008 11.08 0.14
2458493.3658744 11.10 0.14
2458493.3660480 11.00 0.13
2458493.3662216 11.00 0.13
2458493.3663952 11.06 0.14
2458493.3665688 10.92 0.12
2458493.3667424 11.13 0.15
2458493.3669161 10.82 0.11
2458493.3670897 11.07 0.14
2458493.3672633 10.98 0.13
2458493.3674369 10.92 0.12
2458493.3676105 10.84 0.11
2458493.3677841 10.94 0.12
2458493.3681313 11.07 0.14
2458493.3683049 10.96 0.12
2458493.3684785 10.97 0.13
2458493.3686522 11.11 0.14
2458493.3688258 10.99 0.13
2458493.3689994 11.19 0.15
2458493.3691730 11.04 0.13
2458493.3693466 11.11 0.14
2458493.3695202 10.84 0.11
2458493.3698674 11.10 0.14
2458493.3703883 10.88 0.12
2458493.3707355 10.79 0.11
2458493.3710827 10.87 0.12
2458493.3717772 11.04 0.13
2458493.3719508 10.96 0.13
2458493.3721257 11.12 0.15
2458493.3722991 10.96 0.13
2458493.3724725 10.97 0.13
2458493.3726460 11.11 0.14
2458493.3728194 11.07 0.14
2458493.3733397 11.12 0.15
2458493.3735133 11.12 0.14
2458493.3736869 11.07 0.14
2458493.3738605 11.09 0.14
2458493.3742077 10.95 0.13
2458493.3743813 10.98 0.13
2458493.3745549 11.18 0.15
2458493.3747286 11.11 0.14
2458493.3749022 10.89 0.12
2458493.3750758 11.02 0.13
2458493.3754230 11.07 0.14
2458493.3755966 11.02 0.13
2458493.3757702 11.02 0.13
2458493.3759438 10.92 0.12
2458493.3761174 11.08 0.14
2458493.3762910 11.07 0.14
2458493.3764647 11.04 0.14
2458493.3768119 11.03 0.14
2458493.3769855 11.20 0.16
2458493.3771591 11.08 0.14
2458493.3773327 11.01 0.13
2458493.3775063 11.11 0.15
2458493.3776799 11.13 0.15
2458493.3778535 11.15 0.15
2458493.3780272 11.07 0.14
2458493.3782008 10.97 0.13
2458493.3783744 11.05 0.14
2458493.3785480 10.92 0.12
2458493.3787216 10.99 0.13
2458493.3788952 11.06 0.14
2458493.3792424 11.17 0.15
2458493.3794161 11.09 0.14
2458493.3795897 11.02 0.14
2458493.3797633 10.88 0.12
2458493.3799369 10.99 0.13
2458493.3801105 11.02 0.14
2458493.3802841 11.09 0.14
2458493.3804577 11.08 0.14
2458493.3806313 11.12 0.15
2458493.3809786 11.12 0.15
2458493.3811522 11.25 0.17
2458493.3813258 10.90 0.12
2458493.3814994 11.05 0.14
2458493.3816730 11.05 0.14
2458493.3818466 11.10 0.15
2458493.3821938 11.03 0.14
2458493.3823674 10.98 0.13
2458493.3825411 11.18 0.16
2458493.3827147 11.01 0.13
2458493.3828883 11.10 0.15
2458493.3830619 10.97 0.13
2458493.3832355 11.16 0.16
2458493.3834091 10.91 0.12
2458493.3835827 11.01 0.14
2458493.3837563 11.12 0.15
2458493.3839313 11.10 0.15
2458493.3842782 11.02 0.14
2458493.3846251 11.00 0.14
2458493.3849720 10.99 0.13
2458493.3853189 11.01 0.14
2458493.3854924 11.01 0.14
2458493.3856660 10.92 0.13
2458493.3858397 11.05 0.14
2458493.3860133 11.03 0.14
2458493.3863605 10.99 0.13
2458493.3865341 10.93 0.13
2458493.3867077 11.00 0.13
2458493.3868813 10.92 0.13
2458493.3872286 11.04 0.14
2458493.3875758 10.93 0.13
2458493.3877494 11.05 0.14
2458493.3879230 11.08 0.15
2458493.3880966 10.85 0.12
2458493.3882702 11.09 0.15
2458493.3884438 11.02 0.14
2458493.3886174 10.95 0.13
2458493.3887911 10.99 0.13
2458493.3889647 11.18 0.16
2458493.3891383 10.86 0.12
2458493.3893119 10.86 0.12
2458493.3894855 10.98 0.13
2458493.3896591 10.89 0.12
2458493.3898327 11.05 0.14
2458493.3900063 11.07 0.14
2458493.3901799 11.04 0.14
2458493.3903536 11.04 0.14
2458493.3905272 10.88 0.12
2458493.3907008 10.92 0.13
2458493.3908744 11.06 0.14
2458493.3910480 11.22 0.17
2458493.3912216 10.89 0.12
2458493.3913952 11.05 0.14
2458493.3915688 11.02 0.14
2458493.3917424 10.89 0.12
2458493.3919160 10.98 0.13
2458493.3922633 10.94 0.13
2458493.3924369 11.07 0.14
2458493.3926105 11.01 0.14
2458493.3927841 10.84 0.12
2458493.3929577 10.73 0.11
2458493.3931313 11.05 0.14
2458493.3933049 10.86 0.12
2458493.3934785 10.91 0.13
2458493.3936522 11.04 0.14
2458493.3938258 10.99 0.14
2458493.3941730 11.03 0.14
2458493.3946938 10.87 0.12
2458493.3953883 11.02 0.14
2458493.3955619 11.02 0.14
2458493.3959105 10.93 0.13
2458493.3960839 10.92 0.13
2458493.3962574 10.98 0.14
2458493.3964308 11.11 0.15
2458493.3966043 11.12 0.15
2458493.3967777 11.10 0.15
2458493.3969511 11.12 0.15
2458493.3972980 10.96 0.13
2458493.3974716 10.98 0.14
2458493.3976452 11.12 0.15
2458493.3978188 10.98 0.14
2458493.3979924 11.02 0.14
2458493.3981661 10.94 0.13
2458493.3983397 11.10 0.15
2458493.3986869 11.05 0.14
2458493.3988605 11.12 0.15
2458493.3992077 10.89 0.12
2458493.3995549 11.09 0.15
2458493.3997285 11.00 0.14
2458493.3999022 10.95 0.13
2458493.4002494 11.00 0.14
2458493.4005966 11.07 0.15
2458493.4007702 11.04 0.14
2458493.4012910 11.03 0.14
2458493.4014647 11.06 0.15
2458493.4016383 10.86 0.12
2458493.4018119 11.18 0.16
2458493.4021591 11.07 0.15
2458493.4038952 10.80 0.12
2458493.4040688 10.87 0.12
2458493.4044161 11.06 0.15
2458493.4045897 10.99 0.14
2458493.4047633 10.91 0.13
2458493.4049369 10.79 0.12
2458493.4052841 11.09 0.15
2458493.4054577 10.89 0.13
2458493.4056313 10.93 0.13
2458493.4058049 10.95 0.13
2458493.4059786 10.93 0.13
2458493.4064994 11.01 0.14
2458493.4066730 10.86 0.12
2458493.4068466 10.80 0.12
2458493.4070202 10.94 0.13
2458493.4071938 11.15 0.16
2458493.4073674 11.18 0.17
2458493.4075410 11.09 0.15
2458493.4077147 10.95 0.14
2458493.4082365 10.96 0.14
2458493.4084099 11.04 0.15
2458493.4089302 10.91 0.13
2458493.4094508 10.79 0.12
2458493.4096244 10.97 0.14
2458493.4097980 11.00 0.14
2458493.4099716 10.92 0.13
2458493.4110133 10.96 0.14
2458493.4113605 10.99 0.14
2458493.4115341 10.95 0.14
2458493.4118813 10.93 0.13
2458493.4120549 10.84 0.12
2458493.4122286 11.02 0.14
2458493.4125758 10.82 0.12
2458493.4129230 11.02 0.15
2458493.4130966 10.94 0.14
2458493.4132702 11.09 0.16
2458493.4134438 10.94 0.14
2458493.4136174 10.98 0.14
2458493.4137911 11.01 0.15
2458493.4139647 10.77 0.12
2458493.4141383 11.01 0.14
2458493.4150063 10.98 0.14
2458493.4151799 11.05 0.15
2458493.4157008 10.90 0.13
2458495.1526452 10.61 0.15
2458495.1755619 10.75 0.16
2458495.1816383 10.75 0.15
2458495.1821591 10.75 0.16
2458495.1937910 10.88 0.17
2458495.1950075 10.80 0.15
2458495.2028188 10.72 0.14
2458495.2066383 10.77 0.15
2458495.2094160 10.73 0.15
2458495.2095897 10.88 0.17
2458495.2106313 10.79 0.15
2458495.2108049 10.70 0.14
2458495.2111522 10.80 0.15
2458495.2118466 10.74 0.15
2458495.2139299 10.73 0.14
2458495.2142772 10.82 0.16
2458495.2144508 10.91 0.17
2458495.2156660 10.82 0.15
2458495.2161869 10.76 0.15
2458495.2172285 10.73 0.14
2458495.2196596 10.84 0.16
2458495.2213952 10.80 0.15
2458495.2224369 10.84 0.16
2458495.2226105 10.74 0.14
2458495.2238258 10.77 0.15
2458495.2245202 10.67 0.14
2458495.2250410 10.70 0.14
2458495.2266036 10.82 0.15
2458495.2269508 10.74 0.14
2458495.2271244 10.66 0.13
2458495.2272980 10.80 0.15
2458495.2283397 10.79 0.15
2458495.2285133 10.81 0.15
2458495.2288605 10.92 0.17
2458495.2293813 10.81 0.15
2458495.2305966 10.88 0.16
2458495.2311185 10.83 0.15
2458495.2328535 10.76 0.14
2458495.2333744 10.73 0.14
2458495.2335480 10.72 0.14
2458495.2342424 10.81 0.15
2458495.2358049 10.90 0.16
2458495.2368466 10.85 0.15
2458495.2392772 10.86 0.15
2458495.2417077 10.88 0.16
2458495.2425758 10.77 0.14
2458495.2427508 10.82 0.15
2458495.2443119 10.93 0.16
2458495.2444855 10.89 0.16
2458495.2453536 10.86 0.15
2458495.2455272 10.89 0.16
2458495.2457008 10.58 0.12
2458495.2458744 10.87 0.16
2458495.2462216 10.92 0.16
2458495.2477841 10.87 0.15
2458495.2493466 10.90 0.16
2458495.2495202 10.81 0.15
2458495.2500411 10.77 0.14
2458495.2503883 10.90 0.16
2458495.2507355 10.63 0.13
2458495.2510827 10.65 0.13
2458495.2512563 10.84 0.15
2458495.2514299 10.92 0.16
2458495.2522980 10.93 0.16
2458495.2531661 10.81 0.14
2458495.2535133 10.86 0.15
2458495.2542077 10.73 0.14
2458495.2550769 10.92 0.16
2458495.2568119 10.91 0.16
2458495.2585480 10.89 0.15
2458495.2594161 10.80 0.14
2458495.2604577 10.83 0.14
2458495.2606313 10.77 0.14
2458495.2627147 10.82 0.14
2458495.2628883 10.79 0.14
2458495.2630619 10.95 0.16
2458495.2637563 10.89 0.15
2458495.2641035 10.94 0.16
2458495.2646244 10.82 0.14
2458495.2647980 10.95 0.16
2458495.2660133 10.96 0.16
2458495.2661869 10.84 0.15
2458495.2686174 10.98 0.16
2458495.2687911 10.78 0.14
2458495.2701799 10.85 0.15
2458495.2705272 10.78 0.14
2458495.2715688 10.91 0.15
2458495.2724369 10.81 0.14
2458495.2778188 10.92 0.16
2458495.2781660 10.83 0.14
2458495.2807702 10.87 0.15
2458495.2811174 11.11 0.18
2458495.2819855 11.00 0.17
2458495.2835480 10.76 0.13
2458495.2847633 10.99 0.16
2458495.2861522 11.02 0.17
2458495.2863258 10.91 0.16
2458495.2866730 10.83 0.14
2458495.2880619 10.92 0.16
2458495.2944855 10.90 0.15
2458495.2972633 11.04 0.17
2458495.3050758 10.86 0.15
2458495.3087216 10.88 0.15
2458495.3128883 10.79 0.14
2458495.3132355 10.91 0.15
2458495.3142772 11.00 0.17
2458498.1694739 10.92 0.15
2458498.1698211 10.89 0.14
2458498.1699947 10.93 0.15
2458498.1703420 10.91 0.15
2458498.1705156 10.92 0.15
2458498.1710364 10.86 0.14
2458498.1712100 10.81 0.14
2458498.1713836 10.91 0.15
2458498.1717309 10.75 0.13
2458498.1719045 10.95 0.15
2458498.1720781 10.93 0.15
2458498.1724253 10.90 0.15
2458498.1727725 10.94 0.15
2458498.1729461 10.91 0.14
2458498.1731198 10.94 0.15
2458498.1743350 10.99 0.15
2458498.1760711 11.04 0.16
2458498.1774600 10.76 0.12
2458498.1779809 11.04 0.16
2458498.1781545 11.02 0.16
2458498.1786763 10.78 0.13
2458498.1790232 10.75 0.12
2458498.1791967 11.00 0.16
2458498.1793701 11.02 0.16
2458498.1797170 10.88 0.14
2458498.1800642 10.96 0.15
2458498.1814531 10.77 0.12
2458498.1819739 10.91 0.14
2458498.1824948 11.00 0.15
2458498.1828420 10.82 0.13
2458498.1844045 10.91 0.14
2458498.1850989 11.02 0.15
2458498.1856197 11.03 0.16
2458498.1859670 10.90 0.14
2458498.1868350 10.90 0.14
2458498.1885711 10.89 0.13
2458498.1897864 11.10 0.16
2458498.1906545 10.88 0.13
2458498.1920434 11.02 0.15
2458498.1929114 11.10 0.16
2458498.1930850 11.01 0.15
2458498.1936059 11.08 0.16
2458498.1943003 10.98 0.14
2458498.1949947 11.00 0.14
2458498.1960378 11.07 0.15
2458498.1962112 11.03 0.15
2458498.1963846 11.02 0.15
2458498.1965581 11.07 0.15
2458498.1967315 11.01 0.14
2458498.1972519 11.00 0.14
2458498.1974253 10.87 0.13
2458498.1977725 11.13 0.16
2458498.1979461 10.89 0.13
2458498.1986406 10.93 0.13
2458498.1988142 11.01 0.14
2458498.1991614 10.96 0.14
2458498.1995086 11.06 0.15
2458498.1996822 10.88 0.12
2458498.2000295 10.91 0.13
2458498.2003767 11.07 0.15
2458498.2010711 11.00 0.14
2458498.2017656 11.12 0.16
2458498.2019392 11.00 0.14
2458498.2021128 11.01 0.14
2458498.2024600 10.86 0.12
2458498.2031545 10.88 0.12
2458498.2036753 11.04 0.14
2458498.2038489 10.96 0.13
2458498.2041961 10.85 0.12
2458498.2045434 10.97 0.13
2458498.2048906 11.00 0.14
2458498.2050642 11.11 0.15
2458498.2054114 10.93 0.13
2458498.2055850 11.11 0.15
2458498.2059323 11.04 0.14
2458498.2062795 11.01 0.14
2458498.2066267 11.00 0.14
2458498.2071475 11.04 0.14
2458498.2073211 11.08 0.15
2458498.2078420 11.01 0.14
2458498.2080169 10.91 0.13
2458498.2083638 11.04 0.14
2458498.2085373 10.91 0.13
2458498.2087107 11.03 0.14
2458498.2088841 11.09 0.15
2458498.2095781 10.95 0.13
2458498.2099253 11.08 0.15
2458498.2104461 11.13 0.15
2458498.2106197 11.13 0.15
2458498.2107934 10.95 0.13
2458498.2109670 11.12 0.15
2458498.2114878 11.05 0.14
2458498.2121823 11.03 0.14
2458498.2127031 10.96 0.13
2458498.2128767 10.89 0.12
2458498.2132239 11.00 0.14
2458498.2133975 10.94 0.13
2458498.2135711 11.09 0.15
2458498.2137448 11.09 0.15
2458498.2142656 11.10 0.15
2458498.2144392 11.01 0.14
2458498.2146128 11.04 0.14
2458498.2149600 11.09 0.15
2458498.2151336 11.20 0.16
2458498.2153072 11.03 0.14
2458498.2154809 11.05 0.14
2458498.2156545 10.95 0.13
2458498.2160017 10.91 0.12
2458498.2161753 11.00 0.13
2458498.2165225 11.02 0.14
2458498.2166961 10.82 0.11
2458498.2170434 11.14 0.16
2458498.2172170 10.95 0.13
2458498.2173906 10.88 0.12
2458498.2177378 11.00 0.13
2458498.2179114 10.86 0.12
2458498.2180850 11.20 0.16
2458498.2182586 11.11 0.15
2458498.2186059 11.03 0.14
2458498.2187795 11.07 0.14
2458498.2189531 11.03 0.14
2458498.2191267 11.04 0.14
2458498.2193003 10.93 0.13
2458498.2196475 11.10 0.15
2458498.2198225 11.02 0.14
2458498.2199960 10.97 0.13
2458498.2203429 11.02 0.13
2458498.2205163 11.15 0.15
2458498.2206898 10.94 0.13
2458498.2208632 10.98 0.13
2458498.2217309 11.00 0.14
2458498.2219045 10.87 0.12
2458498.2220781 10.89 0.12
2458498.2222517 11.10 0.15
2458498.2224253 10.97 0.14
2458498.2227725 11.02 0.13
2458498.2231197 11.10 0.14
2458498.2232934 10.84 0.11
2458498.2234670 11.05 0.14
2458498.2239878 10.97 0.13
2458498.2253767 10.89 0.12
2458498.2260711 10.75 0.11
2458498.2264184 10.90 0.12
2458498.2265920 10.97 0.13
2458498.2267656 10.88 0.12
2458498.2271128 10.98 0.13
2458498.2272864 11.07 0.14
2458498.2276336 11.09 0.15
2458498.2278073 10.99 0.13
2458498.2279809 10.94 0.13
2458498.2281545 10.90 0.12
2458498.2286753 10.95 0.13
2458498.2288489 11.03 0.14
2458498.2293698 11.03 0.14
2458498.2297170 10.84 0.12
2458498.2300642 11.03 0.14
2458498.2302378 10.95 0.13
2458498.2304114 11.17 0.16
2458498.2309322 11.09 0.15
2458498.2311059 11.02 0.14
2458498.2312795 10.98 0.13
2458498.2314531 11.05 0.14
2458498.2316267 11.13 0.15
2458498.2318016 11.02 0.14
2458498.2319750 11.04 0.14
2458498.2321485 11.08 0.15
2458498.2323219 11.10 0.15
2458498.2324954 11.16 0.16
2458498.2328422 10.90 0.12
2458498.2330157 11.12 0.15
2458498.2333628 11.02 0.14
2458498.2335364 11.09 0.15
2458498.2337100 11.04 0.14
2458498.2338836 11.02 0.14
2458498.2340572 11.00 0.14
2458498.2342309 11.14 0.16
2458498.2344045 11.04 0.14
2458498.2347517 11.07 0.15
2458498.2349253 11.04 0.14
2458498.2350989 11.01 0.14
2458498.2352725 11.16 0.16
2458498.2354461 11.05 0.14
2458498.2357934 10.91 0.13
2458498.2359670 10.90 0.13
2458498.2361406 11.05 0.14
2458498.2363142 11.15 0.16
2458498.2371823 11.04 0.14
2458498.2375295 11.07 0.15
2458498.2377031 11.02 0.14
2458498.2385711 11.06 0.15
2458498.2387447 11.03 0.14
2458498.2389184 10.92 0.13
2458498.2390920 11.10 0.15
2458498.2394392 11.07 0.15
2458498.2397864 10.92 0.13
2458498.2399600 11.21 0.17
2458498.2401336 10.92 0.13
2458498.2403072 11.10 0.15
2458498.2406545 11.16 0.16
2458498.2408281 11.01 0.14
2458498.2410017 11.05 0.15
2458498.2416961 10.90 0.13
2458498.2420434 11.03 0.14
2458498.2422170 11.00 0.14
2458498.2423906 10.90 0.13
2458498.2425642 10.96 0.13
2458498.2427378 10.80 0.12
2458498.2432586 11.17 0.16
2458498.2441276 10.88 0.12
2458498.2443010 10.89 0.13
2458498.2444745 11.12 0.16
2458498.2446479 11.10 0.15
2458498.2448214 11.14 0.16
2458498.2449948 11.07 0.15
2458498.2451684 10.96 0.13
2458498.2453420 11.21 0.17
2458498.2456892 11.02 0.14
2458498.2458628 10.98 0.14
2458498.2462100 10.98 0.14
2458498.2463836 11.03 0.14
2458498.2465572 11.13 0.16
2458498.2467309 11.15 0.16
2458498.2469045 11.06 0.15
2458498.2470781 11.01 0.14
2458498.2475989 11.01 0.14
2458498.2484670 11.21 0.17
2458498.2489878 10.95 0.14
2458498.2491614 10.98 0.14
2458498.2493350 11.07 0.15
2458498.2503767 11.07 0.15
2458498.2508975 11.13 0.16
2458498.2510711 11.01 0.14
2458498.2517656 10.86 0.12
2458498.2519392 10.91 0.13
2458498.2521128 11.03 0.15
2458498.2522864 11.18 0.17
2458498.2531545 11.01 0.14
2458498.2533281 10.85 0.12
2458498.2538489 10.95 0.14
2458498.2540225 11.02 0.15
2458498.2543697 11.07 0.15
2458498.2548906 11.00 0.14
2458498.2550642 11.07 0.15
2458498.2552378 10.93 0.14
2458498.2568004 10.92 0.13
2458498.2573211 11.01 0.15
2458498.2578420 11.08 0.15
2458498.2580156 11.10 0.16
2458498.2581892 10.86 0.13
2458498.2590573 11.00 0.14
2458498.2592309 11.21 0.18
2458498.2606198 11.00 0.15
2458498.2607934 10.88 0.13
2458498.2609670 11.04 0.15
2458498.2616614 11.05 0.15
2458498.2627031 11.13 0.14
2458498.2628767 11.11 0.13
2458498.2630503 11.07 0.13
2458498.2632239 10.93 0.11
2458498.2633975 11.14 0.13
2458498.2635711 11.31 0.16
2458498.2637447 11.13 0.13
2458498.2639184 10.89 0.11
2458498.2640920 11.08 0.13
2458498.2642656 11.14 0.14
2458498.2644392 11.07 0.13
2458498.2646128 11.18 0.14
2458498.2647864 11.07 0.13
2458498.2649600 11.02 0.13
2458498.2651336 10.85 0.11
2458498.2653072 11.11 0.13
2458498.2654809 10.90 0.11
2458498.2660017 11.11 0.13
2458498.2661753 10.82 0.10
2458498.2663489 11.08 0.13
2458498.2666961 10.96 0.12
2458498.2670434 11.18 0.14
2458498.2672170 11.11 0.14
2458498.2673906 11.05 0.13
2458498.2675655 11.08 0.13
2458498.2677389 10.99 0.12
2458498.2679124 11.14 0.14
2458498.2680858 11.22 0.15
2458498.2682593 11.11 0.13
2458498.2684327 10.96 0.12
2458498.2686062 11.05 0.13
2458498.2687796 11.15 0.14
2458498.2689531 10.84 0.10
2458498.2691267 10.87 0.11
2458498.2693003 11.05 0.13
2458498.2694739 11.13 0.13
2458498.2696475 11.12 0.13
2458498.2698211 10.98 0.12
2458498.2699947 11.06 0.13
2458498.2703420 11.00 0.12
2458498.2705156 11.07 0.13
2458498.2706892 11.10 0.13
2458498.2708628 11.09 0.13
2458498.2712100 11.11 0.13
2458498.2713836 11.07 0.13
2458498.2715572 11.04 0.12
2458498.2717309 10.90 0.11
2458498.2719045 11.11 0.13
2458498.2722517 10.77 0.10
2458498.2724253 10.91 0.11
2458498.2725989 11.01 0.12
2458498.2727725 11.15 0.13
2458498.2731197 11.19 0.14
2458498.2732934 11.01 0.12
2458498.2734670 11.18 0.14
2458498.2736406 10.96 0.11
2458498.2739878 11.07 0.13
2458498.2741614 11.11 0.13
2458498.2743350 11.18 0.14
2458498.2745086 11.07 0.13
2458498.2746823 11.13 0.13
2458498.2748559 11.04 0.12
2458498.2750295 11.11 0.13
2458498.2752031 11.15 0.14
2458498.2753767 11.24 0.15
2458498.2755503 11.12 0.13
2458498.2757239 11.00 0.12
2458498.2758975 10.97 0.12
2458498.2760711 11.09 0.13
2458498.2762448 11.11 0.13
2458498.2764184 10.83 0.10
2458498.2765920 11.15 0.14
2458498.2767656 11.07 0.13
2458498.2769392 11.02 0.12
2458498.2771128 10.95 0.11
2458498.2772864 11.01 0.12
2458498.2776336 11.16 0.14
2458498.2778072 11.20 0.14
2458498.2781545 10.89 0.11
2458498.2783281 11.26 0.15
2458498.2785017 11.00 0.12
2458498.2786753 11.00 0.12
2458498.2788489 11.17 0.14
2458498.2790225 11.10 0.13
2458498.2791961 11.08 0.13
2458498.2793697 10.95 0.11
2458498.2795448 11.26 0.15
2458498.2797182 11.08 0.13
2458498.2798916 11.06 0.13
2458498.2800651 11.10 0.13
2458498.2802385 11.03 0.12
2458498.2804120 11.16 0.14
2458498.2805854 11.09 0.13
2458498.2807589 11.02 0.13
2458498.2809323 11.00 0.12
2458498.2811059 10.99 0.12
2458498.2812795 10.82 0.10
2458498.2814531 11.13 0.14
2458498.2816267 10.96 0.12
2458498.2819739 11.09 0.13
2458498.2821475 11.14 0.14
2458498.2823211 10.99 0.12
2458498.2826684 11.04 0.13
2458498.2828420 11.09 0.13
2458498.2830156 11.12 0.14
2458498.2831892 11.13 0.14
2458498.2833628 11.13 0.13
2458498.2835364 11.04 0.13
2458498.2837100 11.14 0.14
2458498.2838836 11.10 0.13
2458498.2840573 11.01 0.12
2458498.2844045 11.20 0.14
2458498.2847517 10.88 0.11
2458498.2849253 11.14 0.14
2458498.2850989 11.02 0.12
2458498.2852725 10.79 0.10
2458498.2854461 10.89 0.11
2458498.2856197 10.98 0.12
2458498.2857934 11.24 0.15
2458498.2859670 11.11 0.14
2458498.2863142 11.04 0.13
2458498.2864878 11.20 0.15
2458498.2866614 10.97 0.12
2458498.2868350 11.10 0.13
2458498.2871822 10.82 0.10
2458498.2873559 10.87 0.11
2458498.2875295 10.99 0.12
2458498.2877031 11.14 0.14
2458498.2878767 11.00 0.12
2458498.2880503 10.96 0.12
2458498.2889184 11.13 0.14
2458498.2890920 11.14 0.14
2458498.2892656 11.16 0.14
2458498.2894392 11.12 0.14
2458498.2896128 11.06 0.13
2458498.2897864 11.07 0.13
2458498.2899600 11.16 0.14
2458498.2903073 10.85 0.11
2458498.2904809 11.02 0.12
2458498.2906545 10.83 0.10
2458498.2910017 11.04 0.13
2458498.2913489 11.10 0.13
2458498.2915239 10.94 0.12
2458498.2916974 11.05 0.13
2458498.2918708 10.94 0.12
2458498.2920443 11.11 0.14
2458498.2922177 10.98 0.12
2458498.2923912 11.16 0.14
2458498.2925646 11.05 0.13
2458498.2927381 10.90 0.11
2458498.2929115 11.08 0.13
2458498.2930850 10.96 0.12
2458498.2936059 11.06 0.13
2458498.2937795 10.95 0.12
2458498.2939531 11.03 0.13
2458498.2941267 10.91 0.11
2458498.2943003 10.79 0.10
2458498.2948211 11.02 0.13
2458498.2949947 10.88 0.12
2458498.2951684 11.12 0.14
2458498.2953420 11.02 0.13
2458498.2955156 11.01 0.12
2458498.2958628 11.04 0.13
2458498.2960364 11.07 0.13
2458498.2962100 11.04 0.13
2458498.2963836 11.10 0.14
2458498.2965572 11.11 0.14
2458498.2967309 10.98 0.12
2458498.2969045 11.11 0.13
2458498.2970781 10.92 0.11
2458498.2974253 11.17 0.14
2458498.2975989 11.16 0.14
2458498.2977725 11.12 0.14
2458498.2979461 10.91 0.11
2458498.2981198 11.00 0.12
2458498.2982934 11.17 0.15
2458498.2984670 10.90 0.11
2458498.2986406 11.04 0.13
2458498.2991614 11.01 0.12
2458498.2993350 10.92 0.12
2458498.2995086 10.87 0.11
2458498.2996823 11.01 0.13
2458498.3000295 11.09 0.14
2458498.3003767 11.06 0.13
2458498.3005503 11.26 0.16
2458498.3007239 11.20 0.15
2458498.3008975 10.91 0.11
2458498.3010711 10.85 0.11
2458498.3012447 11.18 0.15
2458498.3014184 11.10 0.14
2458498.3019392 10.90 0.11
2458498.3021128 11.10 0.13
2458498.3022864 11.12 0.14
2458498.3024600 10.98 0.12
2458498.3028072 11.12 0.14
2458498.3029809 11.09 0.13
2458498.3031545 10.94 0.12
2458498.3033281 11.11 0.14
2458498.3035017 11.19 0.14
2458498.3038500 10.98 0.12
2458498.3040235 10.99 0.12
2458498.3041969 10.90 0.11
2458498.3043703 11.09 0.13
2458498.3047172 11.08 0.13
2458498.3048907 11.12 0.14
2458498.3050642 11.06 0.13
2458498.3052378 11.21 0.15
2458498.3055850 11.01 0.12
2458498.3057586 10.82 0.10
2458498.3059323 11.23 0.15
2458498.3061059 11.05 0.13
2458498.3062795 11.23 0.15
2458498.3064531 11.03 0.13
2458498.3066267 11.15 0.14
2458498.3068003 11.02 0.13
2458498.3069739 11.29 0.16
2458498.3071475 11.05 0.13
2458498.3073211 11.11 0.14
2458498.3074948 11.00 0.12
2458498.3076684 10.88 0.11
2458498.3078420 11.03 0.13
2458498.3080156 11.06 0.13
2458498.3081892 10.97 0.12
2458498.3083628 11.06 0.13
2458498.3085364 10.95 0.12
2458498.3087100 11.17 0.15
2458498.3090572 11.22 0.15
2458498.3092309 11.01 0.13
2458498.3094045 11.11 0.14
2458498.3095781 10.99 0.12
2458498.3100989 11.03 0.13
2458498.3104461 11.06 0.13
2458498.3106197 11.01 0.13
2458498.3107934 11.16 0.15
2458498.3109670 11.23 0.15
2458498.3111406 11.13 0.14
2458498.3113142 11.19 0.15
2458498.3114878 11.14 0.14
2458498.3116614 11.13 0.14
2458498.3118350 10.99 0.12
2458498.3120086 11.00 0.13
2458498.3123559 10.88 0.11
2458498.3125295 10.86 0.11
2458498.3127031 11.01 0.13
2458498.3128767 10.95 0.12
2458498.3130503 11.04 0.13
2458498.3132239 11.19 0.15
2458498.3133975 11.05 0.13
2458498.3135711 11.01 0.13
2458498.3137448 10.90 0.12
2458498.3142656 11.09 0.14
2458498.3144392 10.95 0.12
2458498.3146128 11.08 0.14
2458498.3147864 11.06 0.13
2458498.3149600 10.75 0.10
2458498.3153073 11.12 0.14
2458498.3156558 11.05 0.13
2458498.3158292 10.94 0.12
2458498.3160027 11.05 0.13
2458498.3161761 11.05 0.13
2458498.3163496 11.06 0.13
2458498.3165230 11.03 0.13
2458498.3168699 11.08 0.14
2458498.3170434 10.90 0.12
2458498.3172170 11.05 0.13
2458498.3173906 11.04 0.13
2458498.3175642 10.95 0.12
2458498.3177378 10.92 0.12
2458498.3179114 10.96 0.12
2458498.3180850 10.98 0.12
2458500.2349022 10.76 0.14
2458500.2355966 10.78 0.14
2458500.2357702 10.92 0.16
2458500.2359438 10.96 0.16
2458500.2361174 10.97 0.17
2458500.2375063 10.77 0.14
2458500.2378536 10.85 0.15
2458500.2382008 10.96 0.16
2458500.2383744 10.71 0.13
2458500.2399369 10.71 0.13
2458500.2430619 10.88 0.14
2458500.2432355 10.86 0.14
2458500.2439299 10.84 0.14
2458500.2441035 10.92 0.15
2458500.2447989 10.89 0.14
2458500.2451458 10.99 0.16
2458500.2453193 11.02 0.16
2458500.2454927 11.06 0.17
2458500.2458397 10.87 0.14
2458500.2465341 10.93 0.15
2458500.2470549 10.90 0.14
2458500.2477494 10.92 0.14
2458500.2479230 10.85 0.13
2458500.2480966 10.81 0.13
2458500.2484438 10.94 0.15
2458500.2487910 10.72 0.12
2458500.2489647 10.82 0.13
2458500.2493119 10.97 0.15
2458500.2503535 10.97 0.15
2458500.2505272 10.93 0.14
2458500.2507008 11.03 0.16
2458500.2508744 11.05 0.16
2458500.2510480 10.96 0.15
2458500.2515688 10.80 0.13
2458500.2517424 10.92 0.14
2458500.2519160 10.81 0.13
2458500.2520897 10.93 0.14
2458500.2538258 10.82 0.13
2458500.2543466 10.97 0.15
2458500.2548674 10.82 0.13
2458500.2553883 10.84 0.13
2458500.2564312 10.91 0.14
2458500.2569515 10.84 0.13
2458500.2572984 11.08 0.17
2458500.2578188 10.86 0.14
2458500.2590341 10.90 0.14
2458500.2593813 10.92 0.14
2458500.2600758 10.90 0.14
2458500.2604230 10.74 0.12
2458500.2607702 10.99 0.15
2458500.2635480 10.97 0.15
2458500.2637216 10.84 0.13
2458500.2640688 10.87 0.13
2458500.2645897 11.02 0.15
2458500.2647633 11.08 0.16
2458500.2654577 10.94 0.14
2458500.2663258 10.94 0.14
2458500.2664994 10.96 0.14
2458500.2670202 10.93 0.14
2458500.2671938 11.01 0.15
2458500.2673674 10.93 0.14
2458500.2677147 10.91 0.14
2458500.2678883 10.97 0.14
2458500.2682355 11.03 0.15
2458500.2687573 11.13 0.16
2458500.2701452 10.95 0.14
2458500.2704924 11.00 0.15
2458500.2710133 10.94 0.14
2458500.2720549 10.96 0.14
2458500.2722285 10.94 0.14
2458500.2724022 10.86 0.13
2458500.2729230 10.98 0.14
2458500.2739647 11.14 0.17
2458500.2741383 10.94 0.14
2458500.2744855 10.74 0.12
2458500.2750063 10.93 0.14
2458500.2751799 10.87 0.13
2458500.2753535 10.95 0.14
2458500.2762216 10.97 0.14
2458500.2763952 11.03 0.15
2458500.2770897 10.89 0.13
2458500.2774369 10.85 0.13
2458500.2777841 11.02 0.15
2458500.2779577 10.95 0.14
2458500.2781313 10.92 0.14
2458500.2791730 11.19 0.18
2458500.2796938 11.04 0.15
2458500.2802147 10.94 0.14
2458500.2805631 11.06 0.15
2458500.2814303 11.16 0.17
2458500.2822980 10.96 0.14
2458500.2824716 10.98 0.14
2458500.2833397 11.02 0.15
2458500.2838605 11.02 0.15
2458500.2840341 11.01 0.15
2458500.2845549 11.14 0.16
2458500.2847286 11.14 0.17
2458500.2859438 11.06 0.15
2458500.2866383 11.01 0.15
2458500.2868119 10.87 0.13
2458500.2876799 11.07 0.16
2458500.2892424 11.02 0.14
2458500.2895897 11.02 0.14
2458500.2901105 10.95 0.14
2458500.2902841 10.86 0.12
2458500.2911522 10.98 0.14
2458500.2914994 11.06 0.15
2458500.2918466 11.01 0.14
2458500.2920202 11.01 0.14
2458500.2921938 11.05 0.14
2458500.2925423 11.03 0.14