2458467.3673723 10.04 0.06
2458467.3685875 10.06 0.06
2458467.3687611 10.04 0.06
2458467.3692820 10.02 0.06
2458467.3694556 10.06 0.06
2458467.3696292 10.01 0.06
2458467.3698028 10.07 0.06
2458467.3699764 10.04 0.06
2458467.3701500 10.00 0.06
2458467.3704972 10.01 0.06
2458467.3706709 10.07 0.06
2458467.3708445 10.09 0.06
2458467.3710181 9.98 0.06
2458467.3711917 10.15 0.07
2458467.3715389 10.10 0.06
2458467.3722334 10.12 0.07
2458467.3724070 10.01 0.06
2458467.3725806 10.00 0.06
2458467.3727542 9.97 0.06
2458467.3734486 10.07 0.06
2458467.3737959 10.06 0.06
2458467.3739695 10.04 0.06
2458467.3741431 9.96 0.06
2458467.3744903 9.98 0.06
2458467.3746639 9.97 0.06
2458467.3748375 9.99 0.06
2458467.3753584 10.11 0.07
2458467.3757067 10.05 0.06
2458467.3758801 10.06 0.06
2458467.3760536 10.02 0.06
2458467.3764005 10.08 0.06
2458467.3765739 10.07 0.06
2458467.3767473 10.08 0.06
2458467.3770945 10.01 0.06
2458467.3772681 10.04 0.06
2458467.3774417 10.06 0.06
2458467.3776153 10.09 0.07
2458467.3777889 10.08 0.06
2458467.3781361 9.97 0.06
2458467.3783097 10.13 0.07
2458467.3784834 10.07 0.06
2458467.3786570 9.99 0.06
2458467.3788306 10.05 0.06
2458467.3791778 9.99 0.06
2458467.3803931 10.09 0.06
2458467.3805667 9.98 0.06
2458467.3807403 10.00 0.06
2458467.3809139 9.93 0.06
2458467.3810875 9.97 0.06
2458467.3812611 10.03 0.06
2458467.3814348 10.07 0.06
2458467.3816084 10.00 0.06
2458467.3817820 10.02 0.06
2458467.3819556 9.99 0.06
2458467.3821292 9.97 0.06
2458467.3824764 10.02 0.06
2458467.3826500 10.04 0.06
2458467.3828236 9.96 0.06
2458467.3829973 10.08 0.06
2458467.3831709 10.02 0.06
2458467.3833445 10.05 0.06
2458467.3835181 10.09 0.07
2458467.3838653 9.99 0.06
2458467.3840389 10.09 0.06
2458467.3842125 10.13 0.07
2458467.3843861 10.05 0.06
2458467.3847334 9.99 0.06
2458467.3850806 10.13 0.07
2458467.3852542 10.08 0.07
2458467.3854278 10.09 0.07
2458467.3857750 10.00 0.06
2458467.3859486 10.09 0.06
2458467.3861222 10.07 0.06
2458467.3862959 10.04 0.06
2458467.3866431 10.08 0.07
2458467.3873389 10.04 0.06
2458467.3876858 10.01 0.06
2458467.3878592 9.97 0.06
2458467.3880327 10.05 0.06
2458467.3882061 9.97 0.06
2458467.3883795 10.05 0.06
2458467.3885530 9.96 0.06
2458467.3887264 10.08 0.07
2458467.3889000 9.95 0.06
2458467.3892473 10.26 0.08
2458467.3894209 9.98 0.06
2458467.3895945 10.03 0.06
2458467.3897681 9.95 0.06
2458467.3901153 10.02 0.06
2458467.3902889 10.04 0.06
2458467.3908098 10.03 0.06
2458467.3909834 9.98 0.06
2458467.3913306 10.01 0.06
2458467.3915042 10.02 0.06
2458467.3920250 9.99 0.06
2458467.3923722 10.06 0.06
2458467.3932403 10.01 0.06
2458467.3934139 10.15 0.07
2458467.3935875 10.04 0.06
2458467.3937611 10.11 0.07
2458467.3939347 9.90 0.06
2458467.3941084 9.98 0.06
2458467.3942820 10.05 0.06
2458467.3944556 9.97 0.06
2458467.3946292 10.01 0.06
2458467.3948028 10.02 0.06
2458467.3949764 10.04 0.06
2458467.3951500 10.04 0.06
2458467.3953236 10.08 0.07
2458467.3954973 10.05 0.06
2458467.3956709 10.03 0.06
2458467.3958445 10.04 0.06
2458467.3960181 9.95 0.06
2458467.3961917 10.04 0.06
2458467.3967125 10.15 0.07
2458467.3968861 10.04 0.06
2458467.3970598 10.11 0.07
2458467.3974070 10.06 0.06
2458467.3975806 10.11 0.07
2458467.3979278 10.01 0.06
2458467.3981014 9.99 0.06
2458467.3982750 9.95 0.06
2458467.3986223 10.07 0.07
2458467.3987959 10.06 0.06
2458467.3991431 9.96 0.06
2458467.3993180 10.06 0.06
2458467.3994914 10.12 0.07
2458467.3996649 10.10 0.07
2458467.4000118 9.96 0.06
2458467.4001852 10.11 0.07
2458467.4003586 9.93 0.06
2458467.4005321 10.05 0.06
2458467.4007056 9.98 0.06
2458467.4008792 10.11 0.07
2458467.4010528 10.10 0.07
2458467.4015736 9.99 0.06
2458467.4017472 10.01 0.06
2458467.4019209 10.01 0.06
2458467.4020945 10.11 0.07
2458467.4024417 10.09 0.07
2458467.4027889 10.10 0.07
2458467.4031361 10.01 0.06
2458467.4034834 9.96 0.06
2458467.4038306 10.06 0.06
2458467.4041778 10.13 0.07
2458467.4046986 9.99 0.06
2458467.4052195 10.07 0.07
2458467.4053931 9.96 0.06
2458467.4055667 10.04 0.06
2458467.4057403 9.99 0.06
2458467.4060875 10.01 0.06
2458467.4062611 10.10 0.07
2458467.4064348 10.05 0.06
2458467.4067820 10.04 0.06
2458467.4071292 10.03 0.06
2458467.4073028 10.06 0.07
2458467.4078236 9.99 0.06
2458467.4079972 10.16 0.07
2458467.4083445 10.06 0.07
2458467.4086917 10.02 0.06
2458467.4090389 10.01 0.06
2458467.4093861 10.10 0.07
2458467.4095597 9.99 0.06
2458467.4100806 10.01 0.06
2458467.4102542 10.15 0.07
2458467.4106014 10.00 0.06
2458467.4107750 9.98 0.06
2458467.4109486 9.96 0.06
2458467.4111236 10.03 0.06
2458467.4112971 10.04 0.06
2458467.4118174 10.13 0.07
2458467.4121643 10.08 0.07
2458467.4123377 10.06 0.06
2458467.4125112 10.10 0.07
2458467.4128584 10.11 0.07
2458467.4130320 10.10 0.07
2458467.4133792 10.05 0.07
2458467.4137264 10.15 0.07
2458467.4139000 10.07 0.07
2458467.4140736 10.03 0.06
2458467.4142473 10.19 0.07
2458467.4144209 10.06 0.07
2458467.4145945 10.07 0.07
2458467.4147681 9.98 0.06
2458467.4152889 9.99 0.06
2458467.4154625 10.07 0.07
2458467.4156361 10.07 0.07
2458467.4159834 10.07 0.07
2458467.4161570 10.02 0.06
2458467.4163306 9.98 0.06
2458467.4165042 10.03 0.06
2458467.4171986 10.09 0.07
2458467.4173722 10.05 0.07
2458467.4177195 10.10 0.07
2458467.4178931 10.04 0.07
2458467.4185875 10.04 0.07
2458467.4187611 10.10 0.07
2458467.4189348 10.02 0.06
2458467.4191084 10.08 0.07
2458467.4192820 10.00 0.06
2458467.4194556 10.07 0.07
2458467.4201500 10.08 0.07
2458467.4203236 10.07 0.07
2458467.4204973 10.01 0.07
2458467.4206709 9.94 0.06
2458488.3044163 9.96 0.05
2458488.3045899 10.01 0.06
2458488.3047635 10.05 0.06
2458488.3051107 10.04 0.06
2458488.3052844 10.05 0.06
2458488.3056316 10.06 0.06
2458488.3058052 10.06 0.06
2458488.3059788 10.05 0.06
2458488.3061524 9.97 0.05
2458488.3064996 10.06 0.06
2458488.3066732 10.10 0.06
2458488.3070205 10.00 0.05
2458488.3071941 10.11 0.06
2458488.3075413 10.07 0.06
2458488.3077149 10.02 0.06
2458488.3078885 10.12 0.06
2458488.3080621 10.13 0.06
2458488.3082357 10.10 0.06
2458488.3084093 9.99 0.05
2458488.3087566 10.09 0.06
2458488.3089302 10.05 0.06
2458488.3091038 10.04 0.06
2458488.3092788 10.03 0.06
2458488.3094522 9.97 0.05
2458488.3097991 9.94 0.05
2458488.3099726 9.99 0.05
2458488.3101460 10.14 0.06
2458488.3103194 9.92 0.05
2458488.3104929 10.05 0.06
2458488.3108399 10.05 0.06
2458488.3111871 10.09 0.06
2458488.3115344 10.04 0.06
2458488.3117080 10.00 0.06
2458488.3120552 10.13 0.06
2458488.3124024 10.05 0.06
2458488.3130969 10.06 0.06
2458488.3132705 10.00 0.06
2458488.3134441 10.10 0.06
2458488.3136177 10.16 0.06
2458488.3139649 9.96 0.05
2458488.3141385 10.04 0.06
2458488.3143121 10.06 0.06
2458488.3144857 10.03 0.06
2458488.3146593 10.06 0.06
2458488.3148330 10.09 0.06
2458488.3150066 10.11 0.06
2458488.3153538 10.14 0.06
2458488.3157010 9.99 0.06
2458488.3160482 10.10 0.06
2458488.3167427 10.09 0.06
2458488.3169163 10.13 0.06
2458488.3170899 10.02 0.06
2458488.3174371 10.05 0.06
2458488.3176107 9.99 0.06
2458488.3177844 9.98 0.06
2458488.3179580 10.14 0.06
2458488.3181316 10.06 0.06
2458488.3183052 10.12 0.06
2458488.3184788 10.13 0.06
2458488.3186524 10.12 0.06
2458488.3189996 10.09 0.06
2458488.3191732 9.98 0.06
2458488.3193469 10.14 0.07
2458488.3195205 10.09 0.06
2458488.3196941 10.03 0.06
2458488.3198677 10.05 0.06
2458488.3203885 9.98 0.06
2458488.3207357 10.05 0.06
2458488.3210830 10.20 0.07
2458488.3214314 10.07 0.06
2458488.3216048 10.03 0.06
2458488.3217783 10.07 0.06
2458488.3219517 10.05 0.06
2458488.3221252 10.01 0.06
2458488.3222986 10.09 0.06
2458488.3224720 10.00 0.06
2458488.3226455 10.03 0.06
2458488.3228191 10.08 0.06
2458488.3229927 10.10 0.06
2458488.3231663 10.11 0.06
2458488.3233399 10.02 0.06
2458488.3235135 9.98 0.06
2458488.3236871 9.99 0.06
2458488.3238607 10.00 0.06
2458488.3242080 10.12 0.06
2458488.3243816 10.10 0.06
2458488.3245552 10.11 0.06
2458488.3247288 10.14 0.07
2458488.3249024 10.04 0.06
2458488.3250760 9.98 0.06
2458488.3254232 10.10 0.06
2458488.3255969 9.98 0.06
2458488.3257705 10.04 0.06
2458488.3261177 10.00 0.06
2458488.3264649 10.13 0.06
2458488.3266385 10.08 0.06
2458488.3273330 10.07 0.06
2458488.3275066 10.11 0.06
2458488.3276802 9.97 0.06
2458488.3278538 10.09 0.06
2458488.3280274 10.04 0.06
2458488.3282010 10.15 0.07
2458488.3283746 10.09 0.06
2458488.3288955 10.18 0.07
2458488.3290691 10.11 0.06
2458488.3292427 10.11 0.06
2458488.3294163 10.01 0.06
2458488.3295899 10.11 0.06
2458488.3297635 10.13 0.07
2458488.3301107 10.04 0.06
2458488.3302843 10.12 0.06
2458488.3306316 10.02 0.06
2458488.3308052 10.12 0.07
2458488.3309788 10.11 0.06
2458488.3313260 10.15 0.07
2458488.3314996 10.06 0.06
2458488.3318468 10.09 0.06
2458488.3320205 10.06 0.06
2458488.3323677 10.11 0.06
2458488.3325413 10.09 0.06
2458488.3327149 10.10 0.06
2458488.3328885 10.07 0.06
2458488.3330621 10.06 0.06
2458488.3334105 10.08 0.06
2458488.3337574 10.16 0.07
2458488.3339308 10.07 0.06
2458488.3342777 10.13 0.07
2458488.3344511 10.04 0.06
2458488.3347982 10.04 0.06
2458488.3349719 10.09 0.06
2458488.3351455 10.09 0.06
2458488.3353191 10.01 0.06
2458488.3356663 10.15 0.07
2458488.3358399 10.11 0.07
2458488.3360135 10.14 0.07
2458488.3361871 10.10 0.06
2458488.3365344 10.05 0.06
2458488.3368816 10.00 0.06
2458488.3370552 10.10 0.06
2458488.3372288 10.16 0.07
2458488.3374024 10.03 0.06
2458488.3377496 10.14 0.07
2458488.3382705 10.02 0.06
2458488.3384441 9.97 0.06
2458488.3387913 10.08 0.06
2458488.3389649 10.11 0.06
2458488.3396593 10.17 0.07
2458488.3401802 10.06 0.06
2458488.3405274 10.09 0.06
2458488.3407010 10.11 0.06
2458488.3408746 10.21 0.07
2458488.3412219 10.05 0.06
2458488.3413955 10.01 0.06
2458488.3415691 9.99 0.06
2458488.3417427 10.06 0.06
2458488.3419163 10.18 0.07
2458488.3420899 10.01 0.06
2458488.3424371 10.05 0.06
2458488.3427844 10.02 0.06
2458488.3429580 10.13 0.07
2458488.3431316 9.99 0.06
2458488.3433052 10.04 0.06
2458488.3436524 10.09 0.06
2458488.3438260 9.99 0.06
2458488.3439996 10.06 0.06
2458488.3441732 10.09 0.07
2458488.3445205 10.00 0.06
2458488.3446941 10.04 0.06
2458488.3448677 10.16 0.07
2458488.3450413 10.05 0.06
2458488.3455631 10.08 0.06
2458488.3457365 10.04 0.06
2458488.3459100 10.04 0.06
2458488.3460834 10.09 0.07
2458488.3466038 10.21 0.07
2458488.3467774 10.03 0.06
2458488.3469510 10.06 0.06
2458488.3472982 10.11 0.07
2458488.3478191 10.12 0.07
2458488.3479927 10.07 0.06
2458488.3481663 10.15 0.07
2458488.3485135 10.08 0.06
2458488.3488607 10.04 0.06
2458488.3495552 10.05 0.06
2458488.3497288 10.21 0.07
2458488.3500760 10.05 0.06
2458488.3507705 10.02 0.06
2458488.3509441 10.00 0.06
2458488.3512913 10.03 0.06
2458488.3516385 10.10 0.06
2458488.3521594 10.03 0.06
2458488.3523330 10.12 0.07
2458488.3525066 10.12 0.07
2458488.3528538 10.15 0.07
2458488.3532010 10.08 0.06
2458488.3533746 10.05 0.06
2458488.3535482 10.11 0.07
2458488.3537218 10.03 0.06
2458488.3538955 10.07 0.06
2458488.3542427 10.15 0.07
2458488.3545899 9.96 0.06
2458488.3547635 10.12 0.07
2458488.3549371 10.06 0.06
2458488.3551107 10.04 0.06
2458488.3556316 10.05 0.06
2458488.3559788 10.28 0.08
2458488.3561524 10.09 0.06
2458488.3566732 10.06 0.06
2458488.3573687 10.04 0.06
2458488.3578891 10.12 0.07
2458488.3580625 10.09 0.06
2458488.3585830 10.10 0.06
2458488.3587566 10.03 0.06
2458488.3589302 9.97 0.06
2458488.3592774 10.11 0.07
2458488.3594510 10.12 0.07
2458488.3596246 10.05 0.06
2458488.3597982 10.02 0.06
2458488.3599718 10.05 0.06
2458488.3601455 10.04 0.06
2458488.3603191 10.00 0.06
2458488.3604927 10.09 0.06
2458488.3606663 10.08 0.06
2458488.3611871 10.11 0.07
2458488.3613607 10.09 0.06
2458488.3615343 10.00 0.06
2458488.3617080 10.05 0.06
2458488.3618816 10.09 0.06
2458488.3622288 10.25 0.07
2458488.3625760 10.09 0.06
2458488.3627496 10.02 0.06
2458488.3632705 10.14 0.07
2458488.3637913 10.05 0.06
2458488.3639649 10.06 0.06
2458488.3644857 10.19 0.07
2458488.3646594 10.06 0.06
2458488.3648330 10.15 0.07
2458488.3650066 10.09 0.06
2458488.3651802 10.13 0.07
2458488.3653538 10.07 0.06
2458488.3655274 10.05 0.06
2458488.3657010 10.09 0.07
2458488.3658746 10.11 0.07
2458488.3660482 10.09 0.07
2458488.3662219 10.20 0.07
2458488.3665691 10.10 0.07
2458488.3667427 10.09 0.07
2458488.3669163 10.04 0.06
2458488.3670899 10.09 0.07
2458488.3672635 10.12 0.07
2458488.3674371 10.09 0.06
2458488.3676107 10.15 0.07
2458488.3677844 10.20 0.07
2458488.3679580 10.08 0.06
2458488.3681316 10.11 0.07
2458488.3683052 10.06 0.06
2458488.3684788 10.15 0.07
2458488.3686524 10.15 0.07
2458488.3688260 10.09 0.07
2458488.3690010 10.16 0.07
2458488.3691744 10.03 0.06
2458488.3693479 10.07 0.06
2458488.3695213 10.04 0.06
2458488.3696948 10.14 0.07
2458488.3698682 10.11 0.07
2458488.3700417 10.04 0.06
2458488.3702150 10.14 0.07
2458488.3703885 10.05 0.06
2458488.3705621 10.12 0.07
2458488.3707357 10.13 0.07
2458488.3709093 10.20 0.07
2458488.3712566 10.17 0.07
2458488.3714302 10.14 0.07
2458488.3716038 10.12 0.07
2458488.3717774 10.16 0.07
2458488.3719510 10.08 0.07
2458488.3721246 10.12 0.07
2458488.3722982 10.06 0.06
2458488.3724718 10.10 0.07
2458488.3726455 10.11 0.07
2458488.3728191 10.14 0.07
2458488.3729927 10.14 0.07
2458488.3736871 10.07 0.06
2458488.3738607 10.05 0.06
2458488.3740343 10.09 0.07
2458488.3742080 10.12 0.07
2458493.2519739 9.97 0.05
2458493.2524947 10.12 0.06
2458493.2526684 10.10 0.06
2458493.2528420 10.07 0.06
2458493.2530156 10.17 0.06
2458493.2531892 10.08 0.06
2458493.2533628 10.13 0.06
2458493.2535364 10.12 0.06
2458493.2537100 10.11 0.06
2458493.2538836 10.11 0.06
2458493.2540586 10.13 0.06
2458493.2542320 10.09 0.06
2458493.2544055 10.04 0.05
2458493.2545789 10.15 0.06
2458493.2547524 10.12 0.06
2458493.2550993 10.05 0.06
2458493.2552727 10.12 0.06
2458493.2554461 10.04 0.05
2458493.2556198 10.09 0.06
2458493.2561406 10.16 0.06
2458493.2563142 10.09 0.06
2458493.2564878 10.06 0.06
2458493.2566614 10.14 0.06
2458493.2568350 10.10 0.06
2458493.2570086 10.14 0.06
2458493.2571823 10.00 0.05
2458493.2573559 10.10 0.06
2458493.2575295 10.13 0.06
2458493.2577031 10.13 0.06
2458493.2578767 10.06 0.06
2458493.2582239 10.07 0.06
2458493.2583975 10.14 0.06
2458493.2585711 10.11 0.06
2458493.2587447 10.20 0.06
2458493.2590920 10.16 0.06
2458493.2592656 10.09 0.06
2458493.2594392 9.98 0.05
2458493.2596128 10.15 0.06
2458493.2599600 10.21 0.06
2458493.2601336 10.11 0.06
2458493.2603072 10.01 0.05
2458493.2604809 10.01 0.05
2458493.2608281 10.08 0.06
2458493.2610017 10.10 0.06
2458493.2611753 10.09 0.06
2458493.2615225 10.09 0.06
2458493.2616961 10.08 0.06
2458493.2618697 10.03 0.05
2458493.2622170 10.19 0.06
2458493.2623906 10.14 0.06
2458493.2625642 10.05 0.06
2458493.2627378 10.12 0.06
2458493.2629114 10.08 0.06
2458493.2630850 10.05 0.05
2458493.2632586 10.02 0.05
2458493.2634323 10.06 0.06
2458493.2636059 10.16 0.06
2458493.2637795 10.13 0.06
2458493.2639531 10.06 0.06
2458493.2641267 10.05 0.06
2458493.2643003 10.16 0.06
2458493.2644739 10.07 0.06
2458493.2646475 10.07 0.06
2458493.2648211 10.11 0.06
2458493.2649948 10.10 0.06
2458493.2651684 10.06 0.05
2458493.2653420 10.04 0.05
2458493.2655156 10.11 0.06
2458493.2656892 10.09 0.06
2458493.2658628 10.08 0.06
2458493.2660378 10.10 0.06
2458493.2662112 10.07 0.06
2458493.2663847 9.98 0.05
2458493.2665581 10.04 0.05
2458493.2667316 10.11 0.06
2458493.2669050 10.20 0.06
2458493.2670784 10.14 0.06
2458493.2672519 10.04 0.05
2458493.2675989 10.12 0.06
2458493.2681197 10.03 0.05
2458493.2682934 10.12 0.06
2458493.2684670 10.00 0.05
2458493.2686406 10.12 0.06
2458493.2688142 10.09 0.06
2458493.2689878 10.18 0.06
2458493.2693350 10.06 0.06
2458493.2696822 10.02 0.05
2458493.2698559 10.02 0.05
2458493.2700295 10.06 0.06
2458493.2707239 10.10 0.06
2458493.2708975 10.05 0.06
2458493.2712448 10.01 0.05
2458493.2714184 10.13 0.06
2458493.2715920 10.13 0.06
2458493.2717656 10.01 0.05
2458493.2721128 10.13 0.06
2458493.2722864 10.10 0.06
2458493.2724600 10.14 0.06
2458493.2726336 10.07 0.06
2458493.2729809 10.08 0.06
2458493.2731545 10.06 0.05
2458493.2735017 10.13 0.06
2458493.2736753 10.07 0.06
2458493.2738489 10.14 0.06
2458493.2740225 10.09 0.06
2458493.2741961 10.09 0.06
2458493.2743697 10.05 0.06
2458493.2745434 10.25 0.07
2458493.2747170 10.25 0.07
2458493.2748906 10.03 0.05
2458493.2750642 10.12 0.06
2458493.2754114 10.12 0.06
2458493.2761059 10.02 0.05
2458493.2762795 10.04 0.05
2458493.2764531 10.16 0.06
2458493.2766267 10.01 0.05
2458493.2768003 10.10 0.06
2458493.2769739 10.08 0.06
2458493.2773211 10.10 0.06
2458493.2776684 10.01 0.05
2458493.2780169 10.07 0.06
2458493.2781904 10.08 0.06
2458493.2783638 10.05 0.06
2458493.2785373 10.16 0.06
2458493.2787107 10.08 0.06
2458493.2788841 10.06 0.06
2458493.2790576 10.11 0.06
2458493.2794045 10.15 0.06
2458493.2795781 10.06 0.06
2458493.2799253 10.14 0.06
2458493.2800989 9.96 0.05
2458493.2802725 10.13 0.06
2458493.2804461 10.12 0.06
2458493.2806198 10.05 0.05
2458493.2809670 10.14 0.06
2458493.2813142 10.07 0.06
2458493.2814878 10.05 0.06
2458493.2816614 10.13 0.06
2458493.2818350 10.16 0.06
2458493.2820086 10.06 0.06
2458493.2821822 10.11 0.06
2458493.2823559 10.08 0.06
2458493.2825295 10.06 0.06
2458493.2827031 10.03 0.05
2458493.2828767 10.08 0.06
2458493.2830503 10.15 0.06
2458493.2832239 10.11 0.06
2458493.2833975 10.11 0.06
2458493.2835711 10.13 0.06
2458493.2837447 10.02 0.05
2458493.2839184 10.03 0.05
2458493.2840920 10.06 0.06
2458493.2842656 10.15 0.06
2458493.2849600 10.01 0.05
2458493.2851336 10.11 0.06
2458493.2853072 10.04 0.05
2458493.2854809 9.98 0.05
2458493.2856545 10.08 0.06
2458493.2858281 10.10 0.06
2458493.2860017 10.08 0.06
2458493.2861753 10.09 0.06
2458493.2863489 10.15 0.06
2458493.2865225 10.09 0.06
2458493.2868698 10.04 0.05
2458493.2875642 10.12 0.06
2458493.2879114 10.04 0.05
2458493.2880850 10.11 0.06
2458493.2884323 10.06 0.06
2458493.2886059 10.24 0.07
2458493.2887795 10.10 0.06
2458493.2889531 10.13 0.06
2458493.2891267 10.18 0.06
2458493.2893003 10.04 0.05
2458493.2894739 10.00 0.05
2458493.2896475 10.08 0.06
2458493.2898211 10.08 0.06
2458493.2899961 10.11 0.06
2458493.2901695 10.10 0.06
2458493.2903429 10.05 0.05
2458493.2905164 10.13 0.06
2458493.2906898 10.01 0.05
2458493.2908633 10.08 0.06
2458493.2910367 10.08 0.06
2458493.2912102 10.04 0.05
2458493.2913836 10.06 0.05
2458493.2919045 10.08 0.06
2458493.2920781 10.10 0.06
2458493.2924253 10.00 0.05
2458493.2929461 10.04 0.05
2458493.2931197 10.11 0.06
2458493.2932934 10.13 0.06
2458493.2934670 10.03 0.05
2458493.2938142 10.13 0.06
2458493.2939878 10.07 0.06
2458493.2941614 10.05 0.06
2458493.2943350 10.13 0.06
2458493.2945086 10.11 0.06
2458493.2946823 10.09 0.06
2458493.2948559 10.05 0.06
2458493.2950295 9.96 0.05
2458493.2952031 10.09 0.06
2458493.2953767 10.03 0.05
2458493.2955503 10.18 0.06
2458493.2958975 10.03 0.05
2458493.2967656 10.16 0.06
2458493.2969392 10.05 0.06
2458493.2971128 10.00 0.05
2458493.2974600 9.96 0.05
2458493.2976336 10.03 0.05
2458493.2978072 10.05 0.06
2458493.2979809 10.07 0.06
2458493.2981545 10.11 0.06
2458493.2983281 10.12 0.06
2458493.2985017 10.07 0.06
2458493.2986753 10.03 0.05
2458493.2988489 10.06 0.06
2458493.2990225 9.99 0.05
2458493.2991961 10.06 0.06
2458493.2993697 10.11 0.06
2458493.2998906 10.00 0.05
2458493.3002378 10.11 0.06
2458493.3004114 10.11 0.06
2458493.3005850 10.01 0.05
2458493.3007586 10.02 0.05
2458493.3018931 10.18 0.06
2458493.3021591 10.08 0.06
2458493.3023327 10.06 0.06
2458493.3026799 10.04 0.06
2458493.3028536 10.10 0.06
2458493.3032008 10.09 0.06
2458493.3033744 10.08 0.06
2458493.3040688 10.08 0.06
2458493.3042424 10.01 0.05
2458493.3044161 10.09 0.06
2458493.3045897 10.11 0.06
2458493.3047633 10.00 0.05
2458493.3049369 10.09 0.06
2458493.3051105 10.13 0.06
2458493.3052841 10.12 0.06
2458493.3054577 10.14 0.06
2458493.3056313 10.07 0.06
2458493.3058049 10.07 0.06
2458493.3059785 10.01 0.05
2458493.3061522 10.04 0.05
2458493.3063258 10.07 0.06
2458493.3064994 10.05 0.05
2458493.3070202 10.01 0.05
2458493.3071938 10.01 0.05
2458493.3073674 10.02 0.05
2458493.3075410 10.04 0.06
2458493.3077147 10.03 0.05
2458493.3078883 10.02 0.05
2458493.3080619 10.02 0.05
2458493.3084091 10.04 0.05
2458493.3089299 9.96 0.05
2458493.3091036 10.01 0.05
2458493.3092772 10.13 0.06
2458493.3094508 10.07 0.06
2458493.3096244 10.09 0.06
2458493.3097980 10.02 0.05
2458493.3099716 10.07 0.06
2458493.3101452 10.11 0.06
2458493.3108397 10.09 0.06
2458493.3111869 10.16 0.06
2458493.3113605 10.12 0.06
2458493.3115341 10.04 0.05
2458493.3117077 10.10 0.06
2458493.3118813 10.08 0.06
2458493.3120549 10.14 0.06
2458493.3122298 10.14 0.06
2458493.3124033 10.09 0.06
2458493.3125767 10.08 0.06
2458493.3130971 10.11 0.06
2458493.3132705 10.09 0.06
2458493.3134439 10.07 0.06
2458493.3136174 10.11 0.06
2458493.3137910 10.11 0.06
2458493.3139647 10.05 0.05
2458493.3141383 10.05 0.05
2458493.3143119 10.11 0.06
2458493.3144855 10.05 0.05
2458493.3146591 10.09 0.06
2458493.3148327 10.05 0.05
2458493.3150063 10.05 0.05
2458493.3151799 10.16 0.06
2458493.3153535 10.07 0.06
2458493.3155272 9.99 0.05
2458493.3158744 10.12 0.06
2458493.3162216 10.05 0.05
2458493.3163952 10.06 0.05
2458493.3167424 10.05 0.05
2458493.3169161 10.06 0.05
2458493.3170897 9.98 0.05
2458493.3172633 10.01 0.05
2458493.3174369 10.06 0.05
2458493.3176105 10.02 0.05
2458493.3177841 10.06 0.05
2458493.3181313 10.09 0.06
2458493.3183049 10.04 0.05
2458493.3184786 10.05 0.05
2458493.3186522 10.08 0.06
2458493.3188258 10.07 0.05
2458493.3189994 10.05 0.05
2458493.3191730 10.05 0.05
2458493.3195202 10.05 0.05
2458493.3196938 10.01 0.05
2458493.3198674 10.07 0.05
2458493.3200411 10.07 0.05
2458493.3203883 10.11 0.06
2458493.3205619 10.05 0.05
2458493.3209091 10.00 0.05
2458493.3214299 10.05 0.05
2458493.3216035 10.10 0.06
2458493.3217772 10.05 0.05
2458493.3224716 9.98 0.05
2458493.3229924 10.02 0.05
2458493.3231662 9.98 0.05
2458493.3235133 10.05 0.05
2458493.3236869 10.09 0.06
2458493.3240341 10.07 0.05
2458493.3242090 10.10 0.06
2458493.3245559 9.98 0.05
2458493.3247293 9.96 0.05
2458493.3249028 9.98 0.05
2458493.3250762 10.02 0.05
2458493.3252497 10.04 0.05
2458493.3254231 10.10 0.06
2458493.3257702 10.15 0.06
2458493.3261174 10.05 0.05
2458493.3264647 10.02 0.05
2458493.3266383 9.98 0.05
2458493.3268119 10.04 0.05
2458493.3269855 9.99 0.05
2458493.3273327 10.03 0.05
2458493.3275063 10.10 0.06
2458493.3276799 10.04 0.05
2458493.3280272 10.11 0.06
2458493.3282008 10.13 0.06
2458493.3283744 10.06 0.05
2458493.3285480 10.09 0.06
2458493.3288952 10.07 0.05
2458493.3290688 10.05 0.05
2458493.3292430 10.07 0.05
2458493.3294160 9.96 0.05
2458493.3295897 10.01 0.05
2458493.3299369 10.09 0.06
2458493.3302841 10.11 0.06
2458493.3306313 10.05 0.05
2458493.3308049 9.95 0.05
2458493.3311522 10.01 0.05
2458493.3313258 10.09 0.06
2458493.3314994 10.02 0.05
2458493.3316730 10.10 0.06
2458493.3318466 10.04 0.05
2458493.3320202 10.06 0.05
2458493.3323674 10.08 0.05
2458493.3325411 10.04 0.05
2458493.3327147 10.00 0.05
2458493.3328883 10.07 0.05
2458493.3330619 9.96 0.05
2458493.3334091 10.06 0.05
2458493.3341036 10.13 0.06
2458493.3342772 10.00 0.05
2458493.3344508 10.02 0.05
2458493.3346244 10.01 0.05
2458493.3347980 10.13 0.06
2458493.3349716 9.94 0.05
2458493.3351452 10.08 0.06
2458493.3353188 10.02 0.05
2458493.3354924 10.10 0.06
2458493.3356661 10.01 0.05
2458493.3358397 10.08 0.06
2458493.3363616 10.10 0.06
2458493.3365351 10.10 0.06
2458493.3367085 9.98 0.05
2458493.3368820 9.97 0.05
2458493.3370554 10.09 0.06
2458493.3372288 10.01 0.05
2458493.3374023 10.05 0.05
2458493.3375758 10.08 0.06
2458493.3377494 10.03 0.05
2458493.3379230 10.05 0.05
2458493.3380966 9.97 0.05
2458493.3382702 10.05 0.05
2458493.3384438 9.97 0.05
2458493.3386174 10.09 0.06
2458493.3387910 10.12 0.06
2458493.3389647 9.96 0.05
2458493.3391383 10.06 0.05
2458493.3394855 10.05 0.05
2458493.3398327 10.03 0.05
2458493.3400063 10.04 0.05
2458493.3401799 10.07 0.05
2458493.3403536 10.01 0.05
2458493.3407008 10.06 0.06
2458493.3408744 10.02 0.05
2458493.3410480 10.05 0.05
2458493.3415688 10.05 0.06
2458493.3417424 10.13 0.06
2458493.3419161 10.02 0.05
2458493.3420897 10.10 0.06
2458493.3424369 10.00 0.05
2458493.3426105 10.08 0.06
2458493.3429577 10.07 0.06
2458493.3431313 9.97 0.05
2458493.3433049 10.07 0.06
2458493.3434786 10.08 0.06
2458493.3438258 10.01 0.05
2458493.3439994 10.01 0.05
2458493.3441730 9.94 0.05
2458493.3443466 10.15 0.06
2458493.3445202 9.97 0.05
2458493.3446938 10.10 0.06
2458493.3448674 10.10 0.06
2458493.3453883 9.98 0.05
2458493.3455619 10.05 0.05
2458493.3457355 9.98 0.05
2458493.3460827 10.03 0.05
2458493.3466035 10.12 0.06
2458493.3467772 9.99 0.05
2458493.3469508 10.08 0.06
2458493.3471244 10.03 0.05
2458493.3474716 10.05 0.06
2458493.3476452 10.15 0.06
2458493.3485142 10.01 0.05
2458493.3486876 10.07 0.06
2458493.3492080 10.01 0.05
2458493.3493814 9.96 0.05
2458493.3495549 10.09 0.06
2458493.3497286 9.95 0.05
2458493.3502494 10.07 0.06
2458493.3504230 10.06 0.06
2458493.3505966 10.11 0.06
2458493.3507702 9.99 0.05
2458493.3511174 10.01 0.05
2458493.3518119 10.05 0.06
2458493.3519855 9.97 0.05
2458493.3523327 10.07 0.06
2458493.3525063 10.00 0.05
2458493.3528535 10.02 0.05
2458493.3530272 10.08 0.06
2458493.3532008 10.00 0.05
2458493.3535480 10.01 0.05
2458493.3537216 10.01 0.05
2458493.3540688 10.09 0.06
2458493.3542424 10.03 0.05
2458493.3545897 10.05 0.05
2458493.3547633 9.97 0.05
2458493.3549369 10.01 0.05
2458493.3551105 10.08 0.06
2458493.3554577 10.02 0.05
2458493.3556313 10.02 0.05
2458493.3558049 10.04 0.05
2458493.3559786 10.03 0.05
2458493.3561522 10.07 0.06
2458493.3564994 9.99 0.05
2458493.3568466 9.99 0.05
2458493.3570202 10.09 0.06
2458493.3571938 10.06 0.05
2458493.3577147 10.06 0.06
2458493.3578883 10.05 0.05
2458493.3582355 9.96 0.05
2458493.3584091 9.94 0.05
2458493.3585827 9.95 0.05
2458493.3587563 10.09 0.06
2458493.3591036 9.95 0.05
2458493.3599716 9.96 0.05
2458493.3601465 10.04 0.05
2458493.3604934 10.04 0.05
2458493.3606668 9.98 0.05
2458493.3608403 9.98 0.05
2458493.3610137 9.98 0.05
2458493.3611871 10.07 0.06
2458493.3613606 10.00 0.05
2458493.3615341 10.01 0.05
2458493.3617077 10.00 0.05
2458493.3618813 10.00 0.05
2458493.3620549 10.00 0.05
2458493.3622285 10.04 0.05
2458493.3624022 10.09 0.06
2458493.3629230 10.04 0.05
2458493.3630966 10.00 0.05
2458493.3632702 10.11 0.06
2458493.3634438 9.98 0.05
2458493.3636174 10.10 0.06
2458493.3637911 10.07 0.06
2458493.3639647 9.97 0.05
2458493.3641383 10.06 0.06
2458493.3643119 10.02 0.05
2458493.3644855 9.97 0.05
2458493.3646591 10.00 0.05
2458493.3650063 10.02 0.05
2458493.3655272 10.10 0.06
2458493.3657008 10.06 0.06
2458493.3658744 10.04 0.05
2458493.3660480 9.88 0.05
2458493.3662216 10.07 0.06
2458493.3665688 10.05 0.05
2458493.3667424 10.01 0.05
2458493.3669161 10.10 0.06
2458493.3670897 10.02 0.05
2458493.3672633 10.01 0.05
2458493.3676105 10.07 0.06
2458493.3677841 9.98 0.05
2458493.3683049 10.01 0.05
2458493.3686522 10.00 0.05
2458493.3688258 9.98 0.05
2458493.3689994 10.11 0.06
2458493.3691730 10.03 0.05
2458493.3695202 9.99 0.05
2458493.3696938 10.01 0.05
2458493.3698674 9.99 0.05
2458493.3700410 10.08 0.06
2458493.3702147 9.97 0.05
2458493.3703883 10.05 0.06
2458493.3705619 10.07 0.06
2458493.3707355 10.03 0.05
2458493.3709091 9.99 0.05
2458493.3712563 10.01 0.05
2458493.3714299 10.07 0.06
2458493.3716036 9.99 0.05
2458493.3717772 10.09 0.06
2458493.3719508 9.97 0.05
2458493.3721257 9.92 0.05
2458493.3722991 9.99 0.05
2458493.3724725 10.01 0.05
2458493.3726460 10.08 0.06
2458493.3728194 10.05 0.05
2458493.3729928 10.06 0.06
2458493.3731663 10.01 0.05
2458493.3733397 10.03 0.05
2458493.3735133 10.08 0.06
2458493.3736869 10.06 0.06
2458493.3738605 10.11 0.06
2458493.3742077 9.94 0.05
2458493.3743813 10.06 0.06
2458493.3754230 10.02 0.05
2458493.3757702 9.99 0.05
2458493.3761174 10.13 0.06
2458493.3762910 10.06 0.06
2458493.3764647 10.05 0.06
2458493.3766383 10.01 0.05
2458493.3769855 9.98 0.05
2458493.3776799 9.94 0.05
2458493.3778535 10.10 0.06
2458493.3780272 10.14 0.06
2458493.3782008 9.94 0.05
2458493.3783744 9.99 0.05
2458493.3785480 10.04 0.06
2458493.3787216 10.05 0.06
2458493.3792424 10.01 0.05
2458493.3794161 10.06 0.06
2458493.3797633 9.98 0.05
2458493.3799369 10.07 0.06
2458493.3801105 10.00 0.05
2458493.3802841 10.05 0.06
2458493.3804577 10.01 0.05
2458493.3806313 10.07 0.06
2458493.3808049 9.96 0.05
2458493.3809786 10.04 0.06
2458493.3813258 10.01 0.05
2458493.3814994 10.04 0.06
2458493.3818466 10.01 0.05
2458493.3823674 10.09 0.06
2458493.3825411 10.02 0.06
2458493.3827147 10.07 0.06
2458493.3828883 10.03 0.06
2458493.3830619 10.05 0.06
2458493.3832355 10.05 0.06
2458493.3835827 9.96 0.05
2458493.3837563 10.04 0.06
2458493.3841048 10.07 0.06
2458493.3842782 10.03 0.06
2458493.3846251 10.05 0.06
2458493.3847985 10.00 0.05
2458493.3849720 10.08 0.06
2458493.3851454 9.99 0.05
2458493.3853189 10.00 0.05
2458493.3856660 10.01 0.05
2458493.3860133 10.05 0.06
2458493.3861869 10.01 0.06
2458493.3863605 9.97 0.05
2458493.3865341 10.10 0.06
2458493.3868813 10.01 0.05
2458493.3870549 10.04 0.06
2458493.3874022 9.99 0.05
2458493.3875758 10.03 0.06
2458493.3879230 10.09 0.06
2458493.3880966 10.11 0.06
2458493.3882702 9.94 0.05
2458493.3884438 10.03 0.06
2458493.3889647 10.02 0.06
2458493.3891383 10.03 0.06
2458493.3893119 10.06 0.06
2458493.3894855 9.97 0.05
2458493.3896591 10.07 0.06
2458493.3898327 10.05 0.06
2458493.3901799 10.04 0.06
2458493.3903536 10.03 0.06
2458493.3907008 10.01 0.06
2458493.3908744 9.99 0.05
2458493.3912216 10.05 0.06
2458493.3913952 9.93 0.05
2458493.3915688 10.03 0.06
2458493.3917424 9.95 0.05
2458493.3919160 9.98 0.05
2458493.3920897 10.10 0.06
2458493.3922633 10.03 0.06
2458493.3926105 10.03 0.06
2458493.3927841 10.03 0.06
2458493.3929577 10.10 0.06
2458493.3931313 10.00 0.05
2458493.3933049 10.08 0.06
2458493.3934785 10.03 0.06
2458493.3936522 10.02 0.06
2458493.3938258 10.13 0.06
2458493.3939994 10.11 0.06
2458493.3941730 10.09 0.06
2458493.3943466 10.07 0.06
2458493.3945202 10.14 0.06
2458493.3946938 10.12 0.06
2458493.3948674 10.07 0.06
2458493.3950411 10.01 0.06
2458493.3952147 9.98 0.05
2458493.3955619 9.96 0.05
2458493.3957355 10.08 0.06
2458493.3959105 10.08 0.06
2458493.3962574 10.12 0.06
2458493.3966043 10.14 0.06
2458493.3969511 10.10 0.06
2458493.3971246 10.10 0.06
2458493.3978188 10.02 0.06
2458493.3979924 9.95 0.05
2458493.3981661 9.96 0.05
2458493.3983397 10.03 0.06
2458493.3985133 10.04 0.06
2458493.3986869 9.96 0.05
2458493.3988605 10.03 0.06
2458493.3990341 9.98 0.05
2458493.3992077 10.01 0.06
2458493.3993813 10.03 0.06
2458493.3995549 10.05 0.06
2458493.3997285 9.99 0.06
2458493.3999022 10.03 0.06
2458493.4000758 9.92 0.05
2458493.4002494 10.01 0.06
2458493.4004230 10.07 0.06
2458493.4007702 10.09 0.06
2458493.4011174 10.06 0.06
2458493.4018119 10.00 0.06
2458493.4019855 10.02 0.06
2458493.4021591 10.05 0.06
2458493.4023327 10.04 0.06
2458493.4025063 9.96 0.05
2458493.4028536 9.93 0.05
2458493.4032008 9.97 0.05
2458493.4033744 10.00 0.06
2458493.4037216 9.95 0.05
2458493.4038952 9.96 0.05
2458493.4040688 9.97 0.06
2458493.4042424 10.06 0.06
2458493.4044161 10.04 0.06
2458493.4045897 9.96 0.05
2458493.4049369 9.99 0.06
2458493.4051105 10.00 0.06
2458493.4052841 10.02 0.06
2458493.4054577 10.01 0.06
2458493.4058049 9.99 0.06
2458493.4059786 10.01 0.06
2458493.4061522 9.98 0.06
2458493.4063258 10.13 0.06
2458493.4068466 10.04 0.06
2458493.4071938 9.95 0.05
2458493.4075410 10.07 0.06
2458493.4077147 10.02 0.06
2458493.4078896 10.06 0.06
2458493.4080630 10.04 0.06
2458493.4084099 10.09 0.06
2458493.4085833 10.01 0.06
2458493.4091037 9.96 0.06
2458493.4094508 10.01 0.06
2458493.4097980 10.02 0.06
2458493.4101452 10.01 0.06
2458493.4103188 10.01 0.06
2458493.4106661 9.95 0.06
2458493.4108397 10.03 0.06
2458493.4110133 9.98 0.06
2458493.4111869 10.03 0.06
2458493.4115341 10.07 0.06
2458493.4120549 9.95 0.06
2458493.4122286 10.12 0.06
2458493.4124022 10.07 0.06
2458493.4125758 10.09 0.06
2458493.4127494 9.93 0.06
2458493.4132702 10.05 0.06
2458493.4134438 10.14 0.07
2458493.4137911 10.00 0.06
2458493.4139647 9.96 0.06
2458493.4141383 10.06 0.06
2458493.4143119 9.94 0.06
2458493.4144855 10.07 0.06
2458493.4146591 10.02 0.06
2458493.4148327 10.03 0.06
2458493.4150063 9.95 0.06
2458493.4153535 10.03 0.06
2458493.4155272 10.12 0.07
2458493.4157008 9.99 0.06
2458494.3448211 10.16 0.13
2458494.3451684 10.26 0.12
2458494.3456892 10.11 0.09
2458494.3458628 9.93 0.07
2458494.3460364 10.08 0.08
2458494.3462100 10.03 0.08
2458494.3463836 10.05 0.08
2458494.3465573 10.02 0.08
2458494.3467309 10.07 0.08
2458494.3472517 10.14 0.09
2458494.3474253 9.89 0.07
2458494.3477725 9.94 0.07
2458494.3479462 9.97 0.07
2458494.3484670 10.07 0.08
2458494.3486406 10.00 0.08
2458494.3489878 10.13 0.09
2458494.3491614 9.98 0.07
2458494.3493350 9.94 0.07
2458494.3500295 9.99 0.08
2458494.3508975 10.01 0.08
2458494.3510711 9.98 0.08
2458494.3512447 9.90 0.07
2458494.3517656 9.98 0.08
2458494.3519392 10.12 0.09
2458494.3522864 9.88 0.07
2458494.3524600 10.16 0.09
2458494.3526336 10.15 0.09
2458494.3528073 10.16 0.09
2458494.3529809 10.06 0.08
2458494.3535031 10.03 0.08
2458494.3536765 10.10 0.09
2458494.3538500 10.04 0.09
2458494.3543703 9.92 0.08
2458494.3545438 10.07 0.09
2458494.3554114 10.05 0.10
2458494.3566267 10.13 0.11
2458494.3571475 9.81 0.09
2458494.3574947 10.19 0.13
2458494.3576684 10.07 0.11
2458494.3580156 10.07 0.11
2458494.3583628 9.95 0.10
2458494.3592309 10.26 0.13
2458494.3609670 10.18 0.14
2458494.3621823 9.93 0.12
2458494.3623559 9.95 0.12
2458494.3627031 9.87 0.12
2458494.3633975 9.88 0.12
2458494.3637447 9.92 0.13
2458494.3639184 10.11 0.15
2458494.3640920 10.07 0.15
2458494.3646128 9.80 0.13
2458494.3679123 9.42 0.14
2458495.1342424 10.06 0.09
2458495.1344161 10.22 0.11
2458495.1345897 10.20 0.11
2458495.1347646 10.15 0.10
2458495.1351115 10.02 0.09
2458495.1352849 10.08 0.09
2458495.1354584 10.03 0.09
2458495.1356318 10.13 0.10
2458495.1359787 10.15 0.10
2458495.1363258 10.12 0.10
2458495.1366730 10.10 0.09
2458495.1368466 10.06 0.09
2458495.1370202 10.16 0.10
2458495.1373674 10.03 0.09
2458495.1375410 10.05 0.09
2458495.1378883 10.19 0.10
2458495.1380619 10.02 0.09
2458495.1382355 10.14 0.10
2458495.1387563 10.05 0.09
2458495.1389299 9.96 0.08
2458495.1391035 10.06 0.09
2458495.1392772 10.05 0.09
2458495.1396244 10.13 0.10
2458495.1399716 10.11 0.09
2458495.1401452 10.23 0.10
2458495.1404924 10.11 0.09
2458495.1406661 10.14 0.10
2458495.1408397 10.26 0.11
2458495.1411869 10.05 0.09
2458495.1413605 10.13 0.10
2458495.1415341 10.02 0.09
2458495.1417077 10.19 0.10
2458495.1420549 10.05 0.09
2458495.1425758 10.10 0.09
2458495.1427494 10.17 0.10
2458495.1429230 10.18 0.10
2458495.1432702 10.12 0.09
2458495.1436174 10.10 0.09
2458495.1437911 10.06 0.09
2458495.1439647 10.01 0.09
2458495.1441383 10.13 0.09
2458495.1443119 10.28 0.11
2458495.1446591 10.17 0.10
2458495.1448327 10.17 0.10
2458495.1450063 10.08 0.09
2458495.1451799 9.88 0.08
2458495.1453535 10.06 0.09
2458495.1457008 10.11 0.09
2458495.1458744 10.09 0.09
2458495.1462216 10.16 0.10
2458495.1463952 10.11 0.09
2458495.1465688 10.00 0.08
2458495.1469172 10.08 0.09
2458495.1470907 10.08 0.09
2458495.1472641 10.13 0.10
2458495.1474375 10.22 0.10
2458495.1477844 10.11 0.09
2458495.1479579 10.23 0.10
2458495.1481313 10.03 0.09
2458495.1483049 10.20 0.10
2458495.1484786 9.99 0.08
2458495.1486522 10.04 0.09
2458495.1488258 10.06 0.09
2458495.1489994 10.11 0.09
2458495.1491730 10.08 0.09
2458495.1493466 10.12 0.09
2458495.1495202 9.95 0.08
2458495.1498674 10.11 0.09
2458495.1500411 10.03 0.08
2458495.1502147 10.05 0.09
2458495.1503883 10.07 0.09
2458495.1507355 10.13 0.09
2458495.1510827 10.02 0.08
2458495.1512563 10.05 0.09
2458495.1514299 10.01 0.08
2458495.1516036 10.04 0.09
2458495.1517772 9.97 0.08
2458495.1519508 10.00 0.08
2458495.1521244 9.95 0.08
2458495.1522980 9.99 0.08
2458495.1524716 10.08 0.09
2458495.1526452 10.05 0.09
2458495.1528188 10.08 0.09
2458495.1529924 10.00 0.08
2458495.1531660 9.97 0.08
2458495.1533397 9.92 0.08
2458495.1535133 10.10 0.09
2458495.1536869 10.13 0.09
2458495.1542077 10.16 0.10
2458495.1545549 10.09 0.09
2458495.1549022 10.05 0.09
2458495.1550758 10.02 0.08
2458495.1552494 9.99 0.08
2458495.1554230 10.02 0.08
2458495.1557702 10.06 0.09
2458495.1559438 10.03 0.08
2458495.1561174 10.14 0.09
2458495.1562911 10.09 0.09
2458495.1564647 10.08 0.09
2458495.1566383 10.07 0.09
2458495.1568119 10.16 0.10
2458495.1571591 10.02 0.08
2458495.1575063 10.03 0.08
2458495.1576799 10.23 0.10
2458495.1578536 10.03 0.08
2458495.1580272 10.09 0.09
2458495.1582008 10.09 0.09
2458495.1583744 10.01 0.08
2458495.1585480 10.02 0.08
2458495.1587230 10.09 0.09
2458495.1588964 10.04 0.08
2458495.1590699 10.18 0.10
2458495.1595902 10.12 0.09
2458495.1597636 10.07 0.09
2458495.1599371 10.11 0.09
2458495.1601105 10.01 0.08
2458495.1604577 10.09 0.09
2458495.1606313 10.07 0.09
2458495.1608049 10.08 0.09
2458495.1609785 10.17 0.09
2458495.1613258 9.99 0.08
2458495.1616730 10.11 0.09
2458495.1618466 10.02 0.08
2458495.1621938 10.01 0.08
2458495.1623674 10.05 0.08
2458495.1625410 10.11 0.09
2458495.1628883 10.12 0.09
2458495.1630619 10.08 0.09
2458495.1632355 10.04 0.08
2458495.1634091 10.11 0.09
2458495.1635827 9.97 0.08
2458495.1637563 10.13 0.09
2458495.1644508 10.18 0.10
2458495.1646244 10.07 0.09
2458495.1649716 10.08 0.09
2458495.1651452 10.10 0.09
2458495.1653188 9.98 0.08
2458495.1654924 9.97 0.08
2458495.1656660 10.11 0.09
2458495.1658397 10.07 0.09
2458495.1660133 10.07 0.09
2458495.1661869 10.08 0.09
2458495.1663605 10.01 0.08
2458495.1665341 10.07 0.09
2458495.1667077 10.00 0.08
2458495.1670549 10.08 0.09
2458495.1672285 9.91 0.07
2458495.1674022 10.01 0.08
2458495.1675758 10.05 0.08
2458495.1677494 10.17 0.09
2458495.1679230 10.02 0.08
2458495.1680966 9.93 0.08
2458495.1684438 10.08 0.09
2458495.1686174 9.94 0.08
2458495.1687910 9.94 0.08
2458495.1689647 10.17 0.09
2458495.1691383 10.10 0.09
2458495.1693119 10.09 0.09
2458495.1694855 10.07 0.09
2458495.1696591 10.12 0.09
2458495.1698327 9.96 0.08
2458495.1700063 10.18 0.09
2458495.1701799 9.98 0.08
2458495.1705272 9.97 0.08
2458495.1707022 9.95 0.08
2458495.1708756 10.03 0.08
2458495.1710491 10.11 0.09
2458495.1712225 10.01 0.08
2458495.1713960 10.04 0.08
2458495.1715694 9.97 0.08
2458495.1717428 10.00 0.08
2458495.1719163 9.95 0.08
2458495.1720897 9.92 0.07
2458495.1722633 10.05 0.08
2458495.1724369 10.10 0.09
2458495.1726105 10.08 0.09
2458495.1727841 10.08 0.09
2458495.1729577 10.01 0.08
2458495.1731313 9.91 0.07
2458495.1734786 10.17 0.09
2458495.1736522 9.97 0.08
2458495.1738258 10.00 0.08
2458495.1739994 10.08 0.09
2458495.1743466 10.09 0.09
2458495.1750411 10.05 0.08
2458495.1752147 9.94 0.07
2458495.1753883 9.98 0.08
2458495.1755619 10.10 0.09
2458495.1757355 9.95 0.07
2458495.1759091 9.97 0.08
2458495.1760827 10.01 0.08
2458495.1762563 10.07 0.08
2458495.1764299 10.13 0.09
2458495.1766035 10.05 0.08
2458495.1769508 10.27 0.10
2458495.1774716 10.02 0.08
2458495.1778188 10.14 0.09
2458495.1779924 9.99 0.08
2458495.1781660 10.11 0.09
2458495.1783397 10.05 0.08
2458495.1786869 10.02 0.08
2458495.1788605 10.02 0.08
2458495.1790341 9.99 0.08
2458495.1793813 10.15 0.09
2458495.1795549 10.05 0.08
2458495.1797286 9.94 0.07
2458495.1800758 10.07 0.08
2458495.1802494 10.22 0.09
2458495.1804230 10.02 0.08
2458495.1805966 10.23 0.10
2458495.1809438 9.99 0.08
2458495.1812911 9.93 0.07
2458495.1816383 10.03 0.08
2458495.1819855 10.07 0.08
2458495.1821591 10.01 0.08
2458495.1823327 10.07 0.08
2458495.1826799 10.12 0.09
2458495.1830283 10.02 0.08
2458495.1832017 10.07 0.08
2458495.1833752 10.01 0.08
2458495.1835486 10.12 0.09
2458495.1837221 10.08 0.08
2458495.1838955 10.05 0.08
2458495.1842424 10.19 0.09
2458495.1844160 10.01 0.08
2458495.1847633 10.13 0.09
2458495.1851105 10.01 0.08
2458495.1858049 10.05 0.08
2458495.1859785 10.01 0.08
2458495.1861522 10.10 0.08
2458495.1863258 9.99 0.07
2458495.1864994 10.06 0.08
2458495.1866730 10.01 0.08
2458495.1868466 10.03 0.08
2458495.1870202 10.09 0.08
2458495.1875411 9.99 0.07
2458495.1885827 9.99 0.07
2458495.1887563 10.14 0.09
2458495.1889299 9.88 0.07
2458495.1891036 9.97 0.07
2458495.1892772 10.00 0.08
2458495.1894508 9.97 0.07
2458495.1896244 9.98 0.07
2458495.1897980 10.03 0.08
2458495.1899716 9.97 0.07
2458495.1904924 9.96 0.07
2458495.1906661 10.06 0.08
2458495.1910133 9.98 0.07
2458495.1911869 10.05 0.08
2458495.1915341 10.01 0.08
2458495.1917077 10.01 0.08
2458495.1920549 9.99 0.07
2458495.1924022 10.11 0.08
2458495.1925758 10.02 0.08
2458495.1927494 10.12 0.08
2458495.1930966 10.04 0.08
2458495.1932702 10.05 0.08
2458495.1936174 10.09 0.08
2458495.1939647 10.08 0.08
2458495.1941383 9.99 0.07
2458495.1943119 10.09 0.08
2458495.1944855 10.06 0.08
2458495.1946591 9.97 0.07
2458495.1950075 9.97 0.07
2458495.1951809 10.11 0.08
2458495.1953544 10.04 0.08
2458495.1957013 10.03 0.08
2458495.1958747 9.95 0.07
2458495.1960481 9.98 0.07
2458495.1962216 9.99 0.07
2458495.1963952 10.05 0.08
2458495.1965688 10.00 0.07
2458495.1967424 9.97 0.07
2458495.1969161 10.08 0.08
2458495.1970897 9.94 0.07
2458495.1972633 10.02 0.08
2458495.1976105 9.91 0.07
2458495.1979577 10.04 0.08
2458495.1981313 9.95 0.07
2458495.1983049 10.07 0.08
2458495.1984786 9.99 0.07
2458495.1986522 9.91 0.07
2458495.1988258 9.85 0.06
2458495.1989994 10.03 0.08
2458495.1991730 10.06 0.08
2458495.1993466 10.02 0.08
2458495.1995202 10.03 0.08
2458495.1996938 10.00 0.08
2458495.1998674 10.00 0.07
2458495.2002147 10.02 0.08
2458495.2003883 9.96 0.07
2458495.2005619 10.11 0.08
2458495.2009091 9.99 0.07
2458495.2010827 10.09 0.08
2458495.2016035 10.04 0.08
2458495.2017772 10.07 0.08
2458495.2021244 10.13 0.08
2458495.2024716 10.03 0.08
2458495.2028188 10.12 0.08
2458495.2029924 9.98 0.07
2458495.2031661 10.06 0.08
2458495.2033397 9.90 0.07
2458495.2035133 10.13 0.08
2458495.2036869 9.95 0.07
2458495.2040341 10.09 0.08
2458495.2042077 10.02 0.08
2458495.2043813 10.11 0.08
2458495.2045549 10.10 0.08
2458495.2047286 10.01 0.08
2458495.2049022 9.99 0.07
2458495.2050758 10.13 0.08
2458495.2052494 10.03 0.08
2458495.2054230 10.05 0.08
2458495.2055966 9.93 0.07
2458495.2059438 10.05 0.08
2458495.2061174 10.09 0.08
2458495.2062911 9.99 0.07
2458495.2064647 10.25 0.09
2458495.2066383 10.07 0.08
2458495.2068132 10.08 0.08
2458495.2075070 10.10 0.08
2458495.2078539 10.02 0.08
2458495.2080274 9.96 0.07
2458495.2083744 10.09 0.08
2458495.2087216 10.01 0.08
2458495.2088952 10.02 0.08
2458495.2090688 10.04 0.08
2458495.2092424 10.06 0.08
2458495.2094160 10.12 0.08
2458495.2097633 9.97 0.07
2458495.2099369 10.10 0.08
2458495.2101105 9.97 0.07
2458495.2102841 10.04 0.08
2458495.2104577 9.99 0.07
2458495.2106313 9.96 0.07
2458495.2108049 10.17 0.09
2458495.2109786 10.05 0.08
2458495.2113258 10.06 0.08
2458495.2114994 9.98 0.07
2458495.2116730 10.00 0.08
2458495.2118466 9.98 0.07
2458495.2120202 9.96 0.07
2458495.2123674 10.02 0.08
2458495.2125411 10.04 0.08
2458495.2128883 10.06 0.08
2458495.2130619 10.08 0.08
2458495.2132355 10.09 0.08
2458495.2134091 10.11 0.08
2458495.2137563 10.03 0.08
2458495.2139299 10.14 0.08
2458495.2142772 10.02 0.08
2458495.2144508 9.92 0.07
2458495.2147980 10.16 0.08
2458495.2161869 10.04 0.08
2458495.2163605 9.99 0.07
2458495.2165341 10.05 0.08
2458495.2167077 10.08 0.08
2458495.2168813 9.95 0.07
2458495.2170549 9.94 0.07
2458495.2172285 10.02 0.07
2458495.2177494 9.95 0.07
2458495.2179230 9.94 0.07
2458495.2180966 10.13 0.08
2458495.2182702 10.09 0.08
2458495.2184438 10.01 0.07
2458495.2186174 10.02 0.07
2458495.2187924 10.17 0.08
2458495.2189658 10.04 0.08
2458495.2191393 10.03 0.08
2458495.2194862 9.92 0.07
2458495.2201799 10.08 0.08
2458495.2205272 10.00 0.07
2458495.2229577 10.07 0.08
2458495.2231313 10.02 0.08
2458495.2236522 10.10 0.08
2458495.2238258 10.01 0.07
2458495.2239994 10.09 0.08
2458495.2241730 10.08 0.08
2458495.2243466 10.01 0.07
2458495.2245202 10.07 0.08
2458495.2246938 10.09 0.08
2458495.2248674 10.10 0.08
2458495.2250410 10.11 0.08
2458495.2252147 10.06 0.08
2458495.2253883 10.06 0.08
2458495.2257355 10.23 0.09
2458495.2264299 10.06 0.08
2458495.2266036 10.01 0.07
2458495.2272980 10.09 0.08
2458495.2274716 10.12 0.08
2458495.2278188 10.09 0.08
2458495.2281661 10.07 0.08
2458495.2285133 10.02 0.07
2458495.2286869 10.10 0.08
2458495.2290341 10.14 0.08
2458495.2292077 10.10 0.08
2458495.2293813 10.12 0.08
2458495.2295549 10.20 0.09
2458495.2297286 10.02 0.07
2458495.2299022 10.07 0.08
2458495.2304230 10.08 0.08
2458495.2312919 10.02 0.07
2458495.2316388 10.08 0.08
2458495.2318122 10.09 0.08
2458495.2319857 10.00 0.07
2458495.2321591 10.03 0.07
2458495.2323327 10.04 0.07
2458495.2325063 10.15 0.08
2458495.2328535 10.02 0.07
2458495.2330272 10.03 0.07
2458495.2332008 10.02 0.07
2458495.2333744 10.02 0.07
2458495.2335480 9.99 0.07
2458495.2340688 10.09 0.08
2458495.2342424 10.11 0.08
2458495.2344161 10.10 0.08
2458495.2345897 10.07 0.07
2458495.2347633 10.15 0.08
2458495.2349369 10.10 0.08
2458495.2351105 10.00 0.07
2458495.2352841 10.08 0.08
2458495.2358049 10.13 0.08
2458495.2359785 9.98 0.07
2458495.2361522 10.09 0.08
2458495.2364994 10.02 0.07
2458495.2366730 10.02 0.07
2458495.2368466 10.03 0.07
2458495.2370202 10.03 0.07
2458495.2371938 9.99 0.07
2458495.2373674 10.09 0.08
2458495.2377147 10.00 0.07
2458495.2378883 9.92 0.07
2458495.2380619 10.11 0.08
2458495.2382355 10.10 0.08
2458495.2384091 10.02 0.07
2458495.2385827 10.09 0.08
2458495.2387563 10.10 0.08
2458495.2389299 10.14 0.08
2458495.2391035 10.10 0.08
2458495.2392772 9.96 0.07
2458495.2394508 10.12 0.08
2458495.2403188 9.97 0.07
2458495.2404924 10.06 0.07
2458495.2417077 10.09 0.08
2458495.2420549 10.01 0.07
2458495.2424022 9.99 0.07
2458495.2425758 10.06 0.07
2458495.2427508 10.04 0.07
2458495.2429242 10.14 0.08
2458495.2434445 10.05 0.07
2458495.2437914 10.15 0.08
2458495.2439649 9.99 0.07
2458495.2441383 10.03 0.07
2458495.2443119 10.08 0.08
2458495.2446591 9.98 0.07
2458495.2450063 10.00 0.07
2458495.2451799 10.05 0.07
2458495.2453536 10.10 0.08
2458495.2457008 10.09 0.08
2458495.2462216 10.06 0.07
2458495.2465688 10.15 0.08
2458495.2467424 10.08 0.08
2458495.2469160 10.09 0.08
2458495.2470897 10.10 0.08
2458495.2472633 10.00 0.07
2458495.2474369 10.07 0.08
2458495.2483049 10.04 0.07
2458495.2484785 10.02 0.07
2458495.2486522 10.02 0.07
2458495.2488258 9.95 0.07
2458495.2489994 9.99 0.07
2458495.2493466 10.09 0.08
2458495.2495202 10.08 0.08
2458495.2498674 9.95 0.07
2458495.2500411 9.94 0.07
2458495.2502147 10.10 0.08
2458495.2503883 10.12 0.08
2458495.2505619 9.96 0.07
2458495.2507355 9.98 0.07
2458495.2509091 10.07 0.07
2458495.2510827 9.85 0.06
2458495.2512563 10.03 0.07
2458495.2514299 10.05 0.07
2458495.2516036 10.00 0.07
2458495.2517772 10.04 0.07
2458495.2519508 10.06 0.08
2458495.2521244 10.13 0.08
2458495.2522980 10.06 0.07
2458495.2526452 10.05 0.07
2458495.2529924 10.08 0.08
2458495.2535133 10.18 0.08
2458495.2536869 10.06 0.07
2458495.2540341 10.17 0.08
2458495.2542077 10.06 0.08
2458495.2545549 9.99 0.07
2458495.2550769 10.03 0.07
2458495.2552503 9.99 0.07
2458495.2555972 10.06 0.07
2458495.2557706 10.00 0.07
2458495.2561175 10.09 0.08
2458495.2562910 10.05 0.07
2458495.2571591 10.04 0.07
2458495.2573327 9.98 0.07
2458495.2575063 9.93 0.06
2458495.2576799 9.97 0.07
2458495.2580272 10.11 0.08
2458495.2582008 10.00 0.07
2458495.2583744 10.01 0.07
2458495.2585480 9.96 0.07
2458495.2588952 10.01 0.07
2458495.2594161 10.03 0.07
2458495.2597633 9.97 0.07
2458495.2601105 10.09 0.07
2458495.2602841 10.10 0.07
2458495.2606313 10.03 0.07
2458495.2608049 9.96 0.07
2458495.2609786 9.96 0.07
2458495.2611522 10.03 0.07
2458495.2613258 10.10 0.07
2458495.2614994 10.01 0.07
2458495.2616730 10.18 0.08
2458495.2620202 9.92 0.06
2458495.2621938 9.99 0.07
2458495.2623674 9.99 0.07
2458495.2625410 10.13 0.08
2458495.2628883 10.04 0.07
2458495.2630619 10.08 0.07
2458495.2634091 10.04 0.07
2458495.2637563 10.12 0.08
2458495.2639299 9.99 0.07
2458495.2641035 9.97 0.07
2458495.2644508 10.05 0.07
2458495.2646244 10.03 0.07
2458495.2647980 10.03 0.07
2458495.2649716 10.00 0.07
2458495.2651452 9.95 0.07
2458495.2653188 10.05 0.07
2458495.2654924 10.17 0.08
2458495.2656661 10.01 0.07
2458495.2658397 10.04 0.07
2458495.2663605 9.99 0.07
2458495.2665341 9.96 0.07
2458495.2667077 9.97 0.07
2458495.2668826 10.05 0.07
2458495.2670561 10.02 0.07
2458495.2672295 9.99 0.07
2458495.2674030 9.98 0.07
2458495.2675764 10.04 0.07
2458495.2677498 10.06 0.07
2458495.2680967 10.06 0.07
2458495.2684438 10.06 0.07
2458495.2686174 9.84 0.06
2458495.2687911 9.96 0.07
2458495.2689647 10.05 0.07
2458495.2691383 10.01 0.07
2458495.2698327 10.05 0.07
2458495.2700063 9.99 0.07
2458495.2701799 10.04 0.07
2458495.2703535 10.08 0.07
2458495.2705272 9.98 0.07
2458495.2707008 10.02 0.07
2458495.2708744 9.97 0.07
2458495.2710480 10.08 0.07
2458495.2712216 9.96 0.07
2458495.2713952 10.00 0.07
2458495.2715688 10.00 0.07
2458495.2722633 9.96 0.07
2458495.2724369 9.97 0.07
2458495.2726105 10.03 0.07
2458495.2727841 10.06 0.07
2458495.2729577 9.94 0.06
2458495.2733049 10.13 0.08
2458495.2734786 9.98 0.07
2458495.2736522 10.04 0.07
2458495.2738258 9.98 0.07
2458495.2739994 10.05 0.07
2458495.2741730 10.11 0.07
2458495.2743466 9.95 0.07
2458495.2745202 9.94 0.06
2458495.2746938 10.01 0.07
2458495.2748674 10.13 0.08
2458495.2750411 10.03 0.07
2458495.2752147 10.03 0.07
2458495.2753883 9.96 0.07
2458495.2755619 9.99 0.07
2458495.2757355 10.03 0.07
2458495.2759091 10.02 0.07
2458495.2760827 10.11 0.07
2458495.2762563 9.90 0.06
2458495.2764299 9.92 0.06
2458495.2767772 10.07 0.07
2458495.2769508 10.00 0.07
2458495.2771244 10.06 0.07
2458495.2772980 9.98 0.07
2458495.2774716 10.18 0.08
2458495.2776452 10.09 0.07
2458495.2778188 10.02 0.07
2458495.2781660 10.05 0.07
2458495.2783397 10.10 0.07
2458495.2785133 10.04 0.07
2458495.2786869 10.05 0.07
2458495.2790353 10.12 0.08
2458495.2792087 9.99 0.07
2458495.2795556 10.10 0.07
2458495.2797290 10.05 0.07
2458495.2799025 10.02 0.07
2458495.2800759 10.17 0.08
2458495.2804230 10.08 0.07
2458495.2805966 10.16 0.08
2458495.2809438 9.96 0.07
2458495.2812911 9.98 0.07
2458495.2814647 10.01 0.07
2458495.2816383 9.96 0.07
2458495.2818119 10.01 0.07
2458495.2819855 10.16 0.08
2458495.2821591 10.02 0.07
2458495.2823327 10.04 0.07
2458495.2825063 10.15 0.08
2458495.2826799 10.01 0.07
2458495.2828536 10.15 0.08
2458495.2830272 10.04 0.07
2458495.2832008 10.13 0.08
2458495.2833744 10.06 0.07
2458495.2835480 10.18 0.08
2458495.2837216 9.95 0.06
2458495.2838952 10.10 0.07
2458495.2842424 9.99 0.07
2458495.2844161 10.12 0.07
2458495.2845897 10.11 0.07
2458495.2847633 10.19 0.08
2458495.2849369 10.02 0.07
2458495.2851105 10.09 0.07
2458495.2852841 10.10 0.07
2458495.2854577 10.03 0.07
2458495.2856313 10.09 0.07
2458495.2858049 10.12 0.08
2458495.2859785 10.13 0.08
2458495.2863258 10.00 0.07
2458495.2864994 10.16 0.08
2458495.2868466 10.09 0.07
2458495.2871938 10.06 0.07
2458495.2873674 10.08 0.07
2458495.2878883 10.07 0.07
2458495.2880619 10.08 0.07
2458495.2884091 9.95 0.06
2458495.2887563 10.11 0.08
2458495.2889299 10.20 0.08
2458495.2891036 10.11 0.08
2458495.2892772 10.06 0.07
2458495.2894508 10.01 0.07
2458495.2896244 10.12 0.08
2458495.2897980 10.11 0.08
2458495.2899716 10.02 0.07
2458495.2901452 10.07 0.07
2458495.2903188 10.12 0.08
2458495.2904924 10.02 0.07
2458495.2908410 10.08 0.07
2458495.2911879 10.02 0.07
2458495.2913614 10.10 0.08
2458495.2915348 10.09 0.07
2458495.2917083 10.10 0.07
2458495.2918817 10.16 0.08
2458495.2920551 10.10 0.07
2458495.2922286 10.06 0.07
2458495.2929230 10.00 0.07
2458495.2930966 10.01 0.07
2458495.2932702 10.05 0.07
2458495.2939647 10.01 0.07
2458495.2948327 10.14 0.08
2458495.2962216 10.13 0.08
2458495.2969160 10.07 0.07
2458495.2972633 10.11 0.07
2458495.2976105 10.08 0.07
2458495.2979577 10.08 0.07
2458495.2981313 10.10 0.07
2458495.2983049 9.98 0.07
2458495.2986522 10.06 0.07
2458495.2995202 9.99 0.07
2458495.2996938 10.02 0.07
2458495.2998674 10.05 0.07
2458495.3002147 10.08 0.07
2458495.3003883 10.11 0.07
2458495.3005619 10.09 0.07
2458495.3007355 10.07 0.07
2458495.3009091 10.00 0.07
2458495.3010827 10.10 0.07
2458495.3012563 10.04 0.07
2458495.3019508 10.07 0.07
2458495.3031671 10.10 0.07
2458495.3035140 10.01 0.07
2458495.3038609 10.07 0.07
2458495.3050758 10.14 0.08
2458495.3057702 10.08 0.07
2458495.3061174 9.95 0.07
2458495.3062911 10.05 0.07
2458495.3064647 10.01 0.07
2458495.3066383 10.08 0.07
2458495.3068119 10.09 0.07
2458495.3069855 10.13 0.08
2458495.3071591 9.93 0.06
2458495.3076799 10.02 0.07
2458495.3078536 10.00 0.07
2458495.3080272 10.04 0.07
2458495.3082008 10.04 0.07
2458495.3085480 10.05 0.07
2458495.3087216 10.03 0.07
2458495.3088952 9.90 0.06
2458495.3094160 10.09 0.07
2458495.3108049 10.13 0.08
2458495.3113258 9.97 0.07
2458495.3114994 10.07 0.07
2458495.3118466 10.05 0.07
2458495.3120202 10.05 0.07
2458495.3121938 9.96 0.07
2458495.3123674 10.02 0.07
2458495.3125411 10.12 0.08
2458495.3128883 10.00 0.07
2458495.3132355 10.13 0.08
2458495.3134091 9.88 0.06
2458495.3135827 10.05 0.07
2458495.3139299 10.04 0.07
2458495.3142772 10.05 0.07
2458495.3149729 10.04 0.07
2458495.3151463 10.07 0.07
2458498.2002031 9.99 0.06
2458498.2007239 10.10 0.06
2458498.2008975 10.04 0.06
2458498.2010711 9.99 0.06
2458498.2015920 9.99 0.06
2458498.2021128 10.11 0.06
2458498.2022864 10.03 0.06
2458498.2026336 10.05 0.06
2458498.2028072 10.11 0.06
2458498.2029809 10.03 0.06
2458498.2035017 10.08 0.06
2458498.2036753 10.01 0.06
2458498.2043698 10.04 0.06
2458498.2045434 10.13 0.06
2458498.2047170 10.00 0.06
2458498.2048906 10.11 0.06
2458498.2050642 10.04 0.06
2458498.2052378 10.06 0.06
2458498.2054114 9.98 0.05
2458498.2055850 10.05 0.06
2458498.2057586 10.07 0.06
2458498.2059323 10.09 0.06
2458498.2061059 10.05 0.06
2458498.2062795 10.08 0.06
2458498.2066267 10.14 0.06
2458498.2068003 10.15 0.06
2458498.2073211 10.04 0.06
2458498.2074947 10.14 0.06
2458498.2081904 10.04 0.06
2458498.2083638 10.09 0.06
2458498.2085373 10.05 0.06
2458498.2087107 10.09 0.06
2458498.2090576 10.14 0.06
2458498.2092310 10.05 0.06
2458498.2094045 10.05 0.06
2458498.2095781 10.01 0.06
2458498.2097517 10.00 0.05
2458498.2099253 10.06 0.06
2458498.2100989 10.03 0.06
2458498.2102725 9.99 0.05
2458498.2106197 10.02 0.06
2458498.2107934 10.13 0.06
2458498.2111406 10.04 0.06
2458498.2113142 10.06 0.06
2458498.2114878 10.09 0.06
2458498.2116614 10.04 0.06
2458498.2118350 10.15 0.06
2458498.2120086 10.06 0.06
2458498.2121823 10.05 0.06
2458498.2123559 10.02 0.06
2458498.2125295 9.98 0.05
2458498.2128767 10.00 0.06
2458498.2130503 10.06 0.06
2458498.2133975 10.02 0.06
2458498.2139184 10.09 0.06
2458498.2142656 10.04 0.06
2458498.2144392 10.02 0.06
2458498.2146128 10.20 0.07
2458498.2149600 10.01 0.06
2458498.2153072 10.07 0.06
2458498.2154809 10.04 0.06
2458498.2156545 10.13 0.06
2458498.2160017 10.10 0.06
2458498.2163489 10.04 0.06
2458498.2165225 10.08 0.06
2458498.2166961 9.97 0.05
2458498.2168697 10.06 0.06
2458498.2172170 10.06 0.06
2458498.2173906 9.98 0.05
2458498.2175642 10.10 0.06
2458498.2179114 10.01 0.06
2458498.2186059 9.97 0.05
2458498.2189531 10.01 0.06
2458498.2191267 9.98 0.06
2458498.2193003 10.19 0.07
2458498.2194739 10.05 0.06
2458498.2196475 10.08 0.06
2458498.2199960 10.06 0.06
2458498.2203429 10.07 0.06
2458498.2205163 10.04 0.06
2458498.2208632 10.12 0.06
2458498.2212101 10.10 0.06
2458498.2213836 10.12 0.06
2458498.2215573 10.01 0.06
2458498.2225989 10.15 0.06
2458498.2227725 10.03 0.06
2458498.2231197 10.18 0.06
2458498.2232934 10.14 0.06
2458498.2234670 10.09 0.06
2458498.2236406 10.07 0.06
2458498.2238142 10.16 0.06
2458498.2239878 10.14 0.06
2458498.2241614 10.13 0.06
2458498.2243350 10.09 0.06
2458498.2245086 10.16 0.06
2458498.2246822 10.03 0.05
2458498.2248559 10.06 0.06
2458498.2250295 10.08 0.06
2458498.2252031 10.11 0.06
2458498.2255503 10.12 0.06
2458498.2257239 10.13 0.06
2458498.2260711 10.13 0.06
2458498.2265920 10.11 0.06
2458498.2267656 10.14 0.06
2458498.2271128 10.02 0.05
2458498.2274600 10.16 0.06
2458498.2276336 10.09 0.06
2458498.2278073 10.05 0.06
2458498.2279809 10.07 0.06
2458498.2281545 10.11 0.06
2458498.2283281 10.01 0.05
2458498.2286753 10.12 0.06
2458498.2288489 10.01 0.05
2458498.2290225 9.94 0.05
2458498.2291961 9.96 0.05
2458498.2293698 10.08 0.06
2458498.2295434 9.98 0.05
2458498.2297170 10.16 0.06
2458498.2300642 10.06 0.06
2458498.2302378 10.05 0.06
2458498.2304114 10.11 0.06
2458498.2305850 10.00 0.05
2458498.2307586 10.11 0.06
2458498.2309322 10.08 0.06
2458498.2312795 10.03 0.06
2458498.2314531 10.08 0.06
2458498.2319750 9.97 0.05
2458498.2324954 9.99 0.05
2458498.2326688 10.07 0.06
2458498.2328422 10.18 0.06
2458498.2330157 10.11 0.06
2458498.2337100 10.10 0.06
2458498.2342309 10.18 0.07
2458498.2347517 10.03 0.06
2458498.2350989 10.07 0.06
2458498.2352725 10.08 0.06
2458498.2354461 10.02 0.06
2458498.2357934 10.05 0.06
2458498.2361406 10.10 0.06
2458498.2363142 10.09 0.06
2458498.2364878 10.05 0.06
2458498.2377031 10.06 0.06
2458498.2378767 10.03 0.06
2458498.2380503 10.03 0.06
2458498.2382239 10.06 0.06
2458498.2383975 10.08 0.06
2458498.2389184 10.05 0.06
2458498.2390920 10.11 0.06
2458498.2392656 9.97 0.06
2458498.2396128 10.05 0.06
2458498.2401336 10.02 0.06
2458498.2406545 10.05 0.06
2458498.2408281 9.90 0.05
2458498.2410017 10.05 0.06
2458498.2415225 9.98 0.06
2458498.2416961 10.04 0.06
2458498.2418697 10.05 0.06
2458498.2420434 10.00 0.06
2458498.2423906 10.07 0.06
2458498.2425642 10.04 0.06
2458498.2430850 9.99 0.06
2458498.2432586 10.00 0.06
2458498.2434323 10.00 0.06
2458498.2439541 10.06 0.06
2458498.2441276 10.09 0.06
2458498.2443010 10.06 0.06
2458498.2448214 10.07 0.06
2458498.2449948 10.03 0.06
2458498.2451684 10.06 0.06
2458498.2453420 10.06 0.06
2458498.2455156 10.10 0.06
2458498.2460364 10.06 0.06
2458498.2463836 10.05 0.06
2458498.2469045 10.05 0.06
2458498.2472517 10.08 0.06
2458498.2474253 10.06 0.06
2458498.2479461 10.01 0.06
2458498.2481197 10.07 0.06
2458498.2482934 10.02 0.06
2458498.2484670 10.04 0.06
2458498.2486406 10.01 0.06
2458498.2489878 10.02 0.06
2458498.2491614 10.02 0.06
2458498.2493350 9.99 0.06
2458498.2495086 10.03 0.06
2458498.2496822 9.99 0.06
2458498.2498559 10.02 0.06
2458498.2500295 10.04 0.06
2458498.2503767 10.03 0.06
2458498.2505503 10.01 0.06
2458498.2507239 10.05 0.06
2458498.2510711 10.02 0.06
2458498.2514184 10.07 0.06
2458498.2517656 10.01 0.06
2458498.2519392 9.97 0.06
2458498.2522864 10.03 0.06
2458498.2524600 10.10 0.06
2458498.2526336 10.01 0.06
2458498.2528073 10.04 0.06
2458498.2531545 9.94 0.05
2458498.2533281 10.03 0.06
2458498.2535017 10.02 0.06
2458498.2536753 9.98 0.06
2458498.2538489 10.04 0.06
2458498.2540225 9.94 0.05
2458498.2541961 9.99 0.06
2458498.2547170 10.13 0.07
2458498.2552378 10.06 0.06
2458498.2555863 10.09 0.06
2458498.2559332 10.00 0.06
2458498.2561066 10.07 0.06
2458498.2562801 10.05 0.06
2458498.2566270 10.00 0.06
2458498.2568004 9.99 0.06
2458498.2569739 9.97 0.06
2458498.2571475 10.06 0.06
2458498.2573211 10.03 0.06
2458498.2574947 9.97 0.06
2458498.2576684 10.11 0.06
2458498.2578420 10.07 0.06
2458498.2580156 9.98 0.06
2458498.2581892 10.07 0.06
2458498.2585364 10.01 0.06
2458498.2587100 10.01 0.06
2458498.2588836 10.11 0.07
2458498.2590573 10.03 0.06
2458498.2592309 10.12 0.07
2458498.2594045 10.09 0.06
2458498.2597517 10.08 0.06
2458498.2599253 10.02 0.06
2458498.2600989 10.00 0.06
2458498.2604461 10.12 0.07
2458498.2606198 9.95 0.06
2458498.2607934 10.04 0.06
2458498.2609670 10.01 0.06
2458498.2611406 10.06 0.06
2458498.2613142 10.04 0.06
2458498.2614878 9.97 0.06
2458498.2616614 10.00 0.06
2458498.2620086 9.97 0.06
2458498.2621822 9.99 0.06
2458498.2623559 10.08 0.06
2458498.2625295 10.07 0.06
2458498.2627031 10.05 0.05
2458498.2630503 10.10 0.05
2458498.2632239 10.01 0.05
2458498.2635711 10.02 0.05
2458498.2637447 10.07 0.05
2458498.2639184 10.05 0.05
2458498.2640920 10.01 0.05
2458498.2642656 10.00 0.05
2458498.2644392 10.01 0.05
2458498.2646128 10.04 0.05
2458498.2649600 10.09 0.05
2458498.2651336 10.10 0.05
2458498.2654809 10.16 0.06
2458498.2658281 10.04 0.05
2458498.2660017 10.09 0.05
2458498.2663489 10.00 0.05
2458498.2666961 10.06 0.05
2458498.2668698 10.14 0.06
2458498.2670434 10.08 0.05
2458498.2673906 10.08 0.05
2458498.2675655 10.06 0.05
2458498.2677389 10.09 0.05
2458498.2679124 10.11 0.05
2458498.2682593 10.03 0.05
2458498.2684327 10.12 0.06
2458498.2686062 10.12 0.05
2458498.2687796 10.02 0.05
2458498.2689531 10.11 0.05
2458498.2691267 10.06 0.05
2458498.2693003 10.16 0.06
2458498.2694739 10.05 0.05
2458498.2698211 10.05 0.05
2458498.2699947 10.12 0.05
2458498.2701684 10.08 0.05
2458498.2703420 10.02 0.05
2458498.2705156 10.00 0.05
2458498.2706892 10.04 0.05
2458498.2710364 10.11 0.05
2458498.2712100 10.07 0.05
2458498.2719045 10.12 0.05
2458498.2722517 10.12 0.05
2458498.2724253 10.06 0.05
2458498.2725989 9.97 0.05
2458498.2727725 10.10 0.05
2458498.2729461 10.06 0.05
2458498.2731197 10.00 0.05
2458498.2734670 10.01 0.05
2458498.2736406 10.03 0.05
2458498.2739878 10.05 0.05
2458498.2743350 9.95 0.05
2458498.2745086 10.05 0.05
2458498.2746823 10.07 0.05
2458498.2748559 10.09 0.05
2458498.2753767 10.02 0.05
2458498.2755503 10.03 0.05
2458498.2757239 10.07 0.05
2458498.2758975 10.03 0.05
2458498.2760711 10.09 0.05
2458498.2762448 9.95 0.05
2458498.2764184 10.16 0.05
2458498.2765920 10.04 0.05
2458498.2769392 10.06 0.05
2458498.2771128 10.12 0.05
2458498.2772864 10.09 0.05
2458498.2776336 10.05 0.05
2458498.2778072 10.03 0.05
2458498.2779809 10.14 0.05
2458498.2781545 10.01 0.05
2458498.2783281 10.04 0.05
2458498.2785017 10.14 0.06
2458498.2786753 10.11 0.05
2458498.2788489 10.07 0.05
2458498.2790225 10.04 0.05
2458498.2791961 10.00 0.05
2458498.2793697 10.10 0.05
2458498.2795448 10.08 0.05
2458498.2797182 10.17 0.06
2458498.2800651 10.03 0.05
2458498.2802385 10.05 0.05
2458498.2804120 10.07 0.05
2458498.2807589 10.06 0.05
2458498.2809323 10.07 0.05
2458498.2811059 10.07 0.05
2458498.2812795 10.09 0.05
2458498.2814531 10.06 0.05
2458498.2816267 10.07 0.05
2458498.2818003 10.10 0.05
2458498.2823211 10.15 0.06
2458498.2826684 10.02 0.05
2458498.2828420 10.03 0.05
2458498.2830156 10.02 0.05
2458498.2831892 10.10 0.05
2458498.2838836 10.12 0.05
2458498.2840573 10.05 0.05
2458498.2842309 10.13 0.05
2458498.2844045 10.07 0.05
2458498.2845781 10.18 0.06
2458498.2849253 10.08 0.05
2458498.2850989 10.07 0.05
2458498.2852725 10.09 0.05
2458498.2857934 10.09 0.05
2458498.2859670 10.01 0.05
2458498.2861406 10.00 0.05
2458498.2863142 9.98 0.05
2458498.2864878 10.06 0.05
2458498.2866614 10.02 0.05
2458498.2868350 10.17 0.06
2458498.2870086 10.04 0.05
2458498.2871822 10.15 0.06
2458498.2875295 10.08 0.05
2458498.2882239 10.13 0.06
2458498.2883975 10.06 0.05
2458498.2885711 10.11 0.05
2458498.2887447 10.12 0.06
2458498.2889184 10.03 0.05
2458498.2890920 10.00 0.05
2458498.2894392 10.12 0.06
2458498.2897864 9.96 0.05
2458498.2899600 10.08 0.05
2458498.2904809 10.13 0.06
2458498.2906545 10.04 0.05
2458498.2908281 10.06 0.05
2458498.2910017 10.07 0.05
2458498.2911753 10.06 0.05
2458498.2913489 10.04 0.05
2458498.2915239 10.18 0.06
2458498.2916974 10.14 0.06
2458498.2918708 10.02 0.05
2458498.2920443 10.14 0.06
2458498.2922177 10.08 0.05
2458498.2923912 10.13 0.06
2458498.2925646 10.14 0.06
2458498.2927381 9.96 0.05
2458498.2929115 9.98 0.05
2458498.2930850 10.05 0.05
2458498.2932586 10.07 0.05
2458498.2936059 10.08 0.05
2458498.2937795 10.20 0.06
2458498.2939531 10.12 0.06
2458498.2941267 10.09 0.05
2458498.2943003 10.16 0.06
2458498.2944739 10.06 0.06
2458498.2946475 10.06 0.06
2458498.2948211 10.08 0.06
2458498.2949947 10.12 0.06
2458498.2951684 10.07 0.05
2458498.2955156 10.01 0.05
2458498.2956892 10.15 0.06
2458498.2958628 10.08 0.05
2458498.2962100 10.08 0.05
2458498.2963836 10.10 0.06
2458498.2967309 10.10 0.05
2458498.2972517 10.12 0.05
2458498.2974253 10.12 0.06
2458498.2975989 10.10 0.05
2458498.2979461 10.08 0.05
2458498.2982934 10.03 0.05
2458498.2984670 10.05 0.05
2458498.2986406 10.13 0.06
2458498.2988142 10.02 0.05
2458498.2989878 10.13 0.06
2458498.2991614 10.09 0.05
2458498.2993350 10.04 0.05
2458498.2995086 10.18 0.06
2458498.2996823 10.08 0.05
2458498.2998559 10.04 0.05
2458498.3000295 10.15 0.06
2458498.3002031 10.19 0.06
2458498.3003767 10.12 0.06
2458498.3005503 10.13 0.06
2458498.3007239 10.08 0.05
2458498.3010711 10.16 0.06
2458498.3012447 10.09 0.05
2458498.3015920 10.16 0.06
2458498.3017656 10.06 0.05
2458498.3021128 10.10 0.05
2458498.3024600 9.98 0.05
2458498.3026336 10.15 0.06
2458498.3028072 10.09 0.05
2458498.3033281 10.10 0.05
2458498.3035017 10.11 0.06
2458498.3038500 10.08 0.05
2458498.3040235 10.08 0.05
2458498.3045438 10.08 0.05
2458498.3047172 10.15 0.06
2458498.3048907 10.10 0.05
2458498.3050642 10.13 0.06
2458498.3052378 10.04 0.05
2458498.3055850 10.13 0.06
2458498.3057586 10.06 0.05
2458498.3059323 10.04 0.05
2458498.3062795 10.13 0.06
2458498.3064531 10.02 0.05
2458498.3068003 10.08 0.05
2458498.3071475 10.12 0.06
2458498.3073211 10.11 0.06
2458498.3074948 10.01 0.05
2458498.3076684 10.04 0.05
2458498.3078420 10.05 0.05
2458498.3080156 10.05 0.05
2458498.3081892 10.13 0.06
2458498.3087100 10.13 0.06
2458498.3088836 10.12 0.06
2458498.3090572 10.18 0.06
2458498.3092309 10.09 0.05
2458498.3094045 9.95 0.05
2458498.3095781 10.07 0.05
2458498.3097517 10.10 0.06
2458498.3099253 10.14 0.06
2458498.3102725 10.09 0.05
2458498.3104461 9.91 0.05
2458498.3106197 10.05 0.05
2458498.3113142 10.08 0.05
2458498.3116614 10.03 0.05
2458498.3120086 10.10 0.06
2458498.3121822 10.03 0.05
2458498.3123559 10.05 0.05
2458498.3127031 10.01 0.05
2458498.3130503 10.12 0.06
2458498.3137448 10.10 0.06
2458498.3140920 10.01 0.05
2458498.3142656 10.12 0.06
2458498.3147864 10.13 0.06
2458498.3149600 10.12 0.06
2458498.3151336 10.00 0.05
2458498.3153073 9.98 0.05
2458498.3154809 10.05 0.05
2458498.3156558 10.07 0.05
2458498.3160027 10.06 0.05
2458498.3161761 10.03 0.05
2458498.3163496 10.02 0.05
2458498.3168699 10.17 0.06
2458498.3170434 10.02 0.05
2458498.3172170 10.09 0.06
2458498.3180850 10.03 0.05
2458500.2342077 10.01 0.07
2458500.2343813 10.06 0.07
2458500.2345549 10.04 0.07
2458500.2347285 10.03 0.07
2458500.2349022 10.16 0.08
2458500.2350758 9.94 0.07
2458500.2352494 10.02 0.07
2458500.2354230 10.01 0.07
2458500.2361174 10.01 0.07
2458500.2368119 10.16 0.08
2458500.2371591 10.02 0.07
2458500.2390688 9.99 0.07
2458500.2394161 10.06 0.07
2458500.2395897 10.19 0.08
2458500.2401105 9.99 0.07
2458500.2404577 10.12 0.07
2458500.2411522 9.97 0.06
2458500.2413258 10.07 0.07
2458500.2414994 9.98 0.07
2458500.2416730 9.99 0.07
2458500.2418466 10.06 0.07
2458500.2420202 10.12 0.07
2458500.2421938 10.09 0.07
2458500.2432355 10.08 0.07
2458500.2435827 10.05 0.07
2458500.2439299 10.02 0.07
2458500.2444520 10.12 0.07
2458500.2458397 10.13 0.07
2458500.2461869 10.09 0.07
2458500.2463605 10.07 0.07
2458500.2465341 10.14 0.07
2458500.2467077 10.11 0.07
2458500.2470549 9.99 0.06
2458500.2472286 10.04 0.07
2458500.2474022 10.10 0.07
2458500.2475758 10.02 0.06
2458500.2477494 10.08 0.07
2458500.2479230 10.08 0.07
2458500.2480966 10.05 0.07
2458500.2484438 10.12 0.07
2458500.2486174 10.08 0.07
2458500.2487910 10.06 0.07
2458500.2489647 10.20 0.07
2458500.2491383 10.00 0.06
2458500.2494855 10.14 0.07
2458500.2496591 10.17 0.07
2458500.2498327 10.02 0.06
2458500.2500063 10.05 0.07
2458500.2503535 10.08 0.07
2458500.2505272 10.01 0.06
2458500.2508744 10.02 0.06
2458500.2517424 10.14 0.07
2458500.2527841 10.07 0.07
2458500.2529577 10.07 0.07
2458500.2531313 10.05 0.07
2458500.2533049 10.07 0.07
2458500.2534786 10.12 0.07
2458500.2536522 10.03 0.06
2458500.2538258 9.97 0.06
2458500.2539994 10.09 0.07
2458500.2541730 10.10 0.07
2458500.2545202 10.11 0.07
2458500.2546938 10.09 0.07
2458500.2548674 10.04 0.06
2458500.2550411 10.01 0.06
2458500.2552147 10.04 0.07
2458500.2555619 10.06 0.07
2458500.2559091 10.13 0.07
2458500.2562563 10.11 0.07
2458500.2564312 10.06 0.07
2458500.2571250 9.99 0.06
2458500.2572984 10.16 0.07
2458500.2576453 10.05 0.07
2458500.2578188 10.16 0.07
2458500.2579924 10.19 0.08
2458500.2581660 10.12 0.07
2458500.2583397 10.11 0.07
2458500.2585133 9.98 0.06
2458500.2586869 10.21 0.08
2458500.2588605 10.16 0.07
2458500.2590341 10.11 0.07
2458500.2593813 10.05 0.07
2458500.2597285 9.98 0.06
2458500.2599022 10.01 0.06
2458500.2605966 10.09 0.07
2458500.2607702 10.08 0.07
2458500.2609438 10.13 0.07
2458500.2612911 10.08 0.07
2458500.2618119 10.20 0.07
2458500.2619855 10.13 0.07
2458500.2621591 10.20 0.07
2458500.2626799 10.07 0.07
2458500.2628535 10.12 0.07
2458500.2630272 10.05 0.06
2458500.2632008 9.89 0.05
2458500.2633744 10.12 0.07
2458500.2635480 10.06 0.06
2458500.2637216 10.08 0.07
2458500.2638952 10.00 0.06
2458500.2640688 10.04 0.06
2458500.2642424 10.03 0.06
2458500.2644160 9.95 0.06
2458500.2645897 10.05 0.06
2458500.2647633 10.00 0.06
2458500.2651105 10.15 0.07
2458500.2654577 10.13 0.07
2458500.2659785 10.09 0.06
2458500.2661522 10.05 0.06
2458500.2663258 10.02 0.06
2458500.2664994 10.02 0.06
2458500.2666730 10.01 0.06
2458500.2670202 10.15 0.07
2458500.2673674 10.07 0.06
2458500.2677147 10.08 0.06
2458500.2684104 9.90 0.05
2458500.2685839 10.06 0.06
2458500.2687573 10.09 0.06
2458500.2689307 10.02 0.06
2458500.2691042 10.01 0.06
2458500.2692776 10.06 0.06
2458500.2696245 10.04 0.06
2458500.2699716 10.07 0.06
2458500.2701452 10.12 0.07
2458500.2703188 10.04 0.06
2458500.2704924 10.11 0.07
2458500.2706661 10.12 0.07
2458500.2710133 9.98 0.06
2458500.2711869 10.01 0.06
2458500.2713605 10.03 0.06
2458500.2717077 10.16 0.07
2458500.2718813 10.15 0.07
2458500.2724022 10.05 0.06
2458500.2725758 10.03 0.06
2458500.2727494 10.07 0.06
2458500.2730966 10.04 0.06
2458500.2732702 10.03 0.06
2458500.2734438 10.07 0.06
2458500.2741383 10.00 0.06
2458500.2743119 10.04 0.06
2458500.2746591 10.05 0.06
2458500.2748327 10.00 0.06
2458500.2750063 10.07 0.06
2458500.2751799 9.95 0.06
2458500.2755272 10.04 0.06
2458500.2757008 10.04 0.06
2458500.2758744 10.07 0.06
2458500.2760480 10.09 0.06
2458500.2762216 10.04 0.06
2458500.2765688 10.02 0.06
2458500.2767424 10.12 0.07
2458500.2769161 9.93 0.06
2458500.2770897 10.07 0.06
2458500.2774369 9.96 0.06
2458500.2776105 10.10 0.07
2458500.2781313 10.10 0.07
2458500.2783049 10.07 0.06
2458500.2784786 10.02 0.06
2458500.2791730 10.07 0.06
2458500.2795202 10.01 0.06
2458500.2796938 10.06 0.06
2458500.2798674 10.07 0.06
2458500.2802147 10.10 0.07
2458500.2803896 10.02 0.06
2458500.2805631 9.98 0.06
2458500.2807365 10.07 0.06
2458500.2809100 10.02 0.06
2458500.2810834 10.00 0.06
2458500.2812568 10.04 0.06
2458500.2814303 10.09 0.06
2458500.2816037 9.98 0.06
2458500.2817772 9.98 0.06
2458500.2819508 9.91 0.06
2458500.2822980 10.08 0.06
2458500.2824716 9.95 0.06
2458500.2826452 9.90 0.05
2458500.2828188 10.19 0.07
2458500.2829924 9.96 0.06
2458500.2833397 10.03 0.06
2458500.2835133 9.94 0.06
2458500.2836869 10.04 0.06
2458500.2838605 10.02 0.06
2458500.2843813 10.05 0.06
2458500.2845549 10.02 0.06
2458500.2850758 10.09 0.06
2458500.2852494 10.09 0.06
2458500.2854230 9.98 0.06
2458500.2857702 10.14 0.07
2458500.2859438 10.16 0.07
2458500.2861174 10.05 0.06
2458500.2862911 10.09 0.06
2458500.2864647 9.99 0.06
2458500.2868119 10.03 0.06
2458500.2869855 9.98 0.06
2458500.2871591 9.94 0.06
2458500.2875063 10.16 0.07
2458500.2876799 10.10 0.06
2458500.2878535 9.97 0.06
2458500.2882008 10.04 0.06
2458500.2885480 9.99 0.06
2458500.2887216 10.10 0.06
2458500.2888952 10.05 0.06
2458500.2890688 10.09 0.06
2458500.2892424 10.03 0.06
2458500.2894160 9.99 0.06
2458500.2895897 10.06 0.06
2458500.2902841 10.02 0.06
2458500.2904577 10.10 0.06
2458500.2906313 9.96 0.06
2458500.2909785 9.93 0.05
2458500.2911522 10.05 0.06
2458500.2913258 10.06 0.06
2458500.2914994 9.98 0.05
2458500.2916730 10.00 0.06
2458500.2918466 10.04 0.06
2458500.2920202 10.04 0.06
2458500.2921938 10.04 0.06
2458500.2923688 10.09 0.06
2458500.2927157 10.05 0.06
2458500.2928892 9.97 0.05
2458500.2932360 10.06 0.06