2458467.3673723 10.99 0.14
2458467.3677195 11.08 0.16
2458467.3680667 10.80 0.12
2458467.3684139 10.88 0.13
2458467.3685875 11.06 0.15
2458467.3687611 11.04 0.15
2458467.3689347 11.18 0.17
2458467.3694556 11.07 0.16
2458467.3711917 10.98 0.14
2458467.3718861 10.82 0.13
2458467.3722334 11.14 0.17
2458467.3724070 10.84 0.13
2458467.3727542 10.86 0.13
2458467.3729278 10.86 0.13
2458467.3731014 11.02 0.15
2458467.3734486 11.14 0.17
2458467.3737959 11.07 0.16
2458467.3750111 10.87 0.13
2458467.3751848 10.97 0.14
2458467.3762270 10.86 0.13
2458467.3770945 10.92 0.14
2458467.3774417 10.89 0.13
2458467.3786570 10.91 0.14
2458467.3788306 10.85 0.13
2458467.3793514 10.96 0.14
2458467.3795250 10.94 0.14
2458467.3800459 10.96 0.14
2458467.3816084 11.03 0.15
2458467.3817820 11.16 0.17
2458467.3821292 10.99 0.15
2458467.3826500 10.94 0.14
2458467.3831709 10.90 0.14
2458467.3833445 10.93 0.14
2458467.3836917 10.94 0.14
2458467.3838653 11.01 0.15
2458467.3842125 10.91 0.14
2458467.3852542 11.03 0.16
2458467.3862959 10.90 0.14
2458467.3866431 10.99 0.15
2458467.3868167 10.98 0.15
2458467.3873389 10.96 0.14
2458467.3875123 11.02 0.15
2458467.3880327 10.90 0.14
2458467.3882061 10.99 0.15
2458467.3885530 11.00 0.15
2458467.3889000 10.94 0.14
2458467.3894209 10.97 0.15
2458467.3895945 10.95 0.14
2458467.3904625 10.93 0.14
2458467.3906361 11.09 0.16
2458467.3909834 10.97 0.15
2458467.3915042 10.95 0.14
2458467.3923722 10.80 0.13
2458467.3930667 10.90 0.14
2458467.3932403 10.98 0.15
2458467.3935875 11.09 0.16
2458467.3942820 10.88 0.14
2458467.3944556 10.92 0.14
2458467.3946292 11.00 0.15
2458467.3948028 11.04 0.15
2458467.3951500 11.00 0.15
2458467.3953236 11.06 0.16
2458467.3961917 11.06 0.16
2458467.3963653 10.98 0.15
2458467.3965389 10.90 0.14
2458467.3967125 10.89 0.14
2458467.3972334 11.02 0.16
2458467.3975806 10.92 0.14
2458467.3981014 10.91 0.14
2458467.3984486 10.96 0.15
2458467.3987959 10.92 0.14
2458467.3991431 10.97 0.15
2458467.4000118 11.04 0.15
2458467.4008792 10.93 0.14
2458467.4019209 10.91 0.14
2458467.4020945 10.98 0.15
2458467.4024417 10.98 0.15
2458467.4059139 11.10 0.17
2458467.4069556 11.00 0.15
2458467.4073028 11.06 0.16
2458467.4076500 11.08 0.16
2458467.4088653 10.94 0.14
2458467.4090389 11.03 0.16
2458467.4092125 10.54 0.10
2458467.4097334 10.98 0.15
2458467.4109486 10.96 0.15
2458467.4123377 10.86 0.13
2458467.4125112 10.76 0.12
2458467.4139000 10.76 0.12
2458467.4140736 11.03 0.16
2458467.4145945 10.97 0.15
2458467.4149417 11.09 0.17
2458467.4152889 10.90 0.14
2458467.4184139 10.65 0.11
2458467.4199764 10.98 0.16
2458469.3667865 11.09 0.12
2458469.3670135 11.03 0.11
2458469.3671871 11.17 0.12
2458469.3673607 11.14 0.12
2458469.3675343 10.89 0.10
2458469.3677079 10.97 0.10
2458469.3678815 11.04 0.11
2458469.3680551 11.17 0.13
2458469.3682287 11.20 0.13
2458469.3684023 11.01 0.11
2458469.3685760 11.17 0.13
2458469.3687496 11.04 0.11
2458469.3689232 11.00 0.11
2458469.3690968 11.04 0.11
2458469.3692704 11.03 0.11
2458469.3694440 10.98 0.11
2458469.3696176 11.13 0.12
2458469.3697912 11.06 0.11
2458469.3699648 11.12 0.12
2458469.3701384 11.10 0.12
2458469.3703121 11.05 0.11
2458469.3704857 11.12 0.12
2458469.3706593 11.03 0.11
2458469.3708329 11.08 0.12
2458469.3710065 11.03 0.11
2458469.3711801 10.88 0.10
2458469.3713537 11.12 0.12
2458469.3715273 11.17 0.13
2458469.3717009 10.98 0.11
2458469.3718746 10.95 0.10
2458469.3720482 11.03 0.11
2458469.3722218 11.25 0.14
2458469.3723954 11.27 0.14
2458469.3725690 11.35 0.15
2458469.3727426 10.92 0.10
2458469.3729162 11.17 0.13
2458469.3730898 10.95 0.10
2458469.3732635 11.04 0.11
2458469.3734371 11.04 0.11
2458469.3736107 10.92 0.10
2458469.3737843 11.11 0.12
2458469.3739579 11.23 0.14
2458469.3741315 11.09 0.12
2458469.3744787 11.17 0.13
2458469.3746524 11.17 0.13
2458469.3748260 11.18 0.13
2458469.3749996 11.12 0.12
2458469.3751732 10.98 0.11
2458469.3753468 11.09 0.12
2458469.3756940 11.23 0.13
2458469.3758676 10.84 0.09
2458469.3760425 11.00 0.11
2458469.3762159 11.17 0.13
2458469.3763894 11.08 0.12
2458469.3765628 11.06 0.11
2458469.3767363 10.99 0.11
2458469.3769097 11.08 0.12
2458469.3770832 11.07 0.12
2458469.3772566 10.97 0.11
2458469.3774301 11.18 0.13
2458469.3776037 10.97 0.11
2458469.3777773 11.14 0.12
2458469.3779510 11.00 0.11
2458469.3781246 11.21 0.13
2458469.3782982 11.18 0.13
2458469.3784718 11.09 0.12
2458469.3786454 11.41 0.16
2458488.3044163 11.11 0.15
2458488.3054579 11.11 0.15
2458488.3056316 11.09 0.15
2458488.3059788 11.07 0.15
2458488.3066732 11.16 0.16
2458488.3070205 10.96 0.13
2458488.3071941 11.08 0.15
2458488.3073677 10.87 0.12
2458488.3085830 11.05 0.14
2458488.3091038 11.14 0.16
2458488.3092788 10.86 0.12
2458488.3094522 11.05 0.15
2458488.3099726 11.06 0.15
2458488.3103194 11.02 0.14
2458488.3108399 11.11 0.15
2458488.3111871 11.05 0.14
2458488.3113607 10.94 0.13
2458488.3115344 10.95 0.13
2458488.3129232 11.02 0.14
2458488.3130969 10.90 0.13
2458488.3141385 10.96 0.14
2458488.3155274 11.05 0.15
2458488.3157010 11.00 0.14
2458488.3158746 11.02 0.14
2458488.3160482 10.90 0.13
2458488.3162218 11.05 0.15
2458488.3169163 11.18 0.17
2458488.3181316 11.13 0.16
2458488.3184788 10.95 0.14
2458488.3198677 10.91 0.13
2458488.3210830 11.03 0.15
2458488.3214314 10.87 0.13
2458488.3222986 11.09 0.16
2458488.3238607 10.97 0.14
2458488.3243816 11.01 0.15
2458488.3245552 11.02 0.15
2458488.3249024 11.07 0.16
2458488.3252496 11.04 0.15
2458488.3280274 10.80 0.12
2458488.3287218 11.01 0.15
2458488.3306316 10.84 0.13
2458488.3314996 10.93 0.14
2458488.3327149 11.00 0.15
2458488.3330621 11.10 0.16
2458488.3332370 10.83 0.13
2458488.3334105 11.08 0.16
2458488.3337574 10.93 0.14
2458488.3344511 11.20 0.18
2458488.3346246 11.01 0.15
2458488.3347982 11.04 0.15
2458488.3361871 10.99 0.15
2458488.3368816 11.14 0.17
2458488.3372288 10.96 0.14
2458488.3380968 11.01 0.15
2458488.3403538 11.00 0.15
2458488.3408746 10.96 0.14
2458488.3410482 11.03 0.15
2458488.3415691 10.97 0.14
2458488.3436524 10.99 0.15
2458488.3459100 10.94 0.14
2458488.3464303 10.97 0.15
2458488.3467774 11.00 0.15
2458488.3469510 11.00 0.15
2458488.3472982 11.04 0.16
2458488.3476455 10.92 0.14
2458488.3478191 10.95 0.14
2458488.3481663 11.07 0.16
2458488.3485135 11.12 0.17
2458488.3492080 10.92 0.14
2458488.3499024 11.13 0.17
2458488.3505969 11.01 0.15
2458488.3511177 11.03 0.15
2458488.3514649 10.94 0.14
2458488.3518121 11.02 0.15
2458488.3523330 11.06 0.16
2458488.3525066 11.00 0.15
2458488.3526802 10.98 0.15
2458488.3533746 10.93 0.14
2458488.3566732 11.01 0.15
2458488.3584094 10.93 0.14
2458488.3604927 10.91 0.14
2458488.3622288 10.99 0.15
2458488.3650066 10.88 0.14
2458488.3660482 10.88 0.14
2458488.3663955 10.93 0.14
2458488.3679580 10.95 0.14
2458488.3693479 11.10 0.17
2458488.3695213 10.88 0.14
2458488.3710830 10.86 0.13
2458488.3721246 11.06 0.16
2458488.3728191 10.98 0.15
2458488.3733399 11.07 0.16
2458488.3736871 11.05 0.16
2458493.2519739 11.22 0.17
2458493.2521475 11.08 0.14
2458493.2523211 10.98 0.13
2458493.2542320 10.93 0.13
2458493.2544055 10.83 0.11
2458493.2545789 11.10 0.15
2458493.2547524 10.95 0.13
2458493.2549258 11.01 0.13
2458493.2550993 11.14 0.15
2458493.2554461 10.94 0.13
2458493.2556198 11.07 0.14
2458493.2557934 11.07 0.14
2458493.2559670 10.98 0.13
2458493.2561406 10.96 0.13
2458493.2564878 10.88 0.12
2458493.2566614 10.98 0.13
2458493.2568350 11.11 0.15
2458493.2570086 11.07 0.14
2458493.2573559 11.05 0.14
2458493.2575295 11.12 0.15
2458493.2577031 10.97 0.13
2458493.2578767 10.93 0.13
2458493.2580503 10.91 0.12
2458493.2583975 10.98 0.13
2458493.2585711 10.82 0.11
2458493.2594392 11.06 0.14
2458493.2596128 11.02 0.14
2458493.2597864 11.02 0.14
2458493.2604809 10.98 0.13
2458493.2610017 10.90 0.12
2458493.2611753 10.86 0.12
2458493.2613489 10.97 0.13
2458493.2615225 10.89 0.12
2458493.2616961 10.98 0.13
2458493.2620434 10.97 0.13
2458493.2622170 10.79 0.11
2458493.2625642 11.10 0.15
2458493.2627378 11.06 0.14
2458493.2629114 10.90 0.12
2458493.2630850 10.96 0.13
2458493.2632586 11.06 0.14
2458493.2634323 10.97 0.13
2458493.2636059 11.11 0.15
2458493.2637795 11.01 0.14
2458493.2643003 11.19 0.16
2458493.2646475 10.99 0.13
2458493.2648211 10.91 0.12
2458493.2649948 11.03 0.14
2458493.2651684 10.85 0.12
2458493.2662112 11.09 0.14
2458493.2665581 11.00 0.13
2458493.2672519 11.06 0.14
2458493.2674253 10.92 0.12
2458493.2675989 10.93 0.13
2458493.2682934 11.24 0.16
2458493.2684670 11.16 0.15
2458493.2689878 11.06 0.14
2458493.2691614 11.04 0.14
2458493.2693350 11.16 0.15
2458493.2696822 11.18 0.16
2458493.2698559 11.02 0.13
2458493.2700295 11.15 0.15
2458493.2702031 11.17 0.15
2458493.2703767 10.96 0.13
2458493.2705503 11.01 0.13
2458493.2707239 11.14 0.15
2458493.2708975 11.05 0.14
2458493.2712448 11.16 0.15
2458493.2714184 11.14 0.15
2458493.2715920 11.17 0.15
2458493.2717656 11.03 0.14
2458493.2721128 11.16 0.15
2458493.2722864 11.17 0.15
2458493.2724600 11.18 0.15
2458493.2728073 11.11 0.15
2458493.2731545 11.07 0.14
2458493.2733281 11.07 0.14
2458493.2735017 10.99 0.13
2458493.2736753 11.14 0.15
2458493.2738489 11.16 0.15
2458493.2741961 11.11 0.15
2458493.2750642 11.09 0.15
2458493.2757586 11.16 0.15
2458493.2762795 10.99 0.13
2458493.2764531 10.97 0.13
2458493.2768003 11.16 0.15
2458493.2771475 11.19 0.16
2458493.2773211 11.07 0.14
2458493.2774947 11.18 0.16
2458493.2776684 11.00 0.13
2458493.2780169 11.06 0.14
2458493.2783638 11.13 0.15
2458493.2792310 11.03 0.14
2458493.2795781 11.11 0.15
2458493.2802725 11.13 0.15
2458493.2809670 11.15 0.15
2458493.2825295 11.17 0.15
2458493.2830503 10.84 0.11
2458493.2833975 11.00 0.14
2458493.2842656 11.00 0.13
2458493.2853072 11.03 0.14
2458493.2854809 11.23 0.17
2458493.2856545 11.11 0.15
2458493.2861753 11.11 0.15
2458493.2866961 11.21 0.16
2458493.2868698 11.03 0.14
2458493.2877378 11.14 0.15
2458493.2893003 11.13 0.15
2458493.2894739 11.05 0.14
2458493.2899961 11.20 0.16
2458493.2905164 11.04 0.14
2458493.2910367 11.09 0.14
2458493.2912102 11.17 0.15
2458493.2915572 11.08 0.14
2458493.2917309 11.15 0.15
2458493.2919045 11.13 0.15
2458493.2920781 10.92 0.12
2458493.2924253 11.22 0.16
2458493.2941614 11.22 0.16
2458493.2948559 11.12 0.15
2458493.2950295 11.14 0.15
2458493.2953767 11.12 0.15
2458493.2960711 11.11 0.15
2458493.2962448 11.09 0.14
2458493.2967656 11.13 0.15
2458493.2974600 10.89 0.12
2458493.2978072 11.04 0.14
2458493.2979809 11.08 0.14
2458493.2981545 11.07 0.14
2458493.2983281 10.99 0.13
2458493.2986753 11.06 0.14
2458493.2988489 11.03 0.14
2458493.2993697 11.06 0.14
2458493.3018931 11.03 0.14
2458493.3021591 11.07 0.14
2458493.3033744 11.05 0.14
2458493.3040688 11.04 0.14
2458493.3042424 11.06 0.14
2458493.3044161 11.17 0.15
2458493.3045897 11.22 0.16
2458493.3047633 11.07 0.14
2458493.3051105 10.95 0.13
2458493.3056313 11.01 0.13
2458493.3059785 11.09 0.14
2458493.3063258 11.04 0.14
2458493.3064994 10.93 0.12
2458493.3066730 11.05 0.14
2458493.3070202 11.22 0.16
2458493.3073674 11.10 0.14
2458493.3075410 11.16 0.15
2458493.3082355 11.11 0.15
2458493.3087563 11.08 0.14
2458493.3089299 11.26 0.17
2458493.3092772 11.17 0.15
2458493.3094508 11.08 0.14
2458493.3097980 11.05 0.14
2458493.3101452 11.07 0.14
2458493.3106661 11.13 0.15
2458493.3108397 11.24 0.16
2458493.3111869 11.06 0.14
2458493.3120549 10.98 0.13
2458493.3122298 11.16 0.15
2458493.3124033 10.98 0.13
2458493.3127502 11.03 0.13
2458493.3134439 11.03 0.13
2458493.3136174 11.07 0.14
2458493.3137910 11.01 0.13
2458493.3139647 10.93 0.12
2458493.3141383 10.92 0.12
2458493.3146591 11.02 0.13
2458493.3151799 11.05 0.14
2458493.3157008 11.01 0.13
2458493.3162216 11.03 0.14
2458493.3163952 11.00 0.13
2458493.3169161 11.12 0.15
2458493.3174369 11.08 0.14
2458493.3176105 11.09 0.14
2458493.3177841 11.08 0.14
2458493.3181313 10.95 0.13
2458493.3183049 10.80 0.11
2458493.3184786 11.05 0.14
2458493.3189994 10.98 0.13
2458493.3198674 11.08 0.14
2458493.3200411 11.19 0.15
2458493.3203883 10.98 0.13
2458493.3205619 10.98 0.13
2458493.3207355 11.00 0.13
2458493.3210827 10.94 0.12
2458493.3212563 11.01 0.13
2458493.3214299 11.02 0.13
2458493.3217772 11.21 0.16
2458493.3221244 11.08 0.14
2458493.3222980 11.08 0.14
2458493.3226452 11.17 0.15
2458493.3228188 11.09 0.14
2458493.3236869 11.05 0.13
2458493.3240341 11.12 0.14
2458493.3242090 10.87 0.11
2458493.3243824 11.11 0.14
2458493.3245559 10.79 0.11
2458493.3247293 11.23 0.16
2458493.3252497 10.92 0.12
2458493.3254231 11.05 0.14
2458493.3255966 10.97 0.13
2458493.3259438 10.98 0.13
2458493.3261174 11.12 0.14
2458493.3264647 11.04 0.13
2458493.3266383 11.03 0.13
2458493.3268119 11.15 0.15
2458493.3269855 11.19 0.15
2458493.3271591 10.98 0.13
2458493.3273327 11.12 0.14
2458493.3275063 11.13 0.15
2458493.3276799 11.09 0.14
2458493.3280272 11.10 0.14
2458493.3283744 11.02 0.13
2458493.3285480 10.99 0.13
2458493.3292430 11.02 0.13
2458493.3294160 11.03 0.13
2458493.3295897 11.04 0.13
2458493.3302841 11.00 0.13
2458493.3304577 11.08 0.14
2458493.3306313 11.11 0.14
2458493.3308049 11.04 0.13
2458493.3311522 11.06 0.14
2458493.3313258 10.83 0.11
2458493.3314994 11.15 0.15
2458493.3316730 11.00 0.13
2458493.3318466 11.25 0.16
2458493.3320202 11.12 0.14
2458493.3321938 11.17 0.15
2458493.3323674 11.16 0.15
2458493.3325411 11.27 0.16
2458493.3327147 11.08 0.14
2458493.3328883 10.97 0.13
2458493.3330619 10.88 0.12
2458493.3332355 11.23 0.16
2458493.3334091 11.18 0.15
2458493.3335827 11.18 0.15
2458493.3337563 11.07 0.14
2458493.3339299 11.14 0.15
2458493.3341036 11.19 0.15
2458493.3342772 11.08 0.14
2458493.3344508 11.28 0.17
2458493.3346244 11.03 0.13
2458493.3347980 11.24 0.16
2458493.3351452 10.92 0.12
2458493.3354924 10.81 0.11
2458493.3356661 11.08 0.14
2458493.3358397 11.14 0.15
2458493.3361882 11.13 0.15
2458493.3365351 10.94 0.12
2458493.3367085 11.02 0.13
2458493.3368820 10.94 0.12
2458493.3370554 11.14 0.15
2458493.3372288 11.16 0.15
2458493.3375758 11.30 0.17
2458493.3377494 11.06 0.14
2458493.3380966 11.09 0.14
2458493.3382702 11.01 0.13
2458493.3384438 10.98 0.13
2458493.3387910 11.16 0.15
2458493.3393119 11.10 0.14
2458493.3394855 10.91 0.12
2458493.3401799 11.02 0.13
2458493.3403536 11.15 0.15
2458493.3405272 10.82 0.11
2458493.3412216 10.97 0.13
2458493.3413952 10.92 0.12
2458493.3415688 11.01 0.13
2458493.3417424 11.13 0.15
2458493.3419161 11.01 0.13
2458493.3422633 10.99 0.13
2458493.3424369 10.97 0.13
2458493.3427841 11.02 0.13
2458493.3429577 11.07 0.14
2458493.3431313 11.03 0.13
2458493.3433049 11.02 0.13
2458493.3434786 10.89 0.12
2458493.3436522 10.99 0.13
2458493.3438258 10.86 0.12
2458493.3439994 11.22 0.16
2458493.3443466 11.04 0.14
2458493.3448674 11.06 0.14
2458493.3450410 11.02 0.14
2458493.3452147 10.93 0.12
2458493.3455619 11.13 0.15
2458493.3457355 10.86 0.12
2458493.3459091 11.15 0.15
2458493.3460827 11.00 0.13
2458493.3462563 11.13 0.15
2458493.3464299 11.12 0.15
2458493.3466035 11.14 0.15
2458493.3467772 11.02 0.13
2458493.3471244 11.08 0.14
2458493.3474716 10.86 0.11
2458493.3476452 11.15 0.15
2458493.3479924 10.99 0.13
2458493.3481673 11.12 0.15
2458493.3483408 11.03 0.14
2458493.3485142 11.08 0.14
2458493.3486876 11.13 0.15
2458493.3488611 11.11 0.15
2458493.3490345 11.00 0.13
2458493.3492080 11.06 0.14
2458493.3497286 10.99 0.13
2458493.3499022 10.98 0.13
2458493.3504230 11.06 0.14
2458493.3505966 11.00 0.13
2458493.3507702 10.78 0.11
2458493.3509438 11.11 0.14
2458493.3511174 11.07 0.14
2458493.3512911 10.89 0.12
2458493.3514647 10.88 0.12
2458493.3516383 11.13 0.15
2458493.3518119 11.04 0.13
2458493.3519855 11.04 0.14
2458493.3521591 11.24 0.16
2458493.3523327 11.04 0.14
2458493.3525063 11.05 0.14
2458493.3528535 10.93 0.12
2458493.3530272 11.02 0.13
2458493.3532008 11.12 0.15
2458493.3533744 11.12 0.14
2458493.3540688 10.96 0.13
2458493.3544160 10.94 0.12
2458493.3545897 11.13 0.15
2458493.3547633 10.98 0.13
2458493.3551105 11.07 0.14
2458493.3552841 11.06 0.14
2458493.3554577 11.18 0.15
2458493.3556313 11.15 0.15
2458493.3559786 11.07 0.14
2458493.3561522 11.17 0.15
2458493.3563258 11.01 0.13
2458493.3564994 11.01 0.13
2458493.3566730 11.29 0.17
2458493.3568466 11.08 0.14
2458493.3570202 11.05 0.14
2458493.3571938 11.09 0.14
2458493.3573674 10.82 0.11
2458493.3575411 11.11 0.14
2458493.3577147 10.98 0.13
2458493.3578883 11.19 0.16
2458493.3580619 11.03 0.13
2458493.3582355 11.03 0.13
2458493.3584091 11.15 0.15
2458493.3585827 10.81 0.11
2458493.3587563 11.06 0.14
2458493.3591036 10.87 0.12
2458493.3592772 10.91 0.12
2458493.3599716 11.06 0.14
2458493.3603199 10.84 0.11
2458493.3604934 10.89 0.12
2458493.3608403 10.82 0.11
2458493.3610137 11.00 0.13
2458493.3611871 10.86 0.12
2458493.3613606 11.15 0.15
2458493.3615341 11.07 0.14
2458493.3617077 11.12 0.15
2458493.3620549 11.12 0.15
2458493.3622285 11.11 0.15
2458493.3625758 11.00 0.13
2458493.3627494 10.98 0.13
2458493.3629230 10.96 0.13
2458493.3630966 11.00 0.13
2458493.3632702 11.06 0.14
2458493.3634438 10.87 0.12
2458493.3636174 10.99 0.13
2458493.3637911 10.99 0.13
2458493.3639647 11.08 0.14
2458493.3641383 10.99 0.13
2458493.3643119 10.90 0.12
2458493.3644855 11.08 0.14
2458493.3646591 10.90 0.12
2458493.3648327 11.02 0.13
2458493.3650063 11.01 0.13
2458493.3651799 11.09 0.14
2458493.3657008 10.93 0.12
2458493.3658744 10.90 0.12
2458493.3660480 11.04 0.13
2458493.3662216 11.04 0.14
2458493.3665688 11.05 0.14
2458493.3667424 11.11 0.14
2458493.3672633 11.12 0.15
2458493.3677841 10.94 0.13
2458493.3679577 11.10 0.14
2458493.3681313 10.78 0.11
2458493.3683049 10.88 0.12
2458493.3688258 10.86 0.12
2458493.3689994 10.78 0.11
2458493.3691730 10.96 0.13
2458493.3693466 10.96 0.13
2458493.3695202 10.82 0.11
2458493.3696938 10.99 0.13
2458493.3700410 11.09 0.14
2458493.3702147 10.93 0.12
2458493.3703883 10.99 0.13
2458493.3705619 11.08 0.14
2458493.3710827 10.97 0.13
2458493.3714299 11.14 0.15
2458493.3716036 10.93 0.13
2458493.3724725 10.94 0.13
2458493.3726460 10.79 0.11
2458493.3728194 10.98 0.13
2458493.3729928 10.96 0.13
2458493.3731663 11.10 0.14
2458493.3733397 10.87 0.12
2458493.3738605 11.00 0.13
2458493.3743813 10.96 0.13
2458493.3745549 11.00 0.13
2458493.3747286 10.95 0.13
2458493.3750758 11.03 0.14
2458493.3752494 11.18 0.15
2458493.3754230 11.06 0.14
2458493.3757702 10.90 0.12
2458493.3759438 11.09 0.14
2458493.3761174 10.95 0.13
2458493.3766383 11.07 0.14
2458493.3769855 11.02 0.14
2458493.3771591 10.94 0.13
2458493.3773327 11.00 0.13
2458493.3778535 11.07 0.14
2458493.3780272 11.09 0.14
2458493.3783744 11.06 0.14
2458493.3785480 10.92 0.12
2458493.3788952 10.86 0.12
2458493.3790688 10.92 0.12
2458493.3792424 11.16 0.15
2458493.3794161 11.12 0.15
2458493.3797633 10.87 0.12
2458493.3799369 11.03 0.14
2458493.3801105 10.93 0.13
2458493.3804577 11.14 0.15
2458493.3809786 11.08 0.15
2458493.3811522 11.06 0.14
2458493.3813258 10.93 0.13
2458493.3814994 10.82 0.12
2458493.3816730 11.12 0.15
2458493.3818466 11.03 0.14
2458493.3820202 10.97 0.13
2458493.3821938 11.04 0.14
2458493.3823674 10.92 0.13
2458493.3830619 10.83 0.12
2458493.3834091 11.01 0.14
2458493.3835827 11.04 0.14
2458493.3837563 11.11 0.15
2458493.3839313 11.06 0.14
2458493.3842782 10.97 0.13
2458493.3844517 10.95 0.13
2458493.3846251 11.08 0.15
2458493.3849720 11.05 0.14
2458493.3851454 10.96 0.13
2458493.3853189 11.13 0.15
2458493.3856660 11.19 0.16
2458493.3858397 11.02 0.14
2458493.3861869 11.01 0.14
2458493.3863605 10.94 0.13
2458493.3868813 10.84 0.12
2458493.3870549 10.94 0.13
2458493.3872286 11.17 0.16
2458493.3874022 11.26 0.17
2458493.3875758 11.16 0.16
2458493.3877494 11.25 0.17
2458493.3879230 10.93 0.13
2458493.3880966 10.88 0.12
2458493.3882702 10.93 0.13
2458493.3884438 11.01 0.14
2458493.3886174 11.12 0.15
2458493.3891383 11.14 0.15
2458493.3893119 11.01 0.14
2458493.3894855 11.01 0.14
2458493.3896591 10.94 0.13
2458493.3898327 11.00 0.14
2458493.3900063 11.10 0.15
2458493.3903536 11.22 0.17
2458493.3905272 10.90 0.12
2458493.3907008 11.08 0.15
2458493.3908744 10.89 0.12
2458493.3910480 10.97 0.13
2458493.3912216 10.95 0.13
2458493.3913952 10.85 0.12
2458493.3915688 11.01 0.14
2458493.3917424 11.15 0.16
2458493.3919160 11.17 0.16
2458493.3920897 11.03 0.14
2458493.3922633 10.96 0.13
2458493.3924369 10.97 0.13
2458493.3929577 10.88 0.12
2458493.3931313 10.93 0.13
2458493.3934785 10.96 0.13
2458493.3936522 10.96 0.13
2458493.3938258 11.13 0.15
2458493.3941730 11.03 0.14
2458493.3943466 11.05 0.14
2458493.3945202 11.13 0.16
2458493.3948674 11.10 0.15
2458493.3952147 10.93 0.13
2458493.3953883 11.03 0.14
2458493.3955619 10.97 0.13
2458493.3957355 11.04 0.14
2458493.3959105 11.02 0.14
2458493.3960839 10.94 0.13
2458493.3964308 11.16 0.16
2458493.3972980 11.07 0.15
2458493.3978188 11.12 0.15
2458493.3981661 10.96 0.13
2458493.3983397 10.92 0.13
2458493.3985133 10.95 0.13
2458493.3986869 11.05 0.15
2458493.3990341 10.99 0.14
2458493.3993813 11.12 0.15
2458493.3995549 11.02 0.14
2458493.4002494 10.89 0.13
2458493.4005966 10.95 0.13
2458493.4011174 11.11 0.15
2458493.4016383 10.82 0.12
2458493.4021591 10.93 0.13
2458493.4047633 11.07 0.15
2458493.4051105 10.96 0.14
2458493.4052841 11.03 0.15
2458493.4056313 11.01 0.14
2458493.4059786 11.02 0.14
2458493.4061522 11.03 0.15
2458493.4063258 10.92 0.13
2458493.4064994 11.07 0.15
2458493.4068466 10.90 0.13
2458493.4071938 11.04 0.15
2458493.4082365 10.95 0.14
2458493.4087568 10.97 0.14
2458493.4091037 10.90 0.13
2458493.4096244 10.97 0.14
2458493.4101452 10.94 0.14
2458493.4103188 10.99 0.14
2458493.4106661 10.82 0.12
2458493.4110133 10.92 0.13
2458493.4113605 11.03 0.15
2458493.4115341 11.03 0.15
2458493.4117077 11.07 0.15
2458493.4122286 10.94 0.13
2458493.4124022 10.97 0.14
2458493.4127494 11.13 0.16
2458493.4129230 10.93 0.14
2458493.4132702 11.06 0.15
2458493.4143119 11.04 0.15
2458493.4150063 11.04 0.15
2458493.4153535 10.88 0.13
2458495.1555966 10.80 0.17
2458495.1568119 10.73 0.17
2458495.1715694 10.79 0.17
2458495.1722633 10.78 0.17
2458495.1802494 10.68 0.15
2458495.1845897 10.79 0.16
2458495.1892772 10.78 0.16
2458495.1896244 10.82 0.16
2458495.1908397 10.78 0.16
2458495.1929230 10.78 0.15
2458495.1937910 10.77 0.15
2458495.2207008 10.78 0.15
2458495.2319857 10.75 0.14
2458495.2349369 10.70 0.14
2458495.2368466 10.86 0.16
2458495.2476105 10.79 0.14
2458495.2477841 10.93 0.16
2458495.2519508 10.95 0.17
2458495.2522980 10.68 0.13
2458495.2582008 10.86 0.15
2458495.2661869 10.84 0.15
2458495.2665341 10.72 0.13
2458495.2667077 10.91 0.16
2458495.2675764 10.91 0.16
2458495.2677498 10.89 0.15
2458495.2705272 10.85 0.15
2458495.2707008 10.86 0.15
2458495.2710480 10.94 0.16
2458495.2733049 10.90 0.15
2458495.2736522 10.96 0.16
2458495.2753883 10.92 0.16
2458495.2903188 10.74 0.13
2458495.2918817 10.94 0.16
2458495.3010827 11.00 0.17
2458495.3042078 10.95 0.16
2458495.3057702 10.93 0.16
2458495.3135827 10.91 0.15
2458495.3153198 10.85 0.15
2458498.1658281 11.00 0.17
2458498.1677379 10.88 0.15
2458498.1682586 10.95 0.16
2458498.1691267 10.75 0.13
2458498.1706892 10.96 0.16
2458498.1732934 10.99 0.16
2458498.1750295 11.03 0.16
2458498.1774600 11.02 0.16
2458498.1793701 10.96 0.15
2458498.1798906 11.10 0.17
2458498.1804114 10.94 0.14
2458498.1807586 11.02 0.16
2458498.1816267 11.06 0.16
2458498.1826684 10.98 0.15
2458498.1831892 11.03 0.16
2458498.1840572 10.87 0.14
2458498.1911753 10.92 0.14
2458498.1916961 10.94 0.14
2458498.1930850 10.99 0.15
2458498.1932586 11.02 0.15
2458498.1934322 11.02 0.15
2458498.1943003 10.87 0.13
2458498.1944739 11.16 0.17
2458498.1953420 11.04 0.15
2458498.1955156 11.06 0.15
2458498.1962112 10.96 0.14
2458498.1969050 11.14 0.16
2458498.1970784 11.15 0.17
2458498.1975989 10.97 0.14
2458498.1981198 11.10 0.16
2458498.1988142 11.12 0.16
2458498.2002031 10.98 0.14
2458498.2007239 10.95 0.14
2458498.2015920 10.97 0.14
2458498.2022864 11.05 0.15
2458498.2024600 11.06 0.15
2458498.2026336 11.02 0.14
2458498.2029809 11.09 0.15
2458498.2038489 10.97 0.13
2458498.2041961 11.15 0.16
2458498.2043698 11.05 0.15
2458498.2045434 11.18 0.16
2458498.2047170 11.02 0.14
2458498.2057586 11.03 0.14
2458498.2062795 10.91 0.13
2458498.2068003 10.99 0.14
2458498.2073211 10.95 0.13
2458498.2074947 10.96 0.13
2458498.2078420 11.08 0.15
2458498.2080169 11.12 0.16
2458498.2081904 11.10 0.15
2458498.2085373 11.09 0.15
2458498.2087107 10.96 0.13
2458498.2088841 10.92 0.13
2458498.2092310 11.07 0.15
2458498.2097517 11.09 0.15
2458498.2099253 11.04 0.14
2458498.2106197 11.10 0.15
2458498.2109670 11.21 0.17
2458498.2111406 11.07 0.15
2458498.2123559 10.92 0.13
2458498.2125295 11.03 0.14
2458498.2127031 10.83 0.12
2458498.2128767 10.98 0.14
2458498.2132239 10.85 0.12
2458498.2133975 11.02 0.14
2458498.2139184 11.10 0.15
2458498.2140920 11.02 0.14
2458498.2147864 11.03 0.14
2458498.2151336 10.91 0.13
2458498.2158281 11.06 0.14
2458498.2160017 10.94 0.13
2458498.2163489 11.09 0.15
2458498.2165225 11.04 0.14
2458498.2172170 11.10 0.15
2458498.2175642 11.14 0.16
2458498.2177378 10.95 0.13
2458498.2180850 11.16 0.16
2458498.2184322 11.17 0.16
2458498.2186059 10.96 0.13
2458498.2189531 11.06 0.15
2458498.2194739 11.06 0.14
2458498.2196475 11.13 0.15
2458498.2198225 10.98 0.13
2458498.2199960 10.91 0.12
2458498.2201694 10.99 0.13
2458498.2205163 10.99 0.13
2458498.2208632 11.09 0.15
2458498.2212101 10.97 0.14
2458498.2213836 10.93 0.13
2458498.2215573 11.08 0.15
2458498.2217309 11.13 0.15
2458498.2219045 11.09 0.15
2458498.2227725 10.96 0.13
2458498.2229461 10.84 0.12
2458498.2236406 11.02 0.14
2458498.2241614 11.13 0.15
2458498.2246822 11.00 0.13
2458498.2248559 11.03 0.14
2458498.2250295 11.00 0.13
2458498.2252031 11.20 0.16
2458498.2253767 11.08 0.14
2458498.2255503 10.87 0.12
2458498.2257239 10.94 0.13
2458498.2265920 11.10 0.14
2458498.2269392 10.89 0.12
2458498.2274600 11.00 0.14
2458498.2276336 11.07 0.14
2458498.2279809 11.08 0.14
2458498.2281545 10.99 0.13
2458498.2285017 10.99 0.14
2458498.2288489 11.04 0.14
2458498.2295434 11.07 0.14
2458498.2302378 11.04 0.14
2458498.2305850 11.00 0.14
2458498.2316267 10.93 0.13
2458498.2318016 10.93 0.13
2458498.2319750 10.99 0.14
2458498.2321485 10.96 0.13
2458498.2323219 10.82 0.12
2458498.2326688 10.98 0.14
2458498.2328422 10.85 0.12
2458498.2330157 10.95 0.13
2458498.2331892 11.21 0.17
2458498.2337100 11.03 0.14
2458498.2338836 11.05 0.15
2458498.2347517 11.05 0.15
2458498.2349253 11.04 0.14
2458498.2350989 10.74 0.11
2458498.2352725 10.89 0.13
2458498.2354461 11.05 0.15
2458498.2356198 10.92 0.13
2458498.2364878 11.02 0.14
2458498.2370086 10.89 0.13
2458498.2377031 10.93 0.13
2458498.2380503 11.08 0.15
2458498.2387447 11.15 0.16
2458498.2390920 11.02 0.14
2458498.2392656 11.03 0.15
2458498.2396128 11.05 0.15
2458498.2399600 11.10 0.15
2458498.2403072 11.09 0.15
2458498.2404809 10.99 0.14
2458498.2406545 11.06 0.15
2458498.2408281 11.00 0.14
2458498.2413489 10.86 0.13
2458498.2415225 10.87 0.13
2458498.2423906 11.01 0.14
2458498.2430850 11.05 0.15
2458498.2448214 11.01 0.14
2458498.2451684 10.87 0.13
2458498.2462100 10.97 0.14
2458498.2463836 11.04 0.15
2458498.2479461 10.93 0.13
2458498.2481197 11.10 0.16
2458498.2482934 11.03 0.14
2458498.2486406 11.00 0.14
2458498.2488142 11.04 0.15
2458498.2493350 11.09 0.15
2458498.2495086 11.06 0.15
2458498.2496822 10.94 0.14
2458498.2498559 10.95 0.14
2458498.2500295 11.05 0.15
2458498.2502031 11.05 0.15
2458498.2505503 10.96 0.14
2458498.2507239 11.02 0.15
2458498.2510711 11.01 0.15
2458498.2512448 11.06 0.16
2458498.2514184 11.11 0.16
2458498.2517656 11.13 0.16
2458498.2519392 11.17 0.17
2458498.2521128 10.92 0.13
2458498.2524600 10.96 0.14
2458498.2533281 11.13 0.16
2458498.2536753 11.01 0.15
2458498.2543697 10.97 0.14
2458498.2547170 10.87 0.13
2458498.2554114 11.05 0.15
2458498.2557598 11.10 0.16
2458498.2561066 11.01 0.15
2458498.2564535 11.03 0.15
2458498.2569739 11.01 0.15
2458498.2578420 11.02 0.15
2458498.2580156 11.06 0.15
2458498.2602725 10.98 0.14
2458498.2611406 10.99 0.14
2458498.2614878 11.04 0.15
2458498.2616614 10.91 0.13
2458498.2628767 11.12 0.14
2458498.2632239 11.09 0.13
2458498.2633975 11.07 0.13
2458498.2635711 11.06 0.13
2458498.2637447 11.24 0.15
2458498.2639184 11.07 0.13
2458498.2640920 10.97 0.12
2458498.2642656 10.94 0.12
2458498.2644392 11.18 0.14
2458498.2646128 11.12 0.13
2458498.2647864 11.07 0.13
2458498.2649600 11.23 0.16
2458498.2653072 11.03 0.13
2458498.2654809 11.04 0.13
2458498.2656545 10.92 0.12
2458498.2658281 11.08 0.14
2458498.2661753 11.09 0.13
2458498.2663489 11.07 0.13
2458498.2665225 11.14 0.14
2458498.2666961 10.86 0.11
2458498.2668698 11.18 0.15
2458498.2670434 11.14 0.14
2458498.2672170 11.03 0.13
2458498.2673906 11.05 0.13
2458498.2675655 11.04 0.13
2458498.2680858 11.00 0.12
2458498.2682593 11.08 0.13
2458498.2684327 11.12 0.14
2458498.2686062 11.12 0.14
2458498.2687796 11.12 0.14
2458498.2689531 11.10 0.13
2458498.2691267 11.04 0.13
2458498.2693003 11.17 0.14
2458498.2694739 11.32 0.16
2458498.2696475 11.02 0.12
2458498.2698211 11.12 0.14
2458498.2699947 11.09 0.13
2458498.2701684 11.03 0.12
2458498.2703420 11.34 0.16
2458498.2705156 11.05 0.13
2458498.2706892 11.25 0.15
2458498.2710364 11.04 0.13
2458498.2712100 11.07 0.13
2458498.2713836 11.10 0.13
2458498.2719045 10.97 0.12
2458498.2720781 11.12 0.14
2458498.2722517 11.12 0.14
2458498.2724253 11.09 0.13
2458498.2725989 11.10 0.13
2458498.2727725 10.99 0.12
2458498.2731197 11.10 0.13
2458498.2732934 11.23 0.15
2458498.2734670 10.99 0.12
2458498.2736406 11.23 0.15
2458498.2738142 11.05 0.13
2458498.2739878 11.08 0.13
2458498.2741614 10.96 0.11
2458498.2743350 11.10 0.13
2458498.2745086 11.11 0.13
2458498.2748559 11.11 0.13
2458498.2750295 10.99 0.12
2458498.2752031 10.91 0.11
2458498.2753767 11.01 0.12
2458498.2755503 11.09 0.13
2458498.2757239 11.28 0.15
2458498.2758975 10.99 0.12
2458498.2760711 11.10 0.13
2458498.2762448 11.05 0.13
2458498.2764184 11.24 0.15
2458498.2765920 11.03 0.12
2458498.2767656 11.12 0.13
2458498.2769392 11.17 0.14
2458498.2771128 11.03 0.13
2458498.2772864 11.17 0.14
2458498.2776336 11.13 0.13
2458498.2778072 11.02 0.12
2458498.2779809 11.17 0.14
2458498.2781545 11.12 0.13
2458498.2783281 10.99 0.12
2458498.2785017 10.99 0.12
2458498.2786753 11.10 0.13
2458498.2788489 11.06 0.13
2458498.2790225 11.05 0.13
2458498.2791961 11.10 0.13
2458498.2795448 11.03 0.12
2458498.2797182 11.12 0.13
2458498.2800651 11.17 0.14
2458498.2802385 11.08 0.13
2458498.2804120 11.21 0.15
2458498.2805854 11.03 0.13
2458498.2809323 11.09 0.13
2458498.2811059 11.26 0.16
2458498.2812795 11.07 0.13
2458498.2814531 11.07 0.13
2458498.2816267 10.90 0.11
2458498.2818003 11.10 0.13
2458498.2819739 11.08 0.13
2458498.2823211 11.07 0.13
2458498.2824948 11.19 0.15
2458498.2826684 11.09 0.13
2458498.2828420 11.19 0.14
2458498.2830156 11.10 0.13
2458498.2831892 10.99 0.12
2458498.2833628 11.14 0.14
2458498.2835364 10.91 0.11
2458498.2837100 11.18 0.14
2458498.2838836 11.13 0.14
2458498.2840573 10.95 0.11
2458498.2842309 11.16 0.14
2458498.2844045 10.90 0.11
2458498.2845781 11.15 0.14
2458498.2847517 10.98 0.12
2458498.2849253 10.91 0.11
2458498.2850989 10.94 0.12
2458498.2852725 11.01 0.12
2458498.2854461 11.01 0.12
2458498.2856197 11.17 0.14
2458498.2857934 10.98 0.12
2458498.2861406 11.21 0.15
2458498.2863142 10.94 0.12
2458498.2864878 10.85 0.11
2458498.2866614 10.85 0.11
2458498.2868350 10.96 0.12
2458498.2871822 11.10 0.13
2458498.2873559 11.06 0.13
2458498.2877031 10.92 0.12
2458498.2878767 11.08 0.13
2458498.2880503 11.01 0.13
2458498.2882239 11.09 0.13
2458498.2883975 10.93 0.12
2458498.2885711 11.19 0.15
2458498.2887447 11.08 0.13
2458498.2889184 10.98 0.12
2458498.2890920 10.92 0.12
2458498.2894392 11.12 0.14
2458498.2896128 10.84 0.11
2458498.2899600 11.20 0.15
2458498.2901336 11.17 0.14
2458498.2903073 11.07 0.13
2458498.2904809 10.98 0.12
2458498.2906545 11.00 0.12
2458498.2908281 11.21 0.15
2458498.2910017 10.92 0.12
2458498.2911753 11.21 0.15
2458498.2913489 11.09 0.14
2458498.2915239 11.05 0.13
2458498.2916974 11.10 0.14
2458498.2918708 10.96 0.12
2458498.2920443 10.99 0.12
2458498.2922177 11.06 0.13
2458498.2923912 11.13 0.14
2458498.2925646 11.01 0.13
2458498.2927381 11.01 0.13
2458498.2929115 10.87 0.11
2458498.2930850 10.95 0.12
2458498.2932586 11.05 0.13
2458498.2934322 10.98 0.12
2458498.2937795 11.09 0.13
2458498.2941267 11.15 0.14
2458498.2944739 11.08 0.15
2458498.2949947 10.99 0.13
2458498.2951684 11.12 0.14
2458498.2956892 11.11 0.14
2458498.2960364 10.98 0.12
2458498.2962100 11.10 0.14
2458498.2963836 10.90 0.11
2458498.2965572 10.87 0.11
2458498.2967309 11.05 0.13
2458498.2969045 11.14 0.14
2458498.2970781 11.02 0.13
2458498.2972517 11.10 0.13
2458498.2975989 10.84 0.11
2458498.2981198 11.07 0.13
2458498.2982934 11.33 0.17
2458498.2984670 10.97 0.12
2458498.2986406 10.98 0.12
2458498.2988142 11.15 0.14
2458498.2989878 11.02 0.13
2458498.2991614 10.99 0.13
2458498.2995086 11.06 0.13
2458498.2996823 10.96 0.12
2458498.2998559 10.92 0.12
2458498.3000295 11.13 0.14
2458498.3002031 11.02 0.13
2458498.3003767 10.89 0.11
2458498.3005503 10.98 0.12
2458498.3007239 11.12 0.14
2458498.3008975 11.04 0.13
2458498.3012447 11.15 0.14
2458498.3014184 11.05 0.13
2458498.3015920 10.83 0.11
2458498.3017656 11.02 0.13
2458498.3019392 11.05 0.13
2458498.3022864 11.16 0.14
2458498.3024600 11.11 0.14
2458498.3026336 10.95 0.12
2458498.3028072 11.07 0.13
2458498.3031545 10.87 0.11
2458498.3038500 11.00 0.12
2458498.3040235 11.07 0.13
2458498.3041969 11.06 0.13
2458498.3043703 10.82 0.10
2458498.3045438 11.14 0.14
2458498.3047172 10.97 0.12
2458498.3048907 10.99 0.12
2458498.3052378 11.07 0.13
2458498.3057586 11.00 0.12
2458498.3059323 11.16 0.14
2458498.3061059 10.93 0.12
2458498.3062795 11.05 0.13
2458498.3066267 11.07 0.13
2458498.3068003 11.10 0.14
2458498.3069739 11.17 0.15
2458498.3073211 11.03 0.13
2458498.3074948 11.15 0.14
2458498.3076684 11.19 0.15
2458498.3078420 10.93 0.12
2458498.3080156 10.99 0.12
2458498.3083628 10.98 0.12
2458498.3085364 11.07 0.13
2458498.3087100 11.10 0.14
2458498.3088836 10.94 0.12
2458498.3092309 11.09 0.14
2458498.3094045 11.13 0.14
2458498.3097517 11.13 0.14
2458498.3099253 11.02 0.13
2458498.3100989 11.04 0.13
2458498.3104461 11.03 0.13
2458498.3107934 11.00 0.13
2458498.3109670 10.92 0.12
2458498.3111406 10.95 0.12
2458498.3114878 11.11 0.14
2458498.3116614 11.12 0.14
2458498.3118350 11.15 0.14
2458498.3120086 11.07 0.14
2458498.3121822 11.00 0.13
2458498.3123559 10.89 0.11
2458498.3125295 11.14 0.14
2458498.3127031 11.10 0.14
2458498.3130503 11.17 0.15
2458498.3133975 10.88 0.12
2458498.3135711 11.10 0.14
2458498.3137448 11.15 0.15
2458498.3139184 11.14 0.14
2458498.3140920 10.95 0.12
2458498.3142656 11.04 0.13
2458498.3144392 10.91 0.12
2458498.3146128 11.11 0.14
2458498.3147864 11.33 0.17
2458498.3149600 11.17 0.15
2458498.3151336 11.14 0.14
2458498.3153073 11.04 0.13
2458498.3154809 11.09 0.14
2458498.3156558 11.00 0.13
2458498.3158292 10.88 0.12
2458498.3160027 11.16 0.15
2458498.3161761 11.12 0.14
2458498.3165230 10.86 0.11
2458498.3166965 10.85 0.11
2458498.3168699 11.21 0.16
2458498.3170434 11.12 0.14
2458498.3172170 11.08 0.14
2458498.3173906 11.10 0.14
2458498.3177378 11.19 0.15
2458498.3179114 11.23 0.16
2458498.3180850 11.16 0.15
2458500.2364647 10.76 0.14
2458500.2376799 10.91 0.16
2458500.2390688 11.05 0.18
2458500.2395897 10.97 0.16
2458500.2423674 10.91 0.15
2458500.2437563 10.99 0.16
2458500.2441035 10.87 0.14
2458500.2468813 10.87 0.14
2458500.2474022 11.03 0.16
2458500.2479230 10.96 0.15
2458500.2491383 11.02 0.16
2458500.2498327 10.94 0.15
2458500.2500063 11.08 0.17
2458500.2508744 11.05 0.16
2458500.2510480 11.05 0.16
2458500.2517424 10.93 0.15
2458500.2519160 11.03 0.16
2458500.2520897 10.92 0.14
2458500.2522633 11.02 0.16
2458500.2526105 11.11 0.17
2458500.2527841 10.98 0.15
2458500.2553883 11.02 0.16
2458500.2559091 10.82 0.13
2458500.2572984 10.96 0.15
2458500.2602494 10.98 0.15
2458500.2607702 10.97 0.15
2458500.2619855 10.90 0.14
2458500.2623327 10.96 0.15
2458500.2625063 10.97 0.15
2458500.2637216 11.08 0.16
2458500.2645897 11.04 0.16
2458500.2663258 10.94 0.14
2458500.2675410 11.12 0.16
2458500.2678883 11.12 0.17
2458500.2685839 10.89 0.13
2458500.2691042 11.05 0.16
2458500.2692776 11.01 0.15
2458500.2696245 10.96 0.14
2458500.2699716 10.97 0.15
2458500.2703188 11.07 0.16
2458500.2706661 10.96 0.14
2458500.2711869 10.89 0.14
2458500.2717077 11.10 0.16
2458500.2737910 11.03 0.15
2458500.2743119 10.96 0.14
2458500.2753535 11.07 0.16
2458500.2755272 11.03 0.15
2458500.2757008 10.93 0.14
2458500.2763952 10.91 0.13
2458500.2765688 10.97 0.14
2458500.2767424 11.01 0.15
2458500.2789994 10.98 0.15
2458500.2802147 11.00 0.15
2458500.2807365 11.12 0.16
2458500.2822980 10.97 0.14
2458500.2824716 10.99 0.14
2458500.2828188 10.94 0.14
2458500.2835133 11.03 0.15
2458500.2838605 11.08 0.16
2458500.2840341 10.92 0.14
2458500.2843813 10.85 0.13
2458500.2862911 10.99 0.14
2458500.2866383 11.04 0.15
2458500.2871591 11.10 0.16
2458500.2880272 11.03 0.15
2458500.2883744 11.04 0.15
2458500.2887216 11.05 0.15
2458500.2890688 10.89 0.13
2458500.2895897 11.03 0.15
2458500.2906313 11.03 0.15
2458500.2908049 11.14 0.16
2458500.2914994 11.12 0.16
2458500.2916730 11.02 0.14
2458500.2918466 11.01 0.14
2458500.2921938 11.10 0.15
2458500.2923688 10.95 0.13
2458500.2928892 11.01 0.14
2458500.2930626 11.04 0.15