2458467.3668514 11.01 0.15
2458467.3673723 10.96 0.14
2458467.3675459 11.06 0.15
2458467.3677195 11.03 0.15
2458467.3678931 10.94 0.14
2458467.3680667 10.91 0.13
2458467.3682403 10.97 0.14
2458467.3684139 11.03 0.15
2458467.3685875 10.89 0.13
2458467.3687611 10.98 0.14
2458467.3689347 10.98 0.14
2458467.3694556 10.98 0.14
2458467.3696292 10.93 0.13
2458467.3703236 11.08 0.16
2458467.3708445 10.90 0.13
2458467.3710181 10.77 0.12
2458467.3713653 10.90 0.13
2458467.3731014 10.95 0.14
2458467.3736223 10.94 0.14
2458467.3741431 10.89 0.13
2458467.3746639 10.95 0.14
2458467.3748375 10.97 0.14
2458467.3750111 11.09 0.16
2458467.3753584 11.02 0.15
2458467.3755332 10.90 0.13
2458467.3757067 11.10 0.16
2458467.3762270 11.05 0.16
2458467.3765739 10.82 0.13
2458467.3767473 10.97 0.14
2458467.3770945 10.84 0.13
2458467.3774417 10.75 0.12
2458467.3777889 11.02 0.15
2458467.3779625 10.89 0.13
2458467.3781361 10.75 0.12
2458467.3784834 11.00 0.15
2458467.3786570 11.03 0.15
2458467.3788306 10.89 0.14
2458467.3791778 10.71 0.11
2458467.3793514 10.98 0.15
2458467.3795250 11.02 0.15
2458467.3802195 10.92 0.14
2458467.3807403 11.07 0.16
2458467.3809139 10.94 0.14
2458467.3810875 10.93 0.14
2458467.3814348 10.86 0.13
2458467.3816084 10.96 0.14
2458467.3819556 11.01 0.15
2458467.3821292 10.94 0.14
2458467.3824764 10.96 0.14
2458467.3826500 10.85 0.13
2458467.3828236 10.99 0.15
2458467.3831709 11.05 0.16
2458467.3833445 11.11 0.17
2458467.3836917 10.97 0.14
2458467.3840389 10.99 0.15
2458467.3845597 10.92 0.14
2458467.3849070 10.97 0.15
2458467.3850806 11.02 0.15
2458467.3856014 10.95 0.14
2458467.3857750 11.08 0.16
2458467.3861222 10.89 0.14
2458467.3864695 10.95 0.14
2458467.3866431 10.87 0.13
2458467.3873389 11.06 0.16
2458467.3876858 11.20 0.18
2458467.3885530 10.88 0.14
2458467.3892473 10.99 0.15
2458467.3902889 11.00 0.15
2458467.3904625 11.05 0.16
2458467.3906361 10.95 0.14
2458467.3908098 11.01 0.15
2458467.3913306 11.00 0.15
2458467.3916778 10.90 0.14
2458467.3918514 11.08 0.16
2458467.3923722 10.91 0.14
2458467.3925459 11.10 0.16
2458467.3928931 10.91 0.14
2458467.3930667 10.82 0.13
2458467.3941084 11.01 0.15
2458467.3944556 10.88 0.13
2458467.3948028 10.95 0.14
2458467.3951500 10.91 0.14
2458467.3956709 10.91 0.14
2458467.3958445 11.01 0.15
2458467.3961917 10.97 0.15
2458467.3965389 10.86 0.13
2458467.3972334 10.86 0.13
2458467.3974070 11.03 0.16
2458467.3977542 10.92 0.14
2458467.3984486 10.93 0.14
2458467.3991431 10.82 0.13
2458467.3996649 10.84 0.13
2458467.4001852 10.98 0.15
2458467.4003586 10.99 0.15
2458467.4008792 10.83 0.13
2458467.4019209 10.94 0.15
2458467.4031361 10.88 0.14
2458467.4033098 10.92 0.14
2458467.4046986 11.07 0.16
2458467.4053931 10.96 0.15
2458467.4055667 11.01 0.15
2458467.4067820 11.01 0.15
2458467.4076500 10.96 0.15
2458467.4078236 10.96 0.15
2458467.4079972 10.87 0.13
2458467.4081709 10.91 0.14
2458467.4088653 10.88 0.14
2458467.4090389 10.88 0.14
2458467.4092125 10.86 0.14
2458467.4099070 10.77 0.12
2458467.4100806 11.03 0.16
2458467.4111236 11.04 0.16
2458467.4112971 10.82 0.13
2458467.4114705 11.02 0.16
2458467.4118174 10.83 0.13
2458467.4119908 10.93 0.14
2458467.4121643 11.06 0.16
2458467.4123377 11.02 0.16
2458467.4128584 11.00 0.15
2458467.4130320 10.75 0.12
2458467.4132056 10.96 0.15
2458467.4133792 10.85 0.13
2458467.4135528 11.08 0.17
2458467.4144209 10.99 0.15
2458467.4145945 10.82 0.13
2458467.4151153 10.85 0.13
2458467.4166778 10.88 0.14
2458467.4168514 10.89 0.14
2458467.4171986 10.83 0.13
2458467.4173722 10.81 0.13
2458467.4175459 10.99 0.16
2458467.4182403 10.74 0.13
2458467.4194556 10.96 0.15
2458467.4196292 10.94 0.15
2458467.4199764 10.92 0.15
2458467.4206709 10.97 0.16
2458469.3671871 10.90 0.10
2458469.3673607 10.99 0.11
2458469.3677079 10.99 0.11
2458469.3682287 11.05 0.11
2458469.3684023 10.86 0.10
2458469.3687496 10.87 0.10
2458469.3689232 10.92 0.10
2458469.3692704 10.91 0.10
2458469.3694440 11.11 0.12
2458469.3696176 11.05 0.11
2458469.3697912 11.18 0.13
2458469.3699648 11.01 0.11
2458469.3701384 11.02 0.11
2458469.3703121 10.96 0.10
2458469.3704857 10.88 0.10
2458469.3706593 10.96 0.10
2458469.3710065 10.99 0.11
2458469.3711801 10.91 0.10
2458469.3715273 11.08 0.12
2458469.3717009 10.90 0.10
2458469.3722218 11.04 0.11
2458469.3723954 10.91 0.10
2458469.3725690 10.88 0.10
2458469.3727426 11.06 0.11
2458469.3729162 10.91 0.10
2458469.3730898 10.89 0.10
2458469.3732635 10.91 0.10
2458469.3734371 11.04 0.11
2458469.3737843 11.21 0.13
2458469.3739579 10.99 0.11
2458469.3743051 10.87 0.10
2458469.3744787 11.10 0.12
2458469.3748260 10.98 0.10
2458469.3749996 10.92 0.10
2458469.3751732 11.07 0.11
2458469.3753468 10.91 0.10
2458469.3755204 10.91 0.10
2458469.3756940 10.86 0.09
2458469.3758676 11.01 0.11
2458469.3760425 11.14 0.12
2458469.3763894 10.87 0.10
2458469.3767363 11.07 0.11
2458469.3770832 11.14 0.12
2458469.3772566 10.82 0.09
2458469.3776037 11.01 0.11
2458469.3777773 10.98 0.10
2458469.3779510 11.24 0.13
2458469.3781246 11.16 0.12
2458469.3782982 10.98 0.10
2458469.3784718 10.87 0.09
2458469.3786454 11.17 0.12
2458488.3044163 11.07 0.14
2458488.3045899 10.95 0.13
2458488.3047635 10.96 0.13
2458488.3049371 10.88 0.12
2458488.3051107 10.85 0.12
2458488.3052844 11.08 0.15
2458488.3054579 10.89 0.12
2458488.3056316 10.86 0.12
2458488.3059788 10.98 0.13
2458488.3061524 10.94 0.13
2458488.3063260 11.03 0.14
2458488.3064996 11.05 0.14
2458488.3066732 11.12 0.15
2458488.3068468 11.14 0.15
2458488.3070205 11.06 0.14
2458488.3071941 10.86 0.12
2458488.3075413 10.94 0.13
2458488.3077149 10.95 0.13
2458488.3080621 11.05 0.14
2458488.3084093 11.14 0.16
2458488.3085830 10.99 0.14
2458488.3089302 11.01 0.14
2458488.3091038 11.12 0.15
2458488.3092788 11.03 0.14
2458488.3094522 10.84 0.12
2458488.3101460 11.02 0.14
2458488.3104929 10.95 0.13
2458488.3108399 10.81 0.12
2458488.3110135 11.09 0.15
2458488.3111871 11.03 0.14
2458488.3113607 10.96 0.13
2458488.3115344 11.11 0.15
2458488.3117080 11.02 0.14
2458488.3120552 11.11 0.15
2458488.3125760 11.14 0.16
2458488.3129232 11.02 0.14
2458488.3132705 10.85 0.12
2458488.3134441 10.96 0.13
2458488.3136177 11.07 0.15
2458488.3137913 11.09 0.15
2458488.3139649 10.85 0.12
2458488.3141385 10.84 0.12
2458488.3146593 11.07 0.15
2458488.3150066 10.95 0.13
2458488.3151802 10.98 0.14
2458488.3153538 10.94 0.13
2458488.3155274 10.83 0.12
2458488.3157010 11.12 0.16
2458488.3158746 10.83 0.12
2458488.3160482 10.77 0.11
2458488.3165691 10.88 0.13
2458488.3167427 10.81 0.12
2458488.3169163 10.87 0.13
2458488.3170899 10.99 0.14
2458488.3172635 10.99 0.14
2458488.3174371 10.88 0.13
2458488.3176107 11.08 0.15
2458488.3177844 10.98 0.14
2458488.3179580 10.93 0.13
2458488.3181316 10.81 0.12
2458488.3183052 10.88 0.13
2458488.3186524 11.06 0.15
2458488.3188260 11.05 0.15
2458488.3189996 11.00 0.14
2458488.3191732 11.10 0.16
2458488.3193469 10.96 0.14
2458488.3200413 10.98 0.14
2458488.3202149 10.94 0.14
2458488.3205621 10.90 0.13
2458488.3207357 11.13 0.16
2458488.3209094 10.82 0.12
2458488.3210830 11.03 0.15
2458488.3214314 10.94 0.13
2458488.3219517 10.95 0.14
2458488.3221252 10.98 0.14
2458488.3224720 11.02 0.15
2458488.3229927 10.97 0.14
2458488.3233399 11.07 0.15
2458488.3235135 10.99 0.14
2458488.3236871 10.97 0.14
2458488.3238607 11.03 0.15
2458488.3242080 10.92 0.13
2458488.3247288 10.93 0.13
2458488.3249024 11.01 0.15
2458488.3250760 11.03 0.15
2458488.3252496 10.93 0.14
2458488.3254232 11.01 0.15
2458488.3259441 10.84 0.12
2458488.3261177 10.84 0.13
2458488.3262913 11.04 0.15
2458488.3264649 11.09 0.16
2458488.3266385 10.90 0.13
2458488.3269857 10.83 0.12
2458488.3273330 10.82 0.12
2458488.3280274 10.89 0.13
2458488.3282010 11.07 0.16
2458488.3283746 10.93 0.14
2458488.3287218 10.72 0.11
2458488.3294163 11.05 0.15
2458488.3297635 11.09 0.16
2458488.3304580 10.93 0.14
2458488.3306316 10.89 0.13
2458488.3313260 11.03 0.15
2458488.3314996 10.96 0.14
2458488.3316732 11.01 0.15
2458488.3321941 10.83 0.13
2458488.3323677 10.97 0.14
2458488.3328885 10.98 0.14
2458488.3330621 11.11 0.16
2458488.3334105 10.72 0.11
2458488.3335839 10.88 0.13
2458488.3344511 11.09 0.16
2458488.3347982 10.85 0.13
2458488.3349719 10.78 0.12
2458488.3351455 10.85 0.13
2458488.3360135 11.04 0.15
2458488.3361871 10.90 0.13
2458488.3363607 10.91 0.14
2458488.3365344 10.98 0.15
2458488.3370552 10.88 0.13
2458488.3374024 11.06 0.16
2458488.3375760 10.91 0.14
2458488.3379232 10.79 0.12
2458488.3382705 11.09 0.16
2458488.3384441 10.88 0.13
2458488.3389649 10.92 0.14
2458488.3393121 10.98 0.15
2458488.3394857 10.99 0.15
2458488.3396593 10.80 0.12
2458488.3398330 10.80 0.12
2458488.3403538 11.08 0.16
2458488.3412219 11.15 0.17
2458488.3413955 10.81 0.13
2458488.3415691 11.01 0.15
2458488.3419163 11.02 0.15
2458488.3422635 10.80 0.12
2458488.3427844 11.05 0.16
2458488.3431316 10.98 0.15
2458488.3433052 10.93 0.14
2458488.3443469 10.95 0.15
2458488.3446941 10.95 0.14
2458488.3450413 10.98 0.15
2458488.3452162 10.82 0.13
2458488.3459100 10.79 0.12
2458488.3460834 11.10 0.16
2458488.3462569 10.91 0.14
2458488.3471246 10.97 0.15
2458488.3472982 10.79 0.12
2458488.3474718 10.85 0.13
2458488.3476455 10.91 0.14
2458488.3478191 10.94 0.14
2458488.3481663 10.98 0.15
2458488.3485135 10.84 0.13
2458488.3486871 10.77 0.12
2458488.3488607 10.92 0.14
2458488.3505969 10.98 0.15
2458488.3507705 11.08 0.16
2458488.3511177 10.83 0.13
2458488.3514649 11.01 0.15
2458488.3516385 11.01 0.15
2458488.3518121 11.04 0.15
2458488.3519857 10.79 0.12
2458488.3521594 10.87 0.13
2458488.3523330 10.96 0.14
2458488.3525066 10.96 0.14
2458488.3528538 10.93 0.14
2458488.3532010 10.99 0.15
2458488.3533746 10.83 0.13
2458488.3535482 10.88 0.13
2458488.3538955 11.02 0.15
2458488.3540691 11.03 0.15
2458488.3542427 10.86 0.13
2458488.3544163 11.01 0.15
2458488.3549371 11.04 0.15
2458488.3561524 10.84 0.13
2458488.3563260 10.86 0.13
2458488.3564996 11.01 0.15
2458488.3566732 10.91 0.14
2458488.3570218 10.75 0.12
2458488.3571953 10.77 0.12
2458488.3573687 10.86 0.13
2458488.3575422 10.87 0.13
2458488.3580625 10.95 0.14
2458488.3582360 11.03 0.15
2458488.3584094 10.85 0.13
2458488.3585830 10.93 0.14
2458488.3587566 10.93 0.14
2458488.3592774 11.10 0.16
2458488.3597982 10.92 0.14
2458488.3599718 10.97 0.15
2458488.3601455 10.98 0.15
2458488.3604927 11.01 0.15
2458488.3606663 11.02 0.15
2458488.3608399 10.92 0.14
2458488.3610135 11.11 0.16
2458488.3615343 10.99 0.15
2458488.3617080 11.08 0.16
2458488.3622288 10.83 0.13
2458488.3629232 11.13 0.17
2458488.3632705 11.11 0.17
2458488.3634441 11.13 0.17
2458488.3636177 10.92 0.14
2458488.3637913 11.16 0.17
2458488.3646594 11.01 0.15
2458488.3648330 11.05 0.16
2458488.3650066 10.76 0.12
2458488.3651802 10.84 0.13
2458488.3655274 10.96 0.14
2458488.3657010 10.81 0.13
2458488.3665691 10.95 0.14
2458488.3667427 10.89 0.14
2458488.3676107 10.93 0.14
2458488.3677844 10.86 0.13
2458488.3679580 11.03 0.15
2458488.3681316 11.02 0.15
2458488.3683052 11.07 0.16
2458488.3684788 10.77 0.12
2458488.3686524 10.99 0.15
2458488.3690010 10.92 0.14
2458488.3691744 10.87 0.13
2458488.3698682 10.99 0.15
2458488.3702150 10.87 0.13
2458488.3703885 11.02 0.16
2458488.3705621 11.03 0.16
2458488.3710830 10.82 0.13
2458488.3714302 10.85 0.13
2458488.3717774 11.01 0.15
2458488.3722982 10.99 0.15
2458488.3724718 10.91 0.14
2458488.3726455 10.96 0.15
2458488.3731663 10.91 0.14
2458488.3742080 10.93 0.14
2458493.2519739 11.04 0.14
2458493.2523211 10.79 0.11
2458493.2531892 11.05 0.14
2458493.2533628 11.06 0.14
2458493.2535364 10.90 0.12
2458493.2538836 11.13 0.15
2458493.2540586 11.05 0.14
2458493.2544055 11.03 0.14
2458493.2547524 11.17 0.15
2458493.2549258 10.92 0.12
2458493.2550993 11.03 0.14
2458493.2552727 11.00 0.13
2458493.2556198 10.95 0.13
2458493.2559670 10.94 0.13
2458493.2561406 11.02 0.13
2458493.2563142 11.08 0.14
2458493.2566614 11.06 0.14
2458493.2568350 11.28 0.17
2458493.2570086 11.10 0.14
2458493.2571823 11.00 0.13
2458493.2573559 10.93 0.12
2458493.2575295 10.97 0.13
2458493.2577031 10.88 0.12
2458493.2578767 11.03 0.13
2458493.2580503 11.03 0.13
2458493.2582239 11.09 0.14
2458493.2583975 11.16 0.15
2458493.2587447 11.15 0.15
2458493.2590920 11.24 0.16
2458493.2592656 11.05 0.14
2458493.2594392 11.07 0.14
2458493.2596128 11.05 0.14
2458493.2597864 10.91 0.12
2458493.2601336 11.04 0.14
2458493.2603072 10.99 0.13
2458493.2606545 11.13 0.15
2458493.2608281 10.99 0.13
2458493.2610017 10.87 0.12
2458493.2611753 11.16 0.15
2458493.2613489 11.01 0.13
2458493.2615225 10.92 0.12
2458493.2616961 11.08 0.14
2458493.2618697 11.04 0.14
2458493.2620434 11.23 0.16
2458493.2622170 11.25 0.16
2458493.2623906 11.00 0.13
2458493.2625642 11.28 0.17
2458493.2627378 11.14 0.15
2458493.2629114 10.88 0.12
2458493.2630850 11.10 0.14
2458493.2632586 11.08 0.14
2458493.2634323 11.17 0.15
2458493.2637795 11.00 0.13
2458493.2639531 11.07 0.14
2458493.2641267 11.22 0.16
2458493.2643003 11.07 0.14
2458493.2644739 11.00 0.13
2458493.2646475 11.08 0.14
2458493.2648211 11.20 0.16
2458493.2649948 11.20 0.16
2458493.2651684 11.18 0.15
2458493.2653420 11.17 0.15
2458493.2655156 11.18 0.15
2458493.2656892 11.13 0.15
2458493.2662112 10.93 0.12
2458493.2665581 10.92 0.12
2458493.2667316 10.99 0.13
2458493.2669050 10.88 0.12
2458493.2670784 11.11 0.14
2458493.2672519 11.18 0.15
2458493.2674253 11.18 0.15
2458493.2675989 10.99 0.13
2458493.2677725 11.00 0.13
2458493.2679461 11.01 0.13
2458493.2681197 10.95 0.12
2458493.2689878 11.02 0.13
2458493.2693350 10.94 0.12
2458493.2696822 11.03 0.13
2458493.2698559 10.82 0.11
2458493.2700295 10.88 0.12
2458493.2703767 10.79 0.11
2458493.2708975 11.12 0.14
2458493.2710711 11.05 0.14
2458493.2712448 11.16 0.15
2458493.2714184 11.04 0.13
2458493.2715920 10.85 0.11
2458493.2717656 11.08 0.14
2458493.2719392 10.96 0.13
2458493.2721128 11.03 0.14
2458493.2722864 11.03 0.13
2458493.2728073 11.16 0.15
2458493.2729809 11.13 0.15
2458493.2731545 11.02 0.13
2458493.2733281 11.21 0.16
2458493.2735017 11.23 0.16
2458493.2736753 11.09 0.14
2458493.2738489 11.11 0.14
2458493.2740225 11.00 0.13
2458493.2741961 11.19 0.16
2458493.2745434 11.10 0.14
2458493.2748906 10.97 0.13
2458493.2750642 11.13 0.15
2458493.2752378 11.15 0.15
2458493.2754114 11.05 0.14
2458493.2755850 11.18 0.15
2458493.2757586 11.04 0.13
2458493.2759322 10.90 0.12
2458493.2761059 11.04 0.14
2458493.2764531 11.13 0.15
2458493.2766267 11.02 0.13
2458493.2768003 11.15 0.15
2458493.2769739 11.04 0.14
2458493.2774947 11.17 0.15
2458493.2778420 11.00 0.13
2458493.2783638 10.98 0.13
2458493.2785373 11.10 0.14
2458493.2787107 11.04 0.14
2458493.2788841 11.23 0.16
2458493.2790576 10.87 0.12
2458493.2795781 11.19 0.15
2458493.2797517 11.07 0.14
2458493.2799253 11.06 0.14
2458493.2802725 10.97 0.13
2458493.2804461 11.14 0.15
2458493.2806198 10.98 0.13
2458493.2811406 11.15 0.15
2458493.2813142 11.07 0.14
2458493.2814878 11.05 0.14
2458493.2816614 11.03 0.13
2458493.2820086 10.98 0.13
2458493.2823559 11.05 0.14
2458493.2839184 11.15 0.15
2458493.2840920 11.18 0.15
2458493.2842656 11.08 0.14
2458493.2846128 10.93 0.12
2458493.2849600 11.17 0.15
2458493.2851336 10.97 0.13
2458493.2853072 10.81 0.11
2458493.2854809 11.13 0.15
2458493.2861753 10.85 0.11
2458493.2863489 11.09 0.14
2458493.2865225 11.04 0.14
2458493.2866961 11.09 0.14
2458493.2875642 11.02 0.13
2458493.2877378 10.96 0.13
2458493.2882586 10.99 0.13
2458493.2884323 10.89 0.12
2458493.2886059 10.91 0.12
2458493.2891267 11.03 0.14
2458493.2893003 11.04 0.14
2458493.2898211 11.07 0.14
2458493.2899961 11.21 0.16
2458493.2903429 11.00 0.13
2458493.2905164 11.25 0.16
2458493.2908633 11.19 0.16
2458493.2912102 10.91 0.12
2458493.2913836 11.06 0.14
2458493.2915572 11.18 0.15
2458493.2919045 11.01 0.13
2458493.2920781 10.90 0.12
2458493.2922517 11.04 0.13
2458493.2924253 11.00 0.13
2458493.2925989 10.97 0.13
2458493.2927725 11.21 0.16
2458493.2929461 11.13 0.15
2458493.2931197 11.11 0.14
2458493.2932934 11.00 0.13
2458493.2934670 11.03 0.13
2458493.2936406 10.78 0.11
2458493.2938142 11.08 0.14
2458493.2939878 11.27 0.17
2458493.2941614 11.05 0.14
2458493.2943350 10.99 0.13
2458493.2945086 11.13 0.15
2458493.2948559 11.07 0.14
2458493.2952031 11.00 0.13
2458493.2953767 11.01 0.13
2458493.2955503 11.23 0.16
2458493.2957239 11.03 0.13
2458493.2960711 11.09 0.14
2458493.2964184 10.91 0.12
2458493.2969392 11.03 0.14
2458493.2971128 11.25 0.17
2458493.2976336 11.10 0.15
2458493.2978072 11.20 0.16
2458493.2979809 11.05 0.14
2458493.2981545 11.20 0.16
2458493.2985017 11.11 0.15
2458493.2986753 11.19 0.16
2458493.2988489 10.79 0.11
2458493.2991961 11.01 0.13
2458493.2993697 11.08 0.14
2458493.2998906 10.98 0.13
2458493.3000642 11.22 0.16
2458493.3002378 10.76 0.11
2458493.3004114 10.94 0.13
2458493.3005850 11.01 0.13
2458493.3025063 11.12 0.15
2458493.3028536 11.13 0.15
2458493.3030272 11.19 0.16
2458493.3032008 11.15 0.15
2458493.3033744 11.06 0.14
2458493.3035480 10.99 0.13
2458493.3037216 11.23 0.16
2458493.3044161 11.05 0.14
2458493.3045897 11.03 0.13
2458493.3047633 11.16 0.15
2458493.3049369 10.80 0.11
2458493.3052841 11.08 0.14
2458493.3054577 11.16 0.15
2458493.3061522 11.17 0.15
2458493.3063258 10.91 0.12
2458493.3064994 11.13 0.15
2458493.3066730 10.88 0.12
2458493.3071938 10.97 0.13
2458493.3075410 11.06 0.14
2458493.3082355 11.12 0.14
2458493.3084091 10.90 0.12
2458493.3091036 11.09 0.14
2458493.3094508 11.09 0.14
2458493.3096244 10.98 0.13
2458493.3101452 11.05 0.14
2458493.3106661 10.95 0.12
2458493.3113605 11.15 0.15
2458493.3115341 11.14 0.15
2458493.3118813 11.02 0.13
2458493.3122298 10.97 0.13
2458493.3124033 11.07 0.14
2458493.3125767 11.14 0.15
2458493.3127502 10.99 0.13
2458493.3129236 11.09 0.14
2458493.3130971 10.99 0.13
2458493.3134439 10.99 0.13
2458493.3136174 10.95 0.12
2458493.3137910 11.06 0.13
2458493.3141383 10.88 0.12
2458493.3143119 10.94 0.12
2458493.3144855 10.97 0.13
2458493.3146591 11.12 0.14
2458493.3148327 11.15 0.15
2458493.3150063 10.78 0.11
2458493.3151799 10.97 0.13
2458493.3153535 11.08 0.14
2458493.3155272 11.03 0.13
2458493.3157008 11.06 0.14
2458493.3158744 11.10 0.14
2458493.3162216 10.91 0.12
2458493.3163952 11.09 0.14
2458493.3165688 10.96 0.12
2458493.3167424 11.05 0.14
2458493.3169161 10.94 0.12
2458493.3170897 10.95 0.12
2458493.3172633 11.02 0.13
2458493.3174369 11.12 0.14
2458493.3176105 11.00 0.13
2458493.3183049 11.02 0.13
2458493.3184786 11.15 0.15
2458493.3186522 10.98 0.13
2458493.3188258 10.85 0.11
2458493.3189994 10.97 0.12
2458493.3191730 11.00 0.13
2458493.3193466 11.14 0.15
2458493.3198674 11.09 0.14
2458493.3200411 11.05 0.13
2458493.3202147 10.94 0.12
2458493.3203883 11.22 0.16
2458493.3205619 11.07 0.14
2458493.3207355 11.09 0.14
2458493.3209091 11.16 0.15
2458493.3210827 11.23 0.16
2458493.3212563 11.12 0.14
2458493.3214299 10.93 0.12
2458493.3217772 11.11 0.14
2458493.3219508 11.11 0.14
2458493.3221244 11.20 0.15
2458493.3222980 11.22 0.16
2458493.3224716 11.18 0.15
2458493.3228188 11.02 0.13
2458493.3231662 11.18 0.15
2458493.3233397 11.01 0.13
2458493.3238605 11.08 0.14
2458493.3240341 11.06 0.13
2458493.3242090 11.04 0.13
2458493.3243824 11.08 0.14
2458493.3245559 11.03 0.13
2458493.3249028 11.17 0.15
2458493.3250762 11.02 0.13
2458493.3254231 11.07 0.14
2458493.3255966 10.93 0.12
2458493.3259438 10.91 0.12
2458493.3261174 10.99 0.13
2458493.3262911 10.99 0.13
2458493.3266383 10.94 0.12
2458493.3268119 11.11 0.14
2458493.3269855 10.98 0.13
2458493.3271591 11.02 0.13
2458493.3273327 11.08 0.14
2458493.3275063 11.04 0.13
2458493.3278536 10.88 0.11
2458493.3280272 11.03 0.13
2458493.3282008 11.06 0.13
2458493.3283744 11.19 0.15
2458493.3285480 11.12 0.14
2458493.3287216 10.92 0.12
2458493.3288952 11.00 0.13
2458493.3290688 10.92 0.12
2458493.3294160 10.92 0.12
2458493.3295897 11.05 0.13
2458493.3297633 11.05 0.13
2458493.3299369 11.06 0.13
2458493.3301105 10.74 0.10
2458493.3304577 10.93 0.12
2458493.3306313 11.13 0.14
2458493.3308049 11.13 0.14
2458493.3309785 11.14 0.14
2458493.3311522 11.05 0.13
2458493.3313258 11.12 0.14
2458493.3314994 11.02 0.13
2458493.3318466 11.13 0.14
2458493.3320202 10.93 0.12
2458493.3321938 11.07 0.14
2458493.3323674 11.01 0.13
2458493.3325411 10.85 0.11
2458493.3327147 10.94 0.12
2458493.3330619 10.98 0.12
2458493.3332355 10.94 0.12
2458493.3334091 10.95 0.12
2458493.3335827 11.04 0.13
2458493.3337563 11.01 0.13
2458493.3341036 11.12 0.14
2458493.3342772 11.03 0.13
2458493.3346244 11.03 0.13
2458493.3349716 10.95 0.12
2458493.3351452 11.13 0.14
2458493.3353188 10.95 0.12
2458493.3354924 11.05 0.14
2458493.3356661 10.99 0.13
2458493.3360133 11.05 0.13
2458493.3361882 11.16 0.15
2458493.3363616 11.01 0.13
2458493.3365351 11.15 0.15
2458493.3368820 11.10 0.14
2458493.3370554 11.03 0.13
2458493.3372288 11.27 0.17
2458493.3375758 10.86 0.11
2458493.3379230 11.07 0.14
2458493.3380966 11.05 0.14
2458493.3384438 10.94 0.12
2458493.3386174 10.99 0.13
2458493.3387910 11.09 0.14
2458493.3394855 10.96 0.13
2458493.3396591 10.97 0.13
2458493.3398327 11.11 0.14
2458493.3401799 10.94 0.12
2458493.3403536 10.99 0.13
2458493.3405272 11.11 0.14
2458493.3407008 11.02 0.13
2458493.3410480 10.96 0.13
2458493.3412216 11.05 0.14
2458493.3413952 11.06 0.14
2458493.3415688 11.07 0.14
2458493.3417424 11.08 0.14
2458493.3419161 11.16 0.15
2458493.3420897 11.09 0.14
2458493.3424369 10.93 0.12
2458493.3426105 10.99 0.13
2458493.3427841 11.14 0.15
2458493.3429577 11.04 0.13
2458493.3433049 11.06 0.14
2458493.3434786 11.06 0.14
2458493.3436522 10.99 0.13
2458493.3438258 10.96 0.13
2458493.3439994 11.07 0.14
2458493.3441730 11.21 0.16
2458493.3443466 11.30 0.17
2458493.3445202 10.93 0.12
2458493.3446938 11.03 0.13
2458493.3448674 11.06 0.14
2458493.3452147 10.86 0.12
2458493.3457355 10.98 0.13
2458493.3459091 10.89 0.12
2458493.3460827 11.16 0.15
2458493.3462563 11.14 0.15
2458493.3464299 10.99 0.13
2458493.3469508 10.92 0.12
2458493.3471244 11.04 0.14
2458493.3472980 10.91 0.12
2458493.3474716 11.06 0.14
2458493.3476452 11.05 0.14
2458493.3478188 11.07 0.14
2458493.3481673 11.05 0.14
2458493.3483408 11.03 0.14
2458493.3485142 11.04 0.14
2458493.3486876 11.05 0.14
2458493.3488611 11.03 0.13
2458493.3490345 11.10 0.14
2458493.3492080 11.12 0.15
2458493.3495549 11.03 0.14
2458493.3497286 11.05 0.14
2458493.3500758 11.11 0.14
2458493.3502494 11.19 0.16
2458493.3504230 11.14 0.15
2458493.3505966 11.12 0.15
2458493.3507702 10.98 0.13
2458493.3511174 11.03 0.13
2458493.3512911 10.96 0.13
2458493.3516383 11.00 0.13
2458493.3519855 11.04 0.13
2458493.3521591 10.91 0.12
2458493.3526799 11.11 0.14
2458493.3528535 10.93 0.12
2458493.3530272 11.13 0.15
2458493.3533744 10.86 0.11
2458493.3535480 10.98 0.13
2458493.3537216 11.03 0.13
2458493.3538952 10.99 0.13
2458493.3542424 10.96 0.13
2458493.3544160 10.96 0.13
2458493.3545897 11.06 0.14
2458493.3547633 11.01 0.13
2458493.3549369 11.10 0.14
2458493.3551105 10.97 0.13
2458493.3552841 10.97 0.13
2458493.3558049 11.14 0.15
2458493.3559786 11.25 0.16
2458493.3561522 11.13 0.14
2458493.3563258 10.94 0.12
2458493.3564994 11.00 0.13
2458493.3566730 11.13 0.14
2458493.3571938 10.80 0.11
2458493.3573674 11.04 0.13
2458493.3575411 11.14 0.15
2458493.3577147 10.91 0.12
2458493.3578883 10.97 0.13
2458493.3580619 10.84 0.11
2458493.3582355 10.85 0.11
2458493.3584091 10.83 0.11
2458493.3585827 11.13 0.14
2458493.3587563 10.84 0.11
2458493.3589299 10.85 0.11
2458493.3591036 10.87 0.11
2458493.3592772 10.74 0.10
2458493.3594508 10.78 0.11
2458493.3596244 10.88 0.12
2458493.3597980 11.08 0.14
2458493.3599716 10.90 0.12
2458493.3601465 10.88 0.12
2458493.3603199 10.91 0.12
2458493.3604934 10.89 0.12
2458493.3606668 11.06 0.14
2458493.3608403 10.94 0.12
2458493.3610137 11.03 0.13
2458493.3611871 11.05 0.14
2458493.3613606 10.98 0.13
2458493.3615341 10.98 0.13
2458493.3617077 10.91 0.12
2458493.3618813 10.80 0.11
2458493.3620549 11.10 0.14
2458493.3622285 10.88 0.12
2458493.3624022 10.95 0.12
2458493.3625758 10.92 0.12
2458493.3629230 11.03 0.13
2458493.3630966 11.13 0.15
2458493.3632702 10.91 0.12
2458493.3634438 11.19 0.15
2458493.3637911 10.91 0.12
2458493.3639647 10.87 0.12
2458493.3641383 11.14 0.15
2458493.3643119 10.83 0.11
2458493.3644855 10.83 0.11
2458493.3646591 10.99 0.13
2458493.3648327 11.03 0.13
2458493.3650063 11.05 0.14
2458493.3651799 10.88 0.12
2458493.3653536 10.83 0.11
2458493.3655272 11.21 0.16
2458493.3657008 10.89 0.12
2458493.3660480 10.85 0.11
2458493.3662216 10.83 0.11
2458493.3663952 10.96 0.12
2458493.3665688 11.04 0.14
2458493.3667424 10.87 0.12
2458493.3669161 11.00 0.13
2458493.3670897 10.96 0.13
2458493.3672633 10.91 0.12
2458493.3674369 10.75 0.10
2458493.3676105 10.98 0.13
2458493.3677841 10.87 0.12
2458493.3679577 10.89 0.12
2458493.3681313 10.88 0.12
2458493.3683049 10.88 0.12
2458493.3684785 10.89 0.12
2458493.3688258 11.03 0.13
2458493.3689994 10.96 0.13
2458493.3691730 10.95 0.13
2458493.3693466 11.15 0.15
2458493.3695202 10.92 0.12
2458493.3696938 11.14 0.15
2458493.3698674 10.94 0.13
2458493.3700410 10.83 0.11
2458493.3702147 10.90 0.12
2458493.3703883 11.06 0.14
2458493.3710827 10.96 0.13
2458493.3712563 11.04 0.14
2458493.3714299 11.16 0.15
2458493.3716036 11.23 0.16
2458493.3717772 10.87 0.12
2458493.3722991 11.14 0.15
2458493.3724725 11.07 0.14
2458493.3726460 10.84 0.11
2458493.3731663 10.85 0.11
2458493.3733397 11.04 0.14
2458493.3735133 10.85 0.11
2458493.3736869 10.91 0.12
2458493.3738605 11.10 0.14
2458493.3742077 10.90 0.12
2458493.3743813 10.79 0.11
2458493.3745549 11.03 0.13
2458493.3747286 10.99 0.13
2458493.3749022 10.87 0.12
2458493.3750758 11.00 0.13
2458493.3752494 11.00 0.13
2458493.3754230 10.84 0.11
2458493.3755966 11.01 0.13
2458493.3757702 11.06 0.14
2458493.3759438 10.92 0.12
2458493.3761174 10.89 0.12
2458493.3762910 10.97 0.13
2458493.3766383 10.97 0.13
2458493.3768119 10.92 0.12
2458493.3771591 10.89 0.12
2458493.3773327 10.84 0.12
2458493.3775063 10.85 0.12
2458493.3776799 11.11 0.15
2458493.3778535 11.06 0.14
2458493.3780272 10.83 0.11
2458493.3782008 11.02 0.14
2458493.3783744 10.94 0.13
2458493.3785480 10.97 0.13
2458493.3788952 10.98 0.13
2458493.3790688 11.03 0.14
2458493.3794161 11.16 0.15
2458493.3795897 10.94 0.13
2458493.3797633 10.94 0.12
2458493.3799369 11.11 0.15
2458493.3801105 10.95 0.13
2458493.3802841 10.95 0.13
2458493.3804577 11.09 0.14
2458493.3806313 10.98 0.13
2458493.3808049 11.01 0.14
2458493.3809786 11.15 0.15
2458493.3811522 10.98 0.13
2458493.3813258 10.86 0.12
2458493.3814994 10.76 0.11
2458493.3816730 10.97 0.13
2458493.3818466 11.04 0.14
2458493.3820202 10.88 0.12
2458493.3821938 11.04 0.14
2458493.3823674 10.97 0.13
2458493.3825411 10.85 0.12
2458493.3827147 10.98 0.13
2458493.3828883 10.87 0.12
2458493.3830619 10.92 0.12
2458493.3832355 10.91 0.12
2458493.3834091 11.20 0.16
2458493.3835827 10.91 0.12
2458493.3837563 11.12 0.15
2458493.3839313 11.08 0.14
2458493.3841048 10.88 0.12
2458493.3842782 10.96 0.13
2458493.3844517 10.99 0.13
2458493.3846251 11.09 0.15
2458493.3847985 11.01 0.14
2458493.3851454 11.01 0.14
2458493.3853189 10.81 0.11
2458493.3854924 10.81 0.11
2458493.3858397 10.84 0.12
2458493.3860133 11.01 0.14
2458493.3863605 10.74 0.11
2458493.3867077 11.00 0.13
2458493.3868813 10.86 0.12
2458493.3870549 10.95 0.13
2458493.3874022 10.86 0.12
2458493.3877494 10.69 0.10
2458493.3879230 10.92 0.13
2458493.3880966 11.03 0.14
2458493.3882702 10.89 0.12
2458493.3884438 11.11 0.15
2458493.3886174 11.01 0.14
2458493.3887911 11.11 0.15
2458493.3889647 10.89 0.12
2458493.3891383 11.03 0.14
2458493.3894855 10.93 0.13
2458493.3898327 11.07 0.14
2458493.3900063 10.87 0.12
2458493.3901799 11.03 0.14
2458493.3903536 10.99 0.13
2458493.3905272 10.92 0.13
2458493.3907008 10.89 0.12
2458493.3908744 10.92 0.13
2458493.3910480 10.87 0.12
2458493.3912216 10.97 0.13
2458493.3913952 10.95 0.13
2458493.3915688 11.09 0.15
2458493.3919160 11.00 0.14
2458493.3920897 10.88 0.12
2458493.3924369 11.05 0.14
2458493.3926105 11.02 0.14
2458493.3927841 10.91 0.13
2458493.3931313 10.98 0.13
2458493.3933049 11.05 0.14
2458493.3936522 10.97 0.13
2458493.3938258 10.94 0.13
2458493.3939994 11.00 0.14
2458493.3941730 11.06 0.14
2458493.3943466 10.90 0.12
2458493.3945202 11.14 0.16
2458493.3948674 11.00 0.14
2458493.3953883 11.05 0.14
2458493.3957355 10.90 0.13
2458493.3962574 10.95 0.13
2458493.3964308 11.06 0.14
2458493.3969511 11.04 0.14
2458493.3971246 11.06 0.15
2458493.3972980 11.05 0.14
2458493.3974716 11.09 0.15
2458493.3976452 10.97 0.13
2458493.3978188 10.95 0.13
2458493.3979924 10.95 0.13
2458493.3985133 10.89 0.12
2458493.3986869 11.05 0.14
2458493.3988605 11.05 0.14
2458493.3990341 10.94 0.13
2458493.3993813 11.05 0.14
2458493.3997285 11.11 0.15
2458493.4005966 10.88 0.12
2458493.4007702 10.92 0.13
2458493.4009438 11.02 0.14
2458493.4011174 11.04 0.14
2458493.4016383 10.98 0.14
2458493.4018119 10.93 0.13
2458493.4019855 10.93 0.13
2458493.4021591 10.88 0.12
2458493.4023327 10.97 0.13
2458493.4025063 10.99 0.14
2458493.4026799 10.88 0.12
2458493.4028536 10.92 0.13
2458493.4030272 11.05 0.14
2458493.4032008 10.85 0.12
2458493.4033744 10.89 0.13
2458493.4035480 11.02 0.14
2458493.4038952 10.91 0.13
2458493.4044161 10.81 0.12
2458493.4045897 11.02 0.14
2458493.4051105 11.06 0.15
2458493.4052841 10.96 0.14
2458493.4054577 10.98 0.14
2458493.4056313 10.84 0.12
2458493.4058049 10.86 0.12
2458493.4061522 11.06 0.15
2458493.4063258 10.87 0.13
2458493.4070202 10.96 0.14
2458493.4071938 10.91 0.13
2458493.4073674 10.97 0.14
2458493.4077147 11.06 0.15
2458493.4078896 11.08 0.15
2458493.4082365 11.05 0.15
2458493.4084099 10.94 0.13
2458493.4085833 10.89 0.13
2458493.4089302 10.95 0.13
2458493.4092772 10.79 0.12
2458493.4096244 11.07 0.15
2458493.4097980 11.09 0.15
2458493.4101452 10.86 0.12
2458493.4103188 11.01 0.14
2458493.4106661 10.91 0.13
2458493.4110133 10.86 0.13
2458493.4113605 11.01 0.14
2458493.4115341 11.04 0.15
2458493.4117077 11.08 0.15
2458493.4120549 10.94 0.13
2458493.4124022 10.90 0.13
2458493.4125758 10.97 0.14
2458493.4127494 11.13 0.16
2458493.4130966 10.87 0.13
2458493.4132702 11.13 0.16
2458493.4134438 11.01 0.15
2458493.4136174 10.86 0.13
2458493.4137911 10.96 0.14
2458493.4139647 10.94 0.14
2458493.4141383 11.06 0.15
2458493.4144855 10.93 0.13
2458493.4153535 10.96 0.14
2458493.4158744 10.99 0.14
2458494.3474253 10.78 0.15
2458494.3528073 10.77 0.16
2458494.3533281 10.80 0.16
2458495.1345897 10.63 0.16
2458495.1347646 10.65 0.16
2458495.1410133 10.64 0.15
2458495.1571591 10.73 0.16
2458495.1677494 10.64 0.14
2458495.1845897 10.63 0.14
2458495.1896244 10.69 0.14
2458495.1918813 10.74 0.15
2458495.1930966 10.82 0.16
2458495.2043813 10.77 0.15
2458495.2101105 10.84 0.16
2458495.2187924 10.78 0.15
2458495.2250410 10.88 0.16
2458495.2271244 10.99 0.18
2458495.2274716 10.86 0.16
2458495.2364994 10.82 0.15
2458495.2415341 10.92 0.16
2458495.2429242 10.85 0.15
2458495.2479577 10.86 0.15
2458495.2486522 10.73 0.14
2458495.2488258 10.88 0.16
2458495.2547300 10.92 0.16
2458495.2590688 10.87 0.15
2458495.2592424 10.72 0.13
2458495.2604577 11.01 0.17
2458495.2614994 10.85 0.15
2458495.2623674 10.88 0.15
2458495.2635827 10.77 0.14
2458495.2637563 10.85 0.15
2458495.2639299 10.78 0.14
2458495.2644508 10.76 0.14
2458495.2653188 10.91 0.16
2458495.2679233 10.84 0.15
2458495.2710480 11.01 0.17
2458495.2719160 10.95 0.16
2458495.2720897 11.12 0.19
2458495.2726105 10.88 0.15
2458495.2755619 10.83 0.14
2458495.2769508 10.88 0.15
2458495.2786869 10.85 0.15
2458495.2788618 10.88 0.15
2458495.2816383 10.89 0.15
2458495.2828536 10.78 0.14
2458495.2832008 10.87 0.15
2458495.2833744 10.86 0.15
2458495.2838952 10.80 0.14
2458495.2854577 10.71 0.13
2458495.2889299 10.87 0.15
2458495.2920551 11.00 0.17
2458495.2941383 11.00 0.17
2458495.2943119 10.89 0.15
2458495.2944855 10.90 0.15
2458495.2951799 10.96 0.16
2458495.2953535 10.97 0.16
2458495.2955272 10.85 0.15
2458495.2963952 10.90 0.15
2458495.2988258 11.03 0.17
2458495.2995202 10.91 0.15
2458495.3009091 10.85 0.14
2458495.3019508 10.80 0.14
2458495.3021244 10.83 0.14
2458495.3029937 10.73 0.13
2458495.3045549 10.95 0.16
2458495.3047286 10.87 0.15
2458495.3049022 10.93 0.16
2458495.3050758 10.95 0.16
2458495.3059438 10.83 0.14
2458495.3064647 10.99 0.16
2458495.3101105 10.89 0.15
2458495.3120202 10.94 0.16
2458495.3125411 10.95 0.16
2458495.3141036 10.88 0.15
2458495.3149729 10.93 0.16
2458495.3153198 10.91 0.15
2458498.1722517 10.68 0.12
2458498.1729461 11.00 0.16
2458498.1755503 10.80 0.13
2458498.1757239 10.95 0.15
2458498.1764184 11.06 0.16
2458498.1772864 10.99 0.15
2458498.1774600 10.93 0.14
2458498.1788498 11.05 0.16
2458498.1790232 10.91 0.14
2458498.1795436 10.87 0.13
2458498.1802378 10.82 0.13
2458498.1809323 10.88 0.13
2458498.1812795 11.01 0.15
2458498.1814531 11.06 0.16
2458498.1818003 10.75 0.12
2458498.1819739 10.76 0.12
2458498.1823211 10.90 0.14
2458498.1824948 10.92 0.14
2458498.1835364 10.91 0.14
2458498.1838836 10.98 0.15
2458498.1840572 10.96 0.15
2458498.1844045 10.96 0.15
2458498.1847517 10.75 0.12
2458498.1850989 10.90 0.14
2458498.1854461 10.96 0.15
2458498.1861406 10.86 0.13
2458498.1864878 11.02 0.15
2458498.1871822 10.96 0.15
2458498.1887448 10.87 0.13
2458498.1889184 11.14 0.17
2458498.1892656 10.88 0.13
2458498.1896128 10.82 0.13
2458498.1901336 10.98 0.15
2458498.1903073 10.87 0.13
2458498.1904809 10.79 0.12
2458498.1906545 10.90 0.14
2458498.1908281 10.88 0.13
2458498.1910017 10.89 0.13
2458498.1911753 11.12 0.16
2458498.1913489 11.00 0.15
2458498.1915225 10.67 0.11
2458498.1916961 11.08 0.16
2458498.1920434 10.91 0.14
2458498.1922170 10.91 0.14
2458498.1925642 10.87 0.13
2458498.1927378 10.98 0.15
2458498.1929114 10.91 0.14
2458498.1941267 10.89 0.13
2458498.1946475 11.00 0.15
2458498.1949947 10.98 0.14
2458498.1953420 10.99 0.14
2458498.1955156 11.04 0.15
2458498.1958628 10.93 0.14
2458498.1960378 10.90 0.13
2458498.1963846 10.87 0.13
2458498.1969050 11.07 0.15
2458498.1970784 10.98 0.14
2458498.1979461 11.08 0.15
2458498.1981198 10.86 0.13
2458498.1984670 11.06 0.15
2458498.1988142 10.91 0.13
2458498.1989878 10.95 0.13
2458498.1991614 10.94 0.13
2458498.1993350 10.80 0.12
2458498.1995086 11.03 0.14
2458498.1996822 11.06 0.15
2458498.1998559 10.94 0.13
2458498.2002031 10.86 0.12
2458498.2005503 10.93 0.13
2458498.2007239 11.05 0.15
2458498.2008975 10.86 0.12
2458498.2010711 11.11 0.15
2458498.2012447 10.98 0.14
2458498.2015920 11.12 0.16
2458498.2017656 11.08 0.15
2458498.2019392 11.14 0.16
2458498.2021128 10.85 0.12
2458498.2022864 10.98 0.14
2458498.2024600 11.04 0.15
2458498.2026336 11.04 0.14
2458498.2029809 10.88 0.13
2458498.2031545 10.97 0.14
2458498.2035017 10.86 0.12
2458498.2036753 11.00 0.14
2458498.2038489 10.97 0.13
2458498.2040225 10.93 0.13
2458498.2041961 10.87 0.12
2458498.2043698 10.69 0.10
2458498.2045434 10.92 0.13
2458498.2048906 11.02 0.14
2458498.2050642 10.99 0.14
2458498.2052378 11.00 0.14
2458498.2054114 11.11 0.15
2458498.2055850 11.07 0.15
2458498.2057586 11.09 0.15
2458498.2059323 10.84 0.12
2458498.2061059 10.89 0.13
2458498.2062795 10.95 0.13
2458498.2064531 11.09 0.15
2458498.2066267 10.96 0.13
2458498.2068003 10.87 0.12
2458498.2069739 10.81 0.12
2458498.2071475 10.81 0.12
2458498.2073211 11.00 0.14
2458498.2074947 10.92 0.13
2458498.2076684 10.99 0.14
2458498.2078420 10.91 0.13
2458498.2080169 10.86 0.12
2458498.2081904 11.14 0.16
2458498.2085373 11.01 0.14
2458498.2087107 11.17 0.16
2458498.2088841 11.08 0.15
2458498.2090576 11.09 0.15
2458498.2092310 10.85 0.12
2458498.2094045 11.05 0.14
2458498.2095781 10.76 0.11
2458498.2097517 11.02 0.14
2458498.2099253 10.92 0.13
2458498.2102725 11.03 0.14
2458498.2104461 10.85 0.12
2458498.2106197 10.83 0.12
2458498.2113142 11.09 0.15
2458498.2114878 10.95 0.13
2458498.2116614 10.87 0.12
2458498.2120086 10.91 0.13
2458498.2127031 10.92 0.13
2458498.2128767 10.76 0.11
2458498.2130503 10.97 0.13
2458498.2132239 10.92 0.13
2458498.2133975 11.08 0.15
2458498.2139184 10.99 0.14
2458498.2140920 10.94 0.13
2458498.2144392 10.99 0.14
2458498.2146128 11.00 0.14
2458498.2147864 10.85 0.12
2458498.2149600 10.94 0.13
2458498.2151336 11.06 0.14
2458498.2153072 10.96 0.13
2458498.2154809 10.88 0.12
2458498.2158281 11.08 0.15
2458498.2160017 10.92 0.13
2458498.2161753 10.82 0.12
2458498.2163489 11.07 0.14
2458498.2165225 11.01 0.14
2458498.2166961 10.91 0.12
2458498.2168697 10.81 0.12
2458498.2172170 10.90 0.13
2458498.2173906 10.93 0.13
2458498.2175642 10.97 0.13
2458498.2177378 11.10 0.15
2458498.2179114 10.95 0.13
2458498.2180850 10.97 0.13
2458498.2182586 10.83 0.12
2458498.2184322 10.95 0.13
2458498.2186059 10.88 0.12
2458498.2187795 11.07 0.14
2458498.2189531 11.12 0.15
2458498.2191267 10.81 0.12
2458498.2193003 11.14 0.15
2458498.2194739 10.96 0.13
2458498.2196475 11.05 0.14
2458498.2198225 11.07 0.14
2458498.2199960 10.89 0.12
2458498.2201694 11.06 0.14
2458498.2203429 11.00 0.13
2458498.2205163 11.04 0.14
2458498.2206898 10.88 0.12
2458498.2208632 11.05 0.14
2458498.2210366 10.87 0.12
2458498.2212101 11.03 0.14
2458498.2213836 10.92 0.13
2458498.2215573 11.04 0.14
2458498.2222517 10.86 0.12
2458498.2224253 11.04 0.15
2458498.2225989 10.98 0.13
2458498.2229461 10.95 0.13
2458498.2231197 10.92 0.13
2458498.2232934 11.06 0.14
2458498.2236406 10.90 0.12
2458498.2238142 10.89 0.12
2458498.2241614 10.96 0.13
2458498.2245086 11.10 0.14
2458498.2246822 10.90 0.12
2458498.2250295 11.07 0.14
2458498.2252031 10.99 0.13
2458498.2253767 11.04 0.14
2458498.2255503 11.11 0.15
2458498.2257239 11.04 0.14
2458498.2258975 10.96 0.13
2458498.2264184 10.93 0.12
2458498.2265920 10.94 0.13
2458498.2269392 10.96 0.13
2458498.2271128 10.97 0.13
2458498.2272864 10.79 0.11
2458498.2274600 10.89 0.12
2458498.2276336 11.03 0.14
2458498.2278073 10.79 0.11
2458498.2279809 11.07 0.15
2458498.2281545 10.91 0.13
2458498.2283281 10.91 0.13
2458498.2285017 10.96 0.13
2458498.2286753 10.81 0.11
2458498.2291961 11.07 0.15
2458498.2293698 11.09 0.15
2458498.2302378 10.89 0.12
2458498.2304114 10.92 0.13
2458498.2305850 11.04 0.14
2458498.2307586 11.17 0.16
2458498.2309322 10.89 0.12
2458498.2311059 11.01 0.14
2458498.2312795 10.99 0.14
2458498.2314531 10.86 0.12
2458498.2318016 10.96 0.13
2458498.2319750 10.95 0.13
2458498.2321485 10.93 0.13
2458498.2323219 10.97 0.13
2458498.2328422 10.95 0.13
2458498.2331892 10.96 0.13
2458498.2335364 11.05 0.15
2458498.2338836 10.99 0.14
2458498.2340572 11.08 0.15
2458498.2342309 11.02 0.14
2458498.2344045 11.07 0.15
2458498.2345781 10.90 0.13
2458498.2350989 10.89 0.13
2458498.2352725 11.12 0.16
2458498.2354461 10.93 0.13
2458498.2356198 10.85 0.12
2458498.2359670 10.92 0.13
2458498.2361406 10.83 0.12
2458498.2363142 11.10 0.15
2458498.2366614 10.85 0.12
2458498.2368350 10.91 0.13
2458498.2370086 11.02 0.14
2458498.2377031 11.02 0.14
2458498.2380503 10.90 0.13
2458498.2382239 11.10 0.15
2458498.2385711 10.72 0.11
2458498.2390920 10.86 0.13
2458498.2392656 10.87 0.13
2458498.2396128 11.03 0.15
2458498.2397864 10.99 0.14
2458498.2399600 11.01 0.14
2458498.2406545 10.72 0.11
2458498.2408281 10.98 0.14
2458498.2410017 11.01 0.14
2458498.2415225 10.95 0.14
2458498.2416961 10.91 0.13
2458498.2418697 10.80 0.12
2458498.2420434 11.09 0.15
2458498.2423906 10.87 0.13
2458498.2425642 11.08 0.15
2458498.2429114 10.99 0.14
2458498.2430850 10.99 0.14
2458498.2432586 10.93 0.13
2458498.2434323 11.03 0.15
2458498.2436073 10.93 0.13
2458498.2437807 10.94 0.13
2458498.2446479 11.05 0.15
2458498.2449948 11.05 0.15
2458498.2451684 10.90 0.13
2458498.2456892 10.88 0.13
2458498.2458628 10.94 0.14
2458498.2460364 10.92 0.13
2458498.2462100 11.07 0.15
2458498.2463836 10.85 0.12
2458498.2467309 10.80 0.12
2458498.2472517 10.93 0.14
2458498.2474253 10.99 0.14
2458498.2481197 10.99 0.14
2458498.2482934 11.02 0.14
2458498.2484670 11.13 0.16
2458498.2486406 10.89 0.13
2458498.2488142 10.98 0.14
2458498.2489878 11.04 0.15
2458498.2495086 10.76 0.11
2458498.2496822 10.96 0.14
2458498.2498559 11.08 0.15
2458498.2500295 10.93 0.13
2458498.2502031 11.05 0.15
2458498.2503767 11.08 0.15
2458498.2508975 11.15 0.17
2458498.2521128 11.03 0.15
2458498.2524600 11.07 0.16
2458498.2528073 10.97 0.14
2458498.2531545 11.03 0.15
2458498.2533281 10.98 0.14
2458498.2538489 11.06 0.15
2458498.2540225 11.02 0.15
2458498.2541961 10.77 0.12
2458498.2543697 11.00 0.15
2458498.2545434 10.82 0.13
2458498.2550642 10.86 0.13
2458498.2554114 10.95 0.14
2458498.2555863 10.89 0.14
2458498.2561066 10.85 0.13
2458498.2564535 10.99 0.15
2458498.2568004 10.91 0.14
2458498.2569739 11.00 0.15
2458498.2576684 10.99 0.15
2458498.2580156 10.86 0.13
2458498.2583628 11.08 0.16
2458498.2585364 10.95 0.14
2458498.2588836 10.96 0.14
2458498.2590573 11.07 0.16
2458498.2592309 11.05 0.15
2458498.2594045 10.98 0.14
2458498.2595781 11.08 0.16
2458498.2597517 10.93 0.14
2458498.2600989 10.98 0.15
2458498.2602725 11.16 0.17
2458498.2606198 11.04 0.15
2458498.2607934 11.04 0.15
2458498.2609670 11.01 0.15
2458498.2616614 10.97 0.14
2458498.2623559 10.97 0.14
2458498.2627031 10.87 0.11
2458498.2628767 10.81 0.10
2458498.2630503 11.11 0.13
2458498.2632239 11.02 0.12
2458498.2633975 11.05 0.12
2458498.2635711 11.16 0.14
2458498.2637447 10.96 0.11
2458498.2639184 10.98 0.12
2458498.2642656 10.95 0.11
2458498.2646128 11.20 0.14
2458498.2647864 10.90 0.11
2458498.2649600 11.02 0.13
2458498.2651336 11.09 0.13
2458498.2653072 11.00 0.12
2458498.2654809 10.98 0.12
2458498.2656545 11.09 0.14
2458498.2660017 10.95 0.12
2458498.2661753 10.94 0.11
2458498.2663489 11.04 0.13
2458498.2665225 10.78 0.10
2458498.2666961 11.00 0.12
2458498.2668698 10.93 0.11
2458498.2670434 11.04 0.13
2458498.2672170 10.89 0.11
2458498.2673906 10.99 0.12
2458498.2675655 11.08 0.13
2458498.2679124 11.03 0.12
2458498.2680858 10.85 0.11
2458498.2682593 11.03 0.12
2458498.2684327 11.04 0.13
2458498.2686062 11.12 0.14
2458498.2687796 10.90 0.11
2458498.2689531 11.07 0.13
2458498.2691267 10.87 0.11
2458498.2693003 11.08 0.13
2458498.2698211 10.90 0.11
2458498.2701684 11.01 0.12
2458498.2703420 10.87 0.11
2458498.2705156 11.14 0.13
2458498.2706892 10.83 0.10
2458498.2708628 10.89 0.11
2458498.2710364 10.87 0.11
2458498.2712100 11.00 0.12
2458498.2713836 10.92 0.11
2458498.2717309 11.15 0.14
2458498.2719045 10.73 0.09
2458498.2720781 11.11 0.14
2458498.2722517 10.98 0.12
2458498.2724253 11.02 0.12
2458498.2725989 10.82 0.10
2458498.2727725 11.00 0.12
2458498.2729461 10.88 0.11
2458498.2731197 11.11 0.13
2458498.2732934 11.01 0.12
2458498.2734670 11.04 0.12
2458498.2736406 10.74 0.09
2458498.2738142 10.94 0.11
2458498.2739878 10.77 0.09
2458498.2741614 10.94 0.11
2458498.2743350 11.14 0.13
2458498.2745086 10.96 0.11
2458498.2746823 10.95 0.11
2458498.2748559 10.92 0.11
2458498.2750295 11.17 0.14
2458498.2752031 11.18 0.14
2458498.2753767 10.88 0.11
2458498.2755503 11.09 0.13
2458498.2757239 11.00 0.12
2458498.2758975 10.99 0.12
2458498.2760711 10.98 0.12
2458498.2762448 10.91 0.11
2458498.2764184 10.83 0.10
2458498.2765920 10.91 0.11
2458498.2769392 11.08 0.13
2458498.2771128 11.04 0.13
2458498.2772864 11.16 0.14
2458498.2774600 11.07 0.13
2458498.2776336 11.00 0.12
2458498.2778072 10.82 0.10
2458498.2779809 10.86 0.10
2458498.2781545 11.07 0.13
2458498.2783281 11.03 0.12
2458498.2785017 10.83 0.10
2458498.2786753 10.97 0.12
2458498.2788489 11.04 0.12
2458498.2790225 10.83 0.10
2458498.2791961 10.92 0.11
2458498.2793697 11.17 0.14
2458498.2795448 10.99 0.12
2458498.2797182 10.91 0.11
2458498.2798916 11.00 0.12
2458498.2800651 10.92 0.11
2458498.2802385 11.02 0.12
2458498.2804120 10.97 0.12
2458498.2805854 10.94 0.12
2458498.2807589 11.07 0.13
2458498.2809323 10.77 0.10
2458498.2811059 10.78 0.10
2458498.2812795 10.80 0.10
2458498.2814531 11.08 0.13
2458498.2818003 10.98 0.12
2458498.2819739 10.89 0.11
2458498.2821475 10.83 0.10
2458498.2823211 10.90 0.11
2458498.2824948 10.90 0.11
2458498.2826684 11.00 0.12
2458498.2828420 10.73 0.09
2458498.2830156 11.02 0.12
2458498.2831892 10.99 0.12
2458498.2833628 11.10 0.13
2458498.2835364 10.87 0.11
2458498.2837100 11.12 0.14
2458498.2838836 11.01 0.12
2458498.2840573 11.04 0.12
2458498.2842309 11.05 0.13
2458498.2844045 10.97 0.12
2458498.2845781 10.83 0.10
2458498.2847517 11.11 0.13
2458498.2849253 10.92 0.11
2458498.2850989 10.95 0.12
2458498.2852725 10.93 0.11
2458498.2854461 10.97 0.12
2458498.2856197 11.06 0.13
2458498.2857934 10.93 0.12
2458498.2859670 10.91 0.11
2458498.2861406 10.86 0.11
2458498.2863142 10.83 0.10
2458498.2864878 10.99 0.12
2458498.2866614 11.10 0.13
2458498.2868350 10.91 0.11
2458498.2870086 11.06 0.13
2458498.2871822 10.90 0.11
2458498.2873559 10.95 0.12
2458498.2875295 10.93 0.12
2458498.2877031 10.87 0.11
2458498.2878767 11.03 0.13
2458498.2880503 10.89 0.11
2458498.2882239 10.96 0.12
2458498.2883975 11.02 0.13
2458498.2885711 11.16 0.14
2458498.2887447 10.89 0.11
2458498.2889184 10.85 0.11
2458498.2890920 11.01 0.12
2458498.2892656 11.13 0.14
2458498.2894392 10.94 0.12
2458498.2896128 10.91 0.11
2458498.2897864 11.12 0.14
2458498.2899600 11.04 0.13
2458498.2901336 11.12 0.14
2458498.2906545 11.00 0.12
2458498.2908281 11.00 0.12
2458498.2910017 11.11 0.14
2458498.2913489 10.99 0.12
2458498.2915239 10.89 0.11
2458498.2916974 10.79 0.10
2458498.2918708 11.13 0.14
2458498.2920443 10.98 0.12
2458498.2922177 11.18 0.15
2458498.2923912 10.96 0.12
2458498.2925646 10.99 0.12
2458498.2927381 10.96 0.12
2458498.2929115 11.19 0.15
2458498.2930850 11.04 0.13
2458498.2932586 11.19 0.15
2458498.2934322 11.05 0.13
2458498.2936059 10.99 0.12
2458498.2937795 10.90 0.11
2458498.2939531 10.87 0.11
2458498.2941267 10.99 0.12
2458498.2944739 11.02 0.14
2458498.2946475 10.90 0.12
2458498.2948211 10.97 0.13
2458498.2949947 10.81 0.11
2458498.2953420 10.88 0.11
2458498.2955156 11.06 0.13
2458498.2956892 11.03 0.13
2458498.2960364 11.01 0.13
2458498.2962100 11.01 0.13
2458498.2965572 10.94 0.12
2458498.2967309 11.13 0.14
2458498.2969045 10.86 0.11
2458498.2972517 10.88 0.11
2458498.2975989 11.00 0.12
2458498.2977725 10.97 0.12
2458498.2979461 10.89 0.11
2458498.2981198 11.07 0.13
2458498.2982934 11.19 0.15
2458498.2984670 10.89 0.11
2458498.2986406 11.04 0.13
2458498.2988142 10.97 0.12
2458498.2989878 10.86 0.11
2458498.2991614 10.87 0.11
2458498.2993350 10.97 0.12
2458498.2995086 11.14 0.14
2458498.2996823 10.94 0.12
2458498.2998559 10.91 0.12
2458498.3000295 10.87 0.11
2458498.3003767 11.15 0.14
2458498.3005503 10.93 0.12
2458498.3007239 11.10 0.14
2458498.3008975 11.11 0.14
2458498.3010711 10.94 0.12
2458498.3012447 11.10 0.14
2458498.3014184 11.10 0.14
2458498.3015920 11.01 0.12
2458498.3019392 10.90 0.11
2458498.3021128 10.92 0.12
2458498.3022864 10.81 0.10
2458498.3024600 10.97 0.12
2458498.3026336 11.02 0.13
2458498.3028072 10.96 0.12
2458498.3031545 10.86 0.11
2458498.3033281 11.07 0.13
2458498.3035017 10.80 0.10
2458498.3038500 11.22 0.15
2458498.3041969 11.10 0.13
2458498.3045438 10.91 0.11
2458498.3047172 11.19 0.15
2458498.3048907 11.08 0.13
2458498.3050642 11.15 0.14
2458498.3052378 10.99 0.12
2458498.3054114 11.11 0.14
2458498.3055850 10.83 0.11
2458498.3057586 10.95 0.12
2458498.3059323 11.06 0.13
2458498.3061059 11.02 0.13
2458498.3062795 11.08 0.13
2458498.3064531 11.09 0.14
2458498.3066267 11.03 0.13
2458498.3068003 11.16 0.14
2458498.3069739 11.17 0.15
2458498.3071475 11.13 0.14
2458498.3073211 11.09 0.14
2458498.3074948 11.16 0.14
2458498.3078420 11.07 0.13
2458498.3081892 10.92 0.11
2458498.3083628 11.14 0.14
2458498.3085364 11.08 0.13
2458498.3087100 10.92 0.11
2458498.3088836 11.06 0.13
2458498.3090572 11.06 0.13
2458498.3092309 10.97 0.12
2458498.3094045 11.01 0.13
2458498.3095781 10.94 0.12
2458498.3097517 10.99 0.13
2458498.3099253 10.89 0.11
2458498.3100989 10.92 0.12
2458498.3104461 11.08 0.13
2458498.3106197 11.05 0.13
2458498.3107934 11.07 0.13
2458498.3109670 11.08 0.13
2458498.3111406 10.98 0.12
2458498.3113142 11.10 0.14
2458498.3114878 11.12 0.14
2458498.3116614 10.85 0.11
2458498.3118350 10.93 0.12
2458498.3120086 10.96 0.12
2458498.3121822 11.07 0.13
2458498.3123559 10.86 0.11
2458498.3125295 10.88 0.11
2458498.3127031 11.20 0.15
2458498.3128767 11.00 0.13
2458498.3130503 11.08 0.14
2458498.3132239 11.10 0.14
2458498.3133975 11.11 0.14
2458498.3135711 10.99 0.13
2458498.3137448 10.95 0.12
2458498.3139184 11.06 0.13
2458498.3140920 11.06 0.13
2458498.3142656 11.19 0.15
2458498.3144392 11.04 0.13
2458498.3146128 11.14 0.14
2458498.3147864 11.01 0.13
2458498.3149600 11.03 0.13
2458498.3151336 11.02 0.13
2458498.3153073 11.09 0.14
2458498.3154809 10.86 0.11
2458498.3156558 10.93 0.12
2458498.3158292 11.14 0.14
2458498.3160027 11.08 0.14
2458498.3161761 11.10 0.14
2458498.3163496 10.80 0.11
2458498.3165230 10.87 0.11
2458498.3168699 11.09 0.14
2458498.3170434 11.02 0.13
2458498.3172170 11.25 0.16
2458498.3173906 11.01 0.13
2458498.3175642 11.12 0.14
2458498.3177378 10.83 0.11
2458498.3179114 10.90 0.12
2458498.3180850 11.10 0.14
2458500.2343813 10.88 0.15
2458500.2361174 10.90 0.15
2458500.2378536 10.88 0.15
2458500.2382008 10.89 0.15
2458500.2430619 11.04 0.17
2458500.2439299 10.94 0.15
2458500.2449724 10.88 0.14
2458500.2451458 10.83 0.14
2458500.2454927 10.95 0.15
2458500.2458397 10.92 0.15
2458500.2468813 10.90 0.14
2458500.2484438 10.84 0.14
2458500.2486174 10.96 0.15
2458500.2487910 10.87 0.14
2458500.2489647 10.85 0.14
2458500.2496591 10.91 0.14
2458500.2498327 10.96 0.15
2458500.2500063 11.09 0.17
2458500.2501799 10.99 0.15
2458500.2503535 10.87 0.14
2458500.2512216 10.90 0.14
2458500.2513952 11.01 0.16
2458500.2515688 10.97 0.15
2458500.2517424 11.03 0.16
2458500.2531313 10.81 0.13
2458500.2534786 10.84 0.13
2458500.2538258 11.02 0.16
2458500.2539994 10.93 0.15
2458500.2571250 10.81 0.13
2458500.2605966 10.75 0.12
2458500.2609438 10.99 0.15
2458500.2614647 10.92 0.14
2458500.2621591 10.92 0.14
2458500.2623327 10.88 0.14
2458500.2625063 10.99 0.15
2458500.2628535 10.92 0.14
2458500.2633744 10.99 0.15
2458500.2635480 10.83 0.13
2458500.2640688 10.95 0.14
2458500.2647633 11.04 0.15
2458500.2656313 11.05 0.15
2458500.2670202 10.75 0.12
2458500.2673674 11.00 0.15
2458500.2675410 10.89 0.13
2458500.2677147 11.11 0.16
2458500.2678883 11.13 0.16
2458500.2680619 11.02 0.15
2458500.2682355 11.15 0.17
2458500.2684104 10.78 0.12
2458500.2685839 11.12 0.16
2458500.2696245 11.00 0.15
2458500.2701452 10.73 0.12
2458500.2703188 10.94 0.14
2458500.2713605 10.93 0.14
2458500.2717077 10.98 0.14
2458500.2718813 10.98 0.14
2458500.2724022 10.98 0.14
2458500.2734438 11.01 0.15
2458500.2739647 11.09 0.16
2458500.2743119 10.96 0.14
2458500.2763952 11.04 0.15
2458500.2772633 10.96 0.14
2458500.2779577 11.17 0.17
2458500.2786522 10.91 0.14
2458500.2788258 10.93 0.14
2458500.2791730 11.00 0.15
2458500.2803896 11.08 0.16
2458500.2805631 10.99 0.15
2458500.2807365 10.88 0.13
2458500.2809100 10.99 0.14
2458500.2814303 11.04 0.15
2458500.2816037 10.80 0.12
2458500.2821244 10.90 0.13
2458500.2822980 10.88 0.13
2458500.2826452 10.95 0.14
2458500.2828188 10.97 0.14
2458500.2829924 11.05 0.15
2458500.2836869 11.19 0.17
2458500.2838605 10.94 0.14
2458500.2842077 11.05 0.15
2458500.2843813 10.92 0.14
2458500.2845549 11.11 0.16
2458500.2847286 10.91 0.13
2458500.2852494 10.90 0.13
2458500.2855966 11.05 0.15
2458500.2859438 10.78 0.12
2458500.2866383 10.93 0.14
2458500.2871591 11.06 0.16
2458500.2883744 11.07 0.15
2458500.2885480 10.93 0.13
2458500.2887216 10.94 0.14
2458500.2888952 11.11 0.16
2458500.2890688 11.03 0.15
2458500.2892424 11.07 0.15
2458500.2894160 11.06 0.15
2458500.2895897 10.88 0.13
2458500.2897633 11.00 0.14
2458500.2899369 10.96 0.14
2458500.2901105 10.81 0.12
2458500.2908049 10.84 0.12
2458500.2909785 11.07 0.15
2458500.2911522 10.76 0.11
2458500.2916730 10.87 0.12
2458500.2921938 11.04 0.14
2458500.2923688 10.99 0.13
2458500.2928892 10.97 0.14
2458500.2930626 10.99 0.14
2458500.2932360 10.92 0.13
2458500.2934095 10.97 0.13