2458467.3678931 10.50 0.09
2458467.3706709 10.39 0.08
2458467.3727542 10.45 0.09
2458467.3741431 10.43 0.09
2458467.3751848 10.35 0.08
2458467.3767473 10.40 0.08
2458467.3784834 10.56 0.10
2458467.3790042 10.37 0.08
2458467.3798723 10.69 0.11
2458467.3800459 10.43 0.09
2458467.3805667 10.52 0.09
2458467.3826500 10.55 0.10
2458467.3836917 10.48 0.09
2458467.3842125 10.39 0.08
2458467.3843861 10.40 0.09
2458467.3847334 10.39 0.09
2458467.3849070 10.44 0.09
2458467.3857750 10.52 0.10
2458467.3869903 10.46 0.09
2458467.3875123 10.35 0.08
2458467.3915042 10.49 0.09
2458467.3916778 10.52 0.10
2458467.3948028 10.49 0.09
2458467.3968861 10.41 0.09
2458467.3986223 10.82 0.13
2458467.3987959 10.44 0.09
2458467.3993180 10.72 0.12
2458467.4008792 10.49 0.09
2458467.4012264 10.65 0.11
2458467.4014000 10.53 0.10
2458467.4017472 10.40 0.09
2458467.4019209 10.45 0.09
2458467.4020945 10.59 0.10
2458467.4026153 10.43 0.09
2458467.4031361 10.76 0.12
2458467.4050459 10.79 0.13
2458467.4057403 10.43 0.09
2458467.4060875 10.59 0.10
2458467.4064348 10.77 0.12
2458467.4067820 10.62 0.11
2458467.4074764 10.54 0.10
2458467.4130320 10.75 0.12
2458467.4142473 10.67 0.11
2458467.4158097 10.55 0.10
2458467.4168514 10.58 0.11
2458467.4178931 10.78 0.13
2458467.4185875 10.62 0.11
2458467.4187611 10.54 0.10
2458469.3667865 10.42 0.06
2458469.3671871 10.49 0.07
2458469.3675343 10.49 0.07
2458469.3677079 10.59 0.07
2458469.3678815 10.63 0.08
2458469.3682287 10.57 0.07
2458469.3684023 10.52 0.07
2458469.3685760 10.56 0.07
2458469.3687496 10.56 0.07
2458469.3689232 10.44 0.06
2458469.3694440 10.54 0.07
2458469.3696176 10.53 0.07
2458469.3697912 10.53 0.07
2458469.3699648 10.64 0.08
2458469.3701384 10.57 0.07
2458469.3703121 10.52 0.07
2458469.3713537 10.62 0.07
2458469.3720482 10.63 0.08
2458469.3722218 10.53 0.07
2458469.3725690 10.55 0.07
2458469.3727426 10.58 0.07
2458469.3729162 10.55 0.07
2458469.3730898 10.55 0.07
2458469.3732635 10.53 0.07
2458469.3734371 10.55 0.07
2458469.3736107 10.40 0.06
2458469.3739579 10.59 0.07
2458469.3743051 10.58 0.07
2458469.3744787 10.55 0.07
2458469.3746524 10.45 0.06
2458469.3748260 10.48 0.07
2458469.3749996 10.51 0.07
2458469.3751732 10.56 0.07
2458469.3753468 10.60 0.07
2458469.3756940 10.50 0.07
2458469.3758676 10.57 0.07
2458469.3760425 10.49 0.07
2458469.3762159 10.51 0.07
2458469.3763894 10.52 0.07
2458469.3765628 10.60 0.07
2458469.3767363 10.45 0.06
2458469.3769097 10.67 0.08
2458469.3770832 10.52 0.07
2458469.3772566 10.46 0.06
2458469.3774301 10.65 0.08
2458469.3776037 10.55 0.07
2458469.3777773 10.54 0.07
2458469.3779510 10.58 0.07
2458469.3781246 10.50 0.07
2458469.3782982 10.59 0.07
2458469.3784718 10.51 0.07
2458469.3786454 10.51 0.07
2458488.3044163 10.38 0.08
2458488.3052844 10.47 0.08
2458488.3054579 10.45 0.08
2458488.3056316 10.29 0.07
2458488.3059788 10.48 0.08
2458488.3063260 10.58 0.09
2458488.3064996 10.39 0.08
2458488.3071941 10.52 0.09
2458488.3075413 10.40 0.08
2458488.3078885 10.52 0.09
2458488.3082357 10.50 0.09
2458488.3084093 10.42 0.08
2458488.3089302 10.44 0.08
2458488.3091038 10.46 0.08
2458488.3092788 10.59 0.09
2458488.3094522 10.40 0.08
2458488.3099726 10.50 0.09
2458488.3110135 10.58 0.09
2458488.3111871 10.47 0.09
2458488.3113607 10.51 0.09
2458488.3117080 10.30 0.07
2458488.3118816 10.61 0.10
2458488.3120552 10.50 0.09
2458488.3124024 10.42 0.08
2458488.3125760 10.45 0.08
2458488.3127496 10.51 0.09
2458488.3130969 10.44 0.08
2458488.3136177 10.54 0.09
2458488.3143121 10.46 0.09
2458488.3150066 10.39 0.08
2458488.3157010 10.35 0.08
2458488.3160482 10.40 0.08
2458488.3165691 10.39 0.08
2458488.3170899 10.54 0.09
2458488.3172635 10.52 0.09
2458488.3176107 10.44 0.08
2458488.3186524 10.39 0.08
2458488.3189996 10.39 0.08
2458488.3193469 10.41 0.08
2458488.3200413 10.46 0.09
2458488.3205621 10.45 0.09
2458488.3212579 10.43 0.08
2458488.3226455 10.42 0.08
2458488.3247288 10.52 0.09
2458488.3249024 10.44 0.09
2458488.3278538 10.42 0.08
2458488.3282010 10.39 0.08
2458488.3285482 10.35 0.08
2458488.3290691 10.51 0.09
2458488.3294163 10.45 0.09
2458488.3295899 10.45 0.09
2458488.3301107 10.46 0.09
2458488.3304580 10.50 0.09
2458488.3311524 10.44 0.09
2458488.3321941 10.61 0.10
2458488.3361871 10.41 0.08
2458488.3363607 10.43 0.09
2458488.3389649 10.54 0.10
2458488.3438260 10.42 0.09
2458488.3471246 10.51 0.10
2458488.3472982 10.47 0.09
2458488.3521594 10.54 0.10
2458488.3523330 10.51 0.09
2458488.3528538 10.56 0.10
2458488.3535482 10.48 0.09
2458488.3540691 10.58 0.10
2458488.3549371 10.61 0.10
2458488.3552843 10.40 0.09
2458488.3556316 10.47 0.09
2458488.3564996 10.51 0.09
2458488.3582360 10.55 0.10
2458488.3596246 10.58 0.10
2458488.3604927 10.48 0.09
2458488.3615343 10.48 0.09
2458488.3658746 10.33 0.08
2458488.3702150 10.43 0.09
2458488.3710830 10.53 0.10
2458488.3714302 10.36 0.08
2458488.3728191 10.36 0.08
2458488.3735135 10.40 0.09
2458493.2540586 10.38 0.07
2458493.2559670 10.47 0.08
2458493.2561406 10.58 0.09
2458493.2563142 10.49 0.08
2458493.2566614 10.53 0.08
2458493.2573559 10.43 0.08
2458493.2577031 10.49 0.08
2458493.2589184 10.39 0.07
2458493.2592656 10.41 0.08
2458493.2603072 10.49 0.08
2458493.2604809 10.58 0.09
2458493.2606545 10.48 0.08
2458493.2608281 10.42 0.08
2458493.2610017 10.49 0.08
2458493.2611753 10.52 0.08
2458493.2615225 10.35 0.07
2458493.2616961 10.36 0.07
2458493.2622170 10.52 0.08
2458493.2623906 10.38 0.07
2458493.2627378 10.50 0.08
2458493.2632586 10.60 0.09
2458493.2636059 10.51 0.08
2458493.2639531 10.53 0.08
2458493.2643003 10.55 0.09
2458493.2646475 10.44 0.08
2458493.2649948 10.43 0.08
2458493.2651684 10.63 0.09
2458493.2667316 10.47 0.08
2458493.2669050 10.50 0.08
2458493.2672519 10.39 0.07
2458493.2693350 10.65 0.09
2458493.2695086 10.56 0.09
2458493.2702031 10.50 0.08
2458493.2703767 10.52 0.08
2458493.2712448 10.46 0.08
2458493.2728073 10.59 0.09
2458493.2731545 10.50 0.08
2458493.2745434 10.63 0.09
2458493.2762795 10.41 0.08
2458493.2773211 10.39 0.07
2458493.2778420 10.49 0.08
2458493.2781904 10.46 0.08
2458493.2783638 10.43 0.08
2458493.2792310 10.49 0.08
2458493.2794045 10.44 0.08
2458493.2816614 10.44 0.08
2458493.2820086 10.57 0.09
2458493.2825295 10.61 0.09
2458493.2844392 10.39 0.07
2458493.2847864 10.44 0.08
2458493.2853072 10.45 0.08
2458493.2856545 10.50 0.08
2458493.2858281 10.45 0.08
2458493.2860017 10.63 0.09
2458493.2865225 10.55 0.09
2458493.2866961 10.44 0.08
2458493.2870434 10.65 0.09
2458493.2872170 10.50 0.08
2458493.2875642 10.52 0.08
2458493.2879114 10.50 0.08
2458493.2882586 10.47 0.08
2458493.2884323 10.53 0.08
2458493.2887795 10.59 0.09
2458493.2899961 10.54 0.09
2458493.2903429 10.63 0.09
2458493.2910367 10.52 0.08
2458493.2913836 10.48 0.08
2458493.2920781 10.51 0.08
2458493.2922517 10.55 0.09
2458493.2938142 10.46 0.08
2458493.2939878 10.49 0.08
2458493.2946823 10.55 0.09
2458493.2952031 10.58 0.09
2458493.2960711 10.50 0.08
2458493.2971128 10.41 0.08
2458493.2986753 10.45 0.08
2458493.2988489 10.52 0.08
2458493.2995434 10.54 0.09
2458493.3000642 10.45 0.08
2458493.3002378 10.52 0.08
2458493.3007586 10.45 0.08
2458493.3021591 10.39 0.07
2458493.3025063 10.48 0.08
2458493.3026799 10.55 0.09
2458493.3032008 10.54 0.09
2458493.3035480 10.43 0.08
2458493.3040688 10.54 0.09
2458493.3045897 10.59 0.09
2458493.3051105 10.64 0.09
2458493.3052841 10.39 0.07
2458493.3089299 10.55 0.09
2458493.3092772 10.60 0.09
2458493.3097980 10.47 0.08
2458493.3130971 10.44 0.08
2458493.3137910 10.41 0.07
2458493.3144855 10.41 0.07
2458493.3160480 10.54 0.08
2458493.3163952 10.46 0.08
2458493.3174369 10.48 0.08
2458493.3176105 10.38 0.07
2458493.3179577 10.56 0.09
2458493.3181313 10.48 0.08
2458493.3183049 10.50 0.08
2458493.3191730 10.44 0.08
2458493.3193466 10.49 0.08
2458493.3198674 10.32 0.07
2458493.3205619 10.40 0.07
2458493.3209091 10.39 0.07
2458493.3222980 10.49 0.08
2458493.3226452 10.41 0.07
2458493.3229924 10.40 0.07
2458493.3231662 10.43 0.07
2458493.3236869 10.43 0.08
2458493.3240341 10.45 0.08
2458493.3245559 10.45 0.08
2458493.3252497 10.55 0.08
2458493.3254231 10.44 0.08
2458493.3255966 10.50 0.08
2458493.3257702 10.36 0.07
2458493.3259438 10.49 0.08
2458493.3261174 10.42 0.07
2458493.3262911 10.53 0.08
2458493.3264647 10.54 0.08
2458493.3266383 10.47 0.08
2458493.3269855 10.57 0.08
2458493.3271591 10.37 0.07
2458493.3275063 10.48 0.08
2458493.3278536 10.47 0.08
2458493.3301105 10.59 0.09
2458493.3304577 10.48 0.08
2458493.3306313 10.47 0.08
2458493.3308049 10.44 0.08
2458493.3309785 10.38 0.07
2458493.3311522 10.54 0.08
2458493.3313258 10.49 0.08
2458493.3314994 10.38 0.07
2458493.3316730 10.55 0.08
2458493.3320202 10.53 0.08
2458493.3321938 10.47 0.08
2458493.3330619 10.48 0.08
2458493.3332355 10.43 0.08
2458493.3334091 10.57 0.09
2458493.3335827 10.49 0.08
2458493.3347980 10.42 0.08
2458493.3349716 10.38 0.07
2458493.3353188 10.48 0.08
2458493.3356661 10.46 0.08
2458493.3358397 10.44 0.08
2458493.3360133 10.53 0.08
2458493.3361882 10.42 0.08
2458493.3363616 10.34 0.07
2458493.3365351 10.53 0.08
2458493.3368820 10.57 0.09
2458493.3370554 10.51 0.08
2458493.3372288 10.55 0.09
2458493.3374023 10.42 0.08
2458493.3375758 10.52 0.08
2458493.3377494 10.50 0.08
2458493.3382702 10.44 0.08
2458493.3384438 10.53 0.08
2458493.3389647 10.47 0.08
2458493.3401799 10.49 0.08
2458493.3419161 10.41 0.08
2458493.3424369 10.54 0.08
2458493.3427841 10.42 0.08
2458493.3429577 10.37 0.07
2458493.3431313 10.53 0.08
2458493.3434786 10.32 0.07
2458493.3448674 10.43 0.08
2458493.3450410 10.39 0.08
2458493.3453883 10.37 0.07
2458493.3467772 10.42 0.08
2458493.3478188 10.41 0.08
2458493.3479924 10.40 0.08
2458493.3481673 10.51 0.08
2458493.3492080 10.50 0.08
2458493.3493814 10.48 0.08
2458493.3495549 10.46 0.08
2458493.3499022 10.42 0.08
2458493.3511174 10.40 0.07
2458493.3512911 10.48 0.08
2458493.3516383 10.46 0.08
2458493.3523327 10.47 0.08
2458493.3525063 10.38 0.07
2458493.3530272 10.46 0.08
2458493.3532008 10.52 0.08
2458493.3545897 10.48 0.08
2458493.3547633 10.70 0.10
2458493.3549369 10.47 0.08
2458493.3551105 10.57 0.09
2458493.3552841 10.33 0.07
2458493.3556313 10.42 0.08
2458493.3559786 10.43 0.08
2458493.3563258 10.44 0.08
2458493.3568466 10.47 0.08
2458493.3570202 10.47 0.08
2458493.3571938 10.58 0.09
2458493.3575411 10.52 0.08
2458493.3582355 10.43 0.08
2458493.3591036 10.46 0.08
2458493.3596244 10.55 0.09
2458493.3597980 10.37 0.07
2458493.3611871 10.50 0.08
2458493.3613606 10.58 0.09
2458493.3617077 10.49 0.08
2458493.3643119 10.44 0.08
2458493.3648327 10.48 0.08
2458493.3660480 10.52 0.08
2458493.3662216 10.58 0.09
2458493.3663952 10.71 0.10
2458493.3667424 10.78 0.11
2458493.3669161 10.59 0.09
2458493.3672633 10.63 0.09
2458493.3674369 10.46 0.08
2458493.3677841 10.66 0.09
2458493.3691730 10.51 0.08
2458493.3705619 10.43 0.08
2458493.3716036 10.47 0.08
2458493.3724725 10.53 0.08
2458493.3729928 10.42 0.08
2458493.3747286 10.57 0.09
2458493.3755966 10.45 0.08
2458493.3757702 10.48 0.08
2458493.3761174 10.46 0.08
2458493.3771591 10.61 0.09
2458493.3778535 10.41 0.08
2458493.3785480 10.46 0.08
2458493.3792424 10.45 0.08
2458493.3799369 10.44 0.08
2458493.3825411 10.44 0.08
2458493.3846251 10.56 0.09
2458493.3847985 10.58 0.09
2458493.3851454 10.43 0.08
2458493.3854924 10.39 0.08
2458493.3858397 10.50 0.08
2458493.3861869 10.47 0.08
2458493.3872286 10.56 0.09
2458493.3880966 10.41 0.08
2458493.3884438 10.60 0.09
2458493.3887911 10.59 0.09
2458493.3889647 10.53 0.09
2458493.3891383 10.54 0.09
2458493.3915688 10.57 0.09
2458493.3917424 10.56 0.09
2458493.3919160 10.37 0.08
2458493.3924369 10.56 0.09
2458493.3926105 10.51 0.09
2458493.3927841 10.43 0.08
2458493.3931313 10.54 0.09
2458493.3933049 10.62 0.10
2458493.3934785 10.59 0.09
2458493.3936522 10.58 0.09
2458493.3939994 10.64 0.10
2458493.3941730 10.58 0.09
2458493.3943466 10.61 0.09
2458493.3945202 10.51 0.09
2458493.3950411 10.54 0.09
2458493.3957355 10.49 0.08
2458493.3959105 10.63 0.10
2458493.3967777 10.49 0.09
2458493.3976452 10.58 0.09
2458493.3979924 10.59 0.09
2458493.3981661 10.49 0.08
2458493.3983397 10.52 0.09
2458493.3986869 10.42 0.08
2458493.3988605 10.48 0.08
2458493.3990341 10.44 0.08
2458493.3992077 10.69 0.10
2458493.3993813 10.80 0.11
2458493.3995549 10.62 0.10
2458493.3999022 10.56 0.09
2458493.4005966 10.58 0.09
2458493.4007702 10.53 0.09
2458493.4009438 10.41 0.08
2458493.4014647 10.44 0.08
2458493.4019855 10.42 0.08
2458493.4047633 10.59 0.10
2458493.4051105 10.49 0.09
2458493.4052841 10.49 0.09
2458493.4056313 10.57 0.09
2458493.4059786 10.44 0.08
2458493.4063258 10.46 0.08
2458493.4064994 10.68 0.10
2458493.4066730 10.52 0.09
2458493.4071938 10.44 0.08
2458493.4073674 10.66 0.10
2458493.4075410 10.54 0.09
2458493.4085833 10.51 0.09
2458493.4094508 10.47 0.09
2458493.4106661 10.53 0.09
2458493.4108397 10.65 0.10
2458493.4111869 10.44 0.08
2458493.4113605 10.66 0.10
2458493.4124022 10.67 0.10
2458493.4130966 10.63 0.10
2458493.4137911 10.52 0.09
2458493.4139647 10.61 0.10
2458493.4141383 10.52 0.09
2458493.4143119 10.44 0.08
2458493.4144855 10.60 0.10
2458493.4148327 10.38 0.08
2458493.4158744 10.49 0.09
2458494.3451684 10.56 0.15
2458494.3460364 10.57 0.13
2458494.3465573 10.55 0.12
2458494.3472517 10.57 0.13
2458494.3475989 10.56 0.13
2458494.3477725 10.57 0.13
2458494.3484670 10.53 0.12
2458494.3486406 10.56 0.13
2458494.3489878 10.66 0.14
2458494.3493350 10.72 0.15
2458494.3495086 10.46 0.11
2458494.3496822 10.56 0.13
2458494.3498559 10.50 0.12
2458494.3500295 10.56 0.12
2458494.3502031 10.61 0.13
2458494.3503767 10.53 0.12
2458494.3505503 10.39 0.11
2458494.3508975 10.54 0.12
2458494.3514184 10.56 0.13
2458494.3515920 10.67 0.15
2458494.3533281 10.53 0.13
2458494.3540234 10.64 0.14
2458494.3541969 10.49 0.13
2458494.3548906 10.31 0.11
2458494.3550642 10.59 0.15
2458494.3555850 10.60 0.15
2458494.3576684 10.14 0.12
2458495.1344161 10.51 0.14
2458495.1345897 10.63 0.15
2458495.1347646 10.45 0.13
2458495.1352849 10.51 0.14
2458495.1354584 10.65 0.16
2458495.1356318 10.42 0.13
2458495.1359787 10.43 0.13
2458495.1363258 10.45 0.13
2458495.1368466 10.52 0.14
2458495.1370202 10.47 0.13
2458495.1375410 10.57 0.14
2458495.1377147 10.45 0.13
2458495.1378883 10.56 0.14
2458495.1382355 10.46 0.13
2458495.1385827 10.57 0.14
2458495.1387563 10.60 0.14
2458495.1391035 10.71 0.16
2458495.1397980 10.53 0.14
2458495.1401452 10.45 0.13
2458495.1403188 10.37 0.12
2458495.1418813 10.26 0.11
2458495.1424022 10.53 0.14
2458495.1427494 10.51 0.13
2458495.1430966 10.46 0.13
2458495.1437911 10.47 0.13
2458495.1441383 10.53 0.14
2458495.1444855 10.55 0.14
2458495.1448327 10.61 0.15
2458495.1450063 10.44 0.13
2458495.1451799 10.50 0.13
2458495.1453535 10.42 0.12
2458495.1458744 10.54 0.14
2458495.1462216 10.56 0.14
2458495.1465688 10.56 0.14
2458495.1474375 10.50 0.13
2458495.1476110 10.69 0.16
2458495.1477844 10.48 0.13
2458495.1481313 10.47 0.13
2458495.1483049 10.49 0.13
2458495.1484786 10.32 0.11
2458495.1486522 10.56 0.14
2458495.1489994 10.54 0.14
2458495.1491730 10.47 0.13
2458495.1503883 10.45 0.13
2458495.1505619 10.50 0.13
2458495.1510827 10.51 0.13
2458495.1514299 10.59 0.14
2458495.1516036 10.42 0.12
2458495.1517772 10.41 0.12
2458495.1519508 10.52 0.13
2458495.1521244 10.55 0.14
2458495.1524716 10.59 0.14
2458495.1526452 10.47 0.13
2458495.1531660 10.49 0.13
2458495.1533397 10.44 0.12
2458495.1535133 10.63 0.15
2458495.1538605 10.56 0.14
2458495.1540341 10.43 0.12
2458495.1543813 10.54 0.13
2458495.1545549 10.55 0.14
2458495.1549022 10.49 0.13
2458495.1550758 10.42 0.12
2458495.1559438 10.59 0.14
2458495.1562911 10.80 0.17
2458495.1564647 10.53 0.13
2458495.1573327 10.40 0.12
2458495.1575063 10.45 0.12
2458495.1582008 10.37 0.12
2458495.1583744 10.57 0.14
2458495.1587230 10.36 0.11
2458495.1592433 10.65 0.15
2458495.1594167 10.44 0.12
2458495.1608049 10.57 0.14
2458495.1611522 10.59 0.14
2458495.1621938 10.30 0.11
2458495.1627147 10.53 0.13
2458495.1628883 10.54 0.13
2458495.1632355 10.49 0.13
2458495.1634091 10.62 0.14
2458495.1635827 10.54 0.13
2458495.1637563 10.59 0.14
2458495.1639299 10.62 0.14
2458495.1641036 10.53 0.13
2458495.1644508 10.62 0.14
2458495.1646244 10.53 0.13
2458495.1656660 10.42 0.12
2458495.1658397 10.54 0.13
2458495.1670549 10.57 0.14
2458495.1672285 10.61 0.14
2458495.1677494 10.64 0.14
2458495.1680966 10.62 0.14
2458495.1682702 10.42 0.12
2458495.1687910 10.57 0.14
2458495.1694855 10.72 0.16
2458495.1698327 10.43 0.12
2458495.1703535 10.55 0.13
2458495.1705272 10.57 0.13
2458495.1707022 10.56 0.13
2458495.1708756 10.52 0.13
2458495.1720897 10.48 0.12
2458495.1722633 10.51 0.13
2458495.1724369 10.61 0.14
2458495.1729577 10.36 0.11
2458495.1738258 10.59 0.14
2458495.1741730 10.56 0.13
2458495.1755619 10.55 0.13
2458495.1759091 10.51 0.13
2458495.1762563 10.57 0.13
2458495.1769508 10.49 0.12
2458495.1772980 10.56 0.13
2458495.1778188 10.58 0.13
2458495.1781660 10.51 0.12
2458495.1792077 10.53 0.13
2458495.1793813 10.51 0.13
2458495.1795549 10.59 0.13
2458495.1799022 10.41 0.11
2458495.1809438 10.38 0.11
2458495.1830283 10.54 0.13
2458495.1835486 10.71 0.15
2458495.1837221 10.52 0.12
2458495.1840689 10.63 0.14
2458495.1844160 10.56 0.13
2458495.1845897 10.62 0.14
2458495.1849369 10.57 0.13
2458495.1851105 10.48 0.12
2458495.1852841 10.55 0.13
2458495.1854577 10.70 0.15
2458495.1856313 10.66 0.14
2458495.1868466 10.37 0.11
2458495.1873674 10.59 0.13
2458495.1878883 10.67 0.14
2458495.1880619 10.39 0.11
2458495.1884091 10.63 0.14
2458495.1885827 10.42 0.11
2458495.1896244 10.41 0.11
2458495.1897980 10.45 0.11
2458495.1906661 10.40 0.11
2458495.1911869 10.44 0.11
2458495.1917077 10.71 0.14
2458495.1920549 10.68 0.14
2458495.1932702 10.52 0.12
2458495.1934438 10.51 0.12
2458495.1955278 10.80 0.16
2458495.1957013 10.60 0.13
2458495.1962216 10.51 0.12
2458495.1970897 10.55 0.12
2458495.1972633 10.59 0.13
2458495.1974369 10.63 0.13
2458495.1977841 10.66 0.14
2458495.1979577 10.41 0.11
2458495.1981313 10.57 0.13
2458495.1984786 10.72 0.14
2458495.1986522 10.57 0.13
2458495.1988258 10.51 0.12
2458495.1991730 10.54 0.12
2458495.1996938 10.54 0.12
2458495.2000410 10.54 0.12
2458495.2005619 10.77 0.15
2458495.2007355 10.48 0.12
2458495.2009091 10.37 0.10
2458495.2010827 10.60 0.13
2458495.2014299 10.46 0.11
2458495.2017772 10.48 0.12
2458495.2019508 10.38 0.11
2458495.2021244 10.57 0.13
2458495.2026452 10.47 0.12
2458495.2035133 10.61 0.13
2458495.2038605 10.70 0.14
2458495.2043813 10.73 0.15
2458495.2045549 10.49 0.12
2458495.2052494 10.49 0.12
2458495.2054230 10.47 0.12
2458495.2055966 10.46 0.12
2458495.2057702 10.45 0.11
2458495.2059438 10.27 0.10
2458495.2061174 10.43 0.11
2458495.2062911 10.65 0.14
2458495.2069867 10.57 0.13
2458495.2073336 10.75 0.15
2458495.2082008 10.40 0.11
2458495.2104577 10.47 0.12
2458495.2116730 10.62 0.13
2458495.2118466 10.71 0.14
2458495.2120202 10.68 0.14
2458495.2130619 10.37 0.11
2458495.2134091 10.78 0.15
2458495.2135827 10.67 0.14
2458495.2137563 10.35 0.10
2458495.2139299 10.79 0.15
2458495.2146244 10.64 0.13
2458495.2149716 10.71 0.14
2458495.2151452 10.65 0.13
2458495.2153188 10.45 0.11
2458495.2154924 10.64 0.13
2458495.2156660 10.67 0.14
2458495.2172285 10.56 0.12
2458495.2174022 10.51 0.12
2458495.2175758 10.62 0.13
2458495.2187924 10.56 0.12
2458495.2196596 10.51 0.12
2458495.2198331 10.48 0.11
2458495.2200065 10.71 0.14
2458495.2207008 10.67 0.14
2458495.2210480 10.60 0.13
2458495.2238258 10.51 0.12
2458495.2239994 10.50 0.12
2458495.2248674 10.53 0.12
2458495.2257355 10.76 0.15
2458495.2264299 10.53 0.12
2458495.2266036 10.46 0.11
2458495.2269508 10.52 0.12
2458495.2276452 10.50 0.12
2458495.2278188 10.57 0.12
2458495.2279924 10.70 0.14
2458495.2281661 10.44 0.11
2458495.2286869 10.54 0.12
2458495.2288605 10.46 0.11
2458495.2290341 10.48 0.11
2458495.2297286 10.60 0.13
2458495.2326799 10.51 0.11
2458495.2328535 10.64 0.13
2458495.2333744 10.48 0.11
2458495.2338952 10.55 0.12
2458495.2340688 10.58 0.12
2458495.2344161 10.66 0.13
2458495.2347633 10.65 0.13
2458495.2352841 10.59 0.12
2458495.2356313 10.57 0.12
2458495.2358049 10.77 0.14
2458495.2366730 10.66 0.13
2458495.2368466 10.58 0.12
2458495.2371938 10.70 0.13
2458495.2377147 10.38 0.10
2458495.2384091 10.41 0.10
2458495.2387563 10.58 0.12
2458495.2430977 10.35 0.10
2458495.2455272 10.32 0.09
2458495.2457008 10.37 0.10
2458495.2458744 10.48 0.11
2458495.2462216 10.53 0.11
2458495.2463952 10.70 0.13
2458495.2465688 10.41 0.10
2458495.2469160 10.51 0.11
2458495.2470897 10.59 0.12
2458495.2484785 10.36 0.10
2458495.2488258 10.47 0.11
2458495.2489994 10.61 0.12
2458495.2491730 10.49 0.11
2458495.2493466 10.44 0.10
2458495.2495202 10.52 0.11
2458495.2496938 10.50 0.11
2458495.2498674 10.55 0.12
2458495.2500411 10.57 0.12
2458495.2502147 10.39 0.10
2458495.2507355 10.52 0.11
2458495.2509091 10.62 0.12
2458495.2510827 10.47 0.11
2458495.2512563 10.48 0.11
2458495.2516036 10.31 0.09
2458495.2521244 10.57 0.12
2458495.2522980 10.63 0.12
2458495.2524716 10.75 0.14
2458495.2526452 10.65 0.13
2458495.2528188 10.66 0.13
2458495.2529924 10.49 0.11
2458495.2535133 10.52 0.11
2458495.2538605 10.66 0.13
2458495.2542077 10.48 0.11
2458495.2549034 10.36 0.10
2458495.2561175 10.58 0.12
2458495.2562910 10.64 0.12
2458495.2564647 10.58 0.12
2458495.2566383 10.55 0.11
2458495.2569855 10.62 0.12
2458495.2571591 10.34 0.09
2458495.2578536 10.49 0.11
2458495.2580272 10.46 0.10
2458495.2595897 10.32 0.09
2458495.2620202 10.65 0.12
2458495.2630619 10.60 0.12
2458495.2632355 10.54 0.11
2458495.2634091 10.66 0.13
2458495.2635827 10.71 0.13
2458495.2641035 10.45 0.10
2458495.2642772 10.56 0.11
2458495.2646244 10.69 0.13
2458495.2651452 10.60 0.12
2458495.2653188 10.46 0.10
2458495.2654924 10.49 0.11
2458495.2656661 10.60 0.12
2458495.2661869 10.53 0.11
2458495.2677498 10.50 0.11
2458495.2679233 10.44 0.10
2458495.2680967 10.61 0.12
2458495.2684438 10.63 0.12
2458495.2700063 10.67 0.12
2458495.2701799 10.48 0.11
2458495.2703535 10.60 0.12
2458495.2710480 10.65 0.12
2458495.2712216 10.54 0.11
2458495.2715688 10.59 0.12
2458495.2720897 10.46 0.10
2458495.2724369 10.40 0.10
2458495.2726105 10.60 0.12
2458495.2731313 10.47 0.10
2458495.2734786 10.53 0.11
2458495.2748674 10.62 0.12
2458495.2757355 10.44 0.10
2458495.2759091 10.46 0.10
2458495.2762563 10.50 0.11
2458495.2764299 10.51 0.11
2458495.2771244 10.57 0.11
2458495.2772980 10.41 0.10
2458495.2774716 10.50 0.11
2458495.2778188 10.63 0.12
2458495.2781660 10.52 0.11
2458495.2786869 10.56 0.11
2458495.2788618 10.49 0.11
2458495.2793822 10.49 0.10
2458495.2800759 10.56 0.11
2458495.2804230 10.62 0.12
2458495.2805966 10.43 0.10
2458495.2809438 10.51 0.11
2458495.2811174 10.56 0.11
2458495.2816383 10.58 0.11
2458495.2818119 10.39 0.10
2458495.2819855 10.44 0.10
2458495.2826799 10.58 0.11
2458495.2830272 10.57 0.11
2458495.2833744 10.56 0.11
2458495.2838952 10.52 0.11
2458495.2842424 10.55 0.11
2458495.2849369 10.56 0.11
2458495.2852841 10.41 0.10
2458495.2859785 10.62 0.12
2458495.2861522 10.57 0.11
2458495.2863258 10.55 0.11
2458495.2864994 10.46 0.10
2458495.2866730 10.51 0.11
2458495.2868466 10.48 0.10
2458495.2870202 10.53 0.11
2458495.2875410 10.57 0.11
2458495.2878883 10.66 0.12
2458495.2880619 10.70 0.13
2458495.2882355 10.49 0.10
2458495.2884091 10.29 0.09
2458495.2887563 10.45 0.10
2458495.2889299 10.53 0.11
2458495.2896244 10.54 0.11
2458495.2899716 10.65 0.12
2458495.2903188 10.55 0.11
2458495.2904924 10.55 0.11
2458495.2906661 10.52 0.11
2458495.2913614 10.66 0.12
2458495.2934438 10.41 0.10
2458495.2941383 10.40 0.10
2458495.2944855 10.65 0.12
2458495.2946591 10.65 0.12
2458495.2948327 10.48 0.10
2458495.2962216 10.51 0.11
2458495.2967424 10.58 0.11
2458495.2974369 10.71 0.13
2458495.2976105 10.59 0.11
2458495.2984785 10.66 0.12
2458495.2988258 10.38 0.09
2458495.2989994 10.68 0.12
2458495.2996938 10.52 0.11
2458495.3026452 10.73 0.13
2458495.3029937 10.55 0.11
2458495.3033406 10.58 0.11
2458495.3036875 10.59 0.11
2458495.3043813 10.54 0.11
2458495.3047286 10.67 0.12
2458495.3066383 10.58 0.11
2458495.3071591 10.78 0.14
2458495.3073327 10.64 0.12
2458495.3076799 10.57 0.11
2458495.3083744 10.63 0.12
2458495.3087216 10.64 0.12
2458495.3092424 10.55 0.11
2458495.3095897 10.52 0.11
2458495.3101105 10.74 0.13
2458495.3102841 10.59 0.12
2458495.3104577 10.63 0.12
2458495.3109785 10.70 0.13
2458495.3111522 10.74 0.13
2458495.3142772 10.50 0.11
2458498.1654809 10.71 0.16
2458498.1658281 10.41 0.10
2458498.1666972 10.71 0.13
2458498.1673910 10.61 0.12
2458498.1675645 10.64 0.12
2458498.1677379 10.81 0.14
2458498.1680850 10.70 0.13
2458498.1682586 10.67 0.12
2458498.1686059 10.63 0.12
2458498.1694739 10.55 0.11
2458498.1717309 10.77 0.13
2458498.1719045 10.61 0.11
2458498.1720781 10.51 0.10
2458498.1722517 10.80 0.13
2458498.1724253 10.57 0.11
2458498.1752031 10.59 0.11
2458498.1753767 10.76 0.13
2458498.1785029 10.69 0.12
2458498.1828420 10.69 0.12
2458498.1833628 10.66 0.11
2458498.1837100 10.54 0.10
2458498.1840572 10.68 0.11
2458498.1842309 10.65 0.11
2458498.1845781 10.75 0.12
2458498.1903073 10.33 0.08
2458498.1943003 10.43 0.09
2458498.1944739 10.47 0.09
2458498.1958628 10.42 0.09
2458498.1962112 10.55 0.10
2458498.1972519 10.44 0.09
2458498.1975989 10.47 0.09
2458498.1977725 10.63 0.10
2458498.1984670 10.51 0.09
2458498.2019392 10.83 0.12
2458498.2026336 10.53 0.09
2458498.2033281 10.45 0.08
2458498.2036753 10.42 0.08
2458498.2041961 10.40 0.08
2458498.2050642 10.70 0.11
2458498.2066267 10.42 0.08
2458498.2071475 10.47 0.08
2458498.2081904 10.34 0.08
2458498.2087107 10.43 0.08
2458498.2102725 10.58 0.09
2458498.2107934 10.52 0.09
2458498.2109670 10.57 0.09
2458498.2111406 10.52 0.09
2458498.2113142 10.45 0.08
2458498.2114878 10.65 0.10
2458498.2116614 10.52 0.09
2458498.2118350 10.41 0.08
2458498.2120086 10.51 0.09
2458498.2133975 10.54 0.09
2458498.2135711 10.47 0.09
2458498.2144392 10.76 0.11
2458498.2151336 10.34 0.07
2458498.2154809 10.50 0.09
2458498.2168697 10.50 0.09
2458498.2182586 10.49 0.08
2458498.2198225 10.44 0.08
2458498.2205163 10.44 0.08
2458498.2206898 10.42 0.08
2458498.2225989 10.43 0.08
2458498.2227725 10.48 0.08
2458498.2243350 10.50 0.08
2458498.2246822 10.48 0.08
2458498.2252031 10.48 0.08
2458498.2258975 10.54 0.09
2458498.2260711 10.38 0.08
2458498.2265920 10.53 0.09
2458498.2267656 10.46 0.08
2458498.2269392 10.55 0.09
2458498.2272864 10.43 0.08
2458498.2276336 10.50 0.09
2458498.2291961 10.44 0.08
2458498.2307586 10.41 0.08
2458498.2366614 10.47 0.09
2458498.2373559 10.43 0.08
2458498.2383975 10.45 0.09
2458498.2399600 10.44 0.08
2458498.2449948 10.51 0.09
2458498.2460364 10.42 0.08
2458498.2475989 10.55 0.09
2458498.2489878 10.37 0.08
2458498.2500295 10.40 0.08
2458498.2502031 10.63 0.10
2458498.2510711 10.35 0.08
2458498.2528073 10.41 0.08
2458498.2540225 10.42 0.09
2458498.2547170 10.50 0.09
2458498.2581892 10.32 0.08
2458498.2587100 10.39 0.09
2458498.2594045 10.71 0.11
2458498.2600989 10.45 0.09
2458498.2628767 10.58 0.08
2458498.2639184 10.45 0.07
2458498.2640920 10.51 0.08
2458498.2646128 10.47 0.07
2458498.2649600 10.39 0.07
2458498.2651336 10.34 0.07
2458498.2656545 10.49 0.08
2458498.2660017 10.43 0.07
2458498.2663489 10.42 0.07
2458498.2665225 10.53 0.08
2458498.2668698 10.41 0.07
2458498.2670434 10.36 0.07
2458498.2677389 10.41 0.07
2458498.2679124 10.43 0.07
2458498.2682593 10.49 0.08
2458498.2684327 10.48 0.08
2458498.2687796 10.68 0.09
2458498.2689531 10.45 0.07
2458498.2691267 10.52 0.08
2458498.2693003 10.51 0.08
2458498.2699947 10.62 0.08
2458498.2705156 10.39 0.07
2458498.2706892 10.40 0.07
2458498.2708628 10.51 0.08
2458498.2710364 10.51 0.07
2458498.2713836 10.45 0.07
2458498.2720781 10.43 0.07
2458498.2725989 10.53 0.08
2458498.2729461 10.50 0.07
2458498.2731197 10.55 0.08
2458498.2734670 10.41 0.07
2458498.2736406 10.36 0.07
2458498.2738142 10.59 0.08
2458498.2739878 10.53 0.08
2458498.2743350 10.47 0.07
2458498.2746823 10.49 0.07
2458498.2760711 10.42 0.07
2458498.2762448 10.53 0.08
2458498.2764184 10.48 0.07
2458498.2765920 10.51 0.08
2458498.2769392 10.40 0.07
2458498.2771128 10.36 0.07
2458498.2772864 10.27 0.06
2458498.2774600 10.49 0.07
2458498.2776336 10.55 0.08
2458498.2778072 10.45 0.07
2458498.2779809 10.67 0.09
2458498.2781545 10.42 0.07
2458498.2783281 10.50 0.08
2458498.2786753 10.46 0.07
2458498.2788489 10.47 0.07
2458498.2790225 10.41 0.07
2458498.2791961 10.53 0.08
2458498.2793697 10.45 0.07
2458498.2797182 10.44 0.07
2458498.2798916 10.42 0.07
2458498.2800651 10.39 0.07
2458498.2802385 10.39 0.07
2458498.2805854 10.45 0.07
2458498.2807589 10.54 0.08
2458498.2809323 10.47 0.07
2458498.2814531 10.43 0.07
2458498.2816267 10.48 0.07
2458498.2818003 10.48 0.07
2458498.2819739 10.52 0.08
2458498.2826684 10.37 0.07
2458498.2830156 10.36 0.07
2458498.2831892 10.48 0.07
2458498.2835364 10.45 0.07
2458498.2837100 10.41 0.07
2458498.2838836 10.48 0.07
2458498.2840573 10.34 0.06
2458498.2842309 10.48 0.07
2458498.2844045 10.46 0.07
2458498.2845781 10.51 0.08
2458498.2847517 10.50 0.08
2458498.2849253 10.54 0.08
2458498.2850989 10.31 0.06
2458498.2852725 10.49 0.08
2458498.2854461 10.54 0.08
2458498.2856197 10.55 0.08
2458498.2857934 10.60 0.08
2458498.2861406 10.59 0.08
2458498.2863142 10.55 0.08
2458498.2868350 10.48 0.08
2458498.2871822 10.52 0.08
2458498.2873559 10.46 0.08
2458498.2875295 10.47 0.08
2458498.2877031 10.36 0.07
2458498.2878767 10.56 0.08
2458498.2880503 10.51 0.08
2458498.2894392 10.61 0.09
2458498.2897864 10.52 0.08
2458498.2899600 10.56 0.08
2458498.2908281 10.49 0.08
2458498.2913489 10.40 0.07
2458498.2916974 10.41 0.07
2458498.2923912 10.44 0.08
2458498.2929115 10.43 0.07
2458498.2930850 10.47 0.08
2458498.2932586 10.60 0.09
2458498.2934322 10.45 0.08
2458498.2939531 10.52 0.08
2458498.2943003 10.38 0.07
2458498.2951684 10.57 0.08
2458498.2955156 10.56 0.08
2458498.2960364 10.46 0.08
2458498.2963836 10.50 0.08
2458498.2965572 10.40 0.07
2458498.2967309 10.59 0.08
2458498.2970781 10.36 0.07
2458498.2975989 10.62 0.09
2458498.2977725 10.59 0.08
2458498.2981198 10.52 0.08
2458498.2982934 10.53 0.08
2458498.2984670 10.40 0.07
2458498.2986406 10.62 0.09
2458498.2988142 10.41 0.07
2458498.2989878 10.45 0.07
2458498.2991614 10.43 0.07
2458498.2993350 10.58 0.09
2458498.2995086 10.45 0.07
2458498.2998559 10.34 0.07
2458498.3000295 10.62 0.09
2458498.3002031 10.47 0.08
2458498.3003767 10.47 0.08
2458498.3005503 10.59 0.09
2458498.3008975 10.59 0.08
2458498.3010711 10.43 0.07
2458498.3012447 10.51 0.08
2458498.3014184 10.53 0.08
2458498.3015920 10.50 0.08
2458498.3017656 10.61 0.09
2458498.3019392 10.53 0.08
2458498.3021128 10.59 0.08
2458498.3022864 10.57 0.08
2458498.3028072 10.69 0.09
2458498.3031545 10.49 0.08
2458498.3035017 10.54 0.08
2458498.3038500 10.53 0.08
2458498.3041969 10.62 0.08
2458498.3043703 10.53 0.08
2458498.3045438 10.61 0.08
2458498.3047172 10.64 0.09
2458498.3048907 10.63 0.09
2458498.3050642 10.45 0.07
2458498.3068003 10.47 0.08
2458498.3076684 10.55 0.08
2458498.3083628 10.49 0.08
2458498.3088836 10.56 0.08
2458498.3092309 10.42 0.07
2458498.3097517 10.57 0.08
2458498.3100989 10.57 0.08
2458498.3104461 10.50 0.08
2458498.3111406 10.58 0.08
2458498.3114878 10.58 0.09
2458498.3118350 10.45 0.08
2458498.3127031 10.54 0.08
2458498.3128767 10.46 0.08
2458498.3130503 10.45 0.08
2458498.3133975 10.41 0.07
2458498.3135711 10.55 0.08
2458498.3137448 10.51 0.08
2458498.3140920 10.48 0.08
2458498.3142656 10.50 0.08
2458498.3144392 10.46 0.08
2458498.3147864 10.56 0.08
2458498.3149600 10.41 0.07
2458498.3151336 10.53 0.08
2458498.3153073 10.62 0.09
2458498.3154809 10.49 0.08
2458498.3158292 10.53 0.08
2458498.3160027 10.62 0.09
2458498.3161761 10.60 0.09
2458498.3166965 10.45 0.08
2458498.3168699 10.51 0.08
2458498.3172170 10.55 0.08
2458500.2340341 10.46 0.10
2458500.2373327 10.58 0.12
2458500.2375063 10.63 0.12
2458500.2387216 10.59 0.11
2458500.2392424 10.62 0.12
2458500.2397633 10.54 0.11
2458500.2399369 10.62 0.12
2458500.2402841 10.57 0.11
2458500.2414994 10.60 0.12
2458500.2416730 10.59 0.12
2458500.2418466 10.44 0.10
2458500.2420202 10.48 0.10
2458500.2421938 10.50 0.10
2458500.2423674 10.45 0.10
2458500.2425410 10.54 0.11
2458500.2427147 10.56 0.11
2458500.2428883 10.49 0.10
2458500.2430619 10.34 0.09
2458500.2432355 10.57 0.11
2458500.2435827 10.53 0.10
2458500.2437563 10.48 0.10
2458500.2441035 10.37 0.09
2458500.2444520 10.49 0.10
2458500.2446255 10.73 0.13
2458500.2454927 10.62 0.11
2458500.2472286 10.62 0.11
2458500.2480966 10.66 0.11
2458500.2512216 10.41 0.09
2458500.2522633 10.62 0.11
2458500.2526105 10.73 0.12
2458500.2527841 10.67 0.12
2458500.2531313 10.45 0.09
2458500.2539994 10.82 0.13
2458500.2546938 10.71 0.12
2458500.2562563 10.68 0.12
2458500.2564312 10.69 0.12
2458500.2567781 10.41 0.09
2458500.2579924 10.57 0.11
2458500.2581660 10.76 0.13
2458500.2583397 10.70 0.12
2458500.2626799 10.60 0.11
2458500.2632008 10.55 0.10
2458500.2637216 10.55 0.10
2458500.2642424 10.33 0.08
2458500.2658049 10.57 0.10
2458500.2677147 10.29 0.08
2458500.2699716 10.74 0.12
2458500.2704924 10.42 0.09
2458500.2706661 10.40 0.08
2458500.2710133 10.54 0.10
2458500.2725758 10.59 0.10
2458500.2727494 10.41 0.09
2458500.2729230 10.62 0.10
2458500.2732702 10.52 0.09
2458500.2736174 10.79 0.12
2458500.2737910 10.62 0.10
2458500.2739647 10.65 0.11
2458500.2744855 10.57 0.10
2458500.2746591 10.64 0.11
2458500.2748327 10.72 0.12
2458500.2751799 10.76 0.12
2458500.2753535 10.59 0.10
2458500.2755272 10.44 0.09
2458500.2758744 10.69 0.11
2458500.2763952 10.69 0.11
2458500.2765688 10.46 0.09
2458500.2769161 10.58 0.10
2458500.2772633 10.45 0.09
2458500.2779577 10.51 0.10
2458500.2783049 10.59 0.10
2458500.2805631 10.26 0.07
2458500.2840341 10.32 0.08
2458500.2843813 10.48 0.09
2458500.2861174 10.43 0.09
2458500.2862911 10.64 0.11
2458500.2880272 10.61 0.10
2458500.2883744 10.53 0.09
2458500.2885480 10.75 0.12
2458500.2892424 10.60 0.10
2458500.2899369 10.56 0.09
2458500.2902841 10.63 0.10
2458500.2906313 10.58 0.10
2458500.2908049 10.54 0.09
2458500.2909785 10.33 0.08
2458500.2911522 10.64 0.10
2458500.2916730 10.57 0.09
2458500.2921938 10.36 0.08