2458467.3668514 11.06 0.15
2458467.3675459 11.03 0.15
2458467.3682403 11.00 0.15
2458467.3684139 11.02 0.15
2458467.3691084 11.12 0.16
2458467.3703236 10.96 0.14
2458467.3706709 11.10 0.16
2458467.3710181 11.01 0.15
2458467.3720598 11.07 0.16
2458467.3734486 10.90 0.13
2458467.3737959 10.79 0.12
2458467.3743167 10.97 0.14
2458467.3757067 11.06 0.15
2458467.3758801 10.90 0.14
2458467.3770945 11.08 0.16
2458467.3774417 10.94 0.14
2458467.3783097 10.98 0.15
2458467.3788306 10.99 0.15
2458467.3802195 11.00 0.15
2458467.3810875 10.95 0.14
2458467.3821292 10.98 0.15
2458467.3854278 10.82 0.13
2458467.3875123 11.13 0.17
2458467.3885530 10.92 0.14
2458467.3921986 10.90 0.14
2458467.3923722 11.00 0.15
2458467.3927195 10.96 0.14
2458467.3928931 11.03 0.16
2458467.3932403 10.91 0.14
2458467.3934139 10.90 0.14
2458467.3935875 10.93 0.14
2458467.3939347 10.81 0.13
2458467.3941084 11.04 0.16
2458467.3942820 10.98 0.15
2458467.3944556 10.87 0.14
2458467.3949764 10.96 0.15
2458467.3987959 10.95 0.14
2458467.3991431 11.03 0.16
2458467.3998383 11.08 0.16
2458467.4001852 10.92 0.14
2458467.4014000 10.97 0.15
2458467.4040042 11.01 0.15
2458467.4041778 11.05 0.16
2458467.4050459 10.93 0.14
2458467.4052195 10.94 0.15
2458467.4057403 10.99 0.15
2458467.4066084 10.96 0.15
2458467.4083445 10.92 0.14
2458467.4100806 10.90 0.14
2458467.4112971 10.98 0.15
2458467.4119908 10.94 0.15
2458467.4123377 10.92 0.14
2458467.4137264 11.00 0.15
2458467.4145945 10.87 0.14
2458467.4173722 11.14 0.18
2458467.4175459 10.98 0.15
2458467.4180667 10.95 0.15
2458467.4187611 10.97 0.15
2458467.4191084 10.98 0.16
2458469.3667865 11.00 0.11
2458469.3670135 11.14 0.12
2458469.3671871 11.14 0.12
2458469.3673607 11.13 0.12
2458469.3675343 11.18 0.12
2458469.3677079 11.25 0.13
2458469.3678815 11.28 0.14
2458469.3680551 11.09 0.12
2458469.3682287 11.23 0.13
2458469.3684023 11.15 0.12
2458469.3685760 11.21 0.13
2458469.3687496 11.01 0.11
2458469.3689232 11.16 0.12
2458469.3690968 11.04 0.11
2458469.3692704 11.11 0.12
2458469.3694440 10.98 0.10
2458469.3696176 11.04 0.11
2458469.3697912 11.24 0.13
2458469.3699648 11.14 0.12
2458469.3701384 11.11 0.12
2458469.3703121 11.05 0.11
2458469.3704857 11.11 0.12
2458469.3706593 11.24 0.13
2458469.3708329 11.27 0.14
2458469.3710065 11.25 0.13
2458469.3711801 11.28 0.14
2458469.3713537 11.07 0.11
2458469.3715273 11.20 0.13
2458469.3717009 11.03 0.11
2458469.3718746 10.97 0.10
2458469.3720482 11.28 0.14
2458469.3722218 10.98 0.10
2458469.3723954 11.24 0.13
2458469.3725690 11.07 0.11
2458469.3727426 11.20 0.13
2458469.3729162 10.92 0.10
2458469.3730898 11.19 0.13
2458469.3732635 11.00 0.11
2458469.3734371 11.05 0.11
2458469.3737843 11.02 0.11
2458469.3739579 11.12 0.12
2458469.3741315 11.10 0.12
2458469.3743051 11.11 0.12
2458469.3746524 11.10 0.12
2458469.3748260 11.24 0.13
2458469.3749996 10.99 0.11
2458469.3751732 10.97 0.10
2458469.3753468 11.10 0.12
2458469.3755204 11.09 0.12
2458469.3756940 10.97 0.10
2458469.3758676 11.19 0.13
2458469.3760425 11.20 0.13
2458469.3763894 11.00 0.11
2458469.3767363 11.08 0.11
2458469.3769097 11.17 0.12
2458469.3770832 11.03 0.11
2458469.3772566 11.21 0.13
2458469.3774301 11.03 0.11
2458469.3776037 10.94 0.10
2458469.3779510 11.06 0.11
2458469.3781246 11.18 0.12
2458469.3782982 11.17 0.12
2458469.3784718 11.05 0.11
2458469.3786454 11.02 0.11
2458488.3045899 11.03 0.14
2458488.3049371 10.85 0.12
2458488.3056316 11.02 0.14
2458488.3061524 11.10 0.15
2458488.3064996 10.89 0.12
2458488.3066732 11.02 0.14
2458488.3075413 10.99 0.13
2458488.3080621 11.12 0.15
2458488.3082357 10.89 0.12
2458488.3084093 10.86 0.12
2458488.3089302 10.94 0.13
2458488.3094522 10.99 0.13
2458488.3099726 10.85 0.12
2458488.3101460 10.93 0.13
2458488.3103194 11.08 0.15
2458488.3104929 10.98 0.13
2458488.3108399 10.80 0.12
2458488.3113607 10.82 0.12
2458488.3117080 10.94 0.13
2458488.3118816 10.96 0.13
2458488.3122288 11.11 0.15
2458488.3129232 11.06 0.15
2458488.3130969 10.96 0.13
2458488.3137913 10.92 0.13
2458488.3139649 10.83 0.12
2458488.3141385 11.06 0.15
2458488.3143121 10.94 0.13
2458488.3144857 10.90 0.13
2458488.3146593 10.80 0.12
2458488.3148330 11.06 0.15
2458488.3151802 10.94 0.13
2458488.3157010 11.01 0.14
2458488.3158746 10.91 0.13
2458488.3160482 10.81 0.12
2458488.3163955 11.00 0.14
2458488.3167427 10.91 0.13
2458488.3179580 10.86 0.13
2458488.3181316 10.96 0.13
2458488.3188260 10.90 0.13
2458488.3189996 11.03 0.14
2458488.3191732 11.01 0.14
2458488.3193469 10.89 0.13
2458488.3196941 11.02 0.14
2458488.3198677 11.03 0.14
2458488.3200413 10.93 0.13
2458488.3203885 10.98 0.14
2458488.3205621 11.00 0.14
2458488.3207357 11.19 0.17
2458488.3210830 10.97 0.14
2458488.3212579 11.07 0.15
2458488.3217783 11.03 0.15
2458488.3219517 10.94 0.13
2458488.3221252 10.98 0.14
2458488.3222986 11.05 0.15
2458488.3224720 10.87 0.13
2458488.3228191 11.04 0.15
2458488.3231663 11.00 0.14
2458488.3233399 10.98 0.14
2458488.3243816 10.75 0.11
2458488.3245552 10.96 0.14
2458488.3249024 10.85 0.13
2458488.3252496 10.92 0.13
2458488.3264649 11.07 0.15
2458488.3269857 11.07 0.15
2458488.3275066 11.11 0.16
2458488.3276802 10.79 0.12
2458488.3282010 11.01 0.15
2458488.3285482 11.00 0.15
2458488.3287218 11.10 0.16
2458488.3288955 10.86 0.13
2458488.3290691 10.74 0.12
2458488.3292427 10.81 0.12
2458488.3297635 10.95 0.14
2458488.3301107 10.91 0.14
2458488.3306316 10.74 0.12
2458488.3311524 10.96 0.14
2458488.3321941 11.07 0.16
2458488.3332370 10.89 0.13
2458488.3335839 10.94 0.14
2458488.3337574 10.94 0.14
2458488.3351455 11.11 0.16
2458488.3360135 10.97 0.14
2458488.3361871 10.89 0.13
2458488.3363607 11.07 0.16
2458488.3367080 10.95 0.14
2458488.3372288 11.06 0.15
2458488.3375760 11.14 0.17
2458488.3377496 10.87 0.13
2458488.3379232 10.99 0.14
2458488.3380968 10.98 0.14
2458488.3387913 11.08 0.16
2458488.3389649 11.10 0.16
2458488.3393121 10.94 0.14
2458488.3394857 11.02 0.15
2458488.3396593 10.95 0.14
2458488.3398330 11.04 0.15
2458488.3400066 10.90 0.14
2458488.3403538 10.90 0.13
2458488.3405274 11.09 0.16
2458488.3407010 11.12 0.16
2458488.3412219 11.01 0.15
2458488.3415691 11.01 0.15
2458488.3417427 10.98 0.14
2458488.3422635 11.01 0.15
2458488.3424371 10.98 0.15
2458488.3426107 11.02 0.15
2458488.3429580 10.85 0.13
2458488.3436524 10.85 0.13
2458488.3445205 11.03 0.15
2458488.3448677 11.01 0.15
2458488.3450413 11.04 0.15
2458488.3453896 10.97 0.14
2458488.3455631 11.04 0.15
2458488.3466038 11.13 0.17
2458488.3476455 10.85 0.13
2458488.3478191 10.96 0.14
2458488.3481663 11.14 0.17
2458488.3483399 11.08 0.16
2458488.3485135 10.99 0.15
2458488.3497288 10.82 0.13
2458488.3499024 10.96 0.14
2458488.3500760 11.02 0.15
2458488.3519857 10.90 0.13
2458488.3544163 10.86 0.13
2458488.3547635 10.96 0.14
2458488.3587566 11.09 0.16
2458488.3601455 10.95 0.14
2458488.3604927 11.09 0.16
2458488.3608399 11.02 0.15
2458488.3611871 10.99 0.15
2458488.3625760 10.97 0.14
2458488.3627496 11.03 0.15
2458488.3639649 11.12 0.17
2458488.3651802 10.99 0.15
2458488.3663955 10.97 0.15
2458488.3683052 10.95 0.14
2458488.3691744 10.98 0.15
2458488.3695213 10.98 0.15
2458488.3703885 11.06 0.16
2458488.3707357 10.83 0.13
2458488.3714302 11.09 0.16
2458488.3717774 11.15 0.17
2458488.3721246 11.09 0.16
2458488.3729927 10.97 0.15
2458488.3733399 11.01 0.15
2458488.3735135 10.88 0.14
2458493.2519739 10.98 0.13
2458493.2526684 10.93 0.12
2458493.2530156 11.08 0.14
2458493.2531892 10.95 0.13
2458493.2535364 10.89 0.12
2458493.2537100 11.18 0.15
2458493.2540586 11.00 0.13
2458493.2544055 11.11 0.14
2458493.2545789 11.05 0.14
2458493.2547524 11.00 0.13
2458493.2550993 11.12 0.14
2458493.2552727 11.07 0.14
2458493.2554461 11.18 0.15
2458493.2557934 11.01 0.13
2458493.2559670 11.19 0.15
2458493.2563142 11.08 0.14
2458493.2564878 11.02 0.13
2458493.2566614 11.25 0.16
2458493.2571823 11.09 0.14
2458493.2573559 11.05 0.14
2458493.2577031 10.98 0.13
2458493.2578767 10.97 0.13
2458493.2582239 10.91 0.12
2458493.2583975 11.06 0.14
2458493.2585711 10.86 0.11
2458493.2587447 10.98 0.13
2458493.2590920 11.06 0.14
2458493.2592656 10.97 0.13
2458493.2594392 10.94 0.12
2458493.2599600 10.98 0.13
2458493.2601336 10.90 0.12
2458493.2603072 11.19 0.15
2458493.2604809 11.11 0.14
2458493.2606545 11.11 0.14
2458493.2608281 11.08 0.14
2458493.2610017 10.82 0.11
2458493.2613489 10.95 0.12
2458493.2615225 11.07 0.14
2458493.2616961 11.14 0.15
2458493.2618697 11.09 0.14
2458493.2620434 11.18 0.15
2458493.2622170 11.18 0.15
2458493.2623906 11.03 0.13
2458493.2625642 10.86 0.11
2458493.2627378 11.07 0.14
2458493.2629114 11.03 0.13
2458493.2630850 10.95 0.12
2458493.2632586 11.02 0.13
2458493.2634323 11.01 0.13
2458493.2636059 11.01 0.13
2458493.2637795 10.92 0.12
2458493.2639531 11.07 0.14
2458493.2641267 11.13 0.15
2458493.2644739 11.22 0.16
2458493.2646475 11.04 0.14
2458493.2648211 11.17 0.15
2458493.2651684 10.98 0.13
2458493.2653420 10.98 0.13
2458493.2655156 11.18 0.15
2458493.2656892 11.01 0.13
2458493.2658628 11.06 0.14
2458493.2660378 10.88 0.12
2458493.2663847 11.07 0.14
2458493.2665581 11.07 0.14
2458493.2667316 11.20 0.15
2458493.2675989 11.18 0.15
2458493.2677725 10.89 0.12
2458493.2679461 11.09 0.14
2458493.2681197 11.00 0.13
2458493.2686406 11.00 0.13
2458493.2688142 11.02 0.13
2458493.2693350 11.10 0.14
2458493.2695086 11.10 0.14
2458493.2702031 11.04 0.13
2458493.2703767 10.74 0.10
2458493.2707239 11.01 0.13
2458493.2708975 11.14 0.15
2458493.2714184 11.12 0.14
2458493.2721128 10.92 0.12
2458493.2722864 11.07 0.14
2458493.2724600 11.18 0.15
2458493.2728073 11.17 0.15
2458493.2731545 11.14 0.15
2458493.2736753 10.98 0.13
2458493.2740225 10.90 0.12
2458493.2741961 11.09 0.14
2458493.2743697 11.01 0.13
2458493.2747170 10.92 0.12
2458493.2748906 11.04 0.13
2458493.2750642 11.04 0.14
2458493.2752378 11.01 0.13
2458493.2754114 10.95 0.12
2458493.2755850 11.03 0.13
2458493.2757586 11.16 0.15
2458493.2759322 11.00 0.13
2458493.2761059 11.04 0.13
2458493.2764531 10.94 0.12
2458493.2766267 11.06 0.14
2458493.2769739 11.13 0.14
2458493.2771475 10.91 0.12
2458493.2773211 10.91 0.12
2458493.2774947 11.05 0.14
2458493.2776684 11.02 0.13
2458493.2778420 11.08 0.14
2458493.2780169 11.03 0.13
2458493.2781904 10.96 0.13
2458493.2783638 11.01 0.13
2458493.2792310 11.18 0.15
2458493.2795781 10.97 0.13
2458493.2797517 10.99 0.13
2458493.2800989 10.93 0.12
2458493.2802725 11.03 0.13
2458493.2804461 10.98 0.13
2458493.2807934 11.06 0.14
2458493.2813142 11.04 0.13
2458493.2816614 11.07 0.14
2458493.2823559 11.10 0.14
2458493.2828767 10.94 0.12
2458493.2833975 11.08 0.14
2458493.2835711 11.17 0.15
2458493.2837447 11.08 0.14
2458493.2842656 11.06 0.14
2458493.2844392 10.71 0.10
2458493.2846128 11.16 0.15
2458493.2851336 10.96 0.13
2458493.2853072 10.98 0.13
2458493.2854809 10.90 0.12
2458493.2858281 11.19 0.15
2458493.2860017 11.20 0.16
2458493.2861753 10.95 0.12
2458493.2863489 11.06 0.14
2458493.2865225 11.09 0.14
2458493.2868698 11.03 0.13
2458493.2873906 11.00 0.13
2458493.2875642 11.12 0.15
2458493.2882586 11.05 0.14
2458493.2884323 11.03 0.14
2458493.2886059 11.04 0.13
2458493.2887795 10.98 0.13
2458493.2889531 11.05 0.14
2458493.2898211 11.01 0.13
2458493.2901695 10.93 0.12
2458493.2905164 11.07 0.14
2458493.2906898 11.07 0.14
2458493.2912102 11.10 0.14
2458493.2915572 10.94 0.12
2458493.2917309 10.99 0.13
2458493.2919045 10.96 0.13
2458493.2920781 11.03 0.13
2458493.2925989 11.09 0.14
2458493.2927725 11.11 0.14
2458493.2929461 10.99 0.13
2458493.2931197 11.09 0.14
2458493.2932934 11.04 0.13
2458493.2934670 10.91 0.12
2458493.2936406 11.07 0.14
2458493.2938142 10.86 0.11
2458493.2939878 11.07 0.14
2458493.2945086 10.85 0.11
2458493.2946823 11.08 0.14
2458493.2948559 11.08 0.14
2458493.2950295 10.95 0.12
2458493.2953767 10.95 0.12
2458493.2955503 11.05 0.14
2458493.2960711 11.05 0.14
2458493.2964184 10.97 0.13
2458493.2965920 11.09 0.14
2458493.2967656 10.98 0.13
2458493.2969392 10.96 0.13
2458493.2971128 10.96 0.13
2458493.2972864 11.08 0.14
2458493.2974600 11.01 0.13
2458493.2981545 11.06 0.14
2458493.2983281 11.17 0.15
2458493.2985017 11.00 0.13
2458493.2986753 11.20 0.16
2458493.2988489 11.22 0.16
2458493.2990225 11.11 0.14
2458493.2991961 11.16 0.15
2458493.2993697 10.99 0.13
2458493.2997170 10.87 0.12
2458493.2998906 11.03 0.14
2458493.3000642 11.09 0.14
2458493.3004114 11.23 0.16
2458493.3007586 10.99 0.13
2458493.3018931 11.08 0.14
2458493.3021591 11.16 0.15
2458493.3023327 11.03 0.14
2458493.3026799 11.10 0.14
2458493.3028536 11.10 0.14
2458493.3030272 11.05 0.14
2458493.3033744 11.12 0.15
2458493.3035480 11.03 0.13
2458493.3037216 11.03 0.13
2458493.3038952 11.12 0.15
2458493.3040688 11.03 0.13
2458493.3044161 10.98 0.13
2458493.3045897 11.04 0.13
2458493.3047633 10.96 0.12
2458493.3058049 11.00 0.13
2458493.3059785 11.01 0.13
2458493.3061522 11.05 0.14
2458493.3063258 11.14 0.15
2458493.3064994 11.04 0.13
2458493.3066730 11.06 0.14
2458493.3068466 10.98 0.13
2458493.3070202 11.07 0.14
2458493.3073674 10.92 0.12
2458493.3075410 11.02 0.13
2458493.3077147 11.02 0.13
2458493.3078883 11.09 0.14
2458493.3082355 10.99 0.13
2458493.3089299 10.85 0.11
2458493.3091036 11.02 0.13
2458493.3094508 10.92 0.12
2458493.3096244 11.04 0.13
2458493.3097980 10.95 0.12
2458493.3099716 11.05 0.13
2458493.3103188 10.99 0.13
2458493.3106661 11.11 0.14
2458493.3108397 11.04 0.13
2458493.3111869 11.00 0.13
2458493.3113605 11.01 0.13
2458493.3118813 11.01 0.13
2458493.3120549 10.95 0.12
2458493.3122298 11.02 0.13
2458493.3124033 11.00 0.13
2458493.3125767 11.06 0.14
2458493.3127502 11.00 0.13
2458493.3129236 10.94 0.12
2458493.3130971 11.09 0.14
2458493.3132705 11.14 0.15
2458493.3134439 10.90 0.12
2458493.3137910 11.11 0.14
2458493.3139647 11.11 0.14
2458493.3141383 11.08 0.14
2458493.3143119 11.10 0.14
2458493.3144855 11.02 0.13
2458493.3146591 11.11 0.14
2458493.3148327 11.08 0.14
2458493.3150063 11.03 0.13
2458493.3151799 11.30 0.17
2458493.3153535 11.03 0.13
2458493.3155272 11.11 0.14
2458493.3157008 11.13 0.14
2458493.3158744 11.05 0.13
2458493.3160480 11.04 0.13
2458493.3162216 10.99 0.13
2458493.3163952 11.00 0.13
2458493.3167424 11.06 0.13
2458493.3169161 11.07 0.14
2458493.3170897 11.07 0.14
2458493.3172633 11.07 0.14
2458493.3174369 11.13 0.14
2458493.3176105 11.04 0.13
2458493.3177841 11.04 0.13
2458493.3179577 11.07 0.14
2458493.3181313 11.06 0.13
2458493.3183049 10.90 0.12
2458493.3186522 11.06 0.13
2458493.3193466 10.94 0.12
2458493.3195202 11.14 0.14
2458493.3198674 11.09 0.14
2458493.3209091 11.04 0.13
2458493.3210827 10.84 0.11
2458493.3216035 11.01 0.13
2458493.3217772 10.93 0.12
2458493.3219508 11.05 0.13
2458493.3221244 11.23 0.16
2458493.3222980 11.29 0.17
2458493.3224716 11.05 0.13
2458493.3226452 11.04 0.13
2458493.3228188 11.08 0.14
2458493.3229924 11.15 0.15
2458493.3231662 10.99 0.13
2458493.3233397 11.05 0.13
2458493.3235133 10.99 0.13
2458493.3236869 10.93 0.12
2458493.3238605 11.14 0.14
2458493.3240341 10.84 0.11
2458493.3242090 11.02 0.13
2458493.3243824 10.95 0.12
2458493.3247293 10.97 0.12
2458493.3249028 10.94 0.12
2458493.3252497 11.03 0.13
2458493.3259438 10.87 0.11
2458493.3261174 10.99 0.13
2458493.3262911 11.00 0.13
2458493.3264647 11.06 0.13
2458493.3266383 11.06 0.13
2458493.3268119 11.10 0.14
2458493.3269855 11.12 0.14
2458493.3271591 11.21 0.15
2458493.3275063 11.05 0.13
2458493.3278536 11.09 0.14
2458493.3280272 10.98 0.12
2458493.3282008 10.96 0.12
2458493.3285480 11.14 0.14
2458493.3287216 11.00 0.13
2458493.3290688 11.20 0.15
2458493.3292430 11.09 0.14
2458493.3295897 11.19 0.15
2458493.3302841 11.11 0.14
2458493.3304577 10.85 0.11
2458493.3309785 11.17 0.15
2458493.3311522 10.99 0.13
2458493.3313258 11.11 0.14
2458493.3314994 11.07 0.14
2458493.3320202 10.99 0.13
2458493.3321938 11.06 0.13
2458493.3323674 11.12 0.14
2458493.3325411 11.02 0.13
2458493.3327147 11.03 0.13
2458493.3330619 10.82 0.11
2458493.3332355 11.03 0.13
2458493.3335827 11.20 0.15
2458493.3337563 11.07 0.14
2458493.3339299 11.11 0.14
2458493.3341036 10.98 0.12
2458493.3342772 11.01 0.13
2458493.3344508 10.93 0.12
2458493.3347980 11.10 0.14
2458493.3349716 11.17 0.15
2458493.3356661 11.12 0.14
2458493.3360133 10.99 0.13
2458493.3361882 11.03 0.13
2458493.3365351 10.94 0.12
2458493.3370554 11.02 0.13
2458493.3372288 11.13 0.14
2458493.3377494 11.04 0.13
2458493.3379230 11.07 0.14
2458493.3382702 11.08 0.14
2458493.3386174 11.01 0.13
2458493.3389647 11.00 0.13
2458493.3393119 11.02 0.13
2458493.3394855 11.09 0.14
2458493.3396591 11.01 0.13
2458493.3398327 11.06 0.13
2458493.3400063 11.05 0.14
2458493.3403536 10.94 0.12
2458493.3407008 11.07 0.14
2458493.3408744 10.95 0.12
2458493.3410480 11.04 0.13
2458493.3412216 10.93 0.12
2458493.3413952 10.99 0.13
2458493.3415688 10.89 0.12
2458493.3417424 10.93 0.12
2458493.3420897 11.11 0.14
2458493.3427841 11.04 0.13
2458493.3429577 10.91 0.12
2458493.3431313 11.08 0.14
2458493.3433049 11.01 0.13
2458493.3436522 11.18 0.15
2458493.3438258 11.05 0.14
2458493.3439994 10.89 0.12
2458493.3441730 10.97 0.13
2458493.3443466 11.09 0.14
2458493.3445202 11.05 0.14
2458493.3448674 10.94 0.12
2458493.3450410 11.00 0.13
2458493.3452147 11.13 0.15
2458493.3455619 10.96 0.13
2458493.3459091 11.11 0.14
2458493.3460827 10.92 0.12
2458493.3462563 11.10 0.14
2458493.3464299 11.10 0.14
2458493.3467772 11.11 0.14
2458493.3469508 11.13 0.14
2458493.3471244 11.05 0.14
2458493.3474716 11.09 0.14
2458493.3476452 11.00 0.13
2458493.3478188 11.13 0.15
2458493.3479924 11.12 0.15
2458493.3481673 11.06 0.14
2458493.3483408 10.90 0.12
2458493.3486876 11.05 0.14
2458493.3488611 11.17 0.15
2458493.3492080 11.05 0.14
2458493.3493814 10.95 0.12
2458493.3495549 11.15 0.15
2458493.3497286 10.98 0.13
2458493.3502494 10.89 0.12
2458493.3505966 11.08 0.14
2458493.3509438 11.17 0.15
2458493.3511174 10.94 0.12
2458493.3512911 11.10 0.14
2458493.3514647 11.17 0.15
2458493.3516383 11.07 0.14
2458493.3518119 10.99 0.13
2458493.3519855 11.08 0.14
2458493.3521591 11.17 0.15
2458493.3523327 11.05 0.13
2458493.3525063 11.04 0.13
2458493.3526799 11.30 0.17
2458493.3528535 11.02 0.13
2458493.3530272 11.16 0.15
2458493.3532008 11.08 0.14
2458493.3533744 10.94 0.12
2458493.3535480 10.92 0.12
2458493.3538952 11.13 0.14
2458493.3540688 11.12 0.14
2458493.3542424 10.97 0.12
2458493.3544160 11.16 0.15
2458493.3545897 11.12 0.14
2458493.3549369 11.18 0.15
2458493.3551105 11.16 0.15
2458493.3552841 11.02 0.13
2458493.3554577 11.06 0.14
2458493.3556313 11.18 0.15
2458493.3558049 11.01 0.13
2458493.3561522 11.08 0.14
2458493.3563258 10.96 0.12
2458493.3566730 11.15 0.15
2458493.3568466 11.03 0.13
2458493.3570202 11.05 0.13
2458493.3571938 11.01 0.13
2458493.3575411 11.15 0.15
2458493.3577147 11.05 0.13
2458493.3578883 11.11 0.14
2458493.3582355 11.05 0.13
2458493.3584091 11.06 0.14
2458493.3587563 11.21 0.16
2458493.3589299 11.18 0.15
2458493.3592772 11.14 0.15
2458493.3594508 11.19 0.15
2458493.3596244 11.10 0.14
2458493.3599716 11.27 0.16
2458493.3603199 11.11 0.14
2458493.3604934 11.00 0.13
2458493.3606668 11.06 0.14
2458493.3608403 11.04 0.13
2458493.3610137 11.04 0.13
2458493.3617077 10.81 0.11
2458493.3622285 11.08 0.14
2458493.3625758 11.05 0.13
2458493.3629230 10.81 0.11
2458493.3634438 11.05 0.13
2458493.3636174 10.98 0.13
2458493.3637911 10.98 0.13
2458493.3639647 11.02 0.13
2458493.3643119 10.90 0.12
2458493.3644855 11.01 0.13
2458493.3646591 11.17 0.15
2458493.3651799 11.01 0.13
2458493.3653536 10.97 0.12
2458493.3655272 11.01 0.13
2458493.3662216 10.87 0.11
2458493.3663952 11.19 0.15
2458493.3667424 10.96 0.13
2458493.3669161 11.09 0.14
2458493.3674369 11.00 0.13
2458493.3676105 10.98 0.13
2458493.3677841 11.02 0.13
2458493.3679577 10.94 0.12
2458493.3681313 10.90 0.12
2458493.3683049 10.87 0.12
2458493.3684785 11.09 0.14
2458493.3693466 10.97 0.13
2458493.3695202 11.10 0.14
2458493.3696938 10.96 0.13
2458493.3698674 11.04 0.14
2458493.3702147 11.03 0.13
2458493.3703883 11.06 0.14
2458493.3726460 10.85 0.11
2458493.3738605 10.95 0.13
2458493.3742077 11.07 0.14
2458493.3745549 11.13 0.15
2458493.3747286 10.89 0.12
2458493.3762910 11.03 0.13
2458493.3764647 11.08 0.14
2458493.3766383 10.99 0.13
2458493.3768119 10.82 0.11
2458493.3775063 11.08 0.14
2458493.3780272 10.98 0.13
2458493.3782008 10.97 0.13
2458493.3783744 11.09 0.14
2458493.3787216 11.07 0.14
2458493.3788952 10.90 0.12
2458493.3790688 11.04 0.14
2458493.3794161 10.99 0.13
2458493.3795897 11.03 0.14
2458493.3797633 11.05 0.14
2458493.3799369 11.03 0.14
2458493.3802841 10.95 0.13
2458493.3804577 11.12 0.15
2458493.3809786 11.06 0.14
2458493.3811522 10.85 0.12
2458493.3813258 11.10 0.15
2458493.3814994 11.15 0.15
2458493.3816730 11.08 0.14
2458493.3818466 11.15 0.15
2458493.3821938 10.93 0.13
2458493.3823674 10.83 0.11
2458493.3825411 11.08 0.14
2458493.3828883 10.92 0.13
2458493.3837563 11.11 0.15
2458493.3839313 11.20 0.16
2458493.3841048 10.99 0.13
2458493.3853189 10.94 0.13
2458493.3854924 10.99 0.13
2458493.3856660 11.11 0.15
2458493.3858397 11.17 0.16
2458493.3860133 11.10 0.15
2458493.3861869 11.02 0.14
2458493.3863605 11.00 0.13
2458493.3865341 11.09 0.14
2458493.3867077 11.20 0.16
2458493.3868813 11.04 0.14
2458493.3870549 11.11 0.15
2458493.3872286 11.18 0.16
2458493.3874022 10.92 0.12
2458493.3875758 10.93 0.13
2458493.3877494 11.06 0.14
2458493.3879230 10.90 0.12
2458493.3880966 11.03 0.14
2458493.3882702 11.11 0.15
2458493.3884438 10.99 0.13
2458493.3887911 11.14 0.15
2458493.3889647 10.94 0.13
2458493.3894855 10.96 0.13
2458493.3896591 11.16 0.16
2458493.3898327 11.23 0.17
2458493.3901799 11.01 0.14
2458493.3903536 10.99 0.13
2458493.3907008 11.08 0.14
2458493.3908744 10.97 0.13
2458493.3910480 11.17 0.16
2458493.3920897 11.01 0.14
2458493.3924369 11.16 0.16
2458493.3926105 11.03 0.14
2458493.3929577 11.16 0.16
2458493.3931313 10.91 0.13
2458493.3939994 11.07 0.15
2458493.3948674 11.05 0.14
2458493.3950411 10.91 0.13
2458493.3953883 11.18 0.16
2458493.3955619 10.94 0.13
2458493.3957355 11.04 0.14
2458493.3959105 11.12 0.15
2458493.3960839 11.00 0.14
2458493.3969511 10.95 0.13
2458493.3974716 10.90 0.13
2458493.3976452 10.96 0.13
2458493.3981661 11.03 0.14
2458493.3983397 11.12 0.15
2458493.3986869 11.06 0.14
2458493.3988605 11.14 0.16
2458493.4004230 11.10 0.15
2458493.4011174 11.11 0.15
2458493.4014647 11.04 0.14
2458493.4016383 11.11 0.15
2458493.4018119 10.95 0.13
2458493.4019855 11.06 0.15
2458493.4021591 10.95 0.13
2458493.4023327 11.17 0.16
2458493.4025063 10.96 0.13
2458493.4032008 10.99 0.14
2458493.4042424 11.04 0.14
2458493.4044161 11.01 0.14
2458493.4051105 11.08 0.15
2458493.4054577 11.01 0.14
2458493.4071938 11.11 0.15
2458493.4089302 11.20 0.17
2458493.4092772 11.03 0.14
2458493.4104924 11.13 0.16
2458493.4106661 11.20 0.17
2458493.4113605 11.03 0.15
2458493.4118813 10.89 0.13
2458493.4124022 10.92 0.13
2458493.4125758 10.92 0.13
2458493.4129230 11.02 0.15
2458493.4134438 10.95 0.14
2458493.4136174 10.86 0.13
2458493.4137911 11.15 0.16
2458493.4139647 11.02 0.15
2458493.4141383 10.85 0.13
2458493.4150063 10.98 0.14
2458495.1847633 10.77 0.16
2458495.1870202 10.83 0.16
2458495.1951809 10.69 0.14
2458495.1991730 10.89 0.17
2458495.1996938 10.79 0.15
2458495.2007355 10.82 0.16
2458495.2127147 10.88 0.17
2458495.2203536 10.93 0.17
2458495.2219161 10.80 0.15
2458495.2321591 10.88 0.16
2458495.2325063 11.01 0.18
2458495.2330272 10.84 0.15
2458495.2332008 10.86 0.16
2458495.2333744 10.77 0.14
2458495.2335480 10.91 0.16
2458495.2392772 11.01 0.18
2458495.2411869 10.86 0.16
2458495.2418813 10.77 0.14
2458495.2467424 10.80 0.14
2458495.2472633 10.89 0.16
2458495.2479577 10.80 0.15
2458495.2514299 10.90 0.16
2458495.2516036 10.83 0.15
2458495.2531661 10.89 0.16
2458495.2561175 10.91 0.16
2458495.2588952 10.89 0.15
2458495.2592424 10.86 0.15
2458495.2595897 10.95 0.16
2458495.2602841 10.89 0.15
2458495.2720897 10.86 0.15
2458495.2793822 10.75 0.13
2458495.2812911 10.81 0.14
2458495.2830272 11.03 0.17
2458495.2894508 10.87 0.15
2458495.2901452 10.95 0.16
2458495.2951799 10.86 0.15
2458495.2960480 11.04 0.17
2458495.2965688 10.25 0.08
2458495.2969160 11.02 0.17
2458495.2977841 10.75 0.13
2458495.3021244 10.86 0.15
2458495.3113258 10.78 0.14
2458495.3116730 10.88 0.15
2458495.3127147 10.85 0.15
2458495.3128883 10.90 0.15
2458495.3153198 11.02 0.17
2458498.1666972 10.88 0.15
2458498.1689531 10.95 0.15
2458498.1710364 10.93 0.15
2458498.1765920 10.98 0.15
2458498.1786763 10.92 0.14
2458498.1805850 10.88 0.13
2458498.1812795 11.01 0.15
2458498.1818003 10.93 0.14
2458498.1819739 10.95 0.14
2458498.1821475 10.93 0.14
2458498.1823211 11.04 0.16
2458498.1840572 10.93 0.14
2458498.1901336 10.93 0.14
2458498.1911753 11.07 0.16
2458498.1915225 10.91 0.14
2458498.1920434 10.89 0.13
2458498.1927378 11.09 0.16
2458498.1930850 10.86 0.13
2458498.1932586 11.00 0.15
2458498.1934322 10.96 0.14
2458498.1936059 11.08 0.16
2458498.1937795 10.97 0.14
2458498.1939531 11.23 0.18
2458498.1943003 11.15 0.17
2458498.1946475 11.15 0.17
2458498.1951684 11.05 0.15
2458498.1953420 11.08 0.16
2458498.1967315 11.11 0.16
2458498.1977725 10.99 0.14
2458498.1979461 11.06 0.15
2458498.1991614 11.12 0.16
2458498.1993350 11.01 0.14
2458498.1996822 10.97 0.14
2458498.2000295 10.99 0.14
2458498.2003767 11.11 0.15
2458498.2014184 10.93 0.13
2458498.2019392 11.14 0.16
2458498.2021128 11.08 0.15
2458498.2022864 11.16 0.16
2458498.2029809 10.93 0.13
2458498.2040225 11.03 0.14
2458498.2057586 11.04 0.14
2458498.2062795 10.99 0.14
2458498.2071475 11.11 0.15
2458498.2083638 11.07 0.15
2458498.2097517 11.19 0.16
2458498.2099253 10.94 0.13
2458498.2100989 11.08 0.15
2458498.2102725 11.21 0.17
2458498.2111406 10.94 0.13
2458498.2113142 11.09 0.15
2458498.2116614 11.19 0.16
2458498.2121823 11.02 0.14
2458498.2125295 11.06 0.14
2458498.2133975 11.05 0.14
2458498.2149600 10.95 0.13
2458498.2151336 11.02 0.14
2458498.2154809 10.97 0.13
2458498.2161753 10.86 0.12
2458498.2163489 10.94 0.13
2458498.2168697 11.14 0.15
2458498.2172170 11.12 0.15
2458498.2173906 11.03 0.14
2458498.2175642 10.98 0.13
2458498.2177378 11.16 0.16
2458498.2180850 11.03 0.14
2458498.2182586 11.12 0.15
2458498.2184322 11.12 0.15
2458498.2186059 11.14 0.15
2458498.2187795 10.91 0.13
2458498.2189531 11.20 0.16
2458498.2194739 11.17 0.16
2458498.2196475 11.03 0.14
2458498.2201694 11.08 0.14
2458498.2203429 11.18 0.16
2458498.2205163 11.13 0.15
2458498.2210366 10.90 0.12
2458498.2212101 11.13 0.15
2458498.2213836 10.98 0.14
2458498.2215573 10.98 0.13
2458498.2217309 10.85 0.12
2458498.2220781 11.20 0.16
2458498.2222517 11.18 0.16
2458498.2225989 11.09 0.14
2458498.2229461 11.15 0.15
2458498.2231197 11.03 0.14
2458498.2232934 11.13 0.15
2458498.2234670 10.87 0.12
2458498.2239878 11.08 0.14
2458498.2241614 11.00 0.13
2458498.2245086 10.81 0.11
2458498.2246822 11.00 0.13
2458498.2248559 11.30 0.17
2458498.2255503 10.96 0.13
2458498.2257239 10.93 0.12
2458498.2258975 11.08 0.14
2458498.2260711 11.00 0.13
2458498.2269392 11.15 0.15
2458498.2271128 11.12 0.15
2458498.2272864 11.04 0.14
2458498.2285017 11.02 0.14
2458498.2290225 11.03 0.14
2458498.2293698 10.91 0.12
2458498.2298906 11.10 0.15
2458498.2302378 11.11 0.15
2458498.2311059 11.00 0.14
2458498.2324954 11.03 0.14
2458498.2330157 10.82 0.12
2458498.2333628 10.97 0.14
2458498.2337100 10.95 0.13
2458498.2342309 10.99 0.14
2458498.2344045 11.02 0.14
2458498.2345781 10.99 0.14
2458498.2347517 11.05 0.14
2458498.2350989 11.07 0.15
2458498.2357934 11.09 0.15
2458498.2359670 11.02 0.14
2458498.2364878 10.92 0.13
2458498.2368350 11.11 0.15
2458498.2373559 11.11 0.16
2458498.2378767 10.98 0.14
2458498.2380503 11.16 0.16
2458498.2383975 11.19 0.17
2458498.2385711 11.08 0.15
2458498.2399600 11.02 0.14
2458498.2401336 11.04 0.15
2458498.2406545 11.17 0.17
2458498.2408281 11.10 0.16
2458498.2410017 11.12 0.16
2458498.2427378 10.98 0.14
2458498.2446479 10.90 0.13
2458498.2448214 10.96 0.14
2458498.2451684 11.11 0.16
2458498.2453420 11.04 0.15
2458498.2456892 11.04 0.15
2458498.2462100 11.06 0.15
2458498.2463836 10.89 0.13
2458498.2467309 10.95 0.14
2458498.2472517 10.96 0.14
2458498.2479461 11.17 0.16
2458498.2482934 10.99 0.14
2458498.2502031 11.03 0.15
2458498.2503767 11.05 0.15
2458498.2510711 11.15 0.17
2458498.2512448 11.11 0.16
2458498.2515920 10.94 0.14
2458498.2519392 11.04 0.15
2458498.2521128 10.99 0.15
2458498.2522864 11.04 0.15
2458498.2524600 11.08 0.16
2458498.2528073 10.96 0.14
2458498.2538489 11.05 0.15
2458498.2541961 10.93 0.14
2458498.2543697 11.06 0.16
2458498.2545434 10.85 0.13
2458498.2552378 11.15 0.17
2458498.2554114 11.05 0.15
2458498.2555863 10.80 0.12
2458498.2557598 10.82 0.12
2458498.2559332 11.07 0.15
2458498.2562801 10.94 0.13
2458498.2564535 11.04 0.15
2458498.2568004 11.01 0.15
2458498.2569739 11.01 0.15
2458498.2571475 10.99 0.14
2458498.2581892 11.03 0.15
2458498.2588836 10.87 0.13
2458498.2602725 10.96 0.14
2458498.2606198 10.96 0.14
2458498.2623559 10.99 0.14
2458498.2627031 10.97 0.12
2458498.2628767 11.09 0.13
2458498.2630503 11.05 0.12
2458498.2632239 11.09 0.13
2458498.2633975 10.93 0.11
2458498.2635711 11.10 0.13
2458498.2637447 11.11 0.13
2458498.2639184 11.01 0.12
2458498.2640920 11.10 0.13
2458498.2644392 11.09 0.13
2458498.2646128 11.04 0.12
2458498.2647864 11.23 0.15
2458498.2649600 11.19 0.15
2458498.2651336 10.97 0.12
2458498.2653072 11.04 0.13
2458498.2654809 10.95 0.12
2458498.2656545 11.02 0.12
2458498.2658281 10.97 0.12
2458498.2660017 11.02 0.12
2458498.2661753 11.11 0.13
2458498.2663489 11.04 0.13
2458498.2665225 11.16 0.14
2458498.2666961 11.15 0.14
2458498.2668698 11.10 0.13
2458498.2670434 11.01 0.12
2458498.2672170 11.28 0.16
2458498.2673906 10.92 0.11
2458498.2675655 11.23 0.15
2458498.2677389 11.19 0.14
2458498.2679124 11.16 0.14
2458498.2682593 10.86 0.11
2458498.2684327 10.83 0.10
2458498.2686062 11.06 0.13
2458498.2687796 10.95 0.11
2458498.2689531 11.15 0.14
2458498.2691267 10.97 0.12
2458498.2696475 11.13 0.13
2458498.2701684 11.14 0.13
2458498.2703420 11.21 0.14
2458498.2705156 11.11 0.13
2458498.2706892 11.09 0.13
2458498.2708628 11.05 0.12
2458498.2710364 11.07 0.13
2458498.2712100 10.95 0.11
2458498.2715572 10.87 0.10
2458498.2717309 11.15 0.14
2458498.2719045 11.12 0.13
2458498.2720781 11.17 0.14
2458498.2722517 11.12 0.13
2458498.2724253 11.13 0.13
2458498.2725989 11.10 0.13
2458498.2727725 11.00 0.12
2458498.2729461 10.98 0.11
2458498.2731197 11.01 0.12
2458498.2734670 11.13 0.13
2458498.2736406 10.93 0.11
2458498.2738142 11.11 0.13
2458498.2739878 11.25 0.15
2458498.2741614 11.23 0.14
2458498.2743350 11.01 0.12
2458498.2746823 11.07 0.13
2458498.2748559 11.15 0.13
2458498.2750295 10.84 0.10
2458498.2753767 10.93 0.11
2458498.2755503 11.10 0.13
2458498.2758975 11.03 0.12
2458498.2760711 11.15 0.13
2458498.2762448 10.90 0.11
2458498.2767656 11.04 0.12
2458498.2769392 10.99 0.12
2458498.2776336 10.96 0.11
2458498.2779809 11.15 0.14
2458498.2781545 11.07 0.13
2458498.2783281 11.24 0.15
2458498.2785017 11.15 0.14
2458498.2786753 11.05 0.12
2458498.2788489 10.93 0.11
2458498.2790225 10.81 0.10
2458498.2791961 10.99 0.12
2458498.2793697 11.10 0.13
2458498.2797182 11.07 0.13
2458498.2798916 11.01 0.12
2458498.2800651 11.04 0.12
2458498.2802385 11.03 0.12
2458498.2804120 11.07 0.13
2458498.2805854 11.04 0.12
2458498.2807589 11.05 0.13
2458498.2809323 11.14 0.14
2458498.2811059 11.27 0.15
2458498.2812795 11.17 0.14
2458498.2814531 11.25 0.15
2458498.2818003 10.92 0.11
2458498.2819739 11.15 0.14
2458498.2823211 10.97 0.12
2458498.2824948 11.12 0.14
2458498.2826684 11.27 0.15
2458498.2830156 10.95 0.12
2458498.2831892 11.21 0.15
2458498.2835364 11.01 0.12
2458498.2837100 10.85 0.11
2458498.2838836 10.96 0.11
2458498.2840573 11.18 0.14
2458498.2842309 11.19 0.14
2458498.2844045 11.08 0.13
2458498.2845781 11.06 0.13
2458498.2847517 11.10 0.13
2458498.2849253 10.99 0.12
2458498.2850989 11.31 0.16
2458498.2852725 11.06 0.13
2458498.2854461 11.18 0.14
2458498.2856197 11.22 0.15
2458498.2857934 11.11 0.13
2458498.2861406 11.02 0.12
2458498.2864878 11.18 0.14
2458498.2866614 11.03 0.12
2458498.2868350 11.20 0.15
2458498.2875295 11.13 0.14
2458498.2877031 10.96 0.12
2458498.2878767 11.15 0.14
2458498.2880503 11.12 0.14
2458498.2882239 11.14 0.14
2458498.2883975 11.20 0.15
2458498.2885711 11.18 0.15
2458498.2887447 11.11 0.13
2458498.2889184 11.05 0.13
2458498.2890920 11.03 0.13
2458498.2892656 10.99 0.12
2458498.2894392 11.14 0.14
2458498.2896128 11.01 0.12
2458498.2899600 11.15 0.14
2458498.2903073 11.14 0.14
2458498.2904809 11.15 0.14
2458498.2906545 11.00 0.12
2458498.2908281 11.23 0.15
2458498.2911753 10.84 0.11
2458498.2913489 11.04 0.13
2458498.2915239 10.95 0.12
2458498.2918708 11.01 0.12
2458498.2923912 11.09 0.13
2458498.2925646 11.17 0.15
2458498.2929115 11.02 0.13
2458498.2932586 11.10 0.14
2458498.2934322 11.13 0.14
2458498.2936059 11.10 0.14
2458498.2939531 11.20 0.15
2458498.2943003 10.93 0.12
2458498.2944739 10.98 0.13
2458498.2948211 11.13 0.15
2458498.2949947 11.03 0.13
2458498.2953420 11.07 0.13
2458498.2960364 11.10 0.13
2458498.2962100 11.03 0.13
2458498.2965572 11.09 0.13
2458498.2967309 11.11 0.14
2458498.2969045 11.00 0.12
2458498.2970781 11.15 0.14
2458498.2975989 11.18 0.14
2458498.2977725 11.22 0.15
2458498.2979461 11.29 0.16
2458498.2981198 11.15 0.14
2458498.2982934 11.05 0.13
2458498.2984670 10.92 0.12
2458498.2986406 11.02 0.12
2458498.2989878 10.98 0.12
2458498.2993350 11.06 0.13
2458498.2995086 11.13 0.14
2458498.2996823 11.20 0.15
2458498.2998559 10.84 0.11
2458498.3002031 11.15 0.14
2458498.3005503 11.18 0.14
2458498.3007239 11.14 0.14
2458498.3008975 11.20 0.15
2458498.3012447 11.24 0.16
2458498.3014184 11.13 0.14
2458498.3015920 11.17 0.15
2458498.3017656 10.99 0.12
2458498.3021128 11.16 0.14
2458498.3022864 11.18 0.14
2458498.3024600 11.12 0.14
2458498.3031545 11.20 0.15
2458498.3033281 11.16 0.14
2458498.3035017 10.97 0.12
2458498.3036766 11.11 0.13
2458498.3040235 11.16 0.14
2458498.3041969 11.13 0.14
2458498.3043703 11.02 0.12
2458498.3045438 11.10 0.13
2458498.3048907 11.10 0.13
2458498.3050642 11.12 0.14
2458498.3052378 11.06 0.13
2458498.3054114 10.89 0.11
2458498.3055850 11.15 0.14
2458498.3059323 10.91 0.11
2458498.3061059 11.19 0.15
2458498.3062795 11.15 0.14
2458498.3066267 11.09 0.13
2458498.3068003 10.98 0.12
2458498.3073211 11.08 0.13
2458498.3076684 11.13 0.14
2458498.3081892 10.92 0.12
2458498.3085364 11.07 0.13
2458498.3088836 11.10 0.14
2458498.3092309 11.01 0.13
2458498.3095781 11.13 0.14
2458498.3102725 11.12 0.14
2458498.3104461 10.89 0.11
2458498.3106197 11.08 0.14
2458498.3113142 10.84 0.11
2458498.3118350 11.17 0.15
2458498.3120086 11.04 0.13
2458498.3121822 11.05 0.13
2458498.3125295 11.20 0.15
2458498.3127031 11.16 0.15
2458498.3128767 11.01 0.13
2458498.3132239 11.14 0.14
2458498.3133975 11.08 0.14
2458498.3137448 11.06 0.13
2458498.3139184 11.12 0.14
2458498.3140920 10.96 0.12
2458498.3142656 11.08 0.14
2458498.3144392 11.09 0.13
2458498.3147864 11.00 0.13
2458498.3149600 10.95 0.12
2458498.3153073 10.86 0.11
2458498.3154809 11.05 0.13
2458498.3158292 11.04 0.13
2458498.3165230 10.99 0.13
2458498.3166965 10.93 0.12
2458498.3168699 11.04 0.13
2458498.3170434 11.05 0.13
2458498.3175642 11.11 0.14
2458498.3177378 11.06 0.13
2458498.3179114 11.18 0.15
2458498.3180850 11.07 0.13
2458500.2350758 10.95 0.16
2458500.2375063 10.86 0.15
2458500.2378536 10.86 0.15
2458500.2401105 11.04 0.17
2458500.2402841 11.03 0.17
2458500.2416730 10.87 0.15
2458500.2418466 10.97 0.16
2458500.2430619 10.78 0.13
2458500.2474022 11.19 0.18
2458500.2484438 11.02 0.16
2458500.2487910 11.03 0.16
2458500.2493119 10.96 0.15
2458500.2515688 10.98 0.15
2458500.2524369 10.93 0.15
2458500.2527841 11.02 0.16
2458500.2529577 11.13 0.18
2458500.2531313 10.97 0.15
2458500.2534786 11.08 0.17
2458500.2539994 11.07 0.17
2458500.2546938 10.91 0.14
2458500.2548674 11.10 0.17
2458500.2552147 10.97 0.15
2458500.2553883 10.88 0.14
2458500.2569515 11.01 0.16
2458500.2572984 10.95 0.15
2458500.2586869 10.91 0.14
2458500.2590341 10.75 0.12
2458500.2592077 10.93 0.15
2458500.2602494 11.09 0.16
2458500.2611174 10.91 0.14
2458500.2618119 10.85 0.13
2458500.2626799 11.03 0.15
2458500.2635480 10.87 0.13
2458500.2637216 10.97 0.15
2458500.2638952 11.02 0.15
2458500.2644160 11.00 0.15
2458500.2656313 11.01 0.15
2458500.2659785 10.99 0.15
2458500.2661522 10.97 0.14
2458500.2678883 10.97 0.14
2458500.2682355 11.03 0.15
2458500.2685839 10.84 0.13
2458500.2687573 10.89 0.13
2458500.2689307 10.85 0.13
2458500.2691042 11.02 0.15
2458500.2692776 10.98 0.14
2458500.2694511 11.04 0.15
2458500.2696245 10.88 0.13
2458500.2699716 11.01 0.15
2458500.2701452 11.07 0.16
2458500.2703188 10.93 0.14
2458500.2706661 10.97 0.14
2458500.2708397 10.85 0.13
2458500.2710133 10.99 0.15
2458500.2711869 10.91 0.14
2458500.2717077 10.96 0.14
2458500.2718813 10.84 0.13
2458500.2720549 11.03 0.15
2458500.2724022 11.01 0.15
2458500.2741383 10.97 0.14
2458500.2750063 10.95 0.14
2458500.2751799 11.08 0.16
2458500.2757008 11.05 0.15
2458500.2758744 11.14 0.17
2458500.2762216 11.08 0.15
2458500.2763952 10.91 0.13
2458500.2765688 10.96 0.14
2458500.2769161 10.93 0.14
2458500.2774369 10.95 0.14
2458500.2776105 11.00 0.15
2458500.2777841 10.91 0.14
2458500.2786522 10.91 0.14
2458500.2791730 10.78 0.12
2458500.2798674 10.94 0.14
2458500.2816037 10.90 0.13
2458500.2817772 10.96 0.14
2458500.2819508 10.91 0.14
2458500.2822980 11.00 0.14
2458500.2835133 10.91 0.13
2458500.2842077 10.94 0.14
2458500.2845549 10.93 0.14
2458500.2849022 11.15 0.17
2458500.2852494 11.07 0.15
2458500.2857702 10.95 0.14
2458500.2859438 10.85 0.13
2458500.2864647 11.05 0.15
2458500.2873327 10.92 0.14
2458500.2875063 11.04 0.15
2458500.2878535 10.88 0.13
2458500.2887216 11.12 0.16
2458500.2890688 11.07 0.15
2458500.2892424 11.03 0.15
2458500.2894160 10.76 0.11
2458500.2895897 10.87 0.13
2458500.2897633 11.08 0.15
2458500.2902841 10.96 0.14
2458500.2908049 11.26 0.18
2458500.2911522 11.06 0.15
2458500.2913258 10.99 0.14
2458500.2920202 11.01 0.14
2458500.2927157 10.94 0.13
2458500.2928892 11.00 0.14
2458500.2932360 10.98 0.13
2458500.2934095 11.10 0.15