2458467.3673723 11.00 0.14
2458467.3677195 10.93 0.13
2458467.3682403 10.97 0.14
2458467.3684139 11.03 0.15
2458467.3685875 10.98 0.14
2458467.3689347 10.90 0.13
2458467.3694556 10.67 0.11
2458467.3696292 10.79 0.12
2458467.3698028 11.04 0.15
2458467.3699764 10.89 0.13
2458467.3701500 10.89 0.13
2458467.3710181 10.77 0.12
2458467.3711917 11.00 0.15
2458467.3713653 11.08 0.16
2458467.3715389 10.94 0.14
2458467.3717125 10.87 0.13
2458467.3718861 10.83 0.13
2458467.3725806 10.97 0.14
2458467.3729278 10.75 0.12
2458467.3736223 11.01 0.15
2458467.3743167 10.96 0.14
2458467.3744903 10.85 0.13
2458467.3746639 10.88 0.13
2458467.3750111 10.88 0.13
2458467.3751848 10.57 0.10
2458467.3753584 10.94 0.14
2458467.3758801 10.89 0.13
2458467.3760536 10.86 0.13
2458467.3764005 10.85 0.13
2458467.3765739 10.97 0.14
2458467.3769209 10.77 0.12
2458467.3772681 11.06 0.15
2458467.3774417 10.88 0.13
2458467.3776153 10.78 0.12
2458467.3777889 11.06 0.16
2458467.3779625 10.88 0.13
2458467.3781361 10.93 0.14
2458467.3783097 10.86 0.13
2458467.3784834 10.72 0.11
2458467.3786570 11.03 0.15
2458467.3788306 10.93 0.14
2458467.3790042 11.04 0.15
2458467.3791778 10.65 0.11
2458467.3803931 11.02 0.15
2458467.3805667 10.90 0.13
2458467.3809139 10.82 0.13
2458467.3810875 10.91 0.14
2458467.3812611 10.88 0.13
2458467.3814348 10.81 0.12
2458467.3817820 10.85 0.13
2458467.3819556 10.94 0.14
2458467.3821292 10.79 0.12
2458467.3823028 10.97 0.14
2458467.3824764 11.01 0.15
2458467.3826500 10.87 0.13
2458467.3828236 10.98 0.14
2458467.3829973 10.95 0.14
2458467.3831709 11.07 0.16
2458467.3833445 10.93 0.14
2458467.3835181 10.97 0.14
2458467.3836917 10.94 0.14
2458467.3838653 10.77 0.12
2458467.3840389 10.95 0.14
2458467.3842125 10.88 0.13
2458467.3843861 10.85 0.13
2458467.3845597 10.96 0.14
2458467.3847334 11.13 0.17
2458467.3849070 11.03 0.15
2458467.3852542 10.98 0.15
2458467.3856014 10.91 0.14
2458467.3857750 10.94 0.14
2458467.3859486 10.93 0.14
2458467.3861222 10.98 0.15
2458467.3871639 10.93 0.14
2458467.3873389 10.99 0.15
2458467.3876858 10.84 0.13
2458467.3880327 10.97 0.15
2458467.3882061 10.86 0.13
2458467.3883795 10.84 0.13
2458467.3887264 10.99 0.15
2458467.3892473 11.09 0.16
2458467.3894209 10.94 0.14
2458467.3897681 11.02 0.15
2458467.3899417 10.93 0.14
2458467.3902889 10.91 0.14
2458467.3908098 10.94 0.14
2458467.3916778 10.95 0.14
2458467.3920250 10.81 0.13
2458467.3928931 10.74 0.12
2458467.3932403 10.96 0.14
2458467.3934139 10.96 0.15
2458467.3935875 10.88 0.14
2458467.3937611 11.06 0.16
2458467.3939347 11.00 0.15
2458467.3941084 10.83 0.13
2458467.3942820 10.90 0.14
2458467.3946292 10.96 0.15
2458467.3949764 10.80 0.13
2458467.3951500 10.89 0.14
2458467.3960181 10.74 0.12
2458467.3967125 10.92 0.14
2458467.3970598 10.88 0.14
2458467.3972334 10.88 0.14
2458467.3974070 10.97 0.15
2458467.3977542 10.85 0.13
2458467.3979278 10.94 0.14
2458467.3981014 10.94 0.14
2458467.3986223 10.86 0.13
2458467.3987959 10.97 0.14
2458467.3989695 10.78 0.12
2458467.3991431 10.95 0.14
2458467.3993180 10.85 0.13
2458467.3998383 10.86 0.13
2458467.4000118 10.86 0.13
2458467.4001852 10.98 0.15
2458467.4003586 10.96 0.15
2458467.4005321 10.92 0.14
2458467.4010528 10.97 0.15
2458467.4012264 10.90 0.14
2458467.4015736 11.05 0.16
2458467.4017472 11.13 0.17
2458467.4019209 10.71 0.12
2458467.4024417 10.85 0.13
2458467.4026153 10.90 0.14
2458467.4027889 10.82 0.13
2458467.4031361 10.88 0.14
2458467.4033098 10.85 0.13
2458467.4041778 11.03 0.15
2458467.4046986 10.99 0.15
2458467.4050459 10.78 0.13
2458467.4052195 10.90 0.14
2458467.4053931 10.87 0.14
2458467.4055667 10.82 0.13
2458467.4057403 10.91 0.14
2458467.4060875 11.02 0.15
2458467.4062611 10.88 0.14
2458467.4064348 10.93 0.14
2458467.4067820 10.95 0.14
2458467.4069556 11.02 0.15
2458467.4071292 10.94 0.14
2458467.4074764 11.01 0.15
2458467.4076500 10.93 0.14
2458467.4078236 10.95 0.15
2458467.4079972 10.87 0.13
2458467.4081709 10.80 0.13
2458467.4086917 10.86 0.13
2458467.4088653 10.84 0.13
2458467.4090389 11.11 0.17
2458467.4092125 10.82 0.13
2458467.4099070 10.74 0.12
2458467.4106014 10.89 0.14
2458467.4107750 10.87 0.14
2458467.4109486 10.69 0.11
2458467.4116440 10.91 0.14
2458467.4123377 11.06 0.16
2458467.4126848 10.98 0.15
2458467.4128584 11.03 0.16
2458467.4130320 11.00 0.15
2458467.4132056 11.09 0.17
2458467.4133792 10.87 0.14
2458467.4135528 10.95 0.15
2458467.4137264 10.87 0.14
2458467.4139000 10.94 0.14
2458467.4140736 11.08 0.17
2458467.4142473 10.88 0.14
2458467.4147681 11.01 0.15
2458467.4149417 10.91 0.14
2458467.4151153 10.96 0.15
2458467.4158097 10.89 0.14
2458467.4189348 10.93 0.15
2458467.4194556 10.95 0.15
2458467.4196292 10.92 0.15
2458467.4198028 10.84 0.14
2458467.4203236 10.99 0.16
2458467.4204973 10.91 0.15
2458488.3044163 10.84 0.12
2458488.3045899 11.03 0.14
2458488.3047635 11.14 0.15
2458488.3049371 10.98 0.13
2458488.3051107 10.93 0.13
2458488.3052844 10.95 0.13
2458488.3054579 10.98 0.13
2458488.3056316 11.04 0.14
2458488.3058052 10.98 0.13
2458488.3059788 11.11 0.15
2458488.3061524 10.92 0.12
2458488.3063260 10.80 0.11
2458488.3066732 10.86 0.12
2458488.3068468 10.87 0.12
2458488.3070205 10.78 0.11
2458488.3071941 11.07 0.14
2458488.3073677 11.01 0.14
2458488.3075413 10.97 0.13
2458488.3077149 10.77 0.11
2458488.3078885 10.95 0.13
2458488.3080621 11.02 0.14
2458488.3082357 10.95 0.13
2458488.3084093 10.87 0.12
2458488.3089302 11.01 0.14
2458488.3091038 10.90 0.12
2458488.3092788 10.89 0.12
2458488.3094522 10.83 0.12
2458488.3096257 10.86 0.12
2458488.3097991 10.85 0.12
2458488.3099726 11.07 0.14
2458488.3101460 10.82 0.11
2458488.3103194 11.06 0.14
2458488.3104929 10.96 0.13
2458488.3106663 10.87 0.12
2458488.3108399 11.07 0.15
2458488.3110135 11.01 0.14
2458488.3111871 11.11 0.15
2458488.3115344 10.90 0.13
2458488.3117080 10.94 0.13
2458488.3118816 10.93 0.13
2458488.3122288 10.86 0.12
2458488.3124024 10.66 0.10
2458488.3125760 10.97 0.13
2458488.3127496 10.96 0.13
2458488.3129232 10.91 0.13
2458488.3130969 10.81 0.12
2458488.3132705 10.77 0.11
2458488.3134441 11.07 0.15
2458488.3137913 10.96 0.13
2458488.3139649 11.01 0.14
2458488.3141385 10.94 0.13
2458488.3143121 10.85 0.12
2458488.3144857 11.02 0.14
2458488.3146593 10.79 0.11
2458488.3148330 10.91 0.13
2458488.3150066 10.91 0.13
2458488.3151802 11.01 0.14
2458488.3153538 10.83 0.12
2458488.3155274 11.19 0.16
2458488.3157010 11.22 0.17
2458488.3158746 10.84 0.12
2458488.3162218 11.08 0.15
2458488.3163955 10.80 0.12
2458488.3165691 10.73 0.11
2458488.3167427 11.13 0.16
2458488.3169163 11.06 0.15
2458488.3172635 11.05 0.15
2458488.3174371 11.09 0.15
2458488.3176107 10.84 0.12
2458488.3177844 10.94 0.13
2458488.3179580 11.01 0.14
2458488.3181316 10.96 0.13
2458488.3183052 11.01 0.14
2458488.3184788 11.12 0.16
2458488.3186524 10.81 0.12
2458488.3188260 10.92 0.13
2458488.3189996 11.05 0.15
2458488.3191732 10.98 0.14
2458488.3193469 10.97 0.14
2458488.3195205 10.91 0.13
2458488.3196941 10.97 0.14
2458488.3198677 10.95 0.13
2458488.3200413 10.99 0.14
2458488.3202149 10.67 0.10
2458488.3203885 11.04 0.15
2458488.3207357 11.11 0.16
2458488.3209094 11.15 0.16
2458488.3210830 11.07 0.15
2458488.3212579 11.13 0.16
2458488.3216048 11.03 0.14
2458488.3217783 10.93 0.13
2458488.3219517 10.92 0.13
2458488.3221252 11.16 0.16
2458488.3222986 10.85 0.12
2458488.3224720 10.89 0.13
2458488.3228191 10.92 0.13
2458488.3229927 10.76 0.11
2458488.3231663 11.01 0.14
2458488.3233399 10.79 0.12
2458488.3235135 10.95 0.14
2458488.3236871 11.04 0.15
2458488.3238607 10.97 0.14
2458488.3240343 10.93 0.13
2458488.3242080 11.02 0.14
2458488.3243816 10.87 0.13
2458488.3247288 10.96 0.14
2458488.3250760 11.10 0.16
2458488.3252496 10.86 0.13
2458488.3254232 10.89 0.13
2458488.3255969 10.93 0.14
2458488.3261177 11.07 0.15
2458488.3262913 10.84 0.12
2458488.3264649 10.92 0.13
2458488.3266385 10.97 0.14
2458488.3268121 10.95 0.14
2458488.3269857 10.72 0.11
2458488.3271594 10.86 0.13
2458488.3273330 10.85 0.13
2458488.3276802 10.95 0.14
2458488.3278538 11.08 0.16
2458488.3280274 10.88 0.13
2458488.3282010 10.87 0.13
2458488.3285482 10.74 0.11
2458488.3287218 10.99 0.14
2458488.3290691 10.98 0.14
2458488.3294163 10.81 0.12
2458488.3297635 10.98 0.14
2458488.3302843 10.92 0.13
2458488.3304580 11.06 0.15
2458488.3306316 10.94 0.14
2458488.3308052 11.00 0.14
2458488.3309788 10.97 0.14
2458488.3311524 10.76 0.11
2458488.3313260 10.98 0.14
2458488.3314996 11.06 0.15
2458488.3316732 10.83 0.12
2458488.3318468 10.94 0.14
2458488.3320205 10.78 0.12
2458488.3321941 10.92 0.13
2458488.3323677 10.93 0.13
2458488.3327149 10.82 0.12
2458488.3328885 10.91 0.13
2458488.3330621 10.95 0.14
2458488.3334105 10.94 0.14
2458488.3337574 10.99 0.14
2458488.3339308 10.89 0.13
2458488.3341043 10.91 0.13
2458488.3342777 10.81 0.12
2458488.3349719 10.94 0.14
2458488.3351455 10.82 0.12
2458488.3353191 10.97 0.14
2458488.3356663 10.85 0.13
2458488.3358399 11.08 0.16
2458488.3361871 10.84 0.13
2458488.3363607 11.09 0.16
2458488.3367080 10.80 0.12
2458488.3368816 10.93 0.14
2458488.3370552 10.86 0.13
2458488.3374024 10.97 0.14
2458488.3375760 10.74 0.11
2458488.3377496 11.03 0.15
2458488.3379232 10.98 0.14
2458488.3380968 10.96 0.14
2458488.3384441 10.77 0.12
2458488.3387913 10.73 0.12
2458488.3389649 10.84 0.13
2458488.3393121 10.98 0.14
2458488.3396593 10.94 0.14
2458488.3398330 10.83 0.13
2458488.3400066 10.88 0.13
2458488.3401802 10.73 0.11
2458488.3405274 10.70 0.11
2458488.3410482 10.83 0.13
2458488.3413955 10.75 0.12
2458488.3415691 10.90 0.14
2458488.3417427 10.84 0.13
2458488.3419163 10.95 0.14
2458488.3422635 10.95 0.14
2458488.3426107 11.05 0.15
2458488.3433052 10.99 0.15
2458488.3436524 10.93 0.14
2458488.3438260 10.77 0.12
2458488.3439996 10.84 0.13
2458488.3441732 10.80 0.12
2458488.3446941 11.00 0.15
2458488.3448677 10.91 0.14
2458488.3455631 11.03 0.15
2458488.3457365 10.99 0.15
2458488.3459100 10.84 0.13
2458488.3460834 10.93 0.14
2458488.3462569 10.91 0.14
2458488.3464303 10.86 0.13
2458488.3466038 10.98 0.14
2458488.3467774 10.80 0.13
2458488.3469510 10.92 0.14
2458488.3471246 10.79 0.12
2458488.3476455 10.94 0.14
2458488.3478191 10.91 0.14
2458488.3479927 10.90 0.13
2458488.3481663 10.82 0.13
2458488.3486871 10.92 0.14
2458488.3488607 11.01 0.15
2458488.3490344 10.89 0.13
2458488.3493816 10.87 0.13
2458488.3495552 11.02 0.15
2458488.3497288 11.02 0.15
2458488.3499024 10.75 0.12
2458488.3500760 10.99 0.15
2458488.3502496 11.01 0.15
2458488.3504232 10.89 0.13
2458488.3509441 11.00 0.15
2458488.3511177 10.71 0.11
2458488.3530274 10.99 0.15
2458488.3532010 10.96 0.14
2458488.3535482 11.06 0.15
2458488.3537218 10.79 0.12
2458488.3538955 10.84 0.13
2458488.3542427 10.90 0.13
2458488.3545899 10.96 0.14
2458488.3549371 10.91 0.14
2458488.3551107 10.91 0.14
2458488.3554580 11.11 0.16
2458488.3556316 10.91 0.13
2458488.3558052 10.88 0.13
2458488.3561524 10.93 0.14
2458488.3563260 10.73 0.11
2458488.3568469 10.75 0.12
2458488.3571953 10.86 0.13
2458488.3573687 10.99 0.15
2458488.3575422 10.83 0.13
2458488.3580625 10.76 0.12
2458488.3585830 10.75 0.12
2458488.3587566 10.89 0.13
2458488.3591038 10.87 0.13
2458488.3592774 10.98 0.14
2458488.3596246 10.98 0.14
2458488.3597982 10.95 0.14
2458488.3601455 10.81 0.12
2458488.3603191 10.98 0.14
2458488.3606663 10.88 0.13
2458488.3608399 11.05 0.15
2458488.3611871 11.05 0.15
2458488.3613607 10.73 0.12
2458488.3615343 11.01 0.15
2458488.3617080 10.85 0.13
2458488.3620552 10.80 0.12
2458488.3624024 10.92 0.14
2458488.3625760 10.94 0.14
2458488.3629232 11.00 0.15
2458488.3630968 10.61 0.10
2458488.3632705 10.68 0.11
2458488.3637913 10.84 0.13
2458488.3639649 10.80 0.12
2458488.3641385 10.95 0.14
2458488.3644857 11.04 0.15
2458488.3646594 11.06 0.16
2458488.3648330 10.81 0.12
2458488.3650066 10.95 0.14
2458488.3651802 11.00 0.15
2458488.3653538 10.99 0.15
2458488.3655274 10.92 0.14
2458488.3657010 10.99 0.15
2458488.3658746 10.94 0.14
2458488.3660482 10.75 0.12
2458488.3662219 10.90 0.14
2458488.3665691 10.84 0.13
2458488.3667427 10.85 0.13
2458488.3670899 10.91 0.14
2458488.3676107 11.01 0.15
2458488.3677844 10.83 0.13
2458488.3679580 10.71 0.11
2458488.3681316 10.89 0.13
2458488.3683052 10.88 0.13
2458488.3686524 10.83 0.13
2458488.3688260 10.75 0.12
2458488.3690010 10.78 0.12
2458488.3691744 10.97 0.14
2458488.3695213 10.84 0.13
2458488.3696948 10.77 0.12
2458488.3700417 10.94 0.14
2458488.3702150 10.99 0.15
2458488.3705621 10.84 0.13
2458488.3709093 10.91 0.14
2458488.3710830 10.82 0.13
2458488.3714302 10.90 0.14
2458488.3716038 10.83 0.13
2458488.3719510 11.05 0.16
2458488.3721246 10.69 0.11
2458488.3722982 11.03 0.16
2458488.3724718 10.79 0.12
2458488.3726455 10.88 0.13
2458488.3728191 10.91 0.14
2458488.3729927 10.82 0.13
2458488.3731663 10.99 0.15
2458488.3733399 10.87 0.13
2458488.3738607 10.98 0.15
2458488.3740343 10.80 0.13
2458488.3742080 11.00 0.15
2458493.2519739 11.07 0.14
2458493.2521475 10.73 0.10
2458493.2523211 10.84 0.11
2458493.2524947 10.87 0.12
2458493.2526684 10.90 0.12
2458493.2528420 10.93 0.12
2458493.2530156 11.12 0.15
2458493.2531892 10.86 0.12
2458493.2533628 10.77 0.11
2458493.2535364 10.90 0.12
2458493.2538836 11.07 0.14
2458493.2540586 10.83 0.11
2458493.2542320 10.91 0.12
2458493.2544055 10.96 0.13
2458493.2545789 10.87 0.12
2458493.2547524 10.69 0.10
2458493.2549258 10.80 0.11
2458493.2550993 10.97 0.13
2458493.2552727 10.80 0.11
2458493.2554461 10.90 0.12
2458493.2556198 10.72 0.10
2458493.2559670 10.77 0.11
2458493.2561406 10.84 0.11
2458493.2563142 10.90 0.12
2458493.2564878 11.07 0.14
2458493.2566614 10.86 0.11
2458493.2568350 10.84 0.11
2458493.2570086 11.00 0.13
2458493.2571823 10.91 0.12
2458493.2573559 11.03 0.13
2458493.2575295 10.90 0.12
2458493.2577031 10.89 0.12
2458493.2578767 11.01 0.13
2458493.2580503 10.85 0.11
2458493.2582239 11.04 0.13
2458493.2583975 11.07 0.14
2458493.2585711 11.01 0.13
2458493.2587447 10.85 0.11
2458493.2589184 11.01 0.13
2458493.2590920 10.85 0.11
2458493.2592656 11.01 0.13
2458493.2594392 10.95 0.13
2458493.2596128 10.95 0.12
2458493.2597864 10.98 0.13
2458493.2599600 11.04 0.13
2458493.2601336 10.87 0.12
2458493.2603072 10.84 0.11
2458493.2604809 10.99 0.13
2458493.2606545 10.98 0.13
2458493.2608281 11.12 0.14
2458493.2610017 10.86 0.12
2458493.2611753 10.96 0.12
2458493.2613489 10.83 0.11
2458493.2615225 10.94 0.12
2458493.2616961 10.87 0.11
2458493.2618697 11.03 0.13
2458493.2620434 10.83 0.11
2458493.2622170 10.85 0.11
2458493.2623906 11.13 0.14
2458493.2625642 10.98 0.13
2458493.2627378 10.96 0.12
2458493.2629114 10.93 0.12
2458493.2630850 10.84 0.11
2458493.2632586 11.02 0.13
2458493.2634323 10.93 0.12
2458493.2636059 11.07 0.14
2458493.2639531 11.07 0.14
2458493.2641267 11.04 0.14
2458493.2643003 10.77 0.10
2458493.2644739 10.93 0.12
2458493.2646475 10.86 0.11
2458493.2648211 11.00 0.13
2458493.2649948 10.93 0.12
2458493.2651684 10.72 0.10
2458493.2653420 10.78 0.11
2458493.2655156 10.83 0.11
2458493.2656892 11.00 0.13
2458493.2658628 10.96 0.12
2458493.2660378 10.89 0.12
2458493.2663847 11.02 0.13
2458493.2665581 11.06 0.14
2458493.2667316 10.87 0.11
2458493.2669050 10.90 0.12
2458493.2670784 11.12 0.14
2458493.2672519 10.83 0.11
2458493.2674253 10.97 0.13
2458493.2675989 11.02 0.13
2458493.2679461 11.11 0.14
2458493.2681197 10.89 0.12
2458493.2682934 10.98 0.13
2458493.2684670 10.91 0.12
2458493.2688142 10.87 0.12
2458493.2689878 10.94 0.12
2458493.2691614 11.01 0.13
2458493.2693350 10.97 0.13
2458493.2695086 10.87 0.12
2458493.2696822 10.88 0.11
2458493.2698559 10.79 0.11
2458493.2700295 10.80 0.11
2458493.2702031 11.05 0.13
2458493.2703767 10.95 0.12
2458493.2705503 10.88 0.12
2458493.2707239 10.79 0.11
2458493.2708975 10.91 0.12
2458493.2710711 11.21 0.16
2458493.2712448 10.84 0.11
2458493.2714184 10.85 0.11
2458493.2715920 10.87 0.12
2458493.2717656 11.02 0.13
2458493.2719392 11.03 0.13
2458493.2721128 10.99 0.13
2458493.2722864 10.83 0.11
2458493.2724600 10.84 0.11
2458493.2726336 10.98 0.13
2458493.2728073 10.81 0.11
2458493.2729809 11.01 0.13
2458493.2731545 11.08 0.14
2458493.2733281 11.09 0.14
2458493.2735017 11.06 0.13
2458493.2736753 11.06 0.14
2458493.2738489 10.76 0.11
2458493.2740225 11.09 0.14
2458493.2741961 11.18 0.15
2458493.2745434 11.01 0.13
2458493.2747170 11.08 0.14
2458493.2750642 10.88 0.12
2458493.2752378 10.94 0.12
2458493.2754114 10.82 0.11
2458493.2755850 10.86 0.11
2458493.2757586 10.87 0.12
2458493.2759322 10.99 0.13
2458493.2761059 10.92 0.12
2458493.2764531 10.94 0.12
2458493.2766267 10.93 0.12
2458493.2768003 11.03 0.13
2458493.2769739 11.04 0.13
2458493.2771475 11.19 0.15
2458493.2773211 10.95 0.13
2458493.2774947 11.07 0.14
2458493.2776684 10.98 0.13
2458493.2780169 10.82 0.11
2458493.2781904 10.95 0.12
2458493.2783638 10.76 0.10
2458493.2785373 10.81 0.11
2458493.2787107 11.00 0.13
2458493.2788841 10.75 0.10
2458493.2792310 10.86 0.11
2458493.2794045 11.07 0.14
2458493.2795781 11.05 0.13
2458493.2797517 11.05 0.14
2458493.2799253 10.88 0.12
2458493.2800989 11.20 0.15
2458493.2802725 10.91 0.12
2458493.2804461 10.94 0.12
2458493.2806198 10.93 0.12
2458493.2811406 11.13 0.15
2458493.2813142 10.79 0.11
2458493.2814878 11.04 0.14
2458493.2816614 10.98 0.13
2458493.2820086 11.06 0.14
2458493.2821822 11.01 0.13
2458493.2825295 10.94 0.12
2458493.2830503 10.96 0.13
2458493.2832239 10.84 0.11
2458493.2835711 11.00 0.13
2458493.2837447 10.93 0.12
2458493.2842656 11.04 0.13
2458493.2846128 10.91 0.12
2458493.2847864 10.77 0.11
2458493.2851336 10.92 0.12
2458493.2853072 10.89 0.12
2458493.2856545 10.98 0.13
2458493.2858281 10.92 0.12
2458493.2861753 10.99 0.13
2458493.2865225 11.12 0.14
2458493.2866961 10.97 0.13
2458493.2868698 10.90 0.12
2458493.2873906 11.08 0.14
2458493.2875642 11.02 0.13
2458493.2877378 10.92 0.12
2458493.2879114 10.99 0.13
2458493.2880850 10.89 0.12
2458493.2884323 10.91 0.12
2458493.2886059 11.05 0.14
2458493.2887795 10.99 0.13
2458493.2889531 11.09 0.14
2458493.2894739 10.99 0.13
2458493.2896475 10.88 0.12
2458493.2901695 10.96 0.13
2458493.2903429 10.90 0.12
2458493.2906898 10.95 0.12
2458493.2908633 10.99 0.13
2458493.2912102 11.03 0.13
2458493.2913836 11.07 0.14
2458493.2915572 11.14 0.15
2458493.2917309 11.16 0.15
2458493.2919045 11.17 0.15
2458493.2920781 10.96 0.13
2458493.2922517 10.95 0.12
2458493.2924253 11.02 0.13
2458493.2925989 11.04 0.13
2458493.2927725 10.95 0.12
2458493.2929461 10.96 0.12
2458493.2931197 10.89 0.12
2458493.2932934 11.14 0.15
2458493.2934670 10.93 0.12
2458493.2936406 11.05 0.13
2458493.2938142 11.04 0.13
2458493.2939878 10.81 0.11
2458493.2941614 11.11 0.14
2458493.2943350 10.99 0.13
2458493.2945086 10.84 0.11
2458493.2946823 11.18 0.15
2458493.2948559 11.12 0.14
2458493.2950295 10.95 0.12
2458493.2952031 10.99 0.13
2458493.2953767 10.96 0.13
2458493.2955503 10.89 0.12
2458493.2957239 10.89 0.12
2458493.2958975 11.16 0.15
2458493.2962448 11.01 0.13
2458493.2964184 11.07 0.14
2458493.2965920 11.09 0.14
2458493.2967656 11.11 0.14
2458493.2969392 10.88 0.12
2458493.2971128 10.81 0.11
2458493.2972864 10.93 0.12
2458493.2976336 11.19 0.16
2458493.2978072 11.01 0.13
2458493.2979809 10.90 0.12
2458493.2983281 11.05 0.14
2458493.2985017 10.95 0.12
2458493.2986753 11.22 0.16
2458493.2990225 10.86 0.12
2458493.2991961 10.94 0.12
2458493.2993697 10.93 0.12
2458493.2995434 11.06 0.14
2458493.2998906 10.93 0.13
2458493.3000642 10.91 0.12
2458493.3002378 10.95 0.13
2458493.3005850 11.13 0.15
2458493.3007586 11.03 0.13
2458493.3018931 10.98 0.13
2458493.3021591 11.00 0.13
2458493.3023327 11.12 0.15
2458493.3025063 11.09 0.14
2458493.3026799 11.01 0.13
2458493.3028536 10.90 0.12
2458493.3030272 11.04 0.13
2458493.3033744 11.00 0.13
2458493.3038952 11.10 0.14
2458493.3042424 11.03 0.13
2458493.3044161 11.00 0.13
2458493.3047633 10.80 0.11
2458493.3051105 11.01 0.13
2458493.3056313 11.10 0.14
2458493.3059785 11.07 0.14
2458493.3061522 10.89 0.12
2458493.3063258 10.87 0.12
2458493.3064994 10.93 0.12
2458493.3068466 11.09 0.14
2458493.3070202 11.20 0.15
2458493.3071938 11.13 0.14
2458493.3073674 11.04 0.13
2458493.3075410 11.08 0.14
2458493.3077147 11.19 0.15
2458493.3078883 11.09 0.14
2458493.3082355 10.97 0.13
2458493.3089299 11.02 0.13
2458493.3091036 10.95 0.12
2458493.3092772 10.90 0.12
2458493.3094508 11.02 0.13
2458493.3096244 11.10 0.14
2458493.3097980 11.04 0.13
2458493.3099716 11.02 0.13
2458493.3103188 11.00 0.13
2458493.3104924 10.95 0.12
2458493.3106661 11.03 0.13
2458493.3108397 11.08 0.14
2458493.3110133 10.95 0.12
2458493.3111869 11.13 0.14
2458493.3113605 11.25 0.16
2458493.3117077 11.10 0.14
2458493.3118813 11.13 0.14
2458493.3120549 11.14 0.14
2458493.3124033 10.91 0.12
2458493.3127502 11.05 0.14
2458493.3129236 11.13 0.14
2458493.3130971 11.05 0.13
2458493.3134439 11.11 0.14
2458493.3137910 11.05 0.13
2458493.3139647 10.83 0.11
2458493.3141383 10.97 0.12
2458493.3143119 11.05 0.13
2458493.3144855 11.03 0.13
2458493.3146591 10.95 0.12
2458493.3148327 10.95 0.12
2458493.3150063 11.08 0.14
2458493.3151799 11.08 0.14
2458493.3153535 11.00 0.13
2458493.3155272 11.00 0.13
2458493.3157008 10.96 0.12
2458493.3158744 11.12 0.14
2458493.3160480 11.14 0.14
2458493.3162216 11.05 0.13
2458493.3163952 11.06 0.13
2458493.3165688 11.22 0.16
2458493.3167424 11.20 0.15
2458493.3169161 11.10 0.14
2458493.3170897 10.97 0.12
2458493.3172633 10.97 0.13
2458493.3174369 11.02 0.13
2458493.3176105 11.10 0.14
2458493.3177841 11.01 0.13
2458493.3179577 11.22 0.15
2458493.3181313 11.07 0.14
2458493.3183049 11.01 0.13
2458493.3184786 11.01 0.13
2458493.3186522 10.99 0.13
2458493.3188258 11.05 0.13
2458493.3189994 10.96 0.12
2458493.3191730 10.93 0.12
2458493.3193466 11.01 0.13
2458493.3198674 11.02 0.13
2458493.3205619 11.00 0.13
2458493.3209091 10.97 0.12
2458493.3210827 10.92 0.12
2458493.3212563 11.07 0.14
2458493.3214299 10.92 0.12
2458493.3216035 10.93 0.12
2458493.3217772 10.96 0.12
2458493.3219508 11.02 0.13
2458493.3221244 11.03 0.13
2458493.3222980 10.83 0.11
2458493.3224716 11.04 0.13
2458493.3226452 11.22 0.16
2458493.3228188 10.94 0.12
2458493.3229924 11.00 0.13
2458493.3231662 11.06 0.13
2458493.3233397 11.10 0.14
2458493.3235133 10.83 0.11
2458493.3238605 11.16 0.15
2458493.3240341 11.19 0.15
2458493.3242090 11.10 0.14
2458493.3243824 11.07 0.14
2458493.3245559 11.01 0.13
2458493.3247293 11.10 0.14
2458493.3250762 11.15 0.14
2458493.3252497 10.97 0.12
2458493.3254231 11.06 0.13
2458493.3255966 11.13 0.14
2458493.3257702 11.13 0.14
2458493.3259438 11.21 0.15
2458493.3261174 11.23 0.16
2458493.3262911 10.85 0.11
2458493.3264647 10.87 0.11
2458493.3269855 11.08 0.14
2458493.3271591 11.07 0.14
2458493.3273327 11.16 0.15
2458493.3275063 11.19 0.15
2458493.3278536 11.14 0.14
2458493.3280272 11.11 0.14
2458493.3282008 11.08 0.14
2458493.3283744 11.01 0.13
2458493.3285480 11.00 0.13
2458493.3287216 10.99 0.13
2458493.3288952 10.79 0.10
2458493.3290688 10.92 0.12
2458493.3292430 10.90 0.12
2458493.3294160 11.08 0.14
2458493.3295897 11.06 0.13
2458493.3297633 11.12 0.14
2458493.3301105 10.94 0.12
2458493.3302841 11.01 0.13
2458493.3304577 11.04 0.13
2458493.3306313 11.13 0.14
2458493.3308049 11.11 0.14
2458493.3309785 11.05 0.13
2458493.3313258 10.84 0.11
2458493.3314994 10.99 0.13
2458493.3316730 11.08 0.14
2458493.3318466 10.93 0.12
2458493.3320202 10.95 0.12
2458493.3321938 10.94 0.12
2458493.3323674 11.14 0.14
2458493.3325411 11.06 0.13
2458493.3327147 11.01 0.13
2458493.3328883 11.01 0.13
2458493.3330619 11.08 0.14
2458493.3332355 11.10 0.14
2458493.3334091 11.02 0.13
2458493.3335827 10.87 0.11
2458493.3337563 11.15 0.15
2458493.3339299 10.97 0.12
2458493.3346244 11.02 0.13
2458493.3347980 11.03 0.13
2458493.3349716 11.16 0.15
2458493.3351452 10.99 0.13
2458493.3353188 11.00 0.13
2458493.3354924 11.08 0.14
2458493.3361882 11.05 0.13
2458493.3363616 10.76 0.10
2458493.3365351 11.19 0.15
2458493.3367085 11.12 0.14
2458493.3368820 11.10 0.14
2458493.3370554 10.95 0.12
2458493.3372288 10.93 0.12
2458493.3374023 10.81 0.11
2458493.3375758 11.14 0.15
2458493.3377494 10.94 0.12
2458493.3384438 11.04 0.13
2458493.3386174 11.16 0.15
2458493.3387910 10.95 0.12
2458493.3389647 11.14 0.15
2458493.3391383 11.00 0.13
2458493.3393119 11.08 0.14
2458493.3396591 11.18 0.15
2458493.3398327 11.15 0.15
2458493.3400063 10.96 0.12
2458493.3401799 11.03 0.13
2458493.3403536 11.14 0.15
2458493.3405272 10.98 0.13
2458493.3407008 11.04 0.13
2458493.3408744 11.06 0.14
2458493.3410480 10.93 0.12
2458493.3412216 11.03 0.13
2458493.3415688 10.93 0.12
2458493.3422633 10.83 0.11
2458493.3424369 10.94 0.12
2458493.3426105 10.99 0.13
2458493.3427841 10.89 0.12
2458493.3429577 11.06 0.14
2458493.3431313 11.00 0.13
2458493.3438258 11.04 0.13
2458493.3443466 11.01 0.13
2458493.3446938 11.15 0.15
2458493.3448674 11.00 0.13
2458493.3453883 11.08 0.14
2458493.3455619 11.02 0.13
2458493.3457355 10.98 0.13
2458493.3460827 11.08 0.14
2458493.3462563 11.15 0.15
2458493.3464299 11.03 0.13
2458493.3467772 10.96 0.12
2458493.3469508 11.10 0.14
2458493.3474716 10.99 0.13
2458493.3476452 11.08 0.14
2458493.3479924 11.01 0.13
2458493.3485142 11.09 0.14
2458493.3488611 10.92 0.12
2458493.3492080 10.94 0.12
2458493.3495549 10.92 0.12
2458493.3497286 10.91 0.12
2458493.3499022 11.00 0.13
2458493.3502494 10.87 0.11
2458493.3505966 10.94 0.12
2458493.3509438 10.97 0.13
2458493.3511174 10.92 0.12
2458493.3512911 11.14 0.15
2458493.3514647 10.95 0.12
2458493.3516383 11.17 0.15
2458493.3518119 11.13 0.15
2458493.3519855 11.17 0.15
2458493.3521591 11.23 0.16
2458493.3523327 11.15 0.15
2458493.3525063 10.85 0.11
2458493.3528535 11.02 0.13
2458493.3530272 10.85 0.11
2458493.3532008 11.14 0.14
2458493.3533744 11.14 0.14
2458493.3535480 11.06 0.13
2458493.3538952 10.96 0.12
2458493.3540688 11.06 0.14
2458493.3542424 10.97 0.12
2458493.3544160 10.90 0.12
2458493.3545897 11.05 0.14
2458493.3547633 10.81 0.11
2458493.3549369 11.05 0.13
2458493.3551105 11.02 0.13
2458493.3552841 11.13 0.14
2458493.3554577 11.03 0.13
2458493.3556313 10.86 0.11
2458493.3558049 11.01 0.13
2458493.3559786 11.08 0.14
2458493.3561522 11.14 0.15
2458493.3563258 10.94 0.12
2458493.3564994 11.03 0.13
2458493.3566730 11.21 0.16
2458493.3568466 10.85 0.11
2458493.3570202 11.06 0.13
2458493.3571938 11.03 0.13
2458493.3573674 10.97 0.13
2458493.3575411 10.84 0.11
2458493.3577147 10.85 0.11
2458493.3580619 11.00 0.13
2458493.3582355 10.86 0.11
2458493.3584091 11.12 0.14
2458493.3587563 10.84 0.11
2458493.3589299 11.26 0.16
2458493.3591036 10.89 0.12
2458493.3592772 10.99 0.13
2458493.3594508 10.97 0.13
2458493.3596244 10.94 0.12
2458493.3597980 11.20 0.15
2458493.3599716 11.24 0.16
2458493.3601465 10.92 0.12
2458493.3603199 10.82 0.11
2458493.3606668 10.93 0.12
2458493.3608403 10.96 0.12
2458493.3610137 10.97 0.13
2458493.3611871 11.05 0.14
2458493.3613606 10.92 0.12
2458493.3615341 11.03 0.13
2458493.3617077 10.91 0.12
2458493.3618813 10.93 0.12
2458493.3620549 11.09 0.14
2458493.3622285 10.95 0.12
2458493.3624022 10.89 0.12
2458493.3625758 10.97 0.13
2458493.3627494 10.98 0.13
2458493.3630966 11.03 0.13
2458493.3632702 10.89 0.12
2458493.3634438 10.91 0.12
2458493.3636174 10.82 0.11
2458493.3637911 11.04 0.13
2458493.3639647 11.00 0.13
2458493.3641383 10.89 0.12
2458493.3643119 11.12 0.14
2458493.3644855 11.08 0.14
2458493.3646591 11.02 0.13
2458493.3648327 10.86 0.11
2458493.3650063 10.97 0.12
2458493.3651799 10.89 0.12
2458493.3653536 11.00 0.13
2458493.3655272 11.01 0.13
2458493.3657008 11.00 0.13
2458493.3658744 11.04 0.13
2458493.3660480 10.80 0.11
2458493.3662216 10.94 0.12
2458493.3663952 11.02 0.13
2458493.3665688 10.80 0.11
2458493.3667424 10.90 0.12
2458493.3669161 10.88 0.12
2458493.3670897 10.99 0.13
2458493.3672633 11.07 0.14
2458493.3674369 10.90 0.12
2458493.3676105 10.80 0.11
2458493.3677841 10.78 0.11
2458493.3679577 10.90 0.12
2458493.3681313 10.90 0.12
2458493.3683049 10.90 0.12
2458493.3684785 10.82 0.11
2458493.3686522 10.93 0.12
2458493.3688258 11.04 0.13
2458493.3689994 11.02 0.13
2458493.3691730 10.97 0.13
2458493.3693466 10.88 0.12
2458493.3695202 11.08 0.14
2458493.3696938 11.05 0.14
2458493.3698674 10.88 0.12
2458493.3700410 10.98 0.13
2458493.3702147 11.01 0.13
2458493.3703883 11.00 0.13
2458493.3705619 11.16 0.15
2458493.3707355 10.90 0.12
2458493.3709091 11.04 0.13
2458493.3710827 11.00 0.13
2458493.3712563 10.85 0.11
2458493.3714299 11.08 0.14
2458493.3716036 11.08 0.14
2458493.3717772 11.08 0.14
2458493.3719508 11.02 0.13
2458493.3721257 11.02 0.13
2458493.3722991 10.77 0.11
2458493.3724725 11.02 0.13
2458493.3726460 10.85 0.11
2458493.3729928 10.90 0.12
2458493.3731663 10.76 0.10
2458493.3733397 10.98 0.13
2458493.3735133 10.77 0.10
2458493.3736869 10.85 0.11
2458493.3742077 10.90 0.12
2458493.3743813 10.82 0.11
2458493.3745549 10.88 0.12
2458493.3747286 10.91 0.12
2458493.3749022 10.90 0.12
2458493.3750758 10.76 0.10
2458493.3752494 10.80 0.11
2458493.3754230 10.88 0.12
2458493.3755966 10.95 0.12
2458493.3757702 11.06 0.14
2458493.3759438 10.91 0.12
2458493.3761174 10.99 0.13
2458493.3762910 10.87 0.12
2458493.3764647 11.03 0.13
2458493.3766383 11.07 0.14
2458493.3768119 10.87 0.12
2458493.3769855 10.85 0.11
2458493.3771591 10.98 0.13
2458493.3773327 10.85 0.11
2458493.3775063 11.02 0.13
2458493.3776799 11.07 0.14
2458493.3778535 10.91 0.12
2458493.3780272 10.96 0.13
2458493.3782008 10.80 0.11
2458493.3783744 11.02 0.13
2458493.3785480 11.04 0.14
2458493.3787216 11.03 0.14
2458493.3788952 10.84 0.11
2458493.3792424 10.95 0.13
2458493.3794161 11.07 0.14
2458493.3795897 10.99 0.13
2458493.3799369 10.84 0.11
2458493.3802841 10.96 0.13
2458493.3804577 11.09 0.14
2458493.3806313 10.85 0.12
2458493.3808049 10.97 0.13
2458493.3809786 11.20 0.16
2458493.3811522 10.94 0.13
2458493.3813258 10.75 0.11
2458493.3814994 10.81 0.11
2458493.3818466 10.81 0.11
2458493.3820202 10.83 0.11
2458493.3821938 10.81 0.11
2458493.3823674 10.67 0.10
2458493.3825411 10.83 0.11
2458493.3827147 11.06 0.14
2458493.3828883 10.88 0.12
2458493.3830619 10.84 0.12
2458493.3832355 10.95 0.13
2458493.3834091 11.07 0.14
2458493.3835827 10.62 0.10
2458493.3837563 10.75 0.11
2458493.3839313 10.86 0.12
2458493.3841048 10.88 0.12
2458493.3842782 10.90 0.12
2458493.3844517 10.90 0.12
2458493.3846251 10.84 0.12
2458493.3847985 10.85 0.12
2458493.3849720 10.87 0.12
2458493.3851454 10.96 0.13
2458493.3853189 11.09 0.15
2458493.3854924 10.94 0.13
2458493.3856660 10.92 0.12
2458493.3858397 10.86 0.12
2458493.3860133 10.93 0.13
2458493.3861869 10.80 0.11
2458493.3863605 10.76 0.11
2458493.3865341 10.88 0.12
2458493.3867077 10.84 0.12
2458493.3868813 11.02 0.14
2458493.3870549 10.80 0.11
2458493.3874022 10.97 0.13
2458493.3875758 10.80 0.11
2458493.3877494 10.93 0.13
2458493.3879230 10.82 0.12
2458493.3880966 10.91 0.12
2458493.3884438 10.95 0.13
2458493.3886174 10.89 0.12
2458493.3887911 11.00 0.13
2458493.3889647 10.91 0.13
2458493.3891383 10.71 0.10
2458493.3893119 10.74 0.11
2458493.3894855 11.05 0.14
2458493.3898327 10.92 0.13
2458493.3900063 11.02 0.13
2458493.3901799 10.82 0.12
2458493.3907008 10.83 0.12
2458493.3908744 11.00 0.14
2458493.3910480 10.88 0.12
2458493.3912216 10.86 0.12
2458493.3913952 10.89 0.12
2458493.3919160 10.87 0.12
2458493.3920897 10.90 0.12
2458493.3922633 10.93 0.13
2458493.3924369 11.02 0.14
2458493.3926105 10.89 0.12
2458493.3933049 10.90 0.12
2458493.3934785 11.09 0.15
2458493.3936522 10.93 0.13
2458493.3938258 11.02 0.14
2458493.3939994 11.01 0.14
2458493.3941730 10.80 0.11
2458493.3943466 11.01 0.14
2458493.3945202 10.95 0.13
2458493.3946938 10.95 0.13
2458493.3948674 10.75 0.11
2458493.3952147 10.97 0.13
2458493.3953883 11.17 0.16
2458493.3957355 10.90 0.12
2458493.3960839 11.17 0.16
2458493.3962574 10.77 0.11
2458493.3964308 10.79 0.11
2458493.3966043 10.99 0.14
2458493.3967777 10.79 0.11
2458493.3969511 10.95 0.13
2458493.3972980 11.03 0.14
2458493.3974716 10.82 0.12
2458493.3976452 11.06 0.14
2458493.3978188 10.86 0.12
2458493.3979924 11.11 0.15
2458493.3983397 10.94 0.13
2458493.3985133 10.84 0.12
2458493.3988605 11.02 0.14
2458493.3990341 10.95 0.13
2458493.3992077 11.15 0.16
2458493.3993813 11.29 0.18
2458493.3995549 10.87 0.12
2458493.3997285 10.89 0.12
2458493.3999022 10.91 0.13
2458493.4000758 10.96 0.13
2458493.4002494 11.08 0.15
2458493.4004230 10.81 0.12
2458493.4007702 10.80 0.11
2458493.4012910 10.85 0.12
2458493.4014647 10.95 0.13
2458493.4016383 10.83 0.12
2458493.4019855 10.89 0.13
2458493.4021591 10.89 0.13
2458493.4023327 10.83 0.12
2458493.4025063 10.81 0.12
2458493.4026799 11.00 0.14
2458493.4028536 10.80 0.12
2458493.4033744 10.92 0.13
2458493.4035480 11.00 0.14
2458493.4037216 10.89 0.13
2458493.4038952 10.95 0.13
2458493.4040688 10.87 0.12
2458493.4044161 10.90 0.13
2458493.4045897 10.88 0.13
2458493.4047633 10.82 0.12
2458493.4049369 10.82 0.12
2458493.4051105 11.03 0.14
2458493.4052841 10.82 0.12
2458493.4054577 10.75 0.11
2458493.4056313 10.89 0.13
2458493.4058049 11.08 0.15
2458493.4059786 11.03 0.14
2458493.4061522 10.93 0.13
2458493.4063258 10.84 0.12
2458493.4064994 10.89 0.13
2458493.4066730 10.92 0.13
2458493.4068466 11.00 0.14
2458493.4070202 10.81 0.12
2458493.4071938 10.75 0.11
2458493.4075410 11.04 0.14
2458493.4077147 10.81 0.12
2458493.4082365 10.81 0.12
2458493.4084099 10.92 0.13
2458493.4087568 10.88 0.13
2458493.4089302 10.88 0.13
2458493.4092772 10.87 0.13
2458493.4094508 10.81 0.12
2458493.4097980 10.85 0.12
2458493.4099716 10.89 0.13
2458493.4101452 10.77 0.11
2458493.4103188 10.90 0.13
2458493.4104924 10.95 0.14
2458493.4106661 10.81 0.12
2458493.4108397 10.94 0.13
2458493.4110133 10.67 0.11
2458493.4111869 10.82 0.12
2458493.4113605 10.82 0.12
2458493.4115341 10.82 0.12
2458493.4118813 10.90 0.13
2458493.4120549 10.92 0.13
2458493.4122286 10.92 0.13
2458493.4124022 10.91 0.13
2458493.4125758 10.79 0.12
2458493.4127494 10.78 0.12
2458493.4129230 11.02 0.15
2458493.4130966 10.90 0.13
2458493.4134438 10.92 0.13
2458493.4136174 10.83 0.12
2458493.4137911 10.83 0.12
2458493.4139647 11.07 0.15
2458493.4141383 10.86 0.13
2458493.4143119 11.05 0.15
2458493.4148327 10.84 0.12
2458493.4150063 10.86 0.13
2458493.4151799 10.92 0.13
2458493.4153535 11.01 0.15
2458493.4155272 10.98 0.14
2458493.4157008 10.67 0.11
2458493.4158744 11.00 0.14
2458494.3489878 10.74 0.15
2458494.3493350 10.79 0.15
2458494.3502031 10.65 0.14
2458494.3505503 10.71 0.14
2458494.3512447 10.86 0.16
2458494.3517656 10.78 0.15
2458494.3533281 10.77 0.16
2458494.3576684 10.46 0.15
2458495.1387563 10.63 0.15
2458495.1550758 10.72 0.16
2458495.1568119 10.78 0.17
2458495.1576799 10.77 0.16
2458495.1599371 10.71 0.15
2458495.1602841 10.66 0.15
2458495.1606313 10.65 0.15
2458495.1614994 10.51 0.13
2458495.1621938 10.72 0.15
2458495.1625410 10.87 0.18
2458495.1642772 10.62 0.14
2458495.1647980 10.59 0.14
2458495.1675758 10.73 0.15
2458495.1682702 10.70 0.15
2458495.1689647 10.73 0.16
2458495.1694855 10.69 0.15
2458495.1734786 10.64 0.14
2458495.1736522 10.66 0.14
2458495.1739994 10.79 0.16
2458495.1745202 10.81 0.16
2458495.1746938 10.86 0.17
2458495.1757355 10.71 0.15
2458495.1766035 10.54 0.13
2458495.1781660 10.77 0.16
2458495.1800758 10.72 0.15
2458495.1802494 10.69 0.15
2458495.1814647 10.65 0.14
2458495.1830283 10.74 0.15
2458495.1847633 10.59 0.13
2458495.1852841 10.80 0.16
2458495.1861522 10.66 0.14
2458495.1864994 10.79 0.15
2458495.1871938 10.52 0.12
2458495.1873674 10.76 0.15
2458495.1880619 10.67 0.14
2458495.1889299 10.71 0.14
2458495.1908397 10.74 0.15
2458495.1915341 10.73 0.14
2458495.1932702 10.73 0.14
2458495.1936174 10.91 0.17
2458495.1946591 10.81 0.15
2458495.1948340 10.91 0.17
2458495.1958747 10.74 0.14
2458495.1960481 10.76 0.15
2458495.1969161 10.67 0.14
2458495.1977841 10.73 0.14
2458495.1991730 10.73 0.14
2458495.2003883 10.86 0.16
2458495.2009091 10.81 0.16
2458495.2019508 10.77 0.15
2458495.2042077 10.87 0.16
2458495.2043813 10.68 0.14
2458495.2055966 10.54 0.12
2458495.2066383 10.80 0.15
2458495.2071601 10.86 0.16
2458495.2083744 10.73 0.15
2458495.2092424 10.74 0.15
2458495.2108049 10.57 0.13
2458495.2114994 10.73 0.14
2458495.2123674 10.73 0.14
2458495.2127147 10.71 0.14
2458495.2156660 10.75 0.14
2458495.2161869 10.75 0.14
2458495.2163605 10.76 0.15
2458495.2167077 10.81 0.15
2458495.2168813 10.71 0.14
2458495.2174022 10.88 0.16
2458495.2191393 10.74 0.14
2458495.2194862 10.84 0.16
2458495.2196596 10.84 0.16
2458495.2201799 10.82 0.15
2458495.2205272 10.73 0.14
2458495.2222633 10.80 0.15
2458495.2226105 10.89 0.16
2458495.2229577 10.86 0.16
2458495.2253883 10.82 0.15
2458495.2276452 10.72 0.14
2458495.2283397 10.64 0.13
2458495.2288605 10.76 0.14
2458495.2290341 10.75 0.14
2458495.2293813 10.81 0.15
2458495.2297286 10.63 0.13
2458495.2299022 10.81 0.15
2458495.2304230 10.87 0.16
2458495.2307716 10.74 0.14
2458495.2314654 10.73 0.14
2458495.2318122 10.71 0.13
2458495.2349369 10.89 0.16
2458495.2359785 10.77 0.14
2458495.2361522 10.87 0.16
2458495.2364994 10.95 0.17
2458495.2370202 10.87 0.15
2458495.2375411 10.68 0.13
2458495.2377147 10.84 0.15
2458495.2382355 10.80 0.14
2458495.2384091 10.82 0.15
2458495.2391035 10.95 0.17
2458495.2397980 10.72 0.13
2458495.2399716 10.77 0.14
2458495.2401452 10.83 0.15
2458495.2403188 10.69 0.13
2458495.2411869 10.62 0.12
2458495.2418813 10.84 0.15
2458495.2422286 10.80 0.14
2458495.2427508 10.82 0.15
2458495.2434445 10.78 0.14
2458495.2437914 10.97 0.17
2458495.2439649 11.00 0.17
2458495.2441383 10.84 0.15
2458495.2443119 10.78 0.14
2458495.2451799 10.80 0.15
2458495.2455272 10.95 0.17
2458495.2457008 10.68 0.13
2458495.2460480 10.73 0.14
2458495.2463952 10.92 0.16
2458495.2465688 10.65 0.13
2458495.2474369 10.75 0.14
2458495.2477841 10.83 0.15
2458495.2484785 10.79 0.14
2458495.2493466 10.78 0.14
2458495.2496938 10.76 0.14
2458495.2503883 10.66 0.13
2458495.2510827 10.80 0.14
2458495.2514299 10.53 0.11
2458495.2516036 10.84 0.15
2458495.2517772 10.80 0.15
2458495.2524716 10.74 0.14
2458495.2531661 10.70 0.13
2458495.2540341 10.82 0.15
2458495.2554238 10.86 0.15
2458495.2555972 10.80 0.14
2458495.2564647 10.82 0.14
2458495.2568119 10.73 0.13
2458495.2569855 10.90 0.15
2458495.2571591 10.91 0.16
2458495.2575063 10.74 0.13
2458495.2576799 10.89 0.15
2458495.2580272 10.81 0.14
2458495.2583744 10.83 0.14
2458495.2585480 10.91 0.15
2458495.2594161 10.80 0.14
2458495.2595897 10.89 0.15
2458495.2599369 10.91 0.15
2458495.2602841 10.97 0.16
2458495.2625410 10.91 0.16
2458495.2628883 10.94 0.16
2458495.2635827 10.71 0.13
2458495.2637563 10.63 0.12
2458495.2644508 10.84 0.15
2458495.2649716 10.73 0.13
2458495.2651452 10.96 0.16
2458495.2654924 10.73 0.13
2458495.2658397 10.81 0.14
2458495.2660133 10.83 0.14
2458495.2674030 10.83 0.14
2458495.2689647 10.89 0.15
2458495.2707008 10.81 0.14
2458495.2722633 10.92 0.15
2458495.2734786 10.87 0.15
2458495.2736522 10.87 0.15
2458495.2739994 10.82 0.14
2458495.2748674 10.97 0.16
2458495.2750411 10.77 0.14
2458495.2760827 10.84 0.15
2458495.2764299 10.74 0.13
2458495.2767772 10.80 0.14
2458495.2769508 10.84 0.14
2458495.2778188 10.85 0.15
2458495.2779924 10.79 0.14
2458495.2783397 10.75 0.14
2458495.2785133 10.88 0.15
2458495.2811174 10.95 0.16
2458495.2837216 10.92 0.15
2458495.2838952 10.70 0.13
2458495.2842424 10.85 0.14
2458495.2852841 10.97 0.16
2458495.2856313 10.84 0.14
2458495.2858049 10.77 0.13
2458495.2861522 10.91 0.15
2458495.2868466 11.00 0.17
2458495.2873674 10.89 0.15
2458495.2880619 10.87 0.15
2458495.2882355 10.98 0.16
2458495.2889299 10.81 0.14
2458495.2897980 10.72 0.13
2458495.2901452 10.96 0.16
2458495.2904924 11.04 0.17
2458495.2906661 10.85 0.14
2458495.2908410 10.97 0.16
2458495.2915348 11.04 0.17
2458495.2917083 10.97 0.16
2458495.2929230 10.91 0.15
2458495.2930966 10.86 0.15
2458495.2936174 10.84 0.14
2458495.2941383 10.79 0.14
2458495.2944855 10.95 0.16
2458495.2948327 10.86 0.14
2458495.2953535 10.94 0.16
2458495.2955272 11.04 0.17
2458495.2957008 10.88 0.15
2458495.2963952 10.83 0.14
2458495.2965688 10.80 0.14
2458495.2970897 10.88 0.15
2458495.2974369 11.03 0.17
2458495.2976105 10.98 0.16
2458495.2979577 11.02 0.17
2458495.2986522 10.98 0.16
2458495.2988258 10.91 0.15
2458495.2996938 10.96 0.16
2458495.2998674 10.97 0.16
2458495.3000411 10.91 0.15
2458495.3016035 10.90 0.15
2458495.3031671 10.90 0.15
2458495.3035140 10.72 0.13
2458495.3038609 10.85 0.14
2458495.3047286 10.70 0.13
2458495.3052494 10.81 0.14
2458495.3055966 10.89 0.15
2458495.3057702 10.82 0.14
2458495.3064647 10.98 0.16
2458495.3066383 10.79 0.14
2458495.3071591 10.87 0.15
2458495.3073327 10.88 0.15
2458495.3075063 10.79 0.14
2458495.3080272 10.84 0.14
2458495.3083744 10.84 0.14
2458495.3085480 10.92 0.15
2458495.3092424 10.82 0.14
2458495.3095897 10.72 0.13
2458495.3101105 11.00 0.17
2458495.3106313 10.83 0.14
2458495.3111522 10.86 0.15
2458495.3114994 11.05 0.17
2458495.3116730 10.91 0.15
2458495.3120202 10.77 0.14
2458495.3123674 10.68 0.12
2458495.3125411 10.61 0.12
2458495.3130619 10.83 0.14
2458495.3139299 10.91 0.15
2458495.3142772 10.79 0.14
2458495.3146244 10.92 0.15
2458495.3147980 10.77 0.14
2458498.1656545 10.70 0.15
2458498.1658281 10.74 0.13
2458498.1660017 10.96 0.16
2458498.1663489 10.89 0.15
2458498.1670441 10.65 0.12
2458498.1675645 10.84 0.14
2458498.1677379 10.81 0.14
2458498.1679114 10.69 0.12
2458498.1680850 10.82 0.14
2458498.1686059 10.72 0.13
2458498.1687795 10.87 0.14
2458498.1689531 10.70 0.12
2458498.1691267 10.85 0.14
2458498.1693003 10.85 0.14
2458498.1694739 11.06 0.17
2458498.1696475 10.86 0.14
2458498.1699947 10.65 0.12
2458498.1701684 10.67 0.12
2458498.1703420 11.06 0.17
2458498.1705156 10.86 0.14
2458498.1706892 10.94 0.15
2458498.1708628 10.91 0.15
2458498.1712100 10.90 0.14
2458498.1713836 10.95 0.15
2458498.1715572 10.98 0.16
2458498.1717309 10.77 0.13
2458498.1719045 10.91 0.15
2458498.1720781 10.59 0.11
2458498.1722517 10.87 0.14
2458498.1724253 10.93 0.15
2458498.1725989 10.94 0.15
2458498.1727725 10.98 0.15
2458498.1729461 10.89 0.14
2458498.1731198 10.85 0.14
2458498.1732934 11.07 0.17
2458498.1734670 10.93 0.15
2458498.1736406 10.74 0.12
2458498.1738142 10.90 0.14
2458498.1741614 10.85 0.13
2458498.1743350 10.94 0.15
2458498.1745086 10.89 0.14
2458498.1750295 10.82 0.13
2458498.1752031 10.97 0.15
2458498.1755503 10.77 0.13
2458498.1758975 10.83 0.13
2458498.1760711 10.78 0.12
2458498.1762447 11.06 0.16
2458498.1765920 10.84 0.13
2458498.1767656 10.80 0.13
2458498.1769392 10.81 0.13
2458498.1771128 10.76 0.12
2458498.1776336 10.90 0.14
2458498.1778072 10.85 0.13
2458498.1779809 10.83 0.13
2458498.1781545 10.81 0.13
2458498.1783295 10.98 0.15
2458498.1786763 10.76 0.12
2458498.1788498 10.81 0.13
2458498.1791967 10.93 0.14
2458498.1797170 10.73 0.12
2458498.1798906 10.79 0.12
2458498.1804114 10.72 0.12
2458498.1805850 10.91 0.14
2458498.1809323 10.93 0.14
2458498.1811059 10.79 0.13
2458498.1812795 10.79 0.12
2458498.1814531 10.77 0.12
2458498.1816267 10.80 0.12
2458498.1818003 10.90 0.13
2458498.1821475 10.75 0.12
2458498.1823211 10.77 0.12
2458498.1826684 10.95 0.14
2458498.1828420 10.65 0.11
2458498.1830156 10.76 0.12
2458498.1831892 10.91 0.14
2458498.1835364 10.60 0.10
2458498.1837100 10.84 0.13
2458498.1840572 10.87 0.14
2458498.1842309 10.88 0.13
2458498.1844045 10.73 0.12
2458498.1845781 10.73 0.12
2458498.1847517 10.94 0.14
2458498.1849253 10.82 0.13
2458498.1850989 10.93 0.14
2458498.1852725 10.77 0.12
2458498.1854461 10.76 0.12
2458498.1856197 10.79 0.12
2458498.1857934 11.00 0.15
2458498.1859670 10.73 0.12
2458498.1861406 10.96 0.14
2458498.1863142 10.81 0.13
2458498.1864878 10.92 0.14
2458498.1866614 10.89 0.13
2458498.1868350 10.90 0.14
2458498.1870086 10.99 0.15
2458498.1871822 10.68 0.11
2458498.1882974 10.73 0.12
2458498.1885711 10.88 0.13
2458498.1889184 10.77 0.12
2458498.1890920 10.93 0.14
2458498.1897864 11.08 0.16
2458498.1899600 10.88 0.13
2458498.1901336 10.81 0.12
2458498.1903073 10.71 0.11
2458498.1904809 10.87 0.13
2458498.1906545 11.01 0.15
2458498.1910017 10.96 0.14
2458498.1911753 10.93 0.14
2458498.1913489 10.96 0.14
2458498.1915225 10.70 0.11
2458498.1916961 10.84 0.13
2458498.1920434 10.80 0.12
2458498.1922170 10.84 0.13
2458498.1925642 10.96 0.14
2458498.1927378 10.86 0.13
2458498.1929114 11.17 0.17
2458498.1932586 11.00 0.15
2458498.1934322 10.94 0.14
2458498.1937795 10.87 0.13
2458498.1939531 11.07 0.15
2458498.1943003 11.00 0.14
2458498.1944739 10.75 0.11
2458498.1946475 10.99 0.14
2458498.1948211 10.82 0.12
2458498.1949947 10.96 0.14
2458498.1951684 10.84 0.13
2458498.1953420 10.84 0.12
2458498.1955156 10.82 0.12
2458498.1958628 10.94 0.14
2458498.1960378 10.92 0.13
2458498.1963846 10.67 0.11
2458498.1965581 11.01 0.14
2458498.1969050 10.97 0.14
2458498.1970784 10.91 0.13
2458498.1974253 10.82 0.12
2458498.1975989 10.98 0.14
2458498.1977725 10.87 0.13
2458498.1979461 10.83 0.12
2458498.1981198 10.84 0.12
2458498.1982934 10.77 0.12
2458498.1984670 10.97 0.14
2458498.1986406 10.77 0.11
2458498.1988142 10.87 0.12
2458498.1989878 10.85 0.12
2458498.1991614 10.78 0.11
2458498.1993350 11.06 0.15
2458498.1995086 10.93 0.13
2458498.1996822 10.85 0.12
2458498.1998559 10.89 0.13
2458498.2000295 10.90 0.13
2458498.2002031 10.98 0.14
2458498.2003767 10.91 0.13
2458498.2007239 10.87 0.12
2458498.2008975 11.03 0.14
2458498.2010711 11.02 0.14
2458498.2012447 11.08 0.15
2458498.2014184 10.88 0.12
2458498.2015920 10.99 0.14
2458498.2017656 10.59 0.10
2458498.2021128 10.91 0.13
2458498.2022864 11.13 0.16
2458498.2024600 10.71 0.11
2458498.2026336 10.85 0.12
2458498.2028072 10.83 0.12
2458498.2029809 10.96 0.13
2458498.2031545 11.07 0.15
2458498.2033281 10.93 0.13
2458498.2035017 10.85 0.12
2458498.2036753 10.88 0.12
2458498.2038489 10.76 0.11
2458498.2040225 10.82 0.12
2458498.2041961 10.85 0.12
2458498.2045434 10.96 0.13
2458498.2047170 11.02 0.14
2458498.2048906 10.90 0.12
2458498.2050642 10.95 0.13
2458498.2052378 10.85 0.12
2458498.2054114 10.77 0.11
2458498.2059323 10.96 0.13
2458498.2061059 10.82 0.12
2458498.2062795 10.83 0.12
2458498.2064531 10.90 0.13
2458498.2066267 10.77 0.11
2458498.2068003 10.88 0.12
2458498.2071475 11.06 0.14
2458498.2073211 10.84 0.12
2458498.2074947 10.85 0.12
2458498.2076684 10.91 0.13
2458498.2078420 10.96 0.13
2458498.2080169 10.77 0.11
2458498.2081904 10.95 0.13
2458498.2083638 11.01 0.14
2458498.2085373 10.80 0.11
2458498.2087107 10.90 0.12
2458498.2088841 11.08 0.15
2458498.2090576 10.97 0.13
2458498.2092310 10.76 0.11
2458498.2094045 10.92 0.13
2458498.2095781 11.08 0.15
2458498.2097517 10.80 0.11
2458498.2099253 10.88 0.12
2458498.2100989 10.87 0.12
2458498.2104461 11.07 0.14
2458498.2106197 10.90 0.12
2458498.2107934 10.84 0.12
2458498.2109670 10.92 0.13
2458498.2111406 10.84 0.12
2458498.2113142 10.85 0.12
2458498.2114878 10.95 0.13
2458498.2118350 10.87 0.12
2458498.2121823 10.94 0.13
2458498.2123559 10.88 0.12
2458498.2125295 10.98 0.13
2458498.2127031 10.98 0.13
2458498.2130503 10.76 0.11
2458498.2132239 11.06 0.14
2458498.2133975 11.09 0.15
2458498.2139184 10.94 0.13
2458498.2140920 10.88 0.12
2458498.2142656 11.06 0.14
2458498.2144392 10.86 0.12
2458498.2146128 10.89 0.12
2458498.2147864 10.92 0.12
2458498.2149600 10.88 0.12
2458498.2151336 11.01 0.13
2458498.2153072 10.98 0.13
2458498.2154809 10.79 0.11
2458498.2156545 11.13 0.15
2458498.2158281 11.18 0.16
2458498.2160017 10.96 0.13
2458498.2161753 10.87 0.12
2458498.2163489 11.03 0.14
2458498.2165225 10.88 0.12
2458498.2166961 10.69 0.10
2458498.2168697 10.89 0.12
2458498.2170434 10.74 0.11
2458498.2172170 11.05 0.14
2458498.2173906 11.02 0.14
2458498.2175642 10.87 0.12
2458498.2177378 11.08 0.14
2458498.2179114 10.84 0.12
2458498.2180850 10.79 0.11
2458498.2182586 11.11 0.15
2458498.2184322 10.88 0.12
2458498.2186059 11.01 0.14
2458498.2187795 10.93 0.13
2458498.2189531 10.68 0.10
2458498.2191267 10.90 0.12
2458498.2193003 10.82 0.11
2458498.2194739 11.10 0.15
2458498.2196475 10.82 0.11
2458498.2198225 10.81 0.11
2458498.2199960 11.06 0.14
2458498.2201694 10.89 0.12
2458498.2203429 10.78 0.11
2458498.2205163 11.00 0.13
2458498.2206898 10.88 0.12
2458498.2208632 10.73 0.10
2458498.2210366 10.88 0.12
2458498.2212101 10.99 0.13
2458498.2213836 11.10 0.15
2458498.2215573 10.82 0.11
2458498.2217309 10.83 0.12
2458498.2219045 10.88 0.12
2458498.2220781 10.79 0.11
2458498.2222517 10.69 0.10
2458498.2225989 10.89 0.12
2458498.2227725 10.90 0.12
2458498.2229461 11.02 0.14
2458498.2231197 10.92 0.12
2458498.2232934 10.77 0.11
2458498.2234670 11.05 0.14
2458498.2236406 10.87 0.12
2458498.2238142 10.86 0.12
2458498.2239878 10.83 0.11
2458498.2241614 10.96 0.13
2458498.2243350 11.07 0.14
2458498.2245086 10.82 0.11
2458498.2246822 11.11 0.14
2458498.2248559 10.78 0.11
2458498.2250295 10.96 0.13
2458498.2252031 10.81 0.11
2458498.2253767 10.80 0.11
2458498.2255503 10.70 0.10
2458498.2257239 10.84 0.11
2458498.2258975 10.97 0.13
2458498.2260711 11.05 0.14
2458498.2262447 11.06 0.14
2458498.2264184 10.85 0.11
2458498.2265920 10.81 0.11
2458498.2267656 10.84 0.11
2458498.2269392 10.95 0.12
2458498.2271128 11.00 0.13
2458498.2272864 10.95 0.13
2458498.2274600 10.89 0.12
2458498.2276336 10.91 0.12
2458498.2278073 10.93 0.12
2458498.2281545 10.88 0.12
2458498.2283281 10.92 0.12
2458498.2285017 10.97 0.13
2458498.2286753 10.91 0.12
2458498.2288489 10.80 0.11
2458498.2290225 10.81 0.11
2458498.2291961 10.93 0.13
2458498.2293698 10.80 0.11
2458498.2295434 10.88 0.12
2458498.2298906 10.85 0.12
2458498.2300642 11.09 0.14
2458498.2302378 10.96 0.13
2458498.2304114 10.83 0.11
2458498.2305850 10.81 0.11
2458498.2307586 10.81 0.11
2458498.2309322 11.05 0.14
2458498.2311059 10.82 0.11
2458498.2312795 11.02 0.14
2458498.2314531 11.14 0.15
2458498.2316267 10.99 0.13
2458498.2318016 10.97 0.13
2458498.2319750 11.06 0.14
2458498.2321485 10.87 0.12
2458498.2323219 11.09 0.15
2458498.2324954 10.88 0.12
2458498.2326688 10.95 0.13
2458498.2328422 10.92 0.13
2458498.2331892 10.96 0.13
2458498.2333628 10.95 0.13
2458498.2335364 11.01 0.14
2458498.2337100 10.77 0.11
2458498.2338836 10.82 0.12
2458498.2340572 11.00 0.14
2458498.2342309 10.97 0.13
2458498.2344045 10.78 0.11
2458498.2345781 10.91 0.13
2458498.2349253 11.11 0.15
2458498.2350989 10.77 0.11
2458498.2356198 10.82 0.12
2458498.2357934 10.77 0.11
2458498.2359670 10.76 0.11
2458498.2361406 10.82 0.12
2458498.2363142 10.92 0.13
2458498.2364878 10.80 0.11
2458498.2366614 10.97 0.13
2458498.2368350 10.79 0.11
2458498.2370086 10.87 0.12
2458498.2371823 10.89 0.12
2458498.2373559 10.94 0.13
2458498.2375295 10.81 0.12
2458498.2377031 11.02 0.14
2458498.2378767 10.88 0.13
2458498.2380503 10.76 0.11
2458498.2382239 10.74 0.11
2458498.2383975 10.80 0.12
2458498.2385711 10.98 0.14
2458498.2387447 10.84 0.12
2458498.2389184 10.92 0.13
2458498.2390920 10.84 0.12
2458498.2392656 11.10 0.15
2458498.2394392 10.86 0.12
2458498.2396128 10.92 0.13
2458498.2397864 10.97 0.14
2458498.2399600 10.96 0.13
2458498.2401336 10.93 0.13
2458498.2403072 10.97 0.13
2458498.2404809 10.93 0.13
2458498.2406545 10.91 0.13
2458498.2410017 10.77 0.11
2458498.2413489 10.88 0.12
2458498.2415225 10.83 0.12
2458498.2416961 10.96 0.13
2458498.2418697 10.73 0.11
2458498.2420434 10.94 0.13
2458498.2422170 10.69 0.11
2458498.2423906 10.94 0.13
2458498.2425642 10.88 0.12
2458498.2427378 11.04 0.14
2458498.2430850 10.73 0.11
2458498.2436073 10.87 0.12
2458498.2437807 10.70 0.11
2458498.2439541 10.92 0.13
2458498.2441276 11.04 0.14
2458498.2443010 10.93 0.13
2458498.2444745 10.79 0.12
2458498.2446479 10.83 0.12
2458498.2448214 10.88 0.12
2458498.2449948 10.74 0.11
2458498.2451684 10.97 0.14
2458498.2453420 11.13 0.16
2458498.2455156 10.79 0.12
2458498.2456892 10.84 0.12
2458498.2458628 11.08 0.15
2458498.2460364 10.92 0.13
2458498.2462100 11.02 0.14
2458498.2463836 10.92 0.13
2458498.2465572 10.93 0.13
2458498.2467309 10.86 0.12
2458498.2469045 11.07 0.15
2458498.2470781 10.95 0.14
2458498.2472517 10.98 0.14
2458498.2474253 10.78 0.11
2458498.2475989 11.03 0.14
2458498.2477725 10.93 0.13
2458498.2479461 11.11 0.15
2458498.2481197 10.94 0.13
2458498.2482934 10.88 0.12
2458498.2484670 10.85 0.12
2458498.2486406 10.84 0.12
2458498.2488142 10.94 0.13
2458498.2489878 10.82 0.12
2458498.2491614 10.93 0.13
2458498.2495086 10.75 0.11
2458498.2496822 11.11 0.15
2458498.2498559 10.82 0.12
2458498.2500295 10.91 0.13
2458498.2502031 11.06 0.15
2458498.2503767 10.80 0.12
2458498.2507239 10.91 0.13
2458498.2508975 10.91 0.13
2458498.2510711 10.82 0.12
2458498.2515920 11.02 0.15
2458498.2517656 10.98 0.14
2458498.2519392 10.92 0.13
2458498.2521128 10.95 0.14
2458498.2522864 10.71 0.11
2458498.2524600 10.72 0.11
2458498.2528073 11.12 0.16
2458498.2529809 10.73 0.11
2458498.2531545 10.82 0.12
2458498.2533281 11.06 0.15
2458498.2535017 10.82 0.12
2458498.2538489 10.97 0.14
2458498.2540225 10.87 0.13
2458498.2541961 10.78 0.12
2458498.2543697 10.95 0.14
2458498.2545434 10.93 0.14
2458498.2547170 10.98 0.14
2458498.2550642 10.77 0.12
2458498.2552378 10.82 0.12
2458498.2554114 10.86 0.13
2458498.2555863 10.70 0.11
2458498.2557598 10.67 0.11
2458498.2559332 10.95 0.14
2458498.2561066 11.04 0.15
2458498.2562801 10.90 0.13
2458498.2564535 10.81 0.12
2458498.2566270 10.85 0.13
2458498.2568004 10.93 0.13
2458498.2569739 11.05 0.15
2458498.2573211 11.10 0.16
2458498.2574947 10.98 0.14
2458498.2576684 10.92 0.13
2458498.2578420 11.15 0.16
2458498.2581892 11.08 0.15
2458498.2583628 11.05 0.15
2458498.2585364 10.70 0.11
2458498.2587100 10.88 0.13
2458498.2588836 10.98 0.14
2458498.2590573 10.85 0.13
2458498.2592309 10.92 0.13
2458498.2594045 10.87 0.13
2458498.2595781 10.93 0.13
2458498.2597517 10.92 0.13
2458498.2599253 11.01 0.15
2458498.2600989 10.87 0.13
2458498.2602725 10.91 0.13
2458498.2604461 10.73 0.11
2458498.2606198 10.76 0.12
2458498.2607934 10.81 0.12
2458498.2609670 10.93 0.14
2458498.2611406 11.04 0.15
2458498.2613142 10.87 0.13
2458498.2614878 10.99 0.14
2458498.2616614 10.82 0.12
2458498.2618350 11.01 0.14
2458498.2621822 11.07 0.15
2458498.2623559 11.04 0.15
2458498.2625295 11.01 0.14
2458498.2627031 10.86 0.11
2458498.2628767 11.08 0.13
2458498.2630503 10.99 0.12
2458498.2632239 10.88 0.11
2458498.2633975 10.97 0.11
2458498.2635711 11.00 0.12
2458498.2637447 10.85 0.10
2458498.2639184 10.90 0.11
2458498.2640920 11.04 0.12
2458498.2642656 11.02 0.12
2458498.2644392 10.97 0.12
2458498.2646128 10.94 0.11
2458498.2647864 10.74 0.10
2458498.2649600 11.04 0.13
2458498.2651336 11.14 0.14
2458498.2653072 10.90 0.11
2458498.2654809 10.86 0.11
2458498.2656545 10.88 0.11
2458498.2658281 10.98 0.12
2458498.2660017 10.92 0.11
2458498.2661753 10.82 0.10
2458498.2663489 10.93 0.12
2458498.2665225 11.03 0.13
2458498.2666961 10.99 0.12
2458498.2668698 10.99 0.12
2458498.2670434 10.93 0.11
2458498.2672170 11.06 0.13
2458498.2673906 10.96 0.12
2458498.2675655 11.04 0.13
2458498.2677389 11.07 0.13
2458498.2679124 11.01 0.12
2458498.2680858 10.82 0.10
2458498.2682593 11.03 0.13
2458498.2684327 10.99 0.12
2458498.2686062 10.84 0.10
2458498.2687796 11.07 0.13
2458498.2689531 10.92 0.11
2458498.2691267 10.91 0.11
2458498.2693003 11.02 0.12
2458498.2694739 10.99 0.12
2458498.2696475 11.22 0.14
2458498.2698211 11.01 0.12
2458498.2699947 11.15 0.14
2458498.2701684 11.18 0.14
2458498.2703420 11.14 0.13
2458498.2705156 10.97 0.12
2458498.2706892 10.94 0.11
2458498.2708628 10.91 0.11
2458498.2710364 11.02 0.12
2458498.2712100 11.00 0.12
2458498.2713836 11.00 0.12
2458498.2715572 11.03 0.12
2458498.2717309 10.91 0.11
2458498.2719045 11.04 0.12
2458498.2720781 11.06 0.13
2458498.2722517 10.92 0.11
2458498.2724253 10.98 0.12
2458498.2725989 10.94 0.11
2458498.2727725 10.94 0.11
2458498.2729461 10.81 0.10
2458498.2731197 10.96 0.11
2458498.2732934 11.02 0.12
2458498.2734670 10.83 0.10
2458498.2736406 10.99 0.12
2458498.2738142 10.92 0.11
2458498.2739878 10.98 0.11
2458498.2741614 10.66 0.09
2458498.2743350 10.75 0.09
2458498.2745086 10.96 0.11
2458498.2746823 11.18 0.14
2458498.2748559 11.05 0.12
2458498.2750295 11.10 0.13
2458498.2752031 10.93 0.11
2458498.2753767 11.00 0.12
2458498.2755503 11.08 0.13
2458498.2757239 11.01 0.12
2458498.2758975 11.01 0.12
2458498.2760711 10.91 0.11
2458498.2762448 11.09 0.13
2458498.2764184 10.82 0.10
2458498.2765920 11.17 0.14
2458498.2769392 10.95 0.11
2458498.2771128 10.93 0.11
2458498.2772864 10.94 0.11
2458498.2774600 10.98 0.12
2458498.2776336 11.20 0.14
2458498.2778072 10.85 0.10
2458498.2779809 11.00 0.12
2458498.2781545 11.13 0.13
2458498.2783281 10.84 0.10
2458498.2785017 11.02 0.12
2458498.2786753 10.94 0.11
2458498.2788489 10.78 0.10
2458498.2790225 10.75 0.09
2458498.2791961 11.02 0.12
2458498.2793697 10.71 0.09
2458498.2795448 11.03 0.12
2458498.2797182 10.95 0.11
2458498.2798916 11.10 0.13
2458498.2800651 11.03 0.12
2458498.2802385 10.90 0.11
2458498.2804120 10.75 0.10
2458498.2805854 10.95 0.11
2458498.2807589 10.97 0.12
2458498.2809323 10.99 0.12
2458498.2811059 10.81 0.10
2458498.2812795 11.01 0.12
2458498.2814531 11.02 0.12
2458498.2816267 11.00 0.12
2458498.2818003 10.85 0.10
2458498.2819739 10.98 0.12
2458498.2821475 10.77 0.10
2458498.2823211 10.93 0.11
2458498.2824948 11.17 0.14
2458498.2826684 11.01 0.12
2458498.2828420 10.98 0.12
2458498.2830156 10.91 0.11
2458498.2831892 10.99 0.12
2458498.2833628 11.08 0.13
2458498.2835364 10.96 0.12
2458498.2837100 10.94 0.12
2458498.2838836 11.10 0.13
2458498.2840573 10.85 0.10
2458498.2842309 10.90 0.11
2458498.2844045 11.04 0.13
2458498.2845781 10.93 0.11
2458498.2847517 11.20 0.14
2458498.2849253 11.06 0.13
2458498.2850989 10.86 0.10
2458498.2852725 10.92 0.11
2458498.2854461 10.89 0.11
2458498.2856197 11.04 0.13
2458498.2857934 11.04 0.13
2458498.2859670 11.00 0.12
2458498.2861406 10.87 0.11
2458498.2863142 10.95 0.12
2458498.2864878 11.07 0.13
2458498.2866614 10.97 0.12
2458498.2868350 11.02 0.12
2458498.2870086 10.96 0.12
2458498.2873559 11.01 0.12
2458498.2875295 10.95 0.12
2458498.2878767 11.04 0.13
2458498.2880503 10.97 0.12
2458498.2882239 10.94 0.12
2458498.2883975 10.80 0.10
2458498.2885711 10.96 0.12
2458498.2887447 10.94 0.12
2458498.2889184 11.09 0.13
2458498.2890920 10.74 0.10
2458498.2892656 11.01 0.12
2458498.2894392 10.93 0.11
2458498.2896128 10.97 0.12
2458498.2897864 11.03 0.12
2458498.2899600 10.89 0.11
2458498.2901336 10.82 0.10
2458498.2903073 10.73 0.09
2458498.2904809 10.84 0.10
2458498.2906545 10.85 0.11
2458498.2908281 10.82 0.10
2458498.2910017 10.97 0.12
2458498.2911753 10.98 0.12
2458498.2913489 11.10 0.13
2458498.2915239 11.01 0.12
2458498.2916974 11.01 0.12
2458498.2918708 10.98 0.12
2458498.2920443 10.91 0.11
2458498.2922177 10.94 0.12
2458498.2923912 10.94 0.12
2458498.2925646 11.01 0.13
2458498.2927381 10.80 0.10
2458498.2929115 11.06 0.13
2458498.2930850 11.03 0.13
2458498.2932586 10.94 0.11
2458498.2934322 11.03 0.13
2458498.2936059 10.97 0.12
2458498.2937795 10.95 0.12
2458498.2939531 10.97 0.12
2458498.2941267 10.89 0.11
2458498.2943003 10.96 0.12
2458498.2944739 10.99 0.13
2458498.2946475 10.84 0.12
2458498.2948211 10.97 0.12
2458498.2951684 11.13 0.14
2458498.2953420 11.09 0.13
2458498.2955156 11.03 0.13
2458498.2956892 11.14 0.14
2458498.2958628 10.91 0.11
2458498.2960364 10.86 0.11
2458498.2962100 10.98 0.12
2458498.2963836 11.09 0.14
2458498.2965572 11.10 0.14
2458498.2967309 10.85 0.11
2458498.2969045 10.80 0.10
2458498.2970781 10.92 0.11
2458498.2972517 11.06 0.13
2458498.2974253 11.01 0.12
2458498.2975989 10.78 0.10
2458498.2977725 11.10 0.13
2458498.2979461 10.81 0.10
2458498.2981198 11.03 0.13
2458498.2982934 10.88 0.11
2458498.2984670 10.94 0.12
2458498.2986406 11.01 0.12
2458498.2988142 10.95 0.12
2458498.2989878 10.88 0.11
2458498.2991614 10.79 0.10
2458498.2993350 10.87 0.11
2458498.2995086 10.77 0.10
2458498.2996823 10.85 0.11
2458498.2998559 10.92 0.12
2458498.3000295 10.84 0.11
2458498.3002031 11.20 0.15
2458498.3003767 10.88 0.11
2458498.3005503 10.74 0.10
2458498.3007239 10.84 0.11
2458498.3008975 10.97 0.12
2458498.3010711 10.95 0.12
2458498.3012447 10.76 0.10
2458498.3014184 11.02 0.13
2458498.3017656 10.91 0.11
2458498.3019392 10.96 0.12
2458498.3021128 10.85 0.11
2458498.3022864 10.93 0.12
2458498.3024600 10.76 0.10
2458498.3026336 10.95 0.12
2458498.3028072 11.09 0.13
2458498.3029809 10.88 0.11
2458498.3031545 10.85 0.11
2458498.3033281 10.97 0.12
2458498.3035017 10.93 0.11
2458498.3036766 10.99 0.12
2458498.3038500 10.85 0.10
2458498.3040235 11.02 0.12
2458498.3041969 11.09 0.13
2458498.3043703 11.11 0.13
2458498.3045438 10.97 0.12
2458498.3047172 10.86 0.11
2458498.3048907 10.82 0.10
2458498.3050642 11.03 0.13
2458498.3052378 11.14 0.14
2458498.3054114 10.90 0.11
2458498.3055850 10.84 0.10
2458498.3057586 10.62 0.09
2458498.3059323 11.11 0.14
2458498.3061059 10.74 0.10
2458498.3062795 10.85 0.11
2458498.3064531 10.99 0.12
2458498.3066267 10.75 0.10
2458498.3068003 10.84 0.11
2458498.3069739 10.83 0.11
2458498.3071475 11.06 0.13
2458498.3073211 10.88 0.11
2458498.3074948 10.92 0.11
2458498.3076684 10.80 0.10
2458498.3078420 10.65 0.09
2458498.3080156 11.07 0.13
2458498.3081892 10.96 0.12
2458498.3083628 11.01 0.12
2458498.3085364 10.84 0.11
2458498.3087100 11.10 0.13
2458498.3088836 10.95 0.12
2458498.3090572 10.89 0.11
2458498.3092309 10.80 0.10
2458498.3094045 10.93 0.12
2458498.3095781 11.01 0.12
2458498.3097517 11.23 0.15
2458498.3099253 10.75 0.10
2458498.3100989 10.73 0.10
2458498.3102725 10.94 0.12
2458498.3104461 10.95 0.12
2458498.3106197 10.92 0.12
2458498.3107934 10.91 0.12
2458498.3109670 10.86 0.11
2458498.3111406 10.79 0.10
2458498.3113142 10.92 0.11
2458498.3114878 10.81 0.11
2458498.3116614 11.00 0.13
2458498.3118350 10.84 0.11
2458498.3121822 10.88 0.11
2458498.3123559 10.99 0.12
2458498.3125295 11.11 0.14
2458498.3127031 11.01 0.13
2458498.3128767 10.67 0.09
2458498.3130503 11.07 0.14
2458498.3132239 10.97 0.12
2458498.3133975 10.66 0.09
2458498.3135711 10.86 0.11
2458498.3137448 10.93 0.12
2458498.3139184 10.82 0.11
2458498.3140920 11.10 0.14
2458498.3142656 10.94 0.12
2458498.3144392 10.99 0.12
2458498.3146128 10.77 0.10
2458498.3147864 10.75 0.10
2458498.3149600 10.92 0.12
2458498.3153073 11.19 0.15
2458498.3154809 11.05 0.13
2458498.3156558 11.05 0.13
2458498.3158292 10.96 0.12
2458498.3160027 10.86 0.11
2458498.3161761 10.91 0.12
2458498.3163496 10.82 0.11
2458498.3165230 11.01 0.13
2458498.3166965 10.84 0.11
2458498.3168699 11.03 0.13
2458498.3170434 10.77 0.10
2458498.3172170 10.98 0.13
2458498.3173906 10.79 0.10
2458498.3175642 10.80 0.10
2458498.3177378 10.83 0.11
2458498.3179114 10.75 0.10
2458498.3180850 11.08 0.13
2458500.2345549 10.74 0.13
2458500.2347285 10.81 0.14
2458500.2352494 10.88 0.15
2458500.2354230 10.80 0.14
2458500.2355966 10.78 0.14
2458500.2359438 10.98 0.16
2458500.2366383 10.69 0.13
2458500.2369855 10.88 0.15
2458500.2373327 10.83 0.14
2458500.2380272 10.74 0.13
2458500.2382008 10.94 0.16
2458500.2383744 10.90 0.15
2458500.2387216 10.85 0.14
2458500.2388952 10.83 0.14
2458500.2390688 10.85 0.14
2458500.2392424 10.93 0.15
2458500.2395897 10.80 0.14
2458500.2397633 10.88 0.15
2458500.2401105 10.76 0.13
2458500.2404577 10.86 0.14
2458500.2409785 10.74 0.13
2458500.2420202 10.79 0.14
2458500.2423674 10.79 0.13
2458500.2430619 10.79 0.13
2458500.2442772 10.71 0.12
2458500.2444520 10.89 0.14
2458500.2449724 10.86 0.14
2458500.2453193 10.74 0.12
2458500.2456661 10.87 0.14
2458500.2458397 10.88 0.14
2458500.2465341 10.82 0.13
2458500.2474022 10.87 0.14
2458500.2475758 10.83 0.13
2458500.2480966 10.89 0.14
2458500.2489647 10.72 0.12
2458500.2494855 10.71 0.12
2458500.2500063 10.93 0.14
2458500.2501799 10.88 0.14
2458500.2503535 10.87 0.14
2458500.2508744 10.95 0.15
2458500.2510480 10.99 0.15
2458500.2512216 10.86 0.14
2458500.2513952 10.75 0.12
2458500.2515688 10.81 0.13
2458500.2519160 10.82 0.13
2458500.2520897 10.82 0.13
2458500.2522633 10.78 0.13
2458500.2524369 10.95 0.15
2458500.2531313 10.93 0.14
2458500.2533049 11.04 0.16
2458500.2534786 10.95 0.15
2458500.2536522 10.99 0.15
2458500.2543466 10.73 0.12
2458500.2545202 10.72 0.12
2458500.2550411 10.82 0.13
2458500.2557355 10.68 0.11
2458500.2559091 10.90 0.14
2458500.2562563 10.80 0.13
2458500.2564312 10.85 0.14
2458500.2569515 10.90 0.14
2458500.2571250 10.95 0.15
2458500.2572984 10.85 0.14
2458500.2579924 10.94 0.15
2458500.2588605 10.73 0.12
2458500.2590341 10.73 0.12
2458500.2600758 10.94 0.14
2458500.2602494 10.88 0.14
2458500.2604230 10.76 0.12
2458500.2605966 10.69 0.11
2458500.2607702 10.97 0.15
2458500.2609438 11.02 0.15
2458500.2612911 10.85 0.13
2458500.2614647 10.87 0.13
2458500.2616383 10.86 0.13
2458500.2618119 10.92 0.14
2458500.2619855 10.92 0.14
2458500.2623327 10.86 0.13
2458500.2625063 10.78 0.12
2458500.2626799 10.85 0.13
2458500.2628535 10.79 0.12
2458500.2635480 10.91 0.14
2458500.2637216 10.86 0.13
2458500.2638952 11.04 0.15
2458500.2642424 10.78 0.12
2458500.2644160 10.85 0.13
2458500.2645897 10.95 0.14
2458500.2647633 10.97 0.14
2458500.2654577 10.89 0.13
2458500.2656313 10.89 0.13
2458500.2658049 10.82 0.12
2458500.2659785 10.82 0.12
2458500.2661522 10.98 0.14
2458500.2663258 11.09 0.16
2458500.2664994 10.92 0.14
2458500.2666730 11.07 0.16
2458500.2670202 11.14 0.17
2458500.2671938 11.00 0.15
2458500.2673674 11.10 0.16
2458500.2675410 10.87 0.13
2458500.2677147 11.05 0.15
2458500.2678883 10.89 0.13
2458500.2680619 10.93 0.14
2458500.2682355 10.77 0.12
2458500.2684104 10.88 0.13
2458500.2687573 10.90 0.13
2458500.2689307 10.96 0.14
2458500.2691042 10.78 0.12
2458500.2696245 11.00 0.15
2458500.2704924 11.01 0.15
2458500.2706661 10.95 0.14
2458500.2708397 10.95 0.14
2458500.2710133 10.97 0.14
2458500.2711869 11.03 0.15
2458500.2715341 10.90 0.13
2458500.2717077 10.74 0.12
2458500.2718813 10.86 0.13
2458500.2720549 10.93 0.14
2458500.2722285 10.87 0.13
2458500.2725758 11.04 0.15
2458500.2729230 10.89 0.13
2458500.2730966 11.08 0.16
2458500.2732702 10.92 0.14
2458500.2734438 10.83 0.13
2458500.2739647 11.05 0.15
2458500.2743119 10.72 0.11
2458500.2744855 10.77 0.12
2458500.2746591 10.90 0.14
2458500.2748327 10.94 0.14
2458500.2750063 11.06 0.16
2458500.2751799 10.99 0.14
2458500.2755272 10.77 0.12
2458500.2757008 10.80 0.12
2458500.2758744 10.85 0.13
2458500.2760480 10.76 0.12
2458500.2763952 10.93 0.13
2458500.2767424 10.96 0.14
2458500.2769161 11.18 0.17
2458500.2770897 10.85 0.13
2458500.2772633 10.88 0.13
2458500.2774369 10.86 0.13
2458500.2776105 10.88 0.13
2458500.2779577 10.92 0.14
2458500.2781313 10.94 0.14
2458500.2783049 10.86 0.13
2458500.2788258 10.86 0.13
2458500.2789994 11.02 0.15
2458500.2796938 10.83 0.12
2458500.2798674 10.93 0.14
2458500.2802147 10.91 0.14
2458500.2803896 10.97 0.14
2458500.2805631 10.79 0.12
2458500.2807365 11.01 0.15
2458500.2809100 10.94 0.14
2458500.2814303 10.81 0.12
2458500.2816037 10.88 0.13
2458500.2817772 10.82 0.12
2458500.2819508 10.87 0.13
2458500.2821244 10.79 0.12
2458500.2822980 10.89 0.13
2458500.2824716 10.78 0.12
2458500.2826452 10.65 0.11
2458500.2828188 11.09 0.16
2458500.2829924 10.96 0.14
2458500.2831660 10.91 0.13
2458500.2833397 10.94 0.14
2458500.2836869 10.96 0.14
2458500.2838605 11.17 0.17
2458500.2840341 10.94 0.14
2458500.2842077 10.89 0.13
2458500.2843813 10.90 0.13
2458500.2845549 10.69 0.11
2458500.2847286 10.82 0.12
2458500.2849022 10.87 0.13
2458500.2850758 11.07 0.15
2458500.2852494 10.84 0.12
2458500.2854230 10.87 0.13
2458500.2855966 10.76 0.11
2458500.2857702 10.96 0.14
2458500.2859438 11.05 0.15
2458500.2861174 10.96 0.14
2458500.2862911 11.04 0.15
2458500.2864647 10.94 0.14
2458500.2868119 10.74 0.11
2458500.2871591 10.84 0.13
2458500.2873327 10.91 0.14
2458500.2875063 10.95 0.14
2458500.2878535 10.77 0.12
2458500.2880272 10.97 0.14
2458500.2882008 10.81 0.12
2458500.2883744 10.94 0.13
2458500.2885480 11.05 0.15
2458500.2887216 11.07 0.15
2458500.2888952 10.76 0.12
2458500.2890688 10.98 0.14
2458500.2892424 11.06 0.15
2458500.2894160 10.79 0.12
2458500.2897633 10.85 0.13
2458500.2899369 10.85 0.12
2458500.2902841 10.90 0.13
2458500.2906313 10.89 0.13
2458500.2909785 10.67 0.10
2458500.2911522 10.98 0.14
2458500.2913258 10.88 0.12
2458500.2914994 10.96 0.13
2458500.2916730 11.07 0.15
2458500.2918466 10.91 0.13
2458500.2920202 11.05 0.14
2458500.2921938 10.94 0.13
2458500.2923688 11.05 0.14
2458500.2925423 10.99 0.14
2458500.2927157 10.95 0.13
2458500.2928892 10.86 0.12
2458500.2930626 10.85 0.12
2458500.2932360 10.89 0.12
2458500.2934095 10.96 0.13