2458467.3668514 8.31 0.01
2458467.3670250 8.33 0.01
2458467.3673723 8.30 0.01
2458467.3675459 8.30 0.01
2458467.3677195 8.29 0.01
2458467.3678931 8.29 0.01
2458467.3680667 8.28 0.01
2458467.3682403 8.30 0.01
2458467.3684139 8.30 0.01
2458467.3685875 8.28 0.01
2458467.3687611 8.31 0.01
2458467.3689347 8.29 0.01
2458467.3691084 8.29 0.01
2458467.3692820 8.29 0.01
2458467.3694556 8.31 0.01
2458467.3696292 8.30 0.01
2458467.3698028 8.30 0.01
2458467.3699764 8.30 0.01
2458467.3701500 8.30 0.01
2458467.3703236 8.30 0.01
2458467.3704972 8.28 0.01
2458467.3706709 8.31 0.01
2458467.3708445 8.32 0.01
2458467.3710181 8.31 0.01
2458467.3711917 8.29 0.01
2458467.3713653 8.28 0.01
2458467.3715389 8.30 0.01
2458467.3717125 8.30 0.01
2458467.3718861 8.32 0.01
2458467.3720598 8.31 0.01
2458467.3722334 8.28 0.01
2458467.3724070 8.30 0.01
2458467.3725806 8.32 0.01
2458467.3727542 8.31 0.01
2458467.3729278 8.27 0.01
2458467.3731014 8.34 0.01
2458467.3732750 8.30 0.01
2458467.3734486 8.29 0.01
2458467.3736223 8.29 0.01
2458467.3737959 8.32 0.01
2458467.3739695 8.33 0.01
2458467.3741431 8.32 0.01
2458467.3743167 8.31 0.01
2458467.3744903 8.31 0.01
2458467.3746639 8.32 0.01
2458467.3748375 8.29 0.01
2458467.3750111 8.30 0.01
2458467.3751848 8.33 0.01
2458467.3753584 8.31 0.01
2458467.3755332 8.30 0.01
2458467.3757067 8.30 0.01
2458467.3758801 8.27 0.01
2458467.3760536 8.34 0.01
2458467.3762270 8.31 0.01
2458467.3764005 8.32 0.01
2458467.3765739 8.31 0.01
2458467.3767473 8.29 0.01
2458467.3769209 8.32 0.01
2458467.3770945 8.31 0.01
2458467.3772681 8.33 0.01
2458467.3774417 8.29 0.01
2458467.3776153 8.28 0.01
2458467.3777889 8.30 0.01
2458467.3779625 8.30 0.01
2458467.3781361 8.33 0.01
2458467.3783097 8.30 0.01
2458467.3784834 8.32 0.01
2458467.3786570 8.33 0.01
2458467.3788306 8.30 0.01
2458467.3790042 8.29 0.01
2458467.3791778 8.29 0.01
2458467.3793514 8.28 0.01
2458467.3795250 8.31 0.01
2458467.3796986 8.30 0.01
2458467.3798723 8.31 0.01
2458467.3800459 8.29 0.01
2458467.3802195 8.32 0.01
2458467.3803931 8.30 0.01
2458467.3805667 8.31 0.01
2458467.3807403 8.29 0.01
2458467.3809139 8.30 0.01
2458467.3810875 8.30 0.01
2458467.3812611 8.32 0.01
2458467.3814348 8.29 0.01
2458467.3816084 8.27 0.01
2458467.3817820 8.30 0.01
2458467.3819556 8.31 0.01
2458467.3821292 8.31 0.01
2458467.3823028 8.30 0.01
2458467.3824764 8.31 0.01
2458467.3826500 8.30 0.01
2458467.3828236 8.28 0.01
2458467.3829973 8.28 0.01
2458467.3831709 8.29 0.01
2458467.3833445 8.29 0.01
2458467.3836917 8.29 0.01
2458467.3838653 8.29 0.01
2458467.3843861 8.26 0.01
2458467.3845597 8.29 0.01
2458467.3847334 8.28 0.01
2458467.3854278 8.30 0.01
2458469.3667865 8.30 0.01
2458469.3670135 8.32 0.01
2458469.3671871 8.36 0.01
2458469.3673607 8.30 0.01
2458469.3675343 8.31 0.01
2458469.3677079 8.32 0.01
2458469.3678815 8.31 0.01
2458469.3680551 8.31 0.01
2458469.3682287 8.32 0.01
2458469.3684023 8.33 0.01
2458469.3685760 8.29 0.01
2458469.3687496 8.31 0.01
2458469.3689232 8.30 0.01
2458469.3690968 8.32 0.01
2458469.3692704 8.30 0.01
2458469.3694440 8.30 0.01
2458469.3696176 8.30 0.01
2458469.3697912 8.30 0.01
2458469.3699648 8.30 0.01
2458469.3701384 8.29 0.01
2458469.3703121 8.31 0.01
2458469.3704857 8.30 0.01
2458469.3706593 8.33 0.01
2458469.3708329 8.32 0.01
2458469.3710065 8.33 0.01
2458469.3711801 8.32 0.01
2458469.3713537 8.33 0.01
2458469.3715273 8.33 0.01
2458469.3717009 8.31 0.01
2458469.3718746 8.32 0.01
2458469.3720482 8.33 0.01
2458469.3722218 8.31 0.01
2458469.3723954 8.31 0.01
2458469.3725690 8.32 0.01
2458469.3727426 8.35 0.01
2458469.3729162 8.34 0.01
2458469.3730898 8.34 0.01
2458469.3732635 8.33 0.01
2458469.3734371 8.33 0.01
2458469.3736107 8.30 0.01
2458469.3737843 8.32 0.01
2458469.3739579 8.32 0.01
2458469.3741315 8.31 0.01
2458469.3743051 8.30 0.01
2458469.3744787 8.31 0.01
2458469.3746524 8.31 0.01
2458469.3748260 8.33 0.01
2458469.3749996 8.32 0.01
2458469.3751732 8.35 0.01
2458469.3753468 8.30 0.01
2458469.3755204 8.33 0.01
2458469.3756940 8.33 0.01
2458469.3758676 8.30 0.01
2458469.3760425 8.33 0.01
2458469.3762159 8.33 0.01
2458469.3763894 8.32 0.01
2458469.3765628 8.35 0.01
2458469.3767363 8.33 0.01
2458469.3769097 8.33 0.01
2458469.3770832 8.30 0.01
2458469.3772566 8.33 0.01
2458469.3774301 8.36 0.01
2458469.3776037 8.33 0.01
2458469.3777773 8.32 0.01
2458469.3779510 8.31 0.01
2458469.3781246 8.31 0.01
2458469.3782982 8.34 0.01
2458469.3784718 8.33 0.01
2458469.3786454 8.31 0.01
2458488.3044163 8.32 0.01
2458488.3045899 8.29 0.01
2458488.3047635 8.32 0.01
2458488.3049371 8.32 0.01
2458488.3051107 8.33 0.01
2458488.3052844 8.31 0.01
2458488.3054579 8.30 0.01
2458488.3056316 8.30 0.01
2458488.3058052 8.31 0.01
2458488.3059788 8.30 0.01
2458488.3061524 8.31 0.01
2458488.3063260 8.31 0.01
2458488.3064996 8.35 0.01
2458488.3066732 8.32 0.01
2458488.3068468 8.29 0.01
2458488.3070205 8.33 0.01
2458488.3071941 8.30 0.01
2458488.3073677 8.34 0.01
2458488.3075413 8.36 0.01
2458488.3077149 8.34 0.01
2458488.3078885 8.31 0.01
2458488.3080621 8.29 0.01
2458488.3082357 8.31 0.01
2458488.3084093 8.30 0.01
2458488.3085830 8.34 0.01
2458488.3087566 8.31 0.01
2458488.3089302 8.34 0.01
2458488.3091038 8.30 0.01
2458488.3092788 8.31 0.01
2458488.3094522 8.34 0.01
2458488.3096257 8.33 0.01
2458488.3097991 8.36 0.01
2458488.3099726 8.28 0.01
2458488.3101460 8.33 0.01
2458488.3103194 8.33 0.01
2458488.3104929 8.33 0.01
2458488.3106663 8.30 0.01
2458488.3108399 8.29 0.01
2458488.3110135 8.29 0.01
2458488.3111871 8.31 0.01
2458488.3113607 8.34 0.01
2458488.3115344 8.31 0.01
2458488.3117080 8.33 0.01
2458488.3118816 8.33 0.01
2458488.3120552 8.31 0.01
2458488.3122288 8.31 0.01
2458488.3124024 8.31 0.01
2458488.3125760 8.32 0.01
2458488.3127496 8.32 0.01
2458488.3129232 8.30 0.01
2458488.3130969 8.34 0.01
2458488.3132705 8.31 0.01
2458488.3134441 8.34 0.01
2458488.3136177 8.34 0.01
2458488.3137913 8.31 0.01
2458488.3139649 8.35 0.01
2458488.3141385 8.29 0.01
2458488.3143121 8.31 0.01
2458488.3144857 8.33 0.01
2458488.3146593 8.28 0.01
2458488.3148330 8.31 0.01
2458488.3150066 8.34 0.01
2458488.3151802 8.33 0.01
2458488.3153538 8.29 0.01
2458488.3155274 8.30 0.01
2458488.3157010 8.31 0.01
2458488.3158746 8.32 0.01
2458488.3160482 8.33 0.01
2458488.3162218 8.30 0.01
2458488.3163955 8.31 0.01
2458488.3165691 8.31 0.01
2458488.3167427 8.31 0.01
2458488.3169163 8.34 0.01
2458488.3170899 8.31 0.01
2458488.3172635 8.30 0.01
2458488.3174371 8.31 0.01
2458488.3176107 8.28 0.01
2458488.3177844 8.30 0.01
2458488.3179580 8.30 0.01
2458488.3181316 8.29 0.01
2458488.3183052 8.34 0.01
2458488.3184788 8.33 0.01
2458488.3186524 8.33 0.01
2458488.3188260 8.30 0.01
2458488.3189996 8.30 0.01
2458488.3191732 8.35 0.01
2458488.3193469 8.33 0.01
2458488.3195205 8.31 0.01
2458488.3196941 8.29 0.01
2458488.3198677 8.31 0.01
2458488.3200413 8.28 0.01
2458488.3202149 8.34 0.01
2458488.3203885 8.32 0.01
2458488.3205621 8.32 0.01
2458488.3207357 8.31 0.01
2458488.3209094 8.30 0.01
2458488.3210830 8.31 0.01
2458488.3212579 8.34 0.01
2458488.3214314 8.32 0.01
2458488.3216048 8.31 0.01
2458488.3217783 8.33 0.01
2458488.3219517 8.32 0.01
2458488.3221252 8.31 0.01
2458488.3222986 8.29 0.01
2458488.3224720 8.32 0.01
2458488.3226455 8.29 0.01
2458488.3228191 8.32 0.01
2458488.3229927 8.33 0.01
2458488.3231663 8.35 0.01
2458488.3233399 8.33 0.01
2458488.3235135 8.33 0.01
2458488.3236871 8.34 0.01
2458488.3238607 8.30 0.01
2458488.3240343 8.33 0.01
2458488.3242080 8.31 0.01
2458488.3243816 8.30 0.01
2458488.3245552 8.32 0.01
2458488.3247288 8.32 0.01
2458488.3249024 8.32 0.01
2458488.3250760 8.32 0.01
2458488.3252496 8.31 0.01
2458488.3254232 8.32 0.01
2458488.3255969 8.33 0.01
2458488.3257705 8.31 0.01
2458488.3259441 8.32 0.01
2458488.3261177 8.34 0.01
2458488.3262913 8.32 0.01
2458488.3264649 8.35 0.01
2458488.3266385 8.34 0.01
2458488.3268121 8.34 0.01
2458488.3269857 8.33 0.01
2458488.3271594 8.33 0.01
2458488.3273330 8.31 0.01
2458488.3275066 8.33 0.01
2458488.3276802 8.31 0.01
2458488.3278538 8.31 0.01
2458488.3280274 8.30 0.01
2458488.3282010 8.32 0.01
2458488.3283746 8.34 0.01
2458488.3285482 8.29 0.01
2458488.3287218 8.29 0.01
2458488.3288955 8.33 0.01
2458488.3290691 8.33 0.01
2458488.3292427 8.29 0.01
2458488.3294163 8.32 0.01
2458488.3295899 8.33 0.01
2458488.3297635 8.29 0.01
2458488.3299371 8.34 0.01
2458488.3301107 8.31 0.01
2458488.3302843 8.32 0.01
2458488.3304580 8.32 0.01
2458488.3306316 8.33 0.01
2458488.3308052 8.30 0.01
2458488.3309788 8.31 0.01
2458488.3311524 8.32 0.01
2458488.3313260 8.33 0.01
2458488.3314996 8.30 0.01
2458488.3316732 8.30 0.01
2458488.3318468 8.33 0.01
2458488.3320205 8.29 0.01
2458488.3321941 8.31 0.01
2458488.3323677 8.30 0.01
2458488.3325413 8.32 0.01
2458488.3327149 8.30 0.01
2458488.3328885 8.33 0.01
2458488.3330621 8.33 0.01
2458488.3332370 8.31 0.01
2458488.3334105 8.34 0.01
2458488.3335839 8.32 0.01
2458488.3337574 8.29 0.01
2458488.3339308 8.33 0.01
2458488.3341043 8.31 0.01
2458488.3342777 8.31 0.01
2458488.3344511 8.31 0.01
2458488.3346246 8.32 0.01
2458488.3347982 8.31 0.01
2458488.3349719 8.32 0.01
2458488.3351455 8.28 0.01
2458488.3353191 8.34 0.01
2458488.3354927 8.32 0.01
2458488.3356663 8.34 0.01
2458488.3358399 8.29 0.01
2458488.3360135 8.32 0.01
2458488.3363607 8.30 0.01
2458488.3365344 8.34 0.01
2458488.3367080 8.30 0.01
2458488.3368816 8.33 0.01
2458488.3370552 8.33 0.01
2458488.3372288 8.30 0.01
2458488.3374024 8.31 0.01
2458488.3375760 8.29 0.01
2458488.3377496 8.32 0.01
2458488.3379232 8.33 0.01
2458488.3380968 8.27 0.01
2458488.3382705 8.31 0.01
2458488.3384441 8.29 0.01
2458488.3387913 8.30 0.01
2458488.3389649 8.33 0.01
2458488.3400066 8.28 0.01
2458488.3405274 8.30 0.01
2458488.3415691 8.35 0.01
2458493.2519739 8.32 0.01
2458493.2521475 8.30 0.01
2458493.2523211 8.30 0.01
2458493.2524947 8.28 0.01
2458493.2526684 8.30 0.01
2458493.2528420 8.29 0.01
2458493.2530156 8.32 0.01
2458493.2531892 8.29 0.01
2458493.2533628 8.32 0.01
2458493.2535364 8.30 0.01
2458493.2537100 8.31 0.01
2458493.2538836 8.29 0.01
2458493.2540586 8.30 0.01
2458493.2542320 8.33 0.01
2458493.2544055 8.30 0.01
2458493.2545789 8.32 0.01
2458493.2547524 8.31 0.01
2458493.2549258 8.32 0.01
2458493.2550993 8.27 0.01
2458493.2552727 8.30 0.01
2458493.2554461 8.34 0.01
2458493.2556198 8.33 0.01
2458493.2557934 8.32 0.01
2458493.2559670 8.29 0.01
2458493.2561406 8.32 0.01
2458493.2563142 8.34 0.01
2458493.2564878 8.31 0.01
2458493.2566614 8.28 0.01
2458493.2568350 8.32 0.01
2458493.2570086 8.31 0.01
2458493.2571823 8.34 0.01
2458493.2573559 8.31 0.01
2458493.2575295 8.29 0.01
2458493.2577031 8.29 0.01
2458493.2578767 8.30 0.01
2458493.2580503 8.29 0.01
2458493.2582239 8.30 0.01
2458493.2583975 8.30 0.01
2458493.2585711 8.31 0.01
2458493.2587447 8.32 0.01
2458493.2589184 8.30 0.01
2458493.2590920 8.34 0.01
2458493.2592656 8.32 0.01
2458493.2594392 8.30 0.01
2458493.2596128 8.31 0.01
2458493.2597864 8.33 0.01
2458493.2599600 8.36 0.01
2458493.2601336 8.32 0.01
2458493.2603072 8.32 0.01
2458493.2604809 8.30 0.01
2458493.2606545 8.33 0.01
2458493.2608281 8.32 0.01
2458493.2610017 8.32 0.01
2458493.2611753 8.32 0.01
2458493.2613489 8.32 0.01
2458493.2615225 8.33 0.01
2458493.2616961 8.32 0.01
2458493.2618697 8.31 0.01
2458493.2620434 8.33 0.01
2458493.2622170 8.31 0.01
2458493.2623906 8.32 0.01
2458493.2625642 8.33 0.01
2458493.2627378 8.34 0.01
2458493.2629114 8.32 0.01
2458493.2630850 8.32 0.01
2458493.2632586 8.32 0.01
2458493.2634323 8.30 0.01
2458493.2636059 8.33 0.01
2458493.2637795 8.30 0.01
2458493.2639531 8.31 0.01
2458493.2641267 8.33 0.01
2458493.2643003 8.33 0.01
2458493.2644739 8.32 0.01
2458493.2646475 8.33 0.01
2458493.2648211 8.32 0.01
2458493.2649948 8.28 0.01
2458493.2651684 8.33 0.01
2458493.2653420 8.30 0.01
2458493.2655156 8.32 0.01
2458493.2656892 8.30 0.01
2458493.2658628 8.31 0.01
2458493.2660378 8.34 0.01
2458493.2662112 8.31 0.01
2458493.2663847 8.31 0.01
2458493.2665581 8.31 0.01
2458493.2667316 8.33 0.01
2458493.2669050 8.32 0.01
2458493.2670784 8.32 0.01
2458493.2672519 8.27 0.01
2458493.2674253 8.31 0.01
2458493.2675989 8.33 0.01
2458493.2677725 8.36 0.01
2458493.2679461 8.31 0.01
2458493.2681197 8.30 0.01
2458493.2682934 8.29 0.01
2458493.2684670 8.31 0.01
2458493.2686406 8.29 0.01
2458493.2688142 8.32 0.01
2458493.2689878 8.30 0.01
2458493.2691614 8.30 0.01
2458493.2693350 8.32 0.01
2458493.2695086 8.30 0.01
2458493.2696822 8.32 0.01
2458493.2698559 8.32 0.01
2458493.2700295 8.32 0.01
2458493.2702031 8.29 0.01
2458493.2703767 8.31 0.01
2458493.2705503 8.31 0.01
2458493.2707239 8.32 0.01
2458493.2708975 8.30 0.01
2458493.2710711 8.33 0.01
2458493.2712448 8.32 0.01
2458493.2714184 8.32 0.01
2458493.2715920 8.32 0.01
2458493.2717656 8.31 0.01
2458493.2719392 8.32 0.01
2458493.2721128 8.29 0.01
2458493.2722864 8.31 0.01
2458493.2724600 8.30 0.01
2458493.2726336 8.35 0.01
2458493.2728073 8.33 0.01
2458493.2729809 8.28 0.01
2458493.2731545 8.30 0.01
2458493.2733281 8.32 0.01
2458493.2735017 8.31 0.01
2458493.2736753 8.32 0.01
2458493.2738489 8.31 0.01
2458493.2740225 8.33 0.01
2458493.2741961 8.32 0.01
2458493.2743697 8.31 0.01
2458493.2745434 8.32 0.01
2458493.2747170 8.31 0.01
2458493.2748906 8.32 0.01
2458493.2750642 8.31 0.01
2458493.2752378 8.33 0.01
2458493.2754114 8.34 0.01
2458493.2755850 8.29 0.01
2458493.2757586 8.31 0.01
2458493.2759322 8.31 0.01
2458493.2761059 8.34 0.01
2458493.2762795 8.33 0.01
2458493.2764531 8.31 0.01
2458493.2766267 8.33 0.01
2458493.2768003 8.32 0.01
2458493.2769739 8.31 0.01
2458493.2771475 8.30 0.01
2458493.2773211 8.34 0.01
2458493.2774947 8.32 0.01
2458493.2776684 8.33 0.01
2458493.2778420 8.33 0.01
2458493.2780169 8.29 0.01
2458493.2781904 8.33 0.01
2458493.2783638 8.31 0.01
2458493.2785373 8.29 0.01
2458493.2787107 8.33 0.01
2458493.2788841 8.32 0.01
2458493.2790576 8.31 0.01
2458493.2792310 8.32 0.01
2458493.2794045 8.33 0.01
2458493.2795781 8.32 0.01
2458493.2797517 8.36 0.01
2458493.2799253 8.35 0.01
2458493.2800989 8.31 0.01
2458493.2802725 8.29 0.01
2458493.2804461 8.34 0.01
2458493.2806198 8.34 0.01
2458493.2807934 8.31 0.01
2458493.2809670 8.32 0.01
2458493.2811406 8.29 0.01
2458493.2813142 8.31 0.01
2458493.2814878 8.34 0.01
2458493.2816614 8.34 0.01
2458493.2818350 8.35 0.01
2458493.2820086 8.30 0.01
2458493.2821822 8.34 0.01
2458493.2823559 8.33 0.01
2458493.2825295 8.33 0.01
2458493.2827031 8.35 0.01
2458493.2828767 8.32 0.01
2458493.2830503 8.33 0.01
2458493.2832239 8.33 0.01
2458493.2833975 8.30 0.01
2458493.2835711 8.32 0.01
2458493.2837447 8.33 0.01
2458493.2839184 8.32 0.01
2458493.2840920 8.31 0.01
2458493.2842656 8.28 0.01
2458493.2844392 8.32 0.01
2458493.2846128 8.32 0.01
2458493.2847864 8.31 0.01
2458493.2849600 8.31 0.01
2458493.2851336 8.31 0.01
2458493.2853072 8.28 0.01
2458493.2854809 8.31 0.01
2458493.2856545 8.30 0.01
2458493.2858281 8.31 0.01
2458493.2860017 8.33 0.01
2458493.2861753 8.34 0.01
2458493.2863489 8.31 0.01
2458493.2865225 8.30 0.01
2458493.2866961 8.30 0.01
2458493.2868698 8.29 0.01
2458493.2870434 8.30 0.01
2458493.2872170 8.33 0.01
2458493.2873906 8.29 0.01
2458493.2875642 8.32 0.01
2458493.2877378 8.32 0.01
2458493.2879114 8.32 0.01
2458493.2880850 8.32 0.01
2458493.2882586 8.32 0.01
2458493.2884323 8.29 0.01
2458493.2886059 8.30 0.01
2458493.2887795 8.30 0.01
2458493.2889531 8.34 0.01
2458493.2891267 8.31 0.01
2458493.2893003 8.28 0.01
2458493.2894739 8.30 0.01
2458493.2896475 8.30 0.01
2458493.2898211 8.31 0.01
2458493.2899961 8.30 0.01
2458493.2901695 8.30 0.01
2458493.2903429 8.27 0.01
2458493.2905164 8.29 0.01
2458493.2906898 8.29 0.01
2458493.2908633 8.31 0.01
2458493.2910367 8.27 0.01
2458493.2912102 8.32 0.01
2458493.2915572 8.28 0.01
2458493.2917309 8.31 0.01
2458494.3446475 8.31 0.02
2458494.3448211 8.28 0.02
2458494.3449948 8.28 0.02
2458494.3451684 8.31 0.02
2458494.3453420 8.30 0.02
2458494.3455156 8.30 0.02
2458494.3456892 8.35 0.02
2458494.3458628 8.32 0.02
2458494.3460364 8.35 0.02
2458494.3462100 8.29 0.02
2458494.3463836 8.33 0.02
2458494.3465573 8.30 0.02
2458494.3467309 8.34 0.02
2458494.3469045 8.28 0.02
2458494.3470781 8.33 0.02
2458494.3472517 8.31 0.02
2458494.3474253 8.31 0.02
2458494.3475989 8.30 0.02
2458494.3477725 8.30 0.02
2458494.3479462 8.30 0.02
2458494.3481197 8.30 0.02
2458494.3482934 8.31 0.02
2458494.3484670 8.32 0.02
2458494.3486406 8.32 0.02
2458494.3488142 8.29 0.02
2458494.3489878 8.30 0.02
2458494.3491614 8.28 0.02
2458494.3493350 8.35 0.02
2458494.3495086 8.33 0.02
2458494.3496822 8.31 0.02
2458494.3498559 8.33 0.02
2458494.3500295 8.31 0.02
2458494.3502031 8.33 0.02
2458494.3503767 8.30 0.02
2458494.3505503 8.33 0.02
2458494.3507239 8.34 0.02
2458494.3508975 8.37 0.02
2458494.3510711 8.38 0.02
2458494.3512447 8.32 0.02
2458494.3514184 8.36 0.02
2458494.3515920 8.32 0.02
2458494.3517656 8.32 0.02
2458494.3519392 8.31 0.02
2458494.3521128 8.35 0.02
2458494.3522864 8.30 0.02
2458494.3524600 8.30 0.02
2458494.3526336 8.28 0.02
2458494.3528073 8.30 0.02
2458494.3529809 8.33 0.02
2458494.3531545 8.33 0.02
2458494.3533281 8.37 0.02
2458494.3535031 8.29 0.02
2458494.3536765 8.34 0.02
2458494.3538500 8.30 0.02
2458494.3540234 8.34 0.02
2458494.3541969 8.26 0.02
2458494.3543703 8.30 0.02
2458494.3545438 8.29 0.02
2458494.3547172 8.31 0.02
2458494.3548906 8.33 0.02
2458494.3550642 8.31 0.02
2458494.3552378 8.33 0.02
2458494.3554114 8.32 0.02
2458494.3555850 8.28 0.02
2458494.3557586 8.31 0.02
2458494.3559322 8.31 0.02
2458494.3561059 8.36 0.02
2458494.3562795 8.36 0.02
2458494.3564531 8.35 0.02
2458494.3566267 8.38 0.02
2458494.3568003 8.33 0.02
2458494.3569739 8.35 0.02
2458494.3571475 8.33 0.02
2458494.3573211 8.31 0.02
2458494.3574947 8.33 0.02
2458494.3576684 8.29 0.02
2458494.3578420 8.31 0.02
2458494.3580156 8.37 0.02
2458494.3581892 8.32 0.02
2458494.3583628 8.34 0.02
2458494.3585364 8.36 0.02
2458494.3587100 8.30 0.02
2458494.3588836 8.32 0.02
2458494.3590572 8.32 0.02
2458494.3592309 8.36 0.02
2458494.3594045 8.30 0.02
2458494.3595781 8.30 0.02
2458494.3606945 8.38 0.03
2458494.3609670 8.30 0.02
2458494.3611406 8.33 0.03
2458494.3613142 8.39 0.03
2458494.3614878 8.31 0.02
2458494.3616614 8.34 0.03
2458494.3618350 8.34 0.03
2458494.3620086 8.30 0.02
2458494.3621823 8.34 0.03
2458494.3623559 8.37 0.03
2458494.3625295 8.32 0.03
2458494.3627031 8.38 0.03
2458494.3628767 8.31 0.03
2458494.3630503 8.36 0.03
2458494.3632239 8.37 0.03
2458494.3633975 8.29 0.03
2458494.3635711 8.31 0.03
2458494.3637447 8.35 0.03
2458494.3639184 8.36 0.03
2458494.3640920 8.34 0.03
2458494.3642656 8.32 0.03
2458494.3644392 8.32 0.03
2458494.3646128 8.26 0.03
2458494.3647864 8.30 0.03
2458494.3649600 8.25 0.03
2458494.3651336 8.38 0.03
2458494.3653072 8.38 0.04
2458494.3654809 8.32 0.03
2458494.3656545 8.34 0.04
2458494.3658281 8.34 0.04
2458494.3660017 8.35 0.04
2458494.3661753 8.39 0.04
2458494.3663489 8.38 0.04
2458494.3665225 8.40 0.04
2458494.3666961 8.37 0.04
2458494.3668697 8.37 0.04
2458494.3670434 8.29 0.04
2458494.3672170 8.31 0.04
2458494.3673920 8.39 0.05
2458494.3675654 8.35 0.05
2458494.3677389 8.32 0.04
2458494.3679123 8.39 0.05
2458494.3680858 8.39 0.05
2458494.3682592 8.39 0.05
2458494.3684327 8.39 0.05
2458494.3686061 8.47 0.06
2458494.3687795 8.38 0.05
2458494.3689531 8.39 0.05
2458494.3691267 8.43 0.06
2458494.3693003 8.34 0.05
2458494.3694739 8.24 0.05
2458494.3696475 8.33 0.05
2458494.3698211 8.40 0.06
2458494.3699948 8.39 0.06
2458494.3701684 8.33 0.06
2458494.3703420 8.40 0.06
2458494.3705156 8.29 0.06
2458494.3706892 8.54 0.07
2458494.3708628 8.42 0.07
2458494.3710364 8.33 0.06
2458494.3712100 8.40 0.07
2458494.3713836 8.37 0.07
2458494.3715572 8.26 0.06
2458494.3717309 8.34 0.06
2458494.3719045 8.41 0.07
2458494.3720781 8.42 0.07
2458494.3722517 8.29 0.07
2458494.3724253 8.56 0.09
2458494.3725989 8.31 0.07
2458494.3727725 8.38 0.09
2458494.3729461 8.38 0.09
2458494.3731197 8.39 0.09
2458494.3732934 8.51 0.11
2458494.3734670 8.26 0.09
2458494.3736406 8.39 0.10
2458494.3738142 8.36 0.10
2458494.3739878 8.27 0.10
2458494.3741614 8.36 0.11
2458494.3743350 8.56 0.13
2458494.3745086 8.32 0.10
2458494.3746822 8.24 0.10
2458494.3748559 8.51 0.14
2458494.3750295 8.53 0.14
2458494.3753767 8.35 0.13
2458494.3755503 8.37 0.14
2458494.3757239 8.25 0.12
2458494.3758975 8.28 0.12
2458494.3760711 8.36 0.11
2458494.3762448 8.68 0.15
2458494.3764184 8.41 0.11
2458494.3765920 8.38 0.11
2458494.3767656 8.43 0.13
2458494.3769392 8.31 0.12
2458494.3772864 8.27 0.13
2458494.3774600 8.37 0.14
2458495.1342424 8.32 0.02
2458495.1344161 8.27 0.02
2458495.1345897 8.28 0.02
2458495.1347646 8.31 0.02
2458495.1349380 8.34 0.02
2458495.1351115 8.29 0.02
2458495.1352849 8.30 0.02
2458495.1354584 8.30 0.02
2458495.1356318 8.32 0.02
2458495.1358052 8.32 0.02
2458495.1359787 8.29 0.02
2458495.1361522 8.28 0.02
2458495.1363258 8.35 0.02
2458495.1364994 8.31 0.02
2458495.1366730 8.33 0.02
2458495.1368466 8.32 0.02
2458495.1370202 8.27 0.02
2458495.1371938 8.29 0.02
2458495.1373674 8.31 0.02
2458495.1375410 8.31 0.02
2458495.1377147 8.36 0.02
2458495.1378883 8.32 0.02
2458495.1380619 8.34 0.02
2458495.1382355 8.29 0.02
2458495.1384091 8.36 0.02
2458495.1385827 8.31 0.02
2458495.1387563 8.31 0.02
2458495.1389299 8.29 0.02
2458495.1391035 8.33 0.02
2458495.1392772 8.34 0.02
2458495.1394508 8.33 0.02
2458495.1396244 8.32 0.02
2458495.1397980 8.35 0.02
2458495.1399716 8.30 0.02
2458495.1401452 8.31 0.02
2458495.1403188 8.33 0.02
2458495.1404924 8.32 0.02
2458495.1406661 8.31 0.02
2458495.1408397 8.30 0.02
2458495.1410133 8.30 0.02
2458495.1411869 8.27 0.02
2458495.1413605 8.30 0.02
2458495.1415341 8.32 0.02
2458495.1417077 8.29 0.02
2458495.1418813 8.31 0.02
2458495.1420549 8.34 0.02
2458495.1422286 8.34 0.02
2458495.1424022 8.32 0.02
2458495.1425758 8.30 0.02
2458495.1427494 8.30 0.02
2458495.1429230 8.34 0.02
2458495.1430966 8.34 0.02
2458495.1432702 8.33 0.02
2458495.1434438 8.28 0.02
2458495.1436174 8.33 0.02
2458495.1437911 8.32 0.02
2458495.1439647 8.33 0.02
2458495.1441383 8.31 0.02
2458495.1443119 8.31 0.02
2458495.1444855 8.30 0.02
2458495.1446591 8.34 0.02
2458495.1448327 8.31 0.02
2458495.1450063 8.28 0.02
2458495.1451799 8.30 0.02
2458495.1453535 8.28 0.02
2458495.1455272 8.30 0.02
2458495.1457008 8.32 0.02
2458495.1458744 8.29 0.02
2458495.1460480 8.30 0.02
2458495.1462216 8.30 0.02
2458495.1463952 8.33 0.02
2458495.1465688 8.29 0.02
2458495.1467438 8.32 0.02
2458495.1469172 8.33 0.02
2458495.1470907 8.30 0.02
2458495.1472641 8.28 0.02
2458495.1474375 8.29 0.02
2458495.1476110 8.32 0.02
2458495.1477844 8.31 0.02
2458495.1479579 8.32 0.02
2458495.1481313 8.31 0.02
2458495.1483049 8.30 0.02
2458495.1484786 8.32 0.02
2458495.1486522 8.30 0.02
2458495.1488258 8.32 0.02
2458495.1489994 8.28 0.02
2458495.1491730 8.29 0.02
2458495.1493466 8.32 0.02
2458495.1495202 8.31 0.02
2458495.1496938 8.33 0.02
2458495.1498674 8.30 0.02
2458495.1500411 8.31 0.02
2458495.1502147 8.35 0.02
2458495.1503883 8.29 0.02
2458495.1505619 8.28 0.02
2458495.1507355 8.30 0.02
2458495.1510827 8.31 0.02
2458495.1512563 8.32 0.02
2458495.1514299 8.29 0.02
2458495.1516036 8.36 0.02
2458495.1517772 8.31 0.02
2458495.1519508 8.31 0.02
2458495.1521244 8.31 0.02
2458495.1522980 8.29 0.02
2458495.1524716 8.32 0.02
2458495.1526452 8.30 0.02
2458495.1528188 8.29 0.02
2458495.1529924 8.33 0.02
2458495.1531660 8.28 0.02
2458495.1533397 8.30 0.02
2458495.1535133 8.29 0.02
2458495.1536869 8.33 0.02
2458495.1538605 8.32 0.02
2458495.1540341 8.31 0.02
2458495.1542077 8.27 0.02
2458495.1543813 8.28 0.02
2458495.1545549 8.28 0.02
2458495.1547285 8.32 0.02
2458495.1549022 8.28 0.02
2458495.1550758 8.32 0.02
2458495.1552494 8.33 0.02
2458495.1554230 8.31 0.02
2458495.1555966 8.33 0.02
2458495.1557702 8.34 0.02
2458495.1559438 8.34 0.02
2458495.1561174 8.36 0.02
2458495.1562911 8.30 0.02
2458495.1564647 8.37 0.02
2458495.1566383 8.32 0.02
2458495.1568119 8.31 0.02
2458495.1569855 8.33 0.02
2458495.1571591 8.31 0.02
2458495.1573327 8.32 0.02
2458495.1575063 8.32 0.02
2458495.1576799 8.30 0.02
2458495.1578536 8.35 0.02
2458495.1580272 8.31 0.02
2458495.1582008 8.33 0.02
2458495.1583744 8.30 0.02
2458495.1585480 8.36 0.02
2458495.1587230 8.32 0.02
2458495.1588964 8.33 0.02
2458495.1590699 8.32 0.02
2458495.1592433 8.37 0.02
2458495.1594167 8.36 0.02
2458495.1595902 8.31 0.02
2458495.1597636 8.32 0.02
2458495.1599371 8.31 0.02
2458495.1601105 8.31 0.02
2458495.1602841 8.31 0.02
2458495.1604577 8.31 0.02
2458495.1606313 8.31 0.02
2458495.1608049 8.30 0.02
2458495.1609785 8.33 0.02
2458495.1611522 8.31 0.02
2458495.1613258 8.30 0.02
2458495.1614994 8.30 0.02
2458495.1616730 8.31 0.02
2458495.1618466 8.32 0.02
2458495.1620202 8.32 0.02
2458495.1621938 8.28 0.02
2458495.1623674 8.30 0.02
2458495.1625410 8.33 0.02
2458495.1627147 8.31 0.02
2458495.1628883 8.31 0.02
2458495.1630619 8.29 0.02
2458495.1632355 8.30 0.02
2458495.1634091 8.31 0.02
2458495.1635827 8.30 0.02
2458495.1637563 8.32 0.02
2458495.1639299 8.30 0.02
2458495.1641036 8.29 0.02
2458495.1642772 8.31 0.02
2458495.1644508 8.31 0.02
2458495.1646244 8.30 0.02
2458495.1647980 8.34 0.02
2458495.1649716 8.34 0.02
2458495.1651452 8.28 0.02
2458495.1653188 8.27 0.02
2458495.1654924 8.31 0.02
2458495.1656660 8.31 0.02
2458495.1658397 8.30 0.02
2458495.1660133 8.28 0.02
2458495.1661869 8.31 0.02
2458495.1663605 8.29 0.02
2458495.1665341 8.29 0.02
2458495.1667077 8.30 0.02
2458495.1668813 8.31 0.02
2458495.1670549 8.30 0.02
2458495.1672285 8.31 0.02
2458495.1674022 8.30 0.02
2458495.1675758 8.29 0.02
2458495.1677494 8.33 0.02
2458495.1679230 8.27 0.02
2458495.1680966 8.30 0.02
2458495.1682702 8.33 0.02
2458495.1684438 8.34 0.02
2458495.1686174 8.31 0.02
2458495.1687910 8.30 0.02
2458495.1689647 8.31 0.02
2458495.1691383 8.31 0.02
2458495.1693119 8.37 0.02
2458495.1694855 8.32 0.02
2458495.1696591 8.34 0.02
2458495.1698327 8.34 0.02
2458495.1700063 8.33 0.02
2458495.1701799 8.30 0.02
2458495.1703535 8.32 0.02
2458495.1705272 8.31 0.02
2458495.1707022 8.32 0.02
2458495.1708756 8.31 0.02
2458495.1710491 8.33 0.02
2458495.1712225 8.34 0.02
2458495.1713960 8.33 0.02
2458495.1715694 8.34 0.02
2458495.1717428 8.35 0.02
2458495.1719163 8.32 0.02
2458495.1720897 8.31 0.02
2458495.1722633 8.29 0.02
2458495.1724369 8.33 0.02
2458495.1726105 8.30 0.02
2458495.1727841 8.31 0.02
2458495.1729577 8.28 0.02
2458495.1731313 8.30 0.02
2458495.1733049 8.32 0.02
2458495.1734786 8.31 0.02
2458495.1736522 8.31 0.02
2458495.1738258 8.31 0.02
2458495.1739994 8.30 0.02
2458495.1741730 8.35 0.02
2458495.1743466 8.30 0.02
2458495.1745202 8.36 0.02
2458495.1746938 8.31 0.02
2458495.1748674 8.30 0.02
2458495.1750411 8.33 0.02
2458495.1752147 8.30 0.02
2458495.1753883 8.30 0.02
2458495.1755619 8.34 0.02
2458495.1757355 8.34 0.02
2458495.1759091 8.29 0.02
2458495.1760827 8.31 0.02
2458495.1762563 8.32 0.02
2458495.1764299 8.30 0.02
2458495.1766035 8.35 0.02
2458495.1767772 8.32 0.02
2458495.1769508 8.32 0.02
2458495.1771244 8.30 0.02
2458495.1772980 8.37 0.02
2458495.1774716 8.30 0.02
2458495.1776452 8.31 0.02
2458495.1778188 8.33 0.02
2458495.1779924 8.30 0.02
2458495.1781660 8.33 0.02
2458495.1783397 8.29 0.02
2458495.1785133 8.34 0.02
2458495.1786869 8.32 0.02
2458495.1788605 8.32 0.02
2458495.1790341 8.29 0.02
2458495.1792077 8.30 0.02
2458495.1793813 8.31 0.02
2458495.1795549 8.31 0.02
2458495.1797286 8.35 0.02
2458495.1799022 8.33 0.02
2458495.1800758 8.32 0.02
2458495.1802494 8.34 0.02
2458495.1804230 8.30 0.02
2458495.1805966 8.28 0.02
2458495.1807702 8.29 0.02
2458495.1809438 8.29 0.02
2458495.1811174 8.30 0.02
2458495.1812911 8.31 0.02
2458495.1814647 8.30 0.02
2458495.1816383 8.33 0.02
2458495.1818119 8.30 0.02
2458495.1819855 8.31 0.02
2458495.1821591 8.27 0.02
2458495.1823327 8.32 0.02
2458495.1825063 8.31 0.02
2458495.1826799 8.28 0.02
2458495.1828548 8.31 0.02
2458495.1830283 8.29 0.02
2458495.1832017 8.29 0.02
2458495.1833752 8.31 0.02
2458495.1835486 8.31 0.02
2458495.1837221 8.30 0.02
2458495.1838955 8.35 0.02
2458495.1840689 8.30 0.02
2458495.1842424 8.29 0.02
2458495.1844160 8.32 0.02
2458495.1845897 8.36 0.02
2458495.1847633 8.31 0.02
2458495.1849369 8.30 0.02
2458495.1851105 8.31 0.02
2458495.1852841 8.28 0.02
2458495.1854577 8.35 0.02
2458495.1856313 8.32 0.02
2458495.1858049 8.31 0.02
2458495.1859785 8.30 0.02
2458495.1861522 8.34 0.02
2458495.1863258 8.29 0.02
2458495.1864994 8.29 0.02
2458495.1866730 8.30 0.02
2458495.1868466 8.30 0.02
2458495.1870202 8.31 0.02
2458495.1871938 8.31 0.02
2458495.1873674 8.35 0.02
2458495.1875411 8.33 0.02
2458495.1877147 8.30 0.02
2458495.1878883 8.30 0.02
2458495.1880619 8.30 0.02
2458495.1882355 8.32 0.02
2458495.1884091 8.31 0.02
2458495.1885827 8.30 0.02
2458495.1887563 8.35 0.02
2458495.1889299 8.30 0.02
2458495.1891036 8.32 0.02
2458495.1892772 8.30 0.02
2458495.1894508 8.30 0.02
2458495.1896244 8.35 0.02
2458495.1897980 8.33 0.02
2458495.1899716 8.32 0.02
2458495.1901452 8.31 0.02
2458495.1904924 8.28 0.02
2458495.1906661 8.30 0.02
2458495.1908397 8.30 0.02
2458495.1910133 8.35 0.02
2458495.1911869 8.34 0.02
2458495.1913605 8.29 0.02
2458495.1915341 8.37 0.02
2458495.1917077 8.32 0.02
2458495.1918813 8.32 0.02
2458495.1920549 8.29 0.02
2458495.1922285 8.31 0.02
2458495.1924022 8.32 0.02
2458495.1925758 8.29 0.02
2458495.1927494 8.30 0.02
2458495.1929230 8.32 0.02
2458495.1930966 8.34 0.02
2458495.1932702 8.29 0.02
2458495.1934438 8.32 0.02
2458495.1936174 8.33 0.02
2458495.1937910 8.30 0.02
2458495.1939647 8.32 0.02
2458495.1941383 8.31 0.02
2458495.1943119 8.35 0.02
2458495.1944855 8.34 0.02
2458495.1946591 8.30 0.02
2458495.1948340 8.30 0.02
2458495.1950075 8.32 0.02
2458495.1951809 8.34 0.02
2458495.1953544 8.29 0.02
2458495.1955278 8.32 0.02
2458495.1957013 8.33 0.02
2458495.1958747 8.33 0.02
2458495.1960481 8.33 0.02
2458495.1962216 8.30 0.02
2458495.1963952 8.31 0.02
2458495.1965688 8.32 0.02
2458495.1967424 8.33 0.02
2458495.1969161 8.28 0.02
2458495.1970897 8.35 0.02
2458495.1972633 8.30 0.02
2458495.1974369 8.29 0.02
2458495.1976105 8.34 0.02
2458495.1977841 8.32 0.02
2458495.1979577 8.30 0.02
2458495.1981313 8.36 0.02
2458495.1983049 8.30 0.02
2458495.1984786 8.31 0.02
2458495.1986522 8.30 0.02
2458495.1988258 8.31 0.02
2458495.1989994 8.28 0.02
2458495.1991730 8.30 0.02
2458495.1993466 8.30 0.02
2458495.1995202 8.33 0.02
2458495.1996938 8.30 0.02
2458495.1998674 8.29 0.02
2458495.2000410 8.29 0.02
2458495.2002147 8.35 0.02
2458495.2003883 8.30 0.02
2458495.2005619 8.28 0.02
2458495.2007355 8.32 0.02
2458495.2009091 8.33 0.02
2458495.2010827 8.30 0.02
2458495.2012563 8.29 0.02
2458495.2014299 8.34 0.02
2458495.2016035 8.35 0.02
2458495.2017772 8.30 0.02
2458495.2019508 8.33 0.02
2458495.2021244 8.34 0.02
2458495.2022980 8.34 0.02
2458495.2024716 8.31 0.02
2458495.2026452 8.31 0.02
2458495.2028188 8.34 0.02
2458495.2029924 8.31 0.02
2458495.2031661 8.29 0.02
2458495.2033397 8.30 0.02
2458495.2035133 8.36 0.02
2458495.2036869 8.33 0.02
2458495.2038605 8.30 0.02
2458495.2040341 8.31 0.02
2458495.2042077 8.32 0.02
2458495.2043813 8.31 0.02
2458495.2045549 8.32 0.02
2458495.2047286 8.35 0.02
2458495.2049022 8.32 0.02
2458495.2050758 8.33 0.02
2458495.2052494 8.32 0.02
2458495.2054230 8.33 0.02
2458495.2055966 8.30 0.02
2458495.2057702 8.33 0.02
2458495.2059438 8.33 0.02
2458495.2061174 8.35 0.02
2458495.2062911 8.31 0.02
2458495.2064647 8.30 0.02
2458495.2066383 8.30 0.02
2458495.2068132 8.33 0.02
2458495.2069867 8.31 0.02
2458495.2071601 8.31 0.02
2458495.2073336 8.33 0.02
2458495.2075070 8.31 0.02
2458495.2076805 8.31 0.02
2458495.2078539 8.35 0.02
2458495.2080274 8.33 0.02
2458495.2082008 8.33 0.02
2458495.2083744 8.35 0.02
2458495.2085480 8.32 0.02
2458495.2087216 8.33 0.02
2458495.2088952 8.31 0.02
2458495.2090688 8.31 0.02
2458495.2092424 8.31 0.02
2458495.2094160 8.33 0.02
2458495.2095897 8.31 0.02
2458495.2097633 8.29 0.02
2458495.2099369 8.32 0.02
2458495.2101105 8.34 0.02
2458495.2102841 8.32 0.02
2458495.2104577 8.32 0.02
2458495.2106313 8.32 0.02
2458495.2108049 8.30 0.02
2458495.2109786 8.31 0.02
2458495.2111522 8.30 0.02
2458495.2113258 8.28 0.02
2458495.2114994 8.31 0.02
2458495.2116730 8.31 0.02
2458495.2118466 8.36 0.02
2458495.2120202 8.31 0.02
2458495.2121938 8.30 0.02
2458495.2123674 8.31 0.02
2458495.2125411 8.33 0.02
2458495.2127147 8.30 0.02
2458495.2128883 8.32 0.02
2458495.2130619 8.32 0.02
2458495.2132355 8.32 0.02
2458495.2134091 8.34 0.02
2458495.2135827 8.29 0.02
2458495.2137563 8.34 0.02
2458495.2139299 8.33 0.02
2458495.2141036 8.33 0.02
2458495.2142772 8.28 0.02
2458495.2144508 8.33 0.02
2458495.2146244 8.31 0.02
2458495.2147980 8.30 0.02
2458495.2149716 8.32 0.02
2458495.2151452 8.29 0.02
2458495.2153188 8.34 0.02
2458495.2154924 8.34 0.02
2458495.2156660 8.29 0.02
2458495.2158397 8.28 0.02
2458495.2160133 8.31 0.02
2458495.2161869 8.31 0.02
2458495.2163605 8.32 0.02
2458495.2165341 8.35 0.02
2458495.2167077 8.29 0.02
2458495.2168813 8.37 0.02
2458495.2170549 8.30 0.02
2458495.2172285 8.31 0.02
2458495.2174022 8.35 0.02
2458495.2175758 8.34 0.02
2458495.2177494 8.31 0.02
2458495.2179230 8.34 0.02
2458495.2180966 8.33 0.02
2458495.2182702 8.30 0.02
2458495.2184438 8.29 0.02
2458495.2186174 8.29 0.02
2458495.2187924 8.30 0.02
2458495.2189658 8.30 0.02
2458495.2191393 8.33 0.02
2458495.2193127 8.30 0.02
2458495.2194862 8.31 0.02
2458495.2196596 8.34 0.02
2458495.2198331 8.31 0.02
2458495.2200065 8.33 0.02
2458495.2201799 8.34 0.02
2458495.2203536 8.35 0.02
2458495.2205272 8.34 0.02
2458495.2207008 8.34 0.02
2458495.2208744 8.31 0.02
2458495.2210480 8.32 0.02
2458495.2212216 8.34 0.02
2458495.2213952 8.30 0.02
2458495.2215688 8.33 0.02
2458495.2219161 8.33 0.02
2458495.2220897 8.30 0.02
2458495.2222633 8.31 0.02
2458495.2224369 8.32 0.02
2458495.2226105 8.31 0.02
2458495.2227841 8.31 0.02
2458495.2229577 8.33 0.02
2458495.2231313 8.31 0.02
2458495.2233049 8.32 0.02
2458495.2234785 8.34 0.02
2458495.2236522 8.32 0.02
2458495.2238258 8.35 0.02
2458495.2239994 8.31 0.02
2458495.2241730 8.36 0.02
2458495.2243466 8.32 0.02
2458495.2245202 8.30 0.02
2458495.2246938 8.33 0.02
2458495.2248674 8.34 0.02
2458495.2250410 8.33 0.02
2458495.2252147 8.34 0.02
2458495.2253883 8.35 0.02
2458495.2255619 8.36 0.02
2458495.2257355 8.34 0.02
2458495.2259091 8.33 0.02
2458495.2260827 8.31 0.02
2458495.2262563 8.32 0.02
2458495.2264299 8.35 0.02
2458495.2266036 8.32 0.02
2458495.2267772 8.32 0.02
2458495.2269508 8.33 0.02
2458495.2271244 8.35 0.02
2458495.2272980 8.30 0.02
2458495.2274716 8.32 0.02
2458495.2276452 8.33 0.02
2458495.2278188 8.38 0.02
2458495.2279924 8.31 0.02
2458495.2281661 8.31 0.02
2458495.2283397 8.28 0.02
2458495.2285133 8.31 0.02
2458495.2286869 8.30 0.02
2458495.2288605 8.31 0.02
2458495.2290341 8.32 0.02
2458495.2292077 8.30 0.02
2458495.2293813 8.32 0.02
2458495.2295549 8.29 0.02
2458495.2297286 8.33 0.02
2458495.2299022 8.31 0.02
2458495.2300758 8.32 0.02
2458495.2302494 8.31 0.02
2458495.2304230 8.36 0.02
2458495.2305966 8.33 0.02
2458495.2307716 8.34 0.02
2458495.2312919 8.34 0.02
2458495.2314654 8.31 0.02
2458495.2316388 8.31 0.02
2458495.2318122 8.32 0.02
2458495.2321591 8.30 0.02
2458495.2325063 8.31 0.02
2458498.1654809 8.30 0.02
2458498.1656545 8.36 0.02
2458498.1658281 8.31 0.01
2458498.1660017 8.30 0.01
2458498.1661753 8.30 0.01
2458498.1663489 8.35 0.01
2458498.1665238 8.31 0.01
2458498.1666972 8.29 0.01
2458498.1668707 8.32 0.01
2458498.1670441 8.33 0.01
2458498.1672176 8.35 0.01
2458498.1673910 8.36 0.01
2458498.1675645 8.33 0.01
2458498.1677379 8.32 0.01
2458498.1679114 8.33 0.01
2458498.1680850 8.33 0.01
2458498.1682586 8.34 0.01
2458498.1684322 8.34 0.01
2458498.1686059 8.33 0.01
2458498.1687795 8.32 0.01
2458498.1689531 8.31 0.01
2458498.1691267 8.28 0.01
2458498.1693003 8.33 0.01
2458498.1694739 8.33 0.01
2458498.1696475 8.33 0.01
2458498.1698211 8.36 0.01
2458498.1699947 8.31 0.01
2458498.1701684 8.32 0.01
2458498.1703420 8.32 0.01
2458498.1705156 8.33 0.01
2458498.1706892 8.34 0.01
2458498.1708628 8.32 0.01
2458498.1710364 8.31 0.01
2458498.1712100 8.32 0.01
2458498.1713836 8.28 0.01
2458498.1715572 8.34 0.01
2458498.1717309 8.30 0.01
2458498.1719045 8.32 0.01
2458498.1720781 8.32 0.01
2458498.1722517 8.30 0.01
2458498.1724253 8.31 0.01
2458498.1725989 8.30 0.01
2458498.1727725 8.31 0.01
2458498.1729461 8.34 0.01
2458498.1731198 8.31 0.01
2458498.1732934 8.31 0.01
2458498.1734670 8.29 0.01
2458498.1736406 8.33 0.01
2458498.1738142 8.31 0.01
2458498.1739878 8.29 0.01
2458498.1741614 8.30 0.01
2458498.1743350 8.31 0.01
2458498.1745086 8.32 0.01
2458498.1746823 8.29 0.01
2458498.1750295 8.32 0.01
2458498.1752031 8.31 0.01
2458498.1753767 8.30 0.01
2458498.1755503 8.31 0.01
2458498.1757239 8.32 0.01
2458498.1758975 8.32 0.01
2458498.1760711 8.33 0.01
2458498.1762447 8.29 0.01
2458498.1764184 8.31 0.01
2458498.1765920 8.29 0.01
2458498.1767656 8.30 0.01
2458498.1769392 8.34 0.01
2458498.1771128 8.35 0.01
2458498.1772864 8.31 0.01
2458498.1774600 8.35 0.01
2458498.1776336 8.33 0.01
2458498.1778072 8.31 0.01
2458498.1779809 8.35 0.01
2458498.1781545 8.30 0.01
2458498.1783295 8.32 0.01
2458498.1785029 8.33 0.01
2458498.1786763 8.35 0.01
2458498.1788498 8.35 0.01
2458498.1790232 8.30 0.01
2458498.1791967 8.28 0.01
2458498.1793701 8.30 0.01
2458498.1795436 8.33 0.01
2458498.1797170 8.29 0.01
2458498.1798906 8.30 0.01
2458498.1800642 8.31 0.01
2458498.1802378 8.30 0.01
2458498.1804114 8.33 0.01
2458498.1805850 8.32 0.01
2458498.1807586 8.35 0.01
2458498.1809323 8.33 0.01
2458498.1811059 8.31 0.01
2458498.1812795 8.29 0.01
2458498.1814531 8.31 0.01
2458498.1816267 8.31 0.01
2458498.1818003 8.31 0.01
2458498.1819739 8.32 0.01
2458498.1821475 8.30 0.01
2458498.1823211 8.36 0.01
2458498.1824948 8.32 0.01
2458498.1826684 8.35 0.01
2458498.1828420 8.30 0.01
2458498.1830156 8.32 0.01
2458498.1831892 8.27 0.01
2458498.1833628 8.34 0.01
2458498.1835364 8.33 0.01
2458498.1837100 8.31 0.01
2458498.1838836 8.33 0.01
2458498.1840572 8.30 0.01
2458498.1842309 8.32 0.01
2458498.1844045 8.32 0.01
2458498.1845781 8.31 0.01
2458498.1847517 8.29 0.01
2458498.1849253 8.31 0.01
2458498.1850989 8.31 0.01
2458498.1852725 8.30 0.01
2458498.1854461 8.31 0.01
2458498.1856197 8.28 0.01
2458498.1857934 8.32 0.01
2458498.1859670 8.36 0.01
2458498.1861406 8.33 0.01
2458498.1863142 8.29 0.01
2458498.1864878 8.31 0.01
2458498.1866614 8.34 0.01
2458498.1868350 8.29 0.01
2458498.1870086 8.29 0.01
2458498.1871822 8.27 0.01
2458498.1882974 8.31 0.01
2458498.1885711 8.30 0.01
2458498.1887448 8.32 0.01
2458498.1889184 8.26 0.01
2458498.1890920 8.31 0.01
2458498.1892656 8.29 0.01
2458498.1894392 8.27 0.01
2458498.1896128 8.33 0.01
2458498.1897864 8.30 0.01
2458498.1899600 8.30 0.01
2458498.1901336 8.27 0.01
2458498.1903073 8.33 0.01
2458498.1904809 8.27 0.01
2458498.1906545 8.28 0.01
2458498.1908281 8.28 0.01
2458498.1910017 8.34 0.01
2458498.1911753 8.33 0.01
2458498.1913489 8.32 0.01
2458498.1915225 8.32 0.01
2458498.1916961 8.31 0.01
2458498.1918697 8.32 0.01
2458498.1920434 8.30 0.01
2458498.1922170 8.30 0.01
2458498.1923906 8.30 0.01
2458498.1925642 8.28 0.01
2458498.1927378 8.32 0.01
2458498.1929114 8.32 0.01
2458498.1930850 8.33 0.01
2458498.1932586 8.32 0.01
2458498.1934322 8.31 0.01
2458498.1936059 8.31 0.01
2458498.1937795 8.30 0.01
2458498.1939531 8.30 0.01
2458498.1941267 8.32 0.01
2458498.1943003 8.32 0.01
2458498.1944739 8.31 0.01
2458498.1946475 8.29 0.01
2458498.1948211 8.33 0.01
2458498.1949947 8.30 0.01
2458498.1951684 8.31 0.01
2458498.1953420 8.31 0.01
2458498.1955156 8.29 0.01
2458498.1956892 8.30 0.01
2458498.1958628 8.33 0.01
2458498.1960378 8.32 0.01
2458498.1962112 8.30 0.01
2458498.1963846 8.33 0.01
2458498.1965581 8.33 0.01
2458498.1967315 8.31 0.01
2458498.1969050 8.34 0.01
2458498.1970784 8.32 0.01
2458498.1972519 8.31 0.01
2458498.1974253 8.33 0.01
2458498.1975989 8.33 0.01
2458498.1977725 8.31 0.01
2458498.1979461 8.30 0.01
2458498.1981198 8.31 0.01
2458498.1982934 8.30 0.01
2458498.1984670 8.34 0.01
2458498.1986406 8.31 0.01
2458498.1988142 8.32 0.01
2458498.1989878 8.29 0.01
2458498.1991614 8.28 0.01
2458498.1993350 8.32 0.01
2458498.1995086 8.31 0.01
2458498.1996822 8.33 0.01
2458498.1998559 8.35 0.01
2458498.2000295 8.33 0.01
2458498.2002031 8.32 0.01
2458498.2003767 8.32 0.01
2458498.2005503 8.32 0.01
2458498.2007239 8.31 0.01
2458498.2008975 8.32 0.01
2458498.2010711 8.32 0.01
2458498.2012447 8.31 0.01
2458498.2014184 8.29 0.01
2458498.2015920 8.29 0.01
2458498.2017656 8.27 0.01
2458498.2019392 8.34 0.01
2458498.2021128 8.29 0.01
2458498.2022864 8.28 0.01
2458498.2024600 8.29 0.01
2458498.2026336 8.32 0.01
2458498.2028072 8.30 0.01
2458498.2029809 8.32 0.01
2458498.2031545 8.33 0.01
2458498.2033281 8.33 0.01
2458498.2035017 8.33 0.01
2458498.2036753 8.30 0.01
2458498.2038489 8.28 0.01
2458498.2040225 8.33 0.01
2458498.2041961 8.33 0.01
2458498.2043698 8.29 0.01
2458498.2045434 8.29 0.01
2458498.2047170 8.33 0.01
2458498.2048906 8.30 0.01
2458498.2050642 8.30 0.01
2458498.2052378 8.32 0.01
2458498.2054114 8.32 0.01
2458498.2055850 8.30 0.01
2458498.2057586 8.35 0.01
2458498.2059323 8.32 0.01
2458498.2061059 8.32 0.01
2458498.2062795 8.32 0.01
2458498.2064531 8.32 0.01
2458498.2066267 8.34 0.01
2458498.2068003 8.31 0.01
2458498.2069739 8.30 0.01
2458498.2071475 8.31 0.01
2458498.2073211 8.35 0.01
2458498.2074947 8.30 0.01
2458498.2076684 8.32 0.01
2458498.2078420 8.31 0.01
2458498.2080169 8.34 0.01
2458498.2081904 8.31 0.01
2458498.2083638 8.33 0.01
2458498.2085373 8.33 0.01
2458498.2087107 8.32 0.01
2458498.2088841 8.33 0.01
2458498.2090576 8.31 0.01
2458498.2092310 8.32 0.01
2458498.2094045 8.32 0.01
2458498.2095781 8.32 0.01
2458498.2097517 8.33 0.01
2458498.2099253 8.30 0.01
2458498.2100989 8.29 0.01
2458498.2102725 8.30 0.01
2458498.2104461 8.33 0.01
2458498.2106197 8.31 0.01
2458498.2107934 8.37 0.01
2458498.2109670 8.32 0.01
2458498.2111406 8.33 0.01
2458498.2113142 8.32 0.01
2458498.2114878 8.33 0.01
2458498.2116614 8.34 0.01
2458498.2118350 8.33 0.01
2458498.2120086 8.33 0.01
2458498.2121823 8.30 0.01
2458498.2123559 8.33 0.01
2458498.2125295 8.31 0.01
2458498.2127031 8.32 0.01
2458498.2128767 8.33 0.01
2458498.2130503 8.35 0.01
2458498.2132239 8.35 0.01
2458498.2133975 8.31 0.01
2458498.2135711 8.30 0.01
2458498.2137448 8.30 0.01
2458498.2139184 8.29 0.01
2458498.2140920 8.30 0.01
2458498.2142656 8.29 0.01
2458498.2144392 8.31 0.01
2458498.2146128 8.31 0.01
2458498.2147864 8.30 0.01
2458498.2149600 8.33 0.01
2458498.2151336 8.35 0.01
2458498.2153072 8.30 0.01
2458498.2154809 8.32 0.01
2458498.2156545 8.34 0.01
2458498.2158281 8.28 0.01
2458498.2160017 8.34 0.01
2458498.2161753 8.29 0.01
2458498.2163489 8.30 0.01
2458498.2165225 8.32 0.01
2458498.2166961 8.31 0.01
2458498.2168697 8.30 0.01
2458498.2170434 8.34 0.01
2458498.2172170 8.33 0.01
2458498.2173906 8.28 0.01
2458498.2175642 8.33 0.01
2458498.2177378 8.32 0.01
2458498.2179114 8.34 0.01
2458498.2180850 8.29 0.01
2458498.2182586 8.33 0.01
2458498.2184322 8.32 0.01
2458498.2186059 8.32 0.01
2458498.2187795 8.30 0.01
2458498.2189531 8.27 0.01
2458498.2191267 8.30 0.01
2458498.2193003 8.30 0.01
2458498.2194739 8.31 0.01
2458498.2196475 8.31 0.01
2458498.2198225 8.30 0.01
2458498.2199960 8.30 0.01
2458498.2201694 8.31 0.01
2458498.2203429 8.28 0.01
2458498.2205163 8.31 0.01
2458498.2206898 8.32 0.01
2458498.2208632 8.30 0.01
2458498.2210366 8.30 0.01
2458498.2212101 8.32 0.01
2458498.2213836 8.33 0.01
2458498.2215573 8.31 0.01
2458498.2217309 8.29 0.01
2458498.2219045 8.35 0.01
2458498.2220781 8.33 0.01
2458498.2222517 8.32 0.01
2458498.2224253 8.35 0.01
2458498.2225989 8.33 0.01
2458498.2227725 8.33 0.01
2458498.2229461 8.33 0.01
2458498.2231197 8.30 0.01
2458498.2232934 8.31 0.01
2458498.2234670 8.34 0.01
2458498.2236406 8.33 0.01
2458498.2238142 8.31 0.01
2458498.2239878 8.31 0.01
2458498.2241614 8.31 0.01
2458498.2243350 8.33 0.01
2458498.2245086 8.33 0.01
2458498.2246822 8.32 0.01
2458498.2248559 8.29 0.01
2458498.2250295 8.33 0.01
2458498.2252031 8.35 0.01
2458498.2253767 8.32 0.01
2458498.2255503 8.29 0.01
2458498.2257239 8.33 0.01
2458498.2258975 8.31 0.01
2458498.2260711 8.33 0.01
2458498.2262447 8.33 0.01
2458498.2264184 8.28 0.01
2458498.2265920 8.34 0.01
2458498.2267656 8.31 0.01
2458498.2269392 8.31 0.01
2458498.2271128 8.32 0.01
2458498.2272864 8.29 0.01
2458498.2274600 8.30 0.01
2458498.2276336 8.34 0.01
2458498.2278073 8.31 0.01
2458498.2279809 8.34 0.01
2458498.2281545 8.32 0.01
2458498.2283281 8.30 0.01
2458498.2285017 8.30 0.01
2458498.2286753 8.31 0.01
2458498.2288489 8.29 0.01
2458498.2290225 8.32 0.01
2458498.2291961 8.33 0.01
2458498.2293698 8.34 0.01
2458498.2295434 8.30 0.01
2458498.2297170 8.33 0.01
2458498.2298906 8.30 0.01
2458498.2300642 8.32 0.01
2458498.2302378 8.28 0.01
2458498.2304114 8.33 0.01
2458498.2305850 8.30 0.01
2458498.2307586 8.30 0.01
2458498.2309322 8.30 0.01
2458498.2311059 8.28 0.01
2458498.2312795 8.31 0.01
2458498.2314531 8.30 0.01
2458498.2316267 8.31 0.01
2458498.2318016 8.28 0.01
2458498.2319750 8.27 0.01
2458498.2321485 8.30 0.01
2458498.2323219 8.29 0.01
2458498.2324954 8.32 0.01
2458498.2326688 8.29 0.01
2458498.2328422 8.30 0.01
2458498.2330157 8.27 0.01
2458498.2331892 8.28 0.01
2458498.2333628 8.30 0.01
2458498.2335364 8.28 0.01
2458498.2337100 8.30 0.01
2458498.2338836 8.32 0.01
2458498.2340572 8.33 0.01
2458498.2342309 8.31 0.01
2458498.2344045 8.30 0.01
2458498.2345781 8.29 0.01
2458498.2347517 8.30 0.01
2458498.2349253 8.34 0.01
2458498.2350989 8.28 0.01
2458498.2352725 8.33 0.01
2458498.2354461 8.31 0.01
2458498.2356198 8.29 0.01
2458498.2357934 8.30 0.01
2458498.2359670 8.28 0.01
2458498.2361406 8.31 0.01
2458498.2363142 8.31 0.01
2458498.2364878 8.30 0.01
2458498.2366614 8.30 0.01
2458498.2368350 8.33 0.01
2458498.2370086 8.29 0.01
2458498.2371823 8.32 0.01
2458498.2373559 8.31 0.01
2458498.2375295 8.30 0.01
2458498.2377031 8.30 0.01
2458498.2378767 8.32 0.01
2458498.2380503 8.29 0.01
2458498.2382239 8.30 0.01
2458498.2383975 8.33 0.01
2458498.2385711 8.31 0.01
2458498.2387447 8.28 0.01
2458498.2389184 8.32 0.01
2458498.2390920 8.32 0.01
2458498.2392656 8.34 0.01
2458498.2394392 8.33 0.01
2458498.2396128 8.31 0.01
2458498.2397864 8.33 0.01
2458498.2399600 8.32 0.01
2458498.2401336 8.32 0.01
2458498.2403072 8.35 0.01
2458498.2404809 8.34 0.01
2458498.2406545 8.33 0.01
2458498.2408281 8.33 0.01
2458498.2410017 8.30 0.01
2458498.2411753 8.33 0.01
2458498.2413489 8.33 0.01
2458498.2415225 8.31 0.01
2458498.2416961 8.30 0.01
2458498.2418697 8.32 0.01
2458498.2420434 8.33 0.01
2458498.2422170 8.31 0.01
2458498.2423906 8.32 0.01
2458498.2425642 8.36 0.01
2458498.2427378 8.35 0.01
2458498.2429114 8.33 0.01
2458498.2430850 8.34 0.01
2458498.2432586 8.32 0.01
2458498.2434323 8.34 0.01
2458498.2436073 8.32 0.01
2458498.2437807 8.32 0.01
2458498.2439541 8.30 0.01
2458498.2441276 8.32 0.01
2458498.2443010 8.32 0.01
2458498.2444745 8.32 0.01
2458498.2446479 8.33 0.01
2458498.2448214 8.31 0.01
2458498.2449948 8.32 0.01
2458498.2451684 8.32 0.01
2458498.2453420 8.29 0.01
2458498.2455156 8.31 0.01
2458498.2456892 8.30 0.01
2458498.2458628 8.36 0.01
2458498.2460364 8.29 0.01
2458498.2462100 8.32 0.01
2458498.2463836 8.29 0.01
2458498.2465572 8.31 0.01
2458498.2467309 8.30 0.01
2458498.2469045 8.32 0.01
2458498.2470781 8.32 0.01
2458498.2472517 8.29 0.01
2458498.2474253 8.30 0.01
2458498.2475989 8.27 0.01
2458498.2477725 8.31 0.01
2458498.2479461 8.32 0.01
2458498.2481197 8.30 0.01
2458498.2482934 8.32 0.01
2458498.2484670 8.31 0.01
2458498.2486406 8.33 0.01
2458498.2488142 8.31 0.01
2458498.2489878 8.32 0.01
2458498.2491614 8.31 0.01
2458498.2493350 8.27 0.01
2458498.2495086 8.34 0.01
2458498.2496822 8.32 0.01
2458498.2498559 8.32 0.01
2458498.2500295 8.31 0.01
2458498.2502031 8.32 0.01
2458498.2503767 8.31 0.01
2458498.2505503 8.35 0.01
2458498.2507239 8.31 0.01
2458498.2508975 8.31 0.01
2458498.2510711 8.30 0.01
2458498.2512448 8.29 0.01
2458498.2514184 8.32 0.01
2458498.2515920 8.32 0.01
2458498.2517656 8.36 0.01
2458498.2519392 8.30 0.01
2458498.2521128 8.34 0.01
2458498.2522864 8.32 0.01
2458498.2524600 8.32 0.01
2458498.2526336 8.33 0.01
2458498.2528073 8.34 0.01
2458498.2529809 8.31 0.01
2458498.2531545 8.27 0.01
2458498.2533281 8.31 0.01
2458498.2535017 8.34 0.01
2458498.2536753 8.31 0.01
2458498.2538489 8.32 0.01
2458498.2540225 8.32 0.01
2458498.2541961 8.29 0.01
2458498.2543697 8.31 0.01
2458498.2545434 8.30 0.01
2458498.2547170 8.30 0.01
2458498.2548906 8.32 0.01
2458498.2550642 8.29 0.01
2458498.2552378 8.31 0.01
2458498.2554114 8.30 0.01
2458498.2555863 8.31 0.01
2458498.2557598 8.32 0.01
2458498.2559332 8.29 0.01
2458498.2561066 8.34 0.01
2458498.2562801 8.34 0.01
2458498.2564535 8.31 0.01
2458498.2566270 8.30 0.01
2458498.2568004 8.29 0.01
2458498.2569739 8.33 0.01
2458498.2571475 8.32 0.01
2458498.2573211 8.31 0.01
2458498.2574947 8.29 0.01
2458498.2576684 8.32 0.01
2458498.2578420 8.33 0.01
2458498.2580156 8.32 0.01
2458498.2581892 8.30 0.01
2458498.2583628 8.33 0.01
2458498.2585364 8.32 0.01
2458498.2587100 8.32 0.01
2458498.2588836 8.32 0.01
2458498.2590573 8.30 0.01
2458498.2592309 8.29 0.01
2458498.2594045 8.31 0.01
2458498.2595781 8.30 0.01
2458498.2597517 8.30 0.01
2458498.2599253 8.28 0.01
2458498.2600989 8.28 0.01
2458498.2602725 8.32 0.01
2458498.2604461 8.32 0.01
2458498.2606198 8.29 0.01
2458498.2607934 8.27 0.01
2458498.2609670 8.30 0.01
2458498.2611406 8.33 0.01
2458498.2613142 8.35 0.01
2458498.2614878 8.32 0.01
2458498.2616614 8.29 0.01
2458498.2618350 8.29 0.01
2458498.2620086 8.32 0.01
2458498.2621822 8.29 0.01
2458498.2623559 8.31 0.01
2458498.2625295 8.27 0.01
2458498.2627031 8.33 0.01
2458498.2628767 8.32 0.01
2458498.2630503 8.34 0.01
2458498.2632239 8.32 0.01
2458498.2633975 8.33 0.01
2458498.2635711 8.32 0.01
2458498.2637447 8.31 0.01
2458498.2639184 8.32 0.01
2458498.2640920 8.33 0.01
2458498.2642656 8.29 0.01
2458498.2644392 8.33 0.01
2458498.2646128 8.35 0.01
2458498.2647864 8.34 0.01
2458498.2649600 8.32 0.01
2458498.2651336 8.33 0.01
2458498.2653072 8.32 0.01
2458498.2654809 8.31 0.01
2458498.2656545 8.33 0.01
2458498.2658281 8.35 0.01
2458498.2660017 8.34 0.01
2458498.2661753 8.30 0.01
2458498.2663489 8.31 0.01
2458498.2665225 8.30 0.01
2458498.2666961 8.29 0.01
2458498.2668698 8.35 0.01
2458498.2670434 8.32 0.01
2458498.2672170 8.28 0.01
2458498.2673906 8.30 0.01
2458498.2675655 8.31 0.01
2458498.2677389 8.27 0.01
2458498.2679124 8.31 0.01
2458498.2680858 8.33 0.01
2458498.2682593 8.31 0.01
2458498.2684327 8.31 0.01
2458498.2686062 8.32 0.01
2458498.2687796 8.29 0.01
2458498.2689531 8.31 0.01
2458498.2691267 8.33 0.01
2458498.2693003 8.33 0.01
2458498.2694739 8.29 0.01
2458498.2696475 8.32 0.01
2458498.2698211 8.32 0.01
2458498.2699947 8.30 0.01
2458498.2701684 8.30 0.01
2458498.2703420 8.32 0.01
2458498.2705156 8.28 0.01
2458498.2706892 8.32 0.01
2458498.2708628 8.32 0.01
2458498.2710364 8.31 0.01
2458498.2712100 8.29 0.01
2458498.2713836 8.31 0.01
2458498.2715572 8.33 0.01
2458498.2717309 8.33 0.01
2458498.2719045 8.34 0.01
2458498.2720781 8.31 0.01
2458498.2722517 8.33 0.01
2458498.2724253 8.33 0.01
2458498.2725989 8.36 0.01
2458498.2727725 8.30 0.01
2458498.2729461 8.35 0.01
2458498.2731197 8.34 0.01
2458498.2732934 8.35 0.01
2458498.2734670 8.37 0.01
2458498.2736406 8.31 0.01
2458498.2738142 8.34 0.01
2458498.2739878 8.32 0.01
2458498.2741614 8.33 0.01
2458498.2743350 8.34 0.01
2458498.2745086 8.33 0.01
2458498.2746823 8.33 0.01
2458498.2748559 8.33 0.01
2458498.2750295 8.33 0.01
2458498.2752031 8.34 0.01
2458498.2753767 8.30 0.01
2458498.2755503 8.30 0.01
2458498.2757239 8.32 0.01
2458498.2758975 8.33 0.01
2458498.2760711 8.33 0.01
2458498.2762448 8.30 0.01
2458498.2764184 8.30 0.01
2458498.2765920 8.31 0.01
2458498.2767656 8.33 0.01
2458498.2769392 8.35 0.01
2458498.2771128 8.30 0.01
2458498.2772864 8.32 0.01
2458498.2774600 8.35 0.01
2458498.2776336 8.35 0.01
2458498.2778072 8.34 0.01
2458498.2779809 8.32 0.01
2458498.2781545 8.33 0.01
2458498.2783281 8.35 0.01
2458498.2785017 8.33 0.01
2458498.2786753 8.33 0.01
2458498.2788489 8.28 0.01
2458498.2790225 8.34 0.01
2458498.2791961 8.35 0.01
2458498.2793697 8.33 0.01
2458498.2795448 8.32 0.01
2458498.2797182 8.35 0.01
2458498.2798916 8.35 0.01
2458498.2800651 8.35 0.01
2458498.2802385 8.37 0.01
2458498.2804120 8.34 0.01
2458498.2805854 8.32 0.01
2458498.2807589 8.36 0.01
2458498.2809323 8.35 0.01
2458498.2811059 8.30 0.01
2458498.2812795 8.35 0.01
2458498.2814531 8.33 0.01
2458498.2816267 8.34 0.01
2458498.2818003 8.32 0.01
2458498.2819739 8.33 0.01
2458498.2821475 8.35 0.01
2458498.2823211 8.34 0.01
2458498.2824948 8.31 0.01
2458498.2826684 8.31 0.01
2458498.2828420 8.31 0.01
2458498.2830156 8.30 0.01
2458498.2831892 8.36 0.01
2458498.2833628 8.32 0.01
2458498.2835364 8.32 0.01
2458498.2837100 8.35 0.01
2458498.2838836 8.33 0.01
2458498.2840573 8.35 0.01
2458498.2842309 8.31 0.01
2458498.2844045 8.31 0.01
2458498.2845781 8.33 0.01
2458498.2847517 8.30 0.01
2458498.2849253 8.30 0.01
2458498.2850989 8.33 0.01
2458498.2852725 8.28 0.01
2458498.2854461 8.32 0.01
2458498.2856197 8.33 0.01
2458498.2857934 8.31 0.01
2458498.2859670 8.30 0.01
2458498.2861406 8.33 0.01
2458498.2863142 8.31 0.01
2458498.2864878 8.30 0.01
2458498.2866614 8.29 0.01
2458498.2868350 8.33 0.01
2458498.2870086 8.35 0.01
2458498.2871822 8.32 0.01
2458498.2873559 8.30 0.01
2458498.2875295 8.30 0.01
2458498.2877031 8.33 0.01
2458498.2878767 8.34 0.01
2458498.2880503 8.32 0.01
2458498.2882239 8.32 0.01
2458498.2883975 8.31 0.01
2458498.2885711 8.30 0.01
2458498.2887447 8.32 0.01
2458498.2889184 8.35 0.01
2458498.2890920 8.30 0.01
2458498.2892656 8.30 0.01
2458498.2894392 8.31 0.01
2458498.2896128 8.36 0.01
2458498.2897864 8.31 0.01
2458498.2899600 8.32 0.01
2458498.2901336 8.33 0.01
2458498.2903073 8.34 0.01
2458498.2904809 8.30 0.01
2458498.2906545 8.33 0.01
2458498.2908281 8.32 0.01
2458498.2910017 8.32 0.01
2458498.2911753 8.30 0.01
2458498.2913489 8.33 0.01
2458498.2915239 8.31 0.01
2458498.2916974 8.32 0.01
2458498.2918708 8.30 0.01
2458498.2920443 8.32 0.01
2458498.2922177 8.34 0.01
2458498.2923912 8.32 0.01
2458498.2925646 8.32 0.01
2458498.2927381 8.29 0.01
2458498.2929115 8.31 0.01
2458498.2930850 8.33 0.01
2458498.2932586 8.32 0.01
2458498.2934322 8.34 0.01
2458498.2936059 8.32 0.01
2458498.2937795 8.34 0.01
2458498.2939531 8.31 0.01
2458498.2941267 8.33 0.01
2458498.2943003 8.31 0.01
2458498.2944739 8.30 0.01
2458498.2946475 8.34 0.01
2458498.2948211 8.32 0.01
2458498.2949947 8.31 0.01
2458498.2951684 8.30 0.01
2458498.2953420 8.36 0.01
2458498.2955156 8.34 0.01
2458498.2956892 8.31 0.01
2458498.2958628 8.31 0.01
2458498.2960364 8.33 0.01
2458498.2962100 8.34 0.01
2458498.2963836 8.33 0.01
2458498.2965572 8.33 0.01
2458498.2967309 8.31 0.01
2458498.2969045 8.32 0.01
2458498.2970781 8.33 0.01
2458498.2972517 8.34 0.01
2458498.2974253 8.34 0.01
2458498.2975989 8.34 0.01
2458498.2977725 8.31 0.01
2458498.2979461 8.34 0.01
2458498.2981198 8.33 0.01
2458498.2982934 8.30 0.01
2458498.2984670 8.33 0.01
2458498.2986406 8.33 0.01
2458498.2988142 8.32 0.01
2458498.2989878 8.31 0.01
2458498.2991614 8.32 0.01
2458498.2993350 8.30 0.01
2458498.2995086 8.33 0.01
2458498.2996823 8.34 0.01
2458498.2998559 8.34 0.01
2458498.3000295 8.32 0.01
2458498.3002031 8.32 0.01
2458498.3003767 8.28 0.01
2458498.3005503 8.32 0.01
2458498.3007239 8.30 0.01
2458498.3008975 8.32 0.01
2458498.3010711 8.31 0.01
2458498.3012447 8.27 0.01
2458498.3014184 8.29 0.01
2458498.3015920 8.27 0.01
2458498.3017656 8.30 0.01
2458498.3019392 8.34 0.01
2458498.3021128 8.30 0.01
2458498.3024600 8.29 0.01
2458498.3026336 8.29 0.01
2458498.3028072 8.30 0.01
2458498.3029809 8.31 0.01
2458498.3031545 8.31 0.01
2458498.3033281 8.33 0.01
2458498.3035017 8.29 0.01
2458498.3038500 8.29 0.01
2458500.2340341 8.29 0.01
2458500.2342077 8.35 0.02
2458500.2343813 8.30 0.01
2458500.2345549 8.32 0.01
2458500.2347285 8.36 0.02
2458500.2349022 8.32 0.01
2458500.2350758 8.30 0.01
2458500.2352494 8.29 0.01
2458500.2354230 8.30 0.01
2458500.2355966 8.30 0.01
2458500.2357702 8.33 0.01
2458500.2359438 8.28 0.01
2458500.2361174 8.30 0.01
2458500.2362910 8.34 0.01
2458500.2364647 8.33 0.01
2458500.2366383 8.33 0.01
2458500.2368119 8.29 0.01
2458500.2369855 8.30 0.01
2458500.2371591 8.30 0.01
2458500.2373327 8.29 0.01
2458500.2375063 8.27 0.01
2458500.2376799 8.31 0.01
2458500.2378536 8.31 0.01
2458500.2380272 8.32 0.01
2458500.2382008 8.29 0.01
2458500.2383744 8.32 0.01
2458500.2385480 8.29 0.01
2458500.2387216 8.31 0.01
2458500.2388952 8.30 0.01
2458500.2390688 8.33 0.01
2458500.2392424 8.32 0.01
2458500.2394161 8.31 0.01
2458500.2395897 8.32 0.01
2458500.2397633 8.31 0.01
2458500.2399369 8.29 0.01
2458500.2401105 8.30 0.01
2458500.2402841 8.32 0.01
2458500.2404577 8.30 0.01
2458500.2406313 8.29 0.01
2458500.2408049 8.35 0.02
2458500.2409785 8.31 0.01
2458500.2411522 8.34 0.01
2458500.2413258 8.30 0.01
2458500.2414994 8.31 0.01
2458500.2416730 8.27 0.01
2458500.2418466 8.27 0.01
2458500.2420202 8.31 0.01
2458500.2421938 8.25 0.01
2458500.2423674 8.28 0.01
2458500.2425410 8.33 0.01
2458500.2427147 8.30 0.01
2458500.2428883 8.30 0.01
2458500.2430619 8.32 0.01
2458500.2432355 8.31 0.01
2458500.2434091 8.29 0.01
2458500.2435827 8.33 0.01
2458500.2437563 8.30 0.01
2458500.2439299 8.31 0.01
2458500.2441035 8.31 0.01
2458500.2442772 8.30 0.01
2458500.2444520 8.31 0.01
2458500.2446255 8.32 0.01
2458500.2447989 8.32 0.01
2458500.2449724 8.31 0.01
2458500.2451458 8.30 0.01
2458500.2453193 8.31 0.01
2458500.2454927 8.31 0.01
2458500.2456661 8.32 0.01
2458500.2458397 8.29 0.01
2458500.2460133 8.31 0.01
2458500.2461869 8.28 0.01
2458500.2463605 8.31 0.01
2458500.2465341 8.35 0.01
2458500.2467077 8.32 0.01
2458500.2468813 8.29 0.01
2458500.2470549 8.32 0.01
2458500.2472286 8.28 0.01
2458500.2474022 8.31 0.01
2458500.2475758 8.29 0.01
2458500.2477494 8.32 0.01
2458500.2479230 8.30 0.01
2458500.2480966 8.29 0.01
2458500.2482702 8.30 0.01
2458500.2484438 8.33 0.01
2458500.2486174 8.31 0.01
2458500.2487910 8.30 0.01
2458500.2489647 8.29 0.01
2458500.2491383 8.33 0.01
2458500.2493119 8.30 0.01
2458500.2494855 8.32 0.01
2458500.2496591 8.30 0.01
2458500.2498327 8.31 0.01
2458500.2500063 8.31 0.01
2458500.2501799 8.31 0.01
2458500.2503535 8.30 0.01
2458500.2505272 8.31 0.01
2458500.2507008 8.32 0.01
2458500.2508744 8.31 0.01
2458500.2510480 8.29 0.01
2458500.2512216 8.30 0.01
2458500.2513952 8.29 0.01
2458500.2515688 8.29 0.01
2458500.2517424 8.35 0.01
2458500.2519160 8.34 0.01
2458500.2520897 8.34 0.01
2458500.2522633 8.30 0.01
2458500.2524369 8.32 0.01
2458500.2526105 8.29 0.01
2458500.2527841 8.34 0.01
2458500.2529577 8.33 0.01
2458500.2531313 8.28 0.01
2458500.2533049 8.31 0.01
2458500.2534786 8.29 0.01
2458500.2536522 8.30 0.01
2458500.2538258 8.32 0.01
2458500.2539994 8.31 0.01
2458500.2541730 8.32 0.01
2458500.2543466 8.33 0.01
2458500.2545202 8.28 0.01
2458500.2546938 8.34 0.01
2458500.2548674 8.31 0.01
2458500.2550411 8.33 0.01
2458500.2552147 8.29 0.01
2458500.2553883 8.30 0.01
2458500.2555619 8.33 0.01
2458500.2557355 8.31 0.01
2458500.2559091 8.31 0.01
2458500.2560827 8.28 0.01
2458500.2562563 8.31 0.01
2458500.2564312 8.30 0.01
2458500.2566046 8.29 0.01
2458500.2567781 8.29 0.01
2458500.2569515 8.28 0.01
2458500.2571250 8.31 0.01
2458500.2572984 8.28 0.01
2458500.2574719 8.31 0.01
2458500.2576453 8.30 0.01
2458500.2578188 8.26 0.01
2458500.2579924 8.26 0.01
2458500.2581660 8.28 0.01
2458500.2583397 8.29 0.01
2458500.2585133 8.26 0.01
2458500.2586869 8.29 0.01
2458500.2588605 8.31 0.01
2458500.2590341 8.32 0.01
2458500.2592077 8.31 0.01
2458500.2593813 8.31 0.01
2458500.2595549 8.30 0.01
2458500.2597285 8.29 0.01
2458500.2599022 8.32 0.01
2458500.2600758 8.31 0.01
2458500.2602494 8.28 0.01
2458500.2604230 8.32 0.01
2458500.2605966 8.28 0.01
2458500.2607702 8.31 0.01
2458500.2609438 8.31 0.01
2458500.2611174 8.32 0.01
2458500.2612911 8.31 0.01
2458500.2614647 8.32 0.01
2458500.2616383 8.31 0.01
2458500.2618119 8.31 0.01
2458500.2619855 8.30 0.01
2458500.2621591 8.32 0.01
2458500.2623327 8.32 0.01
2458500.2625063 8.34 0.01
2458500.2626799 8.29 0.01
2458500.2628535 8.32 0.01
2458500.2630272 8.30 0.01
2458500.2632008 8.32 0.01
2458500.2633744 8.30 0.01
2458500.2635480 8.30 0.01
2458500.2637216 8.30 0.01
2458500.2638952 8.29 0.01
2458500.2640688 8.30 0.01
2458500.2642424 8.32 0.01
2458500.2644160 8.33 0.01
2458500.2645897 8.32 0.01
2458500.2647633 8.30 0.01
2458500.2649369 8.31 0.01
2458500.2651105 8.29 0.01
2458500.2654577 8.30 0.01
2458500.2656313 8.31 0.01
2458500.2658049 8.30 0.01
2458500.2659785 8.35 0.01
2458500.2661522 8.33 0.01
2458500.2663258 8.34 0.01
2458500.2664994 8.33 0.01
2458500.2666730 8.32 0.01
2458500.2668466 8.34 0.01
2458500.2670202 8.30 0.01
2458500.2671938 8.32 0.01
2458500.2673674 8.33 0.01
2458500.2675410 8.32 0.01
2458500.2677147 8.33 0.01
2458500.2678883 8.32 0.01
2458500.2680619 8.31 0.01
2458500.2682355 8.32 0.01
2458500.2684104 8.33 0.01
2458500.2685839 8.29 0.01
2458500.2687573 8.32 0.01
2458500.2689307 8.34 0.01
2458500.2691042 8.34 0.01
2458500.2692776 8.31 0.01
2458500.2694511 8.31 0.01
2458500.2696245 8.30 0.01
2458500.2697980 8.27 0.01
2458500.2699716 8.31 0.01
2458500.2701452 8.32 0.01
2458500.2703188 8.29 0.01
2458500.2704924 8.31 0.01
2458500.2706661 8.32 0.01
2458500.2708397 8.28 0.01
2458500.2710133 8.30 0.01
2458500.2711869 8.30 0.01
2458500.2713605 8.34 0.01
2458500.2715341 8.29 0.01
2458500.2717077 8.32 0.01
2458500.2718813 8.34 0.01
2458500.2720549 8.32 0.01
2458500.2722285 8.33 0.01
2458500.2724022 8.35 0.01
2458500.2725758 8.29 0.01
2458500.2727494 8.31 0.01
2458500.2729230 8.32 0.01
2458500.2730966 8.34 0.01
2458500.2732702 8.30 0.01
2458500.2734438 8.31 0.01
2458500.2736174 8.28 0.01
2458500.2737910 8.29 0.01
2458500.2739647 8.30 0.01
2458500.2741383 8.29 0.01
2458500.2743119 8.29 0.01
2458500.2744855 8.26 0.01
2458500.2746591 8.29 0.01
2458500.2748327 8.27 0.01
2458500.2750063 8.33 0.01
2458500.2751799 8.33 0.01
2458500.2753535 8.33 0.01
2458500.2755272 8.33 0.01
2458500.2757008 8.29 0.01
2458500.2758744 8.32 0.01
2458500.2760480 8.34 0.01
2458500.2762216 8.31 0.01
2458500.2763952 8.31 0.01
2458500.2765688 8.29 0.01
2458500.2767424 8.32 0.01
2458500.2769161 8.34 0.01
2458500.2770897 8.31 0.01
2458500.2772633 8.31 0.01
2458500.2774369 8.31 0.01
2458500.2776105 8.31 0.01
2458500.2777841 8.32 0.01
2458500.2779577 8.31 0.01
2458500.2781313 8.32 0.01
2458500.2783049 8.28 0.01
2458500.2784786 8.29 0.01
2458500.2786522 8.25 0.01
2458500.2788258 8.32 0.01
2458500.2789994 8.30 0.01
2458500.2791730 8.30 0.01
2458500.2793466 8.33 0.01
2458500.2795202 8.28 0.01
2458500.2796938 8.35 0.01
2458500.2798674 8.33 0.01
2458500.2800410 8.29 0.01
2458500.2802147 8.29 0.01
2458500.2803896 8.30 0.01
2458500.2805631 8.31 0.01
2458500.2807365 8.35 0.01
2458500.2809100 8.34 0.01
2458500.2810834 8.33 0.01
2458500.2812568 8.30 0.01
2458500.2814303 8.29 0.01
2458500.2816037 8.31 0.01
2458500.2817772 8.30 0.01
2458500.2819508 8.28 0.01
2458500.2821244 8.32 0.01
2458500.2822980 8.34 0.01
2458500.2824716 8.33 0.01
2458500.2826452 8.30 0.01
2458500.2828188 8.28 0.01
2458500.2829924 8.30 0.01
2458500.2831660 8.31 0.01
2458500.2833397 8.32 0.01
2458500.2835133 8.31 0.01
2458500.2836869 8.32 0.01
2458500.2838605 8.29 0.01
2458500.2840341 8.33 0.01
2458500.2842077 8.29 0.01
2458500.2843813 8.33 0.01
2458500.2845549 8.33 0.01
2458500.2847286 8.33 0.01
2458500.2849022 8.33 0.01
2458500.2850758 8.33 0.01
2458500.2852494 8.30 0.01
2458500.2854230 8.32 0.01
2458500.2855966 8.30 0.01
2458500.2857702 8.32 0.01
2458500.2859438 8.31 0.01
2458500.2861174 8.37 0.01
2458500.2862911 8.32 0.01
2458500.2864647 8.32 0.01
2458500.2866383 8.31 0.01
2458500.2868119 8.33 0.01
2458500.2869855 8.34 0.01
2458500.2871591 8.31 0.01
2458500.2873327 8.28 0.01
2458500.2875063 8.36 0.01
2458500.2876799 8.30 0.01
2458500.2878535 8.32 0.01
2458500.2880272 8.32 0.01
2458500.2882008 8.35 0.01
2458500.2883744 8.31 0.01
2458500.2885480 8.32 0.01
2458500.2887216 8.28 0.01
2458500.2888952 8.28 0.01
2458500.2890688 8.28 0.01
2458500.2892424 8.32 0.01
2458500.2894160 8.28 0.01
2458500.2895897 8.29 0.01
2458500.2897633 8.34 0.01
2458500.2899369 8.30 0.01
2458500.2901105 8.33 0.01
2458500.2902841 8.31 0.01
2458500.2904577 8.29 0.01
2458500.2906313 8.31 0.01
2458500.2908049 8.30 0.01
2458500.2909785 8.31 0.01
2458500.2911522 8.29 0.01
2458500.2913258 8.32 0.01
2458500.2914994 8.31 0.01
2458500.2916730 8.31 0.01
2458500.2918466 8.31 0.01
2458500.2920202 8.28 0.01
2458500.2921938 8.27 0.01
2458500.2923688 8.31 0.01
2458500.2925423 8.30 0.01
2458500.2927157 8.31 0.01
2458500.2928892 8.32 0.01
2458500.2930626 8.30 0.01
2458500.2932360 8.33 0.01
2458500.2934095 8.34 0.01