2458467.3668514 10.97 0.14
2458467.3675459 10.86 0.13
2458467.3677195 10.99 0.14
2458467.3678931 11.02 0.15
2458467.3680667 11.00 0.15
2458467.3682403 10.89 0.13
2458467.3685875 10.85 0.13
2458467.3694556 10.94 0.14
2458467.3703236 10.79 0.12
2458467.3704972 10.98 0.14
2458467.3710181 10.70 0.11
2458467.3711917 10.99 0.14
2458467.3718861 10.88 0.13
2458467.3725806 10.80 0.12
2458467.3729278 11.04 0.15
2458467.3731014 10.94 0.14
2458467.3734486 10.99 0.15
2458467.3743167 10.98 0.15
2458467.3746639 10.96 0.14
2458467.3750111 11.03 0.15
2458467.3755332 11.00 0.15
2458467.3760536 10.78 0.12
2458467.3762270 10.93 0.14
2458467.3764005 11.01 0.15
2458467.3765739 11.00 0.15
2458467.3767473 10.94 0.14
2458467.3769209 10.96 0.14
2458467.3772681 11.00 0.15
2458467.3777889 11.01 0.15
2458467.3779625 11.06 0.15
2458467.3783097 10.91 0.14
2458467.3790042 10.97 0.15
2458467.3796986 11.06 0.16
2458467.3800459 10.77 0.12
2458467.3802195 11.01 0.15
2458467.3805667 10.97 0.14
2458467.3807403 10.93 0.14
2458467.3810875 10.73 0.12
2458467.3812611 10.87 0.13
2458467.3821292 10.96 0.14
2458467.3824764 11.02 0.15
2458467.3826500 10.89 0.13
2458467.3829973 11.06 0.16
2458467.3833445 10.84 0.13
2458467.3836917 10.91 0.14
2458467.3840389 11.01 0.15
2458467.3843861 10.96 0.15
2458467.3845597 11.08 0.16
2458467.3847334 11.00 0.15
2458467.3849070 10.91 0.14
2458467.3850806 10.94 0.14
2458467.3856014 11.05 0.16
2458467.3861222 11.03 0.15
2458467.3866431 10.96 0.15
2458467.3868167 10.97 0.15
2458467.3869903 10.76 0.12
2458467.3871639 11.06 0.16
2458467.3875123 10.98 0.15
2458467.3878592 10.96 0.14
2458467.3880327 10.93 0.14
2458467.3887264 10.80 0.13
2458467.3890736 10.82 0.13
2458467.3892473 10.83 0.13
2458467.3895945 10.94 0.14
2458467.3902889 10.95 0.14
2458467.3906361 11.08 0.16
2458467.3913306 10.88 0.14
2458467.3920250 10.81 0.13
2458467.3927195 10.94 0.14
2458467.3934139 10.92 0.14
2458467.3939347 10.96 0.15
2458467.3941084 10.90 0.14
2458467.3942820 11.02 0.16
2458467.3949764 10.92 0.14
2458467.3953236 10.88 0.14
2458467.3954973 11.07 0.16
2458467.3956709 10.90 0.14
2458467.3961917 10.81 0.13
2458467.3963653 10.97 0.15
2458467.3979278 10.80 0.13
2458467.3981014 10.99 0.15
2458467.3982750 10.80 0.13
2458467.3987959 10.94 0.14
2458467.3991431 10.93 0.14
2458467.3993180 11.11 0.17
2458467.4017472 10.91 0.14
2458467.4019209 10.86 0.14
2458467.4022681 10.99 0.15
2458467.4031361 11.13 0.17
2458467.4043514 10.89 0.14
2458467.4046986 10.91 0.14
2458467.4060875 10.93 0.14
2458467.4064348 10.87 0.14
2458467.4069556 10.95 0.14
2458467.4071292 11.04 0.16
2458467.4078236 10.84 0.13
2458467.4090389 10.78 0.13
2458467.4093861 11.04 0.16
2458467.4095597 11.10 0.17
2458467.4099070 11.01 0.16
2458467.4106014 10.88 0.14
2458467.4114705 11.09 0.17
2458467.4119908 10.83 0.13
2458467.4121643 11.08 0.17
2458467.4123377 10.83 0.13
2458467.4126848 10.86 0.14
2458467.4133792 10.90 0.14
2458467.4137264 10.97 0.15
2458467.4158097 11.08 0.17
2458467.4159834 10.92 0.14
2458467.4161570 10.94 0.15
2458467.4168514 10.94 0.15
2458467.4171986 10.98 0.15
2458467.4180667 10.79 0.13
2458467.4184139 10.96 0.15
2458467.4185875 10.85 0.14
2458467.4192820 10.92 0.15
2458467.4199764 11.03 0.16
2458467.4201500 11.02 0.16
2458469.3667865 11.06 0.11
2458469.3670135 11.10 0.12
2458469.3671871 11.26 0.13
2458469.3675343 11.04 0.11
2458469.3677079 11.11 0.12
2458469.3678815 11.15 0.12
2458469.3682287 11.15 0.12
2458469.3684023 10.93 0.10
2458469.3685760 11.14 0.12
2458469.3687496 10.94 0.10
2458469.3689232 11.10 0.12
2458469.3690968 11.15 0.12
2458469.3692704 11.05 0.11
2458469.3694440 11.17 0.12
2458469.3696176 11.12 0.12
2458469.3697912 11.18 0.13
2458469.3699648 11.15 0.12
2458469.3701384 11.16 0.12
2458469.3704857 11.36 0.15
2458469.3706593 10.99 0.11
2458469.3708329 11.23 0.13
2458469.3711801 11.10 0.12
2458469.3713537 11.14 0.12
2458469.3715273 11.12 0.12
2458469.3717009 11.24 0.13
2458469.3718746 11.12 0.12
2458469.3722218 11.08 0.12
2458469.3723954 11.05 0.11
2458469.3725690 11.07 0.12
2458469.3727426 11.07 0.12
2458469.3730898 11.09 0.12
2458469.3732635 11.27 0.14
2458469.3734371 11.17 0.13
2458469.3736107 11.42 0.16
2458469.3737843 11.11 0.12
2458469.3739579 11.32 0.14
2458469.3743051 11.01 0.11
2458469.3744787 11.24 0.13
2458469.3748260 11.13 0.12
2458469.3749996 11.10 0.12
2458469.3751732 11.18 0.13
2458469.3753468 11.21 0.13
2458469.3755204 11.02 0.11
2458469.3756940 10.89 0.10
2458469.3758676 11.01 0.11
2458469.3760425 10.97 0.10
2458469.3763894 11.05 0.11
2458469.3765628 11.15 0.12
2458469.3767363 10.95 0.10
2458469.3769097 11.10 0.12
2458469.3770832 11.19 0.13
2458469.3772566 10.97 0.10
2458469.3774301 11.24 0.13
2458469.3776037 11.05 0.11
2458469.3777773 11.13 0.12
2458469.3779510 11.04 0.11
2458469.3782982 10.95 0.10
2458469.3784718 11.01 0.11
2458469.3786454 11.15 0.12
2458493.2523211 10.97 0.13
2458493.2526684 11.21 0.16
2458493.2528420 11.10 0.15
2458493.2531892 11.21 0.16
2458493.2535364 11.00 0.13
2458493.2537100 11.08 0.14
2458493.2538836 11.19 0.16
2458493.2540586 11.12 0.15
2458493.2544055 11.27 0.17
2458493.2545789 10.92 0.12
2458493.2547524 11.05 0.14
2458493.2549258 11.06 0.14
2458493.2557934 11.15 0.15
2458493.2561406 11.19 0.16
2458493.2563142 11.15 0.15
2458493.2564878 11.10 0.14
2458493.2566614 11.13 0.15
2458493.2568350 11.10 0.14
2458493.2570086 11.02 0.13
2458493.2577031 11.05 0.14
2458493.2578767 11.19 0.15
2458493.2580503 11.11 0.14
2458493.2583975 11.01 0.13
2458493.2589184 11.02 0.13
2458493.2590920 10.94 0.12
2458493.2592656 11.13 0.15
2458493.2594392 10.93 0.12
2458493.2596128 11.16 0.15
2458493.2597864 11.07 0.14
2458493.2599600 11.19 0.15
2458493.2601336 11.08 0.14
2458493.2603072 11.11 0.14
2458493.2604809 11.14 0.15
2458493.2608281 11.12 0.14
2458493.2611753 10.89 0.12
2458493.2613489 10.81 0.11
2458493.2615225 11.15 0.15
2458493.2616961 11.22 0.16
2458493.2618697 11.10 0.14
2458493.2622170 11.00 0.13
2458493.2623906 11.05 0.14
2458493.2625642 11.15 0.15
2458493.2629114 11.04 0.14
2458493.2630850 11.10 0.14
2458493.2632586 10.99 0.13
2458493.2634323 11.14 0.15
2458493.2636059 11.07 0.14
2458493.2637795 11.02 0.13
2458493.2639531 11.10 0.14
2458493.2646475 11.04 0.14
2458493.2655156 11.10 0.14
2458493.2656892 10.95 0.12
2458493.2660378 11.01 0.13
2458493.2663847 11.11 0.14
2458493.2665581 11.03 0.13
2458493.2667316 10.92 0.12
2458493.2670784 11.03 0.13
2458493.2672519 11.18 0.15
2458493.2674253 11.15 0.15
2458493.2675989 11.09 0.14
2458493.2677725 11.17 0.15
2458493.2679461 11.14 0.15
2458493.2681197 11.16 0.15
2458493.2682934 11.04 0.13
2458493.2684670 11.22 0.16
2458493.2686406 11.11 0.14
2458493.2688142 10.94 0.12
2458493.2691614 10.91 0.12
2458493.2693350 11.26 0.16
2458493.2703767 10.90 0.12
2458493.2705503 11.11 0.14
2458493.2710711 10.91 0.12
2458493.2712448 10.90 0.12
2458493.2714184 10.93 0.12
2458493.2717656 11.03 0.14
2458493.2726336 10.84 0.11
2458493.2729809 11.03 0.13
2458493.2733281 11.18 0.15
2458493.2735017 11.03 0.13
2458493.2738489 10.86 0.11
2458493.2740225 11.17 0.15
2458493.2743697 11.06 0.14
2458493.2745434 11.20 0.16
2458493.2747170 11.10 0.14
2458493.2750642 11.02 0.13
2458493.2752378 11.15 0.15
2458493.2755850 10.94 0.12
2458493.2757586 11.03 0.13
2458493.2759322 10.89 0.12
2458493.2762795 11.09 0.14
2458493.2764531 11.02 0.13
2458493.2766267 11.04 0.13
2458493.2768003 11.15 0.15
2458493.2769739 10.81 0.11
2458493.2771475 11.05 0.14
2458493.2773211 10.97 0.13
2458493.2774947 11.02 0.13
2458493.2780169 10.98 0.13
2458493.2783638 10.95 0.12
2458493.2785373 10.90 0.12
2458493.2788841 11.20 0.16
2458493.2792310 11.11 0.14
2458493.2795781 10.99 0.13
2458493.2797517 11.01 0.13
2458493.2799253 11.26 0.16
2458493.2800989 11.09 0.14
2458493.2806198 11.11 0.14
2458493.2809670 11.08 0.14
2458493.2813142 11.09 0.14
2458493.2814878 11.15 0.15
2458493.2816614 11.13 0.15
2458493.2818350 11.11 0.14
2458493.2820086 11.05 0.14
2458493.2821822 11.03 0.13
2458493.2825295 11.14 0.15
2458493.2827031 10.95 0.13
2458493.2830503 10.94 0.12
2458493.2832239 11.10 0.14
2458493.2833975 11.07 0.14
2458493.2835711 10.97 0.13
2458493.2837447 11.05 0.14
2458493.2839184 11.07 0.14
2458493.2840920 11.12 0.15
2458493.2846128 10.92 0.12
2458493.2849600 11.14 0.15
2458493.2853072 11.21 0.16
2458493.2858281 11.15 0.15
2458493.2860017 11.14 0.15
2458493.2861753 10.96 0.13
2458493.2863489 11.25 0.16
2458493.2865225 10.99 0.13
2458493.2868698 10.99 0.13
2458493.2870434 11.15 0.15
2458493.2872170 11.13 0.15
2458493.2875642 10.84 0.11
2458493.2877378 11.06 0.14
2458493.2880850 10.97 0.13
2458493.2882586 11.11 0.15
2458493.2884323 11.00 0.13
2458493.2891267 11.06 0.14
2458493.2894739 11.05 0.14
2458493.2896475 11.13 0.15
2458493.2898211 11.18 0.15
2458493.2901695 11.11 0.15
2458493.2903429 11.06 0.14
2458493.2905164 11.05 0.14
2458493.2906898 11.05 0.14
2458493.2908633 11.12 0.15
2458493.2910367 11.02 0.13
2458493.2915572 11.17 0.15
2458493.2919045 11.20 0.16
2458493.2922517 11.08 0.14
2458493.2924253 11.04 0.14
2458493.2929461 11.25 0.16
2458493.2931197 11.15 0.15
2458493.2932934 10.94 0.12
2458493.2934670 11.22 0.16
2458493.2936406 11.05 0.14
2458493.2938142 11.03 0.14
2458493.2939878 11.13 0.15
2458493.2941614 11.10 0.14
2458493.2945086 10.99 0.13
2458493.2946823 10.96 0.13
2458493.2948559 10.94 0.13
2458493.2952031 11.04 0.14
2458493.2955503 11.01 0.13
2458493.2958975 10.98 0.13
2458493.2960711 11.08 0.14
2458493.2962448 11.19 0.16
2458493.2964184 11.02 0.13
2458493.2965920 11.10 0.14
2458493.2969392 10.99 0.13
2458493.2972864 11.21 0.16
2458493.2974600 11.01 0.13
2458493.2979809 11.06 0.14
2458493.2981545 11.04 0.14
2458493.2986753 11.02 0.14
2458493.2990225 11.09 0.14
2458493.2991961 10.96 0.13
2458493.2993697 10.99 0.13
2458493.2995434 11.19 0.16
2458493.3002378 11.07 0.14
2458493.3004114 11.12 0.15
2458493.3005850 11.11 0.15
2458493.3021591 11.16 0.15
2458493.3023327 10.91 0.12
2458493.3025063 10.95 0.13
2458493.3030272 10.95 0.13
2458493.3032008 11.15 0.15
2458493.3033744 10.90 0.12
2458493.3035480 11.08 0.14
2458493.3037216 11.12 0.15
2458493.3054577 11.05 0.14
2458493.3059785 11.07 0.14
2458493.3061522 11.13 0.15
2458493.3063258 11.21 0.16
2458493.3064994 11.09 0.14
2458493.3066730 11.17 0.15
2458493.3068466 11.09 0.14
2458493.3073674 11.12 0.14
2458493.3077147 11.05 0.14
2458493.3078883 11.23 0.16
2458493.3082355 11.16 0.15
2458493.3085827 11.17 0.15
2458493.3087563 10.97 0.13
2458493.3089299 10.94 0.12
2458493.3091036 11.02 0.13
2458493.3099716 11.11 0.14
2458493.3101452 11.17 0.15
2458493.3104924 10.99 0.13
2458493.3106661 11.12 0.14
2458493.3110133 11.11 0.14
2458493.3111869 10.96 0.12
2458493.3117077 11.15 0.15
2458493.3120549 10.88 0.12
2458493.3124033 11.18 0.15
2458493.3125767 10.99 0.13
2458493.3127502 10.98 0.13
2458493.3129236 10.98 0.13
2458493.3130971 10.94 0.12
2458493.3132705 11.04 0.13
2458493.3134439 11.21 0.16
2458493.3139647 11.09 0.14
2458493.3143119 11.09 0.14
2458493.3144855 11.10 0.14
2458493.3150063 10.90 0.12
2458493.3153535 11.15 0.15
2458493.3155272 10.96 0.12
2458493.3157008 11.11 0.14
2458493.3158744 11.02 0.13
2458493.3160480 11.11 0.14
2458493.3163952 11.26 0.16
2458493.3165688 11.15 0.15
2458493.3169161 11.21 0.16
2458493.3172633 11.26 0.16
2458493.3174369 11.18 0.15
2458493.3177841 11.29 0.17
2458493.3179577 11.14 0.15
2458493.3181313 11.07 0.14
2458493.3186522 11.11 0.14
2458493.3188258 10.88 0.11
2458493.3198674 11.09 0.14
2458493.3200411 11.10 0.14
2458493.3202147 11.10 0.14
2458493.3207355 11.18 0.15
2458493.3209091 11.00 0.13
2458493.3210827 11.11 0.14
2458493.3212563 10.94 0.12
2458493.3217772 11.11 0.14
2458493.3219508 11.01 0.13
2458493.3221244 10.99 0.13
2458493.3222980 11.03 0.13
2458493.3228188 11.00 0.13
2458493.3238605 11.15 0.15
2458493.3242090 10.89 0.12
2458493.3243824 11.02 0.13
2458493.3249028 11.07 0.14
2458493.3250762 11.20 0.15
2458493.3254231 11.12 0.14
2458493.3255966 11.00 0.13
2458493.3257702 11.09 0.14
2458493.3261174 11.07 0.14
2458493.3262911 10.99 0.13
2458493.3264647 11.08 0.14
2458493.3266383 11.13 0.14
2458493.3269855 11.08 0.14
2458493.3271591 11.06 0.13
2458493.3275063 11.18 0.15
2458493.3280272 11.12 0.14
2458493.3282008 11.08 0.13
2458493.3283744 10.84 0.11
2458493.3285480 10.98 0.12
2458493.3287216 11.04 0.13
2458493.3288952 10.97 0.12
2458493.3292430 11.11 0.14
2458493.3294160 11.25 0.16
2458493.3295897 11.24 0.16
2458493.3297633 11.15 0.15
2458493.3299369 11.27 0.16
2458493.3304577 11.10 0.14
2458493.3306313 10.98 0.13
2458493.3308049 11.01 0.13
2458493.3309785 10.96 0.12
2458493.3311522 11.22 0.15
2458493.3313258 11.07 0.14
2458493.3314994 11.18 0.15
2458493.3318466 11.24 0.16
2458493.3320202 11.05 0.13
2458493.3323674 10.89 0.12
2458493.3325411 11.17 0.15
2458493.3327147 10.92 0.12
2458493.3328883 11.10 0.14
2458493.3332355 10.98 0.13
2458493.3334091 11.06 0.13
2458493.3344508 10.89 0.12
2458493.3346244 11.06 0.14
2458493.3347980 11.17 0.15
2458493.3349716 11.03 0.13
2458493.3351452 10.96 0.12
2458493.3353188 11.01 0.13
2458493.3354924 11.06 0.14
2458493.3356661 10.96 0.12
2458493.3358397 10.98 0.13
2458493.3360133 11.20 0.15
2458493.3363616 11.13 0.14
2458493.3365351 11.13 0.14
2458493.3367085 11.10 0.14
2458493.3368820 11.08 0.14
2458493.3370554 10.95 0.12
2458493.3375758 11.16 0.15
2458493.3382702 10.89 0.12
2458493.3387910 11.16 0.15
2458493.3389647 10.93 0.12
2458493.3393119 11.20 0.16
2458493.3394855 11.15 0.15
2458493.3396591 10.97 0.13
2458493.3398327 10.86 0.11
2458493.3400063 11.16 0.15
2458493.3401799 11.18 0.15
2458493.3403536 11.04 0.13
2458493.3405272 11.25 0.16
2458493.3407008 11.07 0.14
2458493.3408744 11.15 0.15
2458493.3410480 11.09 0.14
2458493.3412216 10.88 0.12
2458493.3413952 11.06 0.14
2458493.3415688 11.05 0.14
2458493.3417424 11.04 0.13
2458493.3419161 10.92 0.12
2458493.3422633 11.05 0.13
2458493.3424369 11.30 0.17
2458493.3427841 11.16 0.15
2458493.3429577 11.17 0.15
2458493.3431313 11.20 0.16
2458493.3434786 11.17 0.15
2458493.3436522 11.04 0.14
2458493.3439994 10.98 0.13
2458493.3441730 10.96 0.13
2458493.3446938 11.19 0.16
2458493.3448674 11.05 0.14
2458493.3450410 11.03 0.14
2458493.3452147 11.17 0.15
2458493.3459091 10.99 0.13
2458493.3460827 11.14 0.15
2458493.3466035 11.02 0.13
2458493.3467772 10.96 0.13
2458493.3469508 11.07 0.14
2458493.3471244 11.04 0.14
2458493.3472980 11.09 0.14
2458493.3474716 11.08 0.14
2458493.3481673 10.94 0.12
2458493.3483408 11.08 0.14
2458493.3488611 11.10 0.14
2458493.3493814 11.09 0.14
2458493.3499022 10.99 0.13
2458493.3500758 11.06 0.14
2458493.3504230 11.10 0.14
2458493.3505966 11.05 0.14
2458493.3514647 11.14 0.15
2458493.3516383 10.95 0.12
2458493.3519855 10.96 0.13
2458493.3526799 11.14 0.15
2458493.3528535 10.86 0.11
2458493.3530272 11.05 0.14
2458493.3533744 11.06 0.14
2458493.3535480 11.08 0.14
2458493.3538952 11.07 0.14
2458493.3540688 10.95 0.12
2458493.3544160 11.15 0.15
2458493.3547633 11.06 0.14
2458493.3549369 10.85 0.11
2458493.3554577 11.01 0.13
2458493.3564994 11.15 0.15
2458493.3573674 11.05 0.14
2458493.3578883 11.13 0.15
2458493.3580619 11.05 0.13
2458493.3582355 11.29 0.17
2458493.3584091 11.34 0.18
2458493.3585827 11.18 0.15
2458493.3589299 11.12 0.14
2458493.3591036 11.18 0.15
2458493.3592772 11.13 0.15
2458493.3597980 11.09 0.14
2458493.3601465 10.92 0.12
2458493.3603199 11.11 0.14
2458493.3604934 11.13 0.15
2458493.3608403 11.08 0.14
2458493.3610137 11.08 0.14
2458493.3613606 10.90 0.12
2458493.3615341 11.06 0.14
2458493.3624022 10.99 0.13
2458493.3625758 11.16 0.15
2458493.3627494 11.10 0.14
2458493.3630966 11.16 0.15
2458493.3636174 11.03 0.13
2458493.3637911 11.02 0.13
2458493.3639647 11.00 0.13
2458493.3643119 11.22 0.16
2458493.3646591 11.00 0.13
2458493.3648327 10.99 0.13
2458493.3650063 11.13 0.15
2458493.3653536 11.03 0.13
2458493.3658744 11.21 0.16
2458493.3660480 11.19 0.15
2458493.3663952 11.06 0.14
2458493.3665688 11.12 0.14
2458493.3667424 11.09 0.14
2458493.3669161 11.09 0.14
2458493.3670897 11.25 0.16
2458493.3672633 11.16 0.15
2458493.3674369 11.14 0.15
2458493.3676105 11.20 0.16
2458493.3677841 11.18 0.15
2458493.3681313 11.13 0.15
2458493.3683049 11.06 0.14
2458493.3684785 10.90 0.12
2458493.3686522 11.12 0.15
2458493.3688258 11.18 0.15
2458493.3689994 11.21 0.16
2458493.3693466 11.13 0.15
2458493.3695202 11.18 0.15
2458493.3696938 11.10 0.14
2458493.3698674 11.20 0.16
2458493.3700410 11.07 0.14
2458493.3702147 11.03 0.13
2458493.3705619 11.06 0.14
2458493.3707355 11.09 0.14
2458493.3709091 11.08 0.14
2458493.3710827 11.17 0.15
2458493.3712563 11.08 0.14
2458493.3714299 11.33 0.18
2458493.3724725 11.18 0.15
2458493.3728194 11.08 0.14
2458493.3731663 10.88 0.12
2458493.3733397 11.15 0.15
2458493.3735133 10.97 0.13
2458493.3736869 11.10 0.14
2458493.3738605 11.04 0.14
2458493.3742077 11.20 0.16
2458493.3743813 11.05 0.14
2458493.3749022 11.15 0.15
2458493.3754230 11.08 0.14
2458493.3757702 11.18 0.15
2458493.3759438 11.20 0.16
2458493.3761174 11.21 0.16
2458493.3766383 11.15 0.15
2458493.3768119 11.09 0.14
2458493.3771591 11.10 0.14
2458493.3773327 10.95 0.13
2458493.3775063 11.02 0.13
2458493.3778535 11.13 0.15
2458493.3780272 11.14 0.15
2458493.3787216 11.06 0.14
2458493.3788952 10.95 0.13
2458493.3790688 11.08 0.14
2458493.3792424 10.85 0.12
2458493.3799369 11.01 0.13
2458493.3801105 11.14 0.15
2458493.3802841 11.16 0.15
2458493.3806313 11.03 0.14
2458493.3809786 11.15 0.15
2458493.3811522 11.21 0.16
2458493.3820202 10.89 0.12
2458493.3823674 11.12 0.15
2458493.3834091 11.05 0.14
2458493.3837563 11.01 0.14
2458493.3846251 11.03 0.14
2458493.3847985 11.09 0.14
2458493.3851454 11.18 0.16
2458493.3861869 11.12 0.15
2458493.3865341 11.08 0.15
2458493.3867077 11.24 0.17
2458493.3868813 11.04 0.14
2458493.3877494 11.06 0.14
2458493.3880966 11.02 0.14
2458493.3889647 10.97 0.13
2458493.3898327 11.03 0.14
2458493.3903536 11.11 0.15
2458493.3913952 11.04 0.14
2458493.3917424 11.02 0.14
2458493.3924369 11.11 0.15
2458493.3929577 11.12 0.15
2458493.3931313 11.24 0.17
2458493.3933049 10.94 0.13
2458493.3934785 11.11 0.15
2458493.3936522 11.11 0.15
2458493.3945202 10.97 0.13
2458493.3946938 11.03 0.14
2458493.3953883 10.96 0.13
2458493.3955619 10.88 0.12
2458493.3957355 10.89 0.12
2458493.3962574 11.11 0.15
2458493.3964308 11.00 0.14
2458493.3966043 11.01 0.14
2458493.3972980 11.10 0.15
2458493.3974716 11.04 0.14
2458493.3976452 11.01 0.14
2458493.3978188 10.85 0.12
2458493.3979924 10.90 0.13
2458493.3981661 10.95 0.13
2458493.3986869 10.85 0.12
2458493.3990341 11.07 0.15
2458493.3992077 10.98 0.14
2458493.3997285 11.09 0.15
2458493.3999022 11.10 0.15
2458493.4004230 11.08 0.15
2458493.4005966 11.01 0.14
2458493.4007702 10.98 0.13
2458493.4016383 11.08 0.15
2458493.4018119 11.16 0.16
2458493.4019855 11.07 0.15
2458493.4021591 11.10 0.15
2458493.4025063 10.91 0.13
2458493.4026799 11.07 0.15
2458493.4030272 11.09 0.15
2458493.4032008 11.21 0.17
2458493.4038952 11.08 0.15
2458493.4040688 11.01 0.14
2458493.4058049 11.01 0.14
2458493.4059786 11.04 0.15
2458493.4064994 11.10 0.15
2458493.4070202 11.03 0.14
2458493.4080630 11.06 0.15
2458493.4084099 10.85 0.12
2458493.4085833 11.14 0.16
2458493.4091037 11.00 0.14
2458493.4096244 10.98 0.14
2458493.4104924 11.05 0.15
2458493.4106661 10.86 0.12
2458493.4108397 10.92 0.13
2458493.4110133 10.94 0.13
2458493.4111869 11.01 0.14
2458493.4115341 11.04 0.15
2458493.4117077 10.99 0.14
2458493.4120549 10.99 0.14
2458493.4124022 11.06 0.15
2458493.4130966 11.06 0.15
2458493.4148327 10.85 0.12
2458493.4153535 10.96 0.14
2458493.4155272 10.97 0.14
2458494.3469045 10.90 0.17
2458494.3470781 10.74 0.15
2458494.3475989 10.79 0.16
2458494.3491614 10.81 0.16
2458494.3517656 10.79 0.16
2458494.3526336 10.80 0.17
2458494.3557586 10.65 0.17
2458495.1587230 10.83 0.17
2458495.1646244 10.68 0.15
2458495.1807702 10.72 0.15
2458495.1818119 10.71 0.15
2458495.1861522 10.88 0.17
2458495.1896244 10.78 0.15
2458495.1908397 10.75 0.15
2458495.1915341 10.80 0.16
2458495.1991730 10.67 0.14
2458495.2085480 10.81 0.16
2458495.2180966 10.70 0.14
2458495.2191393 10.71 0.14
2458495.2193127 10.87 0.16
2458495.2207008 10.79 0.15
2458495.2241730 10.81 0.16
2458495.2274716 10.77 0.15
2458495.2335480 10.82 0.15
2458495.2340688 10.77 0.15
2458495.2373674 10.86 0.16
2458495.2415341 10.78 0.14
2458495.2460480 10.79 0.15
2458495.2472633 10.71 0.14
2458495.2488258 10.83 0.15
2458495.2524716 10.71 0.14
2458495.2554238 10.82 0.15
2458495.2557706 10.92 0.16
2458495.2573327 10.93 0.16
2458495.2599369 11.00 0.17
2458495.2665341 10.74 0.14
2458495.2708744 10.91 0.16
2458498.1713836 10.99 0.16
2458498.1720781 10.96 0.16
2458498.1795436 10.94 0.14
2458498.1840572 11.01 0.15
2458498.1849253 11.08 0.16
2458498.1854461 11.05 0.16
2458498.1859670 11.03 0.16
2458498.1861406 11.06 0.16
2458498.1863142 10.94 0.14
2458498.1866614 11.00 0.15
2458498.1892656 11.03 0.16
2458498.1901336 10.95 0.14
2458498.1910017 10.74 0.12
2458498.1929114 10.86 0.13
2458498.1932586 11.05 0.15
2458498.1943003 10.91 0.14
2458498.1946475 10.79 0.12
2458498.1955156 10.95 0.14
2458498.1956892 10.94 0.14
2458498.1963846 11.05 0.15
2458498.1967315 10.83 0.13
2458498.1970784 11.08 0.15
2458498.1972519 10.79 0.12
2458498.1981198 11.04 0.15
2458498.1984670 11.07 0.15
2458498.1986406 11.04 0.15
2458498.1995086 10.98 0.14
2458498.1998559 10.98 0.14
2458498.2002031 11.08 0.15
2458498.2003767 11.09 0.15
2458498.2015920 10.96 0.14
2458498.2017656 11.17 0.16
2458498.2022864 10.89 0.13
2458498.2028072 11.04 0.15
2458498.2029809 11.05 0.15
2458498.2031545 10.95 0.13
2458498.2035017 11.19 0.17
2458498.2038489 11.15 0.16
2458498.2040225 11.03 0.14
2458498.2041961 11.09 0.15
2458498.2045434 11.01 0.14
2458498.2048906 10.95 0.13
2458498.2050642 10.95 0.13
2458498.2055850 11.09 0.15
2458498.2059323 10.92 0.13
2458498.2061059 10.91 0.13
2458498.2062795 11.03 0.14
2458498.2064531 11.11 0.15
2458498.2066267 11.04 0.14
2458498.2068003 10.94 0.13
2458498.2069739 10.85 0.12
2458498.2074947 10.94 0.13
2458498.2078420 11.03 0.14
2458498.2080169 10.96 0.13
2458498.2081904 10.81 0.12
2458498.2083638 11.00 0.14
2458498.2085373 11.11 0.15
2458498.2087107 11.00 0.14
2458498.2094045 11.13 0.16
2458498.2100989 11.17 0.16
2458498.2102725 11.03 0.14
2458498.2104461 11.05 0.14
2458498.2107934 11.06 0.15
2458498.2113142 11.00 0.14
2458498.2114878 10.99 0.14
2458498.2118350 10.96 0.14
2458498.2121823 11.11 0.16
2458498.2128767 11.01 0.14
2458498.2137448 11.01 0.14
2458498.2140920 10.96 0.13
2458498.2142656 10.90 0.13
2458498.2147864 11.04 0.14
2458498.2149600 11.12 0.15
2458498.2153072 11.13 0.15
2458498.2154809 10.94 0.13
2458498.2156545 10.97 0.13
2458498.2158281 10.95 0.13
2458498.2160017 11.01 0.14
2458498.2163489 11.13 0.15
2458498.2165225 10.99 0.14
2458498.2170434 11.03 0.14
2458498.2172170 11.25 0.17
2458498.2173906 11.06 0.15
2458498.2175642 11.08 0.15
2458498.2177378 10.86 0.12
2458498.2179114 10.96 0.13
2458498.2180850 11.04 0.14
2458498.2182586 11.21 0.17
2458498.2184322 10.97 0.13
2458498.2186059 11.00 0.14
2458498.2191267 10.92 0.13
2458498.2193003 10.76 0.11
2458498.2198225 10.93 0.13
2458498.2199960 11.01 0.14
2458498.2201694 11.13 0.15
2458498.2203429 10.89 0.12
2458498.2205163 10.77 0.11
2458498.2208632 10.86 0.12
2458498.2210366 11.03 0.14
2458498.2212101 11.01 0.14
2458498.2213836 10.80 0.12
2458498.2215573 10.96 0.13
2458498.2217309 10.94 0.13
2458498.2220781 10.90 0.13
2458498.2222517 11.05 0.15
2458498.2224253 11.02 0.15
2458498.2225989 11.07 0.14
2458498.2229461 10.87 0.12
2458498.2231197 10.89 0.12
2458498.2236406 10.97 0.13
2458498.2241614 11.06 0.14
2458498.2245086 10.95 0.13
2458498.2246822 11.11 0.15
2458498.2248559 10.93 0.13
2458498.2250295 11.06 0.14
2458498.2258975 10.99 0.13
2458498.2260711 10.80 0.11
2458498.2262447 10.84 0.12
2458498.2264184 10.80 0.11
2458498.2265920 10.95 0.13
2458498.2267656 10.97 0.13
2458498.2269392 11.03 0.14
2458498.2271128 10.97 0.13
2458498.2276336 11.03 0.14
2458498.2278073 10.90 0.12
2458498.2279809 11.06 0.14
2458498.2283281 11.02 0.14
2458498.2286753 11.13 0.15
2458498.2290225 11.18 0.16
2458498.2295434 11.09 0.15
2458498.2297170 10.88 0.12
2458498.2298906 11.08 0.15
2458498.2300642 10.98 0.13
2458498.2302378 11.14 0.16
2458498.2309322 11.12 0.15
2458498.2314531 11.03 0.14
2458498.2318016 11.03 0.14
2458498.2321485 10.98 0.14
2458498.2323219 10.90 0.13
2458498.2326688 11.00 0.14
2458498.2328422 10.87 0.12
2458498.2330157 10.93 0.13
2458498.2331892 10.85 0.12
2458498.2337100 10.95 0.13
2458498.2342309 10.99 0.14
2458498.2344045 11.05 0.15
2458498.2345781 10.90 0.13
2458498.2347517 11.16 0.16
2458498.2349253 11.07 0.15
2458498.2352725 10.91 0.13
2458498.2359670 11.17 0.16
2458498.2366614 11.20 0.17
2458498.2368350 11.14 0.16
2458498.2370086 11.08 0.15
2458498.2371823 11.14 0.16
2458498.2373559 11.14 0.16
2458498.2375295 10.98 0.14
2458498.2383975 10.91 0.13
2458498.2387447 11.05 0.15
2458498.2392656 10.97 0.14
2458498.2394392 11.02 0.15
2458498.2396128 10.75 0.11
2458498.2403072 10.94 0.14
2458498.2410017 10.91 0.13
2458498.2416961 11.09 0.15
2458498.2430850 11.07 0.15
2458498.2437807 11.09 0.16
2458498.2448214 11.11 0.16
2458498.2451684 11.10 0.16
2458498.2453420 11.06 0.15
2458498.2455156 10.99 0.14
2458498.2463836 10.99 0.14
2458498.2465572 11.05 0.15
2458498.2475989 11.05 0.15
2458498.2479461 11.11 0.16
2458498.2482934 10.97 0.14
2458498.2484670 10.93 0.13
2458498.2486406 11.06 0.15
2458498.2488142 11.06 0.15
2458498.2489878 11.06 0.15
2458498.2493350 10.99 0.14
2458498.2496822 10.98 0.14
2458498.2498559 11.15 0.16
2458498.2505503 11.16 0.17
2458498.2507239 10.97 0.14
2458498.2508975 11.04 0.15
2458498.2512448 10.97 0.15
2458498.2538489 10.95 0.14
2458498.2543697 10.89 0.14
2458498.2555863 10.97 0.14
2458498.2557598 11.15 0.17
2458498.2559332 11.00 0.15
2458498.2566270 11.00 0.15
2458498.2568004 11.09 0.16
2458498.2578420 11.04 0.15
2458498.2581892 11.04 0.15
2458498.2592309 11.13 0.17
2458498.2597517 11.00 0.15
2458498.2606198 11.07 0.16
2458498.2607934 11.03 0.15
2458498.2611406 11.01 0.15
2458498.2620086 10.98 0.14
2458498.2627031 11.21 0.15
2458498.2628767 11.12 0.13
2458498.2632239 11.15 0.14
2458498.2635711 11.23 0.15
2458498.2639184 10.96 0.12
2458498.2646128 11.31 0.16
2458498.2651336 11.01 0.12
2458498.2653072 11.24 0.15
2458498.2654809 11.09 0.14
2458498.2656545 11.18 0.14
2458498.2658281 11.07 0.13
2458498.2660017 11.16 0.14
2458498.2663489 11.26 0.15
2458498.2665225 10.93 0.11
2458498.2666961 11.09 0.13
2458498.2668698 11.12 0.13
2458498.2670434 11.25 0.15
2458498.2672170 10.97 0.12
2458498.2675655 11.16 0.14
2458498.2680858 11.22 0.15
2458498.2684327 11.23 0.15
2458498.2686062 11.14 0.14
2458498.2689531 11.20 0.15
2458498.2691267 11.03 0.12
2458498.2694739 11.09 0.13
2458498.2698211 11.13 0.14
2458498.2699947 11.09 0.13
2458498.2701684 11.03 0.12
2458498.2703420 11.11 0.13
2458498.2706892 11.14 0.14
2458498.2708628 11.16 0.14
2458498.2710364 11.12 0.13
2458498.2712100 11.17 0.14
2458498.2713836 11.17 0.14
2458498.2717309 11.25 0.15
2458498.2720781 11.02 0.12
2458498.2722517 11.01 0.12
2458498.2724253 11.25 0.15
2458498.2725989 11.23 0.15
2458498.2727725 11.18 0.14
2458498.2729461 11.18 0.14
2458498.2731197 11.05 0.12
2458498.2734670 11.03 0.12
2458498.2736406 11.05 0.12
2458498.2738142 11.17 0.14
2458498.2739878 11.15 0.13
2458498.2741614 10.91 0.11
2458498.2743350 11.18 0.14
2458498.2745086 11.25 0.15
2458498.2746823 11.11 0.13
2458498.2748559 10.97 0.12
2458498.2750295 11.12 0.13
2458498.2752031 11.30 0.15
2458498.2753767 11.16 0.14
2458498.2755503 11.00 0.12
2458498.2758975 11.10 0.13
2458498.2760711 11.18 0.14
2458498.2765920 11.12 0.13
2458498.2767656 11.13 0.14
2458498.2769392 11.05 0.13
2458498.2772864 11.08 0.13
2458498.2774600 10.95 0.11
2458498.2776336 11.05 0.12
2458498.2778072 11.04 0.12
2458498.2779809 11.10 0.13
2458498.2781545 10.98 0.12
2458498.2783281 11.06 0.13
2458498.2785017 10.97 0.12
2458498.2788489 10.98 0.12
2458498.2790225 11.08 0.13
2458498.2791961 11.09 0.13
2458498.2793697 11.13 0.14
2458498.2795448 11.00 0.12
2458498.2797182 11.20 0.14
2458498.2798916 11.15 0.14
2458498.2800651 11.06 0.13
2458498.2802385 11.14 0.14
2458498.2804120 11.11 0.13
2458498.2811059 11.22 0.15
2458498.2812795 11.13 0.14
2458498.2814531 10.88 0.11
2458498.2816267 11.00 0.12
2458498.2818003 11.21 0.14
2458498.2819739 11.11 0.13
2458498.2823211 11.08 0.13
2458498.2826684 11.16 0.14
2458498.2830156 11.00 0.12
2458498.2831892 11.07 0.13
2458498.2833628 11.25 0.15
2458498.2835364 10.97 0.12
2458498.2840573 11.10 0.13
2458498.2842309 11.14 0.14
2458498.2844045 11.02 0.12
2458498.2847517 11.06 0.13
2458498.2849253 11.25 0.15
2458498.2850989 11.00 0.12
2458498.2852725 11.17 0.14
2458498.2854461 11.00 0.12
2458498.2856197 11.02 0.12
2458498.2857934 11.05 0.13
2458498.2859670 10.99 0.12
2458498.2861406 10.95 0.12
2458498.2863142 11.07 0.13
2458498.2864878 11.07 0.13
2458498.2866614 11.03 0.13
2458498.2868350 10.91 0.11
2458498.2870086 11.00 0.12
2458498.2871822 11.16 0.14
2458498.2877031 11.10 0.14
2458498.2878767 11.07 0.13
2458498.2880503 11.01 0.13
2458498.2882239 10.91 0.11
2458498.2885711 11.02 0.13
2458498.2887447 11.13 0.14
2458498.2889184 11.17 0.14
2458498.2890920 11.09 0.14
2458498.2892656 11.16 0.14
2458498.2896128 11.04 0.13
2458498.2897864 10.99 0.12
2458498.2899600 10.91 0.11
2458498.2903073 11.06 0.13
2458498.2904809 11.06 0.13
2458498.2906545 11.11 0.13
2458498.2908281 11.13 0.14
2458498.2910017 11.15 0.14
2458498.2911753 11.09 0.13
2458498.2913489 10.93 0.12
2458498.2915239 10.99 0.12
2458498.2916974 11.16 0.15
2458498.2918708 11.09 0.13
2458498.2920443 11.24 0.15
2458498.2923912 11.17 0.15
2458498.2925646 11.15 0.15
2458498.2929115 11.00 0.13
2458498.2930850 11.01 0.12
2458498.2934322 11.11 0.14
2458498.2936059 10.92 0.12
2458498.2939531 11.02 0.13
2458498.2941267 11.02 0.13
2458498.2943003 10.96 0.12
2458498.2944739 10.94 0.13
2458498.2946475 11.13 0.15
2458498.2948211 11.01 0.14
2458498.2949947 11.03 0.13
2458498.2951684 11.00 0.12
2458498.2953420 11.11 0.14
2458498.2955156 10.88 0.11
2458498.2956892 11.14 0.14
2458498.2963836 11.12 0.14
2458498.2967309 10.95 0.12
2458498.2969045 11.13 0.14
2458498.2970781 10.87 0.11
2458498.2972517 11.23 0.15
2458498.2974253 10.99 0.12
2458498.2975989 11.01 0.12
2458498.2977725 11.00 0.12
2458498.2979461 10.93 0.12
2458498.2981198 11.02 0.13
2458498.2982934 11.10 0.14
2458498.2986406 11.21 0.15
2458498.2988142 11.18 0.15
2458498.2989878 11.17 0.15
2458498.2991614 11.02 0.13
2458498.2993350 11.15 0.14
2458498.2996823 11.13 0.14
2458498.2998559 11.11 0.14
2458498.3000295 11.02 0.13
2458498.3002031 10.99 0.13
2458498.3005503 11.11 0.14
2458498.3007239 11.23 0.15
2458498.3008975 11.04 0.13
2458498.3010711 11.01 0.13
2458498.3012447 10.94 0.12
2458498.3014184 11.15 0.14
2458498.3017656 10.87 0.11
2458498.3019392 10.97 0.12
2458498.3024600 11.28 0.16
2458498.3026336 11.26 0.16
2458498.3029809 11.02 0.13
2458498.3031545 10.96 0.12
2458498.3035017 10.83 0.11
2458498.3036766 11.08 0.13
2458498.3040235 11.25 0.15
2458498.3043703 11.10 0.13
2458498.3045438 11.11 0.14
2458498.3048907 11.14 0.14
2458498.3050642 11.17 0.14
2458498.3052378 11.13 0.14
2458498.3054114 11.11 0.14
2458498.3055850 11.02 0.13
2458498.3057586 11.09 0.13
2458498.3059323 11.10 0.14
2458498.3061059 11.21 0.15
2458498.3062795 11.15 0.14
2458498.3064531 11.04 0.13
2458498.3066267 11.20 0.15
2458498.3068003 10.91 0.11
2458498.3069739 11.28 0.16
2458498.3071475 11.17 0.15
2458498.3074948 10.92 0.12
2458498.3076684 11.08 0.13
2458498.3078420 11.10 0.14
2458498.3087100 11.16 0.15
2458498.3090572 10.82 0.11
2458498.3092309 11.02 0.13
2458498.3094045 10.80 0.11
2458498.3099253 11.10 0.14
2458498.3102725 11.03 0.13
2458498.3107934 11.11 0.14
2458498.3109670 11.06 0.13
2458498.3111406 11.20 0.15
2458498.3116614 11.10 0.14
2458498.3118350 11.09 0.14
2458498.3120086 11.18 0.15
2458498.3121822 11.04 0.13
2458498.3123559 11.14 0.14
2458498.3130503 11.17 0.15
2458498.3132239 11.18 0.15
2458498.3133975 11.03 0.13
2458498.3135711 11.02 0.13
2458498.3137448 11.00 0.13
2458498.3139184 11.07 0.14
2458498.3140920 11.12 0.14
2458498.3142656 10.96 0.12
2458498.3144392 11.13 0.14
2458498.3146128 11.06 0.13
2458498.3149600 10.85 0.11
2458498.3153073 11.01 0.13
2458498.3154809 11.06 0.13
2458498.3160027 11.04 0.14
2458498.3163496 11.14 0.15
2458498.3166965 10.94 0.12
2458498.3168699 11.01 0.13
2458498.3170434 11.10 0.14
2458498.3172170 10.93 0.12
2458498.3175642 11.20 0.15
2458500.2359438 10.75 0.14
2458500.2369855 10.90 0.15
2458500.2394161 10.93 0.16
2458500.2408049 10.94 0.16
2458500.2414994 10.94 0.16
2458500.2428883 10.98 0.16
2458500.2442772 11.01 0.16
2458500.2451458 10.76 0.13
2458500.2454927 10.86 0.14
2458500.2470549 11.01 0.16
2458500.2475758 10.83 0.13
2458500.2487910 10.71 0.12
2458500.2489647 10.89 0.14
2458500.2503535 10.90 0.14
2458500.2507008 10.93 0.15
2458500.2517424 10.92 0.14
2458500.2526105 10.84 0.14
2458500.2538258 11.00 0.16
2458500.2546938 11.00 0.16
2458500.2548674 10.92 0.15
2458500.2555619 11.01 0.16
2458500.2559091 10.93 0.15
2458500.2566046 10.93 0.15
2458500.2571250 11.01 0.16
2458500.2578188 10.89 0.14
2458500.2583397 10.90 0.14
2458500.2586869 10.84 0.13
2458500.2602494 11.06 0.16
2458500.2607702 10.98 0.15
2458500.2619855 10.93 0.14
2458500.2626799 11.03 0.16
2458500.2628535 10.95 0.14
2458500.2633744 11.05 0.16
2458500.2637216 10.88 0.14
2458500.2642424 11.00 0.15
2458500.2654577 10.94 0.14
2458500.2659785 10.99 0.15
2458500.2661522 10.99 0.15
2458500.2663258 10.99 0.15
2458500.2675410 11.04 0.15
2458500.2680619 10.99 0.15
2458500.2682355 10.95 0.14
2458500.2685839 11.00 0.15
2458500.2694511 11.06 0.16
2458500.2706661 10.91 0.14
2458500.2717077 10.86 0.13
2458500.2734438 10.84 0.13
2458500.2736174 11.06 0.16
2458500.2757008 11.17 0.17
2458500.2762216 11.06 0.16
2458500.2767424 11.05 0.15
2458500.2770897 10.97 0.14
2458500.2786522 10.99 0.15
2458500.2789994 10.83 0.13
2458500.2805631 11.07 0.16
2458500.2810834 10.97 0.14
2458500.2822980 11.05 0.15
2458500.2826452 10.88 0.13
2458500.2835133 10.98 0.14
2458500.2838605 10.95 0.14
2458500.2840341 11.01 0.15
2458500.2842077 10.78 0.12
2458500.2845549 10.82 0.12
2458500.2873327 10.97 0.14
2458500.2875063 10.89 0.13
2458500.2885480 10.94 0.14
2458500.2906313 11.07 0.15
2458500.2908049 10.98 0.14
2458500.2916730 10.98 0.14
2458500.2920202 11.11 0.15
2458500.2921938 11.17 0.16
2458500.2925423 10.99 0.14
2458500.2927157 11.00 0.14
2458500.2928892 11.14 0.16
2458500.2932360 11.11 0.15