2458467.3668514 10.76 0.12
2458467.3670250 10.78 0.12
2458467.3673723 10.96 0.14
2458467.3675459 10.90 0.13
2458467.3677195 10.79 0.12
2458467.3678931 10.73 0.11
2458467.3680667 10.85 0.13
2458467.3682403 10.70 0.11
2458467.3684139 10.83 0.12
2458467.3687611 10.79 0.12
2458467.3689347 10.77 0.12
2458467.3691084 10.76 0.12
2458467.3694556 10.77 0.12
2458467.3696292 11.05 0.15
2458467.3698028 10.98 0.14
2458467.3699764 10.85 0.13
2458467.3701500 11.03 0.15
2458467.3704972 10.81 0.12
2458467.3706709 10.68 0.11
2458467.3708445 10.68 0.11
2458467.3710181 10.72 0.11
2458467.3711917 11.01 0.15
2458467.3713653 10.91 0.14
2458467.3715389 10.74 0.12
2458467.3717125 10.82 0.13
2458467.3718861 10.72 0.12
2458467.3720598 10.77 0.12
2458467.3724070 10.86 0.13
2458467.3725806 10.86 0.13
2458467.3727542 10.80 0.13
2458467.3729278 10.97 0.14
2458467.3731014 11.02 0.15
2458467.3732750 10.79 0.12
2458467.3734486 10.68 0.11
2458467.3736223 10.86 0.13
2458467.3737959 10.85 0.13
2458467.3739695 10.73 0.12
2458467.3741431 10.99 0.15
2458467.3743167 10.84 0.13
2458467.3746639 10.81 0.12
2458467.3748375 10.81 0.12
2458467.3750111 10.75 0.12
2458467.3753584 10.87 0.13
2458467.3755332 10.69 0.11
2458467.3757067 10.92 0.14
2458467.3760536 10.94 0.14
2458467.3764005 10.79 0.12
2458467.3765739 10.84 0.13
2458467.3767473 10.67 0.11
2458467.3769209 10.69 0.11
2458467.3770945 10.97 0.15
2458467.3772681 10.81 0.13
2458467.3774417 10.67 0.11
2458467.3776153 10.89 0.13
2458467.3777889 10.82 0.13
2458467.3779625 10.87 0.13
2458467.3781361 10.86 0.13
2458467.3783097 10.79 0.12
2458467.3784834 10.76 0.12
2458467.3786570 10.68 0.11
2458467.3788306 10.53 0.10
2458467.3790042 10.66 0.11
2458467.3791778 10.78 0.12
2458467.3793514 10.96 0.14
2458467.3795250 10.83 0.13
2458467.3800459 10.91 0.14
2458467.3802195 11.03 0.15
2458467.3805667 10.90 0.13
2458467.3809139 10.85 0.13
2458467.3810875 10.88 0.13
2458467.3812611 10.85 0.13
2458467.3814348 10.76 0.12
2458467.3816084 10.79 0.12
2458467.3817820 10.81 0.13
2458467.3819556 10.81 0.13
2458467.3821292 10.76 0.12
2458467.3823028 10.92 0.14
2458467.3824764 10.80 0.12
2458467.3826500 10.85 0.13
2458467.3828236 10.75 0.12
2458467.3829973 11.08 0.16
2458467.3831709 10.94 0.14
2458467.3833445 10.76 0.12
2458467.3835181 10.90 0.14
2458467.3836917 10.86 0.13
2458467.3838653 10.88 0.14
2458467.3842125 10.95 0.14
2458467.3843861 10.73 0.12
2458467.3847334 10.88 0.14
2458467.3849070 10.96 0.15
2458467.3850806 10.98 0.15
2458467.3852542 10.86 0.13
2458467.3854278 10.75 0.12
2458467.3856014 10.81 0.13
2458467.3857750 10.64 0.11
2458467.3859486 10.73 0.12
2458467.3861222 10.88 0.13
2458467.3862959 10.87 0.13
2458467.3864695 10.74 0.12
2458467.3868167 10.82 0.13
2458467.3869903 10.87 0.14
2458467.3871639 10.87 0.13
2458467.3873389 10.96 0.14
2458467.3878592 10.93 0.14
2458467.3880327 10.78 0.12
2458467.3882061 10.81 0.13
2458467.3883795 10.79 0.13
2458467.3885530 10.96 0.15
2458467.3887264 10.87 0.13
2458467.3889000 10.91 0.14
2458467.3890736 10.70 0.11
2458467.3892473 10.95 0.14
2458467.3894209 11.08 0.16
2458467.3895945 10.80 0.13
2458467.3897681 10.95 0.14
2458467.3901153 10.98 0.15
2458467.3902889 10.70 0.11
2458467.3904625 10.87 0.13
2458467.3906361 10.72 0.12
2458467.3908098 10.67 0.11
2458467.3909834 10.76 0.12
2458467.3911570 11.05 0.16
2458467.3913306 10.86 0.13
2458467.3915042 10.81 0.13
2458467.3916778 10.96 0.15
2458467.3918514 10.73 0.12
2458467.3920250 10.75 0.12
2458467.3921986 10.82 0.13
2458467.3923722 10.95 0.14
2458467.3925459 10.78 0.12
2458467.3927195 10.75 0.12
2458467.3928931 10.73 0.12
2458467.3930667 10.70 0.11
2458467.3932403 10.60 0.11
2458467.3935875 10.75 0.12
2458467.3939347 10.79 0.13
2458467.3941084 10.91 0.14
2458467.3942820 10.96 0.15
2458467.3944556 10.68 0.11
2458467.3946292 10.82 0.13
2458467.3948028 11.01 0.15
2458467.3949764 11.03 0.16
2458467.3954973 10.89 0.14
2458467.3956709 10.61 0.11
2458467.3960181 10.80 0.13
2458467.3961917 10.80 0.13
2458467.3963653 10.85 0.13
2458467.3965389 10.83 0.13
2458467.3967125 10.68 0.11
2458467.3968861 10.72 0.12
2458467.3970598 10.79 0.13
2458467.3972334 10.74 0.12
2458467.3974070 10.83 0.13
2458467.3975806 10.94 0.14
2458467.3977542 10.68 0.11
2458467.3979278 10.70 0.11
2458467.3981014 10.81 0.13
2458467.3982750 10.85 0.13
2458467.3986223 10.69 0.11
2458467.3987959 10.91 0.14
2458467.3989695 10.73 0.12
2458467.3991431 10.57 0.10
2458467.3993180 10.84 0.13
2458467.3994914 10.88 0.14
2458467.3996649 10.92 0.14
2458467.3998383 10.63 0.11
2458467.4001852 10.91 0.14
2458467.4003586 10.95 0.15
2458467.4005321 10.96 0.15
2458467.4007056 10.85 0.13
2458467.4008792 10.94 0.14
2458467.4010528 10.63 0.11
2458467.4014000 10.84 0.13
2458467.4015736 10.74 0.12
2458467.4020945 10.68 0.11
2458467.4022681 10.70 0.12
2458467.4026153 10.96 0.15
2458467.4029625 10.84 0.13
2458467.4031361 10.94 0.15
2458467.4033098 10.95 0.15
2458467.4034834 10.89 0.14
2458467.4036570 10.76 0.12
2458467.4040042 10.89 0.14
2458467.4043514 10.97 0.15
2458467.4045250 10.55 0.10
2458467.4046986 10.92 0.14
2458467.4048723 10.59 0.11
2458467.4050459 10.76 0.12
2458467.4052195 10.80 0.13
2458467.4053931 10.75 0.12
2458467.4055667 11.04 0.16
2458467.4057403 10.88 0.14
2458467.4062611 10.97 0.15
2458467.4064348 10.83 0.13
2458467.4066084 10.88 0.14
2458467.4069556 10.97 0.15
2458467.4071292 10.91 0.14
2458467.4073028 10.72 0.12
2458467.4074764 10.81 0.13
2458467.4076500 11.02 0.16
2458467.4078236 10.77 0.12
2458467.4079972 10.84 0.13
2458467.4081709 10.77 0.13
2458467.4083445 10.74 0.12
2458467.4086917 10.87 0.14
2458467.4090389 10.76 0.12
2458467.4092125 10.85 0.13
2458467.4093861 10.83 0.13
2458467.4095597 10.82 0.13
2458467.4097334 10.72 0.12
2458467.4099070 10.81 0.13
2458467.4100806 10.78 0.13
2458467.4102542 10.76 0.12
2458467.4104278 10.94 0.14
2458467.4109486 10.74 0.12
2458467.4111236 10.74 0.12
2458467.4112971 10.69 0.12
2458467.4114705 10.99 0.15
2458467.4116440 10.66 0.11
2458467.4119908 10.93 0.14
2458467.4121643 10.77 0.13
2458467.4123377 11.04 0.16
2458467.4125112 10.90 0.14
2458467.4126848 10.82 0.13
2458467.4128584 10.74 0.12
2458467.4130320 10.94 0.15
2458467.4133792 10.58 0.10
2458467.4135528 10.86 0.13
2458467.4137264 10.87 0.14
2458467.4139000 10.88 0.14
2458467.4140736 11.03 0.16
2458467.4142473 10.87 0.14
2458467.4144209 10.77 0.13
2458467.4145945 10.73 0.12
2458467.4147681 10.75 0.12
2458467.4149417 10.70 0.12
2458467.4151153 10.96 0.15
2458467.4152889 10.83 0.13
2458467.4154625 10.85 0.13
2458467.4156361 10.94 0.15
2458467.4161570 10.80 0.13
2458467.4165042 11.01 0.16
2458467.4166778 10.78 0.13
2458467.4168514 10.77 0.13
2458467.4170250 10.68 0.12
2458467.4171986 10.86 0.14
2458467.4175459 10.92 0.15
2458467.4178931 10.81 0.13
2458467.4180667 10.85 0.14
2458467.4182403 10.82 0.13
2458467.4184139 10.90 0.14
2458467.4185875 10.81 0.13
2458467.4187611 10.84 0.14
2458467.4189348 10.88 0.14
2458467.4191084 10.80 0.13
2458467.4192820 10.83 0.14
2458467.4196292 10.79 0.13
2458467.4198028 10.92 0.15
2458467.4199764 10.61 0.11
2458467.4201500 10.83 0.14
2458467.4203236 10.95 0.15
2458467.4206709 10.71 0.12
2458469.3667865 10.91 0.10
2458469.3670135 10.89 0.10
2458469.3671871 10.95 0.10
2458469.3673607 10.79 0.09
2458469.3675343 10.83 0.09
2458469.3677079 10.90 0.10
2458469.3678815 10.95 0.10
2458469.3680551 10.81 0.09
2458469.3682287 10.93 0.10
2458469.3684023 10.92 0.10
2458469.3685760 10.86 0.09
2458469.3687496 10.92 0.10
2458469.3689232 10.75 0.09
2458469.3690968 10.82 0.09
2458469.3692704 11.15 0.12
2458469.3694440 10.95 0.10
2458469.3696176 11.01 0.11
2458469.3697912 10.94 0.10
2458469.3699648 10.76 0.09
2458469.3701384 10.80 0.09
2458469.3703121 10.89 0.10
2458469.3704857 10.84 0.09
2458469.3706593 10.81 0.09
2458469.3708329 10.86 0.10
2458469.3710065 10.98 0.11
2458469.3711801 10.86 0.09
2458469.3713537 10.91 0.10
2458469.3715273 11.04 0.11
2458469.3717009 10.76 0.09
2458469.3718746 10.81 0.09
2458469.3720482 10.88 0.10
2458469.3722218 11.06 0.11
2458469.3723954 10.81 0.09
2458469.3725690 10.83 0.09
2458469.3727426 10.94 0.10
2458469.3729162 10.72 0.08
2458469.3730898 10.88 0.10
2458469.3732635 10.97 0.10
2458469.3734371 10.93 0.10
2458469.3736107 10.85 0.09
2458469.3737843 10.79 0.09
2458469.3739579 10.87 0.10
2458469.3741315 10.94 0.10
2458469.3743051 11.04 0.11
2458469.3744787 10.92 0.10
2458469.3746524 11.01 0.11
2458469.3748260 10.97 0.10
2458469.3749996 10.95 0.10
2458469.3751732 10.84 0.09
2458469.3753468 10.71 0.08
2458469.3755204 10.86 0.09
2458469.3756940 10.87 0.10
2458469.3758676 10.92 0.10
2458469.3760425 10.91 0.10
2458469.3762159 10.89 0.10
2458469.3763894 11.03 0.11
2458469.3765628 10.86 0.09
2458469.3767363 10.89 0.10
2458469.3769097 11.01 0.11
2458469.3770832 11.05 0.11
2458469.3772566 10.97 0.10
2458469.3774301 10.92 0.10
2458469.3776037 10.85 0.09
2458469.3777773 10.74 0.08
2458469.3779510 10.94 0.10
2458469.3781246 10.81 0.09
2458469.3782982 10.99 0.11
2458469.3784718 10.87 0.09
2458469.3786454 10.76 0.09
2458488.3044163 11.09 0.15
2458488.3045899 11.03 0.14
2458488.3047635 11.02 0.14
2458488.3051107 11.00 0.14
2458488.3052844 10.97 0.13
2458488.3056316 10.85 0.12
2458488.3058052 10.95 0.13
2458488.3059788 10.71 0.10
2458488.3061524 10.89 0.12
2458488.3063260 10.88 0.12
2458488.3064996 10.99 0.13
2458488.3068468 10.78 0.11
2458488.3070205 10.97 0.13
2458488.3071941 10.97 0.13
2458488.3078885 10.82 0.12
2458488.3080621 10.88 0.12
2458488.3082357 10.94 0.13
2458488.3084093 10.89 0.12
2458488.3085830 10.94 0.13
2458488.3087566 10.86 0.12
2458488.3089302 10.94 0.13
2458488.3091038 11.00 0.14
2458488.3092788 10.74 0.11
2458488.3094522 11.00 0.14
2458488.3097991 11.08 0.15
2458488.3099726 11.04 0.14
2458488.3101460 11.26 0.17
2458488.3103194 10.93 0.13
2458488.3106663 10.96 0.13
2458488.3108399 11.02 0.14
2458488.3110135 10.99 0.14
2458488.3113607 11.06 0.15
2458488.3115344 10.88 0.12
2458488.3117080 11.05 0.14
2458488.3120552 11.00 0.14
2458488.3122288 10.99 0.14
2458488.3127496 10.94 0.13
2458488.3129232 10.77 0.11
2458488.3132705 10.90 0.13
2458488.3134441 10.99 0.14
2458488.3136177 10.83 0.12
2458488.3141385 11.03 0.14
2458488.3146593 10.92 0.13
2458488.3148330 11.06 0.15
2458488.3150066 10.92 0.13
2458488.3151802 10.84 0.12
2458488.3153538 11.01 0.14
2458488.3157010 10.93 0.13
2458488.3158746 10.81 0.12
2458488.3160482 10.95 0.13
2458488.3163955 10.87 0.13
2458488.3169163 10.87 0.13
2458488.3170899 10.93 0.13
2458488.3172635 10.94 0.13
2458488.3174371 10.73 0.11
2458488.3176107 11.13 0.16
2458488.3183052 10.96 0.14
2458488.3184788 10.93 0.13
2458488.3186524 10.78 0.12
2458488.3188260 10.85 0.12
2458488.3189996 10.87 0.13
2458488.3193469 11.04 0.15
2458488.3196941 10.99 0.14
2458488.3205621 10.89 0.13
2458488.3209094 10.78 0.12
2458488.3210830 10.97 0.14
2458488.3214314 10.82 0.12
2458488.3217783 10.94 0.14
2458488.3219517 10.91 0.13
2458488.3224720 10.94 0.14
2458488.3235135 11.20 0.17
2458488.3238607 10.98 0.14
2458488.3240343 10.91 0.13
2458488.3242080 10.83 0.12
2458488.3243816 10.91 0.13
2458488.3249024 11.00 0.14
2458488.3254232 11.00 0.15
2458488.3255969 10.84 0.13
2458488.3261177 10.78 0.12
2458488.3262913 10.91 0.13
2458488.3266385 10.85 0.13
2458488.3268121 10.96 0.14
2458488.3271594 10.93 0.14
2458488.3275066 10.83 0.12
2458488.3276802 10.90 0.13
2458488.3278538 10.79 0.12
2458488.3280274 10.90 0.13
2458488.3282010 11.04 0.15
2458488.3288955 10.91 0.14
2458488.3292427 10.87 0.13
2458488.3295899 10.84 0.13
2458488.3297635 10.99 0.15
2458488.3301107 10.83 0.13
2458488.3302843 10.99 0.15
2458488.3304580 10.79 0.12
2458488.3306316 10.94 0.14
2458488.3308052 10.98 0.14
2458488.3313260 10.87 0.13
2458488.3314996 10.79 0.12
2458488.3316732 10.92 0.14
2458488.3318468 10.78 0.12
2458488.3320205 10.76 0.12
2458488.3321941 10.97 0.14
2458488.3323677 10.93 0.14
2458488.3332370 10.82 0.12
2458488.3334105 11.10 0.16
2458488.3335839 10.82 0.12
2458488.3339308 10.85 0.13
2458488.3341043 10.85 0.13
2458488.3342777 10.87 0.13
2458488.3344511 10.96 0.14
2458488.3346246 10.73 0.12
2458488.3347982 11.10 0.16
2458488.3349719 10.84 0.13
2458488.3351455 11.06 0.16
2458488.3356663 10.99 0.15
2458488.3358399 10.96 0.14
2458488.3361871 10.84 0.13
2458488.3365344 10.81 0.12
2458488.3367080 10.96 0.14
2458488.3368816 10.93 0.14
2458488.3372288 10.75 0.12
2458488.3374024 10.83 0.13
2458488.3375760 11.00 0.15
2458488.3379232 10.90 0.13
2458488.3380968 10.94 0.14
2458488.3382705 10.87 0.13
2458488.3384441 10.86 0.13
2458488.3386177 10.77 0.12
2458488.3387913 11.04 0.16
2458488.3389649 10.93 0.14
2458488.3391385 10.81 0.12
2458488.3393121 10.83 0.13
2458488.3394857 10.97 0.14
2458488.3396593 10.75 0.12
2458488.3398330 10.84 0.13
2458488.3400066 10.77 0.12
2458488.3401802 10.94 0.14
2458488.3403538 10.99 0.15
2458488.3405274 10.83 0.13
2458488.3407010 10.98 0.15
2458488.3408746 10.67 0.11
2458488.3410482 10.63 0.11
2458488.3413955 11.03 0.15
2458488.3415691 10.80 0.12
2458488.3417427 10.91 0.14
2458488.3420899 10.75 0.12
2458488.3422635 10.68 0.11
2458488.3426107 10.90 0.14
2458488.3427844 10.80 0.12
2458488.3429580 10.88 0.13
2458488.3431316 10.89 0.13
2458488.3433052 10.80 0.12
2458488.3434788 11.07 0.16
2458488.3436524 10.80 0.13
2458488.3438260 10.71 0.12
2458488.3439996 11.03 0.15
2458488.3441732 11.02 0.15
2458488.3443469 10.89 0.14
2458488.3448677 10.56 0.10
2458488.3450413 10.85 0.13
2458488.3452162 10.87 0.13
2458488.3453896 10.95 0.14
2458488.3455631 10.76 0.12
2458488.3460834 10.94 0.14
2458488.3462569 10.90 0.14
2458488.3464303 10.80 0.12
2458488.3467774 10.83 0.13
2458488.3469510 10.91 0.14
2458488.3471246 10.93 0.14
2458488.3472982 10.77 0.12
2458488.3474718 10.88 0.13
2458488.3476455 10.96 0.14
2458488.3478191 10.76 0.12
2458488.3479927 10.89 0.14
2458488.3481663 10.91 0.14
2458488.3483399 10.86 0.13
2458488.3485135 10.83 0.13
2458488.3486871 10.81 0.13
2458488.3488607 10.75 0.12
2458488.3490344 10.95 0.14
2458488.3493816 10.94 0.14
2458488.3495552 10.90 0.13
2458488.3499024 10.99 0.15
2458488.3500760 10.78 0.12
2458488.3502496 10.73 0.12
2458488.3504232 10.85 0.13
2458488.3507705 10.76 0.12
2458488.3509441 10.77 0.12
2458488.3512913 10.86 0.13
2458488.3514649 10.72 0.11
2458488.3516385 10.81 0.13
2458488.3518121 10.64 0.11
2458488.3521594 10.77 0.12
2458488.3523330 10.94 0.14
2458488.3525066 10.81 0.13
2458488.3526802 10.82 0.13
2458488.3528538 10.74 0.12
2458488.3530274 10.67 0.11
2458488.3532010 11.00 0.15
2458488.3533746 10.94 0.14
2458488.3535482 11.02 0.15
2458488.3538955 10.85 0.13
2458488.3540691 10.93 0.14
2458488.3542427 10.97 0.14
2458488.3544163 10.94 0.14
2458488.3545899 10.94 0.14
2458488.3547635 10.65 0.11
2458488.3549371 10.75 0.12
2458488.3551107 10.82 0.13
2458488.3554580 11.00 0.15
2458488.3556316 10.94 0.14
2458488.3558052 10.97 0.15
2458488.3559788 10.92 0.14
2458488.3561524 10.87 0.13
2458488.3563260 10.81 0.12
2458488.3568469 10.76 0.12
2458488.3570218 10.70 0.11
2458488.3571953 10.91 0.14
2458488.3573687 10.93 0.14
2458488.3575422 10.77 0.12
2458488.3577156 10.85 0.13
2458488.3578891 10.94 0.14
2458488.3580625 10.84 0.13
2458488.3582360 11.06 0.16
2458488.3584094 10.69 0.11
2458488.3585830 10.81 0.12
2458488.3587566 10.91 0.14
2458488.3589302 11.05 0.15
2458488.3591038 10.88 0.13
2458488.3592774 10.84 0.13
2458488.3596246 10.96 0.14
2458488.3597982 10.74 0.12
2458488.3599718 10.77 0.12
2458488.3603191 10.92 0.14
2458488.3604927 10.82 0.13
2458488.3606663 10.76 0.12
2458488.3608399 10.85 0.13
2458488.3610135 10.82 0.13
2458488.3611871 11.08 0.16
2458488.3613607 11.00 0.15
2458488.3615343 10.91 0.14
2458488.3617080 11.00 0.15
2458488.3618816 10.98 0.15
2458488.3620552 10.90 0.14
2458488.3622288 10.89 0.13
2458488.3624024 10.78 0.12
2458488.3625760 10.82 0.13
2458488.3627496 11.06 0.16
2458488.3629232 10.95 0.14
2458488.3630968 10.85 0.13
2458488.3632705 10.95 0.14
2458488.3634441 10.79 0.12
2458488.3636177 10.83 0.13
2458488.3637913 10.98 0.15
2458488.3639649 10.75 0.12
2458488.3641385 10.89 0.13
2458488.3643121 10.92 0.14
2458488.3644857 10.87 0.13
2458488.3646594 10.82 0.13
2458488.3648330 10.82 0.13
2458488.3650066 10.83 0.13
2458488.3651802 10.89 0.13
2458488.3653538 10.89 0.13
2458488.3660482 10.82 0.13
2458488.3662219 10.89 0.14
2458488.3667427 10.82 0.13
2458488.3669163 10.73 0.12
2458488.3670899 10.69 0.11
2458488.3676107 10.71 0.12
2458488.3677844 10.69 0.11
2458488.3679580 10.76 0.12
2458488.3681316 10.64 0.11
2458488.3683052 10.88 0.13
2458488.3684788 10.85 0.13
2458488.3686524 10.79 0.12
2458488.3688260 10.84 0.13
2458488.3690010 10.80 0.13
2458488.3691744 10.91 0.14
2458488.3693479 10.97 0.15
2458488.3696948 10.68 0.11
2458488.3698682 10.94 0.14
2458488.3700417 10.79 0.12
2458488.3702150 10.81 0.13
2458488.3705621 10.98 0.15
2458488.3709093 10.82 0.13
2458488.3710830 10.81 0.13
2458488.3712566 10.78 0.12
2458488.3716038 10.87 0.14
2458488.3717774 10.89 0.14
2458488.3719510 10.80 0.13
2458488.3721246 10.89 0.14
2458488.3722982 10.96 0.15
2458488.3724718 10.84 0.13
2458488.3726455 10.90 0.14
2458488.3728191 10.77 0.12
2458488.3729927 10.69 0.12
2458488.3731663 10.79 0.13
2458488.3733399 10.74 0.12
2458488.3735135 10.91 0.14
2458488.3736871 10.70 0.11
2458488.3738607 10.79 0.13
2458488.3740343 10.72 0.12
2458488.3742080 10.84 0.13
2458493.2519739 10.83 0.12
2458493.2521475 10.75 0.11
2458493.2523211 10.87 0.12
2458493.2524947 10.94 0.13
2458493.2526684 11.10 0.15
2458493.2528420 10.75 0.11
2458493.2530156 10.97 0.13
2458493.2531892 10.80 0.11
2458493.2533628 10.90 0.12
2458493.2535364 10.84 0.11
2458493.2537100 10.67 0.10
2458493.2538836 10.64 0.10
2458493.2540586 10.67 0.10
2458493.2542320 10.83 0.11
2458493.2544055 10.87 0.12
2458493.2545789 10.75 0.10
2458493.2547524 10.94 0.13
2458493.2549258 10.80 0.11
2458493.2550993 10.80 0.11
2458493.2552727 10.88 0.12
2458493.2554461 10.90 0.12
2458493.2556198 10.83 0.11
2458493.2557934 10.76 0.10
2458493.2559670 10.82 0.11
2458493.2561406 10.90 0.12
2458493.2563142 10.68 0.10
2458493.2564878 10.78 0.11
2458493.2566614 10.86 0.11
2458493.2568350 10.94 0.12
2458493.2570086 10.74 0.10
2458493.2571823 10.83 0.11
2458493.2573559 10.95 0.13
2458493.2575295 10.78 0.11
2458493.2577031 10.76 0.11
2458493.2578767 10.85 0.11
2458493.2580503 10.89 0.12
2458493.2582239 11.02 0.13
2458493.2583975 10.67 0.10
2458493.2585711 10.81 0.11
2458493.2587447 10.79 0.11
2458493.2589184 10.76 0.11
2458493.2590920 10.73 0.10
2458493.2592656 10.94 0.12
2458493.2594392 11.10 0.14
2458493.2596128 10.87 0.12
2458493.2597864 10.78 0.11
2458493.2599600 10.76 0.10
2458493.2601336 10.87 0.12
2458493.2603072 10.81 0.11
2458493.2604809 10.71 0.10
2458493.2606545 10.87 0.12
2458493.2608281 10.70 0.10
2458493.2610017 10.65 0.10
2458493.2611753 10.74 0.10
2458493.2613489 10.82 0.11
2458493.2615225 10.68 0.10
2458493.2616961 10.99 0.13
2458493.2618697 10.69 0.10
2458493.2620434 10.80 0.11
2458493.2622170 10.95 0.13
2458493.2623906 10.97 0.13
2458493.2625642 10.78 0.11
2458493.2627378 10.88 0.12
2458493.2629114 10.82 0.11
2458493.2630850 10.99 0.13
2458493.2632586 11.05 0.14
2458493.2634323 10.91 0.12
2458493.2636059 10.80 0.11
2458493.2637795 10.75 0.10
2458493.2639531 10.99 0.13
2458493.2643003 10.82 0.11
2458493.2644739 10.89 0.12
2458493.2646475 10.85 0.12
2458493.2648211 10.97 0.13
2458493.2649948 10.82 0.11
2458493.2651684 10.84 0.11
2458493.2653420 10.82 0.11
2458493.2655156 10.87 0.11
2458493.2656892 10.64 0.09
2458493.2658628 10.84 0.11
2458493.2660378 10.83 0.11
2458493.2662112 10.79 0.11
2458493.2663847 10.79 0.11
2458493.2665581 10.79 0.11
2458493.2667316 10.98 0.13
2458493.2669050 10.95 0.12
2458493.2670784 10.75 0.10
2458493.2672519 10.93 0.12
2458493.2674253 10.82 0.11
2458493.2675989 10.90 0.12
2458493.2677725 10.92 0.12
2458493.2679461 10.84 0.11
2458493.2681197 10.88 0.12
2458493.2682934 10.88 0.12
2458493.2684670 10.93 0.12
2458493.2686406 10.79 0.11
2458493.2688142 10.80 0.11
2458493.2689878 10.83 0.11
2458493.2691614 10.87 0.12
2458493.2693350 10.78 0.11
2458493.2695086 10.68 0.10
2458493.2696822 10.81 0.11
2458493.2698559 10.84 0.11
2458493.2700295 10.79 0.11
2458493.2702031 10.75 0.10
2458493.2703767 10.87 0.12
2458493.2705503 10.70 0.10
2458493.2707239 10.66 0.10
2458493.2708975 10.84 0.11
2458493.2710711 10.72 0.10
2458493.2712448 10.87 0.12
2458493.2714184 10.79 0.11
2458493.2715920 10.77 0.11
2458493.2717656 10.78 0.11
2458493.2719392 10.71 0.10
2458493.2721128 10.65 0.10
2458493.2722864 10.83 0.11
2458493.2724600 10.81 0.11
2458493.2726336 10.82 0.11
2458493.2728073 10.78 0.11
2458493.2729809 10.66 0.09
2458493.2731545 10.77 0.11
2458493.2733281 10.74 0.10
2458493.2735017 10.84 0.11
2458493.2736753 10.87 0.12
2458493.2738489 10.84 0.11
2458493.2740225 10.67 0.10
2458493.2741961 10.71 0.10
2458493.2743697 11.13 0.15
2458493.2745434 10.94 0.12
2458493.2747170 10.67 0.10
2458493.2748906 10.66 0.10
2458493.2750642 10.85 0.11
2458493.2752378 10.82 0.11
2458493.2754114 10.91 0.12
2458493.2755850 10.72 0.10
2458493.2757586 10.75 0.10
2458493.2759322 10.73 0.10
2458493.2761059 10.68 0.10
2458493.2762795 10.88 0.12
2458493.2764531 10.74 0.10
2458493.2766267 10.75 0.10
2458493.2768003 11.06 0.14
2458493.2769739 10.94 0.12
2458493.2771475 10.97 0.13
2458493.2773211 10.86 0.12
2458493.2774947 10.80 0.11
2458493.2776684 10.80 0.11
2458493.2778420 10.93 0.12
2458493.2780169 11.02 0.13
2458493.2781904 10.86 0.12
2458493.2783638 10.70 0.10
2458493.2785373 10.83 0.11
2458493.2787107 10.89 0.12
2458493.2788841 10.85 0.11
2458493.2790576 10.77 0.11
2458493.2792310 10.91 0.12
2458493.2794045 10.75 0.10
2458493.2795781 10.92 0.12
2458493.2797517 10.92 0.12
2458493.2799253 10.96 0.12
2458493.2800989 10.76 0.10
2458493.2802725 11.00 0.13
2458493.2804461 10.68 0.10
2458493.2806198 10.86 0.12
2458493.2807934 10.95 0.13
2458493.2809670 10.65 0.09
2458493.2811406 10.77 0.11
2458493.2813142 10.83 0.11
2458493.2814878 10.77 0.11
2458493.2816614 10.82 0.11
2458493.2818350 10.90 0.12
2458493.2820086 10.80 0.11
2458493.2821822 10.86 0.12
2458493.2823559 10.89 0.12
2458493.2825295 10.88 0.12
2458493.2827031 10.90 0.12
2458493.2828767 10.73 0.10
2458493.2830503 10.83 0.11
2458493.2832239 10.89 0.12
2458493.2833975 10.71 0.10
2458493.2835711 10.71 0.10
2458493.2837447 10.82 0.11
2458493.2839184 11.02 0.13
2458493.2840920 10.93 0.12
2458493.2842656 11.04 0.14
2458493.2844392 10.81 0.11
2458493.2846128 11.04 0.14
2458493.2847864 10.86 0.11
2458493.2849600 10.68 0.10
2458493.2851336 10.82 0.11
2458493.2853072 10.70 0.10
2458493.2854809 10.83 0.11
2458493.2856545 10.66 0.10
2458493.2858281 10.85 0.11
2458493.2860017 10.77 0.11
2458493.2861753 10.68 0.10
2458493.2863489 10.92 0.12
2458493.2865225 10.84 0.11
2458493.2866961 10.98 0.13
2458493.2868698 10.95 0.13
2458493.2870434 10.83 0.11
2458493.2872170 10.85 0.12
2458493.2873906 10.88 0.12
2458493.2875642 10.89 0.12
2458493.2877378 10.78 0.11
2458493.2879114 10.88 0.12
2458493.2880850 11.06 0.14
2458493.2882586 11.07 0.14
2458493.2884323 10.79 0.11
2458493.2886059 10.87 0.12
2458493.2887795 10.82 0.11
2458493.2889531 10.84 0.11
2458493.2891267 10.95 0.13
2458493.2893003 10.81 0.11
2458493.2894739 10.75 0.10
2458493.2896475 10.76 0.11
2458493.2898211 10.96 0.13
2458493.2899961 10.87 0.12
2458493.2901695 10.90 0.12
2458493.2903429 10.62 0.09
2458493.2905164 10.83 0.11
2458493.2906898 10.87 0.12
2458493.2908633 10.84 0.11
2458493.2910367 10.78 0.11
2458493.2912102 10.76 0.11
2458493.2913836 10.84 0.11
2458493.2915572 10.76 0.11
2458493.2917309 10.74 0.10
2458493.2919045 10.99 0.13
2458493.2920781 10.59 0.09
2458493.2922517 10.75 0.10
2458493.2924253 10.82 0.11
2458493.2925989 10.87 0.12
2458493.2927725 10.87 0.12
2458493.2929461 10.90 0.12
2458493.2931197 10.87 0.12
2458493.2932934 10.75 0.10
2458493.2934670 10.71 0.10
2458493.2936406 10.99 0.13
2458493.2938142 10.82 0.11
2458493.2939878 10.75 0.11
2458493.2941614 10.90 0.12
2458493.2943350 11.05 0.14
2458493.2945086 10.94 0.12
2458493.2946823 10.80 0.11
2458493.2948559 10.81 0.11
2458493.2950295 10.76 0.11
2458493.2952031 10.93 0.12
2458493.2953767 10.79 0.11
2458493.2955503 11.10 0.14
2458493.2957239 10.87 0.12
2458493.2958975 11.06 0.14
2458493.2960711 10.82 0.11
2458493.2962448 10.88 0.12
2458493.2964184 10.70 0.10
2458493.2965920 10.83 0.11
2458493.2967656 10.88 0.12
2458493.2969392 10.89 0.12
2458493.2971128 10.87 0.12
2458493.2972864 10.71 0.10
2458493.2974600 11.01 0.14
2458493.2976336 10.87 0.12
2458493.2978072 10.63 0.09
2458493.2979809 10.87 0.12
2458493.2981545 10.80 0.11
2458493.2983281 10.92 0.12
2458493.2985017 10.77 0.11
2458493.2988489 10.91 0.12
2458493.2990225 10.84 0.11
2458493.2991961 10.89 0.12
2458493.2993697 10.94 0.13
2458493.2995434 10.67 0.10
2458493.2997170 10.92 0.13
2458493.2998906 10.91 0.12
2458493.3000642 10.73 0.10
2458493.3004114 10.89 0.12
2458493.3005850 10.82 0.11
2458493.3007586 11.01 0.13
2458493.3018931 10.81 0.11
2458493.3021591 10.97 0.13
2458493.3023327 10.95 0.13
2458493.3025063 10.76 0.11
2458493.3026799 10.94 0.13
2458493.3028536 10.88 0.12
2458493.3030272 10.84 0.11
2458493.3032008 10.74 0.10
2458493.3033744 10.81 0.11
2458493.3035480 10.92 0.12
2458493.3037216 10.88 0.12
2458493.3038952 10.86 0.12
2458493.3040688 10.94 0.13
2458493.3042424 10.75 0.10
2458493.3044161 10.72 0.10
2458493.3045897 10.91 0.12
2458493.3047633 10.79 0.11
2458493.3049369 10.80 0.11
2458493.3051105 10.78 0.11
2458493.3052841 10.89 0.12
2458493.3054577 10.93 0.12
2458493.3056313 10.88 0.12
2458493.3058049 10.96 0.13
2458493.3059785 10.90 0.12
2458493.3061522 10.84 0.11
2458493.3063258 10.90 0.12
2458493.3064994 10.99 0.13
2458493.3066730 10.95 0.13
2458493.3068466 10.85 0.11
2458493.3070202 10.93 0.12
2458493.3071938 10.73 0.10
2458493.3073674 10.81 0.11
2458493.3075410 10.85 0.12
2458493.3077147 10.90 0.12
2458493.3078883 10.90 0.12
2458493.3080619 10.75 0.10
2458493.3082355 10.87 0.12
2458493.3084091 10.81 0.11
2458493.3085827 10.71 0.10
2458493.3087563 10.82 0.11
2458493.3089299 10.86 0.12
2458493.3091036 10.85 0.11
2458493.3092772 10.87 0.12
2458493.3096244 10.77 0.10
2458493.3097980 10.98 0.13
2458493.3099716 10.92 0.12
2458493.3101452 10.77 0.11
2458493.3103188 10.82 0.11
2458493.3104924 10.93 0.12
2458493.3106661 10.94 0.12
2458493.3108397 10.99 0.13
2458493.3110133 11.03 0.13
2458493.3111869 11.03 0.13
2458493.3113605 10.79 0.11
2458493.3115341 10.81 0.11
2458493.3117077 10.99 0.13
2458493.3118813 10.89 0.12
2458493.3120549 10.77 0.11
2458493.3122298 10.97 0.13
2458493.3124033 10.88 0.12
2458493.3125767 10.81 0.11
2458493.3127502 10.85 0.11
2458493.3129236 10.82 0.11
2458493.3130971 11.14 0.15
2458493.3132705 10.76 0.10
2458493.3134439 10.98 0.13
2458493.3136174 10.90 0.12
2458493.3137910 10.89 0.12
2458493.3139647 10.88 0.12
2458493.3141383 10.90 0.12
2458493.3143119 10.91 0.12
2458493.3144855 10.67 0.09
2458493.3146591 10.96 0.12
2458493.3148327 10.78 0.11
2458493.3150063 10.81 0.11
2458493.3151799 10.89 0.12
2458493.3153535 10.96 0.13
2458493.3155272 10.81 0.11
2458493.3157008 10.95 0.12
2458493.3158744 10.82 0.11
2458493.3160480 10.81 0.11
2458493.3162216 10.87 0.12
2458493.3163952 10.98 0.13
2458493.3165688 10.77 0.11
2458493.3167424 10.71 0.10
2458493.3169161 10.80 0.11
2458493.3170897 10.88 0.12
2458493.3172633 10.97 0.13
2458493.3174369 11.08 0.14
2458493.3176105 10.74 0.10
2458493.3177841 10.83 0.11
2458493.3179577 11.00 0.13
2458493.3181313 10.90 0.12
2458493.3183049 10.83 0.11
2458493.3184786 10.76 0.10
2458493.3186522 11.03 0.13
2458493.3188258 10.86 0.11
2458493.3189994 10.90 0.12
2458493.3191730 10.91 0.12
2458493.3193466 10.76 0.10
2458493.3195202 11.03 0.13
2458493.3196938 10.89 0.12
2458493.3198674 10.83 0.11
2458493.3200411 11.08 0.14
2458493.3202147 10.85 0.11
2458493.3203883 10.95 0.12
2458493.3205619 10.77 0.10
2458493.3207355 10.85 0.11
2458493.3209091 10.83 0.11
2458493.3210827 10.81 0.11
2458493.3212563 10.86 0.11
2458493.3214299 10.86 0.11
2458493.3216035 10.84 0.11
2458493.3217772 10.96 0.12
2458493.3219508 10.90 0.12
2458493.3221244 10.86 0.11
2458493.3222980 10.75 0.10
2458493.3224716 10.96 0.13
2458493.3226452 10.91 0.12
2458493.3228188 10.88 0.12
2458493.3229924 10.86 0.11
2458493.3231662 10.99 0.13
2458493.3233397 10.71 0.10
2458493.3235133 10.82 0.11
2458493.3236869 10.85 0.11
2458493.3238605 10.93 0.12
2458493.3240341 10.74 0.10
2458493.3243824 10.79 0.11
2458493.3245559 10.73 0.10
2458493.3247293 10.90 0.12
2458493.3249028 10.76 0.10
2458493.3250762 10.98 0.12
2458493.3252497 10.88 0.11
2458493.3254231 11.00 0.13
2458493.3255966 10.86 0.11
2458493.3257702 10.89 0.12
2458493.3259438 10.88 0.11
2458493.3261174 10.73 0.10
2458493.3262911 11.15 0.15
2458493.3264647 10.87 0.11
2458493.3266383 10.81 0.11
2458493.3268119 10.82 0.11
2458493.3269855 10.92 0.12
2458493.3271591 10.96 0.12
2458493.3273327 10.85 0.11
2458493.3275063 10.90 0.12
2458493.3276799 10.83 0.11
2458493.3278536 10.81 0.11
2458493.3280272 10.92 0.12
2458493.3282008 11.04 0.13
2458493.3283744 10.81 0.11
2458493.3285480 10.89 0.11
2458493.3287216 10.95 0.12
2458493.3288952 10.88 0.11
2458493.3290688 10.99 0.13
2458493.3292430 10.77 0.10
2458493.3294160 10.76 0.10
2458493.3295897 11.05 0.13
2458493.3297633 11.03 0.13
2458493.3299369 10.83 0.11
2458493.3301105 10.78 0.10
2458493.3302841 10.83 0.11
2458493.3304577 10.90 0.12
2458493.3306313 11.00 0.13
2458493.3308049 10.83 0.11
2458493.3309785 10.90 0.12
2458493.3311522 10.86 0.11
2458493.3313258 10.71 0.10
2458493.3314994 10.96 0.12
2458493.3316730 10.88 0.12
2458493.3318466 10.79 0.11
2458493.3320202 10.74 0.10
2458493.3321938 11.01 0.13
2458493.3323674 10.85 0.11
2458493.3325411 10.79 0.10
2458493.3327147 11.05 0.13
2458493.3328883 10.87 0.12
2458493.3330619 10.85 0.11
2458493.3332355 10.85 0.11
2458493.3334091 10.89 0.12
2458493.3335827 10.94 0.12
2458493.3337563 10.81 0.11
2458493.3339299 10.95 0.12
2458493.3341036 10.93 0.12
2458493.3342772 10.94 0.12
2458493.3344508 10.80 0.11
2458493.3346244 10.85 0.11
2458493.3347980 10.85 0.11
2458493.3349716 10.77 0.10
2458493.3351452 10.84 0.11
2458493.3353188 10.73 0.10
2458493.3354924 10.71 0.10
2458493.3356661 10.89 0.12
2458493.3358397 10.90 0.12
2458493.3360133 10.83 0.11
2458493.3361882 10.78 0.10
2458493.3363616 10.88 0.11
2458493.3365351 10.85 0.11
2458493.3367085 10.97 0.13
2458493.3368820 10.89 0.12
2458493.3370554 10.91 0.12
2458493.3372288 10.72 0.10
2458493.3374023 10.84 0.11
2458493.3375758 10.74 0.10
2458493.3377494 10.80 0.11
2458493.3379230 10.93 0.12
2458493.3380966 10.87 0.12
2458493.3382702 11.04 0.13
2458493.3384438 10.96 0.13
2458493.3386174 10.73 0.10
2458493.3387910 11.12 0.14
2458493.3389647 10.83 0.11
2458493.3391383 10.87 0.12
2458493.3393119 10.81 0.11
2458493.3394855 10.80 0.11
2458493.3396591 10.81 0.11
2458493.3398327 10.80 0.11
2458493.3400063 10.83 0.11
2458493.3401799 10.75 0.10
2458493.3403536 10.82 0.11
2458493.3405272 10.81 0.11
2458493.3407008 10.85 0.11
2458493.3408744 10.87 0.12
2458493.3410480 10.81 0.11
2458493.3412216 11.00 0.13
2458493.3413952 10.86 0.11
2458493.3415688 10.88 0.12
2458493.3417424 10.88 0.12
2458493.3419161 10.95 0.13
2458493.3420897 10.80 0.11
2458493.3422633 11.00 0.13
2458493.3424369 10.83 0.11
2458493.3426105 10.95 0.12
2458493.3427841 10.80 0.11
2458493.3429577 10.78 0.11
2458493.3431313 10.85 0.11
2458493.3433049 10.78 0.11
2458493.3434786 10.99 0.13
2458493.3436522 10.86 0.11
2458493.3438258 10.91 0.12
2458493.3439994 10.88 0.12
2458493.3441730 10.84 0.11
2458493.3443466 10.74 0.10
2458493.3445202 10.83 0.11
2458493.3446938 10.78 0.11
2458493.3448674 10.85 0.11
2458493.3450410 11.05 0.14
2458493.3452147 10.78 0.11
2458493.3453883 10.74 0.10
2458493.3455619 10.87 0.11
2458493.3457355 10.94 0.12
2458493.3459091 10.95 0.12
2458493.3460827 10.86 0.12
2458493.3462563 10.97 0.13
2458493.3464299 10.75 0.10
2458493.3466035 10.89 0.12
2458493.3467772 10.72 0.10
2458493.3469508 10.91 0.12
2458493.3471244 10.80 0.11
2458493.3472980 10.79 0.11
2458493.3474716 10.85 0.11
2458493.3476452 10.84 0.11
2458493.3478188 10.80 0.11
2458493.3479924 10.93 0.12
2458493.3481673 10.83 0.11
2458493.3483408 11.12 0.15
2458493.3485142 10.84 0.11
2458493.3486876 10.74 0.10
2458493.3488611 10.90 0.12
2458493.3490345 10.96 0.13
2458493.3492080 10.78 0.11
2458493.3493814 10.84 0.11
2458493.3495549 11.06 0.14
2458493.3497286 11.08 0.14
2458493.3499022 10.79 0.11
2458493.3500758 10.82 0.11
2458493.3502494 10.90 0.12
2458493.3504230 10.69 0.10
2458493.3505966 10.86 0.12
2458493.3507702 10.96 0.13
2458493.3509438 10.86 0.11
2458493.3511174 10.77 0.11
2458493.3512911 10.91 0.12
2458493.3514647 10.80 0.11
2458493.3516383 10.79 0.11
2458493.3518119 10.74 0.10
2458493.3519855 10.80 0.11
2458493.3521591 10.81 0.11
2458493.3526799 10.69 0.10
2458493.3528535 10.77 0.10
2458493.3530272 10.97 0.13
2458493.3532008 10.82 0.11
2458493.3533744 10.90 0.12
2458493.3535480 10.84 0.11
2458493.3537216 10.85 0.11
2458493.3538952 10.97 0.13
2458493.3540688 11.00 0.13
2458493.3542424 10.77 0.10
2458493.3544160 10.87 0.11
2458493.3545897 10.82 0.11
2458493.3547633 10.93 0.12
2458493.3549369 10.83 0.11
2458493.3551105 10.78 0.11
2458493.3552841 10.93 0.12
2458493.3554577 10.70 0.10
2458493.3556313 10.92 0.12
2458493.3558049 10.75 0.10
2458493.3559786 10.87 0.11
2458493.3561522 10.94 0.12
2458493.3563258 10.67 0.10
2458493.3564994 10.90 0.12
2458493.3566730 10.71 0.10
2458493.3568466 10.82 0.11
2458493.3570202 11.19 0.15
2458493.3571938 10.86 0.11
2458493.3573674 10.77 0.11
2458493.3575411 10.90 0.12
2458493.3577147 10.86 0.12
2458493.3578883 10.81 0.11
2458493.3580619 10.91 0.12
2458493.3582355 10.77 0.11
2458493.3584091 10.98 0.13
2458493.3585827 10.90 0.12
2458493.3587563 10.77 0.11
2458493.3589299 11.05 0.13
2458493.3591036 10.90 0.12
2458493.3592772 10.70 0.10
2458493.3594508 10.94 0.12
2458493.3597980 11.05 0.13
2458493.3599716 10.80 0.11
2458493.3601465 10.91 0.12
2458493.3603199 10.76 0.11
2458493.3604934 10.89 0.12
2458493.3606668 10.80 0.11
2458493.3608403 10.75 0.10
2458493.3610137 10.78 0.11
2458493.3611871 10.91 0.12
2458493.3613606 10.83 0.11
2458493.3615341 10.83 0.11
2458493.3617077 10.70 0.10
2458493.3618813 10.92 0.12
2458493.3620549 10.83 0.11
2458493.3622285 11.11 0.14
2458493.3624022 10.87 0.12
2458493.3625758 10.88 0.12
2458493.3627494 10.80 0.11
2458493.3629230 10.88 0.12
2458493.3630966 10.65 0.09
2458493.3632702 10.97 0.13
2458493.3634438 10.74 0.10
2458493.3636174 10.86 0.11
2458493.3637911 10.77 0.11
2458493.3639647 10.79 0.11
2458493.3641383 10.79 0.11
2458493.3643119 11.05 0.14
2458493.3644855 10.75 0.10
2458493.3646591 10.96 0.13
2458493.3648327 10.77 0.11
2458493.3650063 10.92 0.12
2458493.3651799 10.85 0.11
2458493.3653536 10.88 0.12
2458493.3655272 10.90 0.12
2458493.3657008 10.87 0.12
2458493.3658744 10.92 0.12
2458493.3662216 10.85 0.11
2458493.3663952 10.83 0.11
2458493.3665688 10.96 0.13
2458493.3667424 10.81 0.11
2458493.3669161 10.81 0.11
2458493.3670897 11.13 0.15
2458493.3672633 10.74 0.10
2458493.3674369 10.92 0.12
2458493.3676105 10.85 0.11
2458493.3677841 10.78 0.11
2458493.3679577 10.84 0.11
2458493.3681313 10.75 0.11
2458493.3683049 11.01 0.13
2458493.3684785 10.74 0.10
2458493.3686522 11.00 0.13
2458493.3688258 10.75 0.10
2458493.3689994 10.80 0.11
2458493.3691730 10.90 0.12
2458493.3693466 11.05 0.14
2458493.3695202 10.92 0.12
2458493.3696938 10.87 0.12
2458493.3698674 10.93 0.12
2458493.3700410 10.87 0.12
2458493.3702147 10.98 0.13
2458493.3703883 10.93 0.12
2458493.3705619 10.67 0.10
2458493.3707355 10.95 0.13
2458493.3709091 10.86 0.12
2458493.3710827 10.91 0.12
2458493.3712563 10.93 0.12
2458493.3714299 10.84 0.11
2458493.3716036 10.91 0.12
2458493.3717772 10.96 0.12
2458493.3719508 10.86 0.11
2458493.3721257 10.74 0.10
2458493.3722991 10.94 0.12
2458493.3724725 10.90 0.12
2458493.3726460 10.96 0.13
2458493.3728194 10.88 0.12
2458493.3733397 10.88 0.12
2458493.3735133 10.90 0.12
2458493.3736869 10.76 0.11
2458493.3738605 10.79 0.11
2458493.3742077 10.72 0.10
2458493.3743813 10.92 0.12
2458493.3745549 10.81 0.11
2458493.3747286 10.92 0.12
2458493.3749022 10.79 0.11
2458493.3750758 10.96 0.13
2458493.3752494 10.98 0.13
2458493.3754230 10.92 0.12
2458493.3755966 10.89 0.12
2458493.3757702 10.94 0.13
2458493.3759438 10.86 0.12
2458493.3761174 10.78 0.11
2458493.3762910 10.90 0.12
2458493.3764647 10.78 0.11
2458493.3766383 10.74 0.10
2458493.3768119 10.83 0.11
2458493.3769855 10.86 0.12
2458493.3771591 10.86 0.12
2458493.3773327 10.85 0.12
2458493.3775063 10.91 0.12
2458493.3776799 10.71 0.10
2458493.3778535 11.01 0.13
2458493.3780272 11.02 0.13
2458493.3782008 10.70 0.10
2458493.3783744 10.86 0.12
2458493.3785480 10.80 0.11
2458493.3787216 11.05 0.14
2458493.3788952 10.87 0.12
2458493.3790688 10.80 0.11
2458493.3792424 10.95 0.13
2458493.3794161 10.78 0.11
2458493.3795897 10.72 0.10
2458493.3797633 10.85 0.12
2458493.3799369 10.87 0.12
2458493.3801105 10.95 0.13
2458493.3802841 10.82 0.11
2458493.3804577 10.79 0.11
2458493.3806313 11.04 0.14
2458493.3808049 10.82 0.11
2458493.3809786 10.90 0.12
2458493.3811522 10.85 0.12
2458493.3813258 10.94 0.13
2458493.3814994 10.92 0.12
2458493.3816730 10.89 0.12
2458493.3818466 10.81 0.11
2458493.3820202 10.80 0.11
2458493.3821938 11.00 0.13
2458493.3823674 11.01 0.14
2458493.3825411 10.83 0.11
2458493.3827147 10.85 0.12
2458493.3828883 10.79 0.11
2458493.3830619 10.96 0.13
2458493.3832355 10.77 0.11
2458493.3834091 10.83 0.12
2458493.3835827 10.89 0.12
2458493.3837563 10.75 0.11
2458493.3839313 10.86 0.12
2458493.3841048 10.97 0.13
2458493.3842782 10.93 0.13
2458493.3844517 10.92 0.12
2458493.3846251 10.78 0.11
2458493.3847985 10.81 0.11
2458493.3849720 10.62 0.09
2458493.3851454 10.88 0.12
2458493.3854924 10.86 0.12
2458493.3856660 10.65 0.10
2458493.3858397 10.82 0.12
2458493.3861869 10.82 0.11
2458493.3863605 10.90 0.12
2458493.3865341 10.69 0.10
2458493.3867077 10.80 0.11
2458493.3868813 10.83 0.12
2458493.3874022 10.80 0.11
2458493.3875758 10.80 0.11
2458493.3877494 10.63 0.10
2458493.3880966 10.79 0.11
2458493.3882702 10.73 0.11
2458493.3884438 10.74 0.11
2458493.3886174 10.84 0.12
2458493.3887911 10.81 0.11
2458493.3889647 10.90 0.12
2458493.3891383 10.94 0.13
2458493.3893119 10.78 0.11
2458493.3894855 11.04 0.14
2458493.3896591 10.73 0.11
2458493.3898327 10.75 0.11
2458493.3900063 10.96 0.13
2458493.3901799 10.85 0.12
2458493.3905272 10.86 0.12
2458493.3907008 10.82 0.12
2458493.3908744 10.96 0.13
2458493.3910480 10.80 0.11
2458493.3912216 10.93 0.13
2458493.3913952 10.70 0.10
2458493.3915688 10.82 0.11
2458493.3917424 10.97 0.13
2458493.3919160 11.00 0.14
2458493.3920897 10.88 0.12
2458493.3922633 10.65 0.10
2458493.3924369 10.97 0.13
2458493.3926105 10.77 0.11
2458493.3927841 10.81 0.12
2458493.3929577 10.76 0.11
2458493.3931313 10.92 0.13
2458493.3933049 10.88 0.12
2458493.3934785 10.80 0.11
2458493.3936522 10.78 0.11
2458493.3938258 10.94 0.13
2458493.3939994 10.72 0.11
2458493.3941730 10.74 0.11
2458493.3943466 10.75 0.11
2458493.3945202 10.84 0.12
2458493.3946938 10.74 0.11
2458493.3948674 10.81 0.12
2458493.3950411 10.88 0.12
2458493.3952147 10.90 0.12
2458493.3953883 10.91 0.13
2458493.3955619 10.90 0.13
2458493.3957355 10.85 0.12
2458493.3959105 10.85 0.12
2458493.3960839 10.84 0.12
2458493.3962574 10.87 0.12
2458493.3964308 10.91 0.13
2458493.3967777 10.94 0.13
2458493.3969511 10.96 0.13
2458493.3971246 10.69 0.10
2458493.3972980 10.82 0.12
2458493.3974716 10.87 0.12
2458493.3976452 11.03 0.14
2458493.3978188 10.92 0.13
2458493.3979924 10.84 0.12
2458493.3981661 10.75 0.11
2458493.3983397 10.92 0.13
2458493.3986869 10.86 0.12
2458493.3988605 10.80 0.12
2458493.3990341 10.65 0.10
2458493.3992077 10.85 0.12
2458493.3995549 10.95 0.13
2458493.3997285 10.86 0.12
2458493.3999022 10.84 0.12
2458493.4000758 10.72 0.11
2458493.4002494 10.68 0.10
2458493.4004230 10.80 0.12
2458493.4005966 10.92 0.13
2458493.4009438 10.71 0.11
2458493.4011174 10.90 0.13
2458493.4012910 10.76 0.11
2458493.4014647 10.89 0.13
2458493.4016383 10.91 0.13
2458493.4018119 10.71 0.11
2458493.4019855 11.04 0.14
2458493.4021591 10.83 0.12
2458493.4023327 10.89 0.13
2458493.4025063 10.78 0.11
2458493.4026799 10.89 0.13
2458493.4028536 10.79 0.11
2458493.4030272 10.96 0.13
2458493.4032008 10.97 0.14
2458493.4033744 10.84 0.12
2458493.4035480 10.78 0.11
2458493.4037216 10.71 0.11
2458493.4038952 10.98 0.14
2458493.4040688 10.82 0.12
2458493.4042424 10.82 0.12
2458493.4044161 10.80 0.12
2458493.4045897 10.64 0.10
2458493.4047633 10.82 0.12
2458493.4049369 10.91 0.13
2458493.4051105 10.76 0.11
2458493.4052841 10.81 0.12
2458493.4056313 10.81 0.12
2458493.4059786 10.89 0.13
2458493.4061522 10.90 0.13
2458493.4063258 10.76 0.11
2458493.4064994 10.87 0.12
2458493.4066730 10.85 0.12
2458493.4068466 10.82 0.12
2458493.4070202 10.62 0.10
2458493.4071938 10.71 0.11
2458493.4073674 10.82 0.12
2458493.4075410 10.92 0.13
2458493.4078896 10.79 0.12
2458493.4080630 10.91 0.13
2458493.4082365 10.82 0.12
2458493.4084099 10.90 0.13
2458493.4085833 10.94 0.13
2458493.4087568 10.72 0.11
2458493.4089302 11.00 0.14
2458493.4091037 10.75 0.11
2458493.4092772 10.81 0.12
2458493.4094508 10.73 0.11
2458493.4096244 10.95 0.14
2458493.4097980 10.98 0.14
2458493.4099716 10.67 0.11
2458493.4101452 10.94 0.13
2458493.4104924 10.89 0.13
2458493.4106661 10.68 0.11
2458493.4108397 10.85 0.12
2458493.4110133 10.76 0.11
2458493.4111869 10.63 0.10
2458493.4113605 10.78 0.12
2458493.4115341 10.92 0.13
2458493.4117077 10.99 0.14
2458493.4118813 10.91 0.13
2458493.4120549 10.96 0.14
2458493.4122286 10.68 0.11
2458493.4124022 10.90 0.13
2458493.4125758 10.78 0.12
2458493.4127494 10.81 0.12
2458493.4130966 11.04 0.15
2458493.4132702 10.79 0.12
2458493.4134438 10.72 0.11
2458493.4136174 10.94 0.14
2458493.4137911 11.02 0.15
2458493.4139647 10.95 0.14
2458493.4141383 10.94 0.14
2458493.4143119 10.82 0.12
2458493.4144855 10.75 0.11
2458493.4146591 10.65 0.11
2458493.4148327 10.72 0.11
2458493.4150063 10.81 0.12
2458493.4151799 10.83 0.12
2458493.4153535 10.91 0.13
2458493.4155272 11.02 0.15
2458493.4157008 10.88 0.13
2458493.4158744 10.61 0.10
2458494.3472517 10.62 0.13
2458494.3484670 10.79 0.15
2458494.3491614 10.74 0.15
2458494.3505503 10.77 0.15
2458494.3519392 10.66 0.14
2458494.3521128 10.64 0.14
2458494.3528073 10.68 0.14
2458494.3531545 10.74 0.15
2458495.1609785 10.77 0.16
2458495.1752147 10.73 0.15
2458495.1757355 10.80 0.16
2458495.1769508 10.63 0.14
2458495.1849369 10.65 0.14
2458495.1875411 10.85 0.17
2458495.1889299 10.79 0.16
2458495.1901452 10.80 0.16
2458495.1910133 10.74 0.15
2458495.1913605 10.66 0.14
2458495.1941383 10.75 0.15
2458495.1943119 10.65 0.14
2458495.1944855 10.67 0.14
2458495.1946591 10.78 0.15
2458495.1958747 10.73 0.14
2458495.1962216 10.90 0.17
2458495.1970897 10.91 0.17
2458495.1981313 10.74 0.15
2458495.1984786 10.64 0.13
2458495.1996938 10.69 0.14
2458495.2000410 10.60 0.13
2458495.2029924 10.77 0.15
2458495.2031661 10.78 0.15
2458495.2035133 10.77 0.15
2458495.2050758 10.84 0.16
2458495.2059438 10.77 0.15
2458495.2061174 10.64 0.13
2458495.2078539 10.84 0.16
2458495.2094160 10.74 0.15
2458495.2114994 10.69 0.14
2458495.2116730 10.83 0.16
2458495.2125411 10.79 0.16
2458495.2137563 10.71 0.14
2458495.2139299 10.64 0.13
2458495.2141036 10.71 0.14
2458495.2168813 10.82 0.15
2458495.2174022 10.75 0.14
2458495.2175758 10.69 0.14
2458495.2177494 10.73 0.14
2458495.2179230 10.63 0.13
2458495.2189658 10.81 0.15
2458495.2196596 10.78 0.15
2458495.2212216 10.58 0.13
2458495.2215688 10.76 0.15
2458495.2219161 10.71 0.14
2458495.2229577 10.80 0.15
2458495.2231313 10.85 0.16
2458495.2238258 10.80 0.15
2458495.2250410 10.79 0.15
2458495.2252147 10.70 0.14
2458495.2253883 10.78 0.15
2458495.2255619 10.63 0.13
2458495.2271244 10.83 0.16
2458495.2272980 10.66 0.13
2458495.2276452 10.79 0.15
2458495.2278188 10.72 0.14
2458495.2283397 10.73 0.14
2458495.2286869 10.74 0.14
2458495.2290341 10.65 0.13
2458495.2292077 10.76 0.15
2458495.2295549 10.85 0.16
2458495.2297286 10.71 0.14
2458495.2305966 10.73 0.14
2458495.2307716 10.81 0.15
2458495.2314654 10.71 0.14
2458495.2318122 10.82 0.15
2458495.2321591 10.84 0.15
2458495.2326799 10.74 0.14
2458495.2330272 10.62 0.13
2458495.2332008 10.75 0.14
2458495.2333744 10.78 0.15
2458495.2335480 10.75 0.14
2458495.2340688 10.59 0.12
2458495.2342424 10.75 0.14
2458495.2344161 10.85 0.16
2458495.2347633 10.79 0.15
2458495.2351105 10.82 0.15
2458495.2352841 10.89 0.16
2458495.2359785 10.84 0.15
2458495.2363258 10.86 0.16
2458495.2368466 10.84 0.15
2458495.2371938 10.77 0.14
2458495.2375411 10.87 0.16
2458495.2378883 10.83 0.15
2458495.2380619 10.83 0.15
2458495.2382355 10.83 0.15
2458495.2384091 10.92 0.16
2458495.2385827 10.69 0.13
2458495.2387563 10.73 0.14
2458495.2391035 10.64 0.13
2458495.2401452 10.69 0.13
2458495.2403188 10.81 0.15
2458495.2408397 10.81 0.15
2458495.2413605 10.92 0.16
2458495.2415341 10.85 0.15
2458495.2417077 10.62 0.13
2458495.2422286 10.75 0.14
2458495.2424022 10.75 0.14
2458495.2425758 10.85 0.15
2458495.2434445 10.72 0.14
2458495.2439649 10.72 0.14
2458495.2441383 10.74 0.14
2458495.2444855 10.72 0.13
2458495.2453536 10.66 0.13
2458495.2462216 10.82 0.15
2458495.2465688 10.84 0.15
2458495.2467424 10.73 0.14
2458495.2470897 10.77 0.14
2458495.2479577 10.93 0.16
2458495.2481313 10.67 0.13
2458495.2491730 10.78 0.14
2458495.2495202 10.87 0.15
2458495.2498674 10.69 0.13
2458495.2502147 10.73 0.14
2458495.2503883 10.92 0.16
2458495.2505619 10.75 0.14
2458495.2509091 10.87 0.16
2458495.2510827 10.70 0.13
2458495.2512563 10.85 0.15
2458495.2514299 10.73 0.14
2458495.2522980 10.70 0.13
2458495.2528188 10.82 0.15
2458495.2531661 10.66 0.13
2458495.2533397 10.81 0.15
2458495.2535133 10.89 0.16
2458495.2540341 10.71 0.13
2458495.2542077 10.74 0.14
2458495.2545549 10.90 0.16
2458495.2549034 10.88 0.15
2458495.2550769 10.71 0.13
2458495.2554238 10.94 0.16
2458495.2555972 10.86 0.15
2458495.2557706 10.91 0.16
2458495.2559441 10.78 0.14
2458495.2561175 10.71 0.13
2458495.2566383 10.83 0.15
2458495.2578536 10.76 0.14
2458495.2585480 10.79 0.14
2458495.2590688 10.69 0.13
2458495.2592424 10.80 0.14
2458495.2594161 10.93 0.16
2458495.2599369 10.85 0.15
2458495.2601105 10.78 0.14
2458495.2602841 10.80 0.14
2458495.2604577 10.89 0.15
2458495.2606313 10.79 0.14
2458495.2609786 10.91 0.16
2458495.2611522 10.71 0.13
2458495.2613258 10.80 0.14
2458495.2616730 10.78 0.14
2458495.2618466 10.73 0.13
2458495.2620202 10.74 0.13
2458495.2623674 10.87 0.15
2458495.2632355 10.86 0.15
2458495.2634091 10.87 0.15
2458495.2639299 10.86 0.15
2458495.2646244 10.76 0.14
2458495.2653188 10.68 0.13
2458495.2658397 10.86 0.15
2458495.2660133 10.64 0.12
2458495.2663605 10.84 0.15
2458495.2665341 10.89 0.15
2458495.2672295 10.89 0.16
2458495.2675764 10.86 0.15
2458495.2680967 10.83 0.15
2458495.2687911 10.90 0.15
2458495.2689647 10.81 0.14
2458495.2691383 10.73 0.13
2458495.2693119 10.79 0.14
2458495.2696591 10.88 0.15
2458495.2705272 10.88 0.15
2458495.2707008 10.85 0.15
2458495.2710480 10.86 0.15
2458495.2715688 10.84 0.15
2458495.2717424 10.91 0.16
2458495.2720897 10.82 0.14
2458495.2722633 10.76 0.14
2458495.2724369 10.89 0.15
2458495.2729577 10.72 0.13
2458495.2731313 10.86 0.15
2458495.2736522 10.88 0.15
2458495.2738258 10.81 0.14
2458495.2739994 10.86 0.15
2458495.2743466 10.75 0.13
2458495.2745202 10.70 0.13
2458495.2755619 10.81 0.14
2458495.2757355 10.82 0.14
2458495.2759091 10.84 0.15
2458495.2760827 10.78 0.14
2458495.2762563 10.79 0.14
2458495.2764299 10.80 0.14
2458495.2767772 10.80 0.14
2458495.2771244 10.82 0.14
2458495.2772980 10.95 0.16
2458495.2776452 10.82 0.14
2458495.2781660 10.90 0.15
2458495.2793822 10.80 0.14
2458495.2795556 10.77 0.14
2458495.2811174 10.85 0.15
2458495.2818119 10.80 0.14
2458495.2830272 10.77 0.14
2458495.2832008 10.68 0.12
2458495.2833744 10.84 0.14
2458495.2840688 10.89 0.15
2458495.2847633 10.66 0.12
2458495.2849369 10.71 0.13
2458495.2858049 10.85 0.14
2458495.2868466 10.82 0.14
2458495.2870202 10.84 0.14
2458495.2871938 10.90 0.15
2458495.2878883 10.82 0.14
2458495.2882355 10.91 0.15
2458495.2892772 10.80 0.14
2458495.2894508 10.76 0.13
2458495.2896244 10.90 0.15
2458495.2899716 10.90 0.15
2458495.2903188 10.93 0.16
2458495.2908410 10.76 0.13
2458495.2910145 10.76 0.14
2458495.2913614 10.76 0.13
2458495.2915348 10.79 0.14
2458495.2925758 10.69 0.13
2458495.2932702 10.91 0.15
2458495.2941383 10.75 0.13
2458495.2946591 10.88 0.15
2458495.2950063 11.00 0.17
2458495.2951799 10.94 0.16
2458495.2957008 10.92 0.15
2458495.2962216 10.88 0.15
2458495.2965688 10.94 0.16
2458495.2970897 10.71 0.13
2458495.2974369 10.94 0.16
2458495.2986522 10.89 0.15
2458495.2991730 10.86 0.14
2458495.2995202 10.85 0.14
2458495.3000411 10.87 0.15
2458495.3012563 10.82 0.14
2458495.3016035 10.76 0.13
2458495.3022980 10.78 0.14
2458495.3038609 10.78 0.14
2458495.3042078 10.70 0.13
2458495.3047286 10.81 0.14
2458495.3052494 10.81 0.14
2458495.3054230 10.85 0.15
2458495.3062911 10.83 0.14
2458495.3068119 10.81 0.14
2458495.3071591 10.88 0.15
2458495.3073327 10.83 0.14
2458495.3076799 10.92 0.16
2458495.3080272 10.82 0.14
2458495.3083744 10.95 0.16
2458495.3085480 10.99 0.17
2458495.3094160 10.82 0.14
2458495.3099369 10.90 0.15
2458495.3104577 10.81 0.14
2458495.3108049 10.86 0.15
2458495.3111522 10.95 0.16
2458495.3113258 10.91 0.15
2458495.3142772 10.83 0.14
2458495.3146244 10.67 0.13
2458495.3149729 10.90 0.15
2458495.3151463 10.86 0.15
2458498.1658281 10.84 0.14
2458498.1660017 10.83 0.14
2458498.1661753 10.66 0.12
2458498.1665238 10.90 0.15
2458498.1666972 10.66 0.12
2458498.1668707 10.68 0.12
2458498.1677379 10.67 0.12
2458498.1680850 10.84 0.14
2458498.1686059 10.76 0.13
2458498.1694739 10.65 0.12
2458498.1696475 10.72 0.12
2458498.1701684 10.61 0.11
2458498.1703420 10.67 0.12
2458498.1706892 10.92 0.15
2458498.1708628 10.90 0.15
2458498.1710364 10.93 0.15
2458498.1713836 10.84 0.14
2458498.1717309 10.82 0.14
2458498.1719045 10.63 0.12
2458498.1720781 10.88 0.14
2458498.1729461 10.86 0.14
2458498.1731198 10.87 0.14
2458498.1732934 10.81 0.13
2458498.1736406 10.86 0.14
2458498.1738142 11.03 0.16
2458498.1739878 10.99 0.15
2458498.1741614 11.00 0.15
2458498.1743350 10.85 0.13
2458498.1745086 10.89 0.14
2458498.1746823 10.71 0.12
2458498.1752031 10.81 0.13
2458498.1753767 10.78 0.13
2458498.1760711 10.76 0.12
2458498.1762447 10.87 0.14
2458498.1769392 10.73 0.12
2458498.1772864 10.90 0.14
2458498.1778072 11.01 0.15
2458498.1779809 10.77 0.12
2458498.1781545 10.76 0.12
2458498.1783295 10.77 0.12
2458498.1786763 10.72 0.12
2458498.1788498 10.81 0.13
2458498.1790232 10.90 0.14
2458498.1791967 10.78 0.13
2458498.1793701 10.75 0.12
2458498.1797170 10.70 0.12
2458498.1798906 10.77 0.12
2458498.1800642 10.87 0.13
2458498.1802378 10.90 0.14
2458498.1804114 10.81 0.13
2458498.1805850 10.72 0.12
2458498.1807586 10.85 0.13
2458498.1809323 11.08 0.16
2458498.1812795 10.78 0.12
2458498.1818003 10.79 0.12
2458498.1819739 10.91 0.14
2458498.1821475 10.98 0.15
2458498.1823211 10.90 0.14
2458498.1826684 11.03 0.16
2458498.1828420 10.88 0.14
2458498.1831892 11.01 0.15
2458498.1833628 10.66 0.11
2458498.1837100 10.83 0.13
2458498.1838836 10.87 0.14
2458498.1840572 10.96 0.15
2458498.1842309 10.88 0.14
2458498.1844045 10.68 0.12
2458498.1845781 10.76 0.12
2458498.1847517 10.80 0.13
2458498.1849253 11.05 0.16
2458498.1859670 10.57 0.10
2458498.1861406 10.84 0.13
2458498.1863142 10.76 0.12
2458498.1864878 10.97 0.15
2458498.1871822 10.82 0.13
2458498.1882974 10.95 0.15
2458498.1885711 10.76 0.12
2458498.1887448 11.00 0.15
2458498.1889184 10.72 0.12
2458498.1890920 10.64 0.11
2458498.1892656 10.83 0.13
2458498.1894392 10.93 0.14
2458498.1897864 10.81 0.13
2458498.1899600 10.78 0.12
2458498.1901336 10.91 0.14
2458498.1903073 10.94 0.14
2458498.1904809 10.95 0.14
2458498.1906545 11.06 0.16
2458498.1908281 10.89 0.14
2458498.1913489 10.81 0.13
2458498.1915225 10.94 0.14
2458498.1918697 10.68 0.11
2458498.1920434 10.82 0.13
2458498.1922170 10.85 0.13
2458498.1923906 10.96 0.14
2458498.1925642 10.64 0.11
2458498.1927378 10.90 0.14
2458498.1930850 10.82 0.13
2458498.1932586 10.85 0.13
2458498.1934322 11.00 0.15
2458498.1936059 10.81 0.12
2458498.1941267 10.94 0.14
2458498.1943003 10.74 0.11
2458498.1944739 10.81 0.12
2458498.1946475 10.78 0.12
2458498.1948211 10.86 0.13
2458498.1949947 10.57 0.10
2458498.1951684 10.64 0.10
2458498.1953420 11.04 0.15
2458498.1956892 10.84 0.13
2458498.1958628 10.83 0.12
2458498.1960378 10.87 0.13
2458498.1962112 10.74 0.11
2458498.1963846 10.99 0.14
2458498.1965581 10.79 0.12
2458498.1967315 10.85 0.12
2458498.1969050 10.95 0.14
2458498.1972519 10.96 0.14
2458498.1974253 10.80 0.12
2458498.1975989 10.73 0.11
2458498.1977725 10.93 0.13
2458498.1979461 10.79 0.12
2458498.1981198 10.85 0.13
2458498.1982934 10.95 0.14
2458498.1984670 10.95 0.14
2458498.1989878 10.72 0.11
2458498.1991614 10.88 0.13
2458498.1993350 10.74 0.11
2458498.1995086 10.89 0.13
2458498.1996822 10.94 0.13
2458498.1998559 10.91 0.13
2458498.2000295 11.05 0.15
2458498.2003767 11.04 0.15
2458498.2005503 11.02 0.14
2458498.2007239 10.85 0.12
2458498.2010711 10.92 0.13
2458498.2012447 10.86 0.12
2458498.2017656 10.85 0.12
2458498.2019392 10.88 0.13
2458498.2021128 10.99 0.14
2458498.2022864 10.94 0.14
2458498.2024600 10.96 0.13
2458498.2028072 10.70 0.11
2458498.2029809 10.86 0.12
2458498.2031545 10.82 0.12
2458498.2033281 10.80 0.12
2458498.2035017 11.02 0.14
2458498.2036753 10.98 0.14
2458498.2038489 10.77 0.11
2458498.2040225 10.82 0.12
2458498.2041961 10.70 0.11
2458498.2043698 10.88 0.12
2458498.2045434 10.68 0.10
2458498.2047170 10.99 0.14
2458498.2048906 10.93 0.13
2458498.2050642 10.82 0.12
2458498.2052378 10.60 0.10
2458498.2054114 10.75 0.11
2458498.2055850 10.77 0.11
2458498.2057586 10.94 0.13
2458498.2059323 10.73 0.11
2458498.2061059 10.77 0.11
2458498.2062795 11.01 0.14
2458498.2064531 11.01 0.14
2458498.2066267 10.86 0.12
2458498.2068003 10.95 0.13
2458498.2069739 10.84 0.12
2458498.2071475 10.98 0.13
2458498.2073211 10.93 0.13
2458498.2074947 10.97 0.13
2458498.2076684 10.92 0.13
2458498.2078420 10.67 0.10
2458498.2080169 10.74 0.11
2458498.2081904 10.84 0.12
2458498.2083638 10.90 0.13
2458498.2085373 10.90 0.13
2458498.2087107 10.84 0.12
2458498.2088841 10.81 0.12
2458498.2090576 10.89 0.12
2458498.2092310 11.02 0.14
2458498.2094045 10.90 0.13
2458498.2095781 10.85 0.12
2458498.2097517 10.66 0.10
2458498.2099253 10.88 0.12
2458498.2100989 10.79 0.11
2458498.2102725 10.74 0.11
2458498.2104461 10.87 0.12
2458498.2106197 11.03 0.14
2458498.2107934 10.78 0.11
2458498.2109670 11.01 0.14
2458498.2111406 10.81 0.12
2458498.2113142 10.88 0.12
2458498.2114878 10.89 0.13
2458498.2116614 10.76 0.11
2458498.2118350 10.99 0.14
2458498.2120086 10.89 0.13
2458498.2121823 10.80 0.11
2458498.2123559 11.08 0.15
2458498.2125295 10.67 0.10
2458498.2127031 10.69 0.10
2458498.2128767 10.89 0.13
2458498.2130503 10.76 0.11
2458498.2132239 10.79 0.12
2458498.2133975 10.85 0.12
2458498.2135711 10.96 0.13
2458498.2137448 10.70 0.11
2458498.2140920 10.80 0.12
2458498.2142656 10.63 0.10
2458498.2144392 10.80 0.12
2458498.2146128 10.93 0.13
2458498.2147864 10.90 0.12
2458498.2149600 10.73 0.11
2458498.2151336 10.73 0.11
2458498.2153072 10.73 0.11
2458498.2154809 10.76 0.11
2458498.2156545 10.81 0.11
2458498.2158281 11.03 0.14
2458498.2160017 10.89 0.12
2458498.2161753 10.83 0.12
2458498.2163489 10.78 0.11
2458498.2165225 10.73 0.11
2458498.2166961 10.83 0.12
2458498.2168697 10.96 0.13
2458498.2170434 10.99 0.14
2458498.2172170 10.91 0.13
2458498.2173906 10.88 0.12
2458498.2175642 10.83 0.12
2458498.2177378 10.90 0.12
2458498.2179114 10.88 0.12
2458498.2180850 10.89 0.12
2458498.2182586 10.87 0.12
2458498.2184322 10.96 0.13
2458498.2186059 10.92 0.13
2458498.2187795 10.97 0.13
2458498.2189531 10.71 0.11
2458498.2191267 10.75 0.11
2458498.2193003 10.92 0.13
2458498.2194739 10.77 0.11
2458498.2196475 10.83 0.11
2458498.2198225 10.97 0.13
2458498.2199960 10.88 0.12
2458498.2201694 11.05 0.14
2458498.2203429 10.93 0.13
2458498.2205163 10.78 0.11
2458498.2206898 10.81 0.11
2458498.2208632 10.79 0.11
2458498.2210366 10.84 0.12
2458498.2212101 10.84 0.12
2458498.2213836 10.86 0.12
2458498.2215573 10.86 0.12
2458498.2217309 10.85 0.12
2458498.2219045 10.65 0.10
2458498.2220781 10.87 0.12
2458498.2222517 10.90 0.13
2458498.2224253 10.91 0.13
2458498.2225989 10.90 0.12
2458498.2227725 10.82 0.11
2458498.2231197 10.78 0.11
2458498.2232934 10.93 0.13
2458498.2234670 10.82 0.12
2458498.2236406 10.75 0.11
2458498.2238142 10.97 0.13
2458498.2239878 10.65 0.10
2458498.2241614 10.89 0.12
2458498.2243350 10.90 0.12
2458498.2245086 10.98 0.13
2458498.2246822 10.96 0.13
2458498.2248559 10.96 0.13
2458498.2250295 10.85 0.11
2458498.2252031 11.04 0.14
2458498.2253767 10.95 0.13
2458498.2255503 10.87 0.12
2458498.2257239 10.82 0.11
2458498.2258975 10.96 0.13
2458498.2260711 10.84 0.11
2458498.2262447 10.73 0.10
2458498.2264184 10.87 0.12
2458498.2265920 10.87 0.12
2458498.2267656 10.98 0.13
2458498.2269392 10.94 0.13
2458498.2271128 10.89 0.12
2458498.2272864 10.91 0.13
2458498.2274600 11.00 0.13
2458498.2276336 10.73 0.11
2458498.2278073 10.98 0.13
2458498.2279809 10.73 0.11
2458498.2281545 10.92 0.13
2458498.2283281 10.80 0.11
2458498.2285017 10.93 0.13
2458498.2286753 10.96 0.13
2458498.2288489 10.79 0.11
2458498.2290225 10.99 0.13
2458498.2291961 10.86 0.12
2458498.2293698 10.87 0.12
2458498.2295434 10.83 0.12
2458498.2297170 10.87 0.12
2458498.2298906 10.90 0.12
2458498.2300642 10.84 0.12
2458498.2302378 10.80 0.11
2458498.2304114 10.98 0.13
2458498.2305850 10.84 0.12
2458498.2307586 10.95 0.13
2458498.2309322 10.79 0.11
2458498.2311059 10.91 0.13
2458498.2312795 10.86 0.12
2458498.2314531 10.98 0.13
2458498.2316267 10.74 0.11
2458498.2318016 10.75 0.11
2458498.2319750 10.90 0.13
2458498.2321485 10.88 0.12
2458498.2323219 10.91 0.13
2458498.2324954 10.81 0.12
2458498.2328422 10.95 0.13
2458498.2330157 11.13 0.15
2458498.2331892 10.98 0.14
2458498.2333628 11.01 0.14
2458498.2335364 10.95 0.13
2458498.2337100 11.03 0.14
2458498.2338836 10.89 0.13
2458498.2340572 10.88 0.12
2458498.2342309 10.76 0.11
2458498.2344045 10.81 0.12
2458498.2345781 10.92 0.13
2458498.2347517 10.97 0.14
2458498.2349253 10.90 0.13
2458498.2352725 10.88 0.13
2458498.2356198 10.79 0.12
2458498.2361406 10.87 0.12
2458498.2363142 10.96 0.13
2458498.2364878 10.73 0.11
2458498.2366614 10.95 0.13
2458498.2370086 10.81 0.12
2458498.2371823 10.92 0.13
2458498.2373559 10.89 0.13
2458498.2377031 11.03 0.14
2458498.2378767 10.72 0.11
2458498.2380503 10.97 0.14
2458498.2382239 10.76 0.12
2458498.2385711 10.90 0.13
2458498.2387447 10.93 0.13
2458498.2389184 11.00 0.14
2458498.2390920 10.81 0.12
2458498.2392656 10.79 0.12
2458498.2394392 10.83 0.12
2458498.2396128 10.86 0.13
2458498.2399600 10.96 0.14
2458498.2401336 10.91 0.13
2458498.2403072 10.91 0.13
2458498.2406545 11.01 0.15
2458498.2408281 11.10 0.16
2458498.2410017 10.91 0.13
2458498.2411753 10.75 0.11
2458498.2413489 10.83 0.12
2458498.2415225 11.02 0.14
2458498.2416961 10.96 0.14
2458498.2418697 10.86 0.13
2458498.2420434 10.83 0.12
2458498.2422170 10.99 0.14
2458498.2425642 10.99 0.14
2458498.2427378 10.82 0.12
2458498.2429114 10.85 0.12
2458498.2430850 11.08 0.15
2458498.2432586 10.98 0.14
2458498.2434323 10.90 0.13
2458498.2436073 10.99 0.14
2458498.2437807 10.94 0.13
2458498.2441276 10.84 0.12
2458498.2443010 10.74 0.11
2458498.2444745 10.91 0.13
2458498.2446479 11.07 0.15
2458498.2448214 10.92 0.13
2458498.2449948 11.09 0.15
2458498.2451684 11.01 0.14
2458498.2453420 10.99 0.14
2458498.2455156 10.98 0.14
2458498.2458628 10.99 0.14
2458498.2462100 10.98 0.14
2458498.2463836 10.98 0.14
2458498.2467309 10.88 0.13
2458498.2470781 10.87 0.13
2458498.2472517 10.86 0.13
2458498.2474253 10.94 0.13
2458498.2475989 11.02 0.14
2458498.2477725 10.95 0.13
2458498.2479461 10.89 0.13
2458498.2481197 10.98 0.14
2458498.2482934 10.88 0.13
2458498.2484670 10.84 0.12
2458498.2488142 10.82 0.12
2458498.2489878 11.04 0.15
2458498.2491614 11.06 0.15
2458498.2493350 10.92 0.13
2458498.2495086 10.98 0.14
2458498.2496822 11.02 0.14
2458498.2498559 10.82 0.12
2458498.2500295 10.85 0.12
2458498.2502031 10.87 0.13
2458498.2503767 10.84 0.12
2458498.2507239 10.87 0.13
2458498.2508975 10.94 0.14
2458498.2512448 10.98 0.15
2458498.2515920 10.98 0.14
2458498.2517656 10.85 0.13
2458498.2521128 10.98 0.14
2458498.2522864 11.05 0.15
2458498.2524600 10.84 0.13
2458498.2526336 11.08 0.16
2458498.2528073 10.79 0.12
2458498.2531545 10.97 0.14
2458498.2533281 10.79 0.12
2458498.2535017 10.83 0.12
2458498.2536753 10.91 0.13
2458498.2538489 10.83 0.12
2458498.2541961 10.99 0.15
2458498.2543697 10.75 0.12
2458498.2545434 10.84 0.13
2458498.2548906 10.88 0.13
2458498.2550642 10.98 0.14
2458498.2552378 11.05 0.16
2458498.2554114 10.99 0.15
2458498.2557598 11.05 0.15
2458498.2559332 10.81 0.12
2458498.2561066 10.86 0.13
2458498.2562801 10.82 0.12
2458498.2564535 10.83 0.13
2458498.2568004 11.01 0.15
2458498.2569739 10.89 0.14
2458498.2573211 11.13 0.16
2458498.2574947 10.93 0.14
2458498.2576684 10.87 0.13
2458498.2578420 11.00 0.15
2458498.2580156 10.83 0.13
2458498.2581892 10.96 0.14
2458498.2583628 10.73 0.11
2458498.2585364 10.86 0.13
2458498.2587100 10.85 0.13
2458498.2590573 10.99 0.15
2458498.2592309 11.00 0.15
2458498.2597517 10.90 0.13
2458498.2599253 11.08 0.16
2458498.2600989 10.77 0.12
2458498.2602725 10.95 0.14
2458498.2604461 11.10 0.16
2458498.2609670 10.88 0.13
2458498.2611406 10.89 0.13
2458498.2614878 10.75 0.12
2458498.2616614 10.90 0.13
2458498.2618350 11.10 0.16
2458498.2620086 11.06 0.16
2458498.2625295 10.83 0.13
2458498.2627031 10.84 0.10
2458498.2628767 11.07 0.13
2458498.2630503 10.91 0.11
2458498.2632239 10.94 0.11
2458498.2633975 10.97 0.11
2458498.2635711 10.88 0.11
2458498.2637447 10.77 0.10
2458498.2639184 11.08 0.13
2458498.2640920 10.90 0.11
2458498.2642656 10.88 0.11
2458498.2644392 10.96 0.11
2458498.2646128 10.87 0.11
2458498.2647864 10.87 0.11
2458498.2649600 11.17 0.15
2458498.2651336 10.82 0.10
2458498.2653072 10.82 0.10
2458498.2654809 10.95 0.12
2458498.2656545 10.98 0.12
2458498.2658281 11.02 0.13
2458498.2660017 11.05 0.13
2458498.2661753 10.96 0.12
2458498.2663489 11.08 0.13
2458498.2665225 10.94 0.11
2458498.2666961 11.01 0.12
2458498.2668698 10.91 0.11
2458498.2670434 10.95 0.12
2458498.2672170 11.09 0.14
2458498.2673906 10.74 0.10
2458498.2675655 10.93 0.11
2458498.2677389 10.96 0.12
2458498.2679124 10.90 0.11
2458498.2680858 10.95 0.12
2458498.2682593 11.00 0.12
2458498.2684327 10.98 0.12
2458498.2686062 10.78 0.10
2458498.2687796 10.89 0.11
2458498.2689531 10.81 0.10
2458498.2691267 10.93 0.11
2458498.2693003 10.78 0.10
2458498.2694739 10.98 0.12
2458498.2696475 11.00 0.12
2458498.2698211 10.90 0.11
2458498.2699947 10.86 0.11
2458498.2701684 10.80 0.10
2458498.2703420 10.96 0.12
2458498.2705156 10.85 0.10
2458498.2706892 10.91 0.11
2458498.2708628 10.90 0.11
2458498.2710364 11.09 0.13
2458498.2712100 10.88 0.11
2458498.2713836 10.84 0.10
2458498.2715572 10.79 0.10
2458498.2717309 10.84 0.10
2458498.2719045 10.82 0.10
2458498.2720781 10.84 0.11
2458498.2722517 11.01 0.12
2458498.2724253 10.92 0.11
2458498.2725989 10.86 0.11
2458498.2727725 10.79 0.10
2458498.2729461 10.83 0.10
2458498.2731197 10.94 0.11
2458498.2732934 10.91 0.11
2458498.2734670 10.81 0.10
2458498.2736406 10.90 0.11
2458498.2738142 10.75 0.09
2458498.2739878 10.79 0.10
2458498.2741614 11.10 0.13
2458498.2743350 10.92 0.11
2458498.2745086 10.86 0.10
2458498.2746823 10.77 0.10
2458498.2748559 10.77 0.10
2458498.2750295 11.00 0.12
2458498.2752031 10.79 0.10
2458498.2753767 10.95 0.11
2458498.2755503 10.82 0.10
2458498.2757239 10.72 0.09
2458498.2758975 11.04 0.12
2458498.2760711 10.94 0.11
2458498.2762448 10.92 0.11
2458498.2764184 10.95 0.11
2458498.2765920 10.96 0.11
2458498.2767656 10.91 0.11
2458498.2769392 10.94 0.11
2458498.2771128 10.81 0.10
2458498.2772864 10.84 0.11
2458498.2774600 10.84 0.10
2458498.2776336 10.94 0.11
2458498.2778072 11.04 0.13
2458498.2779809 10.86 0.10
2458498.2781545 10.93 0.11
2458498.2783281 11.09 0.13
2458498.2785017 10.98 0.12
2458498.2786753 10.93 0.11
2458498.2788489 10.95 0.11
2458498.2790225 11.12 0.13
2458498.2791961 10.75 0.09
2458498.2793697 10.80 0.10
2458498.2795448 10.85 0.10
2458498.2797182 10.79 0.10
2458498.2798916 10.96 0.11
2458498.2800651 10.88 0.11
2458498.2802385 10.82 0.10
2458498.2804120 10.74 0.10
2458498.2805854 10.84 0.11
2458498.2807589 10.91 0.11
2458498.2809323 10.92 0.11
2458498.2811059 10.76 0.10
2458498.2812795 10.77 0.10
2458498.2814531 11.03 0.12
2458498.2816267 10.88 0.11
2458498.2818003 10.98 0.12
2458498.2819739 11.09 0.13
2458498.2821475 10.91 0.11
2458498.2823211 10.79 0.10
2458498.2824948 10.90 0.11
2458498.2826684 10.93 0.12
2458498.2828420 10.88 0.11
2458498.2830156 10.77 0.10
2458498.2831892 10.93 0.11
2458498.2833628 10.90 0.11
2458498.2835364 10.84 0.11
2458498.2837100 10.91 0.11
2458498.2838836 10.95 0.12
2458498.2840573 10.81 0.10
2458498.2842309 10.74 0.10
2458498.2844045 10.87 0.11
2458498.2845781 10.95 0.12
2458498.2847517 10.88 0.11
2458498.2849253 10.81 0.10
2458498.2850989 10.94 0.12
2458498.2852725 10.88 0.11
2458498.2854461 10.87 0.11
2458498.2856197 10.68 0.09
2458498.2857934 11.03 0.13
2458498.2859670 11.00 0.12
2458498.2861406 11.05 0.13
2458498.2863142 11.03 0.13
2458498.2864878 11.03 0.13
2458498.2866614 10.97 0.12
2458498.2868350 10.95 0.12
2458498.2870086 10.82 0.10
2458498.2871822 10.79 0.10
2458498.2873559 10.82 0.10
2458498.2875295 10.70 0.09
2458498.2877031 10.95 0.12
2458498.2878767 10.88 0.11
2458498.2880503 10.90 0.11
2458498.2882239 10.82 0.10
2458498.2883975 10.80 0.10
2458498.2885711 10.91 0.11
2458498.2887447 10.82 0.10
2458498.2889184 10.93 0.12
2458498.2890920 10.78 0.10
2458498.2892656 10.89 0.11
2458498.2894392 10.90 0.11
2458498.2896128 10.84 0.11
2458498.2897864 11.05 0.13
2458498.2899600 10.87 0.11
2458498.2901336 11.06 0.13
2458498.2903073 10.82 0.10
2458498.2904809 10.76 0.10
2458498.2906545 10.87 0.11
2458498.2908281 11.00 0.12
2458498.2910017 11.12 0.14
2458498.2911753 10.76 0.10
2458498.2913489 10.80 0.10
2458498.2915239 10.89 0.11
2458498.2916974 10.95 0.12
2458498.2918708 11.01 0.13
2458498.2920443 10.87 0.11
2458498.2922177 10.99 0.12
2458498.2923912 10.91 0.11
2458498.2925646 10.83 0.11
2458498.2927381 10.84 0.11
2458498.2929115 11.07 0.13
2458498.2930850 10.84 0.11
2458498.2932586 11.03 0.13
2458498.2934322 10.88 0.11
2458498.2936059 10.98 0.12
2458498.2937795 10.88 0.11
2458498.2939531 10.86 0.11
2458498.2941267 11.02 0.13
2458498.2943003 10.97 0.12
2458498.2944739 10.82 0.12
2458498.2946475 11.03 0.14
2458498.2948211 10.90 0.12
2458498.2949947 10.83 0.11
2458498.2951684 10.86 0.11
2458498.2953420 10.94 0.12
2458498.2955156 10.97 0.12
2458498.2956892 10.95 0.12
2458498.2958628 10.97 0.12
2458498.2960364 10.79 0.10
2458498.2962100 10.83 0.11
2458498.2963836 10.92 0.12
2458498.2965572 10.98 0.12
2458498.2969045 10.98 0.12
2458498.2970781 10.84 0.11
2458498.2972517 10.76 0.10
2458498.2974253 11.08 0.13
2458498.2975989 11.05 0.13
2458498.2977725 10.75 0.10
2458498.2979461 10.94 0.12
2458498.2981198 11.07 0.13
2458498.2982934 10.92 0.11
2458498.2984670 10.89 0.11
2458498.2986406 11.00 0.12
2458498.2988142 10.97 0.12
2458498.2989878 10.79 0.10
2458498.2991614 11.08 0.13
2458498.2993350 10.87 0.11
2458498.2995086 10.96 0.12
2458498.2996823 10.91 0.11
2458498.2998559 10.80 0.10
2458498.3000295 10.71 0.10
2458498.3002031 10.79 0.10
2458498.3003767 11.00 0.13
2458498.3005503 10.72 0.10
2458498.3007239 10.94 0.12
2458498.3008975 10.87 0.11
2458498.3010711 11.02 0.13
2458498.3012447 10.79 0.10
2458498.3015920 10.81 0.11
2458498.3017656 10.96 0.12
2458498.3019392 10.74 0.10
2458498.3021128 10.73 0.10
2458498.3022864 10.78 0.10
2458498.3024600 10.85 0.11
2458498.3026336 11.02 0.13
2458498.3028072 10.93 0.12
2458498.3029809 10.93 0.12
2458498.3031545 10.90 0.11
2458498.3033281 10.82 0.10
2458498.3035017 10.81 0.10
2458498.3036766 10.82 0.10
2458498.3038500 10.87 0.11
2458498.3040235 10.90 0.11
2458498.3041969 10.87 0.11
2458498.3043703 10.70 0.09
2458498.3045438 10.89 0.11
2458498.3047172 10.88 0.11
2458498.3048907 10.78 0.10
2458498.3050642 10.87 0.11
2458498.3052378 10.86 0.11
2458498.3054114 10.88 0.11
2458498.3055850 10.90 0.11
2458498.3057586 10.94 0.12
2458498.3059323 10.86 0.11
2458498.3061059 10.97 0.12
2458498.3062795 10.92 0.11
2458498.3064531 10.93 0.12
2458498.3066267 10.82 0.11
2458498.3068003 11.06 0.13
2458498.3069739 10.77 0.10
2458498.3071475 10.91 0.12
2458498.3073211 10.92 0.12
2458498.3074948 10.87 0.11
2458498.3076684 10.86 0.11
2458498.3078420 10.75 0.10
2458498.3080156 10.75 0.10
2458498.3081892 10.81 0.10
2458498.3083628 10.84 0.11
2458498.3085364 10.82 0.11
2458498.3087100 10.76 0.10
2458498.3088836 10.99 0.12
2458498.3090572 10.96 0.12
2458498.3092309 10.89 0.11
2458498.3094045 10.86 0.11
2458498.3095781 10.72 0.10
2458498.3097517 11.05 0.13
2458498.3099253 11.01 0.13
2458498.3100989 10.95 0.12
2458498.3102725 10.88 0.11
2458498.3104461 10.97 0.12
2458498.3106197 10.87 0.11
2458498.3107934 10.89 0.11
2458498.3109670 10.80 0.11
2458498.3111406 10.93 0.12
2458498.3113142 10.81 0.10
2458498.3114878 10.80 0.10
2458498.3116614 10.83 0.11
2458498.3118350 10.80 0.10
2458498.3120086 11.04 0.13
2458498.3121822 11.05 0.13
2458498.3123559 11.08 0.14
2458498.3125295 10.74 0.10
2458498.3127031 10.85 0.11
2458498.3128767 10.84 0.11
2458498.3130503 10.88 0.11
2458498.3132239 10.84 0.11
2458498.3133975 10.82 0.11
2458498.3135711 10.88 0.11
2458498.3137448 10.83 0.11
2458498.3139184 10.92 0.12
2458498.3140920 10.93 0.12
2458498.3142656 10.85 0.11
2458498.3144392 10.94 0.12
2458498.3146128 10.97 0.12
2458498.3147864 10.85 0.11
2458498.3149600 10.97 0.12
2458498.3151336 10.83 0.11
2458498.3153073 11.09 0.14
2458498.3154809 11.03 0.13
2458498.3156558 10.81 0.11
2458498.3158292 10.80 0.10
2458498.3160027 10.90 0.12
2458498.3161761 10.72 0.10
2458498.3163496 10.87 0.11
2458498.3165230 10.84 0.11
2458498.3166965 10.90 0.12
2458498.3168699 10.98 0.13
2458498.3170434 10.86 0.11
2458498.3172170 11.03 0.13
2458498.3173906 10.86 0.11
2458498.3175642 10.89 0.12
2458498.3177378 10.69 0.10
2458498.3179114 10.92 0.12
2458498.3180850 11.06 0.13
2458500.2349022 10.81 0.14
2458500.2350758 10.62 0.12
2458500.2354230 10.88 0.15
2458500.2355966 10.75 0.13
2458500.2359438 10.89 0.15
2458500.2362910 10.90 0.15
2458500.2364647 10.95 0.16
2458500.2368119 10.72 0.13
2458500.2376799 10.80 0.14
2458500.2378536 10.90 0.15
2458500.2380272 10.83 0.14
2458500.2383744 10.70 0.13
2458500.2385480 10.86 0.15
2458500.2387216 10.69 0.12
2458500.2390688 10.80 0.14
2458500.2392424 10.64 0.12
2458500.2394161 10.76 0.13
2458500.2401105 10.84 0.14
2458500.2406313 10.84 0.14
2458500.2409785 10.85 0.14
2458500.2413258 10.73 0.13
2458500.2414994 10.81 0.14
2458500.2420202 10.83 0.14
2458500.2421938 10.72 0.13
2458500.2427147 10.83 0.14
2458500.2428883 10.80 0.14
2458500.2437563 10.85 0.14
2458500.2439299 10.74 0.13
2458500.2442772 10.76 0.13
2458500.2447989 10.93 0.15
2458500.2449724 10.79 0.13
2458500.2453193 10.62 0.11
2458500.2454927 10.86 0.14
2458500.2456661 10.85 0.14
2458500.2461869 10.96 0.15
2458500.2463605 10.75 0.12
2458500.2465341 10.63 0.11
2458500.2467077 10.92 0.15
2458500.2468813 10.94 0.15
2458500.2470549 10.66 0.12
2458500.2472286 10.77 0.13
2458500.2474022 10.68 0.12
2458500.2475758 10.74 0.12
2458500.2480966 10.74 0.12
2458500.2482702 10.87 0.14
2458500.2484438 10.75 0.13
2458500.2486174 10.86 0.14
2458500.2487910 10.84 0.14
2458500.2489647 10.94 0.15
2458500.2491383 10.81 0.13
2458500.2493119 10.68 0.12
2458500.2494855 10.95 0.15
2458500.2496591 10.76 0.12
2458500.2498327 10.94 0.14
2458500.2500063 10.97 0.15
2458500.2501799 10.93 0.15
2458500.2503535 10.70 0.12
2458500.2505272 10.86 0.14
2458500.2507008 10.83 0.13
2458500.2508744 10.74 0.12
2458500.2510480 10.89 0.14
2458500.2512216 10.87 0.14
2458500.2513952 10.91 0.14
2458500.2517424 11.01 0.16
2458500.2519160 10.92 0.14
2458500.2520897 10.81 0.13
2458500.2522633 10.80 0.13
2458500.2524369 10.76 0.12
2458500.2526105 11.03 0.16
2458500.2527841 10.78 0.13
2458500.2531313 10.79 0.13
2458500.2534786 10.71 0.12
2458500.2543466 10.85 0.14
2458500.2545202 10.71 0.12
2458500.2550411 10.90 0.14
2458500.2552147 10.71 0.12
2458500.2553883 10.69 0.12
2458500.2555619 10.83 0.13
2458500.2559091 10.73 0.12
2458500.2560827 10.79 0.13
2458500.2562563 10.93 0.14
2458500.2564312 10.84 0.13
2458500.2566046 10.82 0.13
2458500.2567781 10.80 0.13
2458500.2569515 10.77 0.13
2458500.2571250 10.91 0.14
2458500.2572984 10.76 0.13
2458500.2574719 10.70 0.12
2458500.2576453 10.85 0.14
2458500.2579924 10.85 0.14
2458500.2581660 10.95 0.15
2458500.2585133 10.88 0.14
2458500.2586869 10.87 0.14
2458500.2588605 10.81 0.13
2458500.2590341 10.96 0.15
2458500.2592077 10.70 0.12
2458500.2595549 10.79 0.13
2458500.2597285 10.81 0.13
2458500.2599022 10.92 0.14
2458500.2600758 10.64 0.11
2458500.2602494 10.79 0.13
2458500.2605966 10.86 0.13
2458500.2607702 10.64 0.11
2458500.2609438 10.86 0.13
2458500.2611174 11.06 0.16
2458500.2612911 10.76 0.12
2458500.2616383 10.80 0.13
2458500.2618119 10.95 0.15
2458500.2619855 10.78 0.12
2458500.2621591 10.91 0.14
2458500.2623327 10.88 0.13
2458500.2625063 10.77 0.12
2458500.2626799 10.70 0.12
2458500.2628535 10.66 0.11
2458500.2630272 10.87 0.13
2458500.2632008 10.69 0.12
2458500.2633744 10.84 0.13
2458500.2635480 10.94 0.14
2458500.2637216 10.94 0.14
2458500.2638952 10.64 0.11
2458500.2640688 10.78 0.12
2458500.2644160 10.91 0.14
2458500.2645897 10.77 0.12
2458500.2647633 10.75 0.12
2458500.2649369 10.89 0.13
2458500.2654577 10.86 0.13
2458500.2656313 10.94 0.14
2458500.2658049 10.78 0.12
2458500.2659785 10.80 0.12
2458500.2661522 10.84 0.13
2458500.2663258 11.00 0.15
2458500.2664994 10.87 0.13
2458500.2666730 10.89 0.13
2458500.2668466 10.69 0.11
2458500.2670202 11.14 0.17
2458500.2671938 10.97 0.14
2458500.2673674 10.88 0.13
2458500.2675410 10.94 0.14
2458500.2677147 10.80 0.12
2458500.2678883 10.66 0.11
2458500.2680619 10.98 0.14
2458500.2682355 10.99 0.14
2458500.2684104 10.80 0.12
2458500.2685839 10.98 0.14
2458500.2687573 10.70 0.11
2458500.2689307 10.94 0.14
2458500.2691042 10.79 0.12
2458500.2692776 10.72 0.11
2458500.2694511 10.91 0.14
2458500.2697980 10.98 0.14
2458500.2699716 10.86 0.13
2458500.2701452 10.89 0.13
2458500.2704924 10.93 0.14
2458500.2706661 10.69 0.11
2458500.2708397 10.89 0.13
2458500.2710133 10.86 0.13
2458500.2711869 10.78 0.12
2458500.2713605 10.87 0.13
2458500.2715341 10.74 0.12
2458500.2717077 10.93 0.14
2458500.2718813 10.80 0.12
2458500.2720549 10.88 0.13
2458500.2722285 10.87 0.13
2458500.2724022 10.95 0.14
2458500.2725758 10.80 0.12
2458500.2727494 10.81 0.12
2458500.2730966 10.81 0.13
2458500.2732702 10.87 0.13
2458500.2734438 10.85 0.13
2458500.2736174 10.92 0.14
2458500.2737910 10.90 0.13
2458500.2739647 10.77 0.12
2458500.2744855 11.00 0.15
2458500.2746591 11.04 0.15
2458500.2748327 10.87 0.13
2458500.2750063 11.01 0.15
2458500.2751799 11.01 0.15
2458500.2753535 10.87 0.13
2458500.2757008 10.79 0.12
2458500.2758744 10.96 0.14
2458500.2760480 10.80 0.12
2458500.2762216 10.84 0.13
2458500.2763952 10.76 0.12
2458500.2765688 10.71 0.11
2458500.2767424 10.93 0.14
2458500.2769161 10.89 0.13
2458500.2770897 10.97 0.14
2458500.2772633 10.71 0.11
2458500.2774369 10.70 0.11
2458500.2776105 10.90 0.13
2458500.2777841 10.97 0.14
2458500.2783049 10.75 0.12
2458500.2788258 10.90 0.14
2458500.2793466 10.97 0.14
2458500.2795202 10.89 0.13
2458500.2796938 10.95 0.14
2458500.2800410 10.93 0.14
2458500.2803896 10.77 0.12
2458500.2805631 10.88 0.13
2458500.2809100 10.80 0.12
2458500.2810834 10.71 0.11
2458500.2812568 10.94 0.14
2458500.2814303 10.90 0.13
2458500.2819508 11.01 0.15
2458500.2824716 10.89 0.13
2458500.2826452 10.84 0.13
2458500.2828188 10.98 0.14
2458500.2829924 10.84 0.13
2458500.2831660 10.85 0.13
2458500.2833397 10.77 0.12
2458500.2835133 10.63 0.10
2458500.2836869 10.93 0.14
2458500.2838605 10.72 0.11
2458500.2842077 10.97 0.14
2458500.2843813 10.75 0.12
2458500.2845549 10.77 0.12
2458500.2847286 10.77 0.12
2458500.2849022 10.85 0.13
2458500.2850758 10.88 0.13
2458500.2854230 10.81 0.12
2458500.2855966 10.83 0.12
2458500.2857702 10.86 0.13
2458500.2859438 11.05 0.15
2458500.2861174 11.09 0.16
2458500.2862911 10.94 0.14
2458500.2864647 10.93 0.14
2458500.2866383 11.07 0.16
2458500.2868119 10.95 0.14
2458500.2869855 10.81 0.12
2458500.2873327 10.70 0.11
2458500.2876799 10.98 0.15
2458500.2878535 10.93 0.14
2458500.2880272 10.80 0.12
2458500.2882008 10.83 0.13
2458500.2883744 10.78 0.12
2458500.2885480 10.74 0.11
2458500.2887216 10.83 0.12
2458500.2888952 10.95 0.14
2458500.2890688 10.82 0.12
2458500.2892424 10.87 0.13
2458500.2894160 10.77 0.12
2458500.2895897 10.96 0.14
2458500.2897633 10.98 0.14
2458500.2899369 10.95 0.14
2458500.2901105 10.88 0.13
2458500.2902841 10.99 0.14
2458500.2904577 10.82 0.12
2458500.2906313 10.88 0.13
2458500.2909785 11.04 0.15
2458500.2913258 10.73 0.11
2458500.2914994 10.84 0.12
2458500.2916730 11.09 0.15
2458500.2918466 10.93 0.13
2458500.2920202 11.04 0.14
2458500.2921938 11.04 0.14
2458500.2923688 10.89 0.12
2458500.2925423 10.78 0.11
2458500.2928892 10.84 0.12
2458500.2930626 10.82 0.12
2458500.2932360 10.95 0.13
2458500.2934095 10.69 0.10