2458467.3680667 10.92 0.14
2458467.3706709 11.09 0.16
2458467.3717125 10.84 0.13
2458467.3729278 11.00 0.15
2458467.3731014 11.04 0.16
2458467.3734486 10.97 0.15
2458467.3751848 10.83 0.13
2458467.3753584 11.00 0.15
2458467.3755332 11.03 0.15
2458467.3757067 11.00 0.15
2458467.3758801 11.01 0.15
2458467.3760536 10.95 0.14
2458467.3762270 10.94 0.14
2458467.3765739 11.03 0.15
2458467.3772681 10.84 0.13
2458467.3781361 10.83 0.13
2458467.3783097 10.88 0.14
2458467.3786570 10.87 0.14
2458467.3791778 11.07 0.16
2458467.3795250 11.08 0.16
2458467.3800459 10.97 0.15
2458467.3805667 10.85 0.13
2458467.3809139 10.95 0.14
2458467.3816084 10.87 0.13
2458467.3817820 10.91 0.14
2458467.3819556 10.86 0.13
2458467.3840389 10.96 0.15
2458467.3843861 11.02 0.16
2458467.3845597 10.93 0.14
2458467.3852542 10.92 0.14
2458467.3856014 10.88 0.14
2458467.3859486 10.77 0.12
2458467.3866431 10.76 0.12
2458467.3875123 10.91 0.14
2458467.3876858 10.85 0.13
2458467.3892473 10.72 0.12
2458467.3937611 10.86 0.14
2458467.3949764 10.89 0.14
2458467.3956709 10.96 0.15
2458467.3961917 10.91 0.14
2458467.3965389 10.78 0.13
2458467.3979278 11.01 0.16
2458467.3981014 11.10 0.17
2458467.3982750 10.96 0.15
2458467.3986223 10.91 0.14
2458467.3987959 11.01 0.15
2458467.3993180 10.93 0.14
2458467.4000118 11.19 0.18
2458467.4003586 11.01 0.16
2458467.4005321 10.86 0.14
2458467.4007056 11.08 0.17
2458467.4010528 10.84 0.13
2458467.4012264 11.08 0.17
2458467.4014000 11.06 0.16
2458467.4017472 11.11 0.17
2458467.4024417 10.90 0.14
2458467.4033098 10.99 0.15
2458467.4040042 10.97 0.15
2458467.4066084 10.89 0.14
2458467.4069556 10.94 0.15
2458467.4071292 10.95 0.15
2458467.4074764 11.00 0.16
2458467.4095597 11.01 0.16
2458467.4099070 10.83 0.13
2458467.4100806 10.96 0.15
2458467.4107750 10.98 0.15
2458467.4114705 10.95 0.15
2458467.4118174 10.95 0.15
2458467.4123377 10.93 0.15
2458467.4130320 11.03 0.16
2458467.4145945 10.94 0.15
2458467.4178931 10.78 0.13
2458467.4180667 11.08 0.17
2458469.3667865 11.06 0.12
2458469.3670135 11.06 0.12
2458469.3673607 11.03 0.11
2458469.3675343 11.25 0.14
2458469.3677079 11.20 0.13
2458469.3678815 11.14 0.13
2458469.3680551 11.23 0.14
2458469.3682287 11.12 0.12
2458469.3684023 11.08 0.12
2458469.3687496 10.94 0.10
2458469.3689232 11.11 0.12
2458469.3692704 11.01 0.11
2458469.3694440 11.11 0.12
2458469.3697912 11.14 0.13
2458469.3701384 10.97 0.11
2458469.3703121 11.21 0.13
2458469.3706593 11.05 0.12
2458469.3708329 11.07 0.12
2458469.3710065 11.30 0.14
2458469.3711801 11.23 0.14
2458469.3713537 11.24 0.13
2458469.3715273 11.32 0.15
2458469.3717009 11.09 0.12
2458469.3718746 11.16 0.13
2458469.3720482 11.11 0.12
2458469.3723954 11.22 0.13
2458469.3725690 11.11 0.12
2458469.3727426 11.12 0.12
2458469.3729162 11.21 0.13
2458469.3730898 10.95 0.10
2458469.3732635 11.02 0.11
2458469.3734371 11.04 0.11
2458469.3736107 11.13 0.12
2458469.3737843 11.07 0.12
2458469.3739579 11.14 0.13
2458469.3741315 11.05 0.12
2458469.3743051 11.09 0.12
2458469.3744787 11.02 0.11
2458469.3746524 11.03 0.11
2458469.3748260 10.97 0.11
2458469.3749996 11.17 0.13
2458469.3751732 11.03 0.11
2458469.3753468 11.06 0.12
2458469.3755204 11.31 0.14
2458469.3756940 11.02 0.11
2458469.3758676 11.31 0.14
2458469.3760425 11.21 0.13
2458469.3763894 11.04 0.11
2458469.3765628 10.99 0.11
2458469.3767363 11.43 0.16
2458469.3769097 11.02 0.11
2458469.3770832 11.14 0.12
2458469.3774301 10.91 0.10
2458469.3776037 11.10 0.12
2458469.3777773 11.17 0.13
2458469.3779510 11.14 0.12
2458469.3782982 11.17 0.13
2458469.3784718 10.97 0.11
2458469.3786454 11.07 0.12
2458488.3044163 10.98 0.14
2458488.3051107 10.89 0.12
2458488.3052844 10.99 0.14
2458488.3054579 11.05 0.14
2458488.3059788 10.94 0.13
2458488.3063260 11.01 0.14
2458488.3064996 11.06 0.14
2458488.3066732 10.98 0.13
2458488.3070205 11.00 0.14
2458488.3073677 11.02 0.14
2458488.3075413 11.09 0.15
2458488.3085830 10.96 0.13
2458488.3094522 10.95 0.13
2458488.3096257 10.91 0.13
2458488.3097991 10.98 0.14
2458488.3106663 11.08 0.15
2458488.3110135 10.89 0.13
2458488.3111871 10.96 0.14
2458488.3117080 10.95 0.13
2458488.3124024 10.83 0.12
2458488.3127496 11.08 0.15
2458488.3134441 10.97 0.14
2458488.3146593 11.02 0.14
2458488.3155274 10.99 0.14
2458488.3160482 10.90 0.13
2458488.3165691 11.14 0.16
2458488.3172635 10.98 0.14
2458488.3181316 10.86 0.13
2458488.3184788 11.03 0.15
2458488.3189996 10.99 0.14
2458488.3193469 11.06 0.15
2458488.3196941 11.12 0.16
2458488.3198677 10.99 0.14
2458488.3200413 10.88 0.13
2458488.3202149 10.96 0.14
2458488.3203885 11.18 0.17
2458488.3207357 10.96 0.14
2458488.3212579 11.22 0.17
2458488.3221252 11.10 0.16
2458488.3222986 10.94 0.14
2458488.3224720 11.19 0.17
2458488.3229927 11.15 0.17
2458488.3233399 11.00 0.15
2458488.3236871 11.13 0.16
2458488.3242080 10.91 0.13
2458488.3243816 10.93 0.14
2458488.3245552 10.88 0.13
2458488.3247288 11.06 0.15
2458488.3249024 11.02 0.15
2458488.3252496 11.02 0.15
2458488.3255969 10.99 0.15
2458488.3261177 10.97 0.14
2458488.3262913 10.97 0.14
2458488.3266385 11.06 0.15
2458488.3280274 11.01 0.15
2458488.3311524 11.08 0.16
2458488.3314996 10.94 0.14
2458488.3316732 11.09 0.16
2458488.3349719 10.95 0.14
2458488.3351455 11.05 0.16
2458488.3365344 10.95 0.14
2458488.3375760 11.01 0.15
2458488.3377496 10.95 0.14
2458488.3393121 11.02 0.15
2458488.3410482 11.06 0.16
2458488.3446941 11.04 0.16
2458488.3460834 11.06 0.16
2458488.3509441 10.88 0.14
2458488.3523330 10.96 0.15
2458488.3530274 10.98 0.15
2458488.3566732 11.02 0.15
2458488.3601455 11.11 0.16
2458488.3639649 11.02 0.15
2458488.3665691 11.11 0.17
2458488.3674371 10.91 0.14
2458488.3690010 11.04 0.16
2458488.3698682 11.10 0.17
2458488.3709093 10.95 0.15
2458488.3714302 10.92 0.14
2458488.3716038 11.04 0.16
2458488.3729927 11.00 0.15
2458493.2521475 11.13 0.15
2458493.2524947 11.10 0.15
2458493.2526684 10.90 0.12
2458493.2528420 11.02 0.14
2458493.2531892 10.89 0.12
2458493.2533628 10.99 0.13
2458493.2545789 10.87 0.12
2458493.2547524 11.12 0.15
2458493.2549258 10.89 0.12
2458493.2552727 11.13 0.15
2458493.2554461 11.03 0.14
2458493.2556198 11.16 0.15
2458493.2557934 11.09 0.14
2458493.2559670 10.98 0.13
2458493.2561406 10.98 0.13
2458493.2564878 11.10 0.15
2458493.2566614 11.09 0.14
2458493.2568350 11.26 0.17
2458493.2570086 11.13 0.15
2458493.2571823 11.00 0.13
2458493.2575295 11.18 0.16
2458493.2577031 11.00 0.13
2458493.2578767 11.00 0.13
2458493.2580503 11.17 0.15
2458493.2583975 11.14 0.15
2458493.2585711 11.00 0.13
2458493.2587447 11.06 0.14
2458493.2589184 11.18 0.16
2458493.2590920 11.17 0.16
2458493.2592656 10.98 0.13
2458493.2594392 10.93 0.13
2458493.2596128 10.99 0.13
2458493.2597864 10.99 0.13
2458493.2599600 10.84 0.11
2458493.2604809 11.18 0.16
2458493.2606545 10.98 0.13
2458493.2608281 11.10 0.14
2458493.2610017 10.98 0.13
2458493.2616961 11.10 0.14
2458493.2618697 11.00 0.13
2458493.2620434 10.85 0.11
2458493.2622170 11.06 0.14
2458493.2623906 11.23 0.16
2458493.2625642 11.04 0.14
2458493.2627378 11.04 0.14
2458493.2629114 10.98 0.13
2458493.2630850 11.14 0.15
2458493.2632586 10.93 0.12
2458493.2634323 11.20 0.16
2458493.2636059 11.14 0.15
2458493.2639531 11.01 0.13
2458493.2641267 11.18 0.16
2458493.2643003 11.13 0.15
2458493.2644739 11.12 0.15
2458493.2646475 11.06 0.14
2458493.2651684 11.01 0.13
2458493.2655156 10.88 0.12
2458493.2656892 10.97 0.13
2458493.2660378 11.06 0.14
2458493.2665581 11.01 0.13
2458493.2670784 11.09 0.14
2458493.2672519 10.99 0.13
2458493.2674253 11.10 0.14
2458493.2681197 10.96 0.13
2458493.2682934 11.13 0.15
2458493.2684670 11.02 0.14
2458493.2689878 10.95 0.13
2458493.2693350 11.03 0.14
2458493.2698559 10.96 0.13
2458493.2702031 11.09 0.14
2458493.2703767 11.22 0.16
2458493.2707239 11.15 0.15
2458493.2710711 11.23 0.16
2458493.2719392 10.97 0.13
2458493.2721128 11.09 0.14
2458493.2724600 11.03 0.14
2458493.2729809 11.21 0.16
2458493.2733281 10.99 0.13
2458493.2735017 11.09 0.14
2458493.2736753 11.04 0.14
2458493.2740225 11.01 0.13
2458493.2743697 11.07 0.14
2458493.2745434 11.02 0.13
2458493.2747170 11.16 0.15
2458493.2750642 11.11 0.15
2458493.2761059 11.13 0.15
2458493.2762795 10.97 0.13
2458493.2764531 10.72 0.10
2458493.2766267 11.14 0.15
2458493.2768003 10.93 0.12
2458493.2771475 11.09 0.14
2458493.2773211 11.05 0.14
2458493.2774947 11.13 0.15
2458493.2778420 11.05 0.14
2458493.2780169 11.12 0.15
2458493.2783638 10.93 0.12
2458493.2788841 10.88 0.12
2458493.2790576 11.12 0.15
2458493.2792310 11.15 0.15
2458493.2794045 10.89 0.12
2458493.2795781 11.25 0.16
2458493.2800989 11.09 0.14
2458493.2804461 11.02 0.13
2458493.2806198 11.16 0.15
2458493.2807934 11.09 0.14
2458493.2809670 11.21 0.16
2458493.2816614 11.03 0.14
2458493.2820086 10.88 0.12
2458493.2821822 11.10 0.14
2458493.2823559 11.15 0.15
2458493.2827031 11.09 0.14
2458493.2828767 11.03 0.14
2458493.2830503 11.02 0.14
2458493.2833975 11.08 0.14
2458493.2835711 10.98 0.13
2458493.2837447 11.02 0.14
2458493.2839184 11.01 0.13
2458493.2842656 10.95 0.13
2458493.2846128 10.97 0.13
2458493.2847864 11.19 0.16
2458493.2851336 11.08 0.14
2458493.2853072 11.13 0.15
2458493.2861753 10.99 0.13
2458493.2865225 10.90 0.12
2458493.2866961 11.03 0.14
2458493.2873906 10.94 0.13
2458493.2882586 11.14 0.15
2458493.2896475 10.98 0.13
2458493.2905164 11.16 0.15
2458493.2906898 10.83 0.11
2458493.2908633 11.04 0.14
2458493.2910367 10.92 0.12
2458493.2912102 10.97 0.13
2458493.2915572 10.96 0.13
2458493.2917309 11.07 0.14
2458493.2919045 11.09 0.14
2458493.2922517 10.80 0.11
2458493.2925989 11.16 0.15
2458493.2927725 11.11 0.15
2458493.2929461 11.08 0.14
2458493.2931197 10.99 0.13
2458493.2938142 11.09 0.14
2458493.2943350 11.06 0.14
2458493.2945086 11.01 0.14
2458493.2946823 10.95 0.13
2458493.2950295 11.00 0.13
2458493.2953767 11.00 0.13
2458493.2955503 11.03 0.14
2458493.2957239 11.05 0.14
2458493.2958975 11.18 0.16
2458493.2960711 11.03 0.14
2458493.2964184 11.08 0.14
2458493.2965920 11.07 0.14
2458493.2967656 11.03 0.14
2458493.2969392 11.10 0.15
2458493.2972864 11.02 0.14
2458493.2974600 10.90 0.12
2458493.2976336 11.08 0.14
2458493.2978072 11.05 0.14
2458493.2985017 11.05 0.14
2458493.2988489 11.04 0.14
2458493.2997170 10.85 0.12
2458493.3018931 11.16 0.15
2458493.3021591 11.00 0.13
2458493.3023327 11.16 0.16
2458493.3026799 10.94 0.13
2458493.3030272 11.06 0.14
2458493.3032008 11.03 0.14
2458493.3040688 10.99 0.13
2458493.3044161 11.03 0.14
2458493.3045897 10.97 0.13
2458493.3047633 11.23 0.16
2458493.3051105 11.07 0.14
2458493.3056313 11.14 0.15
2458493.3058049 11.12 0.15
2458493.3066730 11.00 0.13
2458493.3070202 11.03 0.13
2458493.3071938 11.02 0.14
2458493.3073674 11.08 0.14
2458493.3077147 11.03 0.14
2458493.3078883 11.10 0.14
2458493.3089299 10.95 0.13
2458493.3091036 11.20 0.16
2458493.3092772 10.96 0.13
2458493.3096244 11.07 0.14
2458493.3103188 11.13 0.15
2458493.3104924 11.05 0.14
2458493.3106661 11.04 0.14
2458493.3110133 11.14 0.15
2458493.3115341 10.90 0.12
2458493.3117077 10.95 0.13
2458493.3118813 11.13 0.15
2458493.3120549 10.89 0.12
2458493.3122298 11.03 0.14
2458493.3124033 11.09 0.14
2458493.3130971 11.08 0.14
2458493.3134439 10.98 0.13
2458493.3136174 11.00 0.13
2458493.3137910 11.06 0.14
2458493.3139647 10.90 0.12
2458493.3143119 11.10 0.14
2458493.3150063 11.13 0.15
2458493.3157008 11.09 0.14
2458493.3158744 10.95 0.12
2458493.3167424 10.99 0.13
2458493.3170897 11.01 0.13
2458493.3174369 11.08 0.14
2458493.3181313 11.10 0.14
2458493.3184786 11.24 0.16
2458493.3188258 11.05 0.13
2458493.3189994 11.14 0.15
2458493.3191730 11.13 0.15
2458493.3193466 11.22 0.16
2458493.3195202 11.10 0.14
2458493.3196938 10.92 0.12
2458493.3198674 11.23 0.16
2458493.3200411 11.08 0.14
2458493.3202147 11.33 0.18
2458493.3203883 11.09 0.14
2458493.3207355 10.96 0.12
2458493.3209091 11.13 0.15
2458493.3210827 11.14 0.15
2458493.3212563 11.11 0.14
2458493.3214299 10.99 0.13
2458493.3216035 10.98 0.13
2458493.3217772 11.08 0.14
2458493.3219508 11.11 0.14
2458493.3222980 11.03 0.13
2458493.3229924 11.23 0.16
2458493.3235133 11.17 0.15
2458493.3242090 10.96 0.13
2458493.3243824 11.08 0.14
2458493.3245559 11.09 0.14
2458493.3249028 11.18 0.15
2458493.3252497 11.17 0.15
2458493.3254231 11.21 0.16
2458493.3255966 11.00 0.13
2458493.3257702 11.05 0.13
2458493.3261174 10.98 0.13
2458493.3271591 11.20 0.15
2458493.3273327 11.12 0.14
2458493.3275063 11.26 0.16
2458493.3276799 10.94 0.12
2458493.3283744 11.06 0.14
2458493.3285480 11.26 0.16
2458493.3287216 10.99 0.13
2458493.3288952 11.02 0.13
2458493.3290688 11.25 0.16
2458493.3294160 10.99 0.13
2458493.3295897 11.06 0.14
2458493.3297633 11.04 0.13
2458493.3299369 11.14 0.14
2458493.3301105 11.11 0.14
2458493.3302841 11.27 0.16
2458493.3306313 11.10 0.14
2458493.3308049 10.94 0.12
2458493.3309785 11.24 0.16
2458493.3311522 11.18 0.15
2458493.3313258 10.84 0.11
2458493.3316730 11.01 0.13
2458493.3318466 11.19 0.15
2458493.3321938 11.12 0.14
2458493.3328883 11.13 0.15
2458493.3332355 11.11 0.14
2458493.3342772 11.08 0.14
2458493.3346244 11.12 0.14
2458493.3349716 10.98 0.13
2458493.3351452 11.08 0.14
2458493.3354924 11.02 0.13
2458493.3358397 11.09 0.14
2458493.3374023 11.08 0.14
2458493.3375758 11.12 0.15
2458493.3379230 11.08 0.14
2458493.3382702 10.95 0.13
2458493.3386174 11.05 0.14
2458493.3396591 10.99 0.13
2458493.3400063 11.06 0.14
2458493.3407008 11.24 0.16
2458493.3412216 11.11 0.15
2458493.3417424 11.05 0.14
2458493.3422633 11.24 0.16
2458493.3424369 11.09 0.14
2458493.3427841 11.13 0.15
2458493.3433049 11.21 0.16
2458493.3436522 11.02 0.14
2458493.3439994 11.10 0.15
2458493.3445202 10.97 0.13
2458493.3448674 11.12 0.15
2458493.3452147 10.97 0.13
2458493.3453883 11.04 0.14
2458493.3469508 11.09 0.14
2458493.3471244 11.09 0.14
2458493.3472980 11.07 0.14
2458493.3476452 11.06 0.14
2458493.3478188 11.10 0.15
2458493.3481673 11.20 0.16
2458493.3483408 11.09 0.15
2458493.3488611 11.11 0.15
2458493.3492080 11.13 0.15
2458493.3497286 11.15 0.15
2458493.3499022 11.02 0.13
2458493.3500758 11.11 0.15
2458493.3502494 11.20 0.16
2458493.3504230 11.07 0.14
2458493.3505966 11.07 0.14
2458493.3512911 11.12 0.15
2458493.3514647 11.08 0.14
2458493.3518119 11.17 0.15
2458493.3521591 11.18 0.16
2458493.3526799 10.95 0.13
2458493.3549369 11.12 0.14
2458493.3552841 11.12 0.15
2458493.3558049 11.10 0.14
2458493.3563258 11.11 0.14
2458493.3568466 11.22 0.16
2458493.3570202 11.23 0.16
2458493.3573674 10.96 0.13
2458493.3575411 11.21 0.16
2458493.3585827 11.15 0.15
2458493.3589299 11.08 0.14
2458493.3591036 11.14 0.15
2458493.3594508 11.15 0.15
2458493.3615341 11.25 0.16
2458493.3620549 11.06 0.14
2458493.3624022 11.13 0.15
2458493.3630966 11.01 0.13
2458493.3641383 11.08 0.14
2458493.3643119 11.01 0.13
2458493.3644855 11.14 0.15
2458493.3646591 11.09 0.14
2458493.3648327 10.95 0.13
2458493.3650063 11.09 0.14
2458493.3651799 11.10 0.15
2458493.3665688 11.12 0.15
2458493.3672633 11.15 0.15
2458493.3679577 11.10 0.14
2458493.3688258 11.10 0.15
2458493.3689994 11.07 0.14
2458493.3691730 11.08 0.14
2458493.3693466 11.12 0.15
2458493.3703883 11.21 0.16
2458493.3705619 11.06 0.14
2458493.3712563 11.04 0.14
2458493.3716036 11.08 0.14
2458493.3735133 11.13 0.15
2458493.3757702 11.12 0.15
2458493.3783744 11.08 0.14
2458493.3787216 11.07 0.14
2458493.3792424 11.26 0.17
2458493.3813258 11.11 0.15
2458493.3828883 10.93 0.13
2458493.3837563 11.18 0.16
2458493.3870549 11.02 0.14
2458493.3877494 11.12 0.15
2458493.3884438 11.20 0.17
2458493.3886174 11.20 0.16
2458493.3898327 11.14 0.16
2458493.3912216 11.09 0.15
2458493.3913952 11.13 0.15
2458493.3915688 11.05 0.14
2458493.3917424 11.21 0.17
2458493.3919160 11.09 0.15
2458493.3920897 11.19 0.16
2458493.3922633 11.11 0.15
2458493.3924369 11.04 0.14
2458493.3933049 11.01 0.14
2458493.3934785 11.17 0.16
2458493.3938258 10.88 0.12
2458493.3943466 10.98 0.13
2458493.3967777 11.08 0.15
2458493.3979924 11.05 0.15
2458493.3983397 11.06 0.15
2458493.3995549 11.04 0.15
2458493.4000758 11.11 0.16
2458493.4004230 11.10 0.15
2458493.4007702 10.95 0.13
2458493.4011174 11.20 0.17
2458493.4023327 11.08 0.15
2458493.4033744 11.09 0.15
2458493.4040688 11.01 0.14
2458493.4052841 10.99 0.14
2458493.4117077 10.95 0.14
2458495.1543813 10.71 0.16
2458495.1936174 10.85 0.17
2458495.1937910 10.66 0.14
2458495.1957013 10.90 0.17
2458495.1960481 10.68 0.14
2458495.2003883 10.78 0.15
2458495.2151452 10.77 0.15
2458495.2281661 10.69 0.14
2458495.2399716 10.76 0.14
2458495.2408397 10.94 0.17
2458495.2429242 10.82 0.15
2458495.2434445 10.79 0.15
2458495.2441383 10.77 0.15
2458495.2469160 10.72 0.14
2458495.2519508 10.81 0.15
2458495.2604577 10.88 0.16
2458495.2609786 10.90 0.16
2458495.2611522 10.92 0.16
2458495.2672295 10.87 0.16
2458495.2700063 10.87 0.16
2458495.2734786 10.81 0.15
2458495.2772980 10.81 0.15
2458495.2838952 10.94 0.16
2458495.2845897 11.00 0.17
2458495.2847633 10.89 0.15
2458495.2849369 10.85 0.15
2458495.2859785 10.82 0.15
2458495.2911879 10.65 0.13
2458495.2922286 10.80 0.14
2458495.2962216 11.02 0.17
2458495.2989994 10.89 0.15
2458495.2995202 10.95 0.16
2458495.3080272 10.89 0.16
2458495.3097633 10.83 0.15
2458495.3106313 10.73 0.14
2458498.1658281 10.99 0.17
2458498.1670441 10.95 0.16
2458498.1672176 10.68 0.12
2458498.1673910 10.79 0.14
2458498.1680850 10.87 0.15
2458498.1689531 10.77 0.13
2458498.1691267 10.74 0.13
2458498.1693003 10.85 0.15
2458498.1715572 11.02 0.17
2458498.1717309 10.82 0.14
2458498.1724253 10.94 0.16
2458498.1738142 10.83 0.14
2458498.1739878 10.75 0.13
2458498.1746823 10.81 0.13
2458498.1752031 10.87 0.14
2458498.1753767 10.89 0.15
2458498.1755503 10.88 0.14
2458498.1758975 11.00 0.16
2458498.1762447 10.97 0.15
2458498.1771128 10.82 0.13
2458498.1778072 11.05 0.16
2458498.1786763 10.80 0.13
2458498.1791967 10.97 0.15
2458498.1795436 10.80 0.13
2458498.1797170 10.98 0.15
2458498.1805850 10.76 0.12
2458498.1811059 10.78 0.13
2458498.1812795 11.13 0.17
2458498.1816267 10.97 0.15
2458498.1818003 10.86 0.14
2458498.1819739 11.02 0.15
2458498.1821475 10.86 0.14
2458498.1823211 10.91 0.14
2458498.1826684 10.94 0.15
2458498.1828420 11.05 0.16
2458498.1831892 10.75 0.12
2458498.1838836 10.78 0.13
2458498.1840572 10.80 0.13
2458498.1842309 10.93 0.14
2458498.1844045 10.95 0.15
2458498.1847517 10.94 0.15
2458498.1849253 10.89 0.14
2458498.1850989 10.88 0.14
2458498.1857934 10.95 0.15
2458498.1864878 10.89 0.14
2458498.1866614 10.82 0.13
2458498.1868350 10.85 0.13
2458498.1871822 11.03 0.16
2458498.1887448 10.94 0.14
2458498.1896128 10.96 0.15
2458498.1901336 10.92 0.14
2458498.1908281 10.82 0.13
2458498.1910017 10.96 0.15
2458498.1911753 10.96 0.15
2458498.1923906 10.88 0.14
2458498.1929114 10.99 0.15
2458498.1936059 10.93 0.14
2458498.1943003 10.93 0.14
2458498.1946475 10.91 0.14
2458498.1948211 11.02 0.15
2458498.1951684 10.96 0.14
2458498.1953420 11.04 0.15
2458498.1955156 10.83 0.13
2458498.1958628 11.09 0.16
2458498.1960378 10.99 0.15
2458498.1962112 10.86 0.13
2458498.1965581 10.99 0.15
2458498.1967315 11.00 0.15
2458498.1969050 10.88 0.13
2458498.1970784 10.98 0.14
2458498.1975989 11.03 0.15
2458498.1977725 10.98 0.14
2458498.1979461 11.02 0.15
2458498.1981198 11.05 0.15
2458498.1982934 11.03 0.15
2458498.1986406 11.09 0.16
2458498.1988142 11.01 0.15
2458498.1989878 10.84 0.12
2458498.1991614 11.03 0.15
2458498.1995086 10.84 0.13
2458498.2000295 10.99 0.14
2458498.2002031 10.94 0.14
2458498.2003767 11.07 0.15
2458498.2008975 11.11 0.16
2458498.2017656 10.95 0.14
2458498.2019392 11.10 0.16
2458498.2021128 11.03 0.15
2458498.2022864 10.95 0.14
2458498.2026336 11.09 0.16
2458498.2029809 10.92 0.13
2458498.2031545 10.85 0.13
2458498.2036753 11.15 0.16
2458498.2038489 10.94 0.13
2458498.2040225 10.98 0.14
2458498.2047170 10.99 0.14
2458498.2048906 11.04 0.15
2458498.2052378 11.08 0.15
2458498.2055850 10.89 0.13
2458498.2057586 10.88 0.13
2458498.2062795 11.09 0.15
2458498.2066267 10.93 0.13
2458498.2071475 11.11 0.16
2458498.2073211 10.99 0.14
2458498.2074947 10.93 0.13
2458498.2076684 10.89 0.13
2458498.2083638 11.03 0.15
2458498.2085373 11.06 0.15
2458498.2090576 10.92 0.13
2458498.2092310 11.05 0.15
2458498.2094045 11.04 0.15
2458498.2102725 11.07 0.15
2458498.2104461 10.91 0.13
2458498.2107934 10.87 0.12
2458498.2111406 11.06 0.15
2458498.2113142 11.02 0.14
2458498.2114878 10.81 0.12
2458498.2116614 11.14 0.16
2458498.2118350 11.26 0.18
2458498.2120086 10.98 0.14
2458498.2121823 11.03 0.15
2458498.2123559 11.20 0.17
2458498.2125295 11.05 0.15
2458498.2127031 10.85 0.12
2458498.2128767 10.93 0.13
2458498.2130503 10.87 0.13
2458498.2133975 10.98 0.14
2458498.2135711 11.03 0.14
2458498.2140920 11.08 0.15
2458498.2142656 11.02 0.14
2458498.2144392 10.95 0.13
2458498.2146128 10.92 0.13
2458498.2151336 11.07 0.15
2458498.2153072 11.09 0.15
2458498.2158281 11.05 0.15
2458498.2160017 10.96 0.13
2458498.2161753 10.92 0.13
2458498.2166961 11.06 0.15
2458498.2168697 10.78 0.12
2458498.2172170 11.05 0.15
2458498.2173906 11.08 0.15
2458498.2175642 10.87 0.12
2458498.2180850 10.70 0.11
2458498.2182586 11.05 0.14
2458498.2187795 11.04 0.15
2458498.2189531 10.93 0.13
2458498.2191267 10.95 0.13
2458498.2193003 11.05 0.15
2458498.2196475 11.05 0.15
2458498.2206898 10.97 0.14
2458498.2208632 11.02 0.14
2458498.2210366 10.91 0.13
2458498.2212101 11.04 0.15
2458498.2213836 10.91 0.13
2458498.2222517 11.05 0.15
2458498.2225989 11.07 0.15
2458498.2227725 11.00 0.14
2458498.2229461 11.02 0.14
2458498.2238142 11.04 0.14
2458498.2241614 11.10 0.15
2458498.2245086 10.96 0.13
2458498.2246822 11.05 0.14
2458498.2250295 10.99 0.13
2458498.2252031 10.97 0.13
2458498.2258975 10.87 0.12
2458498.2264184 10.97 0.13
2458498.2265920 11.09 0.15
2458498.2269392 11.03 0.14
2458498.2272864 11.05 0.14
2458498.2274600 11.08 0.15
2458498.2276336 10.95 0.13
2458498.2278073 10.92 0.13
2458498.2279809 11.04 0.14
2458498.2281545 10.80 0.12
2458498.2283281 10.87 0.12
2458498.2288489 10.99 0.14
2458498.2290225 10.90 0.13
2458498.2305850 10.98 0.14
2458498.2307586 11.05 0.15
2458498.2311059 10.91 0.13
2458498.2312795 11.08 0.15
2458498.2314531 10.99 0.14
2458498.2316267 10.84 0.12
2458498.2319750 10.97 0.14
2458498.2324954 10.89 0.13
2458498.2326688 10.91 0.13
2458498.2328422 10.89 0.13
2458498.2330157 10.94 0.13
2458498.2331892 11.04 0.15
2458498.2338836 11.00 0.14
2458498.2340572 10.91 0.13
2458498.2345781 11.04 0.15
2458498.2347517 10.90 0.13
2458498.2349253 10.87 0.13
2458498.2350989 10.92 0.13
2458498.2352725 11.07 0.15
2458498.2364878 10.92 0.13
2458498.2366614 10.83 0.12
2458498.2370086 10.81 0.12
2458498.2383975 10.89 0.13
2458498.2387447 10.83 0.13
2458498.2396128 10.84 0.13
2458498.2399600 11.04 0.15
2458498.2425642 11.14 0.16
2458498.2436073 11.03 0.15
2458498.2437807 11.13 0.16
2458498.2449948 11.06 0.15
2458498.2453420 10.82 0.12
2458498.2460364 10.94 0.14
2458498.2462100 11.14 0.16
2458498.2474253 10.96 0.14
2458498.2477725 11.02 0.15
2458498.2482934 11.04 0.15
2458498.2484670 11.05 0.15
2458498.2491614 10.98 0.14
2458498.2495086 10.97 0.14
2458498.2503767 11.06 0.15
2458498.2512448 11.00 0.15
2458498.2514184 10.83 0.13
2458498.2521128 10.83 0.13
2458498.2533281 11.00 0.15
2458498.2540225 10.85 0.13
2458498.2547170 10.92 0.14
2458498.2555863 11.02 0.15
2458498.2564535 10.87 0.13
2458498.2573211 11.01 0.15
2458498.2580156 11.08 0.16
2458498.2585364 10.96 0.15
2458498.2587100 10.99 0.16
2458498.2588836 11.15 0.17
2458498.2592309 11.04 0.16
2458498.2595781 11.05 0.16
2458498.2604461 10.99 0.15
2458498.2618350 10.93 0.14
2458498.2621822 10.99 0.15
2458498.2625295 10.95 0.14
2458498.2627031 11.01 0.12
2458498.2628767 11.08 0.13
2458498.2630503 11.13 0.14
2458498.2632239 10.96 0.12
2458498.2633975 10.99 0.12
2458498.2635711 10.93 0.11
2458498.2637447 11.13 0.14
2458498.2639184 11.23 0.15
2458498.2640920 11.17 0.15
2458498.2642656 11.16 0.14
2458498.2644392 11.14 0.14
2458498.2646128 10.88 0.11
2458498.2647864 11.10 0.14
2458498.2649600 11.05 0.13
2458498.2651336 10.94 0.12
2458498.2653072 11.01 0.13
2458498.2654809 10.99 0.13
2458498.2656545 10.81 0.11
2458498.2660017 11.19 0.15
2458498.2661753 11.02 0.13
2458498.2663489 10.87 0.11
2458498.2665225 11.11 0.14
2458498.2666961 10.97 0.12
2458498.2670434 11.05 0.13
2458498.2673906 10.96 0.12
2458498.2675655 11.12 0.14
2458498.2677389 11.12 0.14
2458498.2679124 11.10 0.14
2458498.2680858 10.93 0.12
2458498.2682593 11.23 0.15
2458498.2686062 11.15 0.14
2458498.2687796 10.86 0.11
2458498.2689531 11.10 0.13
2458498.2691267 11.17 0.14
2458498.2693003 10.75 0.10
2458498.2694739 11.02 0.12
2458498.2696475 11.12 0.14
2458498.2698211 10.83 0.10
2458498.2699947 11.12 0.14
2458498.2701684 11.08 0.13
2458498.2703420 10.92 0.11
2458498.2705156 11.09 0.13
2458498.2706892 11.07 0.13
2458498.2708628 10.86 0.11
2458498.2710364 10.99 0.12
2458498.2712100 11.03 0.13
2458498.2713836 11.14 0.14
2458498.2715572 11.11 0.14
2458498.2717309 11.12 0.14
2458498.2719045 10.98 0.12
2458498.2720781 11.02 0.13
2458498.2722517 11.06 0.13
2458498.2724253 10.92 0.11
2458498.2725989 11.05 0.13
2458498.2727725 10.87 0.11
2458498.2729461 10.95 0.12
2458498.2731197 11.19 0.14
2458498.2732934 10.99 0.12
2458498.2734670 10.96 0.12
2458498.2738142 11.00 0.12
2458498.2739878 11.08 0.13
2458498.2741614 11.10 0.13
2458498.2743350 11.01 0.12
2458498.2745086 11.09 0.13
2458498.2746823 10.95 0.11
2458498.2748559 11.07 0.13
2458498.2750295 11.09 0.13
2458498.2752031 10.95 0.11
2458498.2753767 11.20 0.15
2458498.2755503 10.96 0.12
2458498.2757239 11.16 0.14
2458498.2758975 11.21 0.15
2458498.2760711 11.23 0.15
2458498.2762448 11.08 0.13
2458498.2764184 11.14 0.14
2458498.2765920 11.12 0.14
2458498.2767656 11.10 0.14
2458498.2769392 10.94 0.12
2458498.2771128 11.10 0.13
2458498.2772864 10.95 0.12
2458498.2774600 10.93 0.11
2458498.2776336 10.97 0.12
2458498.2778072 11.05 0.13
2458498.2779809 11.00 0.12
2458498.2781545 11.04 0.13
2458498.2783281 10.89 0.11
2458498.2785017 11.00 0.12
2458498.2786753 11.15 0.14
2458498.2788489 10.90 0.11
2458498.2790225 10.88 0.11
2458498.2791961 10.93 0.12
2458498.2795448 10.99 0.12
2458498.2798916 11.04 0.13
2458498.2800651 10.91 0.11
2458498.2802385 11.10 0.13
2458498.2804120 11.04 0.13
2458498.2805854 11.17 0.15
2458498.2807589 11.14 0.14
2458498.2811059 10.97 0.12
2458498.2812795 10.93 0.12
2458498.2814531 11.05 0.13
2458498.2816267 11.06 0.13
2458498.2818003 11.05 0.13
2458498.2819739 10.87 0.11
2458498.2821475 10.99 0.12
2458498.2823211 10.91 0.11
2458498.2824948 11.17 0.15
2458498.2826684 10.91 0.11
2458498.2830156 11.04 0.13
2458498.2831892 11.07 0.13
2458498.2833628 11.09 0.14
2458498.2837100 10.88 0.11
2458498.2838836 10.95 0.12
2458498.2840573 10.93 0.12
2458498.2842309 10.94 0.12
2458498.2844045 11.12 0.14
2458498.2845781 11.00 0.12
2458498.2847517 11.02 0.12
2458498.2849253 10.88 0.11
2458498.2850989 10.93 0.12
2458498.2852725 10.99 0.12
2458498.2854461 11.14 0.14
2458498.2856197 10.92 0.12
2458498.2857934 10.95 0.12
2458498.2859670 11.01 0.13
2458498.2861406 11.18 0.15
2458498.2863142 11.06 0.13
2458498.2864878 11.15 0.14
2458498.2866614 10.99 0.12
2458498.2868350 11.18 0.15
2458498.2870086 11.09 0.14
2458498.2871822 11.05 0.13
2458498.2873559 10.93 0.12
2458498.2877031 11.14 0.14
2458498.2878767 10.75 0.10
2458498.2882239 10.94 0.12
2458498.2883975 11.27 0.16
2458498.2885711 11.00 0.13
2458498.2887447 10.89 0.11
2458498.2889184 11.17 0.15
2458498.2890920 11.03 0.13
2458498.2892656 11.02 0.13
2458498.2894392 11.00 0.13
2458498.2897864 10.83 0.11
2458498.2899600 11.00 0.13
2458498.2901336 11.18 0.15
2458498.2903073 11.26 0.16
2458498.2904809 11.05 0.13
2458498.2906545 11.00 0.13
2458498.2908281 11.28 0.16
2458498.2910017 11.21 0.15
2458498.2911753 10.99 0.12
2458498.2913489 10.95 0.12
2458498.2915239 11.04 0.13
2458498.2916974 11.04 0.13
2458498.2918708 11.02 0.13
2458498.2922177 11.15 0.14
2458498.2923912 11.24 0.16
2458498.2925646 11.11 0.14
2458498.2927381 11.01 0.13
2458498.2929115 11.02 0.13
2458498.2930850 10.98 0.12
2458498.2932586 11.02 0.13
2458498.2934322 10.98 0.13
2458498.2936059 11.08 0.14
2458498.2937795 11.05 0.13
2458498.2939531 11.03 0.13
2458498.2943003 11.13 0.14
2458498.2946475 10.93 0.13
2458498.2951684 10.91 0.12
2458498.2955156 10.97 0.12
2458498.2958628 11.03 0.13
2458498.2960364 11.04 0.13
2458498.2962100 10.94 0.12
2458498.2963836 11.03 0.13
2458498.2965572 11.10 0.14
2458498.2967309 10.96 0.12
2458498.2970781 11.12 0.14
2458498.2972517 11.09 0.13
2458498.2974253 11.04 0.13
2458498.2975989 10.97 0.12
2458498.2977725 11.12 0.14
2458498.2979461 11.05 0.13
2458498.2981198 11.16 0.14
2458498.2984670 11.19 0.15
2458498.2986406 10.98 0.12
2458498.2989878 11.08 0.14
2458498.2993350 11.08 0.14
2458498.2996823 11.19 0.15
2458498.2998559 11.15 0.15
2458498.3000295 10.89 0.12
2458498.3002031 11.13 0.14
2458498.3003767 10.95 0.12
2458498.3005503 11.03 0.13
2458498.3007239 11.10 0.14
2458498.3008975 11.18 0.15
2458498.3010711 11.18 0.15
2458498.3012447 11.02 0.13
2458498.3014184 11.14 0.14
2458498.3015920 10.98 0.12
2458498.3017656 10.99 0.13
2458498.3021128 11.08 0.14
2458498.3024600 11.22 0.15
2458498.3028072 10.88 0.11
2458498.3029809 11.09 0.14
2458498.3031545 11.05 0.13
2458498.3033281 10.93 0.12
2458498.3035017 10.88 0.11
2458498.3036766 11.09 0.14
2458498.3038500 11.08 0.13
2458498.3040235 11.13 0.14
2458498.3041969 11.26 0.16
2458498.3043703 11.06 0.13
2458498.3045438 11.18 0.15
2458498.3048907 11.17 0.15
2458498.3052378 10.81 0.11
2458498.3055850 11.28 0.16
2458498.3059323 11.13 0.14
2458498.3061059 10.98 0.12
2458498.3062795 11.19 0.15
2458498.3064531 11.07 0.14
2458498.3066267 11.00 0.13
2458498.3068003 11.19 0.15
2458498.3069739 11.04 0.13
2458498.3071475 11.04 0.13
2458498.3074948 11.25 0.16
2458498.3076684 11.09 0.14
2458498.3078420 11.08 0.14
2458498.3080156 11.16 0.15
2458498.3085364 11.11 0.14
2458498.3087100 11.17 0.15
2458498.3088836 10.87 0.11
2458498.3090572 10.90 0.12
2458498.3092309 10.99 0.13
2458498.3094045 11.10 0.14
2458498.3095781 11.06 0.13
2458498.3097517 11.04 0.13
2458498.3100989 11.10 0.14
2458498.3102725 11.08 0.14
2458498.3106197 10.94 0.12
2458498.3111406 10.93 0.12
2458498.3113142 11.08 0.14
2458498.3114878 11.24 0.16
2458498.3121822 11.02 0.13
2458498.3123559 10.97 0.12
2458498.3127031 11.20 0.15
2458498.3128767 11.17 0.15
2458498.3132239 11.06 0.14
2458498.3133975 11.10 0.14
2458498.3135711 11.04 0.13
2458498.3139184 11.10 0.14
2458498.3146128 10.88 0.12
2458498.3147864 11.18 0.15
2458498.3153073 11.24 0.16
2458498.3154809 11.08 0.14
2458498.3158292 11.21 0.16
2458498.3160027 11.05 0.14
2458498.3161761 11.11 0.14
2458498.3163496 11.24 0.16
2458498.3166965 11.14 0.15
2458498.3173906 10.96 0.13
2458498.3179114 11.20 0.16
2458498.3180850 11.07 0.14
2458500.2355966 10.87 0.15
2458500.2368119 10.94 0.16
2458500.2439299 10.96 0.16
2458500.2467077 10.80 0.13
2458500.2543466 10.99 0.16
2458500.2553883 10.87 0.14
2458500.2562563 10.97 0.15
2458500.2578188 10.97 0.16
2458500.2597285 10.96 0.15
2458500.2630272 10.84 0.13
2458500.2633744 10.86 0.13
2458500.2682355 10.87 0.13
2458500.2699716 10.99 0.15
2458500.2720549 10.86 0.13
2458500.2722285 10.93 0.14
2458500.2724022 11.06 0.16
2458500.2725758 11.01 0.15
2458500.2730966 11.03 0.15
2458500.2743119 10.87 0.14
2458500.2744855 11.08 0.16
2458500.2748327 10.95 0.14
2458500.2751799 11.03 0.15
2458500.2753535 11.14 0.17
2458500.2757008 10.95 0.14
2458500.2758744 11.02 0.15
2458500.2762216 11.14 0.17
2458500.2763952 10.93 0.14
2458500.2779577 11.00 0.15
2458500.2783049 10.89 0.14
2458500.2812568 10.95 0.14
2458500.2817772 11.11 0.17
2458500.2819508 10.88 0.13
2458500.2821244 11.00 0.15
2458500.2831660 10.95 0.14
2458500.2852494 10.95 0.14
2458500.2857702 10.99 0.15
2458500.2862911 10.99 0.15
2458500.2880272 10.88 0.13
2458500.2885480 10.90 0.13
2458500.2892424 11.01 0.15
2458500.2895897 11.03 0.15
2458500.2899369 11.07 0.16
2458500.2901105 11.18 0.17
2458500.2908049 11.03 0.15
2458500.2909785 10.96 0.14
2458500.2914994 11.11 0.16
2458500.2916730 10.86 0.12
2458500.2921938 11.03 0.15
2458500.2934095 10.99 0.14