2458467.3668514 9.89 0.05
2458467.3670250 10.05 0.06
2458467.3673723 9.92 0.06
2458467.3675459 9.92 0.05
2458467.3677195 9.95 0.06
2458467.3678931 9.97 0.06
2458467.3680667 9.89 0.05
2458467.3682403 9.96 0.06
2458467.3684139 9.98 0.06
2458467.3685875 9.84 0.05
2458467.3687611 9.91 0.05
2458467.3689347 9.86 0.05
2458467.3691084 9.93 0.06
2458467.3692820 9.97 0.06
2458467.3694556 9.83 0.05
2458467.3696292 9.95 0.06
2458467.3698028 10.05 0.06
2458467.3699764 9.92 0.05
2458467.3701500 9.87 0.05
2458467.3703236 10.02 0.06
2458467.3704972 9.91 0.05
2458467.3706709 9.86 0.05
2458467.3708445 9.95 0.06
2458467.3710181 9.96 0.06
2458467.3711917 9.87 0.05
2458467.3713653 10.01 0.06
2458467.3715389 9.94 0.06
2458467.3717125 9.98 0.06
2458467.3718861 9.97 0.06
2458467.3720598 9.85 0.05
2458467.3722334 9.89 0.05
2458467.3724070 9.99 0.06
2458467.3725806 9.88 0.05
2458467.3727542 9.99 0.06
2458467.3729278 9.99 0.06
2458467.3731014 9.90 0.05
2458467.3732750 9.83 0.05
2458467.3734486 9.92 0.06
2458467.3736223 9.97 0.06
2458467.3737959 9.87 0.05
2458467.3739695 10.08 0.06
2458467.3741431 9.87 0.05
2458467.3743167 9.91 0.06
2458467.3744903 10.01 0.06
2458467.3746639 9.87 0.05
2458467.3748375 9.92 0.06
2458467.3750111 10.00 0.06
2458467.3751848 9.91 0.05
2458467.3753584 9.95 0.06
2458467.3755332 9.88 0.05
2458467.3757067 9.85 0.05
2458467.3758801 9.97 0.06
2458467.3760536 9.95 0.06
2458467.3762270 9.89 0.05
2458467.3764005 10.03 0.06
2458467.3765739 10.06 0.06
2458467.3767473 9.89 0.05
2458467.3769209 10.02 0.06
2458467.3770945 10.01 0.06
2458467.3772681 10.00 0.06
2458467.3774417 9.96 0.06
2458467.3776153 9.96 0.06
2458467.3777889 10.05 0.06
2458467.3779625 9.97 0.06
2458467.3781361 9.91 0.06
2458467.3783097 9.91 0.06
2458467.3784834 9.93 0.06
2458467.3786570 9.91 0.06
2458467.3788306 9.98 0.06
2458467.3790042 9.91 0.06
2458467.3791778 10.01 0.06
2458467.3793514 10.01 0.06
2458467.3795250 10.08 0.06
2458467.3796986 9.91 0.06
2458467.3798723 10.00 0.06
2458467.3800459 9.91 0.06
2458467.3802195 9.92 0.06
2458467.3803931 9.98 0.06
2458467.3805667 9.97 0.06
2458467.3807403 9.93 0.06
2458467.3809139 9.94 0.06
2458467.3810875 10.00 0.06
2458467.3812611 10.02 0.06
2458467.3814348 10.04 0.06
2458467.3816084 9.98 0.06
2458467.3817820 10.03 0.06
2458467.3819556 9.92 0.06
2458467.3821292 9.98 0.06
2458467.3823028 9.98 0.06
2458467.3824764 9.96 0.06
2458467.3826500 9.95 0.06
2458467.3828236 9.92 0.06
2458467.3829973 9.88 0.05
2458467.3831709 10.04 0.06
2458467.3833445 9.99 0.06
2458467.3835181 9.96 0.06
2458467.3836917 9.99 0.06
2458467.3838653 9.93 0.06
2458467.3840389 10.00 0.06
2458467.3842125 9.86 0.05
2458467.3843861 9.93 0.06
2458467.3845597 10.03 0.06
2458467.3847334 9.98 0.06
2458467.3849070 9.86 0.05
2458467.3850806 9.95 0.06
2458467.3852542 9.92 0.06
2458467.3854278 9.85 0.05
2458467.3856014 9.92 0.06
2458467.3857750 9.94 0.06
2458467.3859486 9.92 0.06
2458467.3861222 9.89 0.06
2458467.3862959 9.85 0.05
2458467.3864695 10.00 0.06
2458467.3866431 9.95 0.06
2458467.3868167 9.97 0.06
2458467.3869903 9.90 0.06
2458467.3871639 9.97 0.06
2458467.3873389 9.87 0.05
2458467.3875123 10.03 0.06
2458467.3876858 9.99 0.06
2458467.3878592 9.83 0.05
2458467.3880327 9.88 0.05
2458467.3882061 9.95 0.06
2458467.3883795 9.94 0.06
2458467.3885530 9.96 0.06
2458467.3887264 9.91 0.06
2458467.3889000 9.85 0.05
2458467.3890736 9.96 0.06
2458467.3892473 9.87 0.05
2458467.3894209 9.87 0.05
2458467.3895945 9.93 0.06
2458467.3897681 9.91 0.06
2458467.3899417 9.89 0.06
2458467.3901153 9.89 0.06
2458467.3902889 9.92 0.06
2458467.3904625 9.85 0.05
2458467.3906361 9.93 0.06
2458467.3908098 9.98 0.06
2458467.3909834 9.98 0.06
2458467.3911570 10.07 0.06
2458467.3913306 9.97 0.06
2458467.3915042 9.93 0.06
2458467.3916778 9.84 0.05
2458467.3918514 9.94 0.06
2458467.3920250 9.97 0.06
2458467.3921986 9.93 0.06
2458467.3923722 9.90 0.06
2458467.3925459 10.03 0.06
2458467.3927195 9.97 0.06
2458467.3928931 9.94 0.06
2458467.3930667 9.86 0.05
2458467.3932403 9.92 0.06
2458467.3934139 9.93 0.06
2458467.3935875 9.89 0.06
2458467.3937611 9.84 0.05
2458467.3939347 9.92 0.06
2458467.3941084 9.97 0.06
2458467.3942820 10.05 0.06
2458467.3944556 9.95 0.06
2458467.3946292 10.15 0.07
2458467.3948028 9.94 0.06
2458467.3949764 9.97 0.06
2458467.3951500 9.98 0.06
2458467.3953236 10.03 0.06
2458467.3954973 10.00 0.06
2458467.3956709 9.96 0.06
2458467.3958445 10.04 0.06
2458467.3960181 9.95 0.06
2458467.3961917 9.89 0.06
2458467.3963653 10.12 0.07
2458467.3965389 9.97 0.06
2458467.3967125 9.97 0.06
2458467.3968861 9.98 0.06
2458467.3970598 9.91 0.06
2458467.3972334 9.97 0.06
2458467.3974070 10.03 0.06
2458467.3975806 10.06 0.06
2458467.3977542 9.97 0.06
2458467.3979278 10.06 0.06
2458467.3981014 9.93 0.06
2458467.3982750 9.89 0.06
2458467.3984486 10.02 0.06
2458467.3986223 10.06 0.06
2458467.3987959 10.04 0.06
2458467.3989695 9.96 0.06
2458467.3991431 9.93 0.06
2458467.3993180 9.98 0.06
2458467.3994914 9.97 0.06
2458467.3996649 10.01 0.06
2458467.3998383 10.02 0.06
2458467.4000118 9.94 0.06
2458467.4001852 9.96 0.06
2458467.4003586 9.97 0.06
2458467.4005321 9.94 0.06
2458467.4007056 9.94 0.06
2458467.4008792 10.05 0.06
2458467.4010528 10.00 0.06
2458467.4012264 9.97 0.06
2458467.4014000 9.99 0.06
2458467.4015736 9.99 0.06
2458467.4017472 9.93 0.06
2458467.4019209 9.98 0.06
2458467.4020945 9.90 0.06
2458467.4022681 9.99 0.06
2458467.4024417 9.97 0.06
2458467.4026153 9.99 0.06
2458467.4027889 9.94 0.06
2458467.4029625 10.05 0.06
2458467.4031361 9.93 0.06
2458467.4033098 10.00 0.06
2458467.4034834 9.93 0.06
2458467.4036570 9.97 0.06
2458467.4038306 9.93 0.06
2458467.4040042 10.00 0.06
2458467.4041778 9.95 0.06
2458467.4043514 9.96 0.06
2458467.4045250 10.03 0.06
2458467.4046986 10.19 0.07
2458467.4048723 10.02 0.06
2458467.4050459 9.94 0.06
2458467.4052195 9.93 0.06
2458467.4053931 10.06 0.07
2458467.4055667 10.03 0.06
2458467.4057403 10.02 0.06
2458467.4059139 10.00 0.06
2458467.4060875 9.88 0.06
2458467.4062611 10.01 0.06
2458467.4064348 9.99 0.06
2458467.4066084 10.00 0.06
2458467.4067820 9.98 0.06
2458467.4069556 10.08 0.07
2458467.4071292 9.90 0.06
2458467.4073028 10.05 0.06
2458467.4074764 10.03 0.06
2458467.4076500 9.98 0.06
2458467.4078236 10.06 0.07
2458467.4079972 10.00 0.06
2458467.4081709 10.00 0.06
2458467.4083445 10.16 0.07
2458467.4086917 9.94 0.06
2458467.4088653 9.97 0.06
2458467.4090389 10.05 0.07
2458467.4092125 9.88 0.06
2458467.4093861 9.97 0.06
2458467.4095597 9.95 0.06
2458467.4097334 9.97 0.06
2458467.4099070 9.89 0.06
2458467.4100806 9.92 0.06
2458467.4102542 9.97 0.06
2458467.4104278 10.00 0.06
2458467.4106014 9.89 0.06
2458467.4107750 9.99 0.06
2458467.4109486 9.94 0.06
2458467.4111236 9.96 0.06
2458467.4112971 9.95 0.06
2458467.4114705 9.97 0.06
2458467.4116440 9.91 0.06
2458467.4118174 9.93 0.06
2458467.4119908 9.90 0.06
2458467.4121643 9.87 0.06
2458467.4123377 10.04 0.06
2458467.4125112 9.89 0.06
2458467.4126848 9.90 0.06
2458467.4128584 10.03 0.06
2458467.4130320 9.95 0.06
2458467.4132056 9.90 0.06
2458467.4133792 9.87 0.06
2458467.4135528 9.99 0.06
2458467.4137264 9.94 0.06
2458467.4139000 9.94 0.06
2458467.4140736 9.96 0.06
2458467.4142473 9.94 0.06
2458467.4144209 9.87 0.06
2458467.4145945 10.02 0.06
2458467.4147681 9.96 0.06
2458467.4149417 9.95 0.06
2458467.4151153 9.97 0.06
2458467.4152889 9.84 0.05
2458467.4154625 9.89 0.06
2458467.4156361 9.90 0.06
2458467.4158097 9.99 0.06
2458467.4159834 9.97 0.06
2458467.4161570 9.83 0.05
2458467.4163306 9.86 0.06
2458467.4165042 9.94 0.06
2458467.4166778 9.92 0.06
2458467.4168514 9.95 0.06
2458467.4170250 9.87 0.06
2458467.4171986 9.93 0.06
2458467.4173722 10.01 0.06
2458467.4175459 10.00 0.06
2458467.4177195 10.05 0.07
2458467.4178931 9.98 0.06
2458467.4180667 10.00 0.06
2458467.4182403 9.96 0.06
2458467.4184139 9.91 0.06
2458467.4185875 9.91 0.06
2458467.4187611 9.89 0.06
2458467.4189348 9.92 0.06
2458467.4191084 10.06 0.07
2458467.4192820 9.95 0.06
2458467.4194556 9.90 0.06
2458467.4196292 9.91 0.06
2458467.4198028 10.01 0.07
2458467.4199764 9.84 0.06
2458467.4201500 9.96 0.06
2458467.4203236 9.94 0.06
2458467.4204973 9.88 0.06
2458467.4206709 9.96 0.06
2458469.3667865 9.95 0.04
2458469.3670135 10.02 0.04
2458469.3671871 9.97 0.04
2458469.3673607 9.92 0.04
2458469.3675343 9.95 0.04
2458469.3677079 9.90 0.04
2458469.3678815 10.01 0.04
2458469.3680551 9.93 0.04
2458469.3682287 9.91 0.04
2458469.3684023 9.97 0.04
2458469.3685760 10.00 0.04
2458469.3687496 9.96 0.04
2458469.3689232 9.95 0.04
2458469.3690968 9.94 0.04
2458469.3692704 9.99 0.04
2458469.3694440 9.97 0.04
2458469.3696176 9.96 0.04
2458469.3697912 9.99 0.04
2458469.3699648 9.97 0.04
2458469.3701384 9.87 0.04
2458469.3703121 10.01 0.04
2458469.3704857 9.99 0.04
2458469.3706593 9.93 0.04
2458469.3708329 9.93 0.04
2458469.3710065 9.94 0.04
2458469.3711801 9.94 0.04
2458469.3713537 9.91 0.04
2458469.3715273 9.93 0.04
2458469.3717009 9.93 0.04
2458469.3718746 10.03 0.05
2458469.3720482 9.90 0.04
2458469.3722218 9.93 0.04
2458469.3723954 9.91 0.04
2458469.3725690 9.89 0.04
2458469.3727426 9.84 0.04
2458469.3729162 10.00 0.04
2458469.3730898 9.90 0.04
2458469.3732635 9.92 0.04
2458469.3734371 9.89 0.04
2458469.3736107 10.00 0.04
2458469.3737843 10.00 0.04
2458469.3739579 9.90 0.04
2458469.3741315 9.99 0.04
2458469.3743051 9.92 0.04
2458469.3744787 9.96 0.04
2458469.3746524 9.91 0.04
2458469.3748260 9.95 0.04
2458469.3749996 9.94 0.04
2458469.3751732 9.93 0.04
2458469.3753468 9.95 0.04
2458469.3755204 9.92 0.04
2458469.3756940 9.95 0.04
2458469.3758676 9.92 0.04
2458469.3760425 9.93 0.04
2458469.3762159 9.90 0.04
2458469.3763894 9.89 0.04
2458469.3765628 10.06 0.05
2458469.3767363 9.98 0.04
2458469.3769097 9.95 0.04
2458469.3770832 9.94 0.04
2458469.3772566 9.90 0.04
2458469.3774301 9.92 0.04
2458469.3776037 9.88 0.04
2458469.3777773 9.88 0.04
2458469.3779510 9.89 0.04
2458469.3781246 10.04 0.05
2458469.3782982 9.92 0.04
2458469.3784718 9.96 0.04
2458469.3786454 9.92 0.04
2458495.1342424 9.98 0.08
2458495.1344161 9.94 0.08
2458495.1345897 9.92 0.08
2458495.1347646 9.92 0.08
2458495.1349380 10.05 0.09
2458495.1351115 9.98 0.09
2458495.1352849 9.77 0.07
2458495.1354584 10.13 0.10
2458495.1356318 10.00 0.09
2458495.1358052 9.99 0.08
2458495.1359787 9.92 0.08
2458495.1361522 10.01 0.09
2458495.1363258 9.91 0.08
2458495.1364994 9.90 0.08
2458495.1366730 9.99 0.08
2458495.1368466 10.07 0.09
2458495.1370202 9.88 0.08
2458495.1371938 10.01 0.08
2458495.1373674 9.85 0.07
2458495.1375410 9.84 0.07
2458495.1377147 9.99 0.08
2458495.1378883 10.01 0.09
2458495.1380619 10.06 0.09
2458495.1382355 9.82 0.07
2458495.1384091 9.98 0.08
2458495.1385827 9.88 0.08
2458495.1387563 9.98 0.08
2458495.1389299 9.86 0.07
2458495.1391035 10.09 0.09
2458495.1392772 9.81 0.07
2458495.1394508 9.97 0.08
2458495.1396244 9.84 0.07
2458495.1397980 9.86 0.07
2458495.1399716 10.00 0.08
2458495.1401452 9.90 0.08
2458495.1403188 9.89 0.08
2458495.1404924 9.85 0.07
2458495.1406661 9.76 0.07
2458495.1408397 9.93 0.08
2458495.1410133 9.88 0.07
2458495.1411869 10.00 0.08
2458495.1413605 10.04 0.09
2458495.1415341 9.77 0.07
2458495.1417077 9.94 0.08
2458495.1418813 9.97 0.08
2458495.1420549 9.92 0.08
2458495.1422286 9.80 0.07
2458495.1424022 9.88 0.08
2458495.1425758 9.92 0.08
2458495.1427494 9.88 0.08
2458495.1429230 9.85 0.07
2458495.1430966 9.87 0.07
2458495.1432702 9.85 0.07
2458495.1434438 9.90 0.08
2458495.1436174 9.89 0.08
2458495.1437911 9.91 0.08
2458495.1439647 9.84 0.07
2458495.1441383 9.96 0.08
2458495.1443119 9.89 0.08
2458495.1444855 9.95 0.08
2458495.1446591 9.80 0.07
2458495.1448327 9.82 0.07
2458495.1450063 9.89 0.08
2458495.1451799 9.92 0.08
2458495.1453535 9.86 0.07
2458495.1455272 9.84 0.07
2458495.1457008 10.01 0.08
2458495.1458744 9.99 0.08
2458495.1460480 9.90 0.08
2458495.1462216 9.85 0.07
2458495.1463952 9.96 0.08
2458495.1465688 9.85 0.07
2458495.1467438 9.97 0.08
2458495.1469172 9.95 0.08
2458495.1470907 9.74 0.07
2458495.1472641 9.88 0.08
2458495.1474375 9.93 0.08
2458495.1476110 9.96 0.08
2458495.1477844 9.98 0.08
2458495.1479579 9.94 0.08
2458495.1481313 9.98 0.08
2458495.1483049 9.98 0.08
2458495.1484786 9.83 0.07
2458495.1486522 9.89 0.08
2458495.1488258 9.97 0.08
2458495.1489994 9.95 0.08
2458495.1491730 9.84 0.07
2458495.1493466 9.89 0.07
2458495.1495202 9.94 0.08
2458495.1496938 9.98 0.08
2458495.1498674 9.89 0.07
2458495.1500411 9.90 0.08
2458495.1502147 9.92 0.08
2458495.1503883 9.96 0.08
2458495.1505619 9.86 0.07
2458495.1507355 9.87 0.07
2458495.1510827 9.97 0.08
2458495.1512563 9.85 0.07
2458495.1514299 9.81 0.07
2458495.1516036 10.07 0.09
2458495.1517772 9.85 0.07
2458495.1519508 10.10 0.09
2458495.1521244 9.97 0.08
2458495.1522980 9.94 0.08
2458495.1524716 9.89 0.07
2458495.1526452 9.89 0.08
2458495.1528188 9.94 0.08
2458495.1529924 9.84 0.07
2458495.1531660 9.87 0.07
2458495.1533397 9.95 0.08
2458495.1535133 9.87 0.07
2458495.1536869 10.02 0.09
2458495.1538605 9.89 0.07
2458495.1540341 9.99 0.08
2458495.1542077 9.93 0.08
2458495.1543813 10.00 0.08
2458495.1545549 9.97 0.08
2458495.1547285 9.88 0.07
2458495.1549022 9.90 0.07
2458495.1550758 9.89 0.07
2458495.1552494 10.02 0.08
2458495.1554230 9.92 0.08
2458495.1555966 9.99 0.08
2458495.1557702 9.85 0.07
2458495.1559438 9.79 0.07
2458495.1561174 9.83 0.07
2458495.1562911 9.89 0.07
2458495.1564647 9.89 0.07
2458495.1566383 9.88 0.07
2458495.1568119 9.97 0.08
2458495.1569855 9.85 0.07
2458495.1571591 9.78 0.07
2458495.1573327 10.02 0.08
2458495.1575063 9.89 0.07
2458495.1576799 10.02 0.08
2458495.1578536 9.84 0.07
2458495.1580272 9.84 0.07
2458495.1582008 9.87 0.07
2458495.1583744 9.90 0.07
2458495.1585480 9.87 0.07
2458495.1587230 9.99 0.08
2458495.1588964 9.99 0.08
2458495.1590699 9.94 0.08
2458495.1592433 9.86 0.07
2458495.1594167 9.86 0.07
2458495.1595902 9.89 0.07
2458495.1597636 9.78 0.07
2458495.1599371 9.81 0.07
2458495.1601105 9.90 0.07
2458495.1602841 9.80 0.07
2458495.1604577 9.88 0.07
2458495.1606313 10.01 0.08
2458495.1608049 9.95 0.08
2458495.1609785 9.90 0.07
2458495.1611522 9.99 0.08
2458495.1613258 9.79 0.07
2458495.1614994 9.92 0.07
2458495.1616730 9.82 0.07
2458495.1618466 9.86 0.07
2458495.1620202 10.05 0.08
2458495.1621938 9.93 0.08
2458495.1623674 9.85 0.07
2458495.1625410 9.94 0.08
2458495.1627147 9.85 0.07
2458495.1628883 9.82 0.07
2458495.1630619 9.87 0.07
2458495.1632355 9.93 0.08
2458495.1634091 9.88 0.07
2458495.1635827 9.86 0.07
2458495.1637563 9.96 0.08
2458495.1639299 9.91 0.07
2458495.1641036 9.82 0.07
2458495.1642772 9.93 0.08
2458495.1644508 9.80 0.07
2458495.1646244 9.92 0.08
2458495.1647980 9.93 0.08
2458495.1649716 9.87 0.07
2458495.1651452 9.90 0.07
2458495.1653188 10.04 0.08
2458495.1654924 9.85 0.07
2458495.1656660 9.82 0.07
2458495.1658397 9.87 0.07
2458495.1660133 9.92 0.07
2458495.1661869 9.95 0.08
2458495.1663605 9.85 0.07
2458495.1665341 9.99 0.08
2458495.1667077 10.01 0.08
2458495.1668813 10.01 0.08
2458495.1670549 9.98 0.08
2458495.1672285 9.92 0.07
2458495.1674022 9.98 0.08
2458495.1675758 9.87 0.07
2458495.1677494 9.88 0.07
2458495.1679230 9.89 0.07
2458495.1680966 9.79 0.07
2458495.1682702 9.99 0.08
2458495.1684438 9.83 0.07
2458495.1686174 9.94 0.08
2458495.1687910 9.89 0.07
2458495.1689647 9.92 0.08
2458495.1691383 10.05 0.08
2458495.1693119 9.90 0.07
2458495.1694855 9.79 0.07
2458495.1696591 9.95 0.08
2458495.1698327 9.92 0.07
2458495.1700063 10.08 0.09
2458495.1701799 10.05 0.08
2458495.1703535 9.96 0.08
2458495.1705272 9.87 0.07
2458495.1707022 9.80 0.07
2458495.1708756 9.97 0.08
2458495.1710491 9.94 0.07
2458495.1712225 9.99 0.08
2458495.1713960 9.93 0.08
2458495.1715694 9.81 0.07
2458495.1717428 9.99 0.08
2458495.1719163 9.86 0.07
2458495.1720897 9.83 0.07
2458495.1722633 9.93 0.08
2458495.1724369 9.94 0.08
2458495.1726105 9.85 0.07
2458495.1727841 9.93 0.07
2458495.1729577 9.90 0.07
2458495.1731313 9.87 0.07
2458495.1733049 9.84 0.07
2458495.1734786 9.88 0.07
2458495.1736522 9.82 0.07
2458495.1738258 9.89 0.07
2458495.1739994 9.90 0.07
2458495.1741730 9.90 0.07
2458495.1743466 9.89 0.07
2458495.1745202 9.96 0.08
2458495.1746938 9.91 0.07
2458495.1748674 9.86 0.07
2458495.1750411 9.87 0.07
2458495.1752147 9.88 0.07
2458495.1753883 9.94 0.07
2458495.1755619 10.07 0.08
2458495.1757355 9.88 0.07
2458495.1759091 9.87 0.07
2458495.1760827 9.81 0.07
2458495.1762563 9.85 0.07
2458495.1764299 9.91 0.07
2458495.1766035 9.93 0.07
2458495.1767772 9.98 0.08
2458495.1769508 9.92 0.07
2458495.1771244 9.91 0.07
2458495.1772980 9.90 0.07
2458495.1774716 9.87 0.07
2458495.1776452 9.85 0.07
2458495.1778188 9.98 0.08
2458495.1779924 9.73 0.06
2458495.1781660 9.98 0.08
2458495.1783397 9.97 0.08
2458495.1785133 9.93 0.07
2458495.1786869 9.91 0.07
2458495.1788605 9.92 0.07
2458495.1790341 9.88 0.07
2458495.1792077 9.85 0.07
2458495.1793813 9.93 0.07
2458495.1795549 10.02 0.08
2458495.1797286 9.92 0.07
2458495.1799022 9.88 0.07
2458495.1800758 9.89 0.07
2458495.1802494 9.83 0.07
2458495.1804230 10.02 0.08
2458495.1805966 9.88 0.07
2458495.1807702 9.99 0.08
2458495.1809438 9.97 0.08
2458495.1811174 10.09 0.08
2458495.1812911 10.01 0.08
2458495.1814647 10.02 0.08
2458495.1816383 10.01 0.08
2458495.1818119 9.93 0.07
2458495.1819855 9.97 0.08
2458495.1821591 9.98 0.08
2458495.1823327 9.95 0.07
2458495.1825063 9.95 0.07
2458495.1826799 10.05 0.08
2458495.1828548 9.96 0.07
2458495.1830283 10.01 0.08
2458495.1832017 9.89 0.07
2458495.1833752 9.95 0.07
2458495.1835486 9.96 0.07
2458495.1837221 10.03 0.08
2458495.1838955 10.03 0.08
2458495.1840689 10.01 0.08
2458495.1842424 9.91 0.07
2458495.1844160 9.89 0.07
2458495.1845897 9.86 0.07
2458495.1847633 9.88 0.07
2458495.1849369 9.86 0.07
2458495.1851105 10.04 0.08
2458495.1852841 10.06 0.08
2458495.1854577 9.87 0.07
2458495.1856313 9.96 0.08
2458495.1858049 10.04 0.08
2458495.1859785 9.84 0.07
2458495.1861522 9.96 0.07
2458495.1863258 10.03 0.08
2458495.1864994 10.04 0.08
2458495.1866730 9.98 0.08
2458495.1868466 9.96 0.07
2458495.1870202 9.92 0.07
2458495.1871938 10.03 0.08
2458495.1873674 9.90 0.07
2458495.1875411 9.87 0.07
2458495.1877147 9.91 0.07
2458495.1878883 9.97 0.07
2458495.1880619 9.85 0.07
2458495.1882355 9.95 0.07
2458495.1884091 10.08 0.08
2458495.1885827 10.01 0.08
2458495.1887563 9.95 0.07
2458495.1889299 10.04 0.08
2458495.1891036 9.97 0.07
2458495.1892772 9.95 0.07
2458495.1894508 9.95 0.07
2458495.1896244 9.95 0.07
2458495.1897980 9.90 0.07
2458495.1899716 9.95 0.07
2458495.1901452 9.97 0.07
2458495.1904924 9.88 0.07
2458495.1906661 9.94 0.07
2458495.1908397 9.99 0.08
2458495.1910133 9.95 0.07
2458495.1911869 9.80 0.06
2458495.1913605 9.92 0.07
2458495.1915341 9.94 0.07
2458495.1917077 9.87 0.07
2458495.1918813 9.98 0.07
2458495.1920549 9.92 0.07
2458495.1922285 9.95 0.07
2458495.1924022 9.88 0.07
2458495.1925758 9.93 0.07
2458495.1927494 9.97 0.07
2458495.1929230 9.86 0.07
2458495.1930966 9.87 0.07
2458495.1932702 9.96 0.07
2458495.1934438 9.84 0.07
2458495.1936174 10.14 0.09
2458495.1937910 10.00 0.07
2458495.1939647 9.90 0.07
2458495.1941383 10.00 0.07
2458495.1943119 9.90 0.07
2458495.1944855 9.90 0.07
2458495.1946591 9.92 0.07
2458495.1948340 9.93 0.07
2458495.1950075 10.09 0.08
2458495.1951809 9.82 0.06
2458495.1953544 9.92 0.07
2458495.1955278 9.90 0.07
2458495.1957013 9.91 0.07
2458495.1958747 9.96 0.07
2458495.1960481 10.05 0.08
2458495.1962216 9.93 0.07
2458495.1963952 10.06 0.08
2458495.1965688 9.95 0.07
2458495.1967424 10.10 0.08
2458495.1969161 9.92 0.07
2458495.1970897 10.06 0.08
2458495.1972633 10.02 0.08
2458495.1974369 9.94 0.07
2458495.1976105 9.99 0.07
2458495.1977841 9.99 0.07
2458495.1979577 9.94 0.07
2458495.1981313 10.06 0.08
2458495.1983049 9.95 0.07
2458495.1984786 10.18 0.09
2458495.1986522 9.96 0.07
2458495.1988258 9.96 0.07
2458495.1989994 9.99 0.07
2458495.1991730 10.11 0.08
2458495.1993466 10.04 0.08
2458495.1995202 9.89 0.07
2458495.1996938 9.98 0.07
2458495.1998674 9.87 0.07
2458495.2000410 9.92 0.07
2458495.2002147 10.02 0.08
2458495.2003883 9.86 0.07
2458495.2005619 10.01 0.08
2458495.2007355 10.01 0.08
2458495.2009091 9.89 0.07
2458495.2010827 10.08 0.08
2458495.2012563 9.92 0.07
2458495.2014299 9.87 0.07
2458495.2016035 10.08 0.08
2458495.2017772 9.94 0.07
2458495.2019508 10.00 0.07
2458495.2021244 9.97 0.07
2458495.2022980 9.96 0.07
2458495.2024716 9.99 0.07
2458495.2026452 9.99 0.07
2458495.2028188 9.93 0.07
2458495.2029924 9.96 0.07
2458495.2031661 9.99 0.07
2458495.2033397 10.02 0.08
2458495.2035133 9.95 0.07
2458495.2036869 9.99 0.07
2458495.2038605 10.03 0.08
2458495.2040341 9.84 0.07
2458495.2042077 9.97 0.07
2458495.2043813 9.90 0.07
2458495.2045549 9.95 0.07
2458495.2047286 9.93 0.07
2458495.2049022 10.01 0.08
2458495.2050758 9.97 0.07
2458495.2052494 9.86 0.07
2458495.2054230 9.87 0.07
2458495.2055966 9.93 0.07
2458495.2057702 9.93 0.07
2458495.2059438 9.91 0.07
2458495.2061174 10.02 0.08
2458495.2062911 9.92 0.07
2458495.2064647 10.04 0.08
2458495.2066383 9.93 0.07
2458495.2068132 9.98 0.07
2458495.2069867 9.96 0.07
2458495.2071601 10.04 0.08
2458495.2073336 9.80 0.06
2458495.2075070 10.11 0.08
2458495.2076805 10.01 0.08
2458495.2078539 9.84 0.07
2458495.2080274 9.99 0.08
2458495.2082008 9.92 0.07
2458495.2083744 9.98 0.07
2458495.2085480 9.90 0.07
2458495.2087216 9.88 0.07
2458495.2088952 9.87 0.07
2458495.2090688 9.98 0.07
2458495.2092424 9.91 0.07
2458495.2094160 9.92 0.07
2458495.2095897 9.92 0.07
2458495.2097633 10.01 0.08
2458495.2099369 9.91 0.07
2458495.2101105 9.92 0.07
2458495.2102841 10.00 0.08
2458495.2104577 9.97 0.07
2458495.2106313 9.89 0.07
2458495.2108049 10.10 0.08
2458495.2109786 9.86 0.07
2458495.2111522 9.90 0.07
2458495.2113258 9.93 0.07
2458495.2114994 10.05 0.08
2458495.2116730 10.06 0.08
2458495.2118466 9.81 0.06
2458495.2120202 9.93 0.07
2458495.2121938 9.93 0.07
2458495.2123674 9.92 0.07
2458495.2125411 9.87 0.07
2458495.2127147 9.98 0.07
2458495.2128883 10.02 0.08
2458495.2130619 10.02 0.08
2458495.2132355 9.89 0.07
2458495.2134091 10.04 0.08
2458495.2135827 9.90 0.07
2458495.2137563 10.08 0.08
2458495.2139299 9.97 0.07
2458495.2141036 10.06 0.08
2458495.2142772 9.96 0.07
2458495.2144508 9.92 0.07
2458495.2146244 9.99 0.07
2458495.2147980 9.99 0.07
2458495.2149716 9.88 0.07
2458495.2151452 10.04 0.08
2458495.2153188 10.06 0.08
2458495.2154924 9.94 0.07
2458495.2156660 10.04 0.08
2458495.2158397 9.99 0.07
2458495.2160133 10.02 0.08
2458495.2161869 10.00 0.07
2458495.2163605 9.99 0.07
2458495.2165341 10.02 0.07
2458495.2167077 10.00 0.07
2458495.2168813 10.08 0.08
2458495.2170549 10.11 0.08
2458495.2172285 9.99 0.07
2458495.2174022 9.99 0.07
2458495.2175758 9.98 0.07
2458495.2177494 9.95 0.07
2458495.2179230 9.96 0.07
2458495.2180966 9.99 0.07
2458495.2182702 9.95 0.07
2458495.2184438 10.00 0.07
2458495.2186174 10.02 0.07
2458495.2187924 9.92 0.07
2458495.2189658 10.00 0.07
2458495.2191393 10.02 0.07
2458495.2193127 9.96 0.07
2458495.2194862 10.03 0.08
2458495.2196596 9.84 0.06
2458495.2198331 10.04 0.08
2458495.2200065 9.95 0.07
2458495.2201799 9.90 0.07
2458495.2203536 10.05 0.08
2458495.2205272 9.95 0.07
2458495.2207008 9.96 0.07
2458495.2208744 9.83 0.06
2458495.2210480 9.96 0.07
2458495.2212216 9.89 0.07
2458495.2213952 9.94 0.07
2458495.2215688 9.85 0.07
2458495.2219161 9.91 0.07
2458495.2220897 9.84 0.06
2458495.2222633 9.95 0.07
2458495.2224369 10.01 0.08
2458495.2226105 9.94 0.07
2458495.2227841 9.96 0.07
2458495.2229577 10.00 0.07
2458495.2231313 10.04 0.08
2458495.2233049 9.94 0.07
2458495.2234785 9.95 0.07
2458495.2236522 9.93 0.07
2458495.2238258 9.93 0.07
2458495.2239994 9.93 0.07
2458495.2241730 9.96 0.07
2458495.2243466 9.89 0.07
2458495.2245202 9.88 0.07
2458495.2246938 9.89 0.07
2458495.2248674 9.86 0.07
2458495.2250410 10.10 0.08
2458495.2252147 9.87 0.07
2458495.2253883 9.85 0.06
2458495.2255619 9.89 0.07
2458495.2257355 9.85 0.06
2458495.2259091 10.03 0.08
2458495.2260827 9.90 0.07
2458495.2262563 10.02 0.08
2458495.2264299 9.90 0.07
2458495.2266036 10.08 0.08
2458495.2267772 10.09 0.08
2458495.2269508 9.88 0.07
2458495.2271244 10.01 0.07
2458495.2272980 9.91 0.07
2458495.2274716 9.89 0.07
2458495.2276452 9.92 0.07
2458495.2278188 9.88 0.07
2458495.2279924 9.92 0.07
2458495.2281661 10.14 0.08
2458495.2283397 9.99 0.07
2458495.2285133 9.92 0.07
2458495.2286869 10.12 0.08
2458495.2288605 9.98 0.07
2458495.2290341 10.04 0.08
2458495.2292077 9.94 0.07
2458495.2293813 9.92 0.07
2458495.2295549 10.04 0.08
2458495.2297286 9.91 0.07
2458495.2299022 9.93 0.07
2458495.2300758 10.03 0.07
2458495.2302494 9.99 0.07
2458495.2304230 9.99 0.07
2458495.2305966 9.99 0.07
2458495.2307716 9.95 0.07
2458495.2309450 9.91 0.07
2458495.2311185 9.95 0.07
2458495.2312919 9.95 0.07
2458495.2314654 9.96 0.07
2458495.2316388 9.99 0.07
2458495.2318122 10.05 0.08
2458495.2319857 10.08 0.08
2458495.2321591 9.94 0.07
2458495.2323327 9.93 0.07
2458495.2325063 9.96 0.07
2458495.2326799 10.04 0.07
2458495.2328535 9.96 0.07
2458495.2330272 9.94 0.07
2458495.2332008 10.09 0.08
2458495.2333744 10.08 0.08
2458495.2335480 9.93 0.07
2458495.2337216 10.00 0.07
2458495.2338952 9.98 0.07
2458495.2340688 9.99 0.07
2458495.2342424 9.98 0.07
2458495.2344161 9.93 0.07
2458495.2345897 9.87 0.06
2458495.2347633 10.01 0.07
2458495.2349369 9.90 0.07
2458495.2351105 10.00 0.07
2458495.2352841 9.99 0.07
2458495.2354577 9.85 0.06
2458495.2356313 9.98 0.07
2458495.2358049 10.00 0.07
2458495.2359785 9.99 0.07
2458495.2361522 9.90 0.07
2458495.2363258 10.05 0.08
2458495.2364994 9.89 0.07
2458495.2366730 9.92 0.07
2458495.2368466 9.95 0.07
2458495.2370202 10.01 0.07
2458495.2371938 10.04 0.07
2458495.2373674 10.00 0.07
2458495.2375411 9.99 0.07
2458495.2377147 9.90 0.07
2458495.2378883 10.00 0.07
2458495.2380619 9.96 0.07
2458495.2382355 9.82 0.06
2458495.2384091 9.92 0.07
2458495.2385827 9.96 0.07
2458495.2387563 9.92 0.07
2458495.2389299 9.98 0.07
2458495.2391035 9.82 0.06
2458495.2392772 9.83 0.06
2458495.2394508 9.82 0.06
2458495.2396244 9.99 0.07
2458495.2397980 9.91 0.07
2458495.2399716 9.85 0.06
2458495.2401452 9.99 0.07
2458495.2403188 9.95 0.07
2458495.2404924 9.96 0.07
2458495.2406660 10.04 0.07
2458495.2408397 9.93 0.07
2458495.2410133 9.93 0.07
2458495.2411869 9.99 0.07
2458495.2413605 10.03 0.07
2458495.2415341 9.93 0.07
2458495.2417077 9.89 0.07
2458495.2418813 9.90 0.06
2458495.2420549 9.87 0.06
2458495.2422286 9.95 0.07
2458495.2424022 9.80 0.06
2458495.2425758 9.97 0.07
2458495.2427508 9.92 0.07
2458495.2429242 9.88 0.06
2458495.2430977 9.82 0.06
2458495.2432711 9.96 0.07
2458495.2434445 10.00 0.07
2458495.2436180 9.98 0.07
2458495.2437914 9.84 0.06
2458495.2439649 9.81 0.06
2458495.2441383 9.92 0.07
2458495.2443119 10.01 0.07
2458495.2444855 10.05 0.07
2458495.2446591 9.86 0.06
2458495.2448327 9.90 0.07
2458495.2450063 9.90 0.06
2458495.2451799 9.90 0.07
2458495.2453536 9.91 0.07
2458495.2455272 9.91 0.07
2458495.2457008 9.91 0.07
2458495.2458744 9.94 0.07
2458495.2460480 9.92 0.07
2458495.2462216 9.96 0.07
2458495.2463952 10.03 0.07
2458495.2465688 9.94 0.07
2458495.2467424 9.98 0.07
2458495.2469160 10.01 0.07
2458495.2470897 9.89 0.06
2458495.2472633 9.98 0.07
2458495.2474369 9.93 0.07
2458495.2476105 9.91 0.06
2458495.2477841 9.84 0.06
2458495.2479577 10.01 0.07
2458495.2481313 9.96 0.07
2458495.2483049 9.93 0.07
2458495.2484785 9.95 0.07
2458495.2486522 9.80 0.06
2458495.2488258 9.91 0.07
2458495.2489994 10.00 0.07
2458495.2491730 9.88 0.06
2458495.2493466 9.93 0.07
2458495.2495202 10.20 0.09
2458495.2496938 9.99 0.07
2458495.2498674 9.97 0.07
2458495.2500411 9.89 0.06
2458495.2502147 9.89 0.06
2458495.2503883 10.04 0.07
2458495.2505619 10.01 0.07
2458495.2507355 9.94 0.07
2458495.2509091 9.91 0.07
2458495.2510827 9.83 0.06
2458495.2512563 9.99 0.07
2458495.2514299 9.95 0.07
2458495.2516036 10.01 0.07
2458495.2517772 9.99 0.07
2458495.2519508 9.95 0.07
2458495.2521244 10.08 0.08
2458495.2522980 10.00 0.07
2458495.2524716 9.95 0.07
2458495.2526452 10.00 0.07
2458495.2528188 9.91 0.07
2458495.2529924 9.96 0.07
2458495.2531661 9.90 0.06
2458495.2533397 9.97 0.07
2458495.2535133 9.92 0.07
2458495.2536869 9.93 0.07
2458495.2538605 10.06 0.08
2458495.2540341 10.04 0.07
2458495.2542077 10.02 0.07
2458495.2543813 9.94 0.07
2458495.2545549 9.96 0.07
2458495.2547300 9.86 0.06
2458495.2549034 9.97 0.07
2458495.2550769 10.02 0.07
2458495.2552503 9.91 0.07
2458495.2554238 9.95 0.07
2458495.2555972 10.02 0.07
2458495.2557706 9.97 0.07
2458495.2559441 10.08 0.08
2458495.2561175 9.93 0.07
2458495.2562910 10.05 0.07
2458495.2564647 9.80 0.06
2458495.2566383 9.92 0.06
2458495.2568119 9.95 0.07
2458495.2569855 9.88 0.06
2458495.2571591 9.96 0.07
2458495.2573327 9.94 0.07
2458495.2575063 9.91 0.06
2458495.2576799 10.00 0.07
2458495.2578536 10.00 0.07
2458495.2580272 10.00 0.07
2458495.2582008 9.86 0.06
2458495.2583744 9.95 0.07
2458495.2585480 9.97 0.07
2458495.2587216 10.02 0.07
2458495.2588952 9.86 0.06
2458495.2590688 9.86 0.06
2458495.2592424 9.90 0.06
2458495.2594161 9.84 0.06
2458495.2595897 9.92 0.06
2458495.2597633 9.95 0.07
2458495.2599369 9.97 0.07
2458495.2601105 9.96 0.07
2458495.2602841 9.99 0.07
2458495.2604577 9.83 0.06
2458495.2606313 10.00 0.07
2458495.2608049 9.87 0.06
2458495.2609786 9.92 0.06
2458495.2611522 10.06 0.07
2458495.2613258 9.94 0.07
2458495.2614994 9.91 0.06
2458495.2616730 9.87 0.06
2458495.2618466 9.95 0.07
2458495.2620202 9.96 0.07
2458495.2621938 9.90 0.06
2458495.2623674 9.87 0.06
2458495.2625410 9.96 0.07
2458495.2627147 9.92 0.06
2458495.2628883 9.92 0.06
2458495.2630619 9.93 0.07
2458495.2632355 9.85 0.06
2458495.2634091 9.87 0.06
2458495.2635827 9.89 0.06
2458495.2637563 9.94 0.07
2458495.2639299 9.88 0.06
2458495.2641035 9.93 0.06
2458495.2642772 9.92 0.06
2458495.2644508 10.05 0.07
2458495.2646244 9.93 0.07
2458495.2647980 9.92 0.07
2458495.2649716 9.99 0.07
2458495.2651452 9.89 0.06
2458495.2653188 9.98 0.07
2458495.2654924 10.03 0.07
2458495.2656661 9.88 0.06
2458495.2658397 9.94 0.07
2458495.2660133 9.98 0.07
2458495.2661869 9.88 0.06
2458495.2663605 9.98 0.07
2458495.2665341 10.05 0.07
2458495.2667077 10.01 0.07
2458495.2668826 9.93 0.06
2458495.2670561 9.93 0.07
2458495.2672295 9.99 0.07
2458495.2674030 10.03 0.07
2458495.2675764 10.06 0.07
2458495.2677498 9.87 0.06
2458495.2679233 9.99 0.07
2458495.2680967 9.83 0.06
2458495.2682702 9.96 0.07
2458495.2684438 9.94 0.06
2458495.2686174 10.05 0.07
2458495.2687911 10.00 0.07
2458495.2689647 10.06 0.07
2458495.2691383 10.05 0.07
2458495.2693119 10.02 0.07
2458495.2694855 10.01 0.07
2458495.2696591 9.95 0.07
2458495.2698327 9.92 0.06
2458495.2700063 10.01 0.07
2458495.2701799 10.09 0.07
2458495.2703535 10.09 0.08
2458495.2705272 9.97 0.07
2458495.2707008 9.90 0.06
2458495.2708744 9.97 0.07
2458495.2710480 10.02 0.07
2458495.2712216 9.99 0.07
2458495.2713952 9.96 0.07
2458495.2715688 10.00 0.07
2458495.2717424 9.98 0.07
2458495.2719160 9.95 0.07
2458495.2720897 9.92 0.06
2458495.2722633 9.88 0.06
2458495.2724369 9.98 0.07
2458495.2726105 9.89 0.06
2458495.2727841 9.89 0.06
2458495.2729577 9.95 0.06
2458495.2731313 9.94 0.06
2458495.2733049 9.91 0.06
2458495.2734786 10.03 0.07
2458495.2736522 9.98 0.07
2458495.2738258 10.00 0.07
2458495.2739994 9.87 0.06
2458495.2741730 9.98 0.07
2458495.2743466 9.92 0.06
2458495.2745202 9.91 0.06
2458495.2746938 9.85 0.06
2458495.2748674 9.98 0.07
2458495.2750411 9.90 0.06
2458495.2752147 9.92 0.06
2458495.2753883 9.92 0.06
2458495.2755619 9.90 0.06
2458495.2757355 10.01 0.07
2458495.2759091 9.98 0.07
2458495.2760827 9.96 0.07
2458495.2762563 9.96 0.07
2458495.2764299 9.98 0.07
2458495.2766036 9.93 0.06
2458495.2767772 10.00 0.07
2458495.2769508 9.85 0.06
2458495.2771244 9.85 0.06
2458495.2772980 9.93 0.06
2458495.2774716 9.99 0.07
2458495.2776452 9.97 0.07
2458495.2778188 9.91 0.06
2458495.2779924 9.93 0.06
2458495.2781660 9.94 0.07
2458495.2783397 9.90 0.06
2458495.2785133 10.01 0.07
2458495.2786869 9.91 0.06
2458495.2788618 9.89 0.06
2458495.2790353 10.00 0.07
2458495.2792087 9.97 0.07
2458495.2793822 9.94 0.06
2458495.2795556 9.93 0.06
2458495.2797290 9.95 0.07
2458495.2799025 9.90 0.06
2458495.2800759 9.93 0.06
2458495.2802494 9.95 0.06
2458495.2804230 10.10 0.07
2458495.2805966 9.82 0.06
2458495.2807702 9.92 0.06
2458495.2809438 10.05 0.07
2458495.2811174 9.97 0.07
2458495.2812911 9.96 0.07
2458495.2814647 9.85 0.06
2458495.2816383 9.94 0.06
2458495.2818119 9.89 0.06
2458495.2819855 9.97 0.07
2458495.2821591 9.92 0.06
2458495.2823327 9.96 0.06
2458495.2825063 9.93 0.06
2458495.2826799 9.90 0.06
2458495.2828536 9.87 0.06
2458495.2830272 9.86 0.06
2458495.2832008 9.89 0.06
2458495.2833744 9.95 0.06
2458495.2835480 9.98 0.06
2458495.2837216 10.03 0.07
2458495.2838952 9.96 0.06
2458495.2840688 9.98 0.07
2458495.2842424 9.96 0.06
2458495.2844161 9.93 0.06
2458495.2845897 9.88 0.06
2458495.2847633 9.95 0.06
2458495.2849369 9.91 0.06
2458495.2851105 9.90 0.06
2458495.2852841 9.94 0.06
2458495.2854577 10.07 0.07
2458495.2856313 9.91 0.06
2458495.2858049 10.02 0.07
2458495.2859785 9.88 0.06
2458495.2861522 9.90 0.06
2458495.2863258 10.10 0.07
2458495.2864994 10.00 0.07
2458495.2866730 10.04 0.07
2458495.2868466 9.99 0.07
2458495.2870202 9.94 0.07
2458495.2871938 10.02 0.07
2458495.2873674 10.00 0.07
2458495.2875410 9.93 0.06
2458495.2877147 10.04 0.07
2458495.2878883 10.03 0.07
2458495.2880619 10.07 0.07
2458495.2882355 10.04 0.07
2458495.2884091 9.95 0.07
2458495.2885827 10.02 0.07
2458495.2887563 9.95 0.07
2458495.2889299 10.06 0.07
2458495.2891036 10.01 0.07
2458495.2892772 10.01 0.07
2458495.2894508 9.99 0.07
2458495.2896244 9.95 0.07
2458495.2897980 9.95 0.07
2458495.2899716 9.95 0.07
2458495.2901452 9.93 0.06
2458495.2903188 10.03 0.07
2458495.2904924 9.84 0.06
2458495.2906661 10.02 0.07
2458495.2908410 9.94 0.06
2458495.2910145 9.98 0.07
2458495.2911879 9.92 0.06
2458495.2913614 10.01 0.07
2458495.2915348 10.00 0.07
2458495.2917083 9.89 0.06
2458495.2918817 10.04 0.07
2458495.2920551 9.99 0.07
2458495.2922286 9.94 0.06
2458495.2924022 9.84 0.06
2458495.2925758 9.86 0.06
2458495.2927494 9.91 0.06
2458495.2929230 9.84 0.06
2458495.2930966 9.94 0.07
2458495.2932702 9.97 0.07
2458495.2934438 9.90 0.06
2458495.2936174 9.96 0.07
2458495.2937910 9.99 0.07
2458495.2939647 9.94 0.06
2458495.2941383 9.89 0.06
2458495.2943119 9.90 0.06
2458495.2944855 9.95 0.07
2458495.2946591 9.86 0.06
2458495.2948327 9.96 0.07
2458495.2950063 9.97 0.07
2458495.2951799 9.91 0.06
2458495.2953535 9.91 0.06
2458495.2955272 9.91 0.06
2458495.2957008 9.94 0.06
2458495.2958744 9.89 0.06
2458495.2960480 9.82 0.06
2458495.2962216 10.03 0.07
2458495.2963952 10.01 0.07
2458495.2965688 9.87 0.06
2458495.2967424 9.85 0.06
2458495.2969160 9.93 0.06
2458495.2970897 9.94 0.06
2458495.2972633 9.83 0.06
2458495.2974369 9.89 0.06
2458495.2976105 9.97 0.07
2458495.2977841 9.90 0.06
2458495.2979577 9.88 0.06
2458495.2981313 9.86 0.06
2458495.2983049 9.84 0.06
2458495.2984785 9.94 0.06
2458495.2986522 9.92 0.06
2458495.2988258 10.02 0.07
2458495.2989994 9.96 0.06
2458495.2991730 9.88 0.06
2458495.2993466 9.89 0.06
2458495.2995202 9.94 0.06
2458495.2996938 9.89 0.06
2458495.2998674 9.88 0.06
2458495.3000411 9.98 0.06
2458495.3002147 9.94 0.06
2458495.3003883 9.90 0.06
2458495.3005619 9.86 0.06
2458495.3007355 9.80 0.06
2458495.3009091 9.93 0.06
2458495.3010827 9.83 0.06
2458495.3012563 9.92 0.06
2458495.3014299 9.98 0.07
2458495.3016035 9.86 0.06
2458495.3017772 9.94 0.06
2458495.3019508 9.85 0.06
2458495.3021244 9.92 0.06
2458495.3022980 9.85 0.06
2458495.3024716 9.89 0.06
2458495.3026452 9.94 0.06
2458495.3028202 9.84 0.06
2458495.3029937 9.86 0.06
2458495.3031671 9.92 0.06
2458495.3033406 10.03 0.07
2458495.3035140 9.92 0.06
2458495.3036875 9.94 0.06
2458495.3038609 9.90 0.06
2458495.3040343 9.87 0.06
2458495.3042078 10.02 0.07
2458495.3043813 9.84 0.06
2458495.3045549 9.81 0.06
2458495.3047286 9.99 0.07
2458495.3049022 9.85 0.06
2458495.3050758 9.91 0.06
2458495.3052494 9.92 0.06
2458495.3054230 9.96 0.07
2458495.3055966 9.95 0.06
2458495.3057702 9.93 0.06
2458495.3059438 9.92 0.06
2458495.3061174 9.90 0.06
2458495.3062911 9.86 0.06
2458495.3064647 10.07 0.07
2458495.3066383 9.91 0.06
2458495.3068119 9.90 0.06
2458495.3069855 9.95 0.07
2458495.3071591 9.95 0.07
2458495.3073327 9.89 0.06
2458495.3075063 9.85 0.06
2458495.3076799 9.95 0.07
2458495.3078536 9.92 0.06
2458495.3080272 9.88 0.06
2458495.3082008 9.89 0.06
2458495.3083744 10.01 0.07
2458495.3085480 9.95 0.07
2458495.3087216 9.89 0.06
2458495.3088952 9.99 0.07
2458495.3090688 9.94 0.06
2458495.3092424 9.95 0.07
2458495.3094160 10.00 0.07
2458495.3095897 9.97 0.07
2458495.3097633 9.96 0.07
2458495.3099369 10.01 0.07
2458495.3101105 9.98 0.07
2458495.3102841 9.92 0.06
2458495.3104577 9.94 0.06
2458495.3106313 9.89 0.06
2458495.3108049 9.95 0.07
2458495.3109785 9.96 0.07
2458495.3111522 10.00 0.07
2458495.3113258 9.98 0.07
2458495.3114994 9.96 0.07
2458495.3116730 10.01 0.07
2458495.3118466 9.97 0.07
2458495.3120202 10.04 0.07
2458495.3121938 9.83 0.06
2458495.3123674 9.83 0.06
2458495.3125411 10.01 0.07
2458495.3127147 10.00 0.07
2458495.3128883 10.06 0.07
2458495.3130619 9.95 0.06
2458495.3132355 9.90 0.06
2458495.3134091 9.87 0.06
2458495.3135827 9.96 0.07
2458495.3137563 9.97 0.07
2458495.3139299 9.96 0.07
2458495.3141036 9.89 0.06
2458495.3142772 10.02 0.07
2458495.3144508 9.97 0.07
2458495.3146244 9.86 0.06
2458495.3147980 10.05 0.07
2458495.3149729 9.93 0.06
2458495.3151463 9.93 0.06
2458495.3153198 9.89 0.06
2458498.1654809 9.92 0.08
2458498.1656545 9.95 0.08
2458498.1658281 9.91 0.06
2458498.1660017 9.92 0.06
2458498.1661753 9.88 0.06
2458498.1663489 10.01 0.07
2458498.1665238 9.93 0.06
2458498.1666972 9.99 0.07
2458498.1668707 10.03 0.07
2458498.1670441 9.95 0.06
2458498.1672176 9.95 0.06
2458498.1673910 9.92 0.06
2458498.1675645 10.00 0.07
2458498.1677379 9.99 0.07
2458498.1679114 9.78 0.06
2458498.1680850 9.95 0.06
2458498.1682586 10.00 0.07
2458498.1684322 9.97 0.06
2458498.1686059 9.99 0.07
2458498.1687795 9.97 0.06
2458498.1689531 9.91 0.06
2458498.1691267 9.99 0.07
2458498.1693003 10.06 0.07
2458498.1694739 10.03 0.07
2458498.1696475 9.98 0.06
2458498.1698211 9.97 0.06
2458498.1699947 10.00 0.07
2458498.1701684 10.04 0.07
2458498.1703420 9.95 0.06
2458498.1705156 9.96 0.06
2458498.1706892 9.98 0.06
2458498.1708628 9.89 0.06
2458498.1710364 9.99 0.06
2458498.1712100 9.92 0.06
2458498.1713836 9.93 0.06
2458498.1715572 10.04 0.07
2458498.1717309 9.89 0.06
2458498.1719045 10.03 0.07
2458498.1720781 9.93 0.06
2458498.1722517 9.85 0.06
2458498.1724253 9.88 0.06
2458498.1725989 9.80 0.05
2458498.1727725 9.90 0.06
2458498.1729461 9.92 0.06
2458498.1731198 9.93 0.06
2458498.1732934 9.96 0.06
2458498.1734670 9.92 0.06
2458498.1736406 9.90 0.06
2458498.1738142 9.95 0.06
2458498.1739878 9.92 0.06
2458498.1741614 9.93 0.06
2458498.1743350 9.92 0.06
2458498.1745086 9.91 0.06
2458498.1746823 9.94 0.06
2458498.1750295 9.96 0.06
2458498.1752031 10.04 0.07
2458498.1753767 9.85 0.06
2458498.1755503 10.06 0.07
2458498.1757239 9.93 0.06
2458498.1758975 9.91 0.06
2458498.1760711 9.85 0.05
2458498.1762447 10.01 0.06
2458498.1764184 9.91 0.06
2458498.1765920 9.82 0.05
2458498.1767656 10.02 0.06
2458498.1769392 9.97 0.06
2458498.1771128 9.97 0.06
2458498.1772864 9.82 0.05
2458498.1774600 9.87 0.06
2458498.1776336 9.95 0.06
2458498.1778072 9.95 0.06
2458498.1779809 9.84 0.05
2458498.1781545 9.89 0.06
2458498.1783295 9.85 0.05
2458498.1785029 9.88 0.06
2458498.1786763 9.83 0.05
2458498.1788498 9.90 0.06
2458498.1790232 9.90 0.06
2458498.1791967 9.86 0.06
2458498.1793701 9.93 0.06
2458498.1795436 9.84 0.05
2458498.1797170 9.95 0.06
2458498.1798906 9.88 0.05
2458498.1800642 9.92 0.06
2458498.1802378 9.81 0.05
2458498.1804114 9.94 0.06
2458498.1805850 9.91 0.06
2458498.1807586 10.01 0.06
2458498.1809323 9.93 0.06
2458498.1811059 9.93 0.06
2458498.1812795 9.94 0.06
2458498.1814531 9.97 0.06
2458498.1816267 9.92 0.06
2458498.1818003 9.91 0.06
2458498.1819739 9.89 0.06
2458498.1821475 9.89 0.06
2458498.1823211 9.91 0.06
2458498.1824948 9.94 0.06
2458498.1826684 9.98 0.06
2458498.1828420 9.86 0.05
2458498.1830156 10.05 0.07
2458498.1831892 9.97 0.06
2458498.1833628 9.93 0.06
2458498.1835364 9.99 0.06
2458498.1837100 9.96 0.06
2458498.1838836 9.96 0.06
2458498.1840572 9.95 0.06
2458498.1842309 9.99 0.06
2458498.1844045 10.06 0.06
2458498.1845781 10.05 0.06
2458498.1847517 9.96 0.06
2458498.1849253 9.89 0.06
2458498.1850989 9.99 0.06
2458498.1852725 10.03 0.06
2458498.1854461 9.96 0.06
2458498.1856197 9.96 0.06
2458498.1857934 9.99 0.06
2458498.1859670 9.89 0.06
2458498.1861406 9.98 0.06
2458498.1863142 10.00 0.06
2458498.1864878 10.02 0.06
2458498.1866614 9.95 0.06
2458498.1868350 9.96 0.06
2458498.1870086 9.91 0.06
2458498.1871822 9.95 0.06
2458498.1882974 9.97 0.06
2458498.1885711 9.91 0.06
2458498.1887448 9.93 0.06
2458498.1889184 9.93 0.06
2458498.1890920 9.89 0.06
2458498.1892656 9.94 0.06
2458498.1894392 9.94 0.06
2458498.1896128 9.97 0.06
2458498.1897864 9.90 0.06
2458498.1899600 9.97 0.06
2458498.1901336 9.88 0.05
2458498.1903073 9.95 0.06
2458498.1904809 9.92 0.06
2458498.1906545 9.88 0.05
2458498.1908281 9.95 0.06
2458498.1910017 9.87 0.05
2458498.1911753 9.85 0.05
2458498.1913489 9.92 0.06
2458498.1915225 9.92 0.06
2458498.1916961 9.86 0.05
2458498.1918697 9.87 0.05
2458498.1920434 9.79 0.05
2458498.1922170 9.86 0.05
2458498.1923906 9.87 0.05
2458498.1925642 9.95 0.06
2458498.1927378 10.00 0.06
2458498.1929114 9.87 0.05
2458498.1930850 9.95 0.06
2458498.1932586 9.95 0.06
2458498.1934322 10.02 0.06
2458498.1936059 9.89 0.05
2458498.1937795 9.90 0.05
2458498.1939531 9.94 0.06
2458498.1941267 9.87 0.05
2458498.1943003 10.00 0.06
2458498.1944739 9.87 0.05
2458498.1946475 9.84 0.05
2458498.1948211 9.88 0.05
2458498.1949947 9.98 0.06
2458498.1951684 9.93 0.06
2458498.1953420 10.01 0.06
2458498.1955156 10.02 0.06
2458498.1956892 9.92 0.05
2458498.1958628 10.02 0.06
2458498.1960378 9.94 0.06
2458498.1962112 10.05 0.06
2458498.1963846 9.98 0.06
2458498.1965581 10.01 0.06
2458498.1967315 10.05 0.06
2458498.1969050 10.04 0.06
2458498.1970784 9.99 0.06
2458498.1972519 10.07 0.06
2458498.1974253 9.96 0.06
2458498.1975989 10.00 0.06
2458498.1977725 9.94 0.06
2458498.1979461 9.90 0.05
2458498.1981198 9.93 0.05
2458498.1982934 9.89 0.05
2458498.1984670 9.90 0.05
2458498.1986406 9.93 0.05
2458498.1988142 9.91 0.05
2458498.1989878 10.05 0.06
2458498.1991614 10.07 0.06
2458498.1993350 9.97 0.06
2458498.1995086 10.00 0.06
2458498.1996822 9.89 0.05
2458498.1998559 9.99 0.06
2458498.2000295 9.96 0.06
2458498.2002031 9.96 0.05
2458498.2003767 9.98 0.06
2458498.2005503 9.88 0.05
2458498.2007239 9.84 0.05
2458498.2008975 9.96 0.06
2458498.2010711 9.85 0.05
2458498.2012447 9.95 0.05
2458498.2014184 10.00 0.06
2458498.2015920 10.05 0.06
2458498.2017656 9.90 0.05
2458498.2019392 9.96 0.05
2458498.2021128 9.95 0.05
2458498.2022864 9.97 0.06
2458498.2024600 9.90 0.05
2458498.2026336 10.02 0.06
2458498.2028072 9.94 0.05
2458498.2029809 9.94 0.05
2458498.2031545 9.87 0.05
2458498.2033281 9.89 0.05
2458498.2035017 9.91 0.05
2458498.2036753 10.01 0.06
2458498.2038489 9.94 0.05
2458498.2040225 9.88 0.05
2458498.2041961 9.87 0.05
2458498.2043698 9.97 0.05
2458498.2045434 9.93 0.05
2458498.2047170 9.97 0.05
2458498.2048906 9.86 0.05
2458498.2050642 9.94 0.05
2458498.2052378 9.93 0.05
2458498.2054114 9.92 0.05
2458498.2055850 9.94 0.05
2458498.2057586 9.92 0.05
2458498.2059323 9.89 0.05
2458498.2061059 9.95 0.05
2458498.2062795 10.00 0.06
2458498.2064531 10.01 0.06
2458498.2066267 9.86 0.05
2458498.2068003 9.91 0.05
2458498.2069739 9.96 0.05
2458498.2071475 9.83 0.05
2458498.2073211 9.98 0.06
2458498.2074947 9.85 0.05
2458498.2076684 9.95 0.05
2458498.2078420 9.94 0.05
2458498.2080169 9.84 0.05
2458498.2081904 10.05 0.06
2458498.2083638 9.87 0.05
2458498.2085373 9.89 0.05
2458498.2087107 9.88 0.05
2458498.2088841 9.96 0.05
2458498.2090576 9.88 0.05
2458498.2092310 9.99 0.05
2458498.2094045 9.99 0.06
2458498.2095781 10.00 0.06
2458498.2097517 9.91 0.05
2458498.2099253 9.98 0.05
2458498.2100989 9.98 0.05
2458498.2102725 9.92 0.05
2458498.2104461 10.00 0.06
2458498.2106197 9.92 0.05
2458498.2107934 9.95 0.05
2458498.2109670 10.05 0.06
2458498.2111406 9.94 0.05
2458498.2113142 9.96 0.05
2458498.2114878 9.90 0.05
2458498.2116614 9.94 0.05
2458498.2118350 9.97 0.05
2458498.2120086 10.00 0.06
2458498.2121823 9.95 0.05
2458498.2123559 9.96 0.05
2458498.2125295 10.00 0.06
2458498.2127031 9.92 0.05
2458498.2128767 9.93 0.05
2458498.2130503 9.87 0.05
2458498.2132239 9.87 0.05
2458498.2133975 9.89 0.05
2458498.2135711 9.89 0.05
2458498.2137448 10.03 0.06
2458498.2139184 9.93 0.05
2458498.2140920 9.97 0.05
2458498.2142656 10.01 0.06
2458498.2144392 9.88 0.05
2458498.2146128 9.92 0.05
2458498.2147864 9.92 0.05
2458498.2149600 9.94 0.05
2458498.2151336 9.90 0.05
2458498.2153072 9.99 0.05
2458498.2154809 9.96 0.05
2458498.2156545 9.96 0.05
2458498.2158281 10.03 0.06
2458498.2160017 9.94 0.05
2458498.2161753 9.92 0.05
2458498.2163489 9.91 0.05
2458498.2165225 9.87 0.05
2458498.2166961 10.03 0.06
2458498.2168697 9.94 0.05
2458498.2170434 9.92 0.05
2458498.2172170 9.96 0.05
2458498.2173906 9.91 0.05
2458498.2175642 9.93 0.05
2458498.2177378 9.95 0.05
2458498.2179114 9.87 0.05
2458498.2180850 9.93 0.05
2458498.2182586 9.90 0.05
2458498.2184322 10.06 0.06
2458498.2186059 9.87 0.05
2458498.2187795 9.91 0.05
2458498.2189531 9.96 0.05
2458498.2191267 9.98 0.05
2458498.2193003 9.83 0.05
2458498.2194739 9.97 0.05
2458498.2196475 9.90 0.05
2458498.2198225 9.91 0.05
2458498.2199960 10.03 0.06
2458498.2201694 10.00 0.05
2458498.2203429 9.87 0.05
2458498.2205163 9.87 0.05
2458498.2206898 9.86 0.05
2458498.2208632 10.00 0.06
2458498.2210366 9.86 0.05
2458498.2212101 9.99 0.05
2458498.2213836 9.88 0.05
2458498.2215573 9.92 0.05
2458498.2217309 9.91 0.05
2458498.2219045 9.87 0.05
2458498.2220781 9.87 0.05
2458498.2222517 9.90 0.05
2458498.2224253 9.94 0.05
2458498.2225989 10.04 0.06
2458498.2227725 9.87 0.05
2458498.2229461 9.88 0.05
2458498.2231197 9.84 0.05
2458498.2232934 9.87 0.05
2458498.2234670 9.86 0.05
2458498.2236406 10.09 0.06
2458498.2238142 9.93 0.05
2458498.2239878 9.98 0.05
2458498.2241614 9.95 0.05
2458498.2243350 9.96 0.05
2458498.2245086 9.98 0.05
2458498.2246822 9.88 0.05
2458498.2248559 9.95 0.05
2458498.2250295 9.99 0.05
2458498.2252031 9.93 0.05
2458498.2253767 9.94 0.05
2458498.2255503 10.11 0.06
2458498.2257239 9.96 0.05
2458498.2258975 9.92 0.05
2458498.2260711 9.93 0.05
2458498.2262447 9.99 0.05
2458498.2264184 10.00 0.05
2458498.2265920 9.98 0.05
2458498.2267656 9.98 0.05
2458498.2269392 9.95 0.05
2458498.2271128 10.07 0.06
2458498.2272864 9.92 0.05
2458498.2274600 9.89 0.05
2458498.2276336 9.99 0.05
2458498.2278073 9.84 0.05
2458498.2279809 10.03 0.06
2458498.2281545 9.92 0.05
2458498.2283281 9.89 0.05
2458498.2285017 10.00 0.05
2458498.2286753 9.90 0.05
2458498.2288489 9.95 0.05
2458498.2290225 9.95 0.05
2458498.2291961 9.94 0.05
2458498.2293698 9.91 0.05
2458498.2295434 9.83 0.05
2458498.2297170 9.97 0.05
2458498.2298906 9.90 0.05
2458498.2300642 9.92 0.05
2458498.2302378 9.95 0.05
2458498.2304114 9.96 0.05
2458498.2305850 9.89 0.05
2458498.2307586 9.98 0.05
2458498.2309322 9.95 0.05
2458498.2311059 9.88 0.05
2458498.2312795 9.88 0.05
2458498.2314531 9.90 0.05
2458498.2316267 9.83 0.05
2458498.2318016 9.92 0.05
2458498.2319750 9.91 0.05
2458498.2321485 9.96 0.05
2458498.2323219 9.89 0.05
2458498.2324954 9.95 0.05
2458498.2326688 9.93 0.05
2458498.2328422 9.91 0.05
2458498.2330157 9.94 0.05
2458498.2331892 9.96 0.05
2458498.2333628 9.87 0.05
2458498.2335364 9.90 0.05
2458498.2337100 9.86 0.05
2458498.2338836 9.90 0.05
2458498.2340572 9.88 0.05
2458498.2342309 9.91 0.05
2458498.2344045 9.83 0.05
2458498.2345781 9.90 0.05
2458498.2347517 9.97 0.05
2458498.2349253 9.90 0.05
2458498.2350989 10.04 0.06
2458498.2352725 9.96 0.05
2458498.2354461 9.85 0.05
2458498.2356198 9.89 0.05
2458498.2357934 9.95 0.05
2458498.2359670 9.89 0.05
2458498.2361406 9.94 0.05
2458498.2363142 9.91 0.05
2458498.2364878 9.93 0.05
2458498.2366614 9.76 0.04
2458498.2368350 9.84 0.05
2458498.2370086 9.98 0.05
2458498.2371823 9.90 0.05
2458498.2373559 9.96 0.05
2458498.2375295 9.96 0.05
2458498.2377031 9.97 0.05
2458498.2378767 9.97 0.06
2458498.2380503 9.94 0.05
2458498.2382239 9.99 0.06
2458498.2383975 9.89 0.05
2458498.2385711 10.02 0.06
2458498.2387447 9.99 0.06
2458498.2389184 9.86 0.05
2458498.2390920 9.87 0.05
2458498.2392656 9.95 0.06
2458498.2394392 9.99 0.06
2458498.2396128 9.93 0.05
2458498.2397864 9.95 0.05
2458498.2399600 10.03 0.06
2458498.2401336 9.92 0.05
2458498.2403072 9.92 0.05
2458498.2404809 9.97 0.06
2458498.2406545 9.99 0.06
2458498.2408281 9.93 0.05
2458498.2410017 9.85 0.05
2458498.2411753 10.00 0.06
2458498.2413489 10.01 0.06
2458498.2415225 9.84 0.05
2458498.2416961 9.95 0.05
2458498.2418697 10.04 0.06
2458498.2420434 10.04 0.06
2458498.2422170 10.00 0.06
2458498.2423906 9.92 0.05
2458498.2425642 9.92 0.05
2458498.2427378 9.99 0.06
2458498.2429114 9.99 0.06
2458498.2430850 9.97 0.05
2458498.2432586 9.93 0.05
2458498.2434323 9.95 0.05
2458498.2436073 10.00 0.06
2458498.2437807 9.96 0.06
2458498.2439541 9.90 0.05
2458498.2441276 9.96 0.06
2458498.2443010 9.94 0.05
2458498.2444745 9.83 0.05
2458498.2446479 10.00 0.06
2458498.2448214 9.94 0.05
2458498.2449948 9.89 0.05
2458498.2451684 9.86 0.05
2458498.2453420 10.07 0.06
2458498.2455156 10.00 0.06
2458498.2456892 9.97 0.06
2458498.2458628 10.03 0.06
2458498.2460364 9.92 0.05
2458498.2462100 9.97 0.06
2458498.2463836 9.96 0.06
2458498.2465572 9.93 0.05
2458498.2467309 9.95 0.06
2458498.2469045 9.94 0.06
2458498.2470781 10.03 0.06
2458498.2472517 9.98 0.06
2458498.2474253 9.82 0.05
2458498.2475989 9.94 0.05
2458498.2477725 9.86 0.05
2458498.2479461 9.85 0.05
2458498.2481197 10.08 0.06
2458498.2482934 9.93 0.05
2458498.2484670 9.93 0.05
2458498.2486406 9.97 0.06
2458498.2488142 9.80 0.05
2458498.2489878 9.98 0.06
2458498.2491614 9.90 0.05
2458498.2493350 9.92 0.05
2458498.2495086 9.89 0.05
2458498.2496822 9.93 0.05
2458498.2498559 9.90 0.05
2458498.2500295 9.91 0.05
2458498.2502031 9.99 0.06
2458498.2503767 9.92 0.05
2458498.2505503 9.95 0.06
2458498.2507239 9.91 0.05
2458498.2508975 9.99 0.06
2458498.2510711 9.90 0.05
2458498.2512448 10.06 0.06
2458498.2514184 9.84 0.05
2458498.2515920 9.93 0.06
2458498.2517656 9.90 0.05
2458498.2519392 9.97 0.06
2458498.2521128 9.87 0.05
2458498.2522864 9.90 0.05
2458498.2524600 9.91 0.05
2458498.2526336 9.96 0.06
2458498.2528073 9.95 0.06
2458498.2529809 9.92 0.05
2458498.2531545 9.89 0.05
2458498.2533281 9.88 0.05
2458498.2535017 10.02 0.06
2458498.2536753 9.93 0.05
2458498.2538489 9.90 0.05
2458498.2540225 10.01 0.06
2458498.2541961 9.94 0.06
2458498.2543697 9.83 0.05
2458498.2545434 9.97 0.06
2458498.2547170 9.93 0.06
2458498.2548906 9.85 0.05
2458498.2550642 9.85 0.05
2458498.2552378 9.87 0.05
2458498.2554114 9.97 0.06
2458498.2555863 9.93 0.06
2458498.2557598 9.86 0.05
2458498.2559332 9.91 0.05
2458498.2561066 9.96 0.06
2458498.2562801 9.96 0.06
2458498.2564535 9.98 0.06
2458498.2566270 9.89 0.05
2458498.2568004 10.02 0.06
2458498.2569739 9.84 0.05
2458498.2571475 9.96 0.06
2458498.2573211 10.04 0.06
2458498.2574947 9.85 0.05
2458498.2576684 9.99 0.06
2458498.2578420 9.98 0.06
2458498.2580156 9.87 0.05
2458498.2581892 9.92 0.05
2458498.2583628 9.95 0.06
2458498.2585364 10.00 0.06
2458498.2587100 9.92 0.06
2458498.2588836 9.85 0.05
2458498.2590573 9.96 0.06
2458498.2592309 10.07 0.06
2458498.2594045 9.94 0.06
2458498.2595781 9.85 0.05
2458498.2597517 9.91 0.05
2458498.2599253 9.96 0.06
2458498.2600989 10.01 0.06
2458498.2602725 9.98 0.06
2458498.2604461 9.86 0.05
2458498.2606198 9.92 0.05
2458498.2607934 9.99 0.06
2458498.2609670 9.97 0.06
2458498.2611406 10.04 0.06
2458498.2613142 9.94 0.06
2458498.2614878 9.93 0.06
2458498.2616614 9.92 0.05
2458498.2618350 9.96 0.06
2458498.2620086 9.98 0.06
2458498.2621822 9.92 0.05
2458498.2623559 9.98 0.06
2458498.2625295 9.91 0.05
2458498.2627031 9.95 0.05
2458498.2628767 9.94 0.05
2458498.2630503 9.92 0.04
2458498.2632239 9.93 0.04
2458498.2633975 10.05 0.05
2458498.2635711 9.91 0.04
2458498.2637447 9.87 0.04
2458498.2639184 9.91 0.05
2458498.2640920 9.99 0.05
2458498.2642656 9.79 0.04
2458498.2644392 9.93 0.05
2458498.2646128 9.96 0.05
2458498.2647864 9.89 0.04
2458498.2649600 9.84 0.04
2458498.2651336 9.96 0.05
2458498.2653072 9.98 0.05
2458498.2654809 9.96 0.05
2458498.2656545 9.93 0.05
2458498.2658281 9.92 0.05
2458498.2660017 9.95 0.05
2458498.2661753 9.92 0.05
2458498.2663489 9.96 0.05
2458498.2665225 9.97 0.05
2458498.2666961 9.89 0.04
2458498.2668698 9.94 0.05
2458498.2670434 9.85 0.04
2458498.2672170 9.88 0.04
2458498.2673906 9.93 0.05
2458498.2675655 10.02 0.05
2458498.2677389 9.96 0.05
2458498.2679124 9.97 0.05
2458498.2680858 9.89 0.04
2458498.2682593 9.93 0.05
2458498.2684327 9.87 0.04
2458498.2686062 9.97 0.05
2458498.2687796 9.98 0.05
2458498.2689531 9.97 0.05
2458498.2691267 9.89 0.04
2458498.2693003 9.84 0.04
2458498.2694739 9.92 0.05
2458498.2696475 9.94 0.05
2458498.2698211 9.94 0.05
2458498.2699947 9.88 0.04
2458498.2701684 9.94 0.05
2458498.2703420 9.94 0.05
2458498.2705156 9.91 0.04
2458498.2706892 9.88 0.04
2458498.2708628 9.93 0.05
2458498.2710364 9.93 0.04
2458498.2712100 9.88 0.04
2458498.2713836 9.88 0.04
2458498.2715572 9.89 0.04
2458498.2717309 10.05 0.05
2458498.2719045 9.87 0.04
2458498.2720781 10.03 0.05
2458498.2722517 9.95 0.05
2458498.2724253 9.95 0.05
2458498.2725989 10.07 0.05
2458498.2727725 9.99 0.05
2458498.2729461 9.92 0.04
2458498.2731197 9.97 0.05
2458498.2732934 9.99 0.05
2458498.2734670 10.01 0.05
2458498.2736406 9.94 0.04
2458498.2738142 9.97 0.05
2458498.2739878 10.00 0.05
2458498.2741614 10.01 0.05
2458498.2743350 9.97 0.05
2458498.2745086 9.85 0.04
2458498.2746823 9.96 0.05
2458498.2748559 9.90 0.04
2458498.2750295 10.01 0.05
2458498.2752031 9.90 0.04
2458498.2753767 9.85 0.04
2458498.2755503 9.93 0.05
2458498.2757239 9.99 0.05
2458498.2758975 9.91 0.04
2458498.2760711 9.97 0.05
2458498.2762448 9.99 0.05
2458498.2764184 9.99 0.05
2458498.2765920 9.95 0.05
2458498.2767656 9.91 0.04
2458498.2769392 9.95 0.05
2458498.2771128 9.94 0.05
2458498.2772864 9.90 0.04
2458498.2774600 9.98 0.05
2458498.2776336 9.96 0.05
2458498.2778072 9.86 0.04
2458498.2779809 9.97 0.05
2458498.2781545 9.88 0.04
2458498.2783281 9.91 0.04
2458498.2785017 9.91 0.04
2458498.2786753 9.91 0.04
2458498.2788489 9.88 0.04
2458498.2790225 9.92 0.04
2458498.2791961 9.94 0.05
2458498.2793697 9.98 0.05
2458498.2795448 9.91 0.04
2458498.2797182 9.86 0.04
2458498.2798916 9.90 0.04
2458498.2800651 9.96 0.05
2458498.2802385 9.97 0.05
2458498.2804120 9.96 0.05
2458498.2805854 9.83 0.04
2458498.2807589 9.91 0.05
2458498.2809323 10.00 0.05
2458498.2811059 9.84 0.04
2458498.2812795 9.92 0.04
2458498.2814531 9.86 0.04
2458498.2816267 9.96 0.05
2458498.2818003 9.94 0.05
2458498.2819739 9.89 0.04
2458498.2821475 9.89 0.04
2458498.2823211 9.80 0.04
2458498.2824948 9.92 0.05
2458498.2826684 9.97 0.05
2458498.2828420 9.93 0.05
2458498.2830156 9.87 0.04
2458498.2831892 9.91 0.05
2458498.2833628 9.83 0.04
2458498.2835364 9.92 0.05
2458498.2837100 9.87 0.04
2458498.2838836 9.90 0.04
2458498.2840573 9.92 0.05
2458498.2842309 9.94 0.05
2458498.2844045 10.00 0.05
2458498.2845781 9.96 0.05
2458498.2847517 9.91 0.04
2458498.2849253 9.94 0.05
2458498.2850989 9.88 0.04
2458498.2852725 9.92 0.05
2458498.2854461 9.88 0.04
2458498.2856197 9.93 0.05
2458498.2857934 9.87 0.04
2458498.2859670 9.98 0.05
2458498.2861406 9.96 0.05
2458498.2863142 9.87 0.04
2458498.2864878 9.96 0.05
2458498.2866614 9.94 0.05
2458498.2868350 9.86 0.04
2458498.2870086 9.97 0.05
2458498.2871822 9.83 0.04
2458498.2873559 9.94 0.05
2458498.2875295 10.06 0.05
2458498.2877031 9.91 0.04
2458498.2878767 10.06 0.05
2458498.2880503 9.97 0.05
2458498.2882239 9.94 0.05
2458498.2883975 9.96 0.05
2458498.2885711 9.86 0.04
2458498.2887447 9.94 0.05
2458498.2889184 9.91 0.05
2458498.2890920 9.94 0.05
2458498.2892656 9.91 0.05
2458498.2894392 10.00 0.05
2458498.2896128 9.94 0.05
2458498.2897864 9.98 0.05
2458498.2899600 9.88 0.04
2458498.2901336 9.87 0.04
2458498.2903073 9.98 0.05
2458498.2904809 9.98 0.05
2458498.2906545 10.01 0.05
2458498.2908281 9.99 0.05
2458498.2910017 10.02 0.05
2458498.2911753 9.93 0.05
2458498.2913489 10.05 0.05
2458498.2915239 9.89 0.04
2458498.2916974 10.03 0.05
2458498.2918708 9.94 0.05
2458498.2920443 10.03 0.05
2458498.2922177 9.92 0.05
2458498.2923912 9.93 0.05
2458498.2925646 9.89 0.05
2458498.2927381 9.99 0.05
2458498.2929115 9.96 0.05
2458498.2930850 10.06 0.05
2458498.2932586 10.00 0.05
2458498.2934322 10.03 0.05
2458498.2936059 9.94 0.05
2458498.2937795 9.95 0.05
2458498.2939531 9.97 0.05
2458498.2941267 9.96 0.05
2458498.2943003 9.94 0.05
2458498.2944739 9.84 0.05
2458498.2946475 9.90 0.05
2458498.2948211 10.05 0.06
2458498.2949947 9.86 0.05
2458498.2951684 9.88 0.05
2458498.2953420 9.93 0.05
2458498.2955156 9.84 0.04
2458498.2956892 9.90 0.05
2458498.2958628 9.88 0.04
2458498.2960364 9.91 0.05
2458498.2962100 9.94 0.05
2458498.2963836 9.91 0.05
2458498.2965572 9.88 0.05
2458498.2967309 9.90 0.05
2458498.2969045 9.90 0.05
2458498.2970781 9.88 0.04
2458498.2972517 9.95 0.05
2458498.2974253 9.91 0.05
2458498.2975989 9.83 0.04
2458498.2977725 9.92 0.05
2458498.2979461 9.96 0.05
2458498.2981198 9.80 0.04
2458498.2982934 9.84 0.04
2458498.2984670 9.97 0.05
2458498.2986406 9.97 0.05
2458498.2988142 9.81 0.04
2458498.2989878 9.93 0.05
2458498.2991614 9.91 0.05
2458498.2993350 9.87 0.04
2458498.2995086 10.03 0.05
2458498.2996823 9.96 0.05
2458498.2998559 9.93 0.05
2458498.3000295 9.92 0.05
2458498.3002031 9.90 0.05
2458498.3003767 9.95 0.05
2458498.3005503 9.90 0.05
2458498.3007239 9.85 0.04
2458498.3008975 9.85 0.04
2458498.3010711 9.85 0.04
2458498.3012447 9.88 0.05
2458498.3014184 9.92 0.05
2458498.3015920 9.89 0.05
2458498.3017656 9.90 0.05
2458498.3019392 9.94 0.05
2458498.3021128 9.90 0.05
2458498.3022864 9.87 0.04
2458498.3024600 9.85 0.04
2458498.3026336 9.86 0.04
2458498.3028072 9.91 0.05
2458498.3029809 9.88 0.04
2458498.3031545 9.84 0.04
2458498.3033281 9.91 0.05
2458498.3035017 9.99 0.05
2458498.3036766 9.90 0.05
2458498.3038500 9.92 0.05
2458498.3040235 9.92 0.05
2458498.3041969 9.90 0.05
2458498.3043703 9.94 0.05
2458498.3045438 9.90 0.05
2458498.3047172 9.88 0.04
2458498.3048907 9.90 0.04
2458498.3050642 9.95 0.05
2458498.3052378 9.99 0.05
2458498.3054114 9.97 0.05
2458498.3055850 10.04 0.05
2458498.3057586 9.88 0.04
2458498.3059323 9.95 0.05
2458498.3061059 9.88 0.04
2458498.3062795 9.89 0.05
2458498.3064531 9.92 0.05
2458498.3066267 9.95 0.05
2458498.3068003 10.05 0.05
2458498.3069739 10.03 0.05
2458498.3071475 9.90 0.05
2458498.3073211 9.99 0.05
2458498.3074948 9.97 0.05
2458498.3076684 9.93 0.05
2458498.3078420 10.03 0.05
2458498.3080156 10.03 0.05
2458498.3081892 9.92 0.05
2458498.3083628 9.95 0.05
2458498.3085364 9.97 0.05
2458498.3087100 10.02 0.05
2458498.3088836 9.97 0.05
2458498.3090572 10.03 0.05
2458498.3092309 9.90 0.05
2458498.3094045 9.93 0.05
2458498.3095781 10.02 0.05
2458498.3097517 10.07 0.05
2458498.3099253 9.86 0.05
2458498.3100989 9.95 0.05
2458498.3102725 9.96 0.05
2458498.3104461 9.94 0.05
2458498.3106197 9.94 0.05
2458498.3107934 9.85 0.04
2458498.3109670 9.90 0.05
2458498.3111406 10.02 0.05
2458498.3113142 9.86 0.04
2458498.3114878 9.85 0.04
2458498.3116614 9.95 0.05
2458498.3118350 9.92 0.05
2458498.3120086 9.94 0.05
2458498.3121822 9.90 0.05
2458498.3123559 9.87 0.05
2458498.3125295 10.00 0.05
2458498.3127031 9.85 0.04
2458498.3128767 9.93 0.05
2458498.3130503 9.87 0.05
2458498.3132239 9.85 0.05
2458498.3133975 9.93 0.05
2458498.3135711 9.92 0.05
2458498.3137448 9.84 0.04
2458498.3139184 9.91 0.05
2458498.3140920 9.92 0.05
2458498.3142656 9.92 0.05
2458498.3144392 9.86 0.04
2458498.3146128 9.89 0.05
2458498.3147864 9.93 0.05
2458498.3149600 9.89 0.05
2458498.3151336 9.86 0.04
2458498.3153073 9.95 0.05
2458498.3154809 9.96 0.05
2458498.3156558 9.92 0.05
2458498.3158292 9.94 0.05
2458498.3160027 9.88 0.05
2458498.3161761 9.91 0.05
2458498.3163496 9.93 0.05
2458498.3165230 9.92 0.05
2458498.3166965 9.97 0.05
2458498.3168699 9.83 0.04
2458498.3170434 9.98 0.05
2458498.3172170 9.93 0.05
2458498.3173906 9.88 0.05
2458498.3175642 9.85 0.05
2458498.3177378 9.93 0.05
2458498.3179114 9.87 0.05