2458467.3675459 10.59 0.10
2458467.3680667 10.67 0.11
2458467.3691084 10.59 0.10
2458467.3692820 10.58 0.10
2458467.3694556 10.47 0.09
2458467.3696292 10.63 0.10
2458467.3698028 10.49 0.09
2458467.3699764 10.72 0.11
2458467.3701500 10.74 0.11
2458467.3704972 10.43 0.09
2458467.3708445 10.46 0.09
2458467.3713653 10.47 0.09
2458467.3717125 10.81 0.12
2458467.3718861 10.71 0.11
2458467.3722334 10.80 0.12
2458467.3724070 10.52 0.09
2458467.3725806 10.61 0.10
2458467.3729278 10.64 0.11
2458467.3737959 10.68 0.11
2458467.3743167 10.79 0.12
2458467.3748375 10.61 0.10
2458467.3757067 10.64 0.11
2458467.3758801 10.54 0.10
2458467.3783097 10.77 0.12
2458467.3798723 10.52 0.10
2458467.3819556 10.75 0.12
2458467.3821292 10.78 0.12
2458467.3823028 10.63 0.10
2458467.3828236 10.76 0.12
2458467.3835181 10.74 0.12
2458467.3840389 10.67 0.11
2458467.3842125 10.89 0.13
2458467.3852542 10.78 0.12
2458467.3856014 10.66 0.11
2458467.3859486 10.72 0.12
2458467.3864695 10.67 0.11
2458467.3871639 10.62 0.11
2458467.3873389 10.62 0.10
2458467.3875123 10.74 0.12
2458467.3878592 10.69 0.11
2458467.3882061 10.48 0.09
2458467.3883795 10.62 0.11
2458467.3885530 10.70 0.11
2458467.3887264 10.72 0.11
2458467.3892473 10.73 0.12
2458467.3906361 10.72 0.12
2458467.3909834 10.69 0.11
2458467.3911570 10.63 0.11
2458467.3913306 10.62 0.11
2458467.3915042 10.82 0.13
2458467.3921986 10.72 0.12
2458467.3928931 10.56 0.10
2458467.3934139 10.59 0.10
2458467.3939347 10.53 0.10
2458467.3965389 10.43 0.09
2458467.3975806 10.62 0.11
2458467.3979278 10.72 0.12
2458467.3982750 10.70 0.11
2458467.4003586 10.67 0.11
2458467.4027889 10.60 0.11
2458467.4041778 10.68 0.11
2458467.4043514 10.72 0.12
2458467.4050459 10.65 0.11
2458467.4060875 10.76 0.12
2458467.4066084 10.75 0.12
2458467.4076500 10.63 0.11
2458467.4083445 10.81 0.13
2458467.4097334 10.61 0.11
2458467.4100806 10.59 0.10
2458467.4104278 10.60 0.11
2458467.4106014 10.55 0.10
2458467.4111236 10.81 0.13
2458467.4112971 10.58 0.10
2458467.4114705 10.71 0.12
2458467.4118174 10.47 0.09
2458467.4121643 10.61 0.11
2458467.4123377 10.64 0.11
2458467.4128584 10.59 0.10
2458467.4130320 10.73 0.12
2458467.4142473 10.85 0.13
2458467.4144209 10.48 0.09
2458467.4147681 10.72 0.12
2458467.4151153 10.67 0.11
2458467.4152889 10.73 0.12
2458467.4154625 10.49 0.10
2458467.4156361 10.71 0.12
2458467.4159834 10.48 0.10
2458467.4161570 10.50 0.10
2458467.4163306 10.60 0.11
2458467.4168514 10.58 0.11
2458467.4171986 10.49 0.10
2458467.4182403 10.48 0.10
2458467.4184139 10.76 0.12
2458467.4189348 10.55 0.10
2458467.4194556 10.61 0.11
2458467.4196292 10.67 0.12
2458467.4199764 10.64 0.11
2458467.4203236 10.75 0.13
2458467.4204973 10.63 0.11
2458467.4206709 10.67 0.12
2458469.3667865 10.58 0.07
2458469.3670135 10.68 0.08
2458469.3671871 10.43 0.06
2458469.3673607 10.56 0.07
2458469.3675343 10.61 0.07
2458469.3677079 10.55 0.07
2458469.3678815 10.60 0.07
2458469.3680551 10.57 0.07
2458469.3682287 10.72 0.08
2458469.3684023 10.58 0.07
2458469.3685760 10.55 0.07
2458469.3687496 10.56 0.07
2458469.3689232 10.57 0.07
2458469.3690968 10.63 0.08
2458469.3692704 10.54 0.07
2458469.3694440 10.61 0.07
2458469.3696176 10.55 0.07
2458469.3697912 10.53 0.07
2458469.3699648 10.63 0.08
2458469.3701384 10.67 0.08
2458469.3703121 10.67 0.08
2458469.3704857 10.68 0.08
2458469.3706593 10.60 0.07
2458469.3708329 10.62 0.08
2458469.3710065 10.52 0.07
2458469.3711801 10.50 0.07
2458469.3713537 10.73 0.08
2458469.3715273 10.60 0.07
2458469.3717009 10.58 0.07
2458469.3718746 10.55 0.07
2458469.3720482 10.61 0.07
2458469.3722218 10.69 0.08
2458469.3723954 10.59 0.07
2458469.3725690 10.57 0.07
2458469.3727426 10.62 0.08
2458469.3729162 10.62 0.08
2458469.3730898 10.72 0.08
2458469.3732635 10.58 0.07
2458469.3734371 10.65 0.08
2458469.3736107 10.53 0.07
2458469.3737843 10.64 0.08
2458469.3739579 10.55 0.07
2458469.3741315 10.67 0.08
2458469.3743051 10.50 0.07
2458469.3744787 10.56 0.07
2458469.3746524 10.59 0.07
2458469.3748260 10.65 0.08
2458469.3749996 10.52 0.07
2458469.3751732 10.61 0.07
2458469.3753468 10.48 0.07
2458469.3755204 10.54 0.07
2458469.3756940 10.50 0.07
2458469.3758676 10.46 0.06
2458469.3760425 10.42 0.06
2458469.3762159 10.51 0.07
2458469.3763894 10.52 0.07
2458469.3765628 10.62 0.07
2458469.3767363 10.55 0.07
2458469.3769097 10.67 0.08
2458469.3770832 10.53 0.07
2458469.3772566 10.56 0.07
2458469.3774301 10.80 0.09
2458469.3776037 10.62 0.07
2458469.3777773 10.54 0.07
2458469.3779510 10.74 0.08
2458469.3781246 10.51 0.07
2458469.3782982 10.52 0.07
2458469.3784718 10.66 0.08
2458469.3786454 10.62 0.07
2458488.3044163 10.72 0.10
2458488.3047635 10.68 0.10
2458488.3049371 10.55 0.09
2458488.3052844 10.45 0.08
2458488.3056316 10.70 0.10
2458488.3066732 10.67 0.10
2458488.3075413 10.65 0.10
2458488.3077149 10.80 0.11
2458488.3078885 10.45 0.08
2458488.3084093 10.62 0.10
2458488.3085830 10.61 0.09
2458488.3087566 10.51 0.09
2458488.3089302 10.58 0.09
2458488.3091038 10.57 0.09
2458488.3092788 10.54 0.09
2458488.3096257 10.62 0.10
2458488.3103194 10.71 0.11
2458488.3104929 10.57 0.09
2458488.3118816 10.68 0.10
2458488.3125760 10.83 0.12
2458488.3130969 10.36 0.08
2458488.3136177 10.71 0.11
2458488.3139649 10.72 0.11
2458488.3163955 10.85 0.12
2458488.3202149 10.82 0.12
2458488.3224720 10.67 0.11
2458488.3229927 10.82 0.12
2458488.3233399 10.57 0.10
2458488.3235135 10.69 0.11
2458488.3236871 10.60 0.10
2458488.3240343 10.76 0.11
2458488.3245552 10.77 0.12
2458488.3247288 10.72 0.11
2458488.3254232 10.77 0.12
2458488.3266385 10.70 0.11
2458488.3268121 10.88 0.13
2458488.3271594 10.60 0.10
2458488.3276802 10.80 0.12
2458488.3278538 10.78 0.12
2458488.3283746 10.59 0.10
2458488.3288955 10.74 0.12
2458488.3304580 10.60 0.10
2458488.3311524 10.64 0.10
2458488.3316732 10.67 0.11
2458488.3323677 10.63 0.11
2458488.3328885 10.61 0.10
2458488.3337574 10.83 0.13
2458488.3353191 10.54 0.10
2458488.3360135 10.76 0.12
2458488.3367080 10.62 0.10
2458488.3377496 10.74 0.12
2458488.3380968 10.74 0.12
2458488.3386177 10.69 0.11
2458488.3396593 10.82 0.12
2458488.3398330 10.69 0.11
2458488.3401802 10.82 0.12
2458488.3403538 10.75 0.12
2458488.3405274 10.79 0.12
2458488.3407010 10.72 0.11
2458488.3408746 10.68 0.11
2458488.3415691 10.48 0.09
2458488.3422635 10.70 0.11
2458488.3424371 10.76 0.12
2458488.3434788 10.70 0.11
2458488.3436524 10.62 0.10
2458488.3438260 10.64 0.11
2458488.3443469 10.66 0.11
2458488.3446941 10.63 0.11
2458488.3455631 10.62 0.10
2458488.3457365 10.75 0.12
2458488.3459100 10.69 0.11
2458488.3460834 10.77 0.12
2458488.3462569 10.54 0.10
2458488.3464303 10.60 0.10
2458488.3466038 10.86 0.13
2458488.3467774 10.81 0.12
2458488.3471246 10.82 0.13
2458488.3472982 10.87 0.13
2458488.3481663 10.66 0.11
2458488.3485135 10.83 0.13
2458488.3492080 10.77 0.12
2458488.3497288 10.59 0.10
2458488.3505969 10.58 0.10
2458488.3511177 10.70 0.11
2458488.3514649 10.79 0.12
2458488.3525066 10.54 0.10
2458488.3552843 10.78 0.12
2458488.3559788 10.78 0.12
2458488.3563260 10.81 0.12
2458488.3592774 10.72 0.11
2458488.3594510 10.58 0.10
2458488.3601455 10.58 0.10
2458488.3608399 10.70 0.11
2458488.3617080 10.81 0.12
2458488.3629232 10.83 0.13
2458488.3630968 10.81 0.12
2458488.3634441 10.71 0.11
2458488.3655274 10.58 0.10
2458488.3658746 10.67 0.11
2458488.3660482 10.74 0.12
2458488.3667427 10.59 0.10
2458488.3674371 10.67 0.11
2458488.3677844 10.61 0.10
2458488.3684788 10.80 0.12
2458488.3691744 10.53 0.10
2458488.3695213 10.49 0.09
2458488.3696948 10.75 0.12
2458488.3698682 10.70 0.11
2458488.3714302 10.61 0.11
2458488.3721246 10.55 0.10
2458488.3722982 10.52 0.10
2458488.3724718 10.63 0.11
2458488.3726455 10.70 0.11
2458488.3731663 10.84 0.13
2458488.3733399 10.62 0.11
2458488.3736871 10.60 0.10
2458488.3740343 10.56 0.10
2458488.3742080 10.61 0.11
2458493.2523211 10.70 0.10
2458493.2526684 10.62 0.09
2458493.2528420 10.64 0.10
2458493.2540586 10.49 0.08
2458493.2542320 10.59 0.09
2458493.2544055 10.72 0.10
2458493.2554461 10.54 0.09
2458493.2556198 10.43 0.08
2458493.2559670 10.60 0.09
2458493.2563142 10.51 0.08
2458493.2573559 10.55 0.09
2458493.2575295 10.72 0.10
2458493.2582239 10.59 0.09
2458493.2583975 10.64 0.09
2458493.2585711 10.57 0.09
2458493.2594392 10.71 0.10
2458493.2596128 10.49 0.08
2458493.2604809 10.62 0.09
2458493.2615225 10.61 0.09
2458493.2637795 10.79 0.11
2458493.2649948 10.57 0.09
2458493.2655156 10.48 0.08
2458493.2656892 10.61 0.09
2458493.2658628 10.61 0.09
2458493.2663847 10.54 0.08
2458493.2669050 10.63 0.09
2458493.2670784 10.48 0.08
2458493.2672519 10.45 0.08
2458493.2674253 10.68 0.10
2458493.2675989 10.64 0.09
2458493.2679461 10.52 0.08
2458493.2681197 10.43 0.08
2458493.2682934 10.44 0.08
2458493.2684670 10.62 0.09
2458493.2686406 10.43 0.08
2458493.2688142 10.60 0.09
2458493.2689878 10.82 0.11
2458493.2696822 10.54 0.09
2458493.2708975 10.63 0.09
2458493.2719392 10.68 0.10
2458493.2724600 10.59 0.09
2458493.2728073 10.44 0.08
2458493.2736753 10.52 0.08
2458493.2743697 10.45 0.08
2458493.2759322 10.78 0.11
2458493.2764531 10.52 0.08
2458493.2768003 10.78 0.11
2458493.2773211 10.78 0.11
2458493.2780169 10.45 0.08
2458493.2781904 10.49 0.08
2458493.2783638 10.54 0.09
2458493.2785373 10.67 0.10
2458493.2788841 10.55 0.09
2458493.2792310 10.72 0.10
2458493.2795781 10.59 0.09
2458493.2797517 10.50 0.08
2458493.2799253 10.53 0.08
2458493.2800989 10.45 0.08
2458493.2804461 10.62 0.09
2458493.2806198 10.66 0.09
2458493.2807934 10.68 0.10
2458493.2809670 10.45 0.08
2458493.2811406 10.76 0.10
2458493.2813142 10.60 0.09
2458493.2814878 10.40 0.08
2458493.2816614 10.63 0.09
2458493.2818350 10.71 0.10
2458493.2820086 10.67 0.10
2458493.2823559 10.65 0.09
2458493.2827031 10.55 0.09
2458493.2828767 10.60 0.09
2458493.2830503 10.50 0.08
2458493.2832239 10.49 0.08
2458493.2833975 10.68 0.10
2458493.2835711 10.46 0.08
2458493.2837447 10.73 0.10
2458493.2839184 10.69 0.10
2458493.2840920 10.73 0.10
2458493.2842656 10.55 0.09
2458493.2844392 10.42 0.08
2458493.2846128 10.52 0.08
2458493.2847864 10.66 0.09
2458493.2849600 10.71 0.10
2458493.2851336 10.64 0.09
2458493.2858281 10.47 0.08
2458493.2861753 10.57 0.09
2458493.2879114 10.77 0.11
2458493.2880850 10.58 0.09
2458493.2886059 10.71 0.10
2458493.2893003 10.82 0.11
2458493.2894739 10.66 0.10
2458493.2903429 10.64 0.09
2458493.2910367 10.35 0.07
2458493.2929461 10.39 0.07
2458493.2931197 10.57 0.09
2458493.2938142 10.54 0.09
2458493.2943350 10.71 0.10
2458493.2945086 10.52 0.08
2458493.2948559 10.54 0.08
2458493.2960711 10.57 0.09
2458493.2962448 10.59 0.09
2458493.2964184 10.49 0.08
2458493.2971128 10.48 0.08
2458493.2972864 10.50 0.08
2458493.2978072 10.68 0.10
2458493.2986753 10.93 0.12
2458493.2990225 10.63 0.09
2458493.2995434 10.75 0.11
2458493.3004114 10.51 0.08
2458493.3005850 10.83 0.11
2458493.3049369 10.37 0.07
2458493.3056313 10.63 0.09
2458493.3058049 10.45 0.08
2458493.3059785 10.64 0.09
2458493.3061522 10.62 0.09
2458493.3063258 10.65 0.09
2458493.3064994 10.54 0.09
2458493.3066730 10.48 0.08
2458493.3068466 10.62 0.09
2458493.3070202 10.57 0.09
2458493.3071938 10.72 0.10
2458493.3075410 10.68 0.10
2458493.3077147 10.71 0.10
2458493.3078883 10.60 0.09
2458493.3080619 10.53 0.08
2458493.3111869 10.39 0.07
2458493.3113605 10.69 0.10
2458493.3115341 10.45 0.08
2458493.3117077 10.70 0.10
2458493.3118813 10.57 0.09
2458493.3120549 10.53 0.08
2458493.3122298 10.70 0.10
2458493.3130971 10.57 0.09
2458493.3134439 10.60 0.09
2458493.3137910 10.99 0.13
2458493.3143119 10.54 0.08
2458493.3146591 10.55 0.08
2458493.3150063 10.55 0.08
2458493.3151799 10.51 0.08
2458493.3153535 10.56 0.09
2458493.3158744 10.48 0.08
2458493.3160480 10.57 0.09
2458493.3163952 10.58 0.09
2458493.3172633 10.48 0.08
2458493.3174369 10.51 0.08
2458493.3177841 10.62 0.09
2458493.3179577 10.74 0.10
2458493.3183049 10.58 0.09
2458493.3186522 10.73 0.10
2458493.3189994 10.56 0.08
2458493.3191730 10.62 0.09
2458493.3193466 10.50 0.08
2458493.3196938 10.48 0.08
2458493.3198674 10.67 0.09
2458493.3200411 10.75 0.10
2458493.3202147 10.49 0.08
2458493.3205619 10.70 0.10
2458493.3207355 10.49 0.08
2458493.3209091 10.59 0.09
2458493.3210827 10.60 0.09
2458493.3212563 10.57 0.09
2458493.3214299 10.59 0.09
2458493.3217772 10.63 0.09
2458493.3219508 10.56 0.08
2458493.3221244 10.63 0.09
2458493.3226452 10.67 0.09
2458493.3228188 10.48 0.08
2458493.3229924 10.49 0.08
2458493.3231662 10.73 0.10
2458493.3233397 10.59 0.09
2458493.3235133 10.60 0.09
2458493.3236869 10.70 0.10
2458493.3238605 10.56 0.09
2458493.3242090 10.54 0.08
2458493.3243824 10.67 0.09
2458493.3245559 10.62 0.09
2458493.3249028 10.53 0.08
2458493.3250762 10.60 0.09
2458493.3252497 10.59 0.09
2458493.3255966 10.56 0.08
2458493.3259438 10.54 0.08
2458493.3271591 10.57 0.09
2458493.3280272 10.41 0.07
2458493.3282008 10.51 0.08
2458493.3283744 10.52 0.08
2458493.3285480 10.72 0.10
2458493.3288952 10.59 0.09
2458493.3290688 10.60 0.09
2458493.3292430 10.58 0.09
2458493.3294160 10.63 0.09
2458493.3295897 10.68 0.09
2458493.3297633 10.76 0.10
2458493.3308049 10.75 0.10
2458493.3320202 10.70 0.10
2458493.3327147 10.68 0.09
2458493.3341036 10.42 0.08
2458493.3342772 10.50 0.08
2458493.3353188 10.45 0.08
2458493.3358397 10.71 0.10
2458493.3361882 10.50 0.08
2458493.3363616 10.59 0.09
2458493.3367085 10.54 0.08
2458493.3370554 10.57 0.08
2458493.3374023 10.52 0.08
2458493.3379230 10.47 0.08
2458493.3380966 10.53 0.08
2458493.3382702 10.49 0.08
2458493.3413952 10.73 0.10
2458493.3422633 10.51 0.08
2458493.3424369 10.63 0.09
2458493.3427841 10.63 0.09
2458493.3445202 10.53 0.08
2458493.3455619 10.68 0.10
2458493.3469508 10.61 0.09
2458493.3478188 10.51 0.08
2458493.3488611 10.39 0.07
2458493.3492080 10.63 0.09
2458493.3495549 10.61 0.09
2458493.3511174 10.54 0.09
2458493.3518119 10.66 0.09
2458493.3519855 10.63 0.09
2458493.3521591 10.48 0.08
2458493.3525063 10.52 0.08
2458493.3528535 10.61 0.09
2458493.3530272 10.57 0.09
2458493.3532008 10.73 0.10
2458493.3533744 10.78 0.10
2458493.3535480 10.56 0.09
2458493.3538952 10.67 0.10
2458493.3542424 10.58 0.09
2458493.3544160 10.61 0.09
2458493.3549369 10.51 0.08
2458493.3563258 10.46 0.08
2458493.3570202 10.59 0.09
2458493.3571938 10.64 0.09
2458493.3575411 10.48 0.08
2458493.3578883 10.61 0.09
2458493.3587563 10.62 0.09
2458493.3589299 10.63 0.09
2458493.3596244 10.49 0.08
2458493.3597980 10.58 0.09
2458493.3606668 10.59 0.09
2458493.3608403 10.77 0.10
2458493.3611871 10.63 0.09
2458493.3613606 10.58 0.09
2458493.3615341 10.43 0.08
2458493.3620549 10.56 0.09
2458493.3624022 10.55 0.09
2458493.3639647 10.53 0.08
2458493.3641383 10.55 0.08
2458493.3648327 10.61 0.09
2458493.3651799 10.58 0.09
2458493.3662216 10.64 0.09
2458493.3667424 10.68 0.10
2458493.3672633 10.50 0.08
2458493.3683049 10.52 0.08
2458493.3703883 10.35 0.07
2458493.3705619 10.67 0.10
2458493.3710827 10.69 0.10
2458493.3712563 10.59 0.09
2458493.3714299 10.74 0.10
2458493.3717772 10.45 0.08
2458493.3719508 10.67 0.10
2458493.3726460 10.58 0.09
2458493.3729928 10.55 0.09
2458493.3735133 10.71 0.10
2458493.3736869 10.68 0.10
2458493.3749022 10.54 0.08
2458493.3754230 10.71 0.10
2458493.3755966 10.72 0.10
2458493.3757702 10.54 0.08
2458493.3759438 10.58 0.09
2458493.3762910 10.49 0.08
2458493.3764647 10.59 0.09
2458493.3768119 10.68 0.10
2458493.3769855 10.56 0.09
2458493.3773327 10.79 0.11
2458493.3775063 10.71 0.10
2458493.3776799 10.68 0.10
2458493.3778535 10.57 0.09
2458493.3780272 10.70 0.10
2458493.3787216 10.61 0.09
2458493.3795897 10.65 0.09
2458493.3813258 10.68 0.10
2458493.3832355 10.63 0.10
2458493.3851454 10.65 0.10
2458493.3854924 10.54 0.09
2458493.3858397 10.72 0.10
2458493.3861869 10.70 0.10
2458493.3863605 10.64 0.10
2458493.3865341 10.58 0.09
2458493.3867077 10.71 0.10
2458493.3868813 10.64 0.10
2458493.3870549 10.64 0.10
2458493.3872286 10.67 0.10
2458493.3875758 10.72 0.10
2458493.3877494 10.64 0.10
2458493.3879230 10.61 0.09
2458493.3880966 10.53 0.09
2458493.3894855 10.59 0.09
2458493.3900063 10.63 0.10
2458493.3907008 10.50 0.08
2458493.3920897 10.62 0.10
2458493.3945202 10.76 0.11
2458493.3946938 10.60 0.09
2458493.3983397 10.67 0.10
2458493.3988605 10.59 0.09
2458493.3999022 10.81 0.12
2458493.4012910 10.52 0.09
2458493.4018119 10.51 0.09
2458493.4030272 10.60 0.10
2458493.4032008 10.56 0.09
2458493.4035480 10.57 0.09
2458493.4037216 10.41 0.08
2458493.4044161 10.80 0.12
2458493.4047633 10.45 0.08
2458493.4068466 10.63 0.10
2458493.4073674 10.70 0.11
2458493.4078896 10.73 0.11
2458493.4082365 10.73 0.11
2458493.4084099 10.55 0.09
2458493.4087568 10.67 0.10
2458493.4089302 10.81 0.12
2458493.4091037 10.56 0.09
2458493.4094508 10.78 0.12
2458493.4097980 10.56 0.09
2458493.4101452 10.85 0.12
2458493.4106661 10.51 0.09
2458493.4108397 10.69 0.11
2458493.4113605 10.68 0.11
2458493.4115341 10.62 0.10
2458493.4122286 10.52 0.09
2458493.4129230 10.54 0.09
2458493.4134438 10.60 0.10
2458493.4136174 10.45 0.09
2458493.4137911 10.70 0.11
2458493.4139647 10.55 0.09
2458493.4141383 10.50 0.09
2458493.4143119 10.68 0.11
2458493.4148327 10.69 0.11
2458493.4150063 10.60 0.10
2458493.4153535 10.69 0.11
2458493.4157008 10.76 0.12
2458493.4158744 10.88 0.13
2458494.3453420 10.63 0.15
2458494.3456892 10.42 0.11
2458494.3458628 10.64 0.14
2458494.3460364 10.50 0.12
2458494.3462100 10.65 0.14
2458494.3463836 10.44 0.11
2458494.3467309 10.35 0.10
2458494.3469045 10.47 0.11
2458494.3470781 10.39 0.11
2458494.3472517 10.60 0.13
2458494.3474253 10.60 0.13
2458494.3475989 10.64 0.14
2458494.3477725 10.43 0.11
2458494.3479462 10.62 0.13
2458494.3482934 10.58 0.13
2458494.3484670 10.54 0.12
2458494.3486406 10.47 0.12
2458494.3488142 10.59 0.13
2458494.3489878 10.61 0.13
2458494.3493350 10.53 0.12
2458494.3502031 10.61 0.13
2458494.3503767 10.69 0.14
2458494.3505503 10.52 0.12
2458494.3510711 10.56 0.13
2458494.3512447 10.54 0.13
2458494.3514184 10.65 0.14
2458494.3515920 10.70 0.15
2458494.3517656 10.63 0.14
2458494.3519392 10.59 0.13
2458494.3524600 10.53 0.13
2458494.3526336 10.51 0.13
2458494.3528073 10.59 0.14
2458494.3529809 10.67 0.15
2458494.3533281 10.68 0.15
2458494.3535031 10.54 0.13
2458494.3536765 10.57 0.13
2458494.3538500 10.54 0.13
2458494.3541969 10.58 0.14
2458494.3543703 10.56 0.14
2458494.3550642 10.47 0.13
2458494.3552378 10.48 0.13
2458494.3554114 10.46 0.13
2458494.3557586 10.41 0.13
2458494.3559322 10.47 0.14
2458494.3561059 10.58 0.16
2458494.3568003 10.39 0.14
2458494.3569739 10.53 0.16
2458494.3576684 10.41 0.15
2458494.3580156 10.33 0.14
2458494.3581892 10.47 0.16
2458495.1344161 10.49 0.13
2458495.1347646 10.49 0.14
2458495.1349380 10.54 0.14
2458495.1351115 10.57 0.15
2458495.1352849 10.38 0.12
2458495.1354584 10.73 0.17
2458495.1356318 10.67 0.16
2458495.1358052 10.49 0.13
2458495.1359787 10.60 0.15
2458495.1361522 10.62 0.15
2458495.1363258 10.71 0.16
2458495.1366730 10.46 0.13
2458495.1368466 10.52 0.14
2458495.1370202 10.35 0.12
2458495.1371938 10.58 0.14
2458495.1373674 10.78 0.17
2458495.1377147 10.44 0.13
2458495.1389299 10.77 0.17
2458495.1391035 10.44 0.13
2458495.1392772 10.63 0.15
2458495.1394508 10.62 0.15
2458495.1396244 10.74 0.16
2458495.1397980 10.53 0.14
2458495.1399716 10.63 0.15
2458495.1403188 10.61 0.15
2458495.1404924 10.52 0.14
2458495.1408397 10.50 0.13
2458495.1410133 10.48 0.13
2458495.1411869 10.54 0.14
2458495.1413605 10.42 0.12
2458495.1415341 10.29 0.11
2458495.1417077 10.59 0.15
2458495.1420549 10.58 0.14
2458495.1422286 10.54 0.14
2458495.1424022 10.42 0.13
2458495.1425758 10.48 0.13
2458495.1432702 10.69 0.16
2458495.1436174 10.52 0.14
2458495.1439647 10.41 0.12
2458495.1443119 10.61 0.15
2458495.1448327 10.46 0.13
2458495.1451799 10.45 0.13
2458495.1453535 10.45 0.13
2458495.1457008 10.45 0.13
2458495.1458744 10.55 0.14
2458495.1460480 10.63 0.15
2458495.1462216 10.35 0.12
2458495.1463952 10.33 0.11
2458495.1470907 10.50 0.13
2458495.1477844 10.37 0.12
2458495.1479579 10.56 0.14
2458495.1488258 10.53 0.14
2458495.1489994 10.58 0.14
2458495.1495202 10.37 0.12
2458495.1496938 10.58 0.14
2458495.1498674 10.49 0.13
2458495.1500411 10.42 0.12
2458495.1502147 10.57 0.14
2458495.1503883 10.40 0.12
2458495.1505619 10.48 0.13
2458495.1510827 10.57 0.14
2458495.1512563 10.45 0.12
2458495.1514299 10.38 0.12
2458495.1516036 10.55 0.14
2458495.1517772 10.33 0.11
2458495.1519508 10.44 0.12
2458495.1521244 10.66 0.15
2458495.1522980 10.62 0.14
2458495.1526452 10.47 0.13
2458495.1528188 10.41 0.12
2458495.1529924 10.55 0.14
2458495.1531660 10.42 0.12
2458495.1533397 10.56 0.14
2458495.1538605 10.45 0.13
2458495.1542077 10.48 0.13
2458495.1543813 10.44 0.12
2458495.1547285 10.50 0.13
2458495.1549022 10.49 0.13
2458495.1550758 10.60 0.14
2458495.1554230 10.43 0.12
2458495.1555966 10.79 0.17
2458495.1557702 10.48 0.13
2458495.1559438 10.77 0.17
2458495.1561174 10.57 0.14
2458495.1562911 10.54 0.14
2458495.1564647 10.45 0.12
2458495.1566383 10.45 0.12
2458495.1568119 10.73 0.16
2458495.1569855 10.52 0.13
2458495.1575063 10.47 0.13
2458495.1576799 10.64 0.15
2458495.1580272 10.58 0.14
2458495.1582008 10.76 0.16
2458495.1583744 10.52 0.13
2458495.1585480 10.41 0.12
2458495.1587230 10.57 0.14
2458495.1588964 10.67 0.15
2458495.1590699 10.59 0.14
2458495.1592433 10.60 0.14
2458495.1594167 10.51 0.13
2458495.1597636 10.58 0.14
2458495.1599371 10.67 0.15
2458495.1604577 10.35 0.11
2458495.1608049 10.50 0.13
2458495.1609785 10.40 0.12
2458495.1611522 10.52 0.13
2458495.1613258 10.69 0.15
2458495.1614994 10.53 0.13
2458495.1616730 10.51 0.13
2458495.1618466 10.43 0.12
2458495.1620202 10.63 0.14
2458495.1625410 10.55 0.13
2458495.1627147 10.64 0.15
2458495.1628883 10.67 0.15
2458495.1632355 10.60 0.14
2458495.1634091 10.60 0.14
2458495.1635827 10.53 0.13
2458495.1637563 10.43 0.12
2458495.1642772 10.51 0.13
2458495.1646244 10.45 0.12
2458495.1647980 10.38 0.11
2458495.1649716 10.56 0.14
2458495.1651452 10.50 0.13
2458495.1656660 10.56 0.13
2458495.1658397 10.55 0.13
2458495.1661869 10.48 0.13
2458495.1663605 10.46 0.12
2458495.1665341 10.57 0.14
2458495.1667077 10.67 0.15
2458495.1670549 10.66 0.15
2458495.1677494 10.61 0.14
2458495.1682702 10.66 0.15
2458495.1686174 10.56 0.13
2458495.1689647 10.72 0.16
2458495.1693119 10.66 0.15
2458495.1694855 10.45 0.12
2458495.1696591 10.61 0.14
2458495.1700063 10.54 0.13
2458495.1701799 10.69 0.15
2458495.1703535 10.61 0.14
2458495.1707022 10.56 0.13
2458495.1708756 10.65 0.14
2458495.1710491 10.65 0.14
2458495.1712225 10.56 0.13
2458495.1713960 10.50 0.13
2458495.1715694 10.47 0.12
2458495.1717428 10.51 0.13
2458495.1720897 10.53 0.13
2458495.1722633 10.40 0.12
2458495.1724369 10.63 0.14
2458495.1726105 10.50 0.13
2458495.1729577 10.51 0.13
2458495.1734786 10.46 0.12
2458495.1736522 10.54 0.13
2458495.1738258 10.63 0.14
2458495.1741730 10.58 0.13
2458495.1745202 10.56 0.13
2458495.1746938 10.56 0.13
2458495.1748674 10.46 0.12
2458495.1753883 10.38 0.11
2458495.1757355 10.53 0.13
2458495.1760827 10.77 0.16
2458495.1762563 10.64 0.14
2458495.1766035 10.49 0.12
2458495.1767772 10.53 0.13
2458495.1769508 10.70 0.15
2458495.1771244 10.70 0.15
2458495.1772980 10.77 0.16
2458495.1776452 10.53 0.13
2458495.1779924 10.61 0.14
2458495.1783397 10.62 0.14
2458495.1786869 10.58 0.13
2458495.1790341 10.50 0.12
2458495.1799022 10.64 0.14
2458495.1802494 10.32 0.11
2458495.1805966 10.53 0.13
2458495.1812911 10.48 0.12
2458495.1816383 10.58 0.13
2458495.1821591 10.70 0.15
2458495.1825063 10.48 0.12
2458495.1832017 10.54 0.13
2458495.1835486 10.76 0.16
2458495.1838955 10.65 0.14
2458495.1840689 10.48 0.12
2458495.1845897 10.69 0.14
2458495.1847633 10.63 0.14
2458495.1849369 10.49 0.12
2458495.1851105 10.57 0.13
2458495.1852841 10.52 0.13
2458495.1854577 10.64 0.14
2458495.1856313 10.64 0.14
2458495.1858049 10.61 0.13
2458495.1859785 10.50 0.12
2458495.1861522 10.53 0.12
2458495.1863258 10.69 0.14
2458495.1866730 10.63 0.13
2458495.1868466 10.74 0.15
2458495.1870202 10.64 0.14
2458495.1873674 10.52 0.12
2458495.1875411 10.71 0.14
2458495.1877147 10.60 0.13
2458495.1880619 10.60 0.13
2458495.1884091 10.58 0.13
2458495.1885827 10.63 0.13
2458495.1887563 10.61 0.13
2458495.1889299 10.58 0.13
2458495.1891036 10.63 0.13
2458495.1892772 10.83 0.16
2458495.1896244 10.43 0.11
2458495.1897980 10.69 0.14
2458495.1899716 10.60 0.13
2458495.1901452 10.57 0.13
2458495.1904924 10.67 0.14
2458495.1906661 10.58 0.13
2458495.1908397 10.49 0.12
2458495.1910133 10.60 0.13
2458495.1911869 10.54 0.12
2458495.1913605 10.50 0.12
2458495.1915341 10.68 0.14
2458495.1917077 10.57 0.13
2458495.1918813 10.77 0.15
2458495.1920549 10.48 0.12
2458495.1922285 10.46 0.12
2458495.1925758 10.59 0.13
2458495.1927494 10.48 0.12
2458495.1930966 10.60 0.13
2458495.1934438 10.65 0.14
2458495.1937910 10.76 0.15
2458495.1939647 10.61 0.13
2458495.1941383 10.70 0.14
2458495.1944855 10.55 0.12
2458495.1946591 10.55 0.12
2458495.1951809 10.66 0.14
2458495.1953544 10.65 0.14
2458495.1963952 10.71 0.14
2458495.1969161 10.50 0.12
2458495.1970897 10.68 0.14
2458495.1972633 10.39 0.11
2458495.1974369 10.46 0.12
2458495.1979577 10.72 0.14
2458495.1981313 10.40 0.11
2458495.1983049 10.50 0.12
2458495.1984786 10.53 0.12
2458495.1986522 10.62 0.13
2458495.1988258 10.57 0.13
2458495.1989994 10.74 0.15
2458495.1991730 10.72 0.14
2458495.1993466 10.66 0.14
2458495.1995202 10.60 0.13
2458495.1996938 10.61 0.13
2458495.1998674 10.56 0.13
2458495.2002147 10.66 0.14
2458495.2003883 10.71 0.14
2458495.2005619 10.64 0.13
2458495.2007355 10.56 0.13
2458495.2016035 10.62 0.13
2458495.2017772 10.69 0.14
2458495.2022980 10.65 0.14
2458495.2024716 10.55 0.12
2458495.2026452 10.59 0.13
2458495.2031661 10.59 0.13
2458495.2033397 10.58 0.13
2458495.2035133 10.64 0.13
2458495.2036869 10.65 0.14
2458495.2042077 10.64 0.13
2458495.2043813 10.57 0.13
2458495.2045549 10.60 0.13
2458495.2050758 10.73 0.15
2458495.2054230 10.48 0.12
2458495.2055966 10.68 0.14
2458495.2059438 10.53 0.12
2458495.2061174 10.65 0.14
2458495.2069867 10.68 0.14
2458495.2071601 10.52 0.12
2458495.2075070 10.76 0.15
2458495.2087216 10.63 0.14
2458495.2088952 10.67 0.14
2458495.2094160 10.56 0.13
2458495.2099369 10.52 0.12
2458495.2101105 10.71 0.14
2458495.2104577 10.74 0.15
2458495.2106313 10.60 0.13
2458495.2113258 10.56 0.13
2458495.2114994 10.49 0.12
2458495.2116730 10.63 0.13
2458495.2118466 10.59 0.13
2458495.2120202 10.64 0.14
2458495.2123674 10.48 0.12
2458495.2125411 10.48 0.12
2458495.2128883 10.68 0.14
2458495.2134091 10.76 0.15
2458495.2135827 10.73 0.14
2458495.2137563 10.62 0.13
2458495.2141036 10.57 0.13
2458495.2144508 10.59 0.13
2458495.2151452 10.71 0.14
2458495.2154924 10.53 0.12
2458495.2156660 10.74 0.14
2458495.2158397 10.61 0.13
2458495.2160133 10.56 0.12
2458495.2161869 10.67 0.13
2458495.2165341 10.86 0.16
2458495.2168813 10.68 0.14
2458495.2172285 10.56 0.12
2458495.2174022 10.76 0.15
2458495.2175758 10.77 0.15
2458495.2177494 10.65 0.13
2458495.2180966 10.75 0.14
2458495.2182702 10.55 0.12
2458495.2184438 10.76 0.15
2458495.2186174 10.38 0.10
2458495.2187924 10.47 0.11
2458495.2191393 10.67 0.13
2458495.2193127 10.50 0.12
2458495.2198331 10.57 0.13
2458495.2200065 10.60 0.13
2458495.2201799 10.76 0.15
2458495.2203536 10.57 0.12
2458495.2205272 10.59 0.13
2458495.2208744 10.64 0.13
2458495.2212216 10.59 0.13
2458495.2213952 10.66 0.13
2458495.2220897 10.64 0.13
2458495.2226105 10.70 0.14
2458495.2231313 10.68 0.14
2458495.2236522 10.45 0.11
2458495.2238258 10.57 0.12
2458495.2239994 10.83 0.16
2458495.2241730 10.75 0.15
2458495.2245202 10.70 0.14
2458495.2246938 10.60 0.13
2458495.2248674 10.60 0.13
2458495.2252147 10.69 0.14
2458495.2253883 10.64 0.13
2458495.2257355 10.66 0.14
2458495.2259091 10.76 0.15
2458495.2262563 10.58 0.13
2458495.2264299 10.73 0.14
2458495.2266036 10.58 0.13
2458495.2269508 10.37 0.10
2458495.2272980 10.74 0.14
2458495.2274716 10.71 0.14
2458495.2279924 10.60 0.13
2458495.2281661 10.61 0.13
2458495.2283397 10.60 0.13
2458495.2285133 10.52 0.12
2458495.2286869 10.61 0.13
2458495.2292077 10.80 0.15
2458495.2293813 10.60 0.13
2458495.2304230 10.70 0.14
2458495.2305966 10.56 0.12
2458495.2309450 10.74 0.14
2458495.2312919 10.77 0.15
2458495.2314654 10.59 0.12
2458495.2316388 10.70 0.14
2458495.2318122 10.63 0.13
2458495.2319857 10.59 0.12
2458495.2321591 10.51 0.11
2458495.2323327 10.60 0.12
2458495.2333744 10.41 0.10
2458495.2337216 10.78 0.14
2458495.2340688 10.59 0.12
2458495.2342424 10.50 0.11
2458495.2347633 10.52 0.11
2458495.2351105 10.54 0.12
2458495.2354577 10.57 0.12
2458495.2358049 10.76 0.14
2458495.2359785 10.65 0.13
2458495.2361522 10.68 0.13
2458495.2364994 10.59 0.12
2458495.2366730 10.43 0.11
2458495.2368466 10.65 0.13
2458495.2370202 10.50 0.11
2458495.2375411 10.71 0.14
2458495.2378883 10.64 0.13
2458495.2380619 10.48 0.11
2458495.2385827 10.63 0.13
2458495.2387563 10.66 0.13
2458495.2396244 10.55 0.12
2458495.2397980 10.76 0.14
2458495.2399716 10.60 0.12
2458495.2403188 10.53 0.11
2458495.2404924 10.42 0.10
2458495.2411869 10.49 0.11
2458495.2413605 10.63 0.13
2458495.2415341 10.72 0.14
2458495.2418813 10.42 0.10
2458495.2422286 10.48 0.11
2458495.2424022 10.75 0.14
2458495.2432711 10.60 0.12
2458495.2436180 10.58 0.12
2458495.2437914 10.51 0.11
2458495.2439649 10.55 0.12
2458495.2441383 10.54 0.12
2458495.2446591 10.59 0.12
2458495.2448327 10.68 0.13
2458495.2451799 10.36 0.10
2458495.2453536 10.80 0.15
2458495.2455272 10.48 0.11
2458495.2458744 10.70 0.13
2458495.2460480 10.63 0.13
2458495.2465688 10.61 0.12
2458495.2467424 10.81 0.15
2458495.2472633 10.51 0.11
2458495.2476105 10.64 0.13
2458495.2477841 10.68 0.13
2458495.2481313 10.64 0.13
2458495.2483049 10.66 0.13
2458495.2486522 10.63 0.12
2458495.2488258 10.69 0.13
2458495.2489994 10.70 0.13
2458495.2491730 10.62 0.12
2458495.2493466 10.59 0.12
2458495.2496938 10.60 0.12
2458495.2498674 10.67 0.13
2458495.2502147 10.46 0.11
2458495.2503883 10.58 0.12
2458495.2505619 10.58 0.12
2458495.2510827 10.58 0.12
2458495.2514299 10.41 0.10
2458495.2516036 10.35 0.10
2458495.2517772 10.67 0.13
2458495.2519508 10.53 0.12
2458495.2521244 10.35 0.10
2458495.2522980 10.73 0.14
2458495.2524716 10.70 0.13
2458495.2526452 10.70 0.13
2458495.2528188 10.52 0.11
2458495.2531661 10.69 0.13
2458495.2535133 10.53 0.11
2458495.2536869 10.45 0.10
2458495.2538605 10.62 0.12
2458495.2540341 10.54 0.11
2458495.2542077 10.83 0.15
2458495.2543813 10.75 0.14
2458495.2545549 10.55 0.12
2458495.2547300 10.66 0.13
2458495.2549034 10.46 0.11
2458495.2550769 10.78 0.14
2458495.2552503 10.58 0.12
2458495.2554238 10.47 0.11
2458495.2555972 10.58 0.12
2458495.2557706 10.68 0.13
2458495.2561175 10.60 0.12
2458495.2564647 10.67 0.13
2458495.2566383 10.66 0.13
2458495.2569855 10.60 0.12
2458495.2571591 10.58 0.12
2458495.2583744 10.47 0.10
2458495.2585480 10.47 0.10
2458495.2588952 10.71 0.13
2458495.2590688 10.80 0.14
2458495.2592424 10.68 0.13
2458495.2594161 10.69 0.13
2458495.2595897 10.66 0.12
2458495.2597633 10.67 0.13
2458495.2599369 10.66 0.12
2458495.2602841 10.56 0.11
2458495.2604577 10.61 0.12
2458495.2606313 10.55 0.11
2458495.2608049 10.69 0.13
2458495.2609786 10.64 0.12
2458495.2613258 10.55 0.11
2458495.2614994 10.65 0.12
2458495.2616730 10.65 0.12
2458495.2620202 10.67 0.13
2458495.2625410 10.54 0.11
2458495.2627147 10.56 0.11
2458495.2628883 10.52 0.11
2458495.2632355 10.44 0.10
2458495.2635827 10.64 0.12
2458495.2637563 10.64 0.12
2458495.2639299 10.51 0.11
2458495.2641035 10.49 0.11
2458495.2642772 10.72 0.13
2458495.2644508 10.48 0.11
2458495.2647980 10.61 0.12
2458495.2649716 10.79 0.14
2458495.2651452 10.53 0.11
2458495.2654924 10.44 0.10
2458495.2656661 10.47 0.11
2458495.2658397 10.67 0.13
2458495.2665341 10.63 0.12
2458495.2667077 10.62 0.12
2458495.2670561 10.50 0.11
2458495.2672295 10.65 0.12
2458495.2674030 10.68 0.13
2458495.2675764 10.57 0.12
2458495.2677498 10.72 0.13
2458495.2680967 10.62 0.12
2458495.2684438 10.64 0.12
2458495.2686174 10.52 0.11
2458495.2687911 10.52 0.11
2458495.2689647 10.55 0.11
2458495.2691383 10.67 0.13
2458495.2693119 10.56 0.11
2458495.2694855 10.69 0.13
2458495.2696591 10.64 0.12
2458495.2700063 10.62 0.12
2458495.2701799 10.55 0.11
2458495.2703535 10.49 0.11
2458495.2707008 10.58 0.11
2458495.2708744 10.58 0.11
2458495.2710480 10.60 0.12
2458495.2712216 10.52 0.11
2458495.2713952 10.66 0.12
2458495.2715688 10.53 0.11
2458495.2719160 10.65 0.12
2458495.2720897 10.47 0.10
2458495.2722633 10.50 0.11
2458495.2724369 10.52 0.11
2458495.2726105 10.76 0.13
2458495.2727841 10.71 0.13
2458495.2729577 10.75 0.13
2458495.2731313 10.50 0.11
2458495.2734786 10.64 0.12
2458495.2736522 10.44 0.10
2458495.2738258 10.44 0.10
2458495.2743466 10.67 0.12
2458495.2745202 10.49 0.11
2458495.2750411 10.62 0.12
2458495.2753883 10.54 0.11
2458495.2755619 10.65 0.12
2458495.2759091 10.77 0.14
2458495.2762563 10.68 0.13
2458495.2769508 10.79 0.14
2458495.2776452 10.69 0.13
2458495.2779924 10.52 0.11
2458495.2785133 10.65 0.12
2458495.2786869 10.73 0.13
2458495.2788618 10.70 0.13
2458495.2800759 10.78 0.14
2458495.2804230 10.54 0.11
2458495.2805966 10.59 0.12
2458495.2809438 10.64 0.12
2458495.2812911 10.69 0.13
2458495.2814647 10.76 0.14
2458495.2825063 10.60 0.12
2458495.2826799 10.74 0.13
2458495.2828536 10.73 0.13
2458495.2830272 10.57 0.11
2458495.2833744 10.56 0.11
2458495.2835480 10.68 0.12
2458495.2837216 10.64 0.12
2458495.2838952 10.74 0.13
2458495.2844161 10.61 0.12
2458495.2847633 10.60 0.11
2458495.2852841 10.62 0.12
2458495.2854577 10.58 0.11
2458495.2859785 10.69 0.13
2458495.2868466 10.72 0.13
2458495.2870202 10.57 0.11
2458495.2871938 10.64 0.12
2458495.2873674 10.77 0.13
2458495.2875410 10.69 0.12
2458495.2877147 10.66 0.12
2458495.2878883 10.50 0.11
2458495.2882355 10.53 0.11
2458495.2885827 10.63 0.12
2458495.2897980 10.68 0.13
2458495.2899716 10.70 0.13
2458495.2904924 10.70 0.13
2458495.2908410 10.73 0.13
2458495.2910145 10.69 0.13
2458495.2911879 10.66 0.12
2458495.2913614 10.74 0.13
2458495.2915348 10.53 0.11
2458495.2917083 10.65 0.12
2458495.2918817 10.67 0.12
2458495.2922286 10.62 0.12
2458495.2924022 10.51 0.11
2458495.2927494 10.61 0.12
2458495.2929230 10.55 0.11
2458495.2930966 10.62 0.12
2458495.2932702 10.59 0.11
2458495.2934438 10.46 0.10
2458495.2936174 10.68 0.12
2458495.2937910 10.65 0.12
2458495.2939647 10.60 0.12
2458495.2941383 10.54 0.11
2458495.2946591 10.63 0.12
2458495.2948327 10.73 0.13
2458495.2950063 10.44 0.10
2458495.2951799 10.68 0.12
2458495.2953535 10.69 0.13
2458495.2955272 10.72 0.13
2458495.2958744 10.65 0.12
2458495.2960480 10.57 0.11
2458495.2962216 10.64 0.12
2458495.2963952 10.62 0.12
2458495.2967424 10.89 0.15
2458495.2969160 10.57 0.11
2458495.2970897 10.69 0.12
2458495.2974369 10.59 0.11
2458495.2977841 10.59 0.11
2458495.2979577 10.75 0.13
2458495.2984785 10.72 0.13
2458495.2988258 10.68 0.12
2458495.2993466 10.73 0.13
2458495.2998674 10.72 0.13
2458495.3002147 10.67 0.12
2458495.3005619 10.49 0.10
2458495.3016035 10.59 0.11
2458495.3017772 10.78 0.13
2458495.3019508 10.78 0.13
2458495.3024716 10.79 0.14
2458495.3026452 10.59 0.11
2458495.3029937 10.62 0.12
2458495.3031671 10.56 0.11
2458495.3035140 10.59 0.11
2458495.3038609 10.48 0.10
2458495.3042078 10.82 0.14
2458495.3043813 10.59 0.11
2458495.3049022 10.52 0.11
2458495.3050758 10.55 0.11
2458495.3052494 10.76 0.13
2458495.3054230 10.45 0.10
2458495.3055966 10.59 0.11
2458495.3057702 10.74 0.13
2458495.3064647 10.67 0.12
2458495.3068119 10.75 0.13
2458495.3073327 10.50 0.11
2458495.3075063 10.72 0.13
2458495.3076799 10.63 0.12
2458495.3078536 10.61 0.12
2458495.3085480 10.74 0.13
2458495.3094160 10.54 0.11
2458495.3095897 10.56 0.11
2458495.3106313 10.71 0.13
2458495.3109785 10.56 0.11
2458495.3113258 10.71 0.13
2458495.3125411 10.72 0.13
2458495.3127147 10.75 0.13
2458495.3130619 10.57 0.11
2458495.3132355 10.43 0.10
2458495.3134091 10.53 0.11
2458495.3137563 10.54 0.11
2458495.3141036 10.67 0.12
2458495.3142772 10.54 0.11
2458495.3144508 10.56 0.11
2458495.3146244 10.77 0.14
2458495.3147980 10.70 0.13
2458495.3149729 10.67 0.12
2458495.3153198 10.59 0.11
2458498.1656545 10.56 0.14
2458498.1658281 10.68 0.12
2458498.1660017 10.59 0.11
2458498.1661753 10.61 0.11
2458498.1663489 10.58 0.11
2458498.1665238 10.45 0.10
2458498.1668707 10.62 0.12
2458498.1670441 10.54 0.11
2458498.1675645 10.60 0.11
2458498.1679114 10.62 0.12
2458498.1686059 10.82 0.14
2458498.1687795 10.52 0.10
2458498.1703420 10.73 0.13
2458498.1706892 10.68 0.12
2458498.1708628 10.71 0.12
2458498.1710364 10.62 0.11
2458498.1717309 10.61 0.11
2458498.1719045 10.67 0.12
2458498.1720781 10.60 0.11
2458498.1722517 10.63 0.12
2458498.1731198 10.62 0.11
2458498.1732934 10.54 0.10
2458498.1738142 10.59 0.11
2458498.1739878 10.39 0.09
2458498.1743350 10.51 0.10
2458498.1750295 10.52 0.10
2458498.1753767 10.66 0.11
2458498.1757239 10.38 0.09
2458498.1758975 10.70 0.12
2458498.1760711 10.69 0.12
2458498.1765920 10.79 0.13
2458498.1767656 10.64 0.11
2458498.1771128 10.63 0.11
2458498.1772864 10.70 0.12
2458498.1774600 10.80 0.13
2458498.1779809 10.73 0.12
2458498.1781545 10.53 0.10
2458498.1785029 10.51 0.10
2458498.1795436 10.55 0.10
2458498.1802378 10.63 0.11
2458498.1805850 10.37 0.09
2458498.1811059 10.61 0.10
2458498.1814531 10.80 0.13
2458498.1818003 10.42 0.09
2458498.1821475 10.67 0.11
2458498.1824948 10.48 0.09
2458498.1828420 10.58 0.11
2458498.1840572 10.66 0.11
2458498.1842309 10.74 0.12
2458498.1850989 10.61 0.11
2458498.1854461 10.59 0.11
2458498.1856197 10.62 0.11
2458498.1863142 10.51 0.10
2458498.1868350 10.38 0.09
2458498.1882974 10.58 0.10
2458498.1896128 10.74 0.12
2458498.1908281 10.67 0.11
2458498.1911753 10.67 0.11
2458498.1918697 10.67 0.11
2458498.1920434 10.52 0.10
2458498.1922170 10.46 0.09
2458498.1923906 10.59 0.10
2458498.1925642 10.41 0.09
2458498.1927378 10.46 0.09
2458498.1929114 10.47 0.09
2458498.1930850 10.64 0.11
2458498.1932586 10.55 0.10
2458498.1934322 10.73 0.11
2458498.1936059 10.69 0.11
2458498.1937795 10.68 0.11
2458498.1941267 10.49 0.09
2458498.1943003 10.70 0.11
2458498.1970784 10.59 0.10
2458498.1974253 10.43 0.08
2458498.1975989 10.32 0.08
2458498.1981198 10.50 0.09
2458498.1996822 10.46 0.09
2458498.2012447 10.43 0.08
2458498.2014184 10.61 0.10
2458498.2015920 10.55 0.09
2458498.2024600 10.54 0.09
2458498.2059323 10.77 0.11
2458498.2116614 10.37 0.08
2458498.2140920 10.46 0.08
2458498.2149600 10.40 0.08
2458498.2153072 10.50 0.09
2458498.2154809 10.45 0.08
2458498.2156545 10.41 0.08
2458498.2158281 10.36 0.08
2458498.2161753 10.47 0.08
2458498.2163489 10.47 0.08
2458498.2168697 10.50 0.09
2458498.2173906 10.38 0.08
2458498.2201694 10.43 0.08
2458498.2212101 10.49 0.09
2458498.2222517 10.59 0.09
2458498.2225989 10.58 0.09
2458498.2227725 10.53 0.09
2458498.2231197 10.50 0.08
2458498.2232934 10.60 0.09
2458498.2236406 10.49 0.08
2458498.2238142 10.52 0.09
2458498.2239878 10.50 0.08
2458498.2241614 10.43 0.08
2458498.2260711 10.47 0.08
2458498.2279809 10.50 0.08
2458498.2293698 10.48 0.08
2458498.2305850 10.55 0.09
2458498.2309322 10.75 0.11
2458498.2318016 10.39 0.08
2458498.2323219 10.52 0.09
2458498.2330157 10.49 0.09
2458498.2344045 10.45 0.08
2458498.2347517 10.54 0.09
2458498.2350989 10.48 0.09
2458498.2352725 10.48 0.09
2458498.2354461 10.61 0.10
2458498.2356198 10.55 0.09
2458498.2359670 10.51 0.09
2458498.2363142 10.62 0.10
2458498.2366614 10.43 0.08
2458498.2368350 10.76 0.11
2458498.2371823 10.53 0.09
2458498.2380503 10.91 0.13
2458498.2383975 10.80 0.12
2458498.2397864 10.68 0.11
2458498.2410017 10.51 0.09
2458498.2418697 10.64 0.10
2458498.2422170 10.39 0.08
2458498.2436073 10.46 0.09
2458498.2437807 10.67 0.10
2458498.2462100 10.57 0.10
2458498.2474253 10.52 0.09
2458498.2475989 10.52 0.09
2458498.2477725 10.75 0.11
2458498.2482934 10.63 0.10
2458498.2484670 10.47 0.09
2458498.2486406 10.83 0.12
2458498.2488142 10.45 0.09
2458498.2498559 10.78 0.11
2458498.2500295 10.57 0.10
2458498.2502031 10.58 0.10
2458498.2505503 10.70 0.11
2458498.2507239 10.72 0.11
2458498.2514184 10.67 0.11
2458498.2519392 10.59 0.10
2458498.2522864 10.72 0.11
2458498.2526336 10.77 0.12
2458498.2541961 10.61 0.10
2458498.2543697 10.57 0.10
2458498.2545434 10.52 0.10
2458498.2547170 10.73 0.11
2458498.2568004 10.66 0.11
2458498.2574947 10.71 0.11
2458498.2607934 10.69 0.11
2458498.2627031 10.68 0.09
2458498.2628767 10.52 0.08
2458498.2630503 10.54 0.08
2458498.2632239 10.70 0.09
2458498.2633975 10.68 0.09
2458498.2640920 10.64 0.08
2458498.2642656 10.68 0.09
2458498.2644392 10.67 0.09
2458498.2646128 10.64 0.09
2458498.2647864 10.68 0.09
2458498.2649600 10.58 0.09
2458498.2653072 10.71 0.09
2458498.2654809 10.66 0.09
2458498.2656545 10.64 0.09
2458498.2658281 10.77 0.10
2458498.2660017 10.62 0.08
2458498.2661753 10.65 0.09
2458498.2663489 10.68 0.09
2458498.2665225 10.66 0.09
2458498.2668698 10.53 0.08
2458498.2670434 10.61 0.08
2458498.2677389 10.68 0.09
2458498.2679124 10.64 0.09
2458498.2682593 10.73 0.09
2458498.2687796 10.69 0.09
2458498.2691267 10.72 0.09
2458498.2694739 10.73 0.09
2458498.2696475 10.74 0.09
2458498.2699947 10.57 0.08
2458498.2701684 10.68 0.09
2458498.2703420 10.62 0.08
2458498.2706892 10.68 0.09
2458498.2708628 10.60 0.08
2458498.2710364 10.73 0.09
2458498.2712100 10.57 0.08
2458498.2713836 10.85 0.10
2458498.2717309 10.53 0.08
2458498.2722517 10.74 0.10
2458498.2724253 10.69 0.09
2458498.2731197 10.56 0.08
2458498.2732934 10.61 0.08
2458498.2734670 10.58 0.08
2458498.2736406 10.67 0.09
2458498.2738142 10.55 0.08
2458498.2739878 10.63 0.08
2458498.2741614 10.72 0.09
2458498.2743350 10.57 0.08
2458498.2745086 10.52 0.08
2458498.2746823 10.62 0.08
2458498.2748559 10.66 0.09
2458498.2750295 10.73 0.09
2458498.2752031 10.74 0.09
2458498.2753767 10.66 0.09
2458498.2755503 10.65 0.09
2458498.2757239 10.51 0.07
2458498.2758975 10.57 0.08
2458498.2760711 10.62 0.08
2458498.2762448 10.61 0.08
2458498.2764184 10.78 0.09
2458498.2765920 10.66 0.09
2458498.2767656 10.51 0.08
2458498.2769392 10.58 0.08
2458498.2771128 10.60 0.08
2458498.2772864 10.60 0.08
2458498.2774600 10.67 0.09
2458498.2776336 10.72 0.09
2458498.2778072 10.61 0.08
2458498.2779809 10.61 0.08
2458498.2783281 10.62 0.08
2458498.2791961 10.72 0.09
2458498.2793697 10.62 0.08
2458498.2797182 10.65 0.09
2458498.2805854 10.52 0.08
2458498.2809323 10.65 0.09
2458498.2812795 10.60 0.08
2458498.2816267 10.63 0.08
2458498.2818003 10.64 0.08
2458498.2819739 10.55 0.08
2458498.2821475 10.57 0.08
2458498.2823211 10.69 0.09
2458498.2824948 10.86 0.11
2458498.2826684 10.71 0.09
2458498.2830156 10.59 0.08
2458498.2831892 10.53 0.08
2458498.2833628 10.80 0.10
2458498.2838836 10.64 0.09
2458498.2840573 10.52 0.08
2458498.2842309 10.70 0.09
2458498.2844045 10.61 0.08
2458498.2845781 10.65 0.09
2458498.2847517 10.56 0.08
2458498.2849253 10.56 0.08
2458498.2852725 10.59 0.08
2458498.2854461 10.62 0.09
2458498.2866614 10.61 0.08
2458498.2873559 10.55 0.08
2458498.2877031 10.61 0.09
2458498.2878767 10.49 0.08
2458498.2882239 10.54 0.08
2458498.2883975 10.59 0.08
2458498.2887447 10.63 0.09
2458498.2889184 10.64 0.09
2458498.2894392 10.49 0.08
2458498.2896128 10.77 0.10
2458498.2897864 10.59 0.08
2458498.2899600 10.48 0.08
2458498.2903073 10.71 0.09
2458498.2904809 10.58 0.08
2458498.2906545 10.65 0.09
2458498.2910017 10.58 0.08
2458498.2913489 10.63 0.09
2458498.2918708 10.64 0.09
2458498.2920443 10.69 0.09
2458498.2930850 10.51 0.08
2458498.2932586 10.49 0.08
2458498.2941267 10.50 0.08
2458498.2948211 10.44 0.08
2458498.2949947 10.57 0.08
2458498.2951684 10.59 0.08
2458498.2955156 10.59 0.08
2458498.2958628 10.59 0.08
2458498.2962100 10.58 0.08
2458498.2969045 10.46 0.07
2458498.2974253 10.78 0.10
2458498.2975989 10.59 0.08
2458498.2981198 10.56 0.08
2458498.2982934 10.55 0.08
2458498.2984670 10.73 0.10
2458498.2986406 10.58 0.08
2458498.2988142 10.54 0.08
2458498.3007239 10.53 0.08
2458498.3012447 10.57 0.09
2458498.3017656 10.39 0.07
2458498.3021128 10.50 0.08
2458498.3022864 10.54 0.08
2458498.3024600 10.50 0.08
2458498.3028072 10.64 0.09
2458498.3033281 10.60 0.08
2458498.3035017 10.56 0.08
2458498.3036766 10.50 0.08
2458498.3038500 10.58 0.08
2458498.3040235 10.52 0.08
2458498.3041969 10.60 0.08
2458498.3047172 10.50 0.08
2458498.3050642 10.58 0.08
2458498.3052378 10.52 0.08
2458498.3054114 10.35 0.07
2458498.3055850 10.52 0.08
2458498.3059323 10.70 0.09
2458498.3064531 10.64 0.09
2458498.3066267 10.55 0.08
2458498.3069739 10.42 0.07
2458498.3071475 10.54 0.08
2458498.3073211 10.49 0.08
2458498.3074948 10.50 0.08
2458498.3078420 10.54 0.08
2458498.3083628 10.57 0.08
2458498.3088836 10.47 0.08
2458498.3092309 10.76 0.10
2458498.3094045 10.49 0.08
2458498.3095781 10.58 0.09
2458498.3100989 10.47 0.08
2458498.3109670 10.65 0.09
2458498.3111406 10.65 0.09
2458498.3113142 10.59 0.09
2458498.3116614 10.60 0.09
2458498.3118350 10.64 0.09
2458498.3120086 10.59 0.09
2458498.3121822 10.51 0.08
2458498.3123559 10.49 0.08
2458498.3127031 10.71 0.10
2458498.3128767 10.62 0.09
2458498.3130503 10.62 0.09
2458498.3132239 10.65 0.09
2458498.3133975 10.43 0.08
2458498.3135711 10.60 0.09
2458498.3137448 10.48 0.08
2458498.3142656 10.62 0.09
2458498.3149600 10.60 0.09
2458498.3154809 10.68 0.09
2458498.3156558 10.42 0.07
2458498.3161761 10.54 0.08
2458498.3165230 10.50 0.08
2458498.3170434 10.69 0.10
2458498.3175642 10.58 0.09
2458498.3179114 10.47 0.08
2458500.2340341 10.78 0.14
2458500.2342077 10.60 0.12
2458500.2343813 10.65 0.12
2458500.2347285 10.66 0.13
2458500.2349022 10.58 0.12
2458500.2350758 10.78 0.14
2458500.2352494 10.60 0.12
2458500.2357702 10.44 0.10
2458500.2359438 10.63 0.12
2458500.2362910 10.61 0.12
2458500.2364647 10.71 0.13
2458500.2366383 10.82 0.14
2458500.2369855 10.62 0.12
2458500.2375063 10.67 0.12
2458500.2382008 10.76 0.13
2458500.2387216 10.43 0.10
2458500.2388952 10.56 0.11
2458500.2390688 10.68 0.13
2458500.2392424 10.49 0.10
2458500.2394161 10.64 0.12
2458500.2395897 10.61 0.12
2458500.2397633 10.59 0.12
2458500.2399369 10.64 0.12
2458500.2404577 10.55 0.11
2458500.2406313 10.79 0.14
2458500.2408049 10.74 0.13
2458500.2409785 10.59 0.11
2458500.2411522 10.52 0.11
2458500.2413258 10.76 0.13
2458500.2414994 10.64 0.12
2458500.2420202 10.77 0.13
2458500.2427147 10.66 0.12
2458500.2428883 10.64 0.12
2458500.2432355 10.61 0.11
2458500.2441035 10.64 0.12
2458500.2442772 10.65 0.12
2458500.2444520 10.72 0.12
2458500.2451458 10.50 0.10
2458500.2453193 10.50 0.10
2458500.2454927 10.56 0.11
2458500.2456661 10.57 0.11
2458500.2463605 10.62 0.11
2458500.2465341 10.78 0.13
2458500.2472286 10.66 0.12
2458500.2474022 10.63 0.11
2458500.2475758 10.66 0.11
2458500.2477494 10.65 0.11
2458500.2480966 10.61 0.11
2458500.2486174 10.70 0.12
2458500.2487910 10.63 0.11
2458500.2489647 10.67 0.12
2458500.2491383 10.77 0.13
2458500.2494855 10.63 0.11
2458500.2498327 10.67 0.11
2458500.2501799 10.77 0.13
2458500.2505272 10.60 0.11
2458500.2508744 10.73 0.12
2458500.2510480 10.60 0.11
2458500.2526105 10.55 0.10
2458500.2527841 10.65 0.11
2458500.2529577 10.53 0.10
2458500.2533049 10.57 0.11
2458500.2534786 10.69 0.12
2458500.2538258 10.90 0.14
2458500.2539994 10.68 0.12
2458500.2545202 10.71 0.12
2458500.2550411 10.71 0.12
2458500.2552147 10.84 0.13
2458500.2564312 10.55 0.10
2458500.2567781 10.71 0.12
2458500.2569515 10.73 0.12
2458500.2571250 10.65 0.11
2458500.2574719 10.67 0.12
2458500.2578188 10.64 0.11
2458500.2585133 10.71 0.12
2458500.2595549 10.76 0.12
2458500.2597285 10.70 0.12
2458500.2599022 10.72 0.12
2458500.2600758 10.58 0.10
2458500.2604230 10.79 0.13
2458500.2607702 10.58 0.10
2458500.2611174 11.03 0.16
2458500.2612911 10.72 0.12
2458500.2616383 10.95 0.15
2458500.2618119 10.40 0.09
2458500.2619855 10.68 0.11
2458500.2623327 10.63 0.11
2458500.2625063 10.66 0.11
2458500.2626799 10.63 0.11
2458500.2630272 10.78 0.12
2458500.2632008 10.71 0.11
2458500.2638952 10.48 0.09
2458500.2640688 10.82 0.13
2458500.2642424 10.64 0.11
2458500.2644160 10.70 0.11
2458500.2647633 10.74 0.12
2458500.2654577 10.68 0.11
2458500.2658049 10.66 0.11
2458500.2659785 10.69 0.11
2458500.2661522 10.61 0.10
2458500.2663258 10.66 0.11
2458500.2668466 10.71 0.11
2458500.2671938 10.76 0.12
2458500.2673674 10.66 0.11
2458500.2677147 10.78 0.12
2458500.2684104 10.73 0.12
2458500.2689307 10.84 0.13
2458500.2701452 10.66 0.11
2458500.2703188 10.63 0.11
2458500.2717077 10.82 0.12
2458500.2734438 10.59 0.10
2458500.2736174 10.69 0.11
2458500.2739647 10.68 0.11
2458500.2748327 10.54 0.10
2458500.2750063 10.58 0.10
2458500.2760480 10.78 0.12
2458500.2767424 10.57 0.10
2458500.2769161 10.56 0.10
2458500.2770897 10.72 0.11
2458500.2772633 10.74 0.12
2458500.2774369 10.62 0.11
2458500.2776105 10.72 0.12
2458500.2786522 10.44 0.09
2458500.2802147 10.84 0.13
2458500.2803896 10.76 0.12
2458500.2805631 10.79 0.12
2458500.2807365 10.71 0.11
2458500.2812568 10.84 0.13
2458500.2817772 10.79 0.12
2458500.2826452 10.69 0.11
2458500.2831660 10.63 0.10
2458500.2842077 10.76 0.12
2458500.2857702 10.70 0.11
2458500.2861174 10.74 0.12
2458500.2862911 10.70 0.11
2458500.2869855 10.90 0.14
2458500.2871591 10.73 0.12
2458500.2873327 10.50 0.09
2458500.2875063 10.79 0.12
2458500.2882008 10.63 0.10
2458500.2883744 10.65 0.11
2458500.2887216 10.57 0.10
2458500.2890688 10.42 0.08
2458500.2899369 10.67 0.11
2458500.2904577 10.69 0.11
2458500.2918466 10.60 0.10
2458500.2923688 10.65 0.10
2458500.2925423 10.93 0.13