2458467.3711917 10.50 0.09
2458467.3713653 10.58 0.10
2458467.3762270 10.46 0.09
2458467.3833445 10.48 0.09
2458467.3835181 10.52 0.10
2458467.3836917 10.51 0.10
2458467.3873389 10.49 0.09
2458467.3885530 10.52 0.10
2458467.3960181 10.73 0.12
2458467.3965389 10.72 0.12
2458467.3972334 10.64 0.11
2458467.3996649 10.52 0.10
2458469.3667865 10.63 0.07
2458469.3670135 10.53 0.07
2458469.3675343 10.64 0.08
2458469.3677079 10.48 0.07
2458469.3682287 10.61 0.08
2458469.3684023 10.55 0.07
2458469.3685760 10.68 0.08
2458469.3687496 10.53 0.07
2458469.3690968 10.55 0.07
2458469.3694440 10.61 0.08
2458469.3696176 10.67 0.08
2458469.3697912 10.56 0.07
2458469.3699648 10.56 0.07
2458469.3703121 10.57 0.07
2458469.3704857 10.58 0.07
2458469.3706593 10.52 0.07
2458469.3708329 10.63 0.08
2458469.3710065 10.57 0.07
2458469.3711801 10.61 0.07
2458469.3713537 10.66 0.08
2458469.3715273 10.53 0.07
2458469.3717009 10.54 0.07
2458469.3718746 10.59 0.07
2458469.3720482 10.56 0.07
2458469.3722218 10.59 0.07
2458469.3723954 10.53 0.07
2458469.3725690 10.63 0.08
2458469.3727426 10.61 0.08
2458469.3729162 10.43 0.06
2458469.3730898 10.54 0.07
2458469.3732635 10.61 0.08
2458469.3734371 10.61 0.08
2458469.3736107 10.60 0.07
2458469.3737843 10.55 0.07
2458469.3739579 10.52 0.07
2458469.3741315 10.57 0.07
2458469.3743051 10.50 0.07
2458469.3744787 10.57 0.07
2458469.3751732 10.64 0.08
2458469.3753468 10.57 0.07
2458469.3755204 10.43 0.06
2458469.3756940 10.56 0.07
2458469.3758676 10.62 0.08
2458469.3760425 10.60 0.08
2458469.3762159 10.54 0.07
2458469.3763894 10.54 0.07
2458469.3765628 10.55 0.07
2458469.3767363 10.51 0.07
2458469.3769097 10.47 0.07
2458469.3770832 10.54 0.07
2458469.3772566 10.58 0.07
2458469.3774301 10.61 0.07
2458469.3776037 10.51 0.07
2458469.3777773 10.66 0.08
2458469.3779510 10.50 0.07
2458469.3781246 10.50 0.07
2458469.3782982 10.67 0.08
2458469.3784718 10.63 0.08
2458469.3786454 10.64 0.08
2458488.3045899 10.54 0.09
2458488.3051107 10.42 0.08
2458488.3054579 10.46 0.08
2458488.3061524 10.47 0.08
2458488.3063260 10.58 0.09
2458488.3068468 10.58 0.09
2458488.3070205 10.49 0.08
2458488.3073677 10.61 0.10
2458488.3094522 10.39 0.08
2458488.3122288 10.50 0.09
2458488.3139649 10.40 0.08
2458488.3141385 10.50 0.09
2458488.3155274 10.52 0.09
2458488.3158746 10.62 0.10
2458488.3183052 10.69 0.11
2458488.3193469 10.41 0.08
2458488.3200413 10.54 0.09
2458488.3203885 10.49 0.09
2458488.3205621 10.45 0.09
2458488.3216048 10.41 0.08
2458488.3233399 10.59 0.10
2458488.3247288 10.45 0.09
2458488.3252496 10.53 0.09
2458488.3275066 10.44 0.09
2458488.3276802 10.48 0.09
2458488.3288955 10.52 0.09
2458488.3290691 10.54 0.09
2458488.3297635 10.55 0.10
2458488.3306316 10.48 0.09
2458488.3308052 10.50 0.09
2458488.3320205 10.46 0.09
2458488.3335839 10.58 0.10
2458488.3374024 10.45 0.09
2458488.3384441 10.42 0.09
2458488.3387913 10.40 0.09
2458488.3393121 10.46 0.09
2458488.3400066 10.64 0.11
2458488.3413955 10.56 0.10
2458488.3438260 10.54 0.10
2458488.3472982 10.61 0.10
2458488.3488607 10.39 0.09
2458488.3535482 10.48 0.09
2458488.3566732 10.46 0.09
2458488.3594510 10.43 0.09
2458488.3630968 10.79 0.12
2458488.3657010 10.44 0.09
2458488.3721246 10.44 0.09
2458488.3724718 10.51 0.10
2458488.3729927 10.51 0.10
2458488.3733399 10.41 0.09
2458493.2519739 10.54 0.09
2458493.2542320 10.65 0.10
2458493.2545789 10.59 0.09
2458493.2547524 10.47 0.08
2458493.2549258 10.56 0.09
2458493.2550993 10.60 0.09
2458493.2552727 10.63 0.09
2458493.2554461 10.61 0.09
2458493.2564878 10.54 0.09
2458493.2566614 10.55 0.09
2458493.2571823 10.58 0.09
2458493.2575295 10.57 0.09
2458493.2580503 10.57 0.09
2458493.2582239 10.61 0.09
2458493.2583975 10.51 0.08
2458493.2594392 10.41 0.08
2458493.2603072 10.35 0.07
2458493.2606545 10.61 0.09
2458493.2615225 10.49 0.08
2458493.2616961 10.42 0.08
2458493.2620434 10.60 0.09
2458493.2622170 10.58 0.09
2458493.2623906 10.58 0.09
2458493.2625642 10.55 0.09
2458493.2630850 10.49 0.08
2458493.2634323 10.42 0.08
2458493.2637795 10.26 0.07
2458493.2649948 10.57 0.09
2458493.2651684 10.57 0.09
2458493.2653420 10.64 0.09
2458493.2655156 10.57 0.09
2458493.2660378 10.60 0.09
2458493.2662112 10.62 0.09
2458493.2665581 10.51 0.08
2458493.2672519 10.54 0.09
2458493.2674253 10.51 0.08
2458493.2675989 10.49 0.08
2458493.2679461 10.50 0.08
2458493.2682934 10.58 0.09
2458493.2686406 10.45 0.08
2458493.2688142 10.52 0.08
2458493.2689878 10.51 0.08
2458493.2691614 10.60 0.09
2458493.2693350 10.66 0.09
2458493.2695086 10.54 0.09
2458493.2696822 10.44 0.08
2458493.2698559 10.67 0.09
2458493.2700295 10.51 0.08
2458493.2702031 10.53 0.08
2458493.2703767 10.62 0.09
2458493.2705503 10.48 0.08
2458493.2707239 10.53 0.08
2458493.2710711 10.50 0.08
2458493.2712448 10.54 0.09
2458493.2714184 10.55 0.09
2458493.2717656 10.63 0.09
2458493.2719392 10.42 0.08
2458493.2722864 10.46 0.08
2458493.2745434 10.49 0.08
2458493.2747170 10.55 0.09
2458493.2750642 10.40 0.08
2458493.2752378 10.53 0.08
2458493.2754114 10.49 0.08
2458493.2757586 10.45 0.08
2458493.2764531 10.48 0.08
2458493.2766267 10.48 0.08
2458493.2768003 10.47 0.08
2458493.2771475 10.51 0.08
2458493.2781904 10.40 0.08
2458493.2783638 10.38 0.08
2458493.2787107 10.43 0.08
2458493.2799253 10.52 0.08
2458493.2807934 10.39 0.07
2458493.2809670 10.41 0.08
2458493.2814878 10.53 0.08
2458493.2816614 10.58 0.09
2458493.2821822 10.51 0.08
2458493.2827031 10.60 0.09
2458493.2828767 10.62 0.09
2458493.2832239 10.51 0.08
2458493.2835711 10.49 0.08
2458493.2837447 10.47 0.08
2458493.2863489 10.54 0.08
2458493.2866961 10.52 0.08
2458493.2868698 10.54 0.09
2458493.2872170 10.49 0.08
2458493.2884323 10.56 0.09
2458493.2893003 10.50 0.08
2458493.2896475 10.39 0.08
2458493.2919045 10.48 0.08
2458493.2924253 10.58 0.09
2458493.2925989 10.53 0.08
2458493.2927725 10.57 0.09
2458493.2929461 10.46 0.08
2458493.2931197 10.55 0.09
2458493.2932934 10.39 0.07
2458493.2934670 10.57 0.09
2458493.2938142 10.46 0.08
2458493.2943350 10.50 0.08
2458493.2945086 10.48 0.08
2458493.2950295 10.53 0.08
2458493.2952031 10.47 0.08
2458493.2957239 10.35 0.07
2458493.2964184 10.56 0.09
2458493.2976336 10.47 0.08
2458493.2985017 10.57 0.09
2458493.2993697 10.50 0.08
2458493.2995434 10.45 0.08
2458493.3007586 10.47 0.08
2458493.3023327 10.45 0.08
2458493.3028536 10.32 0.07
2458493.3032008 10.48 0.08
2458493.3051105 10.53 0.08
2458493.3052841 10.61 0.09
2458493.3054577 10.48 0.08
2458493.3056313 10.49 0.08
2458493.3058049 10.44 0.08
2458493.3059785 10.46 0.08
2458493.3063258 10.42 0.08
2458493.3064994 10.63 0.09
2458493.3066730 10.67 0.10
2458493.3068466 10.51 0.08
2458493.3070202 10.50 0.08
2458493.3071938 10.53 0.09
2458493.3073674 10.45 0.08
2458493.3077147 10.59 0.09
2458493.3078883 10.53 0.08
2458493.3080619 10.50 0.08
2458493.3084091 10.57 0.09
2458493.3087563 10.53 0.08
2458493.3091036 10.51 0.08
2458493.3092772 10.59 0.09
2458493.3094508 10.57 0.09
2458493.3103188 10.49 0.08
2458493.3104924 10.46 0.08
2458493.3106661 10.54 0.09
2458493.3108397 10.67 0.10
2458493.3110133 10.51 0.08
2458493.3111869 10.53 0.08
2458493.3113605 10.60 0.09
2458493.3115341 10.50 0.08
2458493.3117077 10.56 0.09
2458493.3118813 10.41 0.08
2458493.3120549 10.50 0.08
2458493.3129236 10.53 0.08
2458493.3130971 10.59 0.09
2458493.3134439 10.49 0.08
2458493.3136174 10.37 0.07
2458493.3139647 10.50 0.08
2458493.3141383 10.46 0.08
2458493.3143119 10.42 0.07
2458493.3144855 10.60 0.09
2458493.3146591 10.59 0.09
2458493.3148327 10.59 0.09
2458493.3150063 10.41 0.07
2458493.3153535 10.49 0.08
2458493.3158744 10.50 0.08
2458493.3162216 10.39 0.07
2458493.3163952 10.52 0.08
2458493.3165688 10.42 0.08
2458493.3172633 10.42 0.08
2458493.3176105 10.43 0.08
2458493.3177841 10.52 0.08
2458493.3179577 10.60 0.09
2458493.3188258 10.47 0.08
2458493.3193466 10.66 0.09
2458493.3195202 10.55 0.08
2458493.3196938 10.46 0.08
2458493.3200411 10.59 0.09
2458493.3205619 10.44 0.08
2458493.3212563 10.53 0.08
2458493.3216035 10.59 0.09
2458493.3217772 10.49 0.08
2458493.3221244 10.55 0.08
2458493.3222980 10.51 0.08
2458493.3226452 10.52 0.08
2458493.3228188 10.47 0.08
2458493.3229924 10.46 0.08
2458493.3231662 10.57 0.09
2458493.3235133 10.54 0.08
2458493.3238605 10.45 0.08
2458493.3243824 10.57 0.09
2458493.3250762 10.53 0.08
2458493.3252497 10.51 0.08
2458493.3254231 10.52 0.08
2458493.3264647 10.41 0.07
2458493.3273327 10.57 0.09
2458493.3275063 10.51 0.08
2458493.3276799 10.49 0.08
2458493.3278536 10.52 0.08
2458493.3280272 10.45 0.08
2458493.3282008 10.54 0.08
2458493.3283744 10.52 0.08
2458493.3285480 10.47 0.08
2458493.3287216 10.58 0.09
2458493.3288952 10.54 0.08
2458493.3290688 10.56 0.08
2458493.3292430 10.56 0.09
2458493.3294160 10.44 0.08
2458493.3295897 10.57 0.09
2458493.3297633 10.54 0.08
2458493.3302841 10.50 0.08
2458493.3304577 10.53 0.08
2458493.3306313 10.54 0.08
2458493.3308049 10.55 0.08
2458493.3309785 10.54 0.08
2458493.3311522 10.49 0.08
2458493.3313258 10.57 0.08
2458493.3316730 10.53 0.08
2458493.3321938 10.53 0.08
2458493.3346244 10.53 0.08
2458493.3353188 10.46 0.08
2458493.3365351 10.52 0.08
2458493.3368820 10.50 0.08
2458493.3382702 10.48 0.08
2458493.3389647 10.51 0.08
2458493.3391383 10.54 0.08
2458493.3400063 10.51 0.08
2458493.3403536 10.46 0.08
2458493.3405272 10.54 0.08
2458493.3422633 10.43 0.08
2458493.3434786 10.63 0.09
2458493.3446938 10.41 0.08
2458493.3457355 10.54 0.09
2458493.3471244 10.50 0.08
2458493.3478188 10.58 0.09
2458493.3483408 10.57 0.09
2458493.3493814 10.55 0.09
2458493.3518119 10.52 0.08
2458493.3521591 10.59 0.09
2458493.3525063 10.56 0.09
2458493.3526799 10.49 0.08
2458493.3532008 10.59 0.09
2458493.3533744 10.54 0.08
2458493.3535480 10.56 0.09
2458493.3538952 10.59 0.09
2458493.3540688 10.54 0.08
2458493.3542424 10.42 0.08
2458493.3580619 10.52 0.08
2458493.3584091 10.49 0.08
2458493.3587563 10.64 0.09
2458493.3589299 10.69 0.10
2458493.3591036 10.54 0.09
2458493.3592772 10.46 0.08
2458493.3594508 10.60 0.09
2458493.3597980 10.49 0.08
2458493.3599716 10.45 0.08
2458493.3601465 10.55 0.09
2458493.3604934 10.60 0.09
2458493.3606668 10.62 0.09
2458493.3610137 10.42 0.08
2458493.3618813 10.57 0.09
2458493.3627494 10.62 0.09
2458493.3639647 10.56 0.09
2458493.3650063 10.62 0.09
2458493.3651799 10.64 0.09
2458493.3653536 10.58 0.09
2458493.3655272 10.67 0.10
2458493.3657008 10.52 0.08
2458493.3658744 10.59 0.09
2458493.3662216 10.49 0.08
2458493.3667424 10.50 0.08
2458493.3672633 10.54 0.08
2458493.3676105 10.52 0.08
2458493.3686522 10.63 0.09
2458493.3691730 10.65 0.09
2458493.3695202 10.54 0.09
2458493.3712563 10.60 0.09
2458493.3714299 10.50 0.08
2458493.3729928 10.57 0.09
2458493.3747286 10.62 0.09
2458493.3771591 10.55 0.09
2458493.3780272 10.54 0.09
2458493.3785480 10.55 0.09
2458493.3811522 10.49 0.08
2458493.3814994 10.47 0.08
2458493.3820202 10.52 0.09
2458493.3830619 10.56 0.09
2458493.3832355 10.55 0.09
2458493.3834091 10.51 0.09
2458493.3839313 10.55 0.09
2458493.3842782 10.55 0.09
2458493.3844517 10.59 0.09
2458493.3847985 10.58 0.09
2458493.3910480 10.55 0.09
2458493.3913952 10.58 0.09
2458493.3915688 10.60 0.09
2458493.3922633 10.55 0.09
2458493.3934785 10.46 0.08
2458493.3936522 10.54 0.09
2458493.3941730 10.44 0.08
2458493.3943466 10.54 0.09
2458493.3946938 10.54 0.09
2458493.3950411 10.47 0.08
2458493.3953883 10.52 0.09
2458493.3966043 10.45 0.08
2458493.3971246 10.56 0.09
2458493.3972980 10.59 0.09
2458493.3976452 10.46 0.08
2458493.4012910 10.48 0.09
2458493.4016383 10.58 0.09
2458493.4044161 10.41 0.08
2458493.4054577 10.47 0.09
2458494.3455156 10.57 0.16
2458494.3458628 10.43 0.12
2458494.3465573 10.56 0.13
2458494.3467309 10.68 0.14
2458494.3469045 10.63 0.13
2458494.3470781 10.41 0.11
2458494.3474253 10.69 0.14
2458494.3475989 10.58 0.13
2458494.3479462 10.60 0.13
2458494.3481197 10.61 0.13
2458494.3486406 10.55 0.12
2458494.3493350 10.65 0.14
2458494.3495086 10.69 0.14
2458494.3498559 10.66 0.13
2458494.3502031 10.66 0.13
2458494.3503767 10.63 0.13
2458494.3505503 10.61 0.13
2458494.3508975 10.31 0.10
2458494.3510711 10.52 0.12
2458494.3517656 10.43 0.11
2458494.3519392 10.47 0.12
2458494.3522864 10.51 0.12
2458494.3524600 10.59 0.13
2458494.3526336 10.62 0.13
2458494.3535031 10.68 0.14
2458494.3536765 10.70 0.14
2458494.3538500 10.44 0.12
2458494.3540234 10.49 0.12
2458494.3541969 10.67 0.15
2458494.3543703 10.56 0.13
2458494.3547172 10.42 0.12
2458494.3550642 10.35 0.12
2458494.3554114 10.46 0.13
2458494.3555850 10.50 0.14
2458494.3557586 10.51 0.14
2458494.3564531 10.49 0.14
2458494.3566267 10.55 0.15
2458494.3573211 10.47 0.15
2458494.3583628 10.36 0.14
2458494.3592309 10.66 0.18
2458494.3609670 10.35 0.15
2458495.1345897 10.51 0.14
2458495.1347646 10.58 0.15
2458495.1349380 10.49 0.14
2458495.1351115 10.50 0.14
2458495.1352849 10.55 0.15
2458495.1356318 10.53 0.14
2458495.1380619 10.53 0.14
2458495.1394508 10.64 0.15
2458495.1399716 10.39 0.12
2458495.1408397 10.62 0.15
2458495.1413605 10.46 0.13
2458495.1424022 10.51 0.14
2458495.1429230 10.25 0.11
2458495.1432702 10.59 0.15
2458495.1443119 10.36 0.12
2458495.1451799 10.50 0.14
2458495.1453535 10.41 0.12
2458495.1458744 10.52 0.14
2458495.1465688 10.63 0.15
2458495.1470907 10.64 0.15
2458495.1474375 10.45 0.13
2458495.1479579 10.49 0.13
2458495.1483049 10.61 0.15
2458495.1486522 10.67 0.16
2458495.1489994 10.53 0.14
2458495.1493466 10.40 0.12
2458495.1495202 10.72 0.16
2458495.1496938 10.38 0.12
2458495.1503883 10.57 0.14
2458495.1505619 10.51 0.14
2458495.1507355 10.50 0.13
2458495.1510827 10.58 0.14
2458495.1512563 10.69 0.16
2458495.1514299 10.64 0.15
2458495.1516036 10.67 0.15
2458495.1517772 10.67 0.15
2458495.1519508 10.40 0.12
2458495.1521244 10.70 0.16
2458495.1522980 10.53 0.14
2458495.1524716 10.62 0.15
2458495.1526452 10.51 0.13
2458495.1528188 10.52 0.13
2458495.1529924 10.71 0.16
2458495.1531660 10.40 0.12
2458495.1538605 10.58 0.14
2458495.1540341 10.33 0.12
2458495.1543813 10.52 0.14
2458495.1545549 10.59 0.14
2458495.1554230 10.66 0.15
2458495.1555966 10.60 0.15
2458495.1559438 10.47 0.13
2458495.1562911 10.58 0.14
2458495.1566383 10.57 0.14
2458495.1568119 10.52 0.13
2458495.1569855 10.52 0.13
2458495.1571591 10.56 0.14
2458495.1573327 10.55 0.14
2458495.1575063 10.65 0.15
2458495.1576799 10.61 0.14
2458495.1578536 10.56 0.14
2458495.1580272 10.49 0.13
2458495.1582008 10.55 0.14
2458495.1585480 10.51 0.13
2458495.1587230 10.57 0.14
2458495.1588964 10.51 0.13
2458495.1590699 10.32 0.11
2458495.1594167 10.63 0.15
2458495.1597636 10.64 0.15
2458495.1599371 10.58 0.14
2458495.1602841 10.58 0.14
2458495.1604577 10.56 0.14
2458495.1606313 10.55 0.13
2458495.1611522 10.43 0.12
2458495.1618466 10.65 0.15
2458495.1620202 10.69 0.15
2458495.1621938 10.43 0.12
2458495.1623674 10.62 0.14
2458495.1625410 10.59 0.14
2458495.1627147 10.55 0.14
2458495.1628883 10.51 0.13
2458495.1630619 10.55 0.14
2458495.1632355 10.57 0.14
2458495.1634091 10.51 0.13
2458495.1635827 10.66 0.15
2458495.1637563 10.72 0.16
2458495.1641036 10.75 0.16
2458495.1642772 10.73 0.16
2458495.1647980 10.44 0.12
2458495.1649716 10.67 0.15
2458495.1651452 10.43 0.12
2458495.1653188 10.66 0.15
2458495.1661869 10.57 0.14
2458495.1663605 10.69 0.15
2458495.1665341 10.68 0.15
2458495.1667077 10.66 0.15
2458495.1668813 10.64 0.14
2458495.1670549 10.48 0.13
2458495.1672285 10.72 0.16
2458495.1674022 10.52 0.13
2458495.1675758 10.46 0.12
2458495.1677494 10.46 0.12
2458495.1686174 10.71 0.16
2458495.1687910 10.57 0.14
2458495.1691383 10.63 0.14
2458495.1693119 10.51 0.13
2458495.1694855 10.54 0.13
2458495.1696591 10.52 0.13
2458495.1698327 10.62 0.14
2458495.1700063 10.56 0.14
2458495.1701799 10.51 0.13
2458495.1703535 10.37 0.11
2458495.1705272 10.63 0.14
2458495.1707022 10.53 0.13
2458495.1708756 10.69 0.15
2458495.1710491 10.47 0.12
2458495.1712225 10.47 0.12
2458495.1717428 10.67 0.15
2458495.1719163 10.41 0.12
2458495.1720897 10.47 0.12
2458495.1722633 10.52 0.13
2458495.1724369 10.44 0.12
2458495.1726105 10.74 0.16
2458495.1729577 10.65 0.14
2458495.1731313 10.61 0.14
2458495.1733049 10.45 0.12
2458495.1738258 10.75 0.16
2458495.1741730 10.54 0.13
2458495.1745202 10.55 0.13
2458495.1750411 10.45 0.12
2458495.1752147 10.51 0.13
2458495.1755619 10.62 0.14
2458495.1762563 10.46 0.12
2458495.1764299 10.64 0.14
2458495.1766035 10.57 0.13
2458495.1767772 10.43 0.12
2458495.1769508 10.47 0.12
2458495.1771244 10.42 0.12
2458495.1772980 10.55 0.13
2458495.1774716 10.57 0.13
2458495.1776452 10.44 0.12
2458495.1778188 10.44 0.12
2458495.1779924 10.55 0.13
2458495.1781660 10.48 0.12
2458495.1783397 10.56 0.13
2458495.1785133 10.52 0.12
2458495.1788605 10.52 0.13
2458495.1790341 10.51 0.12
2458495.1793813 10.58 0.13
2458495.1795549 10.42 0.12
2458495.1797286 10.62 0.14
2458495.1799022 10.53 0.13
2458495.1800758 10.56 0.13
2458495.1802494 10.52 0.13
2458495.1804230 10.45 0.12
2458495.1805966 10.71 0.15
2458495.1807702 10.64 0.14
2458495.1809438 10.53 0.13
2458495.1811174 10.58 0.13
2458495.1812911 10.53 0.13
2458495.1814647 10.61 0.14
2458495.1818119 10.72 0.15
2458495.1821591 10.65 0.14
2458495.1823327 10.48 0.12
2458495.1825063 10.59 0.13
2458495.1826799 10.54 0.13
2458495.1830283 10.47 0.12
2458495.1832017 10.61 0.14
2458495.1833752 10.32 0.10
2458495.1835486 10.60 0.13
2458495.1837221 10.47 0.12
2458495.1838955 10.68 0.14
2458495.1840689 10.80 0.16
2458495.1842424 10.61 0.13
2458495.1856313 10.66 0.14
2458495.1859785 10.50 0.12
2458495.1861522 10.42 0.11
2458495.1863258 10.55 0.13
2458495.1864994 10.38 0.11
2458495.1866730 10.67 0.14
2458495.1868466 10.56 0.13
2458495.1873674 10.60 0.13
2458495.1882355 10.66 0.14
2458495.1885827 10.64 0.14
2458495.1887563 10.68 0.14
2458495.1889299 10.63 0.14
2458495.1891036 10.86 0.16
2458495.1892772 10.68 0.14
2458495.1894508 10.67 0.14
2458495.1896244 10.70 0.14
2458495.1897980 10.60 0.13
2458495.1899716 10.51 0.12
2458495.1901452 10.47 0.11
2458495.1904924 10.49 0.12
2458495.1906661 10.63 0.13
2458495.1908397 10.58 0.13
2458495.1910133 10.52 0.12
2458495.1911869 10.65 0.14
2458495.1915341 10.75 0.15
2458495.1917077 10.65 0.13
2458495.1920549 10.58 0.13
2458495.1929230 10.58 0.13
2458495.1934438 10.55 0.12
2458495.1937910 10.43 0.11
2458495.1941383 10.80 0.15
2458495.1944855 10.67 0.14
2458495.1950075 10.66 0.14
2458495.1951809 10.64 0.13
2458495.1955278 10.66 0.14
2458495.1957013 10.51 0.12
2458495.1958747 10.62 0.13
2458495.1960481 10.47 0.11
2458495.1962216 10.35 0.10
2458495.1965688 10.49 0.12
2458495.1967424 10.65 0.13
2458495.1969161 10.39 0.11
2458495.1972633 10.60 0.13
2458495.1974369 10.45 0.11
2458495.1976105 10.78 0.15
2458495.1977841 10.69 0.14
2458495.1979577 10.57 0.13
2458495.1984786 10.73 0.15
2458495.1986522 10.62 0.13
2458495.1989994 10.49 0.12
2458495.1993466 10.61 0.13
2458495.1995202 10.57 0.13
2458495.1996938 10.52 0.12
2458495.1998674 10.62 0.13
2458495.2000410 10.74 0.15
2458495.2003883 10.74 0.15
2458495.2005619 10.75 0.15
2458495.2007355 10.50 0.12
2458495.2010827 10.54 0.12
2458495.2014299 10.68 0.14
2458495.2016035 10.60 0.13
2458495.2017772 10.69 0.14
2458495.2019508 10.65 0.13
2458495.2022980 10.59 0.13
2458495.2026452 10.64 0.13
2458495.2029924 10.73 0.14
2458495.2033397 10.64 0.13
2458495.2035133 10.58 0.13
2458495.2036869 10.51 0.12
2458495.2040341 10.68 0.14
2458495.2043813 10.55 0.12
2458495.2045549 10.62 0.13
2458495.2047286 10.53 0.12
2458495.2049022 10.61 0.13
2458495.2050758 10.69 0.14
2458495.2054230 10.67 0.14
2458495.2055966 10.62 0.13
2458495.2057702 10.42 0.11
2458495.2062911 10.48 0.12
2458495.2066383 10.58 0.13
2458495.2075070 10.65 0.14
2458495.2078539 10.55 0.12
2458495.2080274 10.67 0.14
2458495.2082008 10.66 0.14
2458495.2085480 10.75 0.15
2458495.2087216 10.74 0.15
2458495.2088952 10.57 0.13
2458495.2090688 10.58 0.13
2458495.2092424 10.72 0.14
2458495.2094160 10.55 0.12
2458495.2097633 10.42 0.11
2458495.2099369 10.47 0.12
2458495.2101105 10.70 0.14
2458495.2102841 10.49 0.12
2458495.2104577 10.56 0.12
2458495.2108049 10.54 0.12
2458495.2109786 10.64 0.13
2458495.2111522 10.59 0.13
2458495.2113258 10.57 0.13
2458495.2116730 10.49 0.12
2458495.2121938 10.54 0.12
2458495.2125411 10.56 0.12
2458495.2128883 10.72 0.14
2458495.2130619 10.68 0.14
2458495.2134091 10.63 0.13
2458495.2135827 10.75 0.15
2458495.2137563 10.51 0.12
2458495.2139299 10.66 0.14
2458495.2144508 10.69 0.14
2458495.2146244 10.65 0.13
2458495.2149716 10.58 0.13
2458495.2151452 10.53 0.12
2458495.2153188 10.69 0.14
2458495.2156660 10.71 0.14
2458495.2158397 10.61 0.13
2458495.2160133 10.66 0.13
2458495.2167077 10.51 0.12
2458495.2170549 10.58 0.12
2458495.2174022 10.58 0.12
2458495.2175758 10.56 0.12
2458495.2179230 10.57 0.12
2458495.2182702 10.78 0.15
2458495.2196596 10.72 0.14
2458495.2198331 10.57 0.12
2458495.2200065 10.59 0.13
2458495.2201799 10.44 0.11
2458495.2219161 10.52 0.12
2458495.2222633 10.74 0.14
2458495.2227841 10.69 0.14
2458495.2229577 10.74 0.15
2458495.2231313 10.69 0.14
2458495.2236522 10.45 0.11
2458495.2238258 10.62 0.13
2458495.2246938 10.59 0.13
2458495.2252147 10.60 0.13
2458495.2255619 10.54 0.12
2458495.2257355 10.67 0.13
2458495.2260827 10.59 0.13
2458495.2266036 10.62 0.13
2458495.2274716 10.38 0.10
2458495.2278188 10.56 0.12
2458495.2279924 10.64 0.13
2458495.2285133 10.64 0.13
2458495.2293813 10.66 0.13
2458495.2295549 10.65 0.13
2458495.2297286 10.56 0.12
2458495.2299022 10.66 0.13
2458495.2300758 10.61 0.13
2458495.2305966 10.49 0.11
2458495.2311185 10.38 0.10
2458495.2321591 10.70 0.13
2458495.2325063 10.78 0.14
2458495.2326799 10.70 0.13
2458495.2332008 10.43 0.10
2458495.2335480 10.30 0.09
2458495.2358049 10.55 0.12
2458495.2359785 10.48 0.11
2458495.2361522 10.61 0.12
2458495.2368466 10.66 0.13
2458495.2370202 10.49 0.11
2458495.2382355 10.62 0.12
2458495.2384091 10.54 0.11
2458495.2387563 10.58 0.12
2458495.2406660 10.43 0.10
2458495.2417077 10.75 0.14
2458495.2422286 10.66 0.13
2458495.2441383 10.52 0.11
2458495.2457008 10.42 0.10
2458495.2477841 10.61 0.12
2458495.2496938 10.57 0.12
2458495.2498674 10.44 0.11
2458495.2500411 10.69 0.13
2458495.2502147 10.69 0.13
2458495.2503883 10.70 0.13
2458495.2507355 10.39 0.10
2458495.2516036 10.74 0.14
2458495.2517772 10.57 0.12
2458495.2538605 10.56 0.12
2458495.2540341 10.57 0.12
2458495.2543813 10.44 0.10
2458495.2564647 10.53 0.11
2458495.2568119 10.36 0.09
2458495.2569855 10.64 0.12
2458495.2573327 10.51 0.11
2458495.2616730 10.60 0.12
2458495.2620202 10.52 0.11
2458495.2634091 10.66 0.12
2458495.2639299 10.83 0.15
2458495.2679233 10.60 0.12
2458495.2680967 10.57 0.11
2458495.2682702 10.51 0.11
2458495.2684438 10.59 0.12
2458495.2689647 10.57 0.11
2458495.2733049 10.52 0.11
2458495.2752147 10.68 0.13
2458495.2755619 10.60 0.12
2458495.2759091 10.54 0.11
2458495.2774716 10.65 0.12
2458495.2786869 10.54 0.11
2458495.2792087 10.43 0.10
2458495.2797290 10.52 0.11
2458495.2802494 10.54 0.11
2458495.2804230 10.55 0.11
2458495.2899716 10.56 0.11
2458495.2913614 10.63 0.12
2458495.2951799 10.50 0.11
2458495.3002147 10.70 0.13
2458495.3042078 10.71 0.13
2458495.3062911 10.50 0.11
2458495.3078536 10.50 0.10
2458495.3083744 10.69 0.13
2458495.3088952 10.61 0.12
2458495.3127147 10.66 0.12
2458495.3130619 10.56 0.11
2458495.3141036 10.50 0.11
2458495.3151463 10.46 0.10
2458498.1661753 10.67 0.12
2458498.1703420 10.63 0.11
2458498.1776336 10.37 0.09
2458498.1800642 10.40 0.09
2458498.1802378 10.48 0.09
2458498.1811059 10.50 0.10
2458498.1929114 10.53 0.10
2458498.1930850 10.48 0.09
2458498.1932586 10.56 0.10
2458498.1934322 10.48 0.09
2458498.1939531 10.44 0.09
2458498.1941267 10.55 0.10
2458498.1967315 10.42 0.08
2458498.1969050 10.58 0.10
2458498.2038489 10.48 0.08
2458498.2040225 10.54 0.09
2458498.2045434 10.45 0.08
2458498.2050642 10.49 0.09
2458498.2080169 10.56 0.09
2458498.2081904 10.41 0.08
2458498.2087107 10.58 0.09
2458498.2099253 10.57 0.09
2458498.2102725 10.57 0.09
2458498.2109670 10.53 0.09
2458498.2151336 10.55 0.09
2458498.2160017 10.52 0.09
2458498.2177378 10.57 0.09
2458498.2180850 10.50 0.08
2458498.2191267 10.46 0.08
2458498.2205163 10.51 0.08
2458498.2213836 10.50 0.09
2458498.2220781 10.43 0.08
2458498.2227725 10.50 0.08
2458498.2234670 10.53 0.09
2458498.2245086 10.53 0.09
2458498.2248559 10.51 0.08
2458498.2253767 10.45 0.08
2458498.2291961 10.55 0.09
2458498.2293698 10.48 0.08
2458498.2297170 10.47 0.08
2458498.2314531 10.56 0.09
2458498.2318016 10.47 0.08
2458498.2323219 10.45 0.08
2458498.2333628 10.54 0.09
2458498.2335364 10.50 0.09
2458498.2337100 10.50 0.09
2458498.2338836 10.63 0.10
2458498.2340572 10.52 0.09
2458498.2342309 10.51 0.09
2458498.2344045 10.50 0.09
2458498.2357934 10.49 0.09
2458498.2359670 10.60 0.09
2458498.2363142 10.50 0.09
2458498.2371823 10.64 0.10
2458498.2378767 10.50 0.09
2458498.2397864 10.47 0.09
2458498.2403072 10.32 0.07
2458498.2415225 10.46 0.08
2458498.2437807 10.40 0.08
2458498.2448214 10.49 0.09
2458498.2449948 10.52 0.09
2458498.2451684 10.51 0.09
2458498.2455156 10.54 0.09
2458498.2460364 10.46 0.09
2458498.2462100 10.59 0.10
2458498.2467309 10.46 0.09
2458498.2470781 10.56 0.09
2458498.2472517 10.45 0.09
2458498.2474253 10.45 0.09
2458498.2475989 10.47 0.09
2458498.2477725 10.47 0.09
2458498.2486406 10.69 0.11
2458498.2491614 10.59 0.10
2458498.2496822 10.45 0.08
2458498.2502031 10.48 0.09
2458498.2510711 10.51 0.09
2458498.2517656 10.48 0.09
2458498.2583628 10.43 0.09
2458498.2587100 10.40 0.08
2458498.2609670 10.39 0.08
2458498.2623559 10.45 0.09
2458498.2625295 10.50 0.09
2458498.2627031 10.49 0.07
2458498.2628767 10.59 0.08
2458498.2632239 10.60 0.08
2458498.2633975 10.57 0.08
2458498.2639184 10.70 0.09
2458498.2640920 10.56 0.08
2458498.2642656 10.40 0.07
2458498.2644392 10.53 0.08
2458498.2646128 10.60 0.08
2458498.2649600 10.45 0.08
2458498.2663489 10.47 0.07
2458498.2666961 10.54 0.08
2458498.2668698 10.54 0.08
2458498.2670434 10.63 0.09
2458498.2673906 10.52 0.08
2458498.2675655 10.54 0.08
2458498.2680858 10.56 0.08
2458498.2682593 10.53 0.08
2458498.2686062 10.57 0.08
2458498.2687796 10.60 0.08
2458498.2689531 10.68 0.09
2458498.2693003 10.56 0.08
2458498.2696475 10.60 0.08
2458498.2698211 10.51 0.08
2458498.2699947 10.57 0.08
2458498.2701684 10.43 0.07
2458498.2703420 10.57 0.08
2458498.2706892 10.41 0.07
2458498.2708628 10.54 0.08
2458498.2717309 10.50 0.08
2458498.2719045 10.54 0.08
2458498.2724253 10.52 0.08
2458498.2725989 10.59 0.08
2458498.2727725 10.52 0.08
2458498.2729461 10.54 0.08
2458498.2734670 10.42 0.07
2458498.2736406 10.64 0.09
2458498.2741614 10.69 0.09
2458498.2745086 10.55 0.08
2458498.2746823 10.58 0.08
2458498.2748559 10.50 0.08
2458498.2752031 10.62 0.08
2458498.2755503 10.61 0.08
2458498.2757239 10.52 0.08
2458498.2760711 10.50 0.07
2458498.2762448 10.61 0.08
2458498.2764184 10.67 0.09
2458498.2765920 10.70 0.09
2458498.2767656 10.57 0.08
2458498.2769392 10.66 0.09
2458498.2771128 10.53 0.08
2458498.2772864 10.48 0.08
2458498.2774600 10.52 0.08
2458498.2776336 10.53 0.08
2458498.2778072 10.54 0.08
2458498.2783281 10.55 0.08
2458498.2785017 10.58 0.08
2458498.2786753 10.61 0.08
2458498.2788489 10.56 0.08
2458498.2795448 10.55 0.08
2458498.2797182 10.56 0.08
2458498.2798916 10.74 0.09
2458498.2800651 10.55 0.08
2458498.2804120 10.53 0.08
2458498.2814531 10.60 0.08
2458498.2818003 10.56 0.08
2458498.2824948 10.57 0.08
2458498.2833628 10.49 0.07
2458498.2842309 10.42 0.07
2458498.2844045 10.61 0.08
2458498.2845781 10.47 0.07
2458498.2849253 10.63 0.09
2458498.2850989 10.56 0.08
2458498.2852725 10.71 0.09
2458498.2857934 10.53 0.08
2458498.2859670 10.60 0.08
2458498.2861406 10.50 0.08
2458498.2864878 10.51 0.08
2458498.2866614 10.52 0.08
2458498.2868350 10.58 0.08
2458498.2873559 10.50 0.08
2458498.2875295 10.47 0.08
2458498.2878767 10.49 0.08
2458498.2880503 10.49 0.08
2458498.2887447 10.54 0.08
2458498.2896128 10.48 0.08
2458498.2911753 10.57 0.08
2458498.2913489 10.50 0.08
2458498.2916974 10.50 0.08
2458498.2918708 10.47 0.08
2458498.2920443 10.64 0.09
2458498.2923912 10.68 0.09
2458498.2927381 10.66 0.09
2458498.2929115 10.57 0.08
2458498.2930850 10.54 0.08
2458498.2932586 10.57 0.08
2458498.2936059 10.46 0.08
2458498.2937795 10.61 0.09
2458498.2939531 10.53 0.08
2458498.2941267 10.63 0.09
2458498.2943003 10.45 0.08
2458498.2955156 10.50 0.08
2458498.2958628 10.60 0.08
2458498.2963836 10.50 0.08
2458498.2965572 10.46 0.07
2458498.2967309 10.60 0.09
2458498.2969045 10.47 0.07
2458498.2974253 10.56 0.08
2458498.2975989 10.56 0.08
2458498.2977725 10.69 0.09
2458498.2979461 10.47 0.08
2458498.2981198 10.62 0.09
2458498.2982934 10.61 0.09
2458498.2984670 10.52 0.08
2458498.2988142 10.58 0.08
2458498.2989878 10.58 0.08
2458498.2991614 10.56 0.08
2458498.2996823 10.49 0.08
2458498.3000295 10.55 0.08
2458498.3002031 10.49 0.08
2458498.3005503 10.51 0.08
2458498.3007239 10.53 0.08
2458498.3010711 10.45 0.08
2458498.3012447 10.57 0.08
2458498.3014184 10.53 0.08
2458498.3019392 10.66 0.09
2458498.3026336 10.50 0.08
2458498.3028072 10.51 0.08
2458498.3031545 10.49 0.08
2458498.3033281 10.60 0.08
2458498.3036766 10.52 0.08
2458498.3043703 10.55 0.08
2458498.3047172 10.51 0.08
2458498.3048907 10.55 0.08
2458498.3052378 10.60 0.09
2458498.3055850 10.63 0.09
2458498.3057586 10.62 0.09
2458498.3059323 10.51 0.08
2458498.3061059 10.57 0.08
2458498.3062795 10.51 0.08
2458498.3064531 10.44 0.07
2458498.3066267 10.54 0.08
2458498.3068003 10.44 0.07
2458498.3069739 10.49 0.08
2458498.3071475 10.51 0.08
2458498.3073211 10.61 0.09
2458498.3076684 10.48 0.08
2458498.3078420 10.59 0.08
2458498.3080156 10.47 0.08
2458498.3081892 10.63 0.09
2458498.3083628 10.60 0.09
2458498.3088836 10.65 0.09
2458498.3090572 10.60 0.09
2458498.3092309 10.42 0.07
2458498.3094045 10.61 0.09
2458498.3095781 10.55 0.08
2458498.3097517 10.52 0.08
2458498.3099253 10.55 0.08
2458498.3100989 10.52 0.08
2458498.3104461 10.58 0.09
2458498.3106197 10.57 0.09
2458498.3107934 10.61 0.09
2458498.3109670 10.62 0.09
2458498.3111406 10.52 0.08
2458498.3114878 10.51 0.08
2458498.3116614 10.46 0.08
2458498.3118350 10.63 0.09
2458498.3123559 10.47 0.08
2458498.3127031 10.44 0.08
2458498.3128767 10.46 0.08
2458498.3130503 10.45 0.08
2458498.3133975 10.49 0.08
2458498.3135711 10.49 0.08
2458498.3137448 10.47 0.08
2458498.3139184 10.54 0.08
2458498.3140920 10.54 0.08
2458498.3142656 10.51 0.08
2458498.3144392 10.56 0.08
2458498.3146128 10.48 0.08
2458498.3147864 10.45 0.08
2458498.3149600 10.59 0.09
2458498.3151336 10.63 0.09
2458498.3153073 10.53 0.08
2458498.3154809 10.56 0.08
2458498.3158292 10.50 0.08
2458498.3160027 10.56 0.09
2458498.3161761 10.54 0.08
2458498.3163496 10.46 0.08
2458498.3165230 10.57 0.08
2458498.3170434 10.51 0.08
2458498.3172170 10.60 0.09
2458498.3173906 10.45 0.08
2458498.3179114 10.44 0.07
2458500.2349022 10.53 0.11
2458500.2350758 10.68 0.13
2458500.2357702 10.63 0.12
2458500.2364647 10.62 0.12
2458500.2368119 10.58 0.11
2458500.2373327 10.64 0.12
2458500.2375063 10.59 0.12
2458500.2376799 10.72 0.13
2458500.2378536 10.54 0.11
2458500.2408049 10.72 0.13
2458500.2411522 10.63 0.12
2458500.2439299 10.69 0.12
2458500.2444520 10.52 0.10
2458500.2468813 10.82 0.13
2458500.2475758 10.44 0.09
2458500.2486174 10.79 0.13
2458500.2489647 10.64 0.11
2458500.2520897 10.57 0.10
2458500.2533049 10.50 0.10
2458500.2534786 10.71 0.12
2458500.2543466 10.54 0.10
2458500.2559091 10.46 0.10
2458500.2571250 10.48 0.10
2458500.2578188 10.44 0.09
2458500.2588605 10.68 0.12
2458500.2599022 10.49 0.10
2458500.2664994 10.58 0.10
2458500.2668466 10.67 0.11
2458500.2685839 10.61 0.10
2458500.2696245 10.73 0.11
2458500.2708397 10.74 0.12
2458500.2725758 10.74 0.11
2458500.2727494 10.49 0.09
2458500.2730966 10.55 0.10
2458500.2734438 10.45 0.09
2458500.2737910 10.50 0.09
2458500.2763952 10.54 0.09
2458500.2795202 10.42 0.09
2458500.2796938 10.52 0.09
2458500.2803896 10.46 0.09
2458500.2805631 10.42 0.09
2458500.2817772 10.43 0.09
2458500.2826452 10.52 0.09
2458500.2829924 10.34 0.08
2458500.2833397 10.40 0.08
2458500.2838605 10.52 0.09
2458500.2842077 10.37 0.08
2458500.2857702 10.46 0.09
2458500.2859438 10.41 0.08
2458500.2887216 10.46 0.09
2458500.2897633 10.53 0.09
2458500.2901105 10.51 0.09