2458467.3673723 11.03 0.15
2458467.3675459 10.77 0.12
2458467.3682403 10.88 0.13
2458467.3689347 10.90 0.13
2458467.3691084 10.82 0.12
2458467.3692820 10.85 0.13
2458467.3694556 10.98 0.14
2458467.3696292 10.99 0.14
2458467.3698028 10.74 0.11
2458467.3699764 10.90 0.13
2458467.3704972 10.95 0.14
2458467.3708445 11.00 0.15
2458467.3710181 11.02 0.15
2458467.3711917 10.90 0.14
2458467.3713653 10.65 0.11
2458467.3715389 11.05 0.15
2458467.3718861 10.77 0.12
2458467.3724070 11.09 0.16
2458467.3732750 11.01 0.15
2458467.3734486 10.90 0.14
2458467.3736223 10.86 0.13
2458467.3739695 11.06 0.15
2458467.3743167 11.06 0.16
2458467.3744903 10.93 0.14
2458467.3750111 10.92 0.14
2458467.3751848 10.85 0.13
2458467.3755332 10.87 0.13
2458467.3757067 10.98 0.15
2458467.3758801 10.86 0.13
2458467.3760536 11.00 0.15
2458467.3762270 10.99 0.15
2458467.3764005 10.88 0.13
2458467.3765739 11.01 0.15
2458467.3767473 10.91 0.14
2458467.3769209 10.75 0.12
2458467.3770945 10.86 0.13
2458467.3772681 11.05 0.15
2458467.3777889 10.96 0.14
2458467.3779625 11.09 0.16
2458467.3781361 11.04 0.15
2458467.3783097 11.04 0.15
2458467.3784834 11.13 0.17
2458467.3786570 10.96 0.14
2458467.3791778 10.73 0.12
2458467.3793514 11.05 0.16
2458467.3795250 10.72 0.11
2458467.3796986 10.84 0.13
2458467.3798723 11.14 0.17
2458467.3800459 10.93 0.14
2458467.3802195 10.97 0.14
2458467.3803931 11.04 0.15
2458467.3805667 10.85 0.13
2458467.3809139 11.07 0.16
2458467.3810875 10.94 0.14
2458467.3812611 11.04 0.15
2458467.3814348 10.76 0.12
2458467.3816084 10.93 0.14
2458467.3817820 10.85 0.13
2458467.3819556 11.00 0.15
2458467.3821292 10.78 0.12
2458467.3823028 10.97 0.14
2458467.3824764 10.94 0.14
2458467.3826500 10.93 0.14
2458467.3828236 11.03 0.15
2458467.3829973 10.88 0.13
2458467.3831709 10.80 0.12
2458467.3833445 10.92 0.14
2458467.3835181 10.87 0.13
2458467.3836917 10.82 0.13
2458467.3838653 10.93 0.14
2458467.3840389 10.84 0.13
2458467.3842125 10.96 0.15
2458467.3843861 10.99 0.15
2458467.3845597 10.85 0.13
2458467.3849070 10.58 0.10
2458467.3850806 10.95 0.14
2458467.3854278 10.96 0.14
2458467.3859486 10.74 0.12
2458467.3861222 10.86 0.13
2458467.3862959 10.82 0.13
2458467.3868167 10.82 0.13
2458467.3869903 10.97 0.15
2458467.3871639 10.81 0.13
2458467.3875123 10.95 0.14
2458467.3876858 10.76 0.12
2458467.3880327 10.78 0.12
2458467.3887264 10.87 0.13
2458467.3890736 10.78 0.12
2458467.3892473 11.02 0.15
2458467.3895945 10.75 0.12
2458467.3897681 10.87 0.14
2458467.3899417 10.83 0.13
2458467.3901153 10.94 0.14
2458467.3902889 10.70 0.12
2458467.3908098 10.97 0.14
2458467.3909834 10.69 0.11
2458467.3913306 10.59 0.10
2458467.3915042 10.98 0.15
2458467.3921986 10.99 0.15
2458467.3925459 10.93 0.14
2458467.3927195 10.86 0.13
2458467.3930667 10.81 0.13
2458467.3934139 10.97 0.15
2458467.3935875 10.88 0.14
2458467.3937611 10.66 0.11
2458467.3944556 10.87 0.13
2458467.3946292 10.99 0.15
2458467.3949764 10.82 0.13
2458467.3951500 10.82 0.13
2458467.3953236 10.87 0.13
2458467.3956709 10.93 0.14
2458467.3961917 10.99 0.15
2458467.3963653 10.92 0.14
2458467.3967125 11.00 0.15
2458467.3968861 10.89 0.14
2458467.3974070 10.80 0.13
2458467.3977542 10.97 0.15
2458467.3979278 11.03 0.15
2458467.3981014 10.94 0.14
2458467.3982750 10.89 0.14
2458467.3984486 10.83 0.13
2458467.3986223 10.87 0.13
2458467.3987959 10.74 0.12
2458467.3989695 10.87 0.13
2458467.3993180 10.95 0.14
2458467.3994914 10.97 0.15
2458467.3998383 10.81 0.13
2458467.4000118 10.80 0.13
2458467.4003586 10.80 0.13
2458467.4007056 11.05 0.16
2458467.4008792 10.85 0.13
2458467.4010528 10.95 0.14
2458467.4012264 10.91 0.14
2458467.4017472 10.88 0.14
2458467.4019209 10.96 0.15
2458467.4020945 11.11 0.17
2458467.4024417 10.91 0.14
2458467.4026153 11.00 0.15
2458467.4027889 11.09 0.16
2458467.4029625 10.97 0.15
2458467.4031361 10.72 0.12
2458467.4033098 10.94 0.14
2458467.4036570 10.93 0.14
2458467.4038306 10.89 0.14
2458467.4043514 10.98 0.15
2458467.4045250 11.04 0.16
2458467.4048723 10.79 0.13
2458467.4052195 10.83 0.13
2458467.4053931 11.11 0.17
2458467.4055667 11.09 0.17
2458467.4059139 11.16 0.18
2458467.4060875 10.96 0.15
2458467.4062611 10.79 0.13
2458467.4066084 10.94 0.14
2458467.4069556 11.07 0.16
2458467.4071292 10.95 0.14
2458467.4073028 10.64 0.11
2458467.4076500 10.80 0.13
2458467.4078236 10.87 0.14
2458467.4079972 10.92 0.14
2458467.4086917 10.89 0.14
2458467.4088653 10.87 0.14
2458467.4090389 10.78 0.13
2458467.4092125 10.97 0.15
2458467.4093861 10.89 0.14
2458467.4095597 10.84 0.13
2458467.4097334 11.03 0.16
2458467.4099070 10.83 0.13
2458467.4100806 10.98 0.15
2458467.4102542 10.85 0.13
2458467.4104278 10.96 0.15
2458467.4107750 10.97 0.15
2458467.4111236 10.77 0.13
2458467.4114705 10.96 0.15
2458467.4118174 10.91 0.14
2458467.4119908 11.01 0.16
2458467.4121643 10.86 0.14
2458467.4123377 11.06 0.16
2458467.4125112 10.91 0.14
2458467.4126848 10.78 0.13
2458467.4128584 10.97 0.15
2458467.4130320 10.91 0.14
2458467.4132056 10.87 0.14
2458467.4133792 10.90 0.14
2458467.4137264 10.94 0.15
2458467.4139000 10.98 0.15
2458467.4140736 10.79 0.13
2458467.4142473 10.88 0.14
2458467.4144209 10.66 0.11
2458467.4147681 10.99 0.15
2458467.4149417 10.77 0.13
2458467.4154625 10.91 0.14
2458467.4156361 10.98 0.15
2458467.4163306 10.83 0.13
2458467.4166778 10.65 0.11
2458467.4171986 10.73 0.12
2458467.4175459 10.89 0.14
2458467.4178931 10.74 0.12
2458467.4180667 10.87 0.14
2458467.4189348 11.05 0.17
2458467.4194556 10.79 0.13
2458467.4196292 10.80 0.13
2458467.4198028 10.63 0.11
2458467.4199764 10.79 0.13
2458467.4204973 10.81 0.14
2458467.4206709 10.80 0.13
2458469.3667865 11.03 0.11
2458469.3670135 11.01 0.11
2458469.3671871 10.98 0.10
2458469.3673607 11.08 0.11
2458469.3675343 10.92 0.10
2458469.3677079 11.04 0.11
2458469.3680551 10.95 0.10
2458469.3682287 10.89 0.10
2458469.3685760 10.79 0.09
2458469.3690968 11.13 0.12
2458469.3692704 11.02 0.11
2458469.3694440 11.05 0.11
2458469.3696176 10.96 0.10
2458469.3697912 10.91 0.10
2458469.3699648 10.97 0.11
2458469.3701384 10.90 0.10
2458469.3703121 11.03 0.11
2458469.3704857 10.87 0.10
2458469.3706593 11.07 0.12
2458469.3708329 10.95 0.10
2458469.3710065 10.90 0.10
2458469.3711801 10.85 0.09
2458469.3713537 10.82 0.09
2458469.3715273 10.97 0.10
2458469.3717009 10.98 0.11
2458469.3718746 10.89 0.10
2458469.3720482 10.85 0.09
2458469.3722218 11.02 0.11
2458469.3723954 11.13 0.12
2458469.3725690 11.00 0.11
2458469.3729162 10.98 0.10
2458469.3730898 10.99 0.11
2458469.3732635 10.89 0.10
2458469.3734371 10.88 0.10
2458469.3737843 11.06 0.11
2458469.3741315 10.92 0.10
2458469.3744787 11.02 0.11
2458469.3746524 10.84 0.09
2458469.3748260 10.90 0.10
2458469.3749996 10.99 0.11
2458469.3751732 11.05 0.11
2458469.3753468 10.77 0.09
2458469.3760425 10.85 0.09
2458469.3762159 11.04 0.11
2458469.3765628 10.88 0.09
2458469.3767363 11.03 0.11
2458469.3769097 10.92 0.10
2458469.3770832 10.92 0.10
2458469.3772566 11.00 0.11
2458469.3774301 10.86 0.09
2458469.3777773 10.96 0.10
2458469.3779510 10.94 0.10
2458469.3781246 10.90 0.10
2458469.3782982 10.99 0.10
2458469.3784718 10.85 0.09
2458469.3786454 10.88 0.09
2458488.3044163 10.86 0.12
2458488.3045899 10.93 0.13
2458488.3047635 10.86 0.12
2458488.3049371 10.85 0.12
2458488.3051107 10.87 0.12
2458488.3052844 10.71 0.11
2458488.3054579 10.77 0.11
2458488.3056316 10.73 0.11
2458488.3058052 10.80 0.11
2458488.3059788 10.96 0.13
2458488.3061524 10.85 0.12
2458488.3063260 10.83 0.12
2458488.3066732 11.01 0.14
2458488.3068468 11.00 0.14
2458488.3070205 11.15 0.16
2458488.3071941 11.01 0.14
2458488.3073677 10.85 0.12
2458488.3075413 10.92 0.13
2458488.3077149 10.81 0.11
2458488.3078885 10.83 0.12
2458488.3080621 10.85 0.12
2458488.3082357 11.03 0.14
2458488.3084093 10.84 0.12
2458488.3085830 10.80 0.11
2458488.3087566 11.02 0.14
2458488.3089302 11.02 0.14
2458488.3091038 10.90 0.13
2458488.3092788 10.95 0.13
2458488.3094522 10.99 0.14
2458488.3096257 10.81 0.12
2458488.3097991 11.01 0.14
2458488.3099726 11.00 0.14
2458488.3101460 10.73 0.11
2458488.3103194 11.03 0.14
2458488.3104929 10.74 0.11
2458488.3106663 10.84 0.12
2458488.3108399 10.81 0.12
2458488.3110135 10.83 0.12
2458488.3111871 10.88 0.12
2458488.3113607 10.90 0.13
2458488.3115344 11.12 0.15
2458488.3117080 10.76 0.11
2458488.3118816 10.84 0.12
2458488.3120552 10.99 0.14
2458488.3122288 10.78 0.12
2458488.3124024 10.87 0.12
2458488.3125760 10.97 0.14
2458488.3127496 10.78 0.12
2458488.3129232 11.15 0.16
2458488.3130969 11.03 0.14
2458488.3132705 10.95 0.13
2458488.3134441 10.84 0.12
2458488.3136177 10.78 0.12
2458488.3141385 10.92 0.13
2458488.3143121 10.76 0.11
2458488.3144857 10.79 0.12
2458488.3146593 10.79 0.12
2458488.3148330 10.93 0.13
2458488.3150066 11.06 0.15
2458488.3151802 10.98 0.14
2458488.3155274 10.80 0.12
2458488.3157010 10.87 0.13
2458488.3160482 11.06 0.15
2458488.3163955 10.97 0.14
2458488.3165691 10.71 0.11
2458488.3169163 10.94 0.13
2458488.3170899 10.96 0.14
2458488.3176107 10.71 0.11
2458488.3177844 10.92 0.13
2458488.3179580 10.93 0.13
2458488.3181316 10.75 0.11
2458488.3183052 10.99 0.14
2458488.3186524 10.90 0.13
2458488.3188260 10.81 0.12
2458488.3189996 10.93 0.14
2458488.3196941 10.97 0.14
2458488.3198677 10.88 0.13
2458488.3200413 10.77 0.12
2458488.3202149 10.98 0.14
2458488.3203885 10.84 0.12
2458488.3205621 10.84 0.12
2458488.3209094 11.05 0.15
2458488.3212579 10.92 0.14
2458488.3214314 10.89 0.13
2458488.3216048 10.85 0.13
2458488.3217783 10.78 0.12
2458488.3221252 10.95 0.14
2458488.3224720 10.85 0.12
2458488.3226455 11.02 0.15
2458488.3228191 10.98 0.14
2458488.3231663 10.82 0.12
2458488.3233399 10.94 0.14
2458488.3235135 10.70 0.11
2458488.3236871 10.92 0.13
2458488.3238607 10.88 0.13
2458488.3240343 11.05 0.15
2458488.3242080 10.90 0.13
2458488.3243816 11.05 0.15
2458488.3249024 10.84 0.13
2458488.3250760 10.74 0.12
2458488.3252496 10.78 0.12
2458488.3254232 11.01 0.15
2458488.3255969 10.76 0.12
2458488.3259441 11.03 0.15
2458488.3261177 10.65 0.11
2458488.3262913 11.02 0.15
2458488.3264649 10.83 0.12
2458488.3266385 10.73 0.11
2458488.3268121 10.79 0.12
2458488.3269857 10.96 0.14
2458488.3271594 10.86 0.13
2458488.3273330 10.94 0.14
2458488.3275066 10.96 0.14
2458488.3278538 10.80 0.12
2458488.3280274 10.83 0.13
2458488.3282010 10.74 0.12
2458488.3285482 11.18 0.17
2458488.3287218 10.92 0.14
2458488.3288955 10.99 0.14
2458488.3290691 11.01 0.15
2458488.3292427 10.98 0.14
2458488.3294163 10.80 0.12
2458488.3297635 10.82 0.13
2458488.3299371 10.94 0.14
2458488.3301107 10.94 0.14
2458488.3302843 10.76 0.12
2458488.3304580 10.82 0.12
2458488.3309788 10.91 0.13
2458488.3311524 11.02 0.15
2458488.3313260 11.04 0.15
2458488.3314996 11.02 0.15
2458488.3316732 10.86 0.13
2458488.3318468 10.92 0.14
2458488.3321941 10.66 0.11
2458488.3323677 10.79 0.12
2458488.3327149 10.94 0.14
2458488.3328885 11.06 0.15
2458488.3332370 10.85 0.13
2458488.3335839 10.87 0.13
2458488.3339308 10.90 0.14
2458488.3342777 10.99 0.15
2458488.3344511 10.94 0.14
2458488.3346246 10.78 0.12
2458488.3347982 11.01 0.15
2458488.3351455 10.92 0.14
2458488.3354927 10.91 0.14
2458488.3356663 10.91 0.14
2458488.3367080 10.81 0.12
2458488.3370552 10.85 0.13
2458488.3374024 10.89 0.13
2458488.3377496 10.90 0.14
2458488.3379232 10.84 0.13
2458488.3380968 10.86 0.13
2458488.3382705 10.80 0.12
2458488.3384441 10.81 0.13
2458488.3386177 10.87 0.13
2458488.3387913 10.78 0.12
2458488.3389649 10.74 0.12
2458488.3391385 10.96 0.14
2458488.3394857 11.07 0.16
2458488.3396593 11.10 0.16
2458488.3398330 10.84 0.13
2458488.3400066 10.81 0.13
2458488.3401802 10.83 0.13
2458488.3403538 10.94 0.14
2458488.3407010 10.93 0.14
2458488.3410482 10.87 0.13
2458488.3412219 10.90 0.14
2458488.3413955 10.85 0.13
2458488.3415691 10.94 0.14
2458488.3417427 10.73 0.12
2458488.3420899 10.84 0.13
2458488.3426107 10.79 0.13
2458488.3427844 10.84 0.13
2458488.3433052 10.94 0.14
2458488.3436524 10.99 0.15
2458488.3438260 10.77 0.12
2458488.3439996 10.87 0.13
2458488.3441732 10.94 0.14
2458488.3443469 10.82 0.13
2458488.3448677 10.96 0.14
2458488.3450413 10.85 0.13
2458488.3455631 10.83 0.13
2458488.3457365 10.82 0.13
2458488.3459100 10.80 0.13
2458488.3460834 10.94 0.14
2458488.3462569 10.80 0.13
2458488.3464303 11.00 0.15
2458488.3466038 11.03 0.16
2458488.3467774 10.98 0.15
2458488.3469510 10.94 0.14
2458488.3471246 10.95 0.14
2458488.3472982 10.73 0.12
2458488.3474718 11.09 0.16
2458488.3478191 11.04 0.15
2458488.3479927 10.87 0.13
2458488.3481663 10.92 0.14
2458488.3483399 10.86 0.13
2458488.3485135 10.90 0.14
2458488.3486871 10.87 0.13
2458488.3488607 10.66 0.11
2458488.3490344 11.02 0.15
2458488.3492080 11.00 0.15
2458488.3493816 10.86 0.13
2458488.3495552 10.96 0.14
2458488.3497288 11.09 0.16
2458488.3499024 10.88 0.13
2458488.3502496 11.17 0.17
2458488.3504232 11.04 0.15
2458488.3505969 10.98 0.15
2458488.3507705 10.90 0.14
2458488.3509441 10.88 0.13
2458488.3511177 10.92 0.14
2458488.3512913 10.74 0.12
2458488.3514649 11.07 0.16
2458488.3516385 10.82 0.13
2458488.3518121 10.99 0.15
2458488.3521594 10.87 0.13
2458488.3525066 10.92 0.14
2458488.3526802 10.91 0.14
2458488.3528538 10.98 0.15
2458488.3532010 10.87 0.13
2458488.3535482 10.88 0.13
2458488.3537218 10.92 0.14
2458488.3538955 10.98 0.15
2458488.3540691 10.93 0.14
2458488.3542427 10.94 0.14
2458488.3544163 10.84 0.13
2458488.3545899 10.84 0.13
2458488.3547635 10.91 0.14
2458488.3551107 11.04 0.15
2458488.3552843 10.73 0.12
2458488.3554580 11.08 0.16
2458488.3556316 10.89 0.14
2458488.3564996 10.89 0.14
2458488.3566732 10.96 0.14
2458488.3570218 11.03 0.15
2458488.3573687 10.89 0.13
2458488.3577156 10.85 0.13
2458488.3578891 10.91 0.14
2458488.3580625 10.74 0.12
2458488.3582360 10.87 0.13
2458488.3584094 10.95 0.14
2458488.3585830 10.96 0.14
2458488.3587566 10.86 0.13
2458488.3591038 10.80 0.13
2458488.3592774 10.88 0.13
2458488.3594510 11.01 0.15
2458488.3597982 10.70 0.11
2458488.3599718 10.90 0.14
2458488.3603191 10.87 0.13
2458488.3604927 10.97 0.14
2458488.3606663 10.98 0.15
2458488.3608399 10.64 0.11
2458488.3610135 10.86 0.13
2458488.3611871 10.67 0.11
2458488.3613607 10.82 0.13
2458488.3615343 10.85 0.13
2458488.3617080 10.85 0.13
2458488.3620552 10.82 0.13
2458488.3622288 10.94 0.14
2458488.3624024 10.83 0.13
2458488.3625760 10.80 0.12
2458488.3629232 11.09 0.16
2458488.3630968 10.70 0.11
2458488.3632705 10.67 0.11
2458488.3636177 10.88 0.14
2458488.3637913 10.82 0.13
2458488.3639649 11.01 0.15
2458488.3644857 10.75 0.12
2458488.3646594 10.87 0.13
2458488.3648330 10.83 0.13
2458488.3650066 10.84 0.13
2458488.3651802 10.88 0.14
2458488.3657010 10.90 0.14
2458488.3658746 10.87 0.13
2458488.3660482 10.95 0.14
2458488.3663955 10.85 0.13
2458488.3665691 10.93 0.14
2458488.3667427 10.96 0.15
2458488.3669163 10.96 0.15
2458488.3674371 10.70 0.11
2458488.3676107 10.97 0.15
2458488.3677844 10.80 0.13
2458488.3679580 11.09 0.16
2458488.3683052 10.93 0.14
2458488.3684788 10.78 0.12
2458488.3686524 10.75 0.12
2458488.3688260 10.74 0.12
2458488.3693479 10.87 0.13
2458488.3695213 11.02 0.15
2458488.3696948 10.84 0.13
2458488.3702150 10.78 0.13
2458488.3709093 10.89 0.14
2458488.3712566 10.92 0.14
2458488.3714302 10.76 0.12
2458488.3716038 10.79 0.13
2458488.3717774 11.05 0.16
2458488.3719510 10.79 0.13
2458488.3721246 10.89 0.14
2458488.3722982 10.87 0.14
2458488.3724718 10.88 0.14
2458488.3726455 10.75 0.12
2458488.3728191 10.92 0.14
2458488.3729927 10.71 0.12
2458488.3731663 10.70 0.12
2458488.3733399 10.90 0.14
2458488.3735135 11.00 0.15
2458488.3736871 10.73 0.12
2458488.3738607 10.89 0.14
2458493.2519739 10.82 0.11
2458493.2521475 10.91 0.12
2458493.2523211 11.00 0.13
2458493.2524947 10.88 0.12
2458493.2526684 10.68 0.10
2458493.2528420 10.80 0.11
2458493.2530156 10.80 0.11
2458493.2531892 10.79 0.11
2458493.2533628 11.00 0.13
2458493.2535364 11.07 0.14
2458493.2537100 10.94 0.13
2458493.2538836 10.67 0.10
2458493.2540586 11.00 0.13
2458493.2544055 10.75 0.10
2458493.2545789 10.88 0.12
2458493.2549258 10.91 0.12
2458493.2550993 10.83 0.11
2458493.2554461 11.04 0.14
2458493.2556198 10.98 0.13
2458493.2557934 10.71 0.10
2458493.2559670 10.79 0.11
2458493.2561406 10.93 0.12
2458493.2563142 10.79 0.11
2458493.2564878 11.07 0.14
2458493.2566614 11.02 0.13
2458493.2568350 10.81 0.11
2458493.2570086 10.80 0.11
2458493.2571823 10.95 0.13
2458493.2573559 11.18 0.15
2458493.2575295 11.16 0.15
2458493.2577031 10.86 0.12
2458493.2578767 10.89 0.12
2458493.2580503 11.04 0.14
2458493.2582239 10.88 0.12
2458493.2583975 10.70 0.10
2458493.2585711 10.73 0.10
2458493.2587447 11.10 0.14
2458493.2589184 10.78 0.11
2458493.2590920 10.78 0.11
2458493.2592656 11.12 0.15
2458493.2594392 10.83 0.11
2458493.2596128 10.96 0.13
2458493.2597864 10.76 0.11
2458493.2599600 10.87 0.12
2458493.2601336 10.94 0.13
2458493.2603072 11.00 0.13
2458493.2604809 10.91 0.12
2458493.2606545 10.76 0.11
2458493.2608281 10.87 0.12
2458493.2610017 10.92 0.12
2458493.2611753 11.07 0.14
2458493.2613489 11.03 0.14
2458493.2615225 10.78 0.11
2458493.2616961 10.81 0.11
2458493.2618697 11.19 0.15
2458493.2620434 10.88 0.12
2458493.2622170 10.98 0.13
2458493.2623906 10.94 0.13
2458493.2625642 10.87 0.12
2458493.2627378 11.05 0.14
2458493.2629114 10.98 0.13
2458493.2632586 10.89 0.12
2458493.2634323 11.00 0.13
2458493.2636059 10.82 0.11
2458493.2639531 11.14 0.15
2458493.2641267 11.05 0.14
2458493.2643003 11.06 0.14
2458493.2644739 10.74 0.10
2458493.2646475 10.99 0.13
2458493.2648211 11.03 0.13
2458493.2649948 10.80 0.11
2458493.2651684 11.10 0.14
2458493.2653420 10.86 0.11
2458493.2655156 10.90 0.12
2458493.2656892 11.16 0.15
2458493.2658628 10.79 0.11
2458493.2660378 10.96 0.13
2458493.2662112 10.73 0.10
2458493.2663847 10.90 0.12
2458493.2665581 10.94 0.12
2458493.2669050 10.71 0.10
2458493.2670784 10.91 0.12
2458493.2672519 10.97 0.13
2458493.2674253 10.99 0.13
2458493.2675989 10.82 0.11
2458493.2677725 10.89 0.12
2458493.2679461 10.98 0.13
2458493.2681197 10.96 0.13
2458493.2682934 10.95 0.13
2458493.2684670 10.82 0.11
2458493.2686406 10.91 0.12
2458493.2688142 11.06 0.14
2458493.2689878 10.96 0.13
2458493.2691614 10.87 0.12
2458493.2693350 10.89 0.12
2458493.2695086 10.89 0.12
2458493.2696822 10.91 0.12
2458493.2705503 10.88 0.12
2458493.2707239 10.88 0.12
2458493.2710711 10.80 0.11
2458493.2714184 10.87 0.12
2458493.2715920 10.86 0.12
2458493.2719392 11.01 0.13
2458493.2721128 11.14 0.15
2458493.2722864 10.89 0.12
2458493.2729809 10.83 0.11
2458493.2733281 11.06 0.14
2458493.2735017 10.92 0.12
2458493.2736753 10.83 0.11
2458493.2738489 10.94 0.12
2458493.2745434 10.97 0.13
2458493.2748906 10.78 0.11
2458493.2750642 10.85 0.12
2458493.2752378 10.90 0.12
2458493.2755850 10.66 0.10
2458493.2759322 10.97 0.13
2458493.2761059 11.00 0.13
2458493.2762795 11.07 0.14
2458493.2766267 11.05 0.14
2458493.2771475 10.78 0.11
2458493.2776684 11.04 0.14
2458493.2778420 10.91 0.12
2458493.2780169 10.81 0.11
2458493.2781904 10.91 0.12
2458493.2783638 10.83 0.11
2458493.2785373 10.80 0.11
2458493.2787107 10.99 0.13
2458493.2788841 10.88 0.12
2458493.2790576 10.75 0.11
2458493.2792310 10.98 0.13
2458493.2794045 11.00 0.13
2458493.2795781 10.83 0.11
2458493.2799253 10.89 0.12
2458493.2800989 10.82 0.11
2458493.2804461 11.06 0.14
2458493.2806198 11.02 0.13
2458493.2807934 10.93 0.12
2458493.2809670 10.86 0.12
2458493.2811406 11.03 0.14
2458493.2813142 10.98 0.13
2458493.2814878 10.95 0.13
2458493.2816614 10.98 0.13
2458493.2818350 10.92 0.12
2458493.2820086 11.04 0.14
2458493.2823559 10.83 0.11
2458493.2825295 11.10 0.14
2458493.2827031 10.81 0.11
2458493.2828767 10.90 0.12
2458493.2830503 11.08 0.14
2458493.2832239 10.87 0.12
2458493.2833975 10.82 0.11
2458493.2835711 11.05 0.14
2458493.2837447 10.83 0.11
2458493.2839184 10.94 0.13
2458493.2840920 10.84 0.11
2458493.2842656 10.76 0.11
2458493.2844392 11.15 0.15
2458493.2846128 11.09 0.14
2458493.2847864 10.92 0.12
2458493.2849600 11.07 0.14
2458493.2851336 11.01 0.13
2458493.2853072 10.89 0.12
2458493.2854809 10.74 0.11
2458493.2856545 10.89 0.12
2458493.2858281 10.82 0.11
2458493.2860017 10.74 0.10
2458493.2861753 10.95 0.13
2458493.2865225 10.90 0.12
2458493.2866961 11.05 0.14
2458493.2868698 10.74 0.10
2458493.2872170 10.94 0.12
2458493.2873906 10.75 0.10
2458493.2875642 10.79 0.11
2458493.2879114 10.81 0.11
2458493.2880850 10.98 0.13
2458493.2882586 10.90 0.12
2458493.2884323 10.88 0.12
2458493.2886059 10.85 0.12
2458493.2887795 11.05 0.14
2458493.2889531 10.85 0.12
2458493.2891267 11.22 0.16
2458493.2893003 10.87 0.12
2458493.2894739 10.96 0.13
2458493.2896475 11.00 0.13
2458493.2899961 11.00 0.13
2458493.2901695 10.93 0.12
2458493.2903429 10.86 0.12
2458493.2905164 11.00 0.13
2458493.2906898 10.80 0.11
2458493.2908633 11.08 0.14
2458493.2910367 10.86 0.12
2458493.2912102 11.09 0.14
2458493.2917309 11.01 0.13
2458493.2919045 10.67 0.10
2458493.2920781 10.78 0.11
2458493.2922517 11.08 0.14
2458493.2925989 10.98 0.13
2458493.2927725 10.90 0.12
2458493.2929461 10.74 0.10
2458493.2931197 11.11 0.14
2458493.2936406 10.98 0.13
2458493.2938142 10.91 0.12
2458493.2939878 10.78 0.11
2458493.2943350 10.96 0.13
2458493.2946823 10.92 0.12
2458493.2948559 10.99 0.13
2458493.2952031 10.92 0.12
2458493.2953767 10.94 0.13
2458493.2955503 10.89 0.12
2458493.2957239 10.94 0.13
2458493.2964184 10.96 0.13
2458493.2965920 10.75 0.11
2458493.2969392 10.82 0.11
2458493.2971128 11.19 0.16
2458493.2972864 10.68 0.10
2458493.2974600 11.01 0.13
2458493.2976336 10.81 0.11
2458493.2979809 10.99 0.13
2458493.2981545 10.75 0.11
2458493.2983281 10.95 0.13
2458493.2985017 10.91 0.12
2458493.2986753 10.97 0.13
2458493.2990225 11.01 0.13
2458493.2991961 10.98 0.13
2458493.2993697 11.06 0.14
2458493.2995434 10.79 0.11
2458493.2997170 10.85 0.12
2458493.2998906 10.93 0.13
2458493.3000642 11.06 0.14
2458493.3002378 10.90 0.12
2458493.3004114 10.90 0.12
2458493.3005850 10.89 0.12
2458493.3007586 10.93 0.13
2458493.3018931 10.84 0.12
2458493.3021591 10.85 0.12
2458493.3025063 10.93 0.13
2458493.3026799 10.99 0.13
2458493.3032008 10.84 0.11
2458493.3033744 10.97 0.13
2458493.3035480 11.08 0.14
2458493.3038952 10.98 0.13
2458493.3040688 11.06 0.14
2458493.3042424 11.09 0.14
2458493.3044161 11.06 0.14
2458493.3045897 10.87 0.12
2458493.3047633 10.93 0.12
2458493.3049369 11.01 0.13
2458493.3051105 11.07 0.14
2458493.3052841 11.00 0.13
2458493.3054577 11.07 0.14
2458493.3056313 11.03 0.14
2458493.3058049 10.83 0.11
2458493.3059785 10.83 0.11
2458493.3061522 10.81 0.11
2458493.3063258 11.01 0.13
2458493.3064994 11.03 0.14
2458493.3066730 11.08 0.14
2458493.3068466 11.16 0.15
2458493.3071938 10.81 0.11
2458493.3073674 11.09 0.14
2458493.3077147 10.96 0.13
2458493.3078883 10.75 0.10
2458493.3082355 10.75 0.10
2458493.3084091 11.05 0.14
2458493.3085827 11.11 0.14
2458493.3087563 10.93 0.12
2458493.3089299 10.88 0.12
2458493.3091036 10.81 0.11
2458493.3092772 11.06 0.14
2458493.3094508 10.87 0.12
2458493.3096244 10.97 0.13
2458493.3099716 11.02 0.13
2458493.3101452 10.91 0.12
2458493.3104924 10.91 0.12
2458493.3110133 11.06 0.14
2458493.3111869 10.90 0.12
2458493.3113605 10.84 0.11
2458493.3115341 10.97 0.13
2458493.3118813 11.05 0.14
2458493.3120549 10.78 0.11
2458493.3125767 10.77 0.10
2458493.3130971 10.89 0.12
2458493.3132705 10.66 0.10
2458493.3134439 10.89 0.12
2458493.3137910 10.89 0.12
2458493.3139647 10.82 0.11
2458493.3143119 10.93 0.12
2458493.3144855 10.80 0.11
2458493.3146591 11.06 0.14
2458493.3150063 11.09 0.14
2458493.3155272 10.84 0.11
2458493.3158744 11.03 0.13
2458493.3160480 10.88 0.12
2458493.3162216 10.86 0.11
2458493.3169161 11.06 0.14
2458493.3170897 10.81 0.11
2458493.3172633 10.84 0.11
2458493.3174369 11.01 0.13
2458493.3177841 10.94 0.12
2458493.3181313 10.85 0.11
2458493.3184786 10.88 0.12
2458493.3186522 11.05 0.13
2458493.3188258 10.92 0.12
2458493.3189994 10.85 0.11
2458493.3191730 10.82 0.11
2458493.3193466 10.90 0.12
2458493.3195202 10.86 0.11
2458493.3196938 10.80 0.11
2458493.3198674 10.89 0.12
2458493.3200411 10.83 0.11
2458493.3202147 10.76 0.10
2458493.3203883 10.96 0.12
2458493.3205619 10.94 0.12
2458493.3207355 10.79 0.11
2458493.3209091 10.86 0.11
2458493.3212563 11.05 0.14
2458493.3214299 11.01 0.13
2458493.3217772 10.84 0.11
2458493.3219508 10.92 0.12
2458493.3221244 10.99 0.13
2458493.3222980 10.91 0.12
2458493.3224716 10.85 0.11
2458493.3226452 10.93 0.12
2458493.3228188 10.91 0.12
2458493.3229924 10.76 0.10
2458493.3231662 10.67 0.10
2458493.3233397 11.04 0.13
2458493.3236869 10.88 0.12
2458493.3238605 10.77 0.11
2458493.3240341 10.87 0.12
2458493.3242090 11.00 0.13
2458493.3245559 10.97 0.13
2458493.3247293 10.96 0.12
2458493.3249028 10.98 0.13
2458493.3250762 11.04 0.13
2458493.3252497 10.92 0.12
2458493.3254231 10.95 0.12
2458493.3255966 10.84 0.11
2458493.3257702 11.03 0.13
2458493.3259438 10.91 0.12
2458493.3261174 10.77 0.11
2458493.3262911 10.87 0.12
2458493.3264647 10.82 0.11
2458493.3266383 10.76 0.10
2458493.3268119 10.86 0.11
2458493.3271591 10.93 0.12
2458493.3273327 10.99 0.13
2458493.3275063 10.89 0.12
2458493.3276799 11.03 0.13
2458493.3278536 10.80 0.11
2458493.3280272 10.86 0.11
2458493.3282008 10.90 0.12
2458493.3283744 10.78 0.10
2458493.3285480 11.11 0.14
2458493.3287216 10.87 0.12
2458493.3288952 10.96 0.12
2458493.3290688 10.91 0.12
2458493.3292430 10.87 0.11
2458493.3294160 10.98 0.13
2458493.3295897 10.90 0.12
2458493.3297633 10.88 0.11
2458493.3299369 10.87 0.11
2458493.3301105 10.94 0.12
2458493.3302841 11.03 0.13
2458493.3304577 10.80 0.11
2458493.3306313 10.82 0.11
2458493.3308049 10.85 0.11
2458493.3309785 10.98 0.13
2458493.3311522 10.97 0.12
2458493.3313258 10.93 0.12
2458493.3314994 10.89 0.12
2458493.3316730 10.88 0.12
2458493.3318466 10.84 0.11
2458493.3320202 10.76 0.10
2458493.3321938 10.87 0.11
2458493.3323674 10.91 0.12
2458493.3325411 10.90 0.12
2458493.3327147 10.83 0.11
2458493.3328883 10.92 0.12
2458493.3330619 10.82 0.11
2458493.3332355 10.78 0.10
2458493.3334091 11.03 0.13
2458493.3335827 10.88 0.12
2458493.3337563 10.93 0.12
2458493.3339299 10.92 0.12
2458493.3341036 11.08 0.14
2458493.3342772 10.81 0.11
2458493.3344508 10.92 0.12
2458493.3346244 10.89 0.12
2458493.3351452 10.76 0.10
2458493.3353188 10.97 0.13
2458493.3354924 10.92 0.12
2458493.3358397 11.12 0.14
2458493.3360133 10.80 0.11
2458493.3361882 10.91 0.12
2458493.3363616 10.99 0.13
2458493.3365351 10.89 0.12
2458493.3367085 10.74 0.10
2458493.3368820 10.95 0.13
2458493.3370554 10.74 0.10
2458493.3372288 10.89 0.12
2458493.3374023 10.87 0.12
2458493.3375758 10.81 0.11
2458493.3377494 10.94 0.12
2458493.3379230 10.63 0.09
2458493.3380966 10.86 0.12
2458493.3384438 10.89 0.12
2458493.3386174 10.85 0.11
2458493.3387910 10.74 0.10
2458493.3389647 10.93 0.12
2458493.3391383 10.87 0.12
2458493.3393119 10.77 0.11
2458493.3394855 10.75 0.10
2458493.3396591 10.89 0.12
2458493.3400063 10.95 0.13
2458493.3401799 10.70 0.10
2458493.3403536 10.98 0.13
2458493.3405272 10.94 0.12
2458493.3407008 10.78 0.11
2458493.3408744 11.01 0.13
2458493.3410480 10.87 0.12
2458493.3413952 10.88 0.12
2458493.3415688 10.78 0.11
2458493.3417424 10.96 0.13
2458493.3420897 10.86 0.12
2458493.3422633 10.80 0.11
2458493.3426105 10.75 0.11
2458493.3427841 11.10 0.14
2458493.3431313 10.94 0.12
2458493.3433049 10.77 0.11
2458493.3434786 10.76 0.11
2458493.3436522 10.86 0.12
2458493.3438258 10.86 0.12
2458493.3439994 11.07 0.14
2458493.3445202 11.00 0.13
2458493.3446938 10.79 0.11
2458493.3450410 10.72 0.10
2458493.3452147 10.98 0.13
2458493.3453883 10.71 0.10
2458493.3455619 10.83 0.11
2458493.3457355 11.08 0.14
2458493.3459091 10.99 0.13
2458493.3460827 10.68 0.10
2458493.3462563 10.94 0.13
2458493.3464299 10.79 0.11
2458493.3466035 10.93 0.12
2458493.3467772 11.02 0.13
2458493.3469508 10.91 0.12
2458493.3471244 10.70 0.10
2458493.3472980 10.91 0.12
2458493.3474716 10.89 0.12
2458493.3478188 10.84 0.11
2458493.3483408 10.92 0.12
2458493.3485142 10.79 0.11
2458493.3486876 10.82 0.11
2458493.3488611 10.82 0.11
2458493.3492080 10.73 0.10
2458493.3495549 11.08 0.14
2458493.3497286 10.80 0.11
2458493.3499022 11.01 0.14
2458493.3500758 10.84 0.11
2458493.3502494 10.95 0.13
2458493.3504230 10.91 0.12
2458493.3505966 10.95 0.13
2458493.3507702 10.85 0.11
2458493.3509438 10.88 0.12
2458493.3511174 10.82 0.11
2458493.3512911 10.78 0.11
2458493.3514647 10.68 0.10
2458493.3516383 10.95 0.13
2458493.3518119 11.06 0.14
2458493.3519855 10.80 0.11
2458493.3521591 10.80 0.11
2458493.3523327 10.90 0.12
2458493.3525063 10.84 0.11
2458493.3528535 10.86 0.12
2458493.3532008 10.88 0.12
2458493.3533744 10.96 0.13
2458493.3535480 10.86 0.12
2458493.3537216 10.99 0.13
2458493.3540688 10.73 0.10
2458493.3542424 10.93 0.12
2458493.3544160 11.05 0.14
2458493.3547633 10.79 0.11
2458493.3549369 10.83 0.11
2458493.3551105 10.71 0.10
2458493.3554577 11.00 0.13
2458493.3556313 11.02 0.13
2458493.3558049 10.96 0.13
2458493.3559786 11.05 0.14
2458493.3561522 10.94 0.12
2458493.3563258 10.95 0.13
2458493.3564994 11.05 0.14
2458493.3566730 10.96 0.13
2458493.3568466 10.80 0.11
2458493.3570202 10.99 0.13
2458493.3571938 10.94 0.12
2458493.3573674 10.86 0.12
2458493.3575411 11.01 0.13
2458493.3577147 10.81 0.11
2458493.3578883 10.86 0.12
2458493.3580619 10.94 0.12
2458493.3582355 11.02 0.13
2458493.3584091 10.83 0.11
2458493.3585827 10.83 0.11
2458493.3587563 10.78 0.11
2458493.3589299 10.92 0.12
2458493.3591036 10.77 0.11
2458493.3592772 10.91 0.12
2458493.3594508 10.75 0.10
2458493.3596244 10.82 0.11
2458493.3597980 10.89 0.12
2458493.3599716 10.89 0.12
2458493.3601465 10.83 0.11
2458493.3603199 10.79 0.11
2458493.3604934 10.96 0.13
2458493.3606668 10.94 0.12
2458493.3608403 10.83 0.11
2458493.3610137 11.05 0.14
2458493.3611871 10.92 0.12
2458493.3613606 11.07 0.14
2458493.3617077 11.05 0.14
2458493.3618813 10.94 0.12
2458493.3620549 10.90 0.12
2458493.3622285 10.94 0.12
2458493.3625758 10.81 0.11
2458493.3627494 11.00 0.13
2458493.3629230 10.81 0.11
2458493.3630966 10.87 0.12
2458493.3634438 10.88 0.12
2458493.3636174 11.15 0.15
2458493.3637911 10.93 0.12
2458493.3639647 10.92 0.12
2458493.3641383 10.85 0.11
2458493.3644855 10.85 0.11
2458493.3646591 10.66 0.10
2458493.3648327 10.85 0.11
2458493.3650063 10.69 0.10
2458493.3651799 10.92 0.12
2458493.3653536 10.78 0.11
2458493.3655272 10.87 0.12
2458493.3657008 10.95 0.12
2458493.3658744 10.86 0.12
2458493.3660480 10.97 0.13
2458493.3662216 10.93 0.12
2458493.3663952 10.99 0.13
2458493.3665688 10.98 0.13
2458493.3667424 10.98 0.13
2458493.3669161 10.92 0.12
2458493.3670897 11.01 0.13
2458493.3672633 11.05 0.14
2458493.3674369 10.89 0.12
2458493.3676105 10.99 0.13
2458493.3677841 10.78 0.11
2458493.3679577 10.80 0.11
2458493.3681313 11.11 0.15
2458493.3683049 10.78 0.11
2458493.3684785 10.86 0.12
2458493.3686522 10.81 0.11
2458493.3688258 10.92 0.12
2458493.3689994 10.65 0.10
2458493.3691730 10.85 0.12
2458493.3693466 10.89 0.12
2458493.3695202 10.73 0.10
2458493.3696938 10.90 0.12
2458493.3698674 10.86 0.12
2458493.3700410 10.86 0.12
2458493.3702147 10.75 0.11
2458493.3705619 10.93 0.12
2458493.3709091 10.77 0.11
2458493.3710827 10.76 0.11
2458493.3712563 10.82 0.11
2458493.3714299 11.03 0.14
2458493.3716036 11.00 0.13
2458493.3717772 10.98 0.13
2458493.3719508 10.96 0.13
2458493.3721257 10.97 0.13
2458493.3722991 10.81 0.11
2458493.3724725 11.05 0.14
2458493.3726460 10.85 0.12
2458493.3728194 11.05 0.14
2458493.3729928 10.83 0.11
2458493.3731663 10.80 0.11
2458493.3735133 10.99 0.13
2458493.3736869 10.88 0.12
2458493.3738605 10.75 0.10
2458493.3742077 10.75 0.11
2458493.3743813 10.95 0.13
2458493.3745549 10.91 0.12
2458493.3747286 10.87 0.12
2458493.3749022 10.83 0.11
2458493.3750758 10.86 0.12
2458493.3752494 10.85 0.11
2458493.3754230 10.73 0.10
2458493.3755966 10.96 0.13
2458493.3757702 10.92 0.12
2458493.3759438 10.91 0.12
2458493.3761174 10.83 0.11
2458493.3764647 10.83 0.11
2458493.3766383 10.90 0.12
2458493.3768119 11.03 0.14
2458493.3769855 11.01 0.14
2458493.3773327 10.84 0.12
2458493.3775063 10.80 0.11
2458493.3776799 11.06 0.14
2458493.3778535 10.88 0.12
2458493.3780272 10.95 0.13
2458493.3782008 10.88 0.12
2458493.3783744 11.03 0.14
2458493.3785480 10.92 0.12
2458493.3788952 10.95 0.13
2458493.3792424 10.96 0.13
2458493.3794161 10.96 0.13
2458493.3795897 10.84 0.12
2458493.3797633 10.80 0.11
2458493.3801105 10.82 0.11
2458493.3802841 10.85 0.12
2458493.3806313 10.72 0.10
2458493.3808049 11.10 0.15
2458493.3809786 11.08 0.14
2458493.3811522 10.97 0.13
2458493.3813258 11.01 0.14
2458493.3814994 10.81 0.11
2458493.3816730 11.00 0.14
2458493.3818466 11.01 0.14
2458493.3820202 10.89 0.12
2458493.3821938 11.01 0.14
2458493.3823674 10.70 0.10
2458493.3827147 10.96 0.13
2458493.3828883 10.92 0.13
2458493.3830619 10.84 0.12
2458493.3832355 11.03 0.14
2458493.3834091 10.77 0.11
2458493.3835827 10.77 0.11
2458493.3841048 10.92 0.13
2458493.3844517 10.90 0.12
2458493.3847985 10.83 0.12
2458493.3849720 10.62 0.09
2458493.3851454 10.97 0.13
2458493.3853189 10.92 0.13
2458493.3854924 10.90 0.13
2458493.3858397 10.72 0.11
2458493.3860133 10.79 0.11
2458493.3861869 10.85 0.12
2458493.3867077 10.81 0.11
2458493.3872286 10.88 0.12
2458493.3874022 10.86 0.12
2458493.3875758 10.76 0.11
2458493.3877494 10.81 0.12
2458493.3880966 11.10 0.15
2458493.3884438 10.74 0.11
2458493.3886174 11.00 0.14
2458493.3887911 10.91 0.13
2458493.3889647 10.75 0.11
2458493.3891383 11.08 0.15
2458493.3893119 10.94 0.13
2458493.3898327 10.98 0.14
2458493.3900063 10.92 0.13
2458493.3903536 10.75 0.11
2458493.3905272 10.86 0.12
2458493.3907008 10.96 0.13
2458493.3908744 10.96 0.13
2458493.3912216 11.08 0.15
2458493.3913952 10.86 0.12
2458493.3915688 11.01 0.14
2458493.3917424 10.93 0.13
2458493.3919160 10.96 0.13
2458493.3922633 10.80 0.12
2458493.3926105 10.95 0.13
2458493.3927841 11.03 0.14
2458493.3929577 10.96 0.13
2458493.3931313 11.00 0.14
2458493.3933049 10.74 0.11
2458493.3934785 11.15 0.16
2458493.3936522 10.99 0.14
2458493.3939994 10.80 0.12
2458493.3941730 11.02 0.14
2458493.3943466 10.83 0.12
2458493.3945202 10.73 0.11
2458493.3948674 10.92 0.13
2458493.3950411 10.99 0.14
2458493.3952147 11.04 0.14
2458493.3955619 11.00 0.14
2458493.3959105 11.13 0.16
2458493.3960839 10.96 0.14
2458493.3962574 11.11 0.15
2458493.3964308 10.81 0.12
2458493.3966043 10.79 0.11
2458493.3967777 10.97 0.14
2458493.3969511 10.98 0.14
2458493.3971246 10.83 0.12
2458493.3972980 10.84 0.12
2458493.3976452 10.98 0.14
2458493.3978188 10.86 0.12
2458493.3979924 10.92 0.13
2458493.3983397 10.82 0.12
2458493.3985133 11.00 0.14
2458493.3986869 10.94 0.13
2458493.3988605 11.06 0.15
2458493.3990341 10.90 0.13
2458493.3992077 10.95 0.13
2458493.3993813 10.97 0.14
2458493.3995549 10.91 0.13
2458493.3997285 10.91 0.13
2458493.3999022 10.87 0.12
2458493.4000758 10.97 0.14
2458493.4002494 10.82 0.12
2458493.4005966 10.87 0.12
2458493.4007702 10.80 0.12
2458493.4009438 10.75 0.11
2458493.4011174 11.10 0.15
2458493.4012910 10.88 0.13
2458493.4016383 10.97 0.14
2458493.4018119 11.10 0.15
2458493.4019855 10.97 0.14
2458493.4021591 10.96 0.14
2458493.4023327 10.77 0.11
2458493.4025063 10.75 0.11
2458493.4030272 10.94 0.13
2458493.4032008 10.90 0.13
2458493.4033744 10.84 0.12
2458493.4035480 10.81 0.12
2458493.4038952 10.67 0.10
2458493.4040688 11.01 0.14
2458493.4042424 10.94 0.13
2458493.4044161 10.95 0.14
2458493.4047633 10.99 0.14
2458493.4049369 10.94 0.13
2458493.4051105 11.04 0.15
2458493.4052841 10.98 0.14
2458493.4054577 11.04 0.15
2458493.4056313 10.93 0.13
2458493.4059786 10.95 0.14
2458493.4061522 10.91 0.13
2458493.4064994 11.00 0.14
2458493.4066730 11.13 0.16
2458493.4071938 10.84 0.12
2458493.4073674 10.77 0.12
2458493.4075410 10.75 0.11
2458493.4077147 11.11 0.16
2458493.4078896 10.95 0.14
2458493.4080630 10.71 0.11
2458493.4084099 11.02 0.15
2458493.4085833 11.00 0.14
2458493.4087568 10.90 0.13
2458493.4092772 10.95 0.14
2458493.4094508 10.96 0.14
2458493.4096244 10.92 0.13
2458493.4097980 10.75 0.11
2458493.4099716 10.87 0.13
2458493.4101452 10.86 0.13
2458493.4104924 10.85 0.13
2458493.4106661 10.89 0.13
2458493.4110133 10.90 0.13
2458493.4111869 10.90 0.13
2458493.4113605 10.93 0.13
2458493.4115341 11.10 0.16
2458493.4117077 10.97 0.14
2458493.4118813 11.03 0.15
2458493.4120549 10.72 0.11
2458493.4124022 10.90 0.13
2458493.4125758 11.01 0.15
2458493.4127494 11.00 0.15
2458493.4129230 10.87 0.13
2458493.4130966 10.96 0.14
2458493.4132702 10.79 0.12
2458493.4134438 11.10 0.16
2458493.4136174 10.82 0.12
2458493.4139647 10.76 0.12
2458493.4141383 11.02 0.15
2458493.4143119 10.97 0.14
2458493.4148327 10.91 0.13
2458493.4151799 10.91 0.13
2458493.4153535 10.88 0.13
2458493.4155272 10.86 0.13
2458493.4157008 11.00 0.15
2458494.3469045 10.73 0.15
2458494.3472517 10.69 0.15
2458494.3477725 10.71 0.15
2458494.3491614 10.73 0.15
2458494.3500295 10.73 0.15
2458494.3505503 10.71 0.15
2458495.1455272 10.80 0.17
2458495.1458744 10.84 0.18
2458495.1465688 10.57 0.14
2458495.1514299 10.65 0.15
2458495.1580272 10.65 0.15
2458495.1597636 10.59 0.14
2458495.1618466 10.76 0.16
2458495.1703535 10.69 0.15
2458495.1705272 10.80 0.16
2458495.1707022 10.58 0.14
2458495.1719163 10.84 0.17
2458495.1724369 10.79 0.16
2458495.1745202 10.68 0.14
2458495.1762563 10.80 0.16
2458495.1772980 10.73 0.15
2458495.1774716 10.68 0.15
2458495.1788605 10.78 0.16
2458495.1800758 10.77 0.16
2458495.1807702 10.72 0.15
2458495.1830283 10.71 0.15
2458495.1842424 10.65 0.14
2458495.1852841 10.80 0.16
2458495.1875411 10.64 0.13
2458495.1904924 10.80 0.16
2458495.1911869 10.68 0.14
2458495.1913605 10.77 0.15
2458495.1917077 10.78 0.15
2458495.1918813 10.71 0.14
2458495.1927494 10.92 0.17
2458495.1932702 10.89 0.17
2458495.1934438 10.63 0.13
2458495.1939647 10.67 0.14
2458495.1941383 10.71 0.14
2458495.1944855 10.81 0.15
2458495.1948340 10.74 0.14
2458495.1951809 10.80 0.15
2458495.1953544 10.74 0.14
2458495.1955278 10.76 0.15
2458495.1958747 10.63 0.13
2458495.1960481 10.78 0.15
2458495.1962216 10.72 0.14
2458495.1967424 10.78 0.15
2458495.1977841 10.74 0.15
2458495.1986522 10.58 0.13
2458495.2002147 10.70 0.14
2458495.2005619 10.57 0.13
2458495.2028188 10.71 0.14
2458495.2045549 10.56 0.13
2458495.2050758 10.76 0.15
2458495.2054230 10.72 0.14
2458495.2061174 10.81 0.16
2458495.2066383 10.74 0.15
2458495.2075070 10.84 0.16
2458495.2090688 10.86 0.16
2458495.2094160 10.74 0.15
2458495.2097633 10.78 0.15
2458495.2101105 10.66 0.14
2458495.2102841 10.70 0.14
2458495.2109786 10.79 0.15
2458495.2113258 10.74 0.15
2458495.2114994 10.79 0.15
2458495.2120202 10.76 0.15
2458495.2123674 10.87 0.17
2458495.2130619 10.83 0.16
2458495.2137563 10.73 0.14
2458495.2139299 10.72 0.14
2458495.2151452 10.77 0.15
2458495.2156660 10.82 0.15
2458495.2163605 10.87 0.16
2458495.2172285 10.71 0.14
2458495.2182702 10.80 0.15
2458495.2194862 10.79 0.15
2458495.2196596 10.79 0.15
2458495.2198331 10.63 0.13
2458495.2201799 10.78 0.15
2458495.2212216 10.78 0.15
2458495.2219161 10.90 0.17
2458495.2220897 10.76 0.15
2458495.2236522 10.89 0.16
2458495.2238258 10.74 0.14
2458495.2241730 10.89 0.16
2458495.2246938 10.81 0.15
2458495.2248674 10.84 0.16
2458495.2250410 10.77 0.15
2458495.2252147 10.79 0.15
2458495.2253883 10.78 0.15
2458495.2255619 10.84 0.16
2458495.2267772 10.79 0.15
2458495.2271244 10.69 0.14
2458495.2281661 10.91 0.17
2458495.2292077 10.87 0.16
2458495.2293813 10.84 0.15
2458495.2300758 10.93 0.17
2458495.2305966 10.78 0.15
2458495.2319857 10.66 0.13
2458495.2321591 10.70 0.14
2458495.2337216 10.70 0.13
2458495.2340688 10.88 0.16
2458495.2349369 10.88 0.16
2458495.2352841 10.83 0.15
2458495.2363258 10.64 0.13
2458495.2364994 10.73 0.14
2458495.2375411 10.89 0.16
2458495.2387563 10.79 0.14
2458495.2391035 10.67 0.13
2458495.2397980 10.80 0.15
2458495.2401452 10.89 0.16
2458495.2425758 10.83 0.15
2458495.2429242 10.74 0.14
2458495.2436180 10.70 0.13
2458495.2437914 10.74 0.14
2458495.2439649 10.84 0.15
2458495.2441383 10.80 0.15
2458495.2443119 10.68 0.13
2458495.2455272 10.71 0.13
2458495.2462216 10.88 0.15
2458495.2463952 10.84 0.15
2458495.2469160 10.72 0.13
2458495.2481313 10.84 0.15
2458495.2484785 10.92 0.16
2458495.2493466 10.76 0.14
2458495.2496938 10.77 0.14
2458495.2502147 10.74 0.14
2458495.2521244 10.85 0.15
2458495.2538605 10.80 0.14
2458495.2543813 10.86 0.15
2458495.2554238 10.95 0.17
2458495.2557706 10.86 0.15
2458495.2569855 10.85 0.15
2458495.2571591 10.84 0.15
2458495.2582008 10.83 0.14
2458495.2583744 10.81 0.14
2458495.2588952 10.87 0.15
2458495.2590688 10.90 0.15
2458495.2594161 10.93 0.16
2458495.2602841 10.79 0.14
2458495.2604577 10.78 0.14
2458495.2616730 10.93 0.16
2458495.2632355 10.87 0.15
2458495.2649716 10.98 0.17
2458495.2658397 10.86 0.15
2458495.2660133 10.78 0.14
2458495.2663605 10.68 0.13
2458495.2675764 10.83 0.14
2458495.2682702 10.89 0.15
2458495.2707008 10.63 0.12
2458495.2713952 10.89 0.15
2458495.2719160 10.72 0.13
2458495.2724369 10.78 0.14
2458495.2726105 10.94 0.16
2458495.2729577 10.88 0.15
2458495.2733049 10.80 0.14
2458495.2739994 10.85 0.15
2458495.2746938 10.82 0.14
2458495.2748674 10.83 0.14
2458495.2752147 10.92 0.16
2458495.2759091 10.95 0.16
2458495.2760827 10.89 0.15
2458495.2769508 10.67 0.12
2458495.2771244 10.76 0.14
2458495.2772980 10.95 0.16
2458495.2774716 10.80 0.14
2458495.2776452 11.00 0.17
2458495.2778188 11.00 0.17
2458495.2781660 10.92 0.16
2458495.2783397 10.82 0.14
2458495.2785133 10.80 0.14
2458495.2788618 10.86 0.15
2458495.2792087 10.85 0.15
2458495.2799025 10.78 0.14
2458495.2809438 10.66 0.12
2458495.2814647 10.57 0.11
2458495.2819855 10.80 0.14
2458495.2823327 10.70 0.13
2458495.2830272 10.83 0.14
2458495.2832008 11.00 0.16
2458495.2835480 10.69 0.12
2458495.2838952 10.81 0.14
2458495.2849369 10.73 0.13
2458495.2852841 10.56 0.11
2458495.2854577 10.87 0.15
2458495.2858049 10.88 0.15
2458495.2868466 10.65 0.12
2458495.2880619 10.77 0.14
2458495.2882355 10.86 0.15
2458495.2894508 10.87 0.15
2458495.2896244 10.87 0.15
2458495.2897980 10.63 0.12
2458495.2908410 10.87 0.15
2458495.2913614 10.76 0.13
2458495.2915348 10.63 0.12
2458495.2917083 10.69 0.13
2458495.2918817 10.72 0.13
2458495.2920551 10.69 0.13
2458495.2922286 10.89 0.15
2458495.2927494 10.93 0.16
2458495.2929230 10.91 0.15
2458495.2930966 10.84 0.14
2458495.2932702 10.70 0.13
2458495.2934438 10.65 0.12
2458495.2939647 10.82 0.14
2458495.2941383 10.92 0.15
2458495.2944855 10.71 0.13
2458495.2946591 10.84 0.14
2458495.2948327 10.73 0.13
2458495.2951799 10.61 0.12
2458495.2953535 10.75 0.13
2458495.2957008 10.82 0.14
2458495.2958744 10.78 0.14
2458495.2960480 10.90 0.15
2458495.2962216 10.83 0.14
2458495.2965688 10.68 0.12
2458495.2967424 10.70 0.12
2458495.2969160 10.85 0.14
2458495.2970897 10.92 0.15
2458495.2972633 10.94 0.15
2458495.2976105 10.61 0.11
2458495.2977841 10.85 0.14
2458495.2979577 10.78 0.13
2458495.2981313 10.80 0.14
2458495.2983049 10.72 0.13
2458495.2984785 10.87 0.15
2458495.2986522 10.69 0.12
2458495.2989994 10.72 0.13
2458495.2991730 10.82 0.14
2458495.2995202 10.86 0.14
2458495.2998674 10.70 0.12
2458495.3002147 10.88 0.15
2458495.3003883 10.80 0.14
2458495.3005619 10.86 0.15
2458495.3007355 10.95 0.16
2458495.3009091 10.84 0.14
2458495.3010827 11.00 0.16
2458495.3012563 10.82 0.14
2458495.3014299 10.82 0.14
2458495.3016035 10.83 0.14
2458495.3022980 10.65 0.12
2458495.3024716 10.97 0.16
2458495.3033406 10.77 0.14
2458495.3036875 10.95 0.16
2458495.3038609 10.80 0.14
2458495.3040343 10.57 0.11
2458495.3042078 10.70 0.13
2458495.3043813 10.74 0.13
2458495.3045549 10.91 0.15
2458495.3050758 10.77 0.14
2458495.3055966 10.76 0.13
2458495.3057702 10.71 0.13
2458495.3059438 10.48 0.10
2458495.3064647 10.70 0.13
2458495.3066383 10.86 0.15
2458495.3068119 10.65 0.12
2458495.3073327 10.73 0.13
2458495.3075063 10.47 0.10
2458495.3078536 10.64 0.12
2458495.3083744 10.74 0.13
2458495.3085480 10.75 0.13
2458495.3087216 10.70 0.13
2458495.3090688 10.66 0.12
2458495.3097633 10.68 0.13
2458495.3104577 10.76 0.14
2458495.3108049 10.62 0.12
2458495.3109785 10.87 0.15
2458495.3111522 10.79 0.14
2458495.3116730 10.71 0.13
2458495.3118466 10.69 0.13
2458495.3120202 10.64 0.12
2458495.3123674 10.77 0.13
2458495.3127147 10.97 0.16
2458495.3130619 10.74 0.13
2458495.3132355 10.65 0.12
2458495.3135827 10.84 0.14
2458495.3137563 10.67 0.12
2458495.3139299 10.82 0.14
2458495.3142772 10.81 0.14
2458495.3146244 10.77 0.14
2458495.3147980 10.86 0.15
2458495.3151463 10.76 0.13
2458498.1660017 10.81 0.14
2458498.1666972 10.78 0.13
2458498.1668707 10.88 0.15
2458498.1670441 10.77 0.13
2458498.1672176 10.90 0.15
2458498.1673910 10.94 0.15
2458498.1675645 10.94 0.16
2458498.1677379 10.96 0.16
2458498.1682586 10.93 0.15
2458498.1693003 10.92 0.15
2458498.1698211 10.95 0.15
2458498.1701684 10.83 0.14
2458498.1703420 10.98 0.16
2458498.1705156 10.81 0.13
2458498.1708628 10.84 0.14
2458498.1712100 10.79 0.13
2458498.1713836 10.80 0.13
2458498.1715572 10.96 0.15
2458498.1717309 10.95 0.15
2458498.1719045 11.00 0.16
2458498.1720781 10.91 0.15
2458498.1724253 10.77 0.13
2458498.1725989 10.88 0.14
2458498.1727725 10.78 0.13
2458498.1729461 10.96 0.15
2458498.1731198 10.78 0.13
2458498.1732934 11.01 0.16
2458498.1734670 10.92 0.15
2458498.1738142 10.83 0.13
2458498.1739878 10.93 0.15
2458498.1741614 10.85 0.13
2458498.1743350 10.93 0.15
2458498.1745086 10.65 0.11
2458498.1750295 10.94 0.15
2458498.1752031 10.96 0.15
2458498.1755503 10.93 0.15
2458498.1757239 10.70 0.12
2458498.1760711 10.82 0.13
2458498.1765920 10.93 0.14
2458498.1767656 10.77 0.12
2458498.1769392 10.82 0.13
2458498.1771128 10.86 0.14
2458498.1774600 10.88 0.14
2458498.1779809 10.77 0.12
2458498.1786763 10.97 0.15
2458498.1788498 10.88 0.14
2458498.1791967 10.84 0.13
2458498.1793701 10.95 0.15
2458498.1797170 10.95 0.14
2458498.1800642 11.03 0.15
2458498.1802378 11.13 0.17
2458498.1804114 10.78 0.12
2458498.1805850 10.75 0.12
2458498.1807586 10.97 0.15
2458498.1811059 10.77 0.12
2458498.1814531 10.89 0.13
2458498.1816267 10.92 0.14
2458498.1818003 10.91 0.14
2458498.1819739 10.70 0.11
2458498.1824948 10.77 0.12
2458498.1826684 10.96 0.15
2458498.1828420 10.68 0.11
2458498.1830156 10.96 0.15
2458498.1831892 10.83 0.13
2458498.1833628 10.74 0.12
2458498.1835364 10.83 0.13
2458498.1837100 10.81 0.13
2458498.1838836 10.84 0.13
2458498.1840572 10.85 0.13
2458498.1842309 10.89 0.14
2458498.1844045 10.75 0.12
2458498.1845781 10.71 0.12
2458498.1849253 10.96 0.15
2458498.1850989 10.77 0.12
2458498.1854461 10.88 0.14
2458498.1859670 10.75 0.12
2458498.1861406 10.87 0.13
2458498.1863142 10.84 0.13
2458498.1864878 10.87 0.13
2458498.1866614 10.72 0.11
2458498.1868350 10.84 0.13
2458498.1871822 10.90 0.14
2458498.1882974 10.88 0.13
2458498.1885711 10.84 0.13
2458498.1887448 10.95 0.14
2458498.1889184 10.95 0.14
2458498.1892656 10.87 0.13
2458498.1894392 10.83 0.13
2458498.1896128 10.95 0.14
2458498.1897864 10.91 0.14
2458498.1899600 10.99 0.15
2458498.1901336 10.79 0.12
2458498.1903073 11.09 0.16
2458498.1904809 10.81 0.13
2458498.1906545 11.10 0.16
2458498.1908281 10.79 0.12
2458498.1910017 10.92 0.14
2458498.1911753 11.00 0.15
2458498.1915225 10.88 0.13
2458498.1916961 10.75 0.12
2458498.1918697 10.92 0.14
2458498.1922170 10.81 0.12
2458498.1923906 10.87 0.13
2458498.1925642 10.71 0.11
2458498.1927378 10.64 0.11
2458498.1930850 10.82 0.12
2458498.1932586 10.77 0.12
2458498.1937795 10.84 0.13
2458498.1939531 10.84 0.13
2458498.1941267 10.82 0.12
2458498.1944739 10.81 0.12
2458498.1946475 10.91 0.13
2458498.1948211 10.96 0.14
2458498.1951684 10.79 0.12
2458498.1953420 10.69 0.11
2458498.1956892 10.79 0.12
2458498.1958628 10.91 0.13
2458498.1960378 10.67 0.10
2458498.1962112 10.73 0.11
2458498.1963846 10.73 0.11
2458498.1965581 10.79 0.12
2458498.1967315 10.63 0.10
2458498.1969050 11.03 0.15
2458498.1970784 11.09 0.15
2458498.1972519 11.00 0.14
2458498.1974253 10.88 0.13
2458498.1975989 10.97 0.14
2458498.1977725 10.87 0.13
2458498.1979461 11.07 0.15
2458498.1981198 11.06 0.15
2458498.1984670 10.92 0.13
2458498.1986406 10.89 0.13
2458498.1988142 11.01 0.14
2458498.1989878 10.99 0.14
2458498.1991614 10.85 0.12
2458498.1993350 10.85 0.12
2458498.1995086 11.03 0.14
2458498.1996822 10.90 0.13
2458498.1998559 11.13 0.16
2458498.2000295 10.88 0.13
2458498.2002031 10.95 0.13
2458498.2003767 11.03 0.14
2458498.2005503 11.10 0.15
2458498.2007239 10.92 0.13
2458498.2008975 10.90 0.13
2458498.2010711 11.03 0.14
2458498.2012447 10.76 0.11
2458498.2014184 11.00 0.14
2458498.2015920 10.66 0.10
2458498.2017656 10.93 0.13
2458498.2019392 10.79 0.11
2458498.2021128 10.92 0.13
2458498.2022864 10.80 0.12
2458498.2024600 10.92 0.13
2458498.2026336 10.91 0.13
2458498.2028072 10.94 0.13
2458498.2029809 11.08 0.15
2458498.2031545 10.90 0.13
2458498.2033281 10.79 0.12
2458498.2036753 10.90 0.13
2458498.2038489 10.74 0.11
2458498.2040225 10.97 0.13
2458498.2043698 10.92 0.13
2458498.2045434 10.77 0.11
2458498.2054114 11.10 0.15
2458498.2055850 10.83 0.12
2458498.2057586 10.85 0.12
2458498.2059323 10.88 0.12
2458498.2062795 10.87 0.12
2458498.2064531 10.94 0.13
2458498.2066267 10.62 0.10
2458498.2068003 10.77 0.11
2458498.2069739 10.83 0.12
2458498.2076684 10.94 0.13
2458498.2078420 10.90 0.13
2458498.2080169 10.77 0.11
2458498.2081904 10.96 0.13
2458498.2083638 10.64 0.10
2458498.2085373 10.87 0.12
2458498.2087107 10.81 0.12
2458498.2088841 10.80 0.11
2458498.2090576 10.77 0.11
2458498.2092310 10.86 0.12
2458498.2094045 10.85 0.12
2458498.2095781 10.78 0.11
2458498.2097517 10.94 0.13
2458498.2099253 10.99 0.14
2458498.2104461 11.03 0.14
2458498.2109670 10.87 0.12
2458498.2113142 11.03 0.14
2458498.2114878 10.83 0.12
2458498.2116614 10.80 0.12
2458498.2118350 10.98 0.13
2458498.2120086 10.97 0.13
2458498.2121823 11.00 0.14
2458498.2123559 10.81 0.12
2458498.2125295 11.04 0.14
2458498.2127031 10.82 0.12
2458498.2128767 11.03 0.14
2458498.2130503 10.95 0.13
2458498.2132239 10.81 0.12
2458498.2133975 10.92 0.13
2458498.2135711 10.97 0.13
2458498.2137448 10.87 0.12
2458498.2139184 11.26 0.17
2458498.2140920 10.94 0.13
2458498.2142656 10.95 0.13
2458498.2144392 11.01 0.14
2458498.2146128 10.99 0.13
2458498.2147864 10.95 0.13
2458498.2149600 11.00 0.14
2458498.2151336 10.91 0.13
2458498.2153072 10.70 0.10
2458498.2154809 11.01 0.14
2458498.2156545 10.69 0.10
2458498.2158281 10.85 0.12
2458498.2160017 11.11 0.15
2458498.2161753 10.97 0.13
2458498.2163489 10.83 0.12
2458498.2165225 10.78 0.11
2458498.2166961 10.85 0.12
2458498.2168697 10.70 0.10
2458498.2170434 10.74 0.11
2458498.2172170 10.81 0.11
2458498.2175642 10.83 0.12
2458498.2177378 11.15 0.15
2458498.2179114 10.91 0.12
2458498.2180850 10.89 0.12
2458498.2182586 10.90 0.12
2458498.2184322 11.12 0.15
2458498.2186059 11.13 0.15
2458498.2187795 11.07 0.15
2458498.2189531 10.97 0.13
2458498.2191267 10.83 0.12
2458498.2194739 10.62 0.10
2458498.2196475 10.71 0.10
2458498.2198225 11.01 0.14
2458498.2199960 10.84 0.12
2458498.2203429 10.68 0.10
2458498.2205163 10.75 0.11
2458498.2206898 10.98 0.13
2458498.2208632 10.69 0.10
2458498.2212101 10.85 0.12
2458498.2213836 10.86 0.12
2458498.2215573 10.83 0.12
2458498.2217309 10.94 0.13
2458498.2219045 10.93 0.13
2458498.2220781 10.71 0.11
2458498.2222517 10.80 0.11
2458498.2224253 10.86 0.13
2458498.2225989 10.74 0.11
2458498.2227725 11.05 0.14
2458498.2229461 10.94 0.13
2458498.2231197 11.16 0.15
2458498.2232934 10.83 0.11
2458498.2234670 10.89 0.12
2458498.2236406 10.77 0.11
2458498.2238142 10.99 0.13
2458498.2239878 10.83 0.11
2458498.2243350 10.75 0.10
2458498.2246822 10.86 0.11
2458498.2248559 10.95 0.13
2458498.2252031 11.12 0.15
2458498.2253767 10.78 0.11
2458498.2255503 11.11 0.15
2458498.2257239 10.81 0.11
2458498.2258975 11.03 0.14
2458498.2260711 11.00 0.13
2458498.2262447 10.84 0.11
2458498.2265920 10.97 0.13
2458498.2267656 10.92 0.12
2458498.2269392 10.91 0.12
2458498.2271128 10.91 0.12
2458498.2272864 10.83 0.11
2458498.2274600 10.88 0.12
2458498.2276336 10.80 0.11
2458498.2278073 11.02 0.14
2458498.2279809 10.84 0.12
2458498.2281545 10.95 0.13
2458498.2283281 10.99 0.13
2458498.2285017 10.76 0.11
2458498.2286753 10.96 0.13
2458498.2288489 10.89 0.12
2458498.2290225 10.95 0.13
2458498.2291961 10.94 0.13
2458498.2293698 10.99 0.13
2458498.2295434 10.84 0.12
2458498.2297170 10.90 0.12
2458498.2298906 11.13 0.15
2458498.2300642 10.96 0.13
2458498.2302378 10.93 0.13
2458498.2304114 10.94 0.13
2458498.2305850 11.04 0.14
2458498.2309322 10.90 0.12
2458498.2311059 10.88 0.12
2458498.2314531 10.93 0.13
2458498.2316267 10.95 0.13
2458498.2318016 10.83 0.12
2458498.2319750 10.86 0.12
2458498.2321485 11.01 0.14
2458498.2323219 11.02 0.14
2458498.2324954 10.77 0.11
2458498.2328422 10.80 0.11
2458498.2330157 10.95 0.13
2458498.2331892 10.76 0.11
2458498.2333628 11.12 0.16
2458498.2335364 10.85 0.12
2458498.2337100 10.81 0.12
2458498.2340572 11.03 0.14
2458498.2342309 10.91 0.13
2458498.2344045 11.10 0.15
2458498.2347517 10.95 0.13
2458498.2350989 10.84 0.12
2458498.2352725 11.05 0.14
2458498.2356198 10.81 0.12
2458498.2361406 10.94 0.13
2458498.2366614 10.97 0.13
2458498.2368350 11.06 0.15
2458498.2371823 11.04 0.14
2458498.2373559 10.89 0.13
2458498.2375295 10.97 0.14
2458498.2383975 10.77 0.12
2458498.2385711 10.75 0.11
2458498.2387447 10.96 0.14
2458498.2389184 10.86 0.13
2458498.2390920 10.96 0.14
2458498.2392656 10.93 0.13
2458498.2396128 10.84 0.12
2458498.2397864 11.03 0.14
2458498.2401336 10.90 0.13
2458498.2404809 10.91 0.13
2458498.2406545 10.93 0.13
2458498.2411753 10.87 0.13
2458498.2413489 11.01 0.14
2458498.2416961 10.90 0.13
2458498.2418697 10.94 0.13
2458498.2420434 10.73 0.11
2458498.2422170 10.90 0.13
2458498.2425642 11.17 0.16
2458498.2427378 10.84 0.12
2458498.2430850 11.09 0.15
2458498.2432586 11.11 0.16
2458498.2434323 10.93 0.13
2458498.2436073 11.04 0.15
2458498.2437807 10.83 0.12
2458498.2443010 10.84 0.12
2458498.2444745 10.88 0.13
2458498.2446479 10.85 0.12
2458498.2448214 10.95 0.13
2458498.2449948 10.99 0.14
2458498.2453420 10.96 0.14
2458498.2455156 11.01 0.14
2458498.2456892 11.09 0.15
2458498.2462100 10.97 0.14
2458498.2463836 10.93 0.13
2458498.2465572 10.84 0.12
2458498.2469045 10.91 0.13
2458498.2470781 10.97 0.14
2458498.2472517 10.84 0.12
2458498.2475989 10.73 0.11
2458498.2479461 10.92 0.13
2458498.2481197 10.77 0.11
2458498.2482934 10.71 0.11
2458498.2486406 10.81 0.12
2458498.2488142 10.80 0.12
2458498.2489878 10.93 0.13
2458498.2493350 10.92 0.13
2458498.2495086 10.77 0.12
2458498.2498559 11.06 0.15
2458498.2502031 10.97 0.14
2458498.2507239 11.01 0.14
2458498.2510711 10.98 0.14
2458498.2514184 10.94 0.14
2458498.2515920 10.89 0.13
2458498.2517656 10.92 0.13
2458498.2519392 11.19 0.18
2458498.2521128 11.02 0.15
2458498.2522864 11.05 0.15
2458498.2528073 10.99 0.14
2458498.2531545 10.98 0.14
2458498.2533281 10.82 0.12
2458498.2535017 10.90 0.13
2458498.2538489 11.01 0.15
2458498.2541961 10.93 0.14
2458498.2543697 10.84 0.13
2458498.2545434 11.03 0.15
2458498.2548906 11.07 0.15
2458498.2550642 10.98 0.14
2458498.2552378 10.88 0.13
2458498.2554114 11.02 0.15
2458498.2555863 11.07 0.16
2458498.2557598 11.06 0.15
2458498.2559332 10.93 0.14
2458498.2561066 10.99 0.14
2458498.2562801 10.87 0.13
2458498.2564535 10.79 0.12
2458498.2568004 10.76 0.12
2458498.2569739 10.95 0.14
2458498.2571475 11.02 0.15
2458498.2573211 10.74 0.11
2458498.2574947 10.86 0.13
2458498.2576684 10.95 0.14
2458498.2578420 10.88 0.13
2458498.2580156 10.87 0.13
2458498.2581892 10.79 0.12
2458498.2583628 10.98 0.14
2458498.2587100 10.94 0.14
2458498.2590573 11.06 0.15
2458498.2592309 10.83 0.13
2458498.2594045 11.13 0.16
2458498.2599253 10.91 0.14
2458498.2600989 10.82 0.13
2458498.2602725 10.84 0.13
2458498.2606198 10.73 0.11
2458498.2607934 10.92 0.14
2458498.2611406 10.85 0.13
2458498.2613142 10.78 0.12
2458498.2614878 10.99 0.14
2458498.2620086 10.70 0.11
2458498.2621822 10.94 0.14
2458498.2623559 10.88 0.13
2458498.2625295 10.93 0.14
2458498.2627031 11.12 0.13
2458498.2630503 10.90 0.11
2458498.2632239 11.03 0.12
2458498.2633975 10.76 0.09
2458498.2635711 10.96 0.11
2458498.2639184 10.97 0.12
2458498.2640920 10.96 0.12
2458498.2642656 10.89 0.11
2458498.2644392 11.13 0.13
2458498.2646128 10.92 0.11
2458498.2649600 11.05 0.13
2458498.2651336 10.81 0.10
2458498.2653072 10.94 0.12
2458498.2654809 11.09 0.13
2458498.2660017 10.92 0.11
2458498.2661753 10.81 0.10
2458498.2663489 11.09 0.13
2458498.2665225 10.85 0.11
2458498.2670434 11.07 0.13
2458498.2672170 11.09 0.13
2458498.2673906 10.97 0.12
2458498.2675655 10.99 0.12
2458498.2677389 10.91 0.11
2458498.2679124 10.80 0.10
2458498.2680858 10.86 0.11
2458498.2682593 10.91 0.11
2458498.2684327 10.89 0.11
2458498.2686062 10.92 0.11
2458498.2689531 11.00 0.12
2458498.2691267 10.88 0.11
2458498.2693003 11.08 0.13
2458498.2694739 10.99 0.12
2458498.2696475 10.90 0.11
2458498.2698211 11.02 0.12
2458498.2699947 10.92 0.11
2458498.2701684 11.01 0.12
2458498.2703420 10.83 0.10
2458498.2705156 10.92 0.11
2458498.2706892 10.92 0.11
2458498.2708628 10.81 0.10
2458498.2710364 10.83 0.10
2458498.2712100 11.06 0.13
2458498.2713836 11.01 0.12
2458498.2717309 11.09 0.13
2458498.2720781 10.71 0.09
2458498.2722517 11.01 0.12
2458498.2724253 10.82 0.10
2458498.2727725 10.87 0.10
2458498.2729461 11.18 0.14
2458498.2732934 11.06 0.12
2458498.2734670 10.94 0.11
2458498.2736406 11.03 0.12
2458498.2738142 10.74 0.09
2458498.2739878 11.02 0.12
2458498.2741614 11.16 0.14
2458498.2743350 11.09 0.13
2458498.2745086 10.95 0.11
2458498.2746823 11.02 0.12
2458498.2748559 11.06 0.12
2458498.2750295 10.98 0.12
2458498.2752031 10.96 0.11
2458498.2753767 11.05 0.12
2458498.2755503 10.94 0.11
2458498.2760711 10.91 0.11
2458498.2764184 10.99 0.12
2458498.2767656 10.73 0.09
2458498.2769392 11.11 0.13
2458498.2771128 10.95 0.11
2458498.2772864 11.10 0.13
2458498.2774600 10.78 0.10
2458498.2776336 10.90 0.11
2458498.2778072 10.91 0.11
2458498.2781545 10.88 0.11
2458498.2786753 10.92 0.11
2458498.2788489 11.07 0.13
2458498.2790225 11.19 0.14
2458498.2795448 10.99 0.12
2458498.2797182 11.12 0.13
2458498.2798916 11.15 0.14
2458498.2800651 10.75 0.09
2458498.2802385 11.10 0.13
2458498.2805854 10.85 0.11
2458498.2807589 11.04 0.13
2458498.2809323 10.97 0.12
2458498.2811059 10.80 0.10
2458498.2812795 10.95 0.11
2458498.2814531 10.97 0.12
2458498.2816267 10.73 0.09
2458498.2819739 10.82 0.10
2458498.2821475 10.93 0.11
2458498.2828420 11.07 0.13
2458498.2837100 10.88 0.11
2458498.2838836 11.13 0.14
2458498.2840573 10.81 0.10
2458498.2842309 10.90 0.11
2458498.2845781 10.73 0.09
2458498.2847517 11.01 0.12
2458498.2849253 11.17 0.14
2458498.2850989 11.07 0.13
2458498.2852725 10.94 0.11
2458498.2857934 10.86 0.11
2458498.2861406 11.02 0.12
2458498.2863142 11.01 0.12
2458498.2864878 11.12 0.14
2458498.2866614 10.85 0.11
2458498.2868350 10.97 0.12
2458498.2870086 10.90 0.11
2458498.2871822 10.93 0.11
2458498.2873559 10.94 0.11
2458498.2875295 11.01 0.12
2458498.2877031 10.93 0.11
2458498.2878767 11.00 0.12
2458498.2880503 11.10 0.13
2458498.2883975 10.96 0.12
2458498.2885711 10.98 0.12
2458498.2887447 10.92 0.11
2458498.2889184 10.97 0.12
2458498.2890920 11.12 0.13
2458498.2892656 10.90 0.11
2458498.2894392 11.10 0.13
2458498.2896128 10.96 0.12
2458498.2897864 11.05 0.13
2458498.2899600 10.89 0.11
2458498.2901336 11.07 0.13
2458498.2903073 10.85 0.11
2458498.2904809 10.87 0.11
2458498.2906545 10.99 0.12
2458498.2908281 10.95 0.12
2458498.2910017 10.95 0.12
2458498.2911753 11.19 0.15
2458498.2913489 10.84 0.10
2458498.2915239 10.82 0.10
2458498.2916974 11.04 0.13
2458498.2918708 11.09 0.13
2458498.2920443 11.17 0.14
2458498.2922177 10.78 0.10
2458498.2923912 10.98 0.12
2458498.2925646 10.97 0.12
2458498.2927381 10.94 0.12
2458498.2929115 11.13 0.14
2458498.2930850 11.01 0.12
2458498.2932586 10.92 0.11
2458498.2936059 11.01 0.12
2458498.2937795 10.94 0.12
2458498.2939531 11.07 0.13
2458498.2941267 11.04 0.13
2458498.2943003 11.16 0.14
2458498.2944739 10.85 0.12
2458498.2946475 10.89 0.12
2458498.2948211 10.98 0.13
2458498.2949947 10.91 0.12
2458498.2956892 10.92 0.11
2458498.2958628 10.98 0.12
2458498.2962100 10.97 0.12
2458498.2963836 11.04 0.13
2458498.2965572 11.18 0.15
2458498.2967309 11.05 0.13
2458498.2969045 10.89 0.11
2458498.2970781 10.84 0.11
2458498.2972517 11.03 0.12
2458498.2974253 11.08 0.13
2458498.2977725 11.07 0.13
2458498.2979461 10.96 0.12
2458498.2981198 10.99 0.12
2458498.2982934 11.05 0.13
2458498.2986406 11.13 0.14
2458498.2988142 10.83 0.11
2458498.2989878 10.92 0.12
2458498.2991614 10.89 0.11
2458498.2995086 11.00 0.13
2458498.2996823 10.92 0.12
2458498.2998559 11.14 0.14
2458498.3005503 10.90 0.11
2458498.3007239 10.91 0.11
2458498.3014184 11.03 0.13
2458498.3017656 10.88 0.11
2458498.3019392 11.16 0.14
2458498.3021128 11.04 0.13
2458498.3022864 10.92 0.11
2458498.3024600 11.01 0.13
2458498.3026336 10.87 0.11
2458498.3028072 10.83 0.10
2458498.3029809 11.00 0.12
2458498.3031545 10.95 0.12
2458498.3036766 10.94 0.12
2458498.3038500 11.03 0.12
2458498.3040235 10.94 0.12
2458498.3041969 10.95 0.12
2458498.3043703 11.07 0.13
2458498.3045438 10.84 0.11
2458498.3047172 10.89 0.11
2458498.3050642 11.07 0.13
2458498.3054114 11.17 0.14
2458498.3057586 10.84 0.11
2458498.3059323 10.97 0.12
2458498.3061059 11.08 0.13
2458498.3062795 11.00 0.12
2458498.3064531 11.06 0.13
2458498.3066267 11.01 0.13
2458498.3068003 10.76 0.10
2458498.3071475 11.05 0.13
2458498.3073211 10.83 0.11
2458498.3074948 11.06 0.13
2458498.3076684 10.99 0.12
2458498.3078420 11.05 0.13
2458498.3080156 11.08 0.13
2458498.3081892 10.92 0.11
2458498.3083628 11.12 0.14
2458498.3085364 10.85 0.11
2458498.3087100 11.04 0.13
2458498.3088836 10.87 0.11
2458498.3090572 10.74 0.10
2458498.3092309 10.88 0.11
2458498.3094045 11.03 0.13
2458498.3095781 10.99 0.12
2458498.3097517 10.93 0.12
2458498.3099253 10.95 0.12
2458498.3100989 11.15 0.14
2458498.3102725 11.04 0.13
2458498.3104461 10.92 0.12
2458498.3106197 10.87 0.11
2458498.3109670 11.08 0.14
2458498.3111406 11.03 0.13
2458498.3113142 10.98 0.12
2458498.3114878 10.91 0.12
2458498.3116614 10.92 0.12
2458498.3118350 10.94 0.12
2458498.3120086 11.01 0.13
2458498.3121822 10.86 0.11
2458498.3125295 10.91 0.12
2458498.3127031 10.96 0.12
2458498.3128767 10.99 0.13
2458498.3132239 10.90 0.12
2458498.3133975 10.95 0.12
2458498.3137448 11.07 0.14
2458498.3139184 10.77 0.10
2458498.3140920 10.91 0.12
2458498.3142656 11.04 0.13
2458498.3144392 11.24 0.16
2458498.3147864 11.09 0.14
2458498.3149600 11.05 0.13
2458498.3153073 10.93 0.12
2458498.3154809 11.00 0.13
2458498.3160027 10.88 0.12
2458498.3161761 11.09 0.14
2458498.3163496 10.82 0.11
2458498.3165230 10.94 0.12
2458498.3166965 10.87 0.11
2458498.3170434 11.06 0.13
2458498.3172170 11.08 0.14
2458498.3173906 11.12 0.14
2458498.3175642 10.86 0.11
2458498.3177378 11.22 0.15
2458500.2343813 10.83 0.15
2458500.2349022 10.81 0.15
2458500.2364647 10.78 0.14
2458500.2366383 10.82 0.14
2458500.2369855 10.78 0.14
2458500.2383744 10.84 0.15
2458500.2390688 10.81 0.14
2458500.2399369 10.86 0.15
2458500.2401105 10.62 0.12
2458500.2406313 10.90 0.15
2458500.2418466 10.70 0.13
2458500.2427147 10.93 0.15
2458500.2432355 10.85 0.14
2458500.2434091 10.89 0.15
2458500.2439299 10.94 0.15
2458500.2441035 11.04 0.17
2458500.2442772 10.87 0.14
2458500.2444520 10.89 0.15
2458500.2446255 10.92 0.15
2458500.2447989 10.88 0.14
2458500.2453193 10.82 0.14
2458500.2456661 10.90 0.15
2458500.2460133 10.89 0.14
2458500.2463605 11.08 0.17
2458500.2468813 10.91 0.15
2458500.2470549 10.93 0.15
2458500.2474022 10.80 0.13
2458500.2477494 10.80 0.13
2458500.2479230 10.82 0.13
2458500.2482702 10.94 0.15
2458500.2484438 10.87 0.14
2458500.2493119 10.71 0.12
2458500.2496591 10.97 0.15
2458500.2500063 10.85 0.14
2458500.2503535 10.69 0.12
2458500.2505272 10.85 0.14
2458500.2508744 10.78 0.13
2458500.2512216 10.86 0.14
2458500.2515688 10.82 0.14
2458500.2519160 10.86 0.14
2458500.2520897 10.94 0.15
2458500.2526105 10.92 0.14
2458500.2527841 10.90 0.14
2458500.2533049 10.80 0.13
2458500.2536522 10.95 0.15
2458500.2538258 11.00 0.16
2458500.2543466 10.88 0.14
2458500.2550411 10.81 0.13
2458500.2552147 10.78 0.13
2458500.2553883 10.74 0.13
2458500.2557355 10.87 0.14
2458500.2560827 10.85 0.14
2458500.2566046 10.94 0.15
2458500.2569515 10.74 0.13
2458500.2571250 10.69 0.12
2458500.2574719 10.85 0.14
2458500.2579924 10.89 0.14
2458500.2586869 10.82 0.13
2458500.2590341 10.83 0.13
2458500.2592077 10.90 0.14
2458500.2595549 10.78 0.13
2458500.2599022 10.93 0.15
2458500.2600758 10.96 0.15
2458500.2602494 10.98 0.15
2458500.2607702 10.90 0.14
2458500.2609438 10.96 0.15
2458500.2611174 11.05 0.16
2458500.2614647 10.79 0.13
2458500.2616383 10.94 0.15
2458500.2618119 10.77 0.13
2458500.2619855 10.85 0.14
2458500.2621591 10.70 0.12
2458500.2623327 10.90 0.14
2458500.2630272 10.85 0.13
2458500.2633744 10.91 0.14
2458500.2635480 10.79 0.12
2458500.2640688 10.77 0.12
2458500.2647633 10.85 0.13
2458500.2649369 10.89 0.14
2458500.2651105 11.00 0.15
2458500.2654577 10.88 0.13
2458500.2658049 10.73 0.12
2458500.2659785 10.97 0.14
2458500.2661522 10.82 0.13
2458500.2663258 10.86 0.13
2458500.2664994 10.81 0.12
2458500.2666730 10.88 0.13
2458500.2668466 10.89 0.14
2458500.2670202 10.93 0.14
2458500.2673674 10.92 0.14
2458500.2675410 10.79 0.12
2458500.2677147 10.68 0.11
2458500.2678883 10.87 0.13
2458500.2682355 11.10 0.16
2458500.2691042 10.86 0.13
2458500.2692776 10.84 0.13
2458500.2696245 10.85 0.13
2458500.2697980 10.73 0.12
2458500.2701452 10.87 0.13
2458500.2703188 10.76 0.12
2458500.2706661 10.84 0.13
2458500.2711869 10.82 0.13
2458500.2713605 10.67 0.11
2458500.2717077 10.75 0.12
2458500.2720549 10.71 0.11
2458500.2722285 10.89 0.14
2458500.2724022 10.76 0.12
2458500.2727494 10.80 0.13
2458500.2729230 10.83 0.13
2458500.2732702 10.92 0.14
2458500.2737910 10.70 0.11
2458500.2739647 10.94 0.14
2458500.2744855 10.90 0.14
2458500.2746591 10.90 0.14
2458500.2748327 10.94 0.14
2458500.2750063 10.84 0.13
2458500.2751799 10.86 0.13
2458500.2753535 10.97 0.15
2458500.2755272 10.74 0.12
2458500.2757008 10.87 0.13
2458500.2758744 10.88 0.13
2458500.2760480 10.94 0.14
2458500.2762216 10.84 0.13
2458500.2763952 10.93 0.14
2458500.2765688 10.82 0.13
2458500.2770897 10.83 0.13
2458500.2772633 10.72 0.12
2458500.2776105 10.78 0.12
2458500.2781313 10.83 0.13
2458500.2783049 11.06 0.16
2458500.2784786 10.79 0.12
2458500.2786522 10.79 0.12
2458500.2788258 10.97 0.15
2458500.2789994 11.06 0.16
2458500.2791730 10.84 0.13
2458500.2795202 10.94 0.14
2458500.2796938 10.96 0.14
2458500.2798674 10.80 0.12
2458500.2802147 10.86 0.13
2458500.2803896 10.86 0.13
2458500.2805631 10.85 0.13
2458500.2807365 10.92 0.14
2458500.2809100 10.76 0.12
2458500.2810834 10.92 0.14
2458500.2812568 10.81 0.12
2458500.2814303 10.88 0.13
2458500.2816037 10.92 0.14
2458500.2819508 10.95 0.14
2458500.2821244 11.16 0.17
2458500.2822980 11.00 0.15
2458500.2824716 10.88 0.13
2458500.2826452 10.92 0.14
2458500.2828188 10.96 0.14
2458500.2829924 10.89 0.13
2458500.2831660 10.93 0.14
2458500.2835133 10.92 0.14
2458500.2836869 10.93 0.14
2458500.2838605 10.92 0.14
2458500.2842077 10.92 0.14
2458500.2845549 10.89 0.13
2458500.2847286 10.82 0.12
2458500.2849022 10.86 0.13
2458500.2850758 10.75 0.12
2458500.2852494 10.99 0.15
2458500.2854230 10.99 0.15
2458500.2855966 10.75 0.12
2458500.2857702 10.81 0.12
2458500.2859438 10.81 0.12
2458500.2861174 10.96 0.14
2458500.2862911 10.97 0.14
2458500.2864647 10.91 0.14
2458500.2866383 10.78 0.12
2458500.2869855 10.73 0.12
2458500.2871591 10.80 0.13
2458500.2876799 10.99 0.15
2458500.2880272 10.87 0.13
2458500.2882008 10.85 0.13
2458500.2883744 10.80 0.12
2458500.2885480 10.65 0.11
2458500.2892424 10.95 0.14
2458500.2895897 10.80 0.12
2458500.2901105 11.14 0.16
2458500.2906313 10.75 0.11
2458500.2909785 10.91 0.13
2458500.2911522 10.90 0.13
2458500.2918466 11.02 0.15
2458500.2921938 11.00 0.14
2458500.2923688 10.99 0.14
2458500.2925423 10.78 0.11
2458500.2927157 10.92 0.13
2458500.2928892 11.03 0.14
2458500.2932360 11.06 0.15