2458493.2521475 9.66 0.04
2458493.2523211 9.63 0.04
2458493.2524947 9.62 0.04
2458493.2526684 9.66 0.04
2458493.2528420 9.68 0.04
2458493.2530156 9.75 0.04
2458493.2531892 9.66 0.04
2458493.2533628 9.72 0.04
2458493.2535364 9.66 0.04
2458493.2537100 9.65 0.04
2458493.2538836 9.60 0.04
2458493.2542320 9.65 0.04
2458493.2545789 9.71 0.04
2458493.2547524 9.61 0.04
2458493.2549258 9.69 0.04
2458493.2552727 9.62 0.04
2458493.2554461 9.70 0.04
2458493.2556198 9.62 0.04
2458493.2561406 9.61 0.04
2458493.2564878 9.76 0.04
2458493.2566614 9.63 0.04
2458493.2568350 9.70 0.04
2458493.2570086 9.66 0.04
2458493.2571823 9.60 0.04
2458493.2573559 9.62 0.04
2458493.2575295 9.64 0.04
2458493.2577031 9.63 0.04
2458493.2578767 9.64 0.04
2458493.2580503 9.64 0.04
2458493.2582239 9.62 0.04
2458493.2583975 9.65 0.04
2458493.2587447 9.63 0.04
2458493.2589184 9.69 0.04
2458493.2590920 9.65 0.04
2458493.2592656 9.61 0.04
2458493.2594392 9.60 0.04
2458493.2596128 9.76 0.04
2458493.2597864 9.64 0.04
2458493.2603072 9.60 0.04
2458493.2604809 9.61 0.04
2458493.2606545 9.66 0.04
2458493.2608281 9.65 0.04
2458493.2610017 9.61 0.04
2458493.2611753 9.67 0.04
2458493.2613489 9.66 0.04
2458493.2616961 9.71 0.04
2458493.2618697 9.69 0.04
2458493.2620434 9.65 0.04
2458493.2622170 9.65 0.04
2458493.2625642 9.60 0.04
2458493.2627378 9.65 0.04
2458493.2629114 9.67 0.04
2458493.2630850 9.62 0.04
2458493.2634323 9.57 0.03
2458493.2636059 9.63 0.04
2458493.2637795 9.66 0.04
2458493.2639531 9.71 0.04
2458493.2641267 9.64 0.04
2458493.2643003 9.64 0.04
2458493.2644739 9.69 0.04
2458493.2646475 9.67 0.04
2458493.2648211 9.64 0.04
2458493.2653420 9.62 0.04
2458493.2655156 9.61 0.04
2458493.2656892 9.63 0.04
2458493.2658628 9.62 0.04
2458493.2660378 9.63 0.04
2458493.2662112 9.61 0.04
2458493.2663847 9.60 0.04
2458493.2665581 9.59 0.04
2458493.2667316 9.70 0.04
2458493.2669050 9.62 0.04
2458493.2670784 9.63 0.04
2458493.2672519 9.67 0.04
2458493.2674253 9.70 0.04
2458493.2677725 9.66 0.04
2458493.2679461 9.73 0.04
2458493.2681197 9.67 0.04
2458493.2682934 9.65 0.04
2458493.2684670 9.68 0.04
2458493.2686406 9.63 0.04
2458493.2688142 9.69 0.04
2458493.2689878 9.73 0.04
2458493.2691614 9.65 0.04
2458493.2693350 9.66 0.04
2458493.2695086 9.62 0.04
2458493.2696822 9.65 0.04
2458493.2700295 9.58 0.04
2458493.2702031 9.69 0.04
2458493.2703767 9.60 0.04
2458493.2705503 9.64 0.04
2458493.2707239 9.64 0.04
2458493.2710711 9.67 0.04
2458493.2712448 9.66 0.04
2458493.2714184 9.67 0.04
2458493.2724600 9.59 0.04
2458493.2726336 9.71 0.04
2458493.2728073 9.60 0.04
2458493.2733281 9.57 0.04
2458493.2736753 9.61 0.04
2458493.2738489 9.65 0.04
2458493.2740225 9.61 0.04
2458493.2741961 9.59 0.04
2458493.2743697 9.68 0.04
2458493.2745434 9.60 0.04
2458493.2747170 9.66 0.04
2458493.2748906 9.72 0.04
2458493.2750642 9.61 0.04
2458493.2752378 9.57 0.04
2458493.2754114 9.63 0.04
2458493.2757586 9.63 0.04
2458493.2759322 9.65 0.04
2458493.2761059 9.64 0.04
2458493.2762795 9.65 0.04
2458493.2764531 9.67 0.04
2458493.2766267 9.65 0.04
2458493.2768003 9.57 0.04
2458493.2769739 9.68 0.04
2458493.2773211 9.61 0.04
2458493.2774947 9.58 0.04
2458493.2776684 9.65 0.04
2458493.2778420 9.66 0.04
2458493.2780169 9.60 0.04
2458493.2783638 9.60 0.04
2458493.2785373 9.60 0.04
2458493.2787107 9.66 0.04
2458493.2788841 9.62 0.04
2458493.2790576 9.61 0.04
2458493.2792310 9.61 0.04
2458493.2795781 9.58 0.04
2458493.2797517 9.62 0.04
2458493.2799253 9.62 0.04
2458493.2800989 9.68 0.04
2458493.2802725 9.62 0.04
2458493.2804461 9.67 0.04
2458493.2806198 9.62 0.04
2458493.2807934 9.61 0.04
2458493.2811406 9.64 0.04
2458493.2813142 9.69 0.04
2458493.2814878 9.62 0.04
2458493.2816614 9.62 0.04
2458493.2820086 9.68 0.04
2458493.2825295 9.71 0.04
2458493.2827031 9.64 0.04
2458493.2828767 9.61 0.04
2458493.2835711 9.66 0.04
2458493.2837447 9.67 0.04
2458493.2839184 9.61 0.04
2458493.2840920 9.61 0.04
2458493.2842656 9.62 0.04
2458493.2844392 9.65 0.04
2458493.2846128 9.61 0.04
2458493.2847864 9.62 0.04
2458493.2849600 9.66 0.04
2458493.2851336 9.64 0.04
2458493.2853072 9.60 0.04
2458493.2854809 9.63 0.04
2458493.2856545 9.62 0.04
2458493.2858281 9.68 0.04
2458493.2861753 9.66 0.04
2458493.2863489 9.60 0.04
2458493.2865225 9.66 0.04
2458493.2866961 9.65 0.04
2458493.2870434 9.65 0.04
2458493.2872170 9.62 0.04
2458493.2875642 9.70 0.04
2458493.2879114 9.60 0.04
2458493.2880850 9.65 0.04
2458493.2882586 9.66 0.04
2458493.2884323 9.61 0.04
2458493.2886059 9.66 0.04
2458493.2887795 9.67 0.04
2458493.2889531 9.66 0.04
2458493.2891267 9.71 0.04
2458493.2893003 9.63 0.04
2458493.2894739 9.72 0.04
2458493.2896475 9.64 0.04
2458493.2898211 9.64 0.04
2458493.2899961 9.64 0.04
2458493.2901695 9.71 0.04
2458493.2905164 9.60 0.04
2458493.2906898 9.68 0.04
2458493.2908633 9.62 0.04
2458493.2910367 9.69 0.04
2458493.2912102 9.66 0.04
2458493.2915572 9.60 0.04
2458493.2917309 9.65 0.04
2458493.2924253 9.62 0.04
2458493.2925989 9.61 0.04
2458493.2927725 9.63 0.04
2458493.2929461 9.62 0.04
2458493.2931197 9.62 0.04
2458493.2932934 9.64 0.04
2458493.2934670 9.61 0.04
2458493.2936406 9.63 0.04
2458493.2938142 9.58 0.04
2458493.2939878 9.67 0.04
2458493.2941614 9.65 0.04
2458493.2943350 9.66 0.04
2458493.2945086 9.70 0.04
2458493.2946823 9.68 0.04
2458493.2948559 9.61 0.04
2458493.2950295 9.66 0.04
2458493.2952031 9.68 0.04
2458493.2953767 9.57 0.03
2458493.2955503 9.58 0.04
2458493.2957239 9.66 0.04
2458493.2958975 9.59 0.04
2458493.2960711 9.60 0.04
2458493.2962448 9.69 0.04
2458493.2964184 9.60 0.04
2458493.2965920 9.67 0.04
2458493.2967656 9.64 0.04
2458493.2969392 9.58 0.04
2458493.2971128 9.68 0.04
2458493.2972864 9.62 0.04
2458493.2974600 9.58 0.04
2458493.2976336 9.65 0.04
2458493.2978072 9.64 0.04
2458493.2979809 9.59 0.04
2458493.2981545 9.59 0.04
2458493.2983281 9.63 0.04
2458493.2985017 9.64 0.04
2458493.2986753 9.64 0.04
2458493.2988489 9.66 0.04
2458493.2990225 9.60 0.04
2458493.2991961 9.65 0.04
2458493.2993697 9.65 0.04
2458493.2997170 9.61 0.04
2458493.2998906 9.63 0.04
2458493.3000642 9.61 0.04
2458493.3002378 9.65 0.04
2458493.3004114 9.66 0.04
2458493.3005850 9.69 0.04
2458493.3007586 9.64 0.04
2458493.3018931 9.73 0.04
2458493.3021591 9.62 0.04
2458493.3023327 9.62 0.04
2458493.3026799 9.68 0.04
2458493.3028536 9.62 0.04
2458493.3030272 9.61 0.04
2458493.3032008 9.60 0.04
2458493.3033744 9.57 0.04
2458493.3035480 9.65 0.04
2458493.3037216 9.65 0.04
2458493.3038952 9.66 0.04
2458493.3040688 9.66 0.04
2458493.3042424 9.62 0.04
2458493.3044161 9.68 0.04
2458493.3045897 9.69 0.04
2458493.3047633 9.63 0.04
2458493.3049369 9.65 0.04
2458493.3051105 9.69 0.04
2458493.3052841 9.62 0.04
2458493.3054577 9.64 0.04
2458493.3056313 9.63 0.04
2458493.3058049 9.67 0.04
2458493.3059785 9.60 0.04
2458493.3061522 9.65 0.04
2458493.3063258 9.68 0.04
2458493.3066730 9.56 0.03
2458493.3068466 9.60 0.04
2458493.3070202 9.64 0.04
2458493.3071938 9.67 0.04
2458493.3073674 9.65 0.04
2458493.3075410 9.73 0.04
2458493.3077147 9.68 0.04
2458493.3078883 9.68 0.04
2458493.3080619 9.67 0.04
2458493.3082355 9.72 0.04
2458493.3084091 9.64 0.04
2458493.3087563 9.65 0.04
2458493.3089299 9.62 0.04
2458493.3091036 9.70 0.04
2458493.3092772 9.65 0.04
2458493.3096244 9.65 0.04
2458493.3097980 9.63 0.04
2458493.3099716 9.72 0.04
2458493.3104924 9.60 0.04
2458493.3106661 9.61 0.04
2458493.3108397 9.66 0.04
2458493.3110133 9.69 0.04
2458493.3111869 9.62 0.04
2458493.3113605 9.65 0.04
2458493.3115341 9.63 0.04
2458493.3117077 9.63 0.04
2458493.3118813 9.66 0.04
2458493.3120549 9.64 0.04
2458493.3122298 9.65 0.04
2458493.3124033 9.66 0.04
2458493.3125767 9.67 0.04
2458493.3127502 9.62 0.04
2458493.3129236 9.65 0.04
2458493.3130971 9.69 0.04
2458493.3132705 9.66 0.04
2458493.3134439 9.63 0.04
2458493.3136174 9.71 0.04
2458493.3137910 9.68 0.04
2458493.3139647 9.64 0.04
2458493.3141383 9.59 0.04
2458493.3143119 9.66 0.04
2458493.3144855 9.59 0.04
2458493.3146591 9.66 0.04
2458493.3148327 9.66 0.04
2458493.3150063 9.65 0.04
2458493.3151799 9.64 0.04
2458493.3153535 9.61 0.04
2458493.3155272 9.61 0.04
2458493.3157008 9.64 0.04
2458493.3158744 9.65 0.04
2458493.3160480 9.60 0.04
2458493.3163952 9.65 0.04
2458493.3165688 9.60 0.04
2458493.3167424 9.59 0.04
2458493.3169161 9.70 0.04
2458493.3170897 9.66 0.04
2458493.3172633 9.65 0.04
2458493.3174369 9.60 0.04
2458493.3176105 9.62 0.04
2458493.3177841 9.59 0.04
2458493.3179577 9.59 0.04
2458493.3181313 9.61 0.04
2458493.3183049 9.62 0.04
2458493.3186522 9.62 0.04
2458493.3188258 9.59 0.03
2458493.3189994 9.66 0.04
2458493.3191730 9.63 0.04
2458493.3193466 9.62 0.04
2458493.3195202 9.67 0.04
2458493.3196938 9.66 0.04
2458493.3198674 9.63 0.04
2458493.3200411 9.63 0.04
2458493.3202147 9.62 0.04
2458493.3203883 9.63 0.04
2458493.3205619 9.63 0.04
2458493.3209091 9.66 0.04
2458493.3212563 9.64 0.04
2458493.3214299 9.61 0.04
2458493.3216035 9.64 0.04
2458493.3219508 9.68 0.04
2458493.3221244 9.59 0.04
2458493.3222980 9.66 0.04
2458493.3226452 9.65 0.04
2458493.3228188 9.59 0.03
2458493.3229924 9.64 0.04
2458493.3231662 9.57 0.03
2458493.3233397 9.64 0.04
2458493.3236869 9.61 0.04
2458493.3240341 9.62 0.04
2458493.3242090 9.64 0.04
2458493.3243824 9.68 0.04
2458493.3245559 9.62 0.04
2458493.3247293 9.64 0.04
2458493.3249028 9.64 0.04
2458493.3252497 9.68 0.04
2458493.3254231 9.64 0.04
2458493.3255966 9.61 0.04
2458493.3257702 9.66 0.04
2458493.3259438 9.61 0.04
2458493.3261174 9.59 0.04
2458493.3262911 9.62 0.04
2458493.3264647 9.63 0.04
2458493.3268119 9.63 0.04
2458493.3269855 9.64 0.04
2458493.3271591 9.65 0.04
2458493.3273327 9.68 0.04
2458493.3275063 9.60 0.04
2458493.3276799 9.64 0.04
2458493.3282008 9.61 0.04
2458493.3285480 9.66 0.04
2458493.3288952 9.65 0.04
2458493.3290688 9.57 0.03
2458493.3292430 9.72 0.04
2458493.3299369 9.64 0.04
2458493.3301105 9.65 0.04
2458493.3302841 9.58 0.03
2458493.3304577 9.61 0.04
2458493.3306313 9.63 0.04
2458493.3308049 9.67 0.04
2458493.3309785 9.65 0.04
2458493.3313258 9.63 0.04
2458493.3314994 9.63 0.04
2458493.3316730 9.57 0.03
2458493.3318466 9.62 0.04
2458493.3320202 9.64 0.04
2458493.3321938 9.62 0.04
2458493.3323674 9.64 0.04
2458493.3325411 9.66 0.04
2458493.3327147 9.62 0.04
2458493.3328883 9.59 0.04
2458493.3330619 9.73 0.04
2458493.3332355 9.66 0.04
2458493.3334091 9.60 0.04
2458493.3335827 9.66 0.04
2458493.3337563 9.61 0.04
2458493.3339299 9.63 0.04
2458493.3341036 9.58 0.03
2458493.3342772 9.57 0.03
2458493.3346244 9.63 0.04
2458493.3347980 9.60 0.04
2458493.3349716 9.63 0.04
2458493.3351452 9.63 0.04
2458493.3353188 9.65 0.04
2458493.3354924 9.62 0.04
2458493.3356661 9.60 0.04
2458493.3358397 9.63 0.04
2458493.3360133 9.64 0.04
2458493.3361882 9.69 0.04
2458493.3363616 9.61 0.04
2458493.3365351 9.63 0.04
2458493.3367085 9.65 0.04
2458493.3368820 9.62 0.04
2458493.3370554 9.61 0.04
2458493.3372288 9.64 0.04
2458493.3374023 9.59 0.04
2458493.3375758 9.65 0.04
2458493.3377494 9.61 0.04
2458493.3379230 9.56 0.03
2458493.3380966 9.59 0.04
2458493.3382702 9.60 0.04
2458493.3384438 9.59 0.04
2458493.3386174 9.63 0.04
2458493.3387910 9.61 0.04
2458493.3389647 9.63 0.04
2458493.3391383 9.64 0.04
2458493.3394855 9.66 0.04
2458493.3396591 9.59 0.04
2458493.3400063 9.66 0.04
2458493.3405272 9.64 0.04
2458493.3407008 9.61 0.04
2458493.3412216 9.64 0.04
2458493.3413952 9.60 0.04
2458493.3415688 9.67 0.04
2458493.3417424 9.60 0.04
2458493.3419161 9.64 0.04
2458493.3420897 9.63 0.04
2458493.3422633 9.63 0.04
2458493.3426105 9.64 0.04
2458493.3427841 9.58 0.04
2458493.3429577 9.60 0.04
2458493.3431313 9.62 0.04
2458493.3433049 9.59 0.04
2458493.3434786 9.66 0.04
2458493.3436522 9.64 0.04
2458493.3438258 9.65 0.04
2458493.3439994 9.60 0.04
2458493.3441730 9.52 0.03
2458493.3443466 9.66 0.04
2458493.3445202 9.60 0.04
2458493.3446938 9.60 0.04
2458493.3450410 9.60 0.04
2458493.3452147 9.63 0.04
2458493.3453883 9.64 0.04
2458493.3455619 9.67 0.04
2458493.3457355 9.59 0.04
2458493.3459091 9.60 0.04
2458493.3462563 9.68 0.04
2458493.3464299 9.58 0.04
2458493.3466035 9.63 0.04
2458493.3467772 9.60 0.04
2458493.3469508 9.60 0.04
2458493.3472980 9.63 0.04
2458493.3476452 9.66 0.04
2458493.3478188 9.64 0.04
2458493.3479924 9.62 0.04
2458493.3481673 9.64 0.04
2458493.3483408 9.59 0.04
2458493.3485142 9.63 0.04
2458493.3486876 9.55 0.03
2458493.3488611 9.63 0.04
2458493.3490345 9.62 0.04
2458493.3492080 9.58 0.04
2458493.3493814 9.62 0.04
2458493.3495549 9.61 0.04
2458493.3497286 9.59 0.04
2458493.3499022 9.57 0.04
2458493.3500758 9.61 0.04
2458493.3502494 9.59 0.04
2458493.3504230 9.56 0.03
2458493.3505966 9.60 0.04
2458493.3507702 9.66 0.04
2458493.3509438 9.67 0.04
2458493.3511174 9.66 0.04
2458493.3512911 9.57 0.03
2458493.3514647 9.67 0.04
2458493.3516383 9.61 0.04
2458493.3518119 9.59 0.04
2458493.3519855 9.74 0.04
2458493.3521591 9.64 0.04
2458493.3523327 9.61 0.04
2458493.3525063 9.65 0.04
2458493.3526799 9.63 0.04
2458493.3528535 9.63 0.04
2458493.3532008 9.67 0.04
2458493.3533744 9.61 0.04
2458493.3535480 9.69 0.04
2458493.3537216 9.60 0.04
2458493.3538952 9.59 0.04
2458493.3540688 9.65 0.04
2458493.3542424 9.62 0.04
2458493.3544160 9.63 0.04
2458493.3545897 9.63 0.04
2458493.3547633 9.62 0.04
2458493.3549369 9.60 0.04
2458493.3551105 9.57 0.03
2458493.3552841 9.62 0.04
2458493.3554577 9.63 0.04
2458493.3556313 9.62 0.04
2458493.3558049 9.59 0.04
2458493.3559786 9.60 0.04
2458493.3561522 9.63 0.04
2458493.3563258 9.61 0.04
2458493.3564994 9.57 0.03
2458493.3566730 9.63 0.04
2458493.3568466 9.63 0.04
2458493.3570202 9.61 0.04
2458493.3571938 9.60 0.04
2458493.3573674 9.57 0.03
2458493.3575411 9.60 0.04
2458493.3578883 9.59 0.04
2458493.3582355 9.52 0.03
2458493.3584091 9.53 0.03
2458493.3587563 9.58 0.03
2458493.3589299 9.60 0.04
2458493.3591036 9.63 0.04
2458493.3592772 9.62 0.04
2458493.3594508 9.57 0.03
2458493.3597980 9.63 0.04
2458493.3603199 9.64 0.04
2458493.3606668 9.67 0.04
2458493.3610137 9.62 0.04
2458493.3611871 9.62 0.04
2458493.3613606 9.63 0.04
2458493.3615341 9.60 0.04
2458493.3617077 9.63 0.04
2458493.3618813 9.63 0.04
2458493.3620549 9.61 0.04
2458493.3622285 9.61 0.04
2458493.3624022 9.58 0.04
2458493.3627494 9.58 0.04
2458493.3630966 9.61 0.04
2458493.3637911 9.63 0.04
2458493.3639647 9.61 0.04
2458493.3643119 9.63 0.04
2458493.3650063 9.61 0.04
2458493.3653536 9.64 0.04
2458493.3655272 9.61 0.04
2458493.3657008 9.62 0.04
2458493.3658744 9.68 0.04
2458493.3660480 9.58 0.04
2458493.3662216 9.59 0.04
2458493.3665688 9.64 0.04
2458493.3669161 9.60 0.04
2458493.3670897 9.61 0.04
2458493.3672633 9.67 0.04
2458493.3674369 9.61 0.04
2458493.3676105 9.60 0.04
2458493.3677841 9.60 0.04
2458493.3679577 9.59 0.04
2458493.3681313 9.58 0.04
2458493.3686522 9.64 0.04
2458493.3688258 9.64 0.04
2458493.3693466 9.56 0.04
2458493.3695202 9.60 0.04
2458493.3696938 9.63 0.04
2458493.3698674 9.61 0.04
2458493.3702147 9.58 0.04
2458493.3703883 9.57 0.04
2458493.3705619 9.58 0.04
2458493.3709091 9.67 0.04
2458493.3710827 9.60 0.04
2458493.3712563 9.61 0.04
2458493.3714299 9.59 0.04
2458493.3716036 9.65 0.04
2458493.3717772 9.64 0.04
2458493.3719508 9.59 0.04
2458493.3721257 9.67 0.04
2458493.3722991 9.65 0.04
2458493.3724725 9.66 0.04
2458493.3726460 9.64 0.04
2458493.3729928 9.61 0.04
2458493.3731663 9.65 0.04
2458493.3733397 9.61 0.04
2458493.3735133 9.57 0.04
2458493.3736869 9.65 0.04
2458493.3738605 9.64 0.04
2458493.3742077 9.63 0.04
2458493.3743813 9.57 0.04
2458493.3745549 9.69 0.04
2458493.3747286 9.60 0.04
2458493.3749022 9.60 0.04
2458493.3750758 9.61 0.04
2458493.3752494 9.55 0.03
2458493.3754230 9.57 0.04
2458493.3755966 9.63 0.04
2458493.3757702 9.63 0.04
2458493.3759438 9.68 0.04
2458493.3761174 9.61 0.04
2458493.3762910 9.66 0.04
2458493.3764647 9.60 0.04
2458493.3766383 9.62 0.04
2458493.3768119 9.59 0.04
2458493.3769855 9.61 0.04
2458493.3771591 9.59 0.04
2458493.3773327 9.58 0.04
2458493.3775063 9.71 0.04
2458493.3776799 9.57 0.04
2458493.3778535 9.64 0.04
2458493.3780272 9.57 0.04
2458493.3782008 9.60 0.04
2458493.3783744 9.68 0.04
2458493.3787216 9.60 0.04
2458493.3788952 9.69 0.04
2458493.3790688 9.63 0.04
2458493.3792424 9.63 0.04
2458493.3794161 9.60 0.04
2458493.3795897 9.59 0.04
2458493.3797633 9.61 0.04
2458493.3799369 9.62 0.04
2458493.3801105 9.62 0.04
2458493.3802841 9.59 0.04
2458493.3804577 9.63 0.04
2458493.3808049 9.59 0.04
2458493.3811522 9.60 0.04
2458493.3813258 9.59 0.04
2458493.3814994 9.59 0.04
2458493.3816730 9.66 0.04
2458493.3818466 9.63 0.04
2458493.3820202 9.66 0.04
2458493.3821938 9.63 0.04
2458493.3823674 9.63 0.04
2458493.3825411 9.67 0.04
2458493.3828883 9.61 0.04
2458493.3830619 9.65 0.04
2458493.3832355 9.61 0.04
2458493.3834091 9.59 0.04
2458493.3835827 9.59 0.04
2458493.3837563 9.63 0.04
2458493.3839313 9.55 0.04
2458493.3841048 9.54 0.04
2458493.3842782 9.62 0.04
2458493.3846251 9.71 0.04
2458493.3847985 9.57 0.04
2458493.3851454 9.61 0.04
2458493.3853189 9.61 0.04
2458493.3854924 9.64 0.04
2458493.3856660 9.58 0.04
2458493.3858397 9.66 0.04
2458493.3860133 9.63 0.04
2458493.3861869 9.58 0.04
2458493.3863605 9.63 0.04
2458493.3865341 9.67 0.04
2458493.3868813 9.70 0.04
2458493.3870549 9.70 0.04
2458493.3872286 9.68 0.04
2458493.3874022 9.62 0.04
2458493.3875758 9.64 0.04
2458493.3877494 9.58 0.04
2458493.3880966 9.55 0.04
2458493.3882702 9.56 0.04
2458493.3884438 9.66 0.04
2458493.3887911 9.64 0.04
2458493.3889647 9.60 0.04
2458493.3891383 9.59 0.04
2458493.3894855 9.61 0.04
2458493.3896591 9.59 0.04
2458493.3898327 9.58 0.04
2458493.3900063 9.62 0.04
2458493.3901799 9.51 0.03
2458493.3903536 9.57 0.04
2458493.3905272 9.64 0.04
2458493.3907008 9.65 0.04
2458493.3908744 9.65 0.04
2458493.3910480 9.66 0.04
2458493.3912216 9.61 0.04
2458493.3913952 9.63 0.04
2458493.3917424 9.64 0.04
2458493.3919160 9.65 0.04
2458493.3920897 9.68 0.04
2458493.3922633 9.61 0.04
2458493.3924369 9.62 0.04
2458493.3926105 9.63 0.04
2458493.3927841 9.63 0.04
2458493.3929577 9.62 0.04
2458493.3931313 9.67 0.04
2458493.3933049 9.70 0.04
2458493.3934785 9.72 0.04
2458493.3936522 9.64 0.04
2458493.3938258 9.57 0.04
2458493.3939994 9.66 0.04
2458493.3943466 9.65 0.04
2458493.3945202 9.67 0.04
2458493.3946938 9.62 0.04
2458493.3950411 9.67 0.04
2458493.3952147 9.61 0.04
2458493.3955619 9.62 0.04
2458493.3960839 9.62 0.04
2458493.3962574 9.58 0.04
2458493.3964308 9.62 0.04
2458493.3966043 9.62 0.04
2458493.3967777 9.63 0.04
2458493.3969511 9.66 0.04
2458493.3971246 9.69 0.04
2458493.3972980 9.61 0.04
2458493.3974716 9.58 0.04
2458493.3976452 9.62 0.04
2458493.3979924 9.63 0.04
2458493.3981661 9.70 0.04
2458493.3983397 9.64 0.04
2458493.3985133 9.68 0.04
2458493.3986869 9.70 0.04
2458493.3993813 9.62 0.04
2458493.3997285 9.64 0.04
2458493.3999022 9.67 0.04
2458493.4002494 9.70 0.04
2458493.4007702 9.62 0.04
2458493.4009438 9.65 0.04
2458493.4011174 9.65 0.04
2458493.4016383 9.64 0.04
2458493.4018119 9.69 0.04
2458493.4019855 9.65 0.04
2458493.4021591 9.64 0.04
2458493.4023327 9.71 0.04
2458493.4025063 9.66 0.04
2458493.4026799 9.62 0.04
2458493.4028536 9.66 0.04
2458493.4030272 9.63 0.04
2458493.4032008 9.64 0.04
2458493.4033744 9.59 0.04
2458493.4035480 9.61 0.04
2458493.4037216 9.65 0.04
2458493.4038952 9.69 0.04
2458493.4040688 9.60 0.04
2458493.4042424 9.62 0.04
2458493.4044161 9.55 0.04
2458493.4045897 9.64 0.04
2458493.4047633 9.58 0.04
2458493.4052841 9.62 0.04
2458493.4054577 9.66 0.04
2458493.4058049 9.65 0.04
2458493.4061522 9.58 0.04
2458493.4063258 9.61 0.04
2458493.4064994 9.63 0.04
2458493.4070202 9.63 0.04
2458493.4071938 9.62 0.04
2458493.4073674 9.61 0.04
2458493.4075410 9.59 0.04
2458493.4077147 9.67 0.04
2458493.4078896 9.67 0.04
2458493.4080630 9.63 0.04
2458493.4082365 9.64 0.04
2458493.4084099 9.60 0.04
2458493.4085833 9.59 0.04
2458493.4087568 9.67 0.04
2458493.4089302 9.63 0.04
2458493.4091037 9.65 0.04
2458493.4092772 9.58 0.04
2458493.4094508 9.68 0.04
2458493.4096244 9.60 0.04
2458493.4097980 9.54 0.04
2458493.4099716 9.62 0.04
2458493.4101452 9.62 0.04
2458493.4103188 9.56 0.04
2458493.4104924 9.62 0.04
2458493.4115341 9.58 0.04
2458493.4117077 9.69 0.04
2458493.4118813 9.62 0.04
2458493.4120549 9.61 0.04
2458493.4122286 9.63 0.04
2458493.4124022 9.62 0.04
2458493.4125758 9.68 0.04
2458493.4127494 9.62 0.04
2458493.4129230 9.61 0.04
2458493.4134438 9.68 0.04
2458493.4136174 9.63 0.04
2458493.4137911 9.61 0.04
2458493.4141383 9.55 0.04
2458493.4143119 9.65 0.04
2458493.4144855 9.54 0.04
2458493.4146591 9.61 0.04
2458493.4148327 9.57 0.04
2458493.4150063 9.66 0.04
2458493.4151799 9.60 0.04
2458493.4153535 9.57 0.04
2458493.4155272 9.57 0.04
2458493.4157008 9.63 0.04
2458493.4158744 9.61 0.04
2458494.3446475 9.55 0.08
2458494.3448211 9.55 0.08
2458494.3449948 9.70 0.08
2458494.3451684 9.68 0.08
2458494.3453420 9.69 0.08
2458494.3455156 9.40 0.05
2458494.3456892 9.64 0.06
2458494.3460364 9.58 0.05
2458494.3462100 9.66 0.06
2458494.3463836 9.64 0.05
2458494.3465573 9.73 0.06
2458494.3467309 9.59 0.05
2458494.3469045 9.62 0.05
2458494.3470781 9.61 0.05
2458494.3472517 9.62 0.05
2458494.3474253 9.61 0.05
2458494.3477725 9.72 0.06
2458494.3481197 9.62 0.05
2458494.3482934 9.59 0.05
2458494.3484670 9.70 0.06
2458494.3486406 9.59 0.05
2458494.3488142 9.63 0.05
2458494.3489878 9.63 0.05
2458494.3493350 9.65 0.05
2458494.3496822 9.65 0.05
2458494.3498559 9.73 0.06
2458494.3500295 9.61 0.05
2458494.3502031 9.62 0.05
2458494.3503767 9.67 0.05
2458494.3505503 9.63 0.05
2458494.3507239 9.59 0.05
2458494.3508975 9.67 0.06
2458494.3510711 9.64 0.05
2458494.3514184 9.59 0.05
2458494.3515920 9.54 0.05
2458494.3517656 9.64 0.05
2458494.3519392 9.54 0.05
2458494.3522864 9.66 0.06
2458494.3526336 9.60 0.05
2458494.3528073 9.61 0.05
2458494.3529809 9.57 0.05
2458494.3531545 9.61 0.05
2458494.3535031 9.60 0.05
2458494.3536765 9.64 0.06
2458494.3538500 9.67 0.06
2458494.3540234 9.60 0.05
2458494.3541969 9.60 0.05
2458494.3543703 9.62 0.06
2458494.3545438 9.56 0.05
2458494.3547172 9.68 0.06
2458494.3548906 9.64 0.06
2458494.3550642 9.67 0.06
2458494.3552378 9.56 0.06
2458494.3554114 9.55 0.06
2458494.3555850 9.56 0.06
2458494.3557586 9.56 0.06
2458494.3559322 9.65 0.07
2458494.3561059 9.71 0.07
2458494.3562795 9.53 0.06
2458494.3564531 9.60 0.06
2458494.3566267 9.64 0.07
2458494.3568003 9.61 0.07
2458494.3569739 9.66 0.07
2458494.3571475 9.66 0.07
2458494.3573211 9.56 0.06
2458494.3574947 9.61 0.07
2458494.3576684 9.64 0.07
2458494.3578420 9.60 0.07
2458494.3580156 9.61 0.07
2458494.3581892 9.59 0.07
2458494.3583628 9.68 0.07
2458494.3585364 9.68 0.07
2458494.3587100 9.58 0.07
2458494.3588836 9.55 0.06
2458494.3590572 9.63 0.07
2458494.3592309 9.55 0.07
2458494.3595781 9.61 0.07
2458494.3606945 9.59 0.07
2458494.3609670 9.66 0.08
2458494.3611406 9.67 0.08
2458494.3613142 9.76 0.09
2458494.3614878 9.44 0.07
2458494.3616614 9.75 0.09
2458494.3618350 9.68 0.08
2458494.3620086 9.65 0.08
2458494.3621823 9.80 0.10
2458494.3623559 9.66 0.09
2458494.3625295 9.53 0.08
2458494.3627031 9.64 0.09
2458494.3628767 9.62 0.09
2458494.3630503 9.62 0.09
2458494.3632239 9.61 0.09
2458494.3633975 9.81 0.11
2458494.3635711 9.53 0.08
2458494.3637447 9.61 0.09
2458494.3639184 9.65 0.09
2458494.3640920 9.65 0.09
2458494.3642656 9.54 0.09
2458494.3644392 9.68 0.10
2458494.3646128 9.76 0.11
2458494.3647864 9.65 0.10
2458494.3649600 9.77 0.12
2458494.3651336 9.66 0.11
2458494.3653072 9.68 0.11
2458494.3654809 9.61 0.11
2458494.3656545 9.53 0.10
2458494.3658281 9.67 0.12
2458494.3660017 9.65 0.13
2458494.3661753 9.57 0.12
2458494.3663489 9.66 0.13
2458494.3665225 9.49 0.12
2458494.3666961 9.58 0.13
2458494.3672170 9.61 0.14
2458494.3675654 9.66 0.15
2458494.3677389 9.51 0.14
2458494.3680858 9.55 0.15
2458494.3696475 9.39 0.14
2458495.1342424 9.64 0.06
2458495.1344161 9.59 0.06
2458495.1345897 9.62 0.06
2458495.1347646 9.69 0.07
2458495.1349380 9.61 0.06
2458495.1351115 9.63 0.06
2458495.1352849 9.64 0.06
2458495.1354584 9.55 0.06
2458495.1356318 9.53 0.06
2458495.1358052 9.67 0.06
2458495.1359787 9.61 0.06
2458495.1361522 9.47 0.05
2458495.1363258 9.53 0.06
2458495.1364994 9.67 0.06
2458495.1366730 9.57 0.06
2458495.1368466 9.53 0.06
2458495.1370202 9.57 0.06
2458495.1371938 9.56 0.06
2458495.1373674 9.63 0.06
2458495.1375410 9.60 0.06
2458495.1377147 9.64 0.06
2458495.1378883 9.62 0.06
2458495.1380619 9.66 0.06
2458495.1382355 9.71 0.07
2458495.1384091 9.49 0.05
2458495.1385827 9.57 0.06
2458495.1387563 9.64 0.06
2458495.1389299 9.55 0.06
2458495.1391035 9.57 0.06
2458495.1392772 9.63 0.06
2458495.1394508 9.61 0.06
2458495.1396244 9.65 0.06
2458495.1397980 9.47 0.05
2458495.1399716 9.69 0.06
2458495.1401452 9.61 0.06
2458495.1403188 9.61 0.06
2458495.1404924 9.56 0.06
2458495.1406661 9.60 0.06
2458495.1408397 9.57 0.06
2458495.1410133 9.59 0.06
2458495.1411869 9.61 0.06
2458495.1413605 9.60 0.06
2458495.1415341 9.59 0.06
2458495.1417077 9.59 0.06
2458495.1418813 9.58 0.06
2458495.1420549 9.65 0.06
2458495.1422286 9.61 0.06
2458495.1424022 9.62 0.06
2458495.1425758 9.63 0.06
2458495.1427494 9.70 0.07
2458495.1429230 9.66 0.06
2458495.1430966 9.59 0.06
2458495.1432702 9.65 0.06
2458495.1434438 9.64 0.06
2458495.1436174 9.56 0.06
2458495.1437911 9.60 0.06
2458495.1439647 9.64 0.06
2458495.1441383 9.54 0.06
2458495.1443119 9.64 0.06
2458495.1444855 9.51 0.05
2458495.1446591 9.63 0.06
2458495.1448327 9.54 0.06
2458495.1450063 9.62 0.06
2458495.1451799 9.49 0.05
2458495.1453535 9.65 0.06
2458495.1455272 9.75 0.07
2458495.1457008 9.61 0.06
2458495.1458744 9.73 0.07
2458495.1460480 9.65 0.06
2458495.1462216 9.59 0.06
2458495.1463952 9.53 0.06
2458495.1465688 9.58 0.06
2458495.1467438 9.60 0.06
2458495.1469172 9.64 0.06
2458495.1470907 9.55 0.06
2458495.1472641 9.55 0.06
2458495.1474375 9.58 0.06
2458495.1476110 9.56 0.06
2458495.1477844 9.47 0.05
2458495.1479579 9.62 0.06
2458495.1481313 9.60 0.06
2458495.1483049 9.63 0.06
2458495.1484786 9.65 0.06
2458495.1486522 9.69 0.06
2458495.1488258 9.61 0.06
2458495.1489994 9.60 0.06
2458495.1491730 9.57 0.06
2458495.1493466 9.60 0.06
2458495.1496938 9.71 0.06
2458495.1498674 9.51 0.05
2458495.1500411 9.53 0.06
2458495.1502147 9.66 0.06
2458495.1503883 9.56 0.06
2458495.1505619 9.67 0.06
2458495.1507355 9.60 0.06
2458495.1510827 9.56 0.06
2458495.1512563 9.56 0.06
2458495.1514299 9.57 0.06
2458495.1516036 9.55 0.06
2458495.1517772 9.63 0.06
2458495.1519508 9.56 0.06
2458495.1521244 9.57 0.06
2458495.1522980 9.58 0.06
2458495.1524716 9.46 0.05
2458495.1526452 9.58 0.06
2458495.1528188 9.65 0.06
2458495.1529924 9.59 0.06
2458495.1531660 9.55 0.06
2458495.1533397 9.57 0.06
2458495.1535133 9.59 0.06
2458495.1536869 9.61 0.06
2458495.1538605 9.50 0.05
2458495.1540341 9.65 0.06
2458495.1542077 9.73 0.07
2458495.1543813 9.53 0.06
2458495.1545549 9.53 0.05
2458495.1547285 9.60 0.06
2458495.1549022 9.58 0.06
2458495.1550758 9.60 0.06
2458495.1552494 9.60 0.06
2458495.1554230 9.57 0.06
2458495.1555966 9.57 0.06
2458495.1557702 9.60 0.06
2458495.1559438 9.62 0.06
2458495.1561174 9.62 0.06
2458495.1562911 9.59 0.06
2458495.1564647 9.59 0.06
2458495.1566383 9.56 0.06
2458495.1568119 9.66 0.06
2458495.1569855 9.65 0.06
2458495.1571591 9.57 0.06
2458495.1573327 9.56 0.05
2458495.1575063 9.62 0.06
2458495.1576799 9.55 0.05
2458495.1578536 9.64 0.06
2458495.1580272 9.60 0.06
2458495.1582008 9.59 0.06
2458495.1583744 9.52 0.05
2458495.1585480 9.71 0.06
2458495.1587230 9.53 0.05
2458495.1588964 9.73 0.06
2458495.1590699 9.54 0.05
2458495.1592433 9.64 0.06
2458495.1594167 9.57 0.05
2458495.1595902 9.65 0.06
2458495.1597636 9.57 0.06
2458495.1599371 9.62 0.06
2458495.1601105 9.53 0.05
2458495.1602841 9.55 0.05
2458495.1604577 9.57 0.06
2458495.1606313 9.61 0.06
2458495.1608049 9.61 0.06
2458495.1609785 9.66 0.06
2458495.1611522 9.68 0.06
2458495.1613258 9.61 0.06
2458495.1614994 9.77 0.07
2458495.1616730 9.58 0.06
2458495.1618466 9.62 0.06
2458495.1620202 9.60 0.06
2458495.1621938 9.53 0.05
2458495.1623674 9.65 0.06
2458495.1625410 9.64 0.06
2458495.1627147 9.65 0.06
2458495.1628883 9.67 0.06
2458495.1630619 9.63 0.06
2458495.1632355 9.59 0.06
2458495.1634091 9.58 0.06
2458495.1635827 9.72 0.06
2458495.1637563 9.68 0.06
2458495.1639299 9.70 0.06
2458495.1641036 9.62 0.06
2458495.1642772 9.58 0.06
2458495.1644508 9.57 0.05
2458495.1646244 9.70 0.06
2458495.1647980 9.56 0.05
2458495.1649716 9.62 0.06
2458495.1651452 9.58 0.06
2458495.1653188 9.65 0.06
2458495.1654924 9.56 0.05
2458495.1656660 9.57 0.05
2458495.1658397 9.62 0.06
2458495.1660133 9.67 0.06
2458495.1661869 9.65 0.06
2458495.1663605 9.63 0.06
2458495.1665341 9.56 0.05
2458495.1668813 9.68 0.06
2458495.1670549 9.65 0.06
2458495.1672285 9.66 0.06
2458495.1674022 9.64 0.06
2458495.1675758 9.70 0.06
2458495.1677494 9.67 0.06
2458495.1679230 9.59 0.06
2458495.1680966 9.54 0.05
2458495.1682702 9.63 0.06
2458495.1684438 9.59 0.06
2458495.1687910 9.61 0.06
2458495.1689647 9.68 0.06
2458495.1691383 9.70 0.06
2458495.1694855 9.73 0.06
2458495.1696591 9.68 0.06
2458495.1698327 9.59 0.06
2458495.1700063 9.57 0.05
2458495.1701799 9.67 0.06
2458495.1703535 9.56 0.05
2458495.1705272 9.67 0.06
2458495.1707022 9.67 0.06
2458495.1708756 9.71 0.06
2458495.1710491 9.59 0.05
2458495.1712225 9.58 0.05
2458495.1715694 9.64 0.06
2458495.1717428 9.62 0.06
2458495.1720897 9.59 0.06
2458495.1722633 9.65 0.06
2458495.1724369 9.67 0.06
2458495.1726105 9.65 0.06
2458495.1727841 9.68 0.06
2458495.1731313 9.64 0.06
2458495.1733049 9.57 0.05
2458495.1736522 9.69 0.06
2458495.1738258 9.65 0.06
2458495.1739994 9.62 0.06
2458495.1741730 9.57 0.05
2458495.1745202 9.67 0.06
2458495.1746938 9.61 0.06
2458495.1748674 9.56 0.05
2458495.1750411 9.66 0.06
2458495.1753883 9.71 0.06
2458495.1755619 9.59 0.05
2458495.1757355 9.60 0.05
2458495.1760827 9.57 0.05
2458495.1762563 9.64 0.06
2458495.1764299 9.65 0.06
2458495.1766035 9.69 0.06
2458495.1769508 9.60 0.05
2458495.1771244 9.67 0.06
2458495.1772980 9.66 0.06
2458495.1774716 9.70 0.06
2458495.1776452 9.55 0.05
2458495.1778188 9.65 0.06
2458495.1779924 9.60 0.05
2458495.1781660 9.63 0.06
2458495.1785133 9.71 0.06
2458495.1786869 9.67 0.06
2458495.1788605 9.66 0.06
2458495.1797286 9.60 0.05
2458495.1800758 9.62 0.06
2458495.1802494 9.61 0.06
2458495.1804230 9.66 0.06
2458495.1807702 9.61 0.06
2458495.1809438 9.59 0.05
2458495.1811174 9.71 0.06
2458495.1812911 9.57 0.05
2458495.1816383 9.71 0.06
2458495.1818119 9.62 0.05
2458495.1819855 9.71 0.06
2458495.1821591 9.66 0.06
2458495.1825063 9.66 0.06
2458495.1826799 9.55 0.05
2458495.1830283 9.54 0.05
2458495.1832017 9.60 0.05
2458495.1833752 9.58 0.05
2458495.1835486 9.65 0.06
2458495.1837221 9.66 0.06
2458495.1838955 9.61 0.05
2458495.1840689 9.72 0.06
2458495.1842424 9.66 0.06
2458495.1844160 9.58 0.05
2458495.1847633 9.64 0.06
2458495.1849369 9.69 0.06
2458495.1851105 9.61 0.05
2458495.1856313 9.62 0.05
2458495.1858049 9.64 0.05
2458495.1859785 9.60 0.05
2458495.1861522 9.62 0.05
2458495.1863258 9.64 0.05
2458495.1864994 9.66 0.06
2458495.1866730 9.58 0.05
2458495.1868466 9.64 0.05
2458495.1870202 9.56 0.05
2458495.1871938 9.61 0.05
2458495.1873674 9.62 0.05
2458495.1875411 9.70 0.06
2458495.1877147 9.66 0.06
2458495.1878883 9.63 0.05
2458495.1882355 9.58 0.05
2458495.1885827 9.69 0.06
2458495.1889299 9.56 0.05
2458495.1891036 9.60 0.05
2458495.1892772 9.65 0.05
2458495.1897980 9.57 0.05
2458495.1901452 9.63 0.05
2458495.1904924 9.57 0.05
2458495.1906661 9.52 0.05
2458495.1911869 9.54 0.05
2458495.1913605 9.65 0.05
2458495.1917077 9.59 0.05
2458495.1918813 9.59 0.05
2458495.1920549 9.58 0.05
2458495.1922285 9.55 0.05
2458495.1924022 9.64 0.05
2458495.1925758 9.65 0.05
2458495.1927494 9.57 0.05
2458495.1929230 9.70 0.06
2458495.1932702 9.67 0.06
2458495.1936174 9.62 0.05
2458495.1937910 9.67 0.06
2458495.1939647 9.68 0.06
2458495.1943119 9.65 0.05
2458495.1946591 9.61 0.05
2458495.1950075 9.56 0.05
2458495.1951809 9.60 0.05
2458495.1953544 9.57 0.05
2458495.1955278 9.55 0.05
2458495.1957013 9.57 0.05
2458495.1958747 9.63 0.05
2458495.1960481 9.59 0.05
2458495.1967424 9.56 0.05
2458495.1969161 9.61 0.05
2458495.1970897 9.61 0.05
2458495.1974369 9.55 0.05
2458495.1976105 9.61 0.05
2458495.1977841 9.65 0.05
2458495.1979577 9.70 0.06
2458495.1983049 9.72 0.06
2458495.1984786 9.66 0.05
2458495.1988258 9.61 0.05
2458495.1991730 9.52 0.05
2458495.1993466 9.62 0.05
2458495.1995202 9.59 0.05
2458495.1996938 9.64 0.05
2458495.1998674 9.62 0.05
2458495.2000410 9.56 0.05
2458495.2005619 9.56 0.05
2458495.2007355 9.61 0.05
2458495.2009091 9.55 0.05
2458495.2010827 9.67 0.06
2458495.2012563 9.66 0.05
2458495.2014299 9.60 0.05
2458495.2016035 9.56 0.05
2458495.2017772 9.60 0.05
2458495.2019508 9.69 0.06
2458495.2021244 9.65 0.05
2458495.2022980 9.65 0.05
2458495.2024716 9.58 0.05
2458495.2026452 9.54 0.05
2458495.2028188 9.61 0.05
2458495.2029924 9.68 0.06
2458495.2033397 9.61 0.05
2458495.2035133 9.59 0.05
2458495.2036869 9.64 0.05
2458495.2038605 9.61 0.05
2458495.2040341 9.61 0.05
2458495.2042077 9.64 0.05
2458495.2043813 9.57 0.05
2458495.2045549 9.62 0.05
2458495.2047286 9.56 0.05
2458495.2049022 9.66 0.05
2458495.2050758 9.59 0.05
2458495.2052494 9.64 0.05
2458495.2054230 9.67 0.05
2458495.2055966 9.69 0.06
2458495.2057702 9.60 0.05
2458495.2059438 9.54 0.05
2458495.2061174 9.67 0.06
2458495.2062911 9.53 0.05
2458495.2064647 9.64 0.05
2458495.2068132 9.67 0.06
2458495.2069867 9.67 0.06
2458495.2071601 9.60 0.05
2458495.2075070 9.60 0.05
2458495.2076805 9.65 0.05
2458495.2078539 9.56 0.05
2458495.2080274 9.63 0.05
2458495.2083744 9.64 0.05
2458495.2085480 9.60 0.05
2458495.2087216 9.59 0.05
2458495.2088952 9.60 0.05
2458495.2090688 9.57 0.05
2458495.2094160 9.61 0.05
2458495.2097633 9.67 0.06
2458495.2099369 9.62 0.05
2458495.2101105 9.57 0.05
2458495.2102841 9.56 0.05
2458495.2104577 9.63 0.05
2458495.2106313 9.64 0.05
2458495.2108049 9.57 0.05
2458495.2109786 9.55 0.05
2458495.2113258 9.57 0.05
2458495.2114994 9.62 0.05
2458495.2116730 9.58 0.05
2458495.2120202 9.62 0.05
2458495.2121938 9.57 0.05
2458495.2123674 9.58 0.05
2458495.2125411 9.60 0.05
2458495.2128883 9.58 0.05
2458495.2130619 9.66 0.05
2458495.2132355 9.73 0.06
2458495.2134091 9.65 0.05
2458495.2135827 9.65 0.05
2458495.2137563 9.57 0.05
2458495.2139299 9.55 0.05
2458495.2141036 9.59 0.05
2458495.2142772 9.57 0.05
2458495.2144508 9.56 0.05
2458495.2147980 9.63 0.05
2458495.2149716 9.55 0.05
2458495.2151452 9.63 0.05
2458495.2153188 9.59 0.05
2458495.2154924 9.61 0.05
2458495.2156660 9.63 0.05
2458495.2158397 9.59 0.05
2458495.2160133 9.56 0.05
2458495.2161869 9.59 0.05
2458495.2163605 9.62 0.05
2458495.2167077 9.47 0.04
2458495.2168813 9.60 0.05
2458495.2170549 9.61 0.05
2458495.2172285 9.52 0.05
2458495.2174022 9.59 0.05
2458495.2177494 9.55 0.05
2458495.2179230 9.55 0.05
2458495.2180966 9.60 0.05
2458495.2182702 9.64 0.05
2458495.2187924 9.56 0.05
2458495.2189658 9.58 0.05
2458495.2191393 9.63 0.05
2458495.2193127 9.60 0.05
2458495.2194862 9.59 0.05
2458495.2196596 9.53 0.05
2458495.2198331 9.62 0.05
2458495.2200065 9.49 0.05
2458495.2201799 9.62 0.05
2458495.2203536 9.60 0.05
2458495.2205272 9.58 0.05
2458495.2208744 9.68 0.05
2458495.2210480 9.67 0.05
2458495.2212216 9.60 0.05
2458495.2215688 9.52 0.05
2458495.2219161 9.68 0.05
2458495.2224369 9.67 0.05
2458495.2226105 9.65 0.05
2458495.2227841 9.58 0.05
2458495.2229577 9.60 0.05
2458495.2231313 9.62 0.05
2458495.2233049 9.61 0.05
2458495.2234785 9.62 0.05
2458495.2236522 9.64 0.05
2458495.2238258 9.63 0.05
2458495.2239994 9.54 0.05
2458495.2241730 9.60 0.05
2458495.2243466 9.52 0.05
2458495.2245202 9.60 0.05
2458495.2246938 9.63 0.05
2458495.2248674 9.60 0.05
2458495.2250410 9.63 0.05
2458495.2252147 9.63 0.05
2458495.2253883 9.64 0.05
2458495.2255619 9.54 0.05
2458495.2257355 9.71 0.06
2458495.2259091 9.61 0.05
2458495.2260827 9.65 0.05
2458495.2262563 9.64 0.05
2458495.2264299 9.65 0.05
2458495.2266036 9.58 0.05
2458495.2267772 9.60 0.05
2458495.2269508 9.63 0.05
2458495.2271244 9.57 0.05
2458495.2272980 9.65 0.05
2458495.2274716 9.67 0.05
2458495.2276452 9.58 0.05
2458495.2278188 9.56 0.05
2458495.2279924 9.61 0.05
2458495.2281661 9.67 0.05
2458495.2283397 9.60 0.05
2458495.2285133 9.59 0.05
2458495.2286869 9.56 0.05
2458495.2288605 9.53 0.05
2458495.2290341 9.60 0.05
2458495.2292077 9.61 0.05
2458495.2293813 9.63 0.05
2458495.2295549 9.60 0.05
2458495.2297286 9.60 0.05
2458495.2299022 9.66 0.05
2458495.2300758 9.63 0.05
2458495.2302494 9.56 0.05
2458495.2305966 9.59 0.05
2458495.2309450 9.63 0.05
2458495.2314654 9.56 0.05
2458495.2316388 9.57 0.05
2458495.2319857 9.63 0.05
2458495.2321591 9.68 0.05
2458495.2323327 9.68 0.05
2458495.2326799 9.54 0.05
2458495.2328535 9.63 0.05
2458495.2330272 9.72 0.05
2458495.2332008 9.62 0.05
2458495.2333744 9.59 0.05
2458495.2335480 9.65 0.05
2458495.2337216 9.57 0.05
2458495.2340688 9.61 0.05
2458495.2342424 9.58 0.05
2458495.2344161 9.66 0.05
2458495.2345897 9.59 0.05
2458495.2349369 9.54 0.05
2458495.2351105 9.66 0.05
2458495.2354577 9.67 0.05
2458495.2356313 9.58 0.05
2458495.2358049 9.66 0.05
2458495.2359785 9.57 0.05
2458495.2361522 9.58 0.05
2458495.2363258 9.57 0.05
2458495.2366730 9.56 0.05
2458495.2368466 9.60 0.05
2458495.2370202 9.60 0.05
2458495.2375411 9.56 0.05
2458495.2377147 9.63 0.05
2458495.2378883 9.55 0.05
2458495.2380619 9.75 0.06
2458495.2382355 9.57 0.05
2458495.2384091 9.59 0.05
2458495.2387563 9.58 0.05
2458495.2389299 9.55 0.05
2458495.2391035 9.64 0.05
2458495.2392772 9.54 0.05
2458495.2394508 9.56 0.05
2458495.2397980 9.64 0.05
2458495.2399716 9.62 0.05
2458495.2401452 9.55 0.05
2458495.2403188 9.60 0.05
2458495.2404924 9.67 0.05
2458495.2406660 9.62 0.05
2458495.2408397 9.63 0.05
2458495.2410133 9.68 0.05
2458495.2411869 9.59 0.05
2458495.2413605 9.65 0.05
2458495.2417077 9.59 0.05
2458495.2418813 9.57 0.05
2458495.2420549 9.72 0.05
2458495.2422286 9.68 0.05
2458495.2425758 9.57 0.05
2458495.2429242 9.60 0.05
2458495.2430977 9.55 0.05
2458495.2432711 9.62 0.05
2458495.2436180 9.60 0.05
2458495.2437914 9.63 0.05
2458495.2439649 9.69 0.05
2458495.2441383 9.62 0.05
2458495.2443119 9.63 0.05
2458495.2446591 9.60 0.05
2458495.2450063 9.60 0.05
2458495.2451799 9.61 0.05
2458495.2453536 9.60 0.05
2458495.2455272 9.61 0.05
2458495.2457008 9.59 0.05
2458495.2458744 9.65 0.05
2458495.2460480 9.70 0.05
2458495.2462216 9.59 0.05
2458495.2463952 9.59 0.05
2458495.2465688 9.67 0.05
2458495.2467424 9.59 0.05
2458495.2470897 9.66 0.05
2458495.2476105 9.57 0.05
2458495.2477841 9.59 0.05
2458495.2479577 9.71 0.05
2458495.2481313 9.61 0.05
2458495.2483049 9.63 0.05
2458495.2484785 9.61 0.05
2458495.2486522 9.59 0.05
2458495.2488258 9.66 0.05
2458495.2489994 9.63 0.05
2458495.2491730 9.67 0.05
2458495.2493466 9.61 0.05
2458495.2495202 9.60 0.05
2458495.2502147 9.65 0.05
2458495.2503883 9.62 0.05
2458495.2505619 9.57 0.05
2458495.2507355 9.62 0.05
2458495.2510827 9.58 0.05
2458495.2512563 9.57 0.05
2458495.2514299 9.54 0.05
2458495.2516036 9.60 0.05
2458495.2517772 9.61 0.05
2458495.2519508 9.67 0.05
2458495.2521244 9.63 0.05
2458495.2522980 9.59 0.05
2458495.2526452 9.56 0.05
2458495.2528188 9.56 0.05
2458495.2529924 9.72 0.05
2458495.2531661 9.65 0.05
2458495.2533397 9.65 0.05
2458495.2535133 9.60 0.05
2458495.2536869 9.63 0.05
2458495.2538605 9.54 0.05
2458495.2540341 9.56 0.05
2458495.2542077 9.64 0.05
2458495.2543813 9.55 0.05
2458495.2545549 9.55 0.05
2458495.2547300 9.59 0.05
2458495.2550769 9.61 0.05
2458495.2552503 9.61 0.05
2458495.2554238 9.63 0.05
2458495.2555972 9.67 0.05
2458495.2557706 9.61 0.05
2458495.2561175 9.59 0.05
2458495.2562910 9.58 0.05
2458495.2564647 9.61 0.05
2458495.2569855 9.59 0.05
2458495.2571591 9.62 0.05
2458495.2575063 9.62 0.05
2458495.2578536 9.59 0.05
2458495.2580272 9.65 0.05
2458495.2583744 9.62 0.05
2458495.2585480 9.62 0.05
2458495.2587216 9.66 0.05
2458495.2588952 9.58 0.05
2458495.2590688 9.68 0.05
2458495.2592424 9.62 0.05
2458495.2594161 9.59 0.05
2458495.2597633 9.59 0.05
2458495.2599369 9.55 0.04
2458495.2601105 9.57 0.04
2458495.2602841 9.59 0.05
2458495.2604577 9.61 0.05
2458495.2608049 9.63 0.05
2458495.2609786 9.62 0.05
2458495.2613258 9.56 0.04
2458495.2614994 9.66 0.05
2458495.2616730 9.68 0.05
2458495.2620202 9.63 0.05
2458495.2621938 9.67 0.05
2458495.2623674 9.58 0.05
2458495.2625410 9.54 0.04
2458495.2632355 9.60 0.05
2458495.2634091 9.59 0.05
2458495.2635827 9.64 0.05
2458495.2641035 9.56 0.05
2458495.2642772 9.64 0.05
2458495.2644508 9.59 0.05
2458495.2646244 9.57 0.05
2458495.2649716 9.61 0.05
2458495.2651452 9.67 0.05
2458495.2653188 9.52 0.04
2458495.2654924 9.59 0.05
2458495.2656661 9.63 0.05
2458495.2658397 9.58 0.05
2458495.2660133 9.64 0.05
2458495.2661869 9.74 0.05
2458495.2663605 9.69 0.05
2458495.2665341 9.63 0.05
2458495.2667077 9.61 0.05
2458495.2668826 9.56 0.04
2458495.2670561 9.64 0.05
2458495.2674030 9.56 0.04
2458495.2677498 9.65 0.05
2458495.2679233 9.64 0.05
2458495.2680967 9.70 0.05
2458495.2682702 9.56 0.04
2458495.2684438 9.65 0.05
2458495.2686174 9.62 0.05
2458495.2687911 9.61 0.05
2458495.2689647 9.52 0.04
2458495.2691383 9.62 0.05
2458495.2693119 9.54 0.04
2458495.2698327 9.66 0.05
2458495.2700063 9.57 0.05
2458495.2701799 9.69 0.05
2458495.2703535 9.62 0.05
2458495.2705272 9.61 0.05
2458495.2707008 9.58 0.05
2458495.2708744 9.65 0.05
2458495.2712216 9.62 0.05
2458495.2713952 9.62 0.05
2458495.2715688 9.61 0.05
2458495.2717424 9.69 0.05
2458495.2719160 9.66 0.05
2458495.2720897 9.64 0.05
2458495.2722633 9.60 0.05
2458495.2743466 9.63 0.05
2458495.2746938 9.65 0.05
2458495.2748674 9.64 0.05
2458495.2750411 9.64 0.05
2458495.2752147 9.61 0.05
2458495.2755619 9.60 0.05
2458495.2759091 9.76 0.05
2458495.2760827 9.65 0.05
2458495.2762563 9.64 0.05
2458495.2764299 9.52 0.04
2458495.2766036 9.56 0.04
2458498.1998559 9.82 0.05
2458498.2000295 9.79 0.05
2458498.2002031 9.87 0.05
2458498.2003767 9.84 0.05
2458498.2005503 9.83 0.05
2458498.2007239 9.82 0.05
2458498.2008975 9.86 0.05
2458498.2010711 9.73 0.04
2458498.2012447 9.80 0.05
2458498.2014184 9.72 0.04
2458498.2015920 9.86 0.05
2458498.2017656 9.83 0.05
2458498.2019392 9.82 0.05
2458498.2021128 9.78 0.04
2458498.2022864 9.76 0.05
2458498.2024600 9.74 0.04
2458498.2026336 9.77 0.05
2458498.2028072 9.72 0.04
2458498.2029809 9.72 0.04
2458498.2031545 9.72 0.04
2458498.2033281 9.75 0.04
2458498.2035017 9.68 0.04
2458498.2036753 9.75 0.04
2458498.2038489 9.77 0.04
2458498.2040225 9.77 0.04
2458498.2041961 9.75 0.04
2458498.2043698 9.77 0.04
2458498.2045434 9.69 0.04
2458498.2047170 9.71 0.04
2458498.2048906 9.69 0.04
2458498.2050642 9.68 0.04
2458498.2052378 9.73 0.04
2458498.2054114 9.68 0.04
2458498.2055850 9.69 0.04
2458498.2057586 9.71 0.04
2458498.2059323 9.66 0.04
2458498.2061059 9.70 0.04
2458498.2062795 9.65 0.04
2458498.2064531 9.67 0.04
2458498.2066267 9.67 0.04
2458498.2069739 9.64 0.04
2458498.2071475 9.76 0.04
2458498.2073211 9.72 0.04
2458498.2074947 9.70 0.04
2458498.2076684 9.64 0.04
2458498.2078420 9.66 0.04
2458498.2080169 9.69 0.04
2458498.2081904 9.68 0.04
2458498.2083638 9.66 0.04
2458498.2085373 9.67 0.04
2458498.2087107 9.56 0.04
2458498.2088841 9.64 0.04
2458498.2090576 9.69 0.04
2458498.2092310 9.71 0.04
2458498.2094045 9.62 0.04
2458498.2095781 9.61 0.04
2458498.2097517 9.61 0.04
2458498.2099253 9.63 0.04
2458498.2100989 9.62 0.04
2458498.2102725 9.64 0.04
2458498.2104461 9.67 0.04
2458498.2106197 9.70 0.04
2458498.2107934 9.61 0.04
2458498.2109670 9.69 0.04
2458498.2111406 9.66 0.04
2458498.2113142 9.65 0.04
2458498.2114878 9.68 0.04
2458498.2116614 9.64 0.04
2458498.2118350 9.58 0.04
2458498.2120086 9.74 0.04
2458498.2121823 9.62 0.04
2458498.2123559 9.66 0.04
2458498.2125295 9.63 0.04
2458498.2127031 9.57 0.04
2458498.2128767 9.65 0.04
2458498.2130503 9.58 0.04
2458498.2132239 9.56 0.04
2458498.2133975 9.59 0.04
2458498.2135711 9.68 0.04
2458498.2137448 9.65 0.04
2458498.2139184 9.62 0.04
2458498.2140920 9.64 0.04
2458498.2142656 9.59 0.04
2458498.2144392 9.61 0.04
2458498.2146128 9.68 0.04
2458498.2147864 9.67 0.04
2458498.2149600 9.69 0.04
2458498.2151336 9.66 0.04
2458498.2153072 9.67 0.04
2458498.2154809 9.60 0.04
2458498.2156545 9.58 0.04
2458498.2158281 9.65 0.04
2458498.2160017 9.66 0.04
2458498.2161753 9.67 0.04
2458498.2163489 9.69 0.04
2458498.2165225 9.65 0.04
2458498.2166961 9.66 0.04
2458498.2168697 9.69 0.04
2458498.2170434 9.65 0.04
2458498.2172170 9.65 0.04
2458498.2173906 9.61 0.04
2458498.2175642 9.55 0.04
2458498.2177378 9.66 0.04
2458498.2179114 9.67 0.04
2458498.2182586 9.70 0.04
2458498.2184322 9.64 0.04
2458498.2186059 9.66 0.04
2458498.2187795 9.63 0.04
2458498.2189531 9.65 0.04
2458498.2191267 9.63 0.04
2458498.2193003 9.63 0.04
2458498.2194739 9.69 0.04
2458498.2196475 9.64 0.04
2458498.2199960 9.54 0.04
2458498.2201694 9.61 0.04
2458498.2203429 9.58 0.04
2458498.2205163 9.65 0.04
2458498.2206898 9.65 0.04
2458498.2208632 9.59 0.04
2458498.2212101 9.61 0.04
2458498.2213836 9.61 0.04
2458498.2215573 9.62 0.04
2458498.2217309 9.59 0.04
2458498.2219045 9.69 0.04
2458498.2220781 9.65 0.04
2458498.2222517 9.58 0.04
2458498.2224253 9.56 0.04
2458498.2225989 9.67 0.04
2458498.2227725 9.68 0.04
2458498.2229461 9.65 0.04
2458498.2231197 9.68 0.04
2458498.2232934 9.59 0.04
2458498.2234670 9.66 0.04
2458498.2236406 9.62 0.04
2458498.2238142 9.66 0.04
2458498.2239878 9.64 0.04
2458498.2241614 9.69 0.04
2458498.2243350 9.61 0.04
2458498.2245086 9.60 0.04
2458498.2246822 9.59 0.04
2458498.2248559 9.63 0.04
2458498.2252031 9.68 0.04
2458498.2253767 9.60 0.04
2458498.2255503 9.69 0.04
2458498.2258975 9.67 0.04
2458498.2260711 9.64 0.04
2458498.2262447 9.71 0.04
2458498.2264184 9.62 0.04
2458498.2267656 9.68 0.04
2458498.2269392 9.60 0.04
2458498.2271128 9.70 0.04
2458498.2272864 9.65 0.04
2458498.2274600 9.56 0.04
2458498.2276336 9.64 0.04
2458498.2278073 9.63 0.04
2458498.2279809 9.57 0.04
2458498.2281545 9.67 0.04
2458498.2283281 9.64 0.04
2458498.2285017 9.61 0.04
2458498.2286753 9.54 0.04
2458498.2288489 9.60 0.04
2458498.2290225 9.67 0.04
2458498.2293698 9.57 0.04
2458498.2295434 9.62 0.04
2458498.2297170 9.63 0.04
2458498.2298906 9.60 0.04
2458498.2300642 9.65 0.04
2458498.2302378 9.58 0.04
2458498.2304114 9.61 0.04
2458498.2305850 9.60 0.04
2458498.2307586 9.64 0.04
2458498.2311059 9.62 0.04
2458498.2312795 9.56 0.04
2458498.2316267 9.59 0.04
2458498.2318016 9.55 0.04
2458498.2321485 9.66 0.04
2458498.2323219 9.62 0.04
2458498.2324954 9.69 0.04
2458498.2326688 9.58 0.04
2458498.2328422 9.64 0.04
2458498.2330157 9.65 0.04
2458498.2333628 9.58 0.04
2458498.2335364 9.56 0.04
2458498.2337100 9.60 0.04
2458498.2340572 9.62 0.04
2458498.2344045 9.60 0.04
2458498.2345781 9.56 0.04
2458498.2347517 9.60 0.04
2458498.2349253 9.59 0.04
2458498.2352725 9.60 0.04
2458498.2356198 9.71 0.04
2458498.2361406 9.65 0.04
2458498.2363142 9.63 0.04
2458498.2364878 9.58 0.04
2458498.2366614 9.68 0.04
2458498.2368350 9.63 0.04
2458498.2371823 9.67 0.04
2458498.2373559 9.67 0.04
2458498.2377031 9.63 0.04
2458498.2378767 9.67 0.04
2458498.2387447 9.66 0.04
2458498.2389184 9.64 0.04
2458498.2394392 9.63 0.04
2458498.2397864 9.63 0.04
2458498.2399600 9.60 0.04
2458498.2403072 9.62 0.04
2458498.2406545 9.63 0.04
2458498.2410017 9.61 0.04
2458498.2413489 9.63 0.04
2458498.2416961 9.63 0.04
2458498.2422170 9.63 0.04
2458498.2429114 9.70 0.04
2458498.2436073 9.64 0.04
2458498.2441276 9.61 0.04
2458498.2443010 9.60 0.04
2458498.2455156 9.64 0.04
2458498.2469045 9.62 0.04
2458498.2470781 9.62 0.04
2458498.2472517 9.64 0.04
2458498.2477725 9.64 0.04
2458498.2479461 9.64 0.04
2458498.2481197 9.59 0.04
2458498.2482934 9.59 0.04
2458498.2486406 9.69 0.04
2458498.2488142 9.63 0.04
2458498.2489878 9.66 0.04
2458498.2493350 9.65 0.04
2458498.2495086 9.60 0.04
2458498.2498559 9.60 0.04
2458498.2500295 9.62 0.04
2458498.2502031 9.63 0.04
2458498.2503767 9.65 0.04
2458498.2505503 9.61 0.04
2458498.2507239 9.63 0.04
2458498.2526336 9.63 0.04
2458498.2528073 9.64 0.04
2458498.2533281 9.67 0.04
2458498.2535017 9.68 0.04
2458498.2541961 9.63 0.04
2458498.2545434 9.66 0.04
2458498.2548906 9.65 0.04
2458498.2554114 9.61 0.04
2458498.2557598 9.63 0.04
2458498.2571475 9.61 0.04
2458498.2573211 9.57 0.04
2458498.2574947 9.61 0.04
2458498.2578420 9.51 0.04
2458498.2580156 9.61 0.04
2458498.2583628 9.61 0.04
2458498.2587100 9.57 0.04
2458498.2594045 9.62 0.04
2458498.2600989 9.70 0.04
2458498.2604461 9.65 0.04
2458498.2611406 9.67 0.04
2458498.2613142 9.61 0.04
2458498.2614878 9.54 0.04
2458498.2616614 9.62 0.04
2458498.2618350 9.67 0.04
2458498.2620086 9.60 0.04
2458498.2621822 9.57 0.04
2458498.2623559 9.54 0.04
2458498.2627031 9.59 0.03
2458498.2630503 9.62 0.03
2458498.2633975 9.67 0.04
2458498.2635711 9.64 0.03
2458498.2637447 9.55 0.03
2458498.2639184 9.63 0.03
2458498.2644392 9.65 0.03
2458498.2646128 9.63 0.03
2458498.2647864 9.66 0.04
2458498.2649600 9.63 0.04
2458498.2651336 9.63 0.04
2458498.2653072 9.61 0.03
2458498.2654809 9.63 0.03
2458498.2656545 9.67 0.04
2458498.2658281 9.65 0.04
2458498.2660017 9.64 0.03
2458498.2661753 9.64 0.03
2458498.2663489 9.66 0.04
2458498.2665225 9.67 0.04
2458498.2666961 9.63 0.03
2458498.2668698 9.62 0.03
2458498.2672170 9.66 0.04
2458498.2673906 9.68 0.04
2458498.2675655 9.55 0.03
2458498.2677389 9.71 0.04
2458498.2679124 9.62 0.03
2458498.2682593 9.67 0.04
2458498.2687796 9.66 0.04
2458498.2689531 9.67 0.04
2458498.2691267 9.71 0.04
2458498.2693003 9.66 0.03
2458498.2694739 9.60 0.03
2458498.2696475 9.63 0.03
2458498.2698211 9.68 0.04
2458498.2701684 9.63 0.03
2458498.2703420 9.60 0.03
2458498.2705156 9.67 0.03
2458498.2706892 9.63 0.03
2458498.2708628 9.70 0.04
2458498.2710364 9.63 0.03
2458498.2712100 9.72 0.04
2458498.2713836 9.65 0.03
2458498.2715572 9.63 0.03
2458498.2717309 9.62 0.03
2458498.2729461 9.64 0.03
2458498.2731197 9.59 0.03
2458498.2734670 9.66 0.03
2458498.2736406 9.69 0.04
2458498.2738142 9.60 0.03
2458498.2739878 9.62 0.03
2458498.2741614 9.63 0.03
2458498.2743350 9.63 0.03
2458498.2745086 9.65 0.03
2458498.2746823 9.63 0.03
2458498.2748559 9.69 0.04
2458498.2750295 9.63 0.03
2458498.2752031 9.66 0.03
2458498.2753767 9.66 0.03
2458498.2755503 9.69 0.04
2458498.2757239 9.62 0.03
2458498.2758975 9.66 0.03
2458498.2760711 9.63 0.03
2458498.2762448 9.67 0.03
2458498.2764184 9.59 0.03
2458498.2765920 9.66 0.03
2458498.2767656 9.61 0.03
2458498.2769392 9.58 0.03
2458498.2771128 9.64 0.03
2458498.2774600 9.64 0.03
2458498.2776336 9.60 0.03
2458498.2778072 9.60 0.03
2458498.2781545 9.68 0.04
2458498.2783281 9.55 0.03
2458498.2785017 9.65 0.03
2458498.2786753 9.71 0.04
2458498.2788489 9.65 0.03
2458498.2790225 9.62 0.03
2458498.2791961 9.65 0.03
2458498.2793697 9.68 0.04
2458498.2795448 9.65 0.03
2458498.2797182 9.72 0.04
2458498.2798916 9.67 0.04
2458498.2800651 9.62 0.03
2458498.2802385 9.63 0.03
2458498.2804120 9.64 0.03
2458498.2805854 9.65 0.03
2458498.2807589 9.61 0.03
2458498.2809323 9.63 0.03
2458498.2811059 9.67 0.04
2458498.2812795 9.66 0.03
2458498.2814531 9.67 0.04
2458498.2816267 9.70 0.04
2458498.2819739 9.63 0.03
2458498.2821475 9.65 0.03
2458498.2823211 9.67 0.04
2458498.2824948 9.62 0.03
2458498.2826684 9.65 0.04
2458498.2828420 9.65 0.03
2458498.2830156 9.60 0.03
2458498.2831892 9.65 0.03
2458498.2833628 9.63 0.03
2458498.2835364 9.61 0.03
2458498.2837100 9.60 0.03
2458498.2838836 9.61 0.03
2458498.2840573 9.60 0.03
2458498.2844045 9.69 0.04
2458498.2845781 9.72 0.04
2458498.2847517 9.65 0.03
2458498.2850989 9.68 0.04
2458498.2852725 9.66 0.04
2458498.2854461 9.65 0.04
2458498.2856197 9.62 0.03
2458498.2857934 9.66 0.04
2458498.2859670 9.66 0.04
2458498.2861406 9.68 0.04
2458498.2863142 9.68 0.04
2458498.2864878 9.69 0.04
2458498.2866614 9.64 0.03
2458498.2868350 9.66 0.04
2458498.2870086 9.66 0.04
2458498.2871822 9.66 0.04
2458498.2873559 9.68 0.04
2458498.2878767 9.63 0.04
2458498.2880503 9.65 0.04
2458498.2883975 9.63 0.04
2458498.2885711 9.70 0.04
2458498.2887447 9.61 0.03
2458498.2889184 9.66 0.04
2458498.2890920 9.61 0.03
2458498.2892656 9.61 0.03
2458498.2894392 9.68 0.04
2458498.2897864 9.64 0.03
2458498.2899600 9.68 0.04
2458498.2901336 9.67 0.04
2458498.2904809 9.63 0.03
2458498.2908281 9.69 0.04
2458498.2910017 9.58 0.03
2458498.2911753 9.62 0.03
2458498.2913489 9.66 0.04
2458498.2915239 9.66 0.04
2458498.2920443 9.63 0.03
2458498.2922177 9.68 0.04
2458498.2923912 9.64 0.04
2458498.2925646 9.71 0.04
2458498.2927381 9.64 0.04
2458498.2929115 9.67 0.04
2458498.2932586 9.65 0.04
2458498.2934322 9.63 0.04
2458498.2937795 9.69 0.04
2458498.2939531 9.66 0.04
2458498.2941267 9.66 0.04
2458498.2943003 9.64 0.04
2458498.2944739 9.60 0.04
2458498.2946475 9.61 0.04
2458498.2948211 9.64 0.04
2458498.2949947 9.58 0.04
2458498.2951684 9.67 0.04
2458498.2953420 9.58 0.03
2458498.2955156 9.65 0.04
2458498.2956892 9.66 0.04
2458498.2958628 9.69 0.04
2458498.2960364 9.52 0.03
2458498.2962100 9.69 0.04
2458498.2963836 9.61 0.03
2458498.2965572 9.62 0.04
2458498.2967309 9.69 0.04
2458498.2969045 9.70 0.04
2458498.2970781 9.66 0.04
2458498.2972517 9.67 0.04
2458498.2974253 9.67 0.04
2458498.2975989 9.63 0.03
2458498.2977725 9.64 0.03
2458498.2979461 9.63 0.03
2458498.2981198 9.74 0.04
2458498.2982934 9.67 0.04
2458498.2984670 9.60 0.03
2458498.2986406 9.69 0.04
2458498.2988142 9.67 0.04
2458498.2989878 9.71 0.04
2458498.2991614 9.65 0.04
2458498.2993350 9.64 0.04
2458498.2995086 9.60 0.03
2458498.2996823 9.64 0.04
2458498.2998559 9.62 0.04
2458498.3000295 9.65 0.04
2458498.3002031 9.55 0.03
2458498.3007239 9.64 0.04
2458498.3008975 9.63 0.03
2458498.3010711 9.67 0.04
2458498.3014184 9.70 0.04
2458498.3015920 9.68 0.04
2458498.3017656 9.65 0.04
2458498.3021128 9.59 0.03
2458498.3022864 9.63 0.04
2458498.3024600 9.58 0.03
2458498.3026336 9.61 0.03
2458498.3028072 9.71 0.04
2458498.3031545 9.61 0.03
2458498.3033281 9.60 0.03
2458498.3036766 9.65 0.03
2458498.3040235 9.67 0.04
2458498.3041969 9.59 0.03
2458498.3043703 9.66 0.04
2458498.3047172 9.68 0.04
2458498.3048907 9.66 0.04
2458498.3050642 9.63 0.03
2458498.3052378 9.64 0.03
2458498.3054114 9.67 0.04
2458498.3055850 9.67 0.04
2458498.3057586 9.63 0.03
2458498.3059323 9.61 0.03
2458498.3061059 9.63 0.03
2458498.3062795 9.68 0.04
2458498.3066267 9.60 0.03
2458498.3068003 9.62 0.03
2458498.3071475 9.66 0.04
2458498.3073211 9.61 0.03
2458498.3074948 9.65 0.04
2458498.3076684 9.70 0.04
2458498.3078420 9.63 0.03
2458498.3080156 9.65 0.04
2458498.3081892 9.66 0.04
2458498.3083628 9.65 0.04
2458498.3085364 9.65 0.04
2458498.3087100 9.59 0.03
2458498.3088836 9.58 0.03
2458498.3090572 9.64 0.04
2458498.3092309 9.67 0.04
2458498.3094045 9.66 0.04
2458498.3095781 9.69 0.04
2458498.3100989 9.67 0.04
2458498.3102725 9.61 0.03
2458498.3104461 9.58 0.03
2458498.3107934 9.64 0.04
2458498.3109670 9.65 0.04
2458498.3111406 9.61 0.03
2458498.3113142 9.58 0.03
2458498.3114878 9.63 0.04
2458498.3118350 9.66 0.04
2458498.3120086 9.61 0.04
2458498.3121822 9.62 0.04
2458498.3123559 9.69 0.04
2458498.3127031 9.65 0.04
2458498.3128767 9.63 0.04
2458498.3130503 9.67 0.04
2458498.3132239 9.72 0.04
2458498.3133975 9.73 0.04
2458498.3135711 9.63 0.04
2458498.3137448 9.64 0.04
2458498.3139184 9.55 0.03
2458498.3140920 9.68 0.04
2458498.3142656 9.59 0.03
2458498.3144392 9.71 0.04
2458498.3146128 9.67 0.04
2458498.3149600 9.63 0.04
2458498.3151336 9.59 0.03
2458498.3154809 9.67 0.04
2458498.3156558 9.62 0.04
2458498.3158292 9.63 0.04
2458498.3160027 9.69 0.04
2458498.3161761 9.59 0.04
2458498.3163496 9.69 0.04
2458498.3165230 9.60 0.03
2458498.3166965 9.72 0.04
2458498.3172170 9.67 0.04
2458498.3173906 9.63 0.04
2458498.3175642 9.70 0.04
2458498.3177378 9.60 0.03
2458498.3179114 9.63 0.04
2458498.3180850 9.61 0.04
2458500.2340341 9.57 0.05
2458500.2342077 9.61 0.05
2458500.2343813 9.67 0.05
2458500.2345549 9.57 0.05
2458500.2347285 9.56 0.05
2458500.2349022 9.60 0.05
2458500.2350758 9.56 0.05
2458500.2352494 9.60 0.05
2458500.2354230 9.57 0.05
2458500.2355966 9.57 0.05
2458500.2359438 9.60 0.05
2458500.2361174 9.65 0.05
2458500.2362910 9.67 0.05
2458500.2364647 9.61 0.05
2458500.2366383 9.58 0.05
2458500.2368119 9.62 0.05
2458500.2369855 9.60 0.05
2458500.2371591 9.71 0.05
2458500.2375063 9.63 0.05
2458500.2378536 9.70 0.05
2458500.2380272 9.67 0.05
2458500.2382008 9.60 0.05
2458500.2383744 9.61 0.05
2458500.2387216 9.61 0.05
2458500.2388952 9.62 0.05
2458500.2390688 9.62 0.05
2458500.2392424 9.61 0.05
2458500.2395897 9.63 0.05
2458500.2397633 9.67 0.05
2458500.2401105 9.60 0.05
2458500.2402841 9.60 0.05
2458500.2404577 9.62 0.05
2458500.2406313 9.59 0.05
2458500.2408049 9.58 0.04
2458500.2409785 9.57 0.04
2458500.2413258 9.60 0.05
2458500.2414994 9.63 0.05
2458500.2416730 9.63 0.05
2458500.2418466 9.58 0.04
2458500.2420202 9.60 0.05
2458500.2423674 9.54 0.04
2458500.2425410 9.68 0.05
2458500.2427147 9.68 0.05
2458500.2428883 9.64 0.05
2458500.2430619 9.55 0.04
2458500.2432355 9.60 0.04
2458500.2435827 9.61 0.04
2458500.2437563 9.65 0.05
2458500.2441035 9.65 0.05
2458500.2442772 9.68 0.05
2458500.2444520 9.58 0.04
2458500.2446255 9.63 0.05
2458500.2447989 9.66 0.05
2458500.2449724 9.60 0.04
2458500.2451458 9.59 0.04
2458500.2453193 9.66 0.05
2458500.2454927 9.59 0.04
2458500.2456661 9.65 0.05
2458500.2460133 9.64 0.05
2458500.2463605 9.54 0.04
2458500.2465341 9.67 0.05
2458500.2467077 9.59 0.04
2458500.2468813 9.58 0.04
2458500.2470549 9.55 0.04
2458500.2474022 9.64 0.04
2458500.2475758 9.64 0.04
2458500.2477494 9.61 0.04
2458500.2479230 9.70 0.05
2458500.2480966 9.64 0.05
2458500.2482702 9.63 0.04
2458500.2484438 9.64 0.04
2458500.2486174 9.55 0.04
2458500.2491383 9.65 0.04
2458500.2493119 9.60 0.04
2458500.2494855 9.59 0.04
2458500.2498327 9.59 0.04
2458500.2503535 9.56 0.04
2458500.2505272 9.66 0.05
2458500.2507008 9.64 0.04
2458500.2508744 9.62 0.04
2458500.2510480 9.61 0.04
2458500.2512216 9.58 0.04
2458500.2515688 9.62 0.04
2458500.2520897 9.65 0.05
2458500.2522633 9.56 0.04
2458500.2526105 9.54 0.04
2458500.2527841 9.64 0.04
2458500.2529577 9.64 0.04
2458500.2531313 9.58 0.04
2458500.2533049 9.63 0.04
2458500.2534786 9.63 0.04
2458500.2536522 9.62 0.04
2458500.2538258 9.63 0.04
2458500.2539994 9.60 0.04
2458500.2541730 9.61 0.04
2458500.2545202 9.71 0.05
2458500.2546938 9.59 0.04
2458500.2548674 9.59 0.04
2458500.2552147 9.63 0.04
2458500.2553883 9.66 0.05
2458500.2557355 9.64 0.04
2458500.2559091 9.59 0.04
2458500.2560827 9.70 0.05
2458500.2562563 9.66 0.05
2458500.2564312 9.60 0.04
2458500.2566046 9.64 0.04
2458500.2567781 9.58 0.04
2458500.2569515 9.63 0.04
2458500.2571250 9.66 0.05
2458500.2572984 9.63 0.04
2458500.2574719 9.65 0.04
2458500.2581660 9.63 0.04
2458500.2583397 9.73 0.05
2458500.2588605 9.63 0.04
2458500.2590341 9.66 0.04
2458500.2592077 9.61 0.04
2458500.2595549 9.63 0.04
2458500.2597285 9.63 0.04
2458500.2599022 9.63 0.04
2458500.2600758 9.59 0.04
2458500.2602494 9.58 0.04
2458500.2607702 9.59 0.04
2458500.2609438 9.61 0.04
2458500.2611174 9.67 0.04
2458500.2612911 9.67 0.04
2458500.2616383 9.59 0.04
2458500.2618119 9.70 0.05
2458500.2621591 9.74 0.05
2458500.2626799 9.61 0.04
2458500.2628535 9.64 0.04
2458500.2640688 9.67 0.04
2458500.2642424 9.56 0.04
2458500.2644160 9.69 0.04
2458500.2645897 9.55 0.04
2458500.2647633 9.68 0.04
2458500.2651105 9.69 0.04
2458500.2656313 9.60 0.04
2458500.2658049 9.57 0.04
2458500.2661522 9.64 0.04
2458500.2663258 9.61 0.04
2458500.2664994 9.62 0.04
2458500.2670202 9.58 0.04
2458500.2671938 9.60 0.04
2458500.2675410 9.61 0.04
2458500.2680619 9.59 0.04
2458500.2682355 9.68 0.04
2458500.2684104 9.64 0.04
2458500.2685839 9.68 0.04
2458500.2687573 9.59 0.04
2458500.2689307 9.61 0.04
2458500.2691042 9.65 0.04
2458500.2692776 9.69 0.04
2458500.2694511 9.60 0.04
2458500.2696245 9.60 0.04
2458500.2697980 9.61 0.04
2458500.2699716 9.70 0.04
2458500.2701452 9.66 0.04
2458500.2703188 9.67 0.04
2458500.2706661 9.63 0.04
2458500.2710133 9.62 0.04
2458500.2711869 9.59 0.04
2458500.2713605 9.65 0.04
2458500.2715341 9.51 0.04
2458500.2717077 9.59 0.04
2458500.2718813 9.60 0.04
2458500.2720549 9.64 0.04
2458500.2722285 9.59 0.04
2458500.2724022 9.63 0.04
2458500.2725758 9.57 0.04
2458500.2727494 9.66 0.04
2458500.2729230 9.67 0.04
2458500.2730966 9.63 0.04
2458500.2732702 9.65 0.04
2458500.2734438 9.67 0.04
2458500.2736174 9.58 0.04
2458500.2737910 9.65 0.04
2458500.2739647 9.64 0.04
2458500.2741383 9.65 0.04
2458500.2743119 9.59 0.04
2458500.2744855 9.59 0.04
2458500.2746591 9.55 0.04
2458500.2748327 9.62 0.04
2458500.2750063 9.63 0.04
2458500.2751799 9.72 0.05
2458500.2753535 9.57 0.04
2458500.2755272 9.64 0.04
2458500.2757008 9.63 0.04
2458500.2760480 9.67 0.04
2458500.2767424 9.59 0.04
2458500.2769161 9.57 0.04
2458500.2770897 9.65 0.04
2458500.2772633 9.66 0.04
2458500.2774369 9.69 0.04
2458500.2776105 9.57 0.04
2458500.2779577 9.56 0.04
2458500.2781313 9.67 0.04
2458500.2783049 9.65 0.04
2458500.2784786 9.60 0.04
2458500.2786522 9.58 0.04
2458500.2788258 9.64 0.04
2458500.2789994 9.64 0.04
2458500.2791730 9.69 0.04
2458500.2793466 9.62 0.04
2458500.2795202 9.62 0.04
2458500.2796938 9.64 0.04
2458500.2798674 9.67 0.04
2458500.2800410 9.61 0.04
2458500.2802147 9.60 0.04
2458500.2803896 9.65 0.04
2458500.2805631 9.60 0.04
2458500.2809100 9.72 0.05
2458500.2810834 9.65 0.04
2458500.2812568 9.59 0.04
2458500.2814303 9.56 0.04
2458500.2816037 9.58 0.04
2458500.2817772 9.54 0.04
2458500.2819508 9.67 0.04
2458500.2821244 9.57 0.04
2458500.2822980 9.52 0.04
2458500.2824716 9.54 0.04
2458500.2828188 9.59 0.04
2458500.2829924 9.62 0.04
2458500.2831660 9.64 0.04
2458500.2835133 9.60 0.04
2458500.2836869 9.63 0.04
2458500.2838605 9.60 0.04
2458500.2840341 9.58 0.04
2458500.2843813 9.61 0.04
2458500.2845549 9.63 0.04
2458500.2847286 9.62 0.04
2458500.2849022 9.63 0.04
2458500.2850758 9.62 0.04
2458500.2852494 9.65 0.04
2458500.2854230 9.62 0.04
2458500.2855966 9.63 0.04
2458500.2857702 9.60 0.04
2458500.2859438 9.67 0.04
2458500.2862911 9.67 0.04
2458500.2864647 9.66 0.04
2458500.2866383 9.59 0.04
2458500.2868119 9.65 0.04
2458500.2871591 9.57 0.04
2458500.2875063 9.66 0.04
2458500.2876799 9.54 0.04
2458500.2878535 9.68 0.04
2458500.2880272 9.61 0.04
2458500.2882008 9.65 0.04
2458500.2883744 9.66 0.04
2458500.2885480 9.71 0.04
2458500.2887216 9.61 0.04
2458500.2888952 9.63 0.04
2458500.2890688 9.60 0.04
2458500.2892424 9.55 0.04
2458500.2894160 9.67 0.04
2458500.2895897 9.59 0.04
2458500.2897633 9.59 0.04
2458500.2899369 9.62 0.04
2458500.2908049 9.61 0.04
2458500.2909785 9.64 0.04
2458500.2911522 9.61 0.04
2458500.2913258 9.65 0.04
2458500.2914994 9.65 0.04
2458500.2918466 9.59 0.04
2458500.2920202 9.65 0.04
2458500.2921938 9.59 0.04
2458500.2925423 9.64 0.04
2458500.2927157 9.61 0.04
2458500.2928892 9.60 0.04
2458500.2930626 9.63 0.04
2458500.2932360 9.56 0.04
2458500.2934095 9.61 0.04
2458500.2935829 9.64 0.04
2458528.2613179 9.75 0.10
2458528.2614915 9.66 0.10
2458528.2616651 9.63 0.10
2458528.2618387 9.60 0.10
2458528.2620123 9.70 0.11
2458528.2621859 9.72 0.11
2458528.2623608 9.68 0.11
2458528.2625342 9.42 0.09
2458528.2627077 9.58 0.11
2458528.2628811 9.72 0.12
2458528.2632280 9.62 0.12
2458528.2634015 9.83 0.14
2458528.2635749 9.77 0.14
2458528.2637484 9.72 0.13
2458528.2639220 9.65 0.13
2458528.2640956 9.55 0.12
2458528.2642693 9.60 0.14
2458528.2647901 9.54 0.15
2458528.2653109 9.46 0.14
2458528.2654845 9.52 0.16
2458528.2663526 9.38 0.15
2458528.2901373 9.42 0.14