2458467.3668514 7.89 0.01
2458467.3670250 7.85 0.01
2458469.3667865 7.87 0.01
2458469.3670135 7.88 0.01
2458469.3671871 7.89 0.01
2458469.3673607 7.90 0.01
2458469.3675343 7.87 0.01
2458469.3677079 7.88 0.01
2458469.3678815 7.89 0.01
2458469.3680551 7.86 0.01
2458469.3682287 7.84 0.01
2458469.3684023 7.87 0.01
2458469.3685760 7.88 0.01
2458469.3687496 7.89 0.01
2458469.3689232 7.89 0.01
2458469.3690968 7.86 0.01
2458469.3692704 7.86 0.01
2458469.3694440 7.88 0.01
2458469.3696176 7.87 0.01
2458469.3697912 7.87 0.01
2458469.3699648 7.87 0.01
2458469.3701384 7.87 0.01
2458469.3703121 7.87 0.01
2458469.3704857 7.86 0.01
2458469.3706593 7.86 0.01
2458469.3708329 7.86 0.01
2458469.3710065 7.87 0.01
2458469.3711801 7.88 0.01
2458469.3713537 7.86 0.01
2458469.3715273 7.85 0.01
2458469.3717009 7.86 0.01
2458469.3718746 7.87 0.01
2458469.3720482 7.87 0.01
2458469.3722218 7.87 0.01
2458469.3723954 7.85 0.01
2458469.3725690 7.88 0.01
2458469.3727426 7.85 0.01
2458469.3729162 7.86 0.01
2458469.3730898 7.88 0.01
2458469.3732635 7.87 0.01
2458469.3734371 7.88 0.01
2458469.3736107 7.88 0.01
2458469.3737843 7.84 0.01
2458469.3739579 7.84 0.01
2458469.3741315 7.86 0.01
2458469.3743051 7.85 0.01
2458469.3744787 7.85 0.01
2458469.3746524 7.85 0.01
2458469.3748260 7.85 0.01
2458469.3749996 7.85 0.01
2458469.3751732 7.86 0.01
2458469.3753468 7.83 0.01
2458469.3755204 7.84 0.01
2458469.3756940 7.87 0.01
2458469.3758676 7.86 0.01
2458469.3760425 7.84 0.01
2458469.3762159 7.85 0.01
2458469.3763894 7.87 0.01
2458469.3765628 7.87 0.01
2458469.3767363 7.89 0.01
2458469.3769097 7.86 0.01
2458469.3770832 7.86 0.01
2458469.3772566 7.87 0.01
2458469.3774301 7.87 0.01
2458469.3776037 7.88 0.01
2458469.3777773 7.89 0.01
2458469.3779510 7.87 0.01
2458469.3781246 7.86 0.01
2458469.3782982 7.90 0.01
2458469.3784718 7.87 0.01
2458469.3786454 7.87 0.01
2458495.1342424 7.90 0.01
2458495.1344161 7.88 0.01
2458495.1345897 7.84 0.01
2458495.1347646 7.84 0.01
2458495.1349380 7.87 0.01
2458495.1351115 7.85 0.01
2458495.1352849 7.87 0.01
2458495.1354584 7.86 0.01
2458495.1356318 7.90 0.01
2458495.1358052 7.85 0.01
2458495.1359787 7.86 0.01
2458495.1361522 7.85 0.01
2458495.1363258 7.85 0.01
2458495.1364994 7.84 0.01
2458495.1366730 7.87 0.01
2458495.1368466 7.84 0.01
2458495.1370202 7.84 0.01
2458495.1371938 7.87 0.01
2458495.1373674 7.88 0.01
2458495.1375410 7.89 0.01
2458495.1377147 7.92 0.01
2458495.1378883 7.87 0.01
2458495.1380619 7.85 0.01
2458495.1382355 7.83 0.01
2458495.1384091 7.86 0.01
2458495.1385827 7.86 0.01
2458495.1387563 7.87 0.01
2458495.1389299 7.85 0.01
2458495.1391035 7.85 0.01
2458495.1392772 7.87 0.01
2458495.1394508 7.88 0.01
2458495.1396244 7.86 0.01
2458495.1397980 7.86 0.01
2458495.1399716 7.84 0.01
2458495.1401452 7.88 0.01
2458495.1403188 7.87 0.01
2458495.1404924 7.87 0.01
2458495.1406661 7.90 0.01
2458495.1408397 7.88 0.01
2458495.1410133 7.84 0.01
2458495.1411869 7.87 0.01
2458495.1413605 7.88 0.01
2458495.1415341 7.91 0.01
2458495.1417077 7.89 0.01
2458495.1418813 7.86 0.01
2458495.1420549 7.89 0.01
2458495.1422286 7.88 0.01
2458495.1424022 7.88 0.01
2458495.1425758 7.89 0.01
2458495.1427494 7.86 0.01
2458495.1429230 7.85 0.01
2458495.1430966 7.89 0.01
2458495.1432702 7.87 0.01
2458495.1434438 7.85 0.01
2458495.1436174 7.88 0.01
2458495.1437911 7.85 0.01
2458495.1439647 7.87 0.01
2458495.1441383 7.86 0.01
2458495.1443119 7.87 0.01
2458495.1444855 7.90 0.01
2458495.1446591 7.90 0.01
2458495.1448327 7.90 0.01
2458495.1450063 7.86 0.01
2458495.1451799 7.86 0.01
2458495.1453535 7.86 0.01
2458495.1455272 7.85 0.01
2458495.1457008 7.86 0.01
2458495.1458744 7.86 0.01
2458495.1460480 7.84 0.01
2458495.1462216 7.87 0.01
2458495.1463952 7.86 0.01
2458495.1465688 7.87 0.01
2458495.1467438 7.85 0.01
2458495.1469172 7.89 0.01
2458495.1470907 7.86 0.01
2458495.1472641 7.89 0.01
2458495.1474375 7.88 0.01
2458495.1476110 7.88 0.01
2458495.1477844 7.87 0.01
2458495.1479579 7.85 0.01
2458495.1481313 7.88 0.01
2458495.1483049 7.83 0.01
2458495.1484786 7.87 0.01
2458495.1486522 7.84 0.01
2458495.1488258 7.89 0.01
2458495.1489994 7.87 0.01
2458495.1491730 7.84 0.01
2458495.1493466 7.82 0.01
2458495.1495202 7.84 0.01
2458495.1496938 7.87 0.01
2458495.1498674 7.86 0.01
2458495.1500411 7.86 0.01
2458495.1502147 7.85 0.01
2458495.1503883 7.88 0.01
2458495.1505619 7.83 0.01
2458495.1507355 7.87 0.01
2458495.1510827 7.81 0.01
2458495.1512563 7.86 0.01
2458495.1514299 7.84 0.01
2458495.1516036 7.86 0.01
2458495.1517772 7.86 0.01
2458495.1519508 7.85 0.01
2458495.1521244 7.83 0.01
2458495.1522980 7.91 0.01
2458495.1524716 7.85 0.01
2458495.1526452 7.87 0.01
2458495.1528188 7.81 0.01
2458495.1529924 7.83 0.01
2458495.1531660 7.85 0.01
2458495.1533397 7.85 0.01
2458495.1535133 7.88 0.01
2458495.1536869 7.80 0.01
2458495.1538605 7.86 0.01
2458495.1540341 7.88 0.01
2458495.1542077 7.86 0.01
2458495.1543813 7.88 0.01
2458495.1545549 7.85 0.01
2458495.1547285 7.87 0.01
2458495.1549022 7.88 0.01
2458495.1550758 7.86 0.01
2458495.1552494 7.83 0.01
2458495.1554230 7.86 0.01
2458495.1555966 7.85 0.01
2458495.1557702 7.85 0.01
2458495.1559438 7.85 0.01
2458495.1561174 7.83 0.01
2458495.1562911 7.87 0.01
2458495.1564647 7.88 0.01
2458495.1566383 7.88 0.01
2458495.1568119 7.87 0.01
2458495.1569855 7.86 0.01
2458495.1571591 7.87 0.01
2458495.1573327 7.87 0.01
2458495.1575063 7.89 0.01
2458495.1576799 7.87 0.01
2458495.1578536 7.87 0.01
2458495.1580272 7.88 0.01
2458495.1582008 7.87 0.01
2458495.1583744 7.88 0.01
2458495.1585480 7.87 0.01
2458495.1587230 7.86 0.01
2458495.1588964 7.85 0.01
2458495.1590699 7.84 0.01
2458495.1592433 7.85 0.01
2458495.1594167 7.88 0.01
2458495.1595902 7.87 0.01
2458495.1597636 7.90 0.01
2458495.1599371 7.86 0.01
2458495.1601105 7.86 0.01
2458495.1602841 7.86 0.01
2458495.1604577 7.88 0.01
2458495.1606313 7.87 0.01
2458495.1608049 7.84 0.01
2458495.1609785 7.86 0.01
2458495.1611522 7.87 0.01
2458495.1613258 7.88 0.01
2458495.1614994 7.86 0.01
2458495.1616730 7.88 0.01
2458495.1618466 7.87 0.01
2458495.1620202 7.85 0.01
2458495.1621938 7.85 0.01
2458495.1623674 7.86 0.01
2458495.1625410 7.86 0.01
2458495.1627147 7.88 0.01
2458495.1628883 7.88 0.01
2458495.1630619 7.87 0.01
2458495.1632355 7.84 0.01
2458495.1634091 7.87 0.01
2458495.1635827 7.85 0.01
2458495.1637563 7.90 0.01
2458495.1639299 7.84 0.01
2458495.1641036 7.83 0.01
2458495.1642772 7.86 0.01
2458495.1644508 7.88 0.01
2458495.1646244 7.88 0.01
2458495.1647980 7.85 0.01
2458495.1649716 7.88 0.01
2458495.1651452 7.86 0.01
2458495.1653188 7.85 0.01
2458495.1654924 7.86 0.01
2458495.1656660 7.86 0.01
2458495.1658397 7.84 0.01
2458495.1660133 7.88 0.01
2458495.1661869 7.86 0.01
2458495.1663605 7.85 0.01
2458495.1665341 7.84 0.01
2458495.1667077 7.86 0.01
2458495.1668813 7.86 0.01
2458495.1670549 7.86 0.01
2458495.1672285 7.84 0.01
2458495.1674022 7.85 0.01
2458495.1675758 7.86 0.01
2458495.1677494 7.89 0.01
2458495.1679230 7.84 0.01
2458495.1680966 7.85 0.01
2458495.1682702 7.86 0.01
2458495.1684438 7.88 0.01
2458495.1686174 7.85 0.01
2458495.1687910 7.83 0.01
2458495.1689647 7.84 0.01
2458495.1691383 7.86 0.01
2458495.1693119 7.83 0.01
2458495.1694855 7.89 0.01
2458495.1696591 7.84 0.01
2458495.1698327 7.84 0.01
2458495.1700063 7.88 0.01
2458495.1701799 7.89 0.01
2458495.1703535 7.83 0.01
2458495.1705272 7.85 0.01
2458495.1707022 7.87 0.01
2458495.1708756 7.88 0.01
2458495.1710491 7.87 0.01
2458495.1712225 7.86 0.01
2458495.1713960 7.85 0.01
2458495.1715694 7.88 0.01
2458495.1717428 7.84 0.01
2458495.1719163 7.85 0.01
2458495.1720897 7.85 0.01
2458495.1722633 7.86 0.01
2458495.1724369 7.87 0.01
2458495.1726105 7.91 0.01
2458495.1727841 7.87 0.01
2458495.1729577 7.85 0.01
2458495.1731313 7.88 0.01
2458495.1733049 7.86 0.01
2458495.1734786 7.86 0.01
2458495.1736522 7.88 0.01
2458495.1738258 7.85 0.01
2458495.1739994 7.83 0.01
2458495.1741730 7.86 0.01
2458495.1743466 7.87 0.01
2458495.1745202 7.87 0.01
2458495.1746938 7.86 0.01
2458495.1748674 7.87 0.01
2458495.1750411 7.89 0.01
2458495.1752147 7.86 0.01
2458495.1753883 7.87 0.01
2458495.1755619 7.84 0.01
2458495.1757355 7.86 0.01
2458495.1759091 7.88 0.01
2458495.1760827 7.86 0.01
2458495.1762563 7.88 0.01
2458495.1764299 7.83 0.01
2458495.1766035 7.85 0.01
2458495.1767772 7.87 0.01
2458495.1769508 7.87 0.01
2458495.1771244 7.88 0.01
2458495.1772980 7.87 0.01
2458495.1774716 7.88 0.01
2458495.1776452 7.85 0.01
2458495.1778188 7.89 0.01
2458495.1779924 7.85 0.01
2458495.1781660 7.85 0.01
2458495.1783397 7.87 0.01
2458495.1785133 7.87 0.01
2458495.1786869 7.84 0.01
2458495.1788605 7.86 0.01
2458495.1790341 7.89 0.01
2458495.1792077 7.84 0.01
2458495.1793813 7.86 0.01
2458495.1795549 7.86 0.01
2458495.1797286 7.85 0.01
2458495.1799022 7.87 0.01
2458495.1800758 7.86 0.01
2458495.1802494 7.87 0.01
2458495.1804230 7.86 0.01
2458495.1805966 7.83 0.01
2458495.1807702 7.84 0.01
2458495.1809438 7.85 0.01
2458495.1811174 7.85 0.01
2458495.1812911 7.86 0.01
2458495.1814647 7.84 0.01
2458495.1816383 7.86 0.01
2458495.1818119 7.83 0.01
2458495.1819855 7.85 0.01
2458495.1821591 7.86 0.01
2458495.1823327 7.86 0.01
2458495.1825063 7.85 0.01
2458495.1826799 7.90 0.01
2458495.1828548 7.87 0.01
2458495.1830283 7.87 0.01
2458495.1832017 7.84 0.01
2458495.1833752 7.85 0.01
2458495.1835486 7.85 0.01
2458495.1837221 7.86 0.01
2458495.1838955 7.85 0.01
2458495.1840689 7.84 0.01
2458495.1842424 7.86 0.01
2458495.1844160 7.86 0.01
2458495.1845897 7.83 0.01
2458495.1847633 7.87 0.01
2458495.1849369 7.86 0.01
2458495.1851105 7.83 0.01
2458495.1852841 7.85 0.01
2458495.1854577 7.86 0.01
2458495.1858049 7.84 0.01
2458495.1864994 7.86 0.01
2458498.1654809 7.84 0.01
2458498.1656545 7.87 0.01
2458498.1658281 7.84 0.01
2458498.1660017 7.89 0.01
2458498.1661753 7.89 0.01
2458498.1663489 7.86 0.01
2458498.1665238 7.85 0.01
2458498.1666972 7.87 0.01
2458498.1668707 7.88 0.01
2458498.1670441 7.86 0.01
2458498.1672176 7.86 0.01
2458498.1673910 7.88 0.01
2458498.1675645 7.89 0.01
2458498.1677379 7.84 0.01
2458498.1679114 7.85 0.01
2458498.1680850 7.86 0.01
2458498.1682586 7.87 0.01
2458498.1684322 7.87 0.01
2458498.1686059 7.82 0.01
2458498.1687795 7.88 0.01
2458498.1689531 7.84 0.01
2458498.1691267 7.83 0.01
2458498.1693003 7.89 0.01
2458498.1694739 7.85 0.01
2458498.1696475 7.87 0.01
2458498.1698211 7.84 0.01
2458498.1699947 7.85 0.01
2458498.1701684 7.85 0.01
2458498.1703420 7.84 0.01
2458498.1705156 7.85 0.01
2458498.1706892 7.85 0.01
2458498.1708628 7.87 0.01
2458498.1710364 7.87 0.01
2458498.1712100 7.87 0.01
2458498.1713836 7.86 0.01
2458498.1715572 7.85 0.01
2458498.1717309 7.85 0.01
2458498.1719045 7.85 0.01
2458498.1720781 7.85 0.01
2458498.1722517 7.87 0.01
2458498.1724253 7.87 0.01
2458498.1725989 7.85 0.01
2458498.1727725 7.87 0.01
2458498.1729461 7.82 0.01
2458498.1731198 7.89 0.01
2458498.1732934 7.85 0.01
2458498.1734670 7.88 0.01
2458498.1736406 7.87 0.01
2458498.1738142 7.86 0.01
2458498.1739878 7.90 0.01
2458498.1741614 7.87 0.01
2458498.1743350 7.88 0.01
2458498.1745086 7.87 0.01
2458498.1746823 7.84 0.01
2458498.1750295 7.87 0.01
2458498.1752031 7.86 0.01
2458498.1753767 7.86 0.01
2458498.1755503 7.84 0.01
2458498.1757239 7.86 0.01
2458498.1758975 7.88 0.01
2458498.1760711 7.85 0.01
2458498.1762447 7.86 0.01
2458498.1764184 7.85 0.01
2458498.1765920 7.88 0.01
2458498.1767656 7.87 0.01
2458498.1769392 7.84 0.01
2458498.1771128 7.86 0.01
2458498.1772864 7.86 0.01
2458498.1774600 7.86 0.01
2458498.1776336 7.87 0.01
2458498.1778072 7.85 0.01
2458498.1779809 7.85 0.01
2458498.1781545 7.84 0.01
2458498.1783295 7.83 0.01
2458498.1785029 7.86 0.01
2458498.1786763 7.85 0.01
2458498.1788498 7.85 0.01
2458498.1790232 7.82 0.01
2458498.1791967 7.85 0.01
2458498.1793701 7.86 0.01
2458498.1795436 7.84 0.01
2458498.1797170 7.86 0.01
2458498.1798906 7.87 0.01
2458498.1800642 7.87 0.01
2458498.1802378 7.86 0.01
2458498.1804114 7.87 0.01
2458498.1805850 7.85 0.01
2458498.1807586 7.88 0.01
2458498.1809323 7.85 0.01
2458498.1811059 7.85 0.01
2458498.1812795 7.83 0.01
2458498.1814531 7.88 0.01
2458498.1816267 7.89 0.01
2458498.1818003 7.87 0.01
2458498.1819739 7.87 0.01
2458498.1821475 7.84 0.01
2458498.1823211 7.86 0.01
2458498.1824948 7.85 0.01
2458498.1826684 7.85 0.01
2458498.1828420 7.85 0.01
2458498.1830156 7.85 0.01
2458498.1831892 7.86 0.01
2458498.1833628 7.87 0.01
2458498.1835364 7.87 0.01
2458498.1837100 7.86 0.01
2458498.1838836 7.84 0.01
2458498.1840572 7.85 0.01
2458498.1842309 7.82 0.01
2458498.1844045 7.88 0.01
2458498.1845781 7.86 0.01
2458498.1847517 7.84 0.01
2458498.1849253 7.86 0.01
2458498.1850989 7.87 0.01
2458498.1852725 7.88 0.01
2458498.1854461 7.87 0.01
2458498.1856197 7.83 0.01
2458498.1857934 7.87 0.01
2458498.1859670 7.84 0.01
2458498.1861406 7.83 0.01
2458498.1863142 7.85 0.01
2458498.1864878 7.87 0.01
2458498.1866614 7.86 0.01
2458498.1868350 7.87 0.01
2458498.1870086 7.84 0.01
2458498.1871822 7.86 0.01
2458498.1882974 7.86 0.01
2458498.1885711 7.86 0.01
2458498.1887448 7.85 0.01
2458498.1889184 7.83 0.01
2458498.1890920 7.88 0.01
2458498.1892656 7.86 0.01
2458498.1894392 7.87 0.01
2458498.1896128 7.83 0.01
2458498.1897864 7.87 0.01
2458498.1899600 7.85 0.01
2458498.1901336 7.85 0.01
2458498.1903073 7.87 0.01
2458498.1904809 7.84 0.01
2458498.1906545 7.88 0.01
2458498.1908281 7.83 0.01
2458498.1910017 7.85 0.01
2458498.1911753 7.86 0.01
2458498.1913489 7.85 0.01
2458498.1915225 7.85 0.01
2458498.1916961 7.87 0.01
2458498.1918697 7.85 0.01
2458498.1920434 7.82 0.01
2458498.1922170 7.84 0.01
2458498.1923906 7.84 0.01
2458498.1925642 7.85 0.01
2458498.1927378 7.86 0.01
2458498.1929114 7.86 0.01
2458498.1930850 7.84 0.01
2458498.1932586 7.82 0.01
2458498.1934322 7.86 0.01
2458498.1936059 7.85 0.01
2458498.1937795 7.86 0.01
2458498.1939531 7.82 0.01
2458498.1941267 7.84 0.01
2458498.1943003 7.84 0.01
2458498.1944739 7.85 0.01
2458498.1946475 7.85 0.01
2458498.1948211 7.85 0.01
2458498.1949947 7.84 0.01
2458498.1951684 7.87 0.01
2458498.1953420 7.86 0.01
2458498.1955156 7.85 0.01
2458498.1956892 7.87 0.01
2458498.1958628 7.86 0.01
2458498.1960378 7.85 0.01
2458498.1962112 7.86 0.01
2458498.1963846 7.86 0.01
2458498.1965581 7.85 0.01
2458498.1967315 7.85 0.01
2458498.1969050 7.87 0.01
2458498.1970784 7.85 0.01
2458498.1972519 7.87 0.01
2458498.1974253 7.88 0.01
2458498.1975989 7.85 0.01
2458498.1977725 7.83 0.01
2458498.1979461 7.88 0.01
2458498.1981198 7.87 0.01
2458498.1982934 7.85 0.01
2458498.1984670 7.87 0.01
2458498.1986406 7.84 0.01
2458498.1988142 7.86 0.01
2458498.1989878 7.86 0.01
2458498.1991614 7.86 0.01
2458498.1993350 7.86 0.01
2458498.1995086 7.85 0.01
2458498.1996822 7.87 0.01
2458498.1998559 7.88 0.01
2458498.2000295 7.86 0.01
2458498.2002031 7.88 0.01
2458498.2003767 7.86 0.01
2458498.2005503 7.86 0.01
2458498.2007239 7.87 0.01
2458498.2008975 7.82 0.01
2458498.2010711 7.84 0.01
2458498.2012447 7.86 0.01
2458498.2014184 7.84 0.01
2458498.2015920 7.86 0.01
2458498.2017656 7.85 0.01
2458498.2019392 7.85 0.01
2458498.2021128 7.85 0.01
2458498.2022864 7.85 0.01
2458498.2024600 7.87 0.01
2458498.2026336 7.87 0.01
2458498.2028072 7.86 0.01
2458498.2029809 7.85 0.01
2458498.2031545 7.85 0.01
2458498.2033281 7.87 0.01
2458498.2035017 7.86 0.01
2458498.2036753 7.86 0.01
2458498.2038489 7.83 0.01
2458498.2040225 7.85 0.01
2458498.2041961 7.86 0.01
2458498.2043698 7.82 0.01
2458498.2045434 7.86 0.01
2458498.2047170 7.87 0.01
2458498.2048906 7.86 0.01
2458498.2050642 7.86 0.01
2458498.2052378 7.85 0.01
2458498.2054114 7.87 0.01
2458498.2055850 7.85 0.01
2458498.2057586 7.85 0.01
2458498.2059323 7.86 0.01
2458498.2061059 7.86 0.01
2458498.2062795 7.87 0.01
2458498.2064531 7.85 0.01
2458498.2066267 7.85 0.01
2458498.2068003 7.83 0.01
2458498.2069739 7.83 0.01
2458498.2071475 7.88 0.01
2458498.2073211 7.86 0.01
2458498.2074947 7.86 0.01
2458498.2076684 7.83 0.01
2458498.2078420 7.83 0.01
2458498.2080169 7.84 0.01
2458498.2081904 7.83 0.01
2458498.2083638 7.85 0.01
2458498.2085373 7.86 0.01
2458498.2087107 7.84 0.01
2458498.2088841 7.85 0.01
2458498.2090576 7.85 0.01
2458498.2092310 7.83 0.01
2458498.2094045 7.83 0.01
2458498.2095781 7.85 0.01
2458498.2097517 7.84 0.01
2458498.2099253 7.86 0.01
2458498.2100989 7.87 0.01
2458498.2102725 7.90 0.01
2458498.2104461 7.84 0.01
2458498.2106197 7.86 0.01
2458498.2107934 7.84 0.01
2458498.2109670 7.86 0.01
2458498.2111406 7.85 0.01
2458498.2113142 7.85 0.01
2458498.2114878 7.85 0.01
2458498.2116614 7.86 0.01
2458498.2118350 7.84 0.01
2458498.2120086 7.85 0.01
2458498.2121823 7.86 0.01
2458498.2123559 7.85 0.01
2458498.2125295 7.85 0.01
2458498.2127031 7.88 0.01
2458498.2128767 7.85 0.01
2458498.2130503 7.87 0.01
2458498.2132239 7.86 0.01
2458498.2133975 7.85 0.01
2458498.2135711 7.85 0.01
2458498.2137448 7.85 0.01
2458498.2139184 7.86 0.01
2458498.2140920 7.87 0.01
2458498.2142656 7.86 0.01
2458498.2144392 7.85 0.01
2458498.2146128 7.85 0.01
2458498.2147864 7.85 0.01
2458498.2149600 7.87 0.01
2458498.2151336 7.89 0.01
2458498.2153072 7.88 0.01
2458498.2154809 7.87 0.01
2458498.2156545 7.84 0.01
2458498.2158281 7.87 0.01
2458498.2160017 7.84 0.01
2458498.2161753 7.85 0.01
2458498.2163489 7.85 0.01
2458498.2165225 7.86 0.01
2458498.2166961 7.87 0.01
2458498.2168697 7.86 0.01
2458498.2170434 7.89 0.01
2458498.2172170 7.85 0.01
2458498.2173906 7.87 0.01
2458498.2175642 7.87 0.01
2458498.2177378 7.87 0.01
2458498.2179114 7.86 0.01
2458498.2180850 7.88 0.01
2458498.2182586 7.85 0.01
2458498.2184322 7.86 0.01
2458498.2186059 7.88 0.01
2458498.2187795 7.86 0.01
2458498.2189531 7.85 0.01
2458498.2191267 7.86 0.01
2458498.2193003 7.84 0.01
2458498.2194739 7.85 0.01
2458498.2196475 7.87 0.01
2458498.2198225 7.87 0.01
2458498.2199960 7.86 0.01
2458498.2201694 7.86 0.01
2458498.2203429 7.86 0.01
2458498.2205163 7.88 0.01
2458498.2206898 7.89 0.01
2458498.2208632 7.85 0.01
2458498.2210366 7.85 0.01
2458498.2212101 7.86 0.01
2458498.2213836 7.87 0.01
2458498.2215573 7.88 0.01
2458498.2217309 7.89 0.01
2458498.2219045 7.86 0.01
2458498.2220781 7.84 0.01
2458498.2222517 7.86 0.01
2458498.2224253 7.86 0.01
2458498.2225989 7.86 0.01
2458498.2227725 7.87 0.01
2458498.2229461 7.85 0.01
2458498.2231197 7.88 0.01
2458498.2232934 7.85 0.01
2458498.2234670 7.85 0.01
2458498.2236406 7.89 0.01
2458498.2238142 7.85 0.01
2458498.2239878 7.83 0.01
2458498.2241614 7.86 0.01
2458498.2243350 7.87 0.01
2458498.2245086 7.86 0.01
2458498.2246822 7.86 0.01
2458498.2248559 7.84 0.01
2458498.2250295 7.86 0.01
2458498.2252031 7.86 0.01
2458498.2253767 7.89 0.01
2458498.2255503 7.84 0.01
2458498.2257239 7.89 0.01
2458498.2258975 7.87 0.01
2458498.2260711 7.88 0.01
2458498.2262447 7.88 0.01
2458498.2264184 7.85 0.01
2458498.2265920 7.86 0.01
2458498.2267656 7.87 0.01
2458498.2269392 7.83 0.01
2458498.2271128 7.86 0.01
2458498.2272864 7.84 0.01
2458498.2274600 7.88 0.01
2458498.2276336 7.87 0.01
2458498.2278073 7.86 0.01
2458498.2279809 7.86 0.01
2458498.2281545 7.84 0.01
2458498.2283281 7.83 0.01
2458498.2285017 7.91 0.01
2458498.2286753 7.87 0.01
2458498.2288489 7.86 0.01
2458498.2290225 7.87 0.01
2458498.2291961 7.86 0.01
2458498.2293698 7.85 0.01
2458498.2295434 7.87 0.01
2458498.2297170 7.85 0.01
2458498.2298906 7.86 0.01
2458498.2300642 7.87 0.01
2458498.2302378 7.87 0.01
2458498.2304114 7.86 0.01
2458498.2305850 7.86 0.01
2458498.2307586 7.84 0.01
2458498.2309322 7.88 0.01
2458498.2311059 7.86 0.01
2458498.2312795 7.88 0.01
2458498.2314531 7.90 0.01
2458498.2316267 7.88 0.01
2458498.2318016 7.86 0.01
2458498.2319750 7.87 0.01
2458498.2321485 7.86 0.01
2458498.2323219 7.85 0.01
2458498.2324954 7.87 0.01
2458498.2326688 7.85 0.01
2458498.2328422 7.87 0.01
2458498.2330157 7.89 0.01
2458498.2331892 7.86 0.01
2458498.2333628 7.87 0.01
2458498.2335364 7.85 0.01
2458498.2337100 7.88 0.01
2458498.2338836 7.88 0.01
2458498.2340572 7.84 0.01
2458498.2342309 7.88 0.01
2458498.2344045 7.87 0.01
2458498.2345781 7.84 0.01
2458498.2347517 7.85 0.01
2458498.2349253 7.86 0.01
2458498.2350989 7.87 0.01
2458498.2352725 7.84 0.01
2458498.2354461 7.90 0.01
2458498.2356198 7.86 0.01
2458498.2357934 7.87 0.01
2458498.2359670 7.83 0.01
2458498.2361406 7.86 0.01
2458498.2363142 7.87 0.01
2458498.2364878 7.86 0.01
2458498.2366614 7.83 0.01
2458498.2368350 7.88 0.01
2458498.2370086 7.85 0.01
2458498.2371823 7.83 0.01
2458498.2373559 7.83 0.01
2458498.2375295 7.88 0.01
2458498.2377031 7.85 0.01
2458498.2378767 7.88 0.01
2458498.2380503 7.85 0.01
2458498.2382239 7.83 0.01
2458498.2383975 7.85 0.01
2458498.2385711 7.86 0.01
2458498.2387447 7.89 0.01
2458498.2389184 7.84 0.01
2458498.2390920 7.85 0.01
2458498.2392656 7.85 0.01
2458498.2394392 7.85 0.01
2458498.2396128 7.86 0.01
2458498.2397864 7.87 0.01
2458498.2399600 7.87 0.01
2458498.2401336 7.84 0.01
2458498.2403072 7.86 0.01
2458498.2404809 7.85 0.01
2458498.2406545 7.88 0.01
2458498.2408281 7.85 0.01
2458498.2410017 7.88 0.01
2458498.2411753 7.88 0.01
2458498.2413489 7.85 0.01
2458498.2415225 7.86 0.01
2458498.2416961 7.87 0.01
2458498.2418697 7.83 0.01
2458498.2420434 7.84 0.01
2458498.2422170 7.85 0.01
2458498.2423906 7.87 0.01
2458498.2425642 7.86 0.01
2458498.2427378 7.85 0.01
2458498.2429114 7.84 0.01
2458498.2430850 7.85 0.01
2458498.2432586 7.86 0.01
2458498.2434323 7.85 0.01
2458498.2436073 7.88 0.01
2458498.2437807 7.85 0.01
2458498.2439541 7.87 0.01
2458498.2441276 7.86 0.01
2458498.2443010 7.85 0.01
2458498.2444745 7.88 0.01
2458498.2446479 7.89 0.01
2458498.2448214 7.84 0.01
2458498.2449948 7.89 0.01
2458498.2451684 7.86 0.01
2458498.2453420 7.86 0.01
2458498.2455156 7.84 0.01
2458498.2456892 7.85 0.01
2458498.2458628 7.87 0.01
2458498.2460364 7.88 0.01
2458498.2462100 7.88 0.01
2458498.2463836 7.88 0.01
2458498.2465572 7.88 0.01
2458498.2467309 7.87 0.01
2458498.2469045 7.87 0.01
2458498.2470781 7.86 0.01
2458498.2472517 7.86 0.01
2458498.2474253 7.86 0.01
2458498.2475989 7.88 0.01
2458498.2477725 7.86 0.01
2458498.2479461 7.88 0.01
2458498.2481197 7.86 0.01
2458498.2482934 7.87 0.01
2458498.2484670 7.84 0.01
2458498.2486406 7.88 0.01
2458498.2488142 7.84 0.01
2458498.2489878 7.87 0.01
2458498.2491614 7.82 0.01
2458498.2493350 7.85 0.01
2458498.2495086 7.84 0.01
2458498.2496822 7.84 0.01
2458498.2498559 7.85 0.01
2458498.2500295 7.87 0.01
2458498.2502031 7.84 0.01
2458498.2503767 7.86 0.01
2458498.2505503 7.84 0.01
2458498.2507239 7.85 0.01
2458498.2508975 7.85 0.01
2458498.2510711 7.83 0.01
2458498.2512448 7.86 0.01
2458498.2514184 7.83 0.01
2458498.2515920 7.86 0.01
2458498.2517656 7.84 0.01
2458498.2519392 7.86 0.01
2458498.2521128 7.84 0.01
2458498.2522864 7.85 0.01
2458498.2524600 7.85 0.01
2458498.2526336 7.86 0.01
2458498.2528073 7.85 0.01
2458498.2529809 7.84 0.01
2458498.2531545 7.84 0.01
2458498.2533281 7.83 0.01
2458498.2535017 7.84 0.01
2458498.2536753 7.84 0.01
2458498.2538489 7.84 0.01
2458498.2540225 7.85 0.01
2458498.2541961 7.86 0.01
2458498.2543697 7.85 0.01
2458498.2545434 7.85 0.01
2458498.2547170 7.86 0.01
2458498.2548906 7.85 0.01
2458498.2550642 7.87 0.01
2458498.2552378 7.84 0.01
2458498.2554114 7.85 0.01
2458498.2555863 7.84 0.01
2458498.2557598 7.86 0.01
2458498.2559332 7.87 0.01
2458498.2561066 7.82 0.01
2458498.2562801 7.83 0.01
2458498.2564535 7.82 0.01
2458498.2566270 7.84 0.01
2458498.2568004 7.85 0.01
2458498.2569739 7.87 0.01
2458498.2571475 7.86 0.01
2458498.2573211 7.88 0.01
2458498.2574947 7.84 0.01
2458498.2576684 7.84 0.01
2458498.2578420 7.86 0.01
2458498.2580156 7.86 0.01
2458498.2581892 7.84 0.01
2458498.2583628 7.87 0.01
2458498.2585364 7.87 0.01
2458498.2587100 7.85 0.01
2458498.2588836 7.84 0.01
2458498.2590573 7.85 0.01
2458498.2592309 7.88 0.01
2458498.2594045 7.84 0.01
2458498.2595781 7.85 0.01
2458498.2597517 7.85 0.01
2458498.2599253 7.85 0.01
2458498.2600989 7.88 0.01
2458498.2602725 7.85 0.01
2458498.2604461 7.84 0.01
2458498.2606198 7.89 0.01
2458498.2607934 7.87 0.01
2458498.2609670 7.84 0.01
2458498.2611406 7.85 0.01
2458498.2613142 7.87 0.01
2458498.2614878 7.86 0.01
2458498.2616614 7.87 0.01
2458498.2618350 7.86 0.01
2458498.2620086 7.84 0.01
2458498.2621822 7.83 0.01
2458498.2623559 7.85 0.01
2458498.2625295 7.82 0.01
2458500.2340341 7.85 0.01
2458500.2342077 7.85 0.01
2458500.2343813 7.84 0.01
2458500.2345549 7.86 0.01
2458500.2347285 7.86 0.01
2458500.2349022 7.89 0.01
2458500.2350758 7.85 0.01
2458500.2352494 7.86 0.01
2458500.2354230 7.86 0.01
2458500.2355966 7.85 0.01
2458500.2357702 7.87 0.01
2458500.2359438 7.89 0.01
2458500.2361174 7.85 0.01
2458500.2362910 7.87 0.01
2458500.2364647 7.88 0.01
2458500.2366383 7.88 0.01
2458500.2368119 7.87 0.01
2458500.2369855 7.87 0.01
2458500.2371591 7.86 0.01
2458500.2373327 7.86 0.01
2458500.2375063 7.86 0.01
2458500.2376799 7.87 0.01
2458500.2378536 7.86 0.01
2458500.2380272 7.86 0.01
2458500.2382008 7.85 0.01
2458500.2383744 7.86 0.01
2458500.2385480 7.86 0.01
2458500.2387216 7.84 0.01
2458500.2388952 7.88 0.01
2458500.2390688 7.86 0.01
2458500.2392424 7.85 0.01
2458500.2394161 7.85 0.01
2458500.2395897 7.87 0.01
2458500.2397633 7.86 0.01
2458500.2399369 7.87 0.01
2458500.2401105 7.86 0.01
2458500.2402841 7.85 0.01
2458500.2404577 7.88 0.01
2458500.2406313 7.87 0.01
2458500.2408049 7.85 0.01
2458500.2409785 7.85 0.01
2458500.2411522 7.85 0.01
2458500.2413258 7.89 0.01
2458500.2414994 7.84 0.01
2458500.2416730 7.85 0.01
2458500.2418466 7.87 0.01
2458500.2420202 7.86 0.01
2458500.2421938 7.86 0.01
2458500.2423674 7.85 0.01
2458500.2425410 7.88 0.01
2458500.2427147 7.86 0.01
2458500.2428883 7.85 0.01
2458500.2430619 7.86 0.01
2458500.2432355 7.87 0.01
2458500.2434091 7.86 0.01
2458500.2435827 7.86 0.01
2458500.2437563 7.89 0.01
2458500.2439299 7.85 0.01
2458500.2441035 7.85 0.01
2458500.2442772 7.89 0.01
2458500.2444520 7.87 0.01
2458500.2446255 7.86 0.01
2458500.2447989 7.87 0.01
2458500.2449724 7.87 0.01
2458500.2451458 7.86 0.01
2458500.2453193 7.87 0.01
2458500.2454927 7.84 0.01
2458500.2456661 7.82 0.01
2458500.2458397 7.86 0.01
2458500.2460133 7.84 0.01
2458500.2461869 7.85 0.01
2458500.2463605 7.87 0.01
2458500.2465341 7.87 0.01
2458500.2467077 7.85 0.01
2458500.2468813 7.86 0.01
2458500.2470549 7.86 0.01
2458500.2472286 7.87 0.01
2458500.2474022 7.83 0.01
2458500.2475758 7.86 0.01
2458500.2477494 7.88 0.01
2458500.2479230 7.87 0.01
2458500.2480966 7.87 0.01
2458500.2482702 7.86 0.01
2458500.2484438 7.88 0.01
2458500.2486174 7.87 0.01
2458500.2487910 7.88 0.01
2458500.2489647 7.85 0.01
2458500.2491383 7.88 0.01
2458500.2493119 7.87 0.01
2458500.2494855 7.87 0.01
2458500.2496591 7.88 0.01
2458500.2498327 7.88 0.01
2458500.2500063 7.87 0.01
2458500.2501799 7.87 0.01
2458500.2503535 7.88 0.01
2458500.2505272 7.88 0.01
2458500.2507008 7.86 0.01
2458500.2508744 7.88 0.01
2458500.2510480 7.85 0.01
2458500.2512216 7.87 0.01
2458500.2513952 7.86 0.01
2458500.2515688 7.86 0.01
2458500.2517424 7.85 0.01
2458500.2519160 7.85 0.01
2458500.2520897 7.86 0.01
2458500.2522633 7.86 0.01
2458500.2524369 7.89 0.01
2458500.2526105 7.89 0.01
2458500.2527841 7.88 0.01
2458500.2529577 7.86 0.01
2458500.2531313 7.85 0.01
2458500.2533049 7.88 0.01
2458500.2534786 7.86 0.01
2458500.2536522 7.87 0.01
2458500.2538258 7.86 0.01
2458500.2539994 7.87 0.01
2458500.2541730 7.88 0.01
2458500.2543466 7.87 0.01
2458500.2545202 7.88 0.01
2458500.2546938 7.86 0.01
2458500.2548674 7.87 0.01
2458500.2550411 7.89 0.01
2458500.2552147 7.85 0.01
2458500.2553883 7.87 0.01
2458500.2555619 7.86 0.01
2458500.2557355 7.85 0.01
2458500.2559091 7.85 0.01
2458500.2560827 7.86 0.01
2458500.2562563 7.87 0.01
2458500.2564312 7.87 0.01
2458500.2566046 7.88 0.01
2458500.2567781 7.88 0.01
2458500.2569515 7.89 0.01
2458500.2571250 7.87 0.01
2458500.2572984 7.88 0.01
2458500.2574719 7.88 0.01
2458500.2576453 7.86 0.01
2458500.2578188 7.86 0.01
2458500.2579924 7.87 0.01
2458500.2581660 7.87 0.01
2458500.2583397 7.87 0.01
2458500.2585133 7.85 0.01
2458500.2586869 7.86 0.01
2458500.2588605 7.85 0.01
2458500.2590341 7.85 0.01
2458500.2592077 7.86 0.01
2458500.2593813 7.87 0.01
2458500.2595549 7.83 0.01
2458500.2597285 7.86 0.01
2458500.2599022 7.87 0.01
2458500.2600758 7.86 0.01
2458500.2602494 7.85 0.01
2458500.2604230 7.85 0.01
2458500.2605966 7.86 0.01
2458500.2607702 7.87 0.01
2458500.2609438 7.85 0.01
2458500.2611174 7.86 0.01
2458500.2612911 7.84 0.01
2458500.2614647 7.85 0.01
2458500.2616383 7.86 0.01
2458500.2618119 7.87 0.01
2458500.2619855 7.86 0.01
2458500.2621591 7.85 0.01
2458500.2623327 7.85 0.01
2458500.2625063 7.85 0.01
2458500.2626799 7.86 0.01
2458500.2628535 7.85 0.01
2458500.2630272 7.85 0.01
2458500.2632008 7.85 0.01
2458500.2633744 7.84 0.01
2458500.2635480 7.83 0.01
2458500.2637216 7.88 0.01
2458500.2638952 7.86 0.01
2458500.2640688 7.86 0.01
2458500.2642424 7.83 0.01
2458500.2644160 7.84 0.01
2458500.2645897 7.85 0.01
2458500.2647633 7.86 0.01
2458500.2649369 7.87 0.01
2458500.2651105 7.83 0.01
2458500.2654577 7.86 0.01
2458500.2656313 7.89 0.01
2458500.2658049 7.89 0.01
2458500.2659785 7.87 0.01
2458500.2661522 7.88 0.01
2458500.2663258 7.87 0.01
2458500.2664994 7.86 0.01
2458500.2666730 7.86 0.01
2458500.2668466 7.88 0.01
2458500.2670202 7.89 0.01
2458500.2671938 7.87 0.01
2458500.2673674 7.85 0.01
2458500.2675410 7.87 0.01
2458500.2677147 7.86 0.01
2458500.2678883 7.86 0.01
2458500.2680619 7.86 0.01
2458500.2682355 7.87 0.01
2458500.2684104 7.86 0.01
2458500.2685839 7.87 0.01
2458500.2687573 7.86 0.01
2458500.2689307 7.88 0.01
2458500.2691042 7.86 0.01
2458500.2692776 7.87 0.01
2458500.2694511 7.86 0.01
2458500.2696245 7.87 0.01
2458500.2697980 7.87 0.01
2458500.2699716 7.86 0.01
2458500.2701452 7.86 0.01
2458500.2703188 7.84 0.01
2458500.2704924 7.87 0.01
2458500.2706661 7.86 0.01
2458500.2708397 7.86 0.01
2458500.2710133 7.87 0.01
2458500.2711869 7.85 0.01
2458500.2713605 7.88 0.01
2458500.2715341 7.88 0.01
2458500.2717077 7.85 0.01
2458500.2718813 7.86 0.01
2458500.2720549 7.87 0.01
2458500.2722285 7.84 0.01
2458500.2724022 7.87 0.01
2458500.2725758 7.86 0.01
2458500.2727494 7.87 0.01
2458500.2729230 7.87 0.01
2458500.2730966 7.84 0.01
2458500.2732702 7.88 0.01
2458500.2734438 7.88 0.01
2458500.2736174 7.85 0.01
2458500.2737910 7.87 0.01
2458500.2739647 7.88 0.01
2458500.2741383 7.87 0.01
2458500.2743119 7.87 0.01
2458500.2744855 7.85 0.01
2458500.2746591 7.86 0.01
2458500.2748327 7.87 0.01
2458500.2750063 7.85 0.01
2458500.2751799 7.87 0.01
2458500.2753535 7.88 0.01
2458500.2755272 7.83 0.01
2458500.2757008 7.86 0.01
2458500.2758744 7.84 0.01
2458500.2760480 7.85 0.01
2458500.2762216 7.86 0.01
2458500.2763952 7.87 0.01
2458500.2765688 7.86 0.01
2458500.2767424 7.85 0.01
2458500.2769161 7.85 0.01
2458500.2770897 7.85 0.01
2458500.2772633 7.87 0.01
2458500.2774369 7.84 0.01
2458500.2776105 7.85 0.01
2458500.2777841 7.86 0.01
2458500.2779577 7.85 0.01
2458500.2781313 7.85 0.01
2458500.2783049 7.85 0.01
2458500.2784786 7.88 0.01
2458500.2786522 7.88 0.01
2458500.2789994 7.85 0.01
2458500.2791730 7.88 0.01