2458467.3675459 11.02 0.15
2458467.3682403 11.01 0.15
2458467.3684139 11.02 0.15
2458467.3687611 11.02 0.15
2458467.3689347 10.95 0.14
2458467.3696292 11.01 0.15
2458467.3704972 11.01 0.15
2458467.3708445 11.00 0.15
2458467.3715389 11.12 0.16
2458467.3724070 10.97 0.14
2458467.3732750 10.97 0.14
2458467.3739695 11.09 0.16
2458467.3744903 11.11 0.16
2458467.3751848 10.86 0.13
2458467.3753584 11.06 0.15
2458467.3788306 11.02 0.15
2458467.3791778 11.11 0.16
2458467.3793514 10.94 0.14
2458467.3816084 10.93 0.14
2458467.3833445 11.00 0.15
2458467.3840389 11.03 0.15
2458467.3868167 11.05 0.16
2458467.3871639 11.04 0.15
2458467.3873389 11.02 0.15
2458467.3875123 10.88 0.13
2458467.3901153 11.03 0.15
2458467.3904625 11.04 0.15
2458467.3908098 10.98 0.15
2458467.3913306 11.08 0.16
2458467.3927195 10.96 0.15
2458467.3937611 11.07 0.16
2458467.3956709 10.93 0.14
2458467.3958445 10.99 0.15
2458467.3972334 11.10 0.16
2458467.3974070 10.95 0.14
2458467.3979278 11.00 0.15
2458467.3987959 10.88 0.13
2458467.4000118 10.82 0.13
2458467.4019209 10.92 0.14
2458467.4024417 10.96 0.14
2458467.4048723 10.95 0.15
2458467.4050459 10.95 0.14
2458467.4052195 10.98 0.15
2458467.4053931 10.87 0.14
2458467.4055667 10.87 0.13
2458467.4086917 11.08 0.16
2458467.4104278 11.03 0.16
2458467.4107750 10.90 0.14
2458467.4112971 10.83 0.13
2458467.4132056 11.04 0.16
2458467.4140736 10.97 0.15
2458467.4166778 10.97 0.15
2458467.4173722 11.05 0.16
2458467.4175459 10.85 0.14
2458467.4194556 11.08 0.17
2458467.4198028 10.93 0.15
2458467.4204973 10.85 0.14
2458469.3667865 11.17 0.13
2458469.3673607 11.04 0.11
2458469.3675343 11.01 0.11
2458469.3677079 11.23 0.13
2458469.3678815 11.07 0.12
2458469.3680551 11.24 0.14
2458469.3682287 11.26 0.14
2458469.3684023 10.91 0.10
2458469.3685760 11.35 0.15
2458469.3687496 10.95 0.10
2458469.3690968 11.15 0.13
2458469.3692704 11.13 0.12
2458469.3694440 11.10 0.12
2458469.3696176 10.96 0.10
2458469.3697912 11.10 0.12
2458469.3699648 11.12 0.12
2458469.3701384 11.18 0.13
2458469.3703121 11.25 0.14
2458469.3704857 11.24 0.14
2458469.3706593 11.27 0.14
2458469.3708329 11.04 0.11
2458469.3710065 11.22 0.13
2458469.3711801 11.19 0.13
2458469.3713537 11.29 0.14
2458469.3715273 11.04 0.11
2458469.3717009 10.96 0.10
2458469.3718746 11.25 0.14
2458469.3720482 11.19 0.13
2458469.3722218 11.14 0.12
2458469.3723954 11.11 0.12
2458469.3725690 10.97 0.11
2458469.3727426 11.17 0.13
2458469.3729162 11.08 0.12
2458469.3730898 11.27 0.14
2458469.3732635 11.18 0.13
2458469.3734371 11.07 0.12
2458469.3736107 11.24 0.14
2458469.3737843 11.37 0.15
2458469.3739579 11.22 0.14
2458469.3741315 11.09 0.12
2458469.3743051 11.20 0.13
2458469.3744787 11.12 0.12
2458469.3746524 11.14 0.12
2458469.3748260 11.25 0.14
2458469.3751732 11.05 0.12
2458469.3753468 11.38 0.15
2458469.3755204 11.20 0.13
2458469.3756940 11.00 0.11
2458469.3758676 11.06 0.12
2458469.3760425 11.19 0.13
2458469.3762159 11.20 0.13
2458469.3763894 11.12 0.12
2458469.3765628 11.34 0.15
2458469.3767363 11.27 0.14
2458469.3769097 11.20 0.13
2458469.3770832 11.16 0.13
2458469.3772566 11.14 0.12
2458469.3774301 11.01 0.11
2458469.3776037 11.30 0.14
2458469.3777773 11.06 0.11
2458469.3779510 11.01 0.11
2458469.3781246 11.10 0.12
2458469.3782982 11.22 0.13
2458469.3784718 11.09 0.12
2458469.3786454 11.22 0.13
2458488.3045899 10.91 0.13
2458488.3051107 10.82 0.12
2458488.3052844 10.87 0.12
2458488.3054579 10.83 0.12
2458488.3056316 10.97 0.13
2458488.3058052 10.90 0.12
2458488.3059788 11.09 0.15
2458488.3066732 10.90 0.13
2458488.3073677 10.89 0.12
2458488.3075413 11.06 0.15
2458488.3077149 10.87 0.12
2458488.3085830 10.95 0.13
2458488.3091038 11.11 0.15
2458488.3096257 10.97 0.13
2458488.3097991 10.91 0.13
2458488.3104929 10.90 0.13
2458488.3110135 10.97 0.14
2458488.3111871 10.87 0.12
2458488.3113607 11.15 0.16
2458488.3117080 11.02 0.14
2458488.3118816 11.05 0.15
2458488.3120552 11.04 0.14
2458488.3129232 10.85 0.12
2458488.3137913 11.04 0.15
2458488.3139649 10.89 0.13
2458488.3144857 11.07 0.15
2458488.3146593 10.91 0.13
2458488.3150066 11.10 0.15
2458488.3153538 10.97 0.14
2458488.3157010 11.01 0.15
2458488.3158746 11.06 0.15
2458488.3163955 11.12 0.16
2458488.3165691 10.95 0.13
2458488.3169163 11.12 0.16
2458488.3170899 10.96 0.14
2458488.3172635 10.95 0.14
2458488.3176107 11.11 0.16
2458488.3179580 11.03 0.15
2458488.3181316 10.99 0.14
2458488.3184788 11.10 0.16
2458488.3186524 10.97 0.14
2458488.3191732 10.89 0.13
2458488.3200413 10.99 0.14
2458488.3203885 11.03 0.15
2458488.3205621 10.95 0.14
2458488.3209094 11.03 0.15
2458488.3219517 11.00 0.14
2458488.3221252 10.99 0.14
2458488.3222986 10.88 0.13
2458488.3224720 10.99 0.14
2458488.3228191 10.97 0.14
2458488.3233399 11.03 0.15
2458488.3236871 10.79 0.12
2458488.3238607 11.01 0.15
2458488.3250760 11.00 0.15
2458488.3261177 11.08 0.15
2458488.3266385 11.02 0.15
2458488.3268121 10.96 0.14
2458488.3280274 10.82 0.13
2458488.3285482 10.98 0.14
2458488.3292427 11.10 0.16
2458488.3311524 10.93 0.14
2458488.3314996 11.03 0.15
2458488.3323677 10.84 0.13
2458488.3325413 11.04 0.15
2458488.3330621 10.96 0.14
2458488.3332370 10.94 0.14
2458488.3342777 10.86 0.13
2458488.3344511 11.06 0.15
2458488.3346246 11.13 0.17
2458488.3351455 10.75 0.12
2458488.3353191 10.97 0.14
2458488.3361871 10.89 0.13
2458488.3384441 11.13 0.17
2458488.3400066 10.96 0.14
2458488.3401802 11.06 0.16
2458488.3403538 11.01 0.15
2458488.3407010 11.15 0.17
2458488.3412219 10.97 0.14
2458488.3431316 11.05 0.16
2458488.3436524 10.97 0.15
2458488.3441732 10.85 0.13
2458488.3445205 10.94 0.14
2458488.3459100 11.07 0.16
2458488.3462569 11.02 0.15
2458488.3467774 10.76 0.12
2458488.3471246 10.91 0.14
2458488.3474718 11.00 0.15
2458488.3476455 11.03 0.15
2458488.3481663 10.96 0.14
2458488.3495552 10.86 0.13
2458488.3500760 11.01 0.15
2458488.3504232 10.87 0.13
2458488.3507705 11.13 0.17
2458488.3512913 11.02 0.15
2458488.3519857 11.06 0.16
2458488.3521594 10.95 0.14
2458488.3525066 11.07 0.16
2458488.3526802 11.14 0.17
2458488.3532010 11.03 0.15
2458488.3533746 10.88 0.13
2458488.3537218 10.96 0.14
2458488.3538955 11.03 0.15
2458488.3540691 10.88 0.13
2458488.3547635 11.06 0.16
2458488.3552843 11.12 0.17
2458488.3556316 11.09 0.16
2458488.3558052 10.91 0.14
2458488.3559788 10.96 0.14
2458488.3564996 10.96 0.14
2458488.3568469 10.96 0.14
2458488.3571953 11.10 0.16
2458488.3577156 11.03 0.15
2458488.3584094 11.09 0.16
2458488.3589302 10.85 0.13
2458488.3594510 11.02 0.15
2458488.3597982 11.09 0.16
2458488.3622288 11.03 0.15
2458488.3624024 11.12 0.17
2458488.3625760 10.98 0.14
2458488.3630968 10.99 0.15
2458488.3639649 11.08 0.16
2458488.3643121 10.98 0.15
2458488.3644857 11.02 0.15
2458488.3646594 10.99 0.15
2458488.3648330 10.93 0.14
2458488.3653538 10.95 0.14
2458488.3655274 10.99 0.15
2458488.3663955 10.92 0.14
2458488.3670899 10.97 0.15
2458488.3672635 10.98 0.15
2458488.3676107 10.91 0.14
2458488.3683052 10.90 0.14
2458488.3686524 11.06 0.16
2458488.3688260 11.07 0.16
2458488.3690010 11.03 0.15
2458488.3705621 10.92 0.14
2458488.3710830 10.96 0.15
2458488.3714302 11.04 0.16
2458488.3716038 10.95 0.14
2458488.3731663 11.03 0.16
2458488.3738607 11.07 0.16
2458493.2523211 11.06 0.14
2458493.2524947 11.18 0.16
2458493.2526684 11.12 0.15
2458493.2530156 10.99 0.14
2458493.2537100 11.07 0.14
2458493.2540586 11.10 0.15
2458493.2542320 10.96 0.13
2458493.2544055 10.99 0.13
2458493.2550993 11.11 0.15
2458493.2552727 11.19 0.16
2458493.2557934 11.21 0.16
2458493.2559670 11.15 0.15
2458493.2561406 11.05 0.14
2458493.2563142 10.95 0.13
2458493.2564878 11.11 0.15
2458493.2566614 10.99 0.13
2458493.2570086 11.03 0.14
2458493.2575295 11.26 0.17
2458493.2577031 11.03 0.14
2458493.2583975 11.11 0.15
2458493.2594392 11.07 0.14
2458493.2620434 11.03 0.14
2458493.2622170 11.19 0.16
2458493.2623906 11.06 0.14
2458493.2632586 11.16 0.15
2458493.2634323 11.27 0.17
2458493.2636059 11.10 0.15
2458493.2641267 11.17 0.15
2458493.2644739 11.19 0.16
2458493.2646475 11.10 0.15
2458493.2648211 11.15 0.15
2458493.2655156 10.90 0.12
2458493.2656892 11.04 0.14
2458493.2658628 10.92 0.12
2458493.2660378 10.99 0.13
2458493.2667316 11.07 0.14
2458493.2674253 10.99 0.13
2458493.2675989 11.06 0.14
2458493.2686406 11.07 0.14
2458493.2688142 10.85 0.12
2458493.2689878 11.02 0.13
2458493.2691614 11.18 0.15
2458493.2695086 11.05 0.14
2458493.2702031 11.00 0.13
2458493.2705503 11.01 0.13
2458493.2708975 11.10 0.14
2458493.2712448 11.01 0.13
2458493.2715920 11.04 0.14
2458493.2729809 11.06 0.14
2458493.2731545 11.01 0.13
2458493.2736753 11.08 0.14
2458493.2740225 11.15 0.15
2458493.2743697 11.12 0.15
2458493.2745434 11.23 0.16
2458493.2748906 11.08 0.14
2458493.2755850 11.08 0.14
2458493.2759322 11.17 0.15
2458493.2761059 11.16 0.15
2458493.2762795 10.95 0.13
2458493.2768003 11.14 0.15
2458493.2778420 11.16 0.15
2458493.2783638 10.97 0.13
2458493.2792310 10.94 0.12
2458493.2795781 11.17 0.15
2458493.2797517 11.17 0.15
2458493.2799253 11.22 0.16
2458493.2802725 11.11 0.15
2458493.2804461 11.18 0.16
2458493.2806198 10.90 0.12
2458493.2818350 11.07 0.14
2458493.2825295 11.13 0.15
2458493.2827031 11.04 0.14
2458493.2828767 10.84 0.11
2458493.2830503 11.11 0.15
2458493.2832239 11.01 0.13
2458493.2837447 11.11 0.15
2458493.2840920 10.93 0.13
2458493.2846128 11.10 0.14
2458493.2849600 11.19 0.16
2458493.2851336 11.11 0.15
2458493.2853072 10.98 0.13
2458493.2858281 10.99 0.13
2458493.2865225 11.04 0.14
2458493.2866961 11.09 0.14
2458493.2870434 11.20 0.16
2458493.2879114 11.10 0.15
2458493.2882586 11.17 0.16
2458493.2891267 11.10 0.15
2458493.2896475 11.14 0.15
2458493.2901695 11.11 0.15
2458493.2903429 11.06 0.14
2458493.2905164 10.94 0.12
2458493.2906898 11.05 0.14
2458493.2917309 10.96 0.13
2458493.2922517 11.16 0.15
2458493.2925989 11.25 0.17
2458493.2929461 11.06 0.14
2458493.2931197 11.14 0.15
2458493.2932934 10.98 0.13
2458493.2934670 11.12 0.15
2458493.2936406 11.12 0.15
2458493.2938142 11.12 0.15
2458493.2939878 11.16 0.15
2458493.2941614 11.03 0.14
2458493.2943350 11.10 0.15
2458493.2946823 11.21 0.16
2458493.2952031 11.02 0.14
2458493.2957239 11.14 0.15
2458493.2958975 11.17 0.15
2458493.2969392 11.16 0.15
2458493.2972864 11.08 0.14
2458493.2974600 11.06 0.14
2458493.2976336 11.14 0.15
2458493.2978072 11.27 0.17
2458493.2979809 10.97 0.13
2458493.2983281 11.03 0.14
2458493.2985017 11.11 0.15
2458493.2988489 11.08 0.14
2458493.2990225 11.16 0.15
2458493.2993697 11.13 0.15
2458493.2998906 11.00 0.13
2458493.3018931 11.04 0.14
2458493.3021591 10.94 0.13
2458493.3023327 11.11 0.15
2458493.3037216 11.05 0.14
2458493.3040688 10.99 0.13
2458493.3045897 11.07 0.14
2458493.3047633 11.01 0.13
2458493.3052841 11.06 0.14
2458493.3061522 11.11 0.15
2458493.3068466 11.22 0.16
2458493.3070202 11.06 0.14
2458493.3073674 11.19 0.16
2458493.3078883 11.00 0.13
2458493.3084091 11.07 0.14
2458493.3087563 11.10 0.14
2458493.3092772 11.02 0.13
2458493.3094508 11.24 0.16
2458493.3101452 11.08 0.14
2458493.3103188 11.02 0.13
2458493.3108397 11.24 0.16
2458493.3110133 11.12 0.15
2458493.3113605 11.09 0.14
2458493.3115341 11.16 0.15
2458493.3118813 11.11 0.14
2458493.3125767 11.16 0.15
2458493.3127502 11.03 0.13
2458493.3129236 11.14 0.15
2458493.3130971 11.28 0.17
2458493.3136174 11.04 0.13
2458493.3139647 11.18 0.15
2458493.3141383 11.25 0.16
2458493.3144855 11.00 0.13
2458493.3155272 11.16 0.15
2458493.3158744 11.17 0.15
2458493.3163952 11.16 0.15
2458493.3165688 11.15 0.15
2458493.3167424 11.21 0.16
2458493.3169161 11.23 0.16
2458493.3170897 11.10 0.14
2458493.3172633 10.97 0.13
2458493.3179577 11.17 0.15
2458493.3181313 10.90 0.12
2458493.3193466 11.07 0.14
2458493.3195202 11.26 0.16
2458493.3196938 11.03 0.13
2458493.3200411 11.23 0.16
2458493.3203883 11.07 0.14
2458493.3207355 11.05 0.13
2458493.3209091 11.16 0.15
2458493.3214299 11.13 0.15
2458493.3216035 11.14 0.15
2458493.3221244 11.21 0.16
2458493.3228188 11.02 0.13
2458493.3235133 11.19 0.15
2458493.3236869 10.99 0.13
2458493.3245559 11.05 0.14
2458493.3249028 11.14 0.15
2458493.3250762 11.09 0.14
2458493.3252497 11.14 0.15
2458493.3257702 11.06 0.14
2458493.3259438 11.10 0.14
2458493.3264647 11.24 0.16
2458493.3273327 11.20 0.15
2458493.3276799 11.17 0.15
2458493.3280272 11.08 0.14
2458493.3283744 11.09 0.14
2458493.3287216 11.13 0.14
2458493.3290688 11.13 0.14
2458493.3299369 11.18 0.15
2458493.3301105 11.14 0.15
2458493.3304577 11.00 0.13
2458493.3308049 10.95 0.12
2458493.3309785 11.09 0.14
2458493.3311522 11.19 0.15
2458493.3313258 11.06 0.14
2458493.3314994 11.09 0.14
2458493.3318466 11.10 0.14
2458493.3320202 11.02 0.13
2458493.3321938 11.04 0.13
2458493.3325411 11.06 0.14
2458493.3330619 11.08 0.14
2458493.3332355 11.07 0.14
2458493.3341036 11.12 0.14
2458493.3344508 11.12 0.15
2458493.3346244 11.08 0.14
2458493.3347980 11.10 0.14
2458493.3351452 11.11 0.14
2458493.3356661 11.13 0.15
2458493.3358397 11.21 0.16
2458493.3360133 11.10 0.14
2458493.3361882 11.12 0.14
2458493.3363616 11.20 0.15
2458493.3372288 11.15 0.15
2458493.3377494 11.11 0.14
2458493.3379230 11.16 0.15
2458493.3380966 11.17 0.15
2458493.3384438 10.99 0.13
2458493.3386174 11.12 0.15
2458493.3387910 11.09 0.14
2458493.3389647 11.11 0.14
2458493.3391383 11.20 0.16
2458493.3393119 11.08 0.14
2458493.3396591 11.08 0.14
2458493.3398327 11.17 0.15
2458493.3400063 11.12 0.15
2458493.3405272 11.01 0.13
2458493.3407008 11.13 0.15
2458493.3408744 11.13 0.15
2458493.3410480 11.14 0.15
2458493.3412216 11.12 0.15
2458493.3419161 11.12 0.15
2458493.3424369 11.12 0.15
2458493.3431313 10.82 0.11
2458493.3433049 10.96 0.13
2458493.3438258 11.07 0.14
2458493.3439994 11.16 0.15
2458493.3446938 11.08 0.14
2458493.3448674 11.13 0.15
2458493.3450410 11.09 0.14
2458493.3453883 11.04 0.14
2458493.3455619 10.92 0.12
2458493.3459091 11.19 0.16
2458493.3462563 11.02 0.13
2458493.3466035 11.10 0.14
2458493.3469508 11.04 0.14
2458493.3485142 11.04 0.14
2458493.3493814 11.14 0.15
2458493.3495549 10.96 0.13
2458493.3499022 10.89 0.12
2458493.3500758 10.89 0.12
2458493.3502494 11.22 0.16
2458493.3509438 11.06 0.14
2458493.3512911 11.14 0.15
2458493.3518119 11.04 0.14
2458493.3525063 11.18 0.15
2458493.3532008 11.17 0.15
2458493.3535480 11.09 0.14
2458493.3540688 11.18 0.15
2458493.3544160 11.10 0.14
2458493.3547633 11.20 0.15
2458493.3554577 11.08 0.14
2458493.3556313 11.10 0.14
2458493.3559786 11.18 0.15
2458493.3566730 11.01 0.13
2458493.3570202 10.95 0.12
2458493.3573674 11.07 0.14
2458493.3580619 11.13 0.15
2458493.3584091 11.22 0.16
2458493.3585827 11.21 0.16
2458493.3589299 11.08 0.14
2458493.3591036 11.12 0.15
2458493.3594508 10.95 0.12
2458493.3596244 11.18 0.15
2458493.3597980 11.11 0.14
2458493.3599716 11.21 0.16
2458493.3601465 11.05 0.14
2458493.3603199 11.09 0.14
2458493.3604934 11.16 0.15
2458493.3606668 11.00 0.13
2458493.3608403 11.08 0.14
2458493.3610137 11.22 0.16
2458493.3615341 11.00 0.13
2458493.3617077 11.12 0.15
2458493.3620549 11.02 0.13
2458493.3624022 11.18 0.15
2458493.3627494 11.06 0.14
2458493.3630966 10.99 0.13
2458493.3632702 11.15 0.15
2458493.3634438 10.98 0.13
2458493.3639647 11.32 0.17
2458493.3641383 10.97 0.13
2458493.3644855 11.03 0.13
2458493.3646591 11.23 0.16
2458493.3648327 11.24 0.16
2458493.3650063 11.07 0.14
2458493.3665688 10.99 0.13
2458493.3669161 10.96 0.13
2458493.3672633 11.09 0.14
2458493.3679577 11.01 0.13
2458493.3681313 11.08 0.14
2458493.3683049 11.08 0.14
2458493.3684785 11.16 0.15
2458493.3693466 10.98 0.13
2458493.3695202 10.96 0.13
2458493.3696938 11.00 0.13
2458493.3698674 10.99 0.13
2458493.3700410 11.15 0.15
2458493.3703883 10.93 0.12
2458493.3707355 11.29 0.17
2458493.3709091 10.98 0.13
2458493.3719508 11.08 0.14
2458493.3721257 10.90 0.12
2458493.3728194 11.03 0.14
2458493.3743813 11.18 0.16
2458493.3745549 10.92 0.12
2458493.3750758 11.15 0.15
2458493.3752494 10.95 0.13
2458493.3762910 11.03 0.14
2458493.3768119 10.92 0.12
2458493.3769855 11.01 0.13
2458493.3771591 11.05 0.14
2458493.3773327 11.01 0.14
2458493.3775063 11.08 0.14
2458493.3783744 11.14 0.15
2458493.3785480 11.05 0.14
2458493.3787216 11.06 0.14
2458493.3790688 11.15 0.15
2458493.3794161 11.04 0.14
2458493.3797633 10.76 0.11
2458493.3808049 11.04 0.14
2458493.3811522 10.95 0.13
2458493.3818466 11.04 0.14
2458493.3821938 10.81 0.11
2458493.3834091 10.92 0.13
2458493.3837563 10.98 0.13
2458493.3844517 11.01 0.14
2458493.3846251 10.94 0.13
2458493.3847985 10.97 0.13
2458493.3854924 11.16 0.16
2458493.3856660 11.17 0.16
2458493.3858397 10.99 0.13
2458493.3863605 11.05 0.14
2458493.3867077 11.15 0.15
2458493.3868813 11.09 0.15
2458493.3872286 11.23 0.17
2458493.3874022 11.14 0.15
2458493.3875758 11.17 0.16
2458493.3879230 11.12 0.15
2458493.3880966 10.90 0.12
2458493.3893119 10.99 0.14
2458493.3894855 11.07 0.15
2458493.3898327 10.93 0.13
2458493.3900063 11.06 0.14
2458493.3901799 11.02 0.14
2458493.3903536 11.15 0.16
2458493.3907008 11.20 0.16
2458493.3910480 11.10 0.15
2458493.3917424 11.06 0.15
2458493.3922633 10.93 0.13
2458493.3926105 10.99 0.14
2458493.3927841 10.95 0.13
2458493.3933049 11.05 0.14
2458493.3938258 10.94 0.13
2458493.3941730 11.13 0.16
2458493.3955619 11.03 0.14
2458493.3960839 11.10 0.15
2458493.3962574 11.09 0.15
2458493.3969511 10.92 0.13
2458493.3974716 11.04 0.14
2458493.3976452 11.11 0.15
2458493.3981661 10.92 0.13
2458493.3983397 11.05 0.15
2458493.3986869 11.13 0.16
2458493.3995549 11.06 0.15
2458493.4002494 11.10 0.15
2458493.4012910 10.75 0.11
2458493.4021591 11.10 0.15
2458493.4023327 11.10 0.15
2458493.4025063 11.10 0.15
2458493.4030272 11.09 0.15
2458493.4033744 10.96 0.14
2458493.4038952 11.18 0.17
2458493.4042424 11.00 0.14
2458493.4044161 11.12 0.16
2458493.4045897 11.13 0.16
2458493.4068466 11.14 0.16
2458493.4070202 10.98 0.14
2458493.4077147 11.01 0.14
2458493.4078896 10.94 0.14
2458493.4092772 10.79 0.12
2458493.4094508 10.95 0.14
2458493.4096244 11.17 0.17
2458493.4103188 11.12 0.16
2458493.4115341 11.07 0.15
2458493.4120549 11.07 0.15
2458493.4129230 11.05 0.15
2458493.4137911 10.90 0.13
2458495.1856313 10.82 0.17
2458495.1965688 10.83 0.16
2458495.2059438 10.68 0.14
2458495.2128883 10.72 0.15
2458495.2340688 10.95 0.17
2458495.2352841 10.99 0.18
2458495.2358049 10.86 0.16
2458495.2375411 10.68 0.13
2458495.2415341 10.90 0.16
2458495.2437914 10.90 0.16
2458495.2522980 10.94 0.16
2458495.2564647 10.88 0.15
2458495.2601105 10.81 0.14
2458495.2748674 10.91 0.16
2458495.2807702 10.86 0.15
2458495.2814647 11.00 0.17
2458495.2894508 10.86 0.15
2458495.2962216 10.92 0.15
2458495.2988258 11.00 0.16
2458495.3019508 11.01 0.17
2458495.3031671 10.95 0.16
2458495.3036875 10.92 0.15
2458495.3038609 10.86 0.15
2458495.3069855 10.92 0.16
2458495.3146244 10.92 0.16
2458498.1684322 10.93 0.16
2458498.1686059 11.00 0.16
2458498.1691267 11.02 0.17
2458498.1712100 10.84 0.14
2458498.1717309 10.92 0.15
2458498.1720781 10.97 0.16
2458498.1725989 10.95 0.15
2458498.1732934 11.00 0.16
2458498.1736406 10.96 0.15
2458498.1758975 10.95 0.15
2458498.1764184 10.90 0.14
2458498.1767656 10.89 0.14
2458498.1781545 10.91 0.14
2458498.1786763 10.82 0.13
2458498.1791967 11.13 0.18
2458498.1812795 10.95 0.14
2458498.1814531 10.87 0.13
2458498.1816267 11.09 0.16
2458498.1821475 10.90 0.14
2458498.1824948 11.11 0.17
2458498.1828420 10.85 0.13
2458498.1830156 11.08 0.16
2458498.1831892 11.03 0.16
2458498.1833628 11.14 0.17
2458498.1835364 10.96 0.15
2458498.1837100 11.02 0.16
2458498.1838836 11.09 0.17
2458498.1840572 10.91 0.14
2458498.1842309 11.00 0.15
2458498.1845781 11.05 0.16
2458498.1856197 10.94 0.14
2458498.1882974 10.99 0.15
2458498.1892656 11.02 0.15
2458498.1899600 10.97 0.15
2458498.1908281 11.04 0.16
2458498.1925642 11.03 0.15
2458498.1936059 10.86 0.13
2458498.1941267 10.94 0.14
2458498.1944739 11.02 0.15
2458498.1948211 11.11 0.16
2458498.1949947 10.97 0.14
2458498.1953420 11.08 0.16
2458498.1958628 11.09 0.16
2458498.1969050 11.07 0.15
2458498.1974253 11.03 0.15
2458498.1977725 11.08 0.15
2458498.1986406 10.90 0.13
2458498.1989878 11.02 0.14
2458498.1993350 11.14 0.16
2458498.2002031 10.99 0.14
2458498.2003767 11.10 0.15
2458498.2007239 11.07 0.15
2458498.2012447 11.12 0.16
2458498.2015920 10.98 0.14
2458498.2019392 11.03 0.15
2458498.2021128 10.92 0.13
2458498.2022864 11.19 0.17
2458498.2036753 11.08 0.15
2458498.2040225 11.07 0.15
2458498.2043698 11.06 0.15
2458498.2047170 11.07 0.15
2458498.2052378 10.98 0.14
2458498.2057586 11.09 0.15
2458498.2059323 11.12 0.15
2458498.2061059 11.04 0.14
2458498.2068003 10.95 0.13
2458498.2069739 10.90 0.13
2458498.2071475 11.06 0.15
2458498.2073211 10.97 0.13
2458498.2074947 11.09 0.15
2458498.2076684 11.12 0.15
2458498.2080169 11.05 0.14
2458498.2081904 11.14 0.16
2458498.2083638 11.08 0.15
2458498.2088841 11.16 0.16
2458498.2092310 11.05 0.14
2458498.2095781 10.98 0.14
2458498.2099253 11.03 0.14
2458498.2104461 11.09 0.15
2458498.2118350 11.15 0.16
2458498.2121823 11.15 0.16
2458498.2125295 11.13 0.16
2458498.2127031 11.10 0.15
2458498.2135711 10.96 0.13
2458498.2142656 11.03 0.14
2458498.2144392 10.92 0.13
2458498.2147864 11.07 0.15
2458498.2149600 11.11 0.15
2458498.2156545 11.01 0.14
2458498.2158281 11.04 0.14
2458498.2160017 11.04 0.14
2458498.2170434 11.13 0.15
2458498.2184322 11.19 0.16
2458498.2186059 11.13 0.15
2458498.2187795 11.16 0.16
2458498.2189531 11.06 0.14
2458498.2198225 11.16 0.15
2458498.2199960 10.98 0.13
2458498.2201694 10.99 0.13
2458498.2206898 11.03 0.14
2458498.2208632 11.16 0.15
2458498.2210366 11.21 0.17
2458498.2219045 11.12 0.15
2458498.2220781 11.15 0.16
2458498.2231197 11.02 0.13
2458498.2236406 11.21 0.16
2458498.2238142 11.07 0.14
2458498.2239878 11.04 0.14
2458498.2243350 10.87 0.12
2458498.2246822 11.04 0.14
2458498.2250295 11.08 0.14
2458498.2252031 10.95 0.13
2458498.2255503 11.15 0.15
2458498.2260711 11.02 0.13
2458498.2262447 11.17 0.15
2458498.2264184 11.00 0.13
2458498.2265920 11.10 0.14
2458498.2267656 11.03 0.14
2458498.2269392 11.03 0.13
2458498.2272864 11.20 0.16
2458498.2274600 11.11 0.15
2458498.2278073 11.15 0.15
2458498.2279809 11.20 0.16
2458498.2283281 11.04 0.14
2458498.2291961 11.07 0.14
2458498.2293698 11.15 0.15
2458498.2297170 11.03 0.14
2458498.2309322 11.05 0.14
2458498.2314531 10.89 0.12
2458498.2316267 10.97 0.13
2458498.2321485 11.01 0.14
2458498.2326688 10.98 0.13
2458498.2330157 11.20 0.16
2458498.2331892 11.09 0.15
2458498.2337100 11.06 0.15
2458498.2344045 11.11 0.15
2458498.2349253 11.13 0.15
2458498.2354461 11.15 0.16
2458498.2364878 10.91 0.13
2458498.2375295 11.02 0.14
2458498.2378767 10.96 0.13
2458498.2382239 11.14 0.16
2458498.2383975 11.18 0.17
2458498.2387447 11.03 0.14
2458498.2392656 11.02 0.14
2458498.2396128 11.08 0.15
2458498.2399600 11.06 0.15
2458498.2404809 11.11 0.15
2458498.2425642 11.09 0.15
2458498.2427378 11.02 0.14
2458498.2443010 10.91 0.13
2458498.2455156 10.95 0.13
2458498.2458628 11.06 0.15
2458498.2460364 10.93 0.13
2458498.2463836 10.93 0.13
2458498.2474253 11.08 0.15
2458498.2479461 10.97 0.14
2458498.2484670 11.11 0.15
2458498.2486406 11.08 0.15
2458498.2488142 11.11 0.16
2458498.2489878 11.07 0.15
2458498.2491614 10.95 0.13
2458498.2493350 11.01 0.14
2458498.2495086 11.16 0.16
2458498.2500295 10.91 0.13
2458498.2502031 11.04 0.14
2458498.2519392 10.99 0.14
2458498.2524600 11.16 0.16
2458498.2529809 10.94 0.13
2458498.2535017 10.93 0.13
2458498.2536753 11.05 0.15
2458498.2538489 10.96 0.14
2458498.2547170 10.81 0.12
2458498.2548906 11.07 0.15
2458498.2555863 11.07 0.16
2458498.2557598 10.90 0.13
2458498.2564535 11.10 0.16
2458498.2574947 11.05 0.15
2458498.2580156 10.81 0.12
2458498.2599253 10.80 0.12
2458498.2627031 11.12 0.14
2458498.2628767 11.26 0.15
2458498.2632239 11.12 0.13
2458498.2633975 11.15 0.14
2458498.2635711 11.23 0.15
2458498.2637447 11.18 0.14
2458498.2639184 11.15 0.14
2458498.2642656 11.04 0.13
2458498.2644392 11.23 0.15
2458498.2646128 11.20 0.14
2458498.2647864 11.10 0.13
2458498.2653072 11.22 0.15
2458498.2654809 11.13 0.14
2458498.2660017 11.23 0.15
2458498.2663489 11.13 0.14
2458498.2665225 10.93 0.12
2458498.2668698 11.14 0.14
2458498.2670434 11.10 0.13
2458498.2672170 10.88 0.11
2458498.2673906 11.09 0.14
2458498.2677389 11.06 0.13
2458498.2679124 11.08 0.13
2458498.2680858 11.13 0.14
2458498.2682593 11.13 0.14
2458498.2684327 11.13 0.14
2458498.2689531 11.13 0.14
2458498.2691267 11.08 0.13
2458498.2694739 11.15 0.14
2458498.2696475 11.17 0.14
2458498.2699947 11.22 0.15
2458498.2701684 11.06 0.13
2458498.2703420 11.12 0.13
2458498.2706892 11.18 0.14
2458498.2708628 10.83 0.10
2458498.2710364 11.08 0.13
2458498.2713836 11.14 0.14
2458498.2715572 11.07 0.13
2458498.2717309 11.27 0.16
2458498.2719045 11.33 0.16
2458498.2720781 11.22 0.15
2458498.2722517 11.00 0.12
2458498.2724253 11.15 0.14
2458498.2727725 11.05 0.12
2458498.2732934 11.23 0.15
2458498.2736406 11.28 0.16
2458498.2738142 11.10 0.13
2458498.2739878 10.97 0.12
2458498.2741614 11.12 0.13
2458498.2746823 11.23 0.15
2458498.2748559 11.18 0.14
2458498.2753767 11.07 0.13
2458498.2757239 10.93 0.11
2458498.2758975 11.15 0.14
2458498.2760711 11.07 0.13
2458498.2762448 11.14 0.14
2458498.2767656 11.04 0.13
2458498.2769392 11.01 0.12
2458498.2771128 11.03 0.13
2458498.2776336 10.96 0.12
2458498.2781545 10.97 0.12
2458498.2783281 11.17 0.14
2458498.2785017 11.19 0.14
2458498.2786753 11.19 0.14
2458498.2788489 11.01 0.12
2458498.2790225 11.14 0.14
2458498.2793697 11.18 0.14
2458498.2795448 11.22 0.15
2458498.2797182 11.18 0.14
2458498.2798916 11.07 0.13
2458498.2805854 11.19 0.14
2458498.2807589 11.28 0.16
2458498.2809323 11.25 0.16
2458498.2811059 11.00 0.12
2458498.2812795 11.05 0.13
2458498.2814531 11.09 0.13
2458498.2816267 11.18 0.14
2458498.2818003 11.29 0.16
2458498.2819739 11.22 0.15
2458498.2824948 11.29 0.16
2458498.2826684 10.93 0.11
2458498.2830156 11.21 0.15
2458498.2831892 11.18 0.14
2458498.2838836 11.15 0.14
2458498.2840573 11.31 0.16
2458498.2842309 11.14 0.14
2458498.2844045 11.17 0.14
2458498.2845781 11.20 0.15
2458498.2847517 11.24 0.15
2458498.2849253 11.03 0.12
2458498.2850989 11.08 0.13
2458498.2852725 11.08 0.13
2458498.2856197 11.32 0.16
2458498.2857934 11.23 0.15
2458498.2859670 11.20 0.14
2458498.2861406 11.08 0.13
2458498.2863142 11.36 0.17
2458498.2864878 11.16 0.14
2458498.2866614 11.23 0.15
2458498.2868350 11.36 0.17
2458498.2870086 11.17 0.14
2458498.2875295 11.30 0.16
2458498.2877031 11.13 0.14
2458498.2880503 11.28 0.16
2458498.2883975 11.22 0.15
2458498.2887447 11.11 0.14
2458498.2890920 11.10 0.14
2458498.2892656 11.14 0.14
2458498.2894392 11.14 0.14
2458498.2897864 11.15 0.14
2458498.2901336 11.03 0.13
2458498.2906545 11.13 0.14
2458498.2908281 11.15 0.14
2458498.2913489 11.11 0.14
2458498.2916974 11.14 0.14
2458498.2922177 11.16 0.14
2458498.2923912 10.96 0.12
2458498.2927381 11.00 0.13
2458498.2932586 11.08 0.14
2458498.2934322 11.03 0.13
2458498.2936059 11.07 0.13
2458498.2939531 11.01 0.12
2458498.2941267 11.08 0.14
2458498.2955156 11.06 0.13
2458498.2958628 11.10 0.14
2458498.2960364 11.21 0.15
2458498.2962100 11.13 0.14
2458498.2965572 11.04 0.13
2458498.2967309 11.37 0.17
2458498.2970781 11.12 0.14
2458498.2972517 11.16 0.14
2458498.2974253 11.17 0.14
2458498.2977725 11.18 0.14
2458498.2979461 11.07 0.13
2458498.2982934 11.17 0.15
2458498.2984670 11.29 0.16
2458498.2986406 11.17 0.15
2458498.2991614 11.13 0.14
2458498.2995086 11.09 0.13
2458498.2998559 11.21 0.15
2458498.3003767 11.27 0.16
2458498.3007239 11.14 0.14
2458498.3014184 10.98 0.12
2458498.3015920 11.33 0.17
2458498.3017656 11.08 0.13
2458498.3019392 11.10 0.13
2458498.3021128 11.22 0.15
2458498.3024600 11.19 0.15
2458498.3029809 11.17 0.14
2458498.3031545 11.26 0.16
2458498.3035017 11.22 0.15
2458498.3036766 11.24 0.15
2458498.3041969 11.10 0.14
2458498.3045438 11.13 0.14
2458498.3047172 11.15 0.14
2458498.3048907 11.07 0.13
2458498.3050642 11.11 0.14
2458498.3054114 11.23 0.15
2458498.3057586 11.09 0.13
2458498.3064531 11.15 0.14
2458498.3073211 11.07 0.13
2458498.3076684 10.86 0.11
2458498.3083628 11.13 0.14
2458498.3085364 11.12 0.14
2458498.3088836 11.18 0.15
2458498.3090572 11.18 0.15
2458498.3094045 11.04 0.13
2458498.3095781 11.26 0.16
2458498.3099253 10.95 0.12
2458498.3100989 11.11 0.14
2458498.3102725 11.14 0.14
2458498.3107934 10.98 0.13
2458498.3109670 11.04 0.13
2458498.3111406 11.18 0.15
2458498.3114878 11.08 0.14
2458498.3116614 11.12 0.14
2458498.3118350 11.16 0.15
2458498.3120086 11.20 0.15
2458498.3121822 11.17 0.15
2458498.3123559 11.14 0.14
2458498.3125295 11.25 0.16
2458498.3133975 11.03 0.13
2458498.3135711 11.28 0.16
2458498.3137448 10.99 0.12
2458498.3139184 11.19 0.15
2458498.3142656 11.06 0.14
2458498.3146128 11.11 0.14
2458498.3151336 11.16 0.15
2458498.3154809 11.13 0.14
2458498.3161761 11.15 0.14
2458498.3165230 11.19 0.15
2458498.3168699 11.05 0.14
2458498.3172170 11.09 0.14
2458498.3177378 11.22 0.15
2458498.3180850 11.21 0.15
2458500.2354230 10.98 0.17
2458500.2397633 11.01 0.17
2458500.2421938 10.85 0.14
2458500.2460133 11.02 0.16
2458500.2470549 10.92 0.15
2458500.2489647 11.01 0.16
2458500.2510480 10.96 0.15
2458500.2533049 10.93 0.15
2458500.2545202 11.01 0.16
2458500.2546938 11.08 0.17
2458500.2553883 10.88 0.14
2458500.2559091 11.02 0.16
2458500.2560827 10.86 0.14
2458500.2562563 11.08 0.17
2458500.2564312 10.99 0.15
2458500.2572984 11.10 0.17
2458500.2595549 11.04 0.16
2458500.2600758 10.99 0.15
2458500.2616383 10.93 0.14
2458500.2619855 10.93 0.14
2458500.2623327 10.96 0.15
2458500.2632008 11.01 0.15
2458500.2637216 10.91 0.14
2458500.2640688 10.95 0.14
2458500.2642424 10.75 0.12
2458500.2644160 10.99 0.15
2458500.2647633 10.98 0.15
2458500.2654577 10.97 0.14
2458500.2666730 10.95 0.14
2458500.2668466 10.96 0.14
2458500.2670202 10.94 0.14
2458500.2704924 10.99 0.15
2458500.2708397 10.93 0.14
2458500.2711869 11.04 0.15
2458500.2713605 10.96 0.14
2458500.2718813 10.92 0.14
2458500.2720549 10.98 0.15
2458500.2722285 10.94 0.14
2458500.2724022 11.02 0.15
2458500.2727494 11.02 0.15
2458500.2732702 11.01 0.15
2458500.2739647 10.95 0.14
2458500.2751799 11.01 0.15
2458500.2760480 11.00 0.15
2458500.2762216 10.92 0.14
2458500.2763952 10.98 0.14
2458500.2765688 10.93 0.14
2458500.2767424 11.06 0.15
2458500.2770897 10.99 0.14
2458500.2776105 11.07 0.16
2458500.2798674 11.00 0.15
2458500.2829924 10.99 0.14
2458500.2836869 10.74 0.12
2458500.2849022 11.15 0.17
2458500.2876799 11.01 0.15
2458500.2899369 11.06 0.15
2458500.2902841 11.06 0.15
2458500.2908049 10.98 0.14
2458500.2909785 10.90 0.13
2458500.2930626 11.00 0.14