2458467.3668514 11.03 0.15
2458467.3673723 11.07 0.15
2458467.3677195 11.01 0.15
2458467.3680667 11.09 0.16
2458467.3682403 11.05 0.15
2458467.3691084 11.03 0.15
2458467.3694556 10.97 0.14
2458467.3699764 10.88 0.13
2458467.3713653 10.96 0.14
2458467.3715389 10.86 0.13
2458467.3731014 10.92 0.14
2458467.3732750 11.09 0.16
2458467.3736223 11.02 0.15
2458467.3737959 10.93 0.14
2458467.3739695 11.04 0.15
2458467.3741431 11.09 0.16
2458467.3743167 11.11 0.16
2458467.3764005 10.95 0.14
2458467.3765739 11.01 0.15
2458467.3772681 10.78 0.12
2458467.3774417 10.88 0.13
2458467.3793514 11.02 0.15
2458467.3814348 10.90 0.13
2458467.3816084 10.93 0.14
2458467.3821292 11.05 0.15
2458467.3824764 11.00 0.15
2458467.3829973 10.99 0.15
2458467.3833445 11.16 0.17
2458467.3838653 11.15 0.17
2458467.3840389 11.15 0.17
2458467.3897681 11.08 0.16
2458467.3920250 11.14 0.17
2458467.3944556 11.02 0.15
2458467.3961917 10.92 0.14
2458467.3970598 11.01 0.15
2458467.3994914 10.89 0.14
2458467.3998383 11.05 0.16
2458467.4001852 11.02 0.15
2458467.4022681 10.98 0.15
2458467.4026153 10.94 0.14
2458467.4027889 10.91 0.14
2458467.4033098 10.97 0.15
2458467.4046986 11.00 0.15
2458467.4067820 11.02 0.15
2458467.4073028 11.03 0.15
2458467.4076500 10.92 0.14
2458467.4090389 10.98 0.15
2458467.4112971 11.05 0.16
2458467.4125112 10.80 0.13
2458467.4132056 11.13 0.17
2458467.4133792 10.96 0.15
2458467.4139000 11.16 0.18
2458467.4145945 11.12 0.17
2458467.4149417 11.08 0.16
2458467.4185875 11.04 0.16
2458469.3667865 11.04 0.11
2458469.3670135 11.33 0.15
2458469.3671871 11.08 0.12
2458469.3673607 11.32 0.14
2458469.3675343 11.04 0.11
2458469.3677079 11.06 0.11
2458469.3678815 11.35 0.15
2458469.3680551 11.08 0.12
2458469.3682287 11.15 0.13
2458469.3684023 11.07 0.12
2458469.3685760 10.99 0.11
2458469.3687496 11.14 0.12
2458469.3689232 11.01 0.11
2458469.3690968 11.05 0.11
2458469.3692704 11.04 0.11
2458469.3694440 11.17 0.13
2458469.3696176 11.03 0.11
2458469.3697912 11.22 0.13
2458469.3699648 11.02 0.11
2458469.3701384 11.14 0.12
2458469.3703121 11.12 0.12
2458469.3704857 11.31 0.14
2458469.3706593 11.12 0.12
2458469.3708329 11.03 0.11
2458469.3710065 11.23 0.13
2458469.3711801 11.16 0.12
2458469.3713537 11.07 0.12
2458469.3715273 10.98 0.11
2458469.3717009 11.11 0.12
2458469.3718746 11.06 0.11
2458469.3720482 11.31 0.14
2458469.3722218 11.03 0.11
2458469.3723954 11.09 0.12
2458469.3725690 11.28 0.14
2458469.3727426 11.29 0.14
2458469.3729162 11.13 0.12
2458469.3730898 10.89 0.10
2458469.3732635 10.97 0.11
2458469.3734371 11.29 0.14
2458469.3736107 11.01 0.11
2458469.3737843 11.18 0.13
2458469.3739579 11.15 0.12
2458469.3741315 11.00 0.11
2458469.3743051 11.01 0.11
2458469.3744787 11.16 0.12
2458469.3746524 10.95 0.10
2458469.3748260 11.19 0.13
2458469.3749996 11.07 0.11
2458469.3751732 11.20 0.13
2458469.3753468 11.21 0.13
2458469.3755204 11.06 0.11
2458469.3756940 11.07 0.12
2458469.3758676 11.26 0.14
2458469.3760425 11.11 0.12
2458469.3762159 11.22 0.13
2458469.3763894 11.37 0.15
2458469.3765628 11.21 0.13
2458469.3767363 11.18 0.13
2458469.3769097 11.00 0.11
2458469.3770832 11.14 0.12
2458469.3772566 11.20 0.13
2458469.3776037 11.05 0.11
2458469.3777773 11.22 0.13
2458469.3779510 10.99 0.11
2458469.3781246 11.03 0.11
2458469.3782982 11.27 0.14
2458469.3784718 11.25 0.14
2458469.3786454 11.22 0.13
2458488.3044163 11.00 0.14
2458488.3049371 11.09 0.15
2458488.3051107 10.86 0.12
2458488.3052844 11.05 0.14
2458488.3054579 10.99 0.14
2458488.3056316 11.14 0.15
2458488.3058052 11.15 0.16
2458488.3061524 10.96 0.13
2458488.3066732 11.13 0.15
2458488.3068468 11.03 0.14
2458488.3070205 11.10 0.15
2458488.3071941 10.98 0.13
2458488.3075413 10.88 0.12
2458488.3078885 11.15 0.16
2458488.3080621 11.20 0.16
2458488.3096257 11.17 0.16
2458488.3099726 10.95 0.13
2458488.3106663 11.09 0.15
2458488.3108399 10.90 0.13
2458488.3110135 10.94 0.13
2458488.3111871 10.95 0.13
2458488.3113607 11.09 0.15
2458488.3118816 10.98 0.14
2458488.3120552 11.06 0.15
2458488.3122288 10.99 0.14
2458488.3124024 11.12 0.16
2458488.3127496 11.10 0.15
2458488.3130969 10.94 0.13
2458488.3132705 11.07 0.15
2458488.3134441 11.07 0.15
2458488.3137913 11.17 0.16
2458488.3139649 10.90 0.13
2458488.3141385 11.13 0.16
2458488.3146593 11.09 0.15
2458488.3150066 11.08 0.15
2458488.3151802 11.16 0.16
2458488.3163955 11.03 0.15
2458488.3165691 11.01 0.14
2458488.3167427 11.11 0.16
2458488.3170899 10.97 0.14
2458488.3174371 10.98 0.14
2458488.3177844 11.02 0.15
2458488.3183052 10.92 0.13
2458488.3189996 10.91 0.13
2458488.3196941 10.86 0.13
2458488.3198677 10.85 0.13
2458488.3203885 10.98 0.14
2458488.3205621 10.99 0.14
2458488.3216048 11.04 0.15
2458488.3226455 10.97 0.14
2458488.3228191 10.95 0.14
2458488.3229927 10.83 0.12
2458488.3231663 10.89 0.13
2458488.3247288 11.01 0.15
2458488.3250760 11.03 0.15
2458488.3254232 11.07 0.16
2458488.3261177 10.91 0.13
2458488.3262913 11.10 0.16
2458488.3266385 11.02 0.15
2458488.3273330 11.12 0.16
2458488.3275066 10.88 0.13
2458488.3282010 11.06 0.15
2458488.3283746 10.97 0.14
2458488.3285482 11.05 0.15
2458488.3287218 11.09 0.16
2458488.3290691 10.97 0.14
2458488.3292427 11.03 0.15
2458488.3294163 11.10 0.16
2458488.3295899 10.93 0.14
2458488.3301107 11.11 0.16
2458488.3302843 11.08 0.16
2458488.3311524 10.87 0.13
2458488.3316732 11.18 0.17
2458488.3327149 11.00 0.15
2458488.3332370 10.86 0.13
2458488.3337574 11.05 0.15
2458488.3339308 11.02 0.15
2458488.3342777 10.85 0.13
2458488.3346246 10.99 0.15
2458488.3363607 10.87 0.13
2458488.3365344 10.96 0.14
2458488.3401802 11.00 0.15
2458488.3410482 10.94 0.14
2458488.3420899 10.84 0.13
2458488.3424371 11.03 0.15
2458488.3426107 10.81 0.13
2458488.3433052 11.00 0.15
2458488.3434788 11.05 0.16
2458488.3438260 11.07 0.16
2458488.3441732 10.95 0.14
2458488.3443469 10.86 0.13
2458488.3453896 10.83 0.13
2458488.3459100 10.99 0.15
2458488.3476455 10.99 0.15
2458488.3483399 11.00 0.15
2458488.3528538 10.97 0.15
2458488.3530274 11.02 0.15
2458488.3533746 11.09 0.16
2458488.3535482 10.93 0.14
2458488.3542427 11.11 0.16
2458488.3568469 10.89 0.13
2458488.3585830 11.05 0.15
2458488.3587566 10.96 0.14
2458488.3613607 10.83 0.13
2458488.3617080 10.97 0.14
2458488.3618816 10.99 0.15
2458488.3629232 11.13 0.17
2458488.3632705 10.96 0.14
2458488.3641385 10.98 0.15
2458488.3648330 10.85 0.13
2458488.3651802 10.93 0.14
2458488.3653538 10.99 0.15
2458488.3660482 10.91 0.14
2458488.3663955 10.90 0.14
2458488.3674371 11.03 0.15
2458488.3681316 10.97 0.15
2458488.3684788 11.02 0.15
2458488.3698682 10.90 0.14
2458488.3702150 10.95 0.15
2458488.3707357 10.84 0.13
2458488.3709093 11.08 0.16
2458488.3714302 11.11 0.17
2458488.3716038 11.03 0.16
2458488.3729927 11.07 0.16
2458488.3733399 10.93 0.14
2458488.3738607 10.97 0.15
2458493.2519739 10.91 0.12
2458493.2521475 10.86 0.12
2458493.2523211 11.17 0.16
2458493.2526684 11.17 0.16
2458493.2531892 11.18 0.16
2458493.2535364 11.01 0.14
2458493.2537100 10.93 0.12
2458493.2540586 10.78 0.11
2458493.2542320 11.16 0.15
2458493.2549258 11.13 0.15
2458493.2554461 11.03 0.14
2458493.2556198 11.03 0.14
2458493.2557934 10.98 0.13
2458493.2559670 10.92 0.12
2458493.2563142 11.06 0.14
2458493.2564878 10.87 0.12
2458493.2566614 11.01 0.13
2458493.2568350 10.97 0.13
2458493.2571823 10.97 0.13
2458493.2573559 10.99 0.13
2458493.2578767 11.08 0.14
2458493.2582239 11.03 0.14
2458493.2585711 11.07 0.14
2458493.2587447 11.02 0.14
2458493.2589184 11.12 0.15
2458493.2592656 10.90 0.12
2458493.2597864 10.99 0.13
2458493.2601336 11.07 0.14
2458493.2604809 10.91 0.12
2458493.2608281 11.12 0.15
2458493.2610017 11.08 0.14
2458493.2611753 10.92 0.12
2458493.2616961 11.10 0.15
2458493.2620434 11.08 0.14
2458493.2622170 10.97 0.13
2458493.2627378 11.04 0.14
2458493.2629114 10.90 0.12
2458493.2630850 10.89 0.12
2458493.2632586 11.11 0.15
2458493.2636059 10.92 0.12
2458493.2639531 11.08 0.14
2458493.2643003 11.04 0.14
2458493.2644739 11.13 0.15
2458493.2648211 11.05 0.14
2458493.2649948 11.03 0.13
2458493.2651684 10.91 0.12
2458493.2655156 10.87 0.12
2458493.2656892 11.05 0.14
2458493.2658628 11.09 0.14
2458493.2660378 11.00 0.13
2458493.2662112 11.04 0.14
2458493.2663847 11.12 0.15
2458493.2665581 11.23 0.16
2458493.2667316 10.86 0.11
2458493.2669050 11.16 0.15
2458493.2670784 10.90 0.12
2458493.2675989 11.00 0.13
2458493.2677725 11.26 0.17
2458493.2681197 11.30 0.17
2458493.2682934 11.12 0.15
2458493.2684670 10.91 0.12
2458493.2686406 11.02 0.13
2458493.2688142 11.01 0.13
2458493.2689878 11.15 0.15
2458493.2691614 10.90 0.12
2458493.2693350 11.16 0.15
2458493.2698559 11.11 0.15
2458493.2700295 11.18 0.15
2458493.2707239 11.17 0.15
2458493.2708975 10.85 0.11
2458493.2712448 11.13 0.15
2458493.2715920 11.08 0.14
2458493.2717656 11.12 0.15
2458493.2719392 11.11 0.15
2458493.2721128 11.21 0.16
2458493.2722864 11.03 0.14
2458493.2726336 10.88 0.12
2458493.2729809 11.07 0.14
2458493.2731545 11.08 0.14
2458493.2738489 11.18 0.15
2458493.2743697 11.10 0.15
2458493.2745434 11.19 0.16
2458493.2750642 11.09 0.14
2458493.2754114 10.98 0.13
2458493.2757586 11.05 0.14
2458493.2759322 11.03 0.14
2458493.2769739 11.09 0.14
2458493.2771475 11.06 0.14
2458493.2773211 11.19 0.16
2458493.2774947 11.02 0.14
2458493.2778420 10.87 0.12
2458493.2781904 11.09 0.14
2458493.2783638 11.14 0.15
2458493.2788841 10.92 0.12
2458493.2792310 10.98 0.13
2458493.2800989 11.19 0.16
2458493.2802725 11.12 0.15
2458493.2806198 11.09 0.14
2458493.2807934 10.94 0.13
2458493.2809670 11.01 0.13
2458493.2814878 11.02 0.14
2458493.2816614 10.95 0.13
2458493.2818350 11.10 0.15
2458493.2821822 11.14 0.15
2458493.2823559 11.24 0.16
2458493.2825295 11.03 0.14
2458493.2827031 11.00 0.13
2458493.2828767 10.78 0.11
2458493.2832239 11.08 0.14
2458493.2837447 11.09 0.14
2458493.2840920 11.08 0.14
2458493.2842656 11.23 0.16
2458493.2844392 11.17 0.15
2458493.2846128 11.11 0.15
2458493.2847864 11.05 0.14
2458493.2849600 11.12 0.15
2458493.2851336 11.02 0.13
2458493.2853072 11.03 0.14
2458493.2863489 11.07 0.14
2458493.2866961 11.07 0.14
2458493.2870434 11.11 0.15
2458493.2879114 10.94 0.13
2458493.2884323 11.12 0.15
2458493.2886059 11.14 0.15
2458493.2893003 11.23 0.16
2458493.2898211 11.13 0.15
2458493.2903429 11.03 0.14
2458493.2905164 11.07 0.14
2458493.2906898 11.24 0.16
2458493.2910367 11.03 0.14
2458493.2912102 10.99 0.13
2458493.2925989 10.98 0.13
2458493.2929461 11.17 0.15
2458493.2932934 11.01 0.13
2458493.2952031 11.07 0.14
2458493.2955503 11.00 0.13
2458493.2962448 10.82 0.11
2458493.2965920 10.99 0.13
2458493.2976336 11.01 0.13
2458493.2978072 11.10 0.15
2458493.2985017 11.26 0.17
2458493.2986753 11.06 0.14
2458493.2990225 10.92 0.12
2458493.2991961 10.98 0.13
2458493.2993697 11.05 0.14
2458493.2995434 11.11 0.15
2458493.3000642 10.93 0.13
2458493.3002378 11.06 0.14
2458493.3004114 11.12 0.15
2458493.3032008 11.10 0.15
2458493.3033744 11.01 0.13
2458493.3035480 11.04 0.14
2458493.3037216 11.03 0.14
2458493.3040688 11.12 0.15
2458493.3042424 10.99 0.13
2458493.3044161 10.96 0.13
2458493.3047633 11.00 0.13
2458493.3051105 10.87 0.12
2458493.3052841 11.12 0.15
2458493.3054577 11.08 0.14
2458493.3056313 11.17 0.15
2458493.3058049 11.18 0.16
2458493.3059785 10.99 0.13
2458493.3061522 11.19 0.16
2458493.3063258 11.09 0.14
2458493.3064994 11.12 0.15
2458493.3068466 11.13 0.15
2458493.3070202 11.04 0.13
2458493.3071938 11.12 0.15
2458493.3075410 11.20 0.16
2458493.3077147 11.21 0.16
2458493.3080619 11.27 0.17
2458493.3084091 11.21 0.16
2458493.3085827 11.11 0.15
2458493.3089299 11.09 0.14
2458493.3091036 11.11 0.15
2458493.3092772 11.09 0.14
2458493.3096244 11.21 0.16
2458493.3099716 11.08 0.14
2458493.3101452 11.26 0.16
2458493.3104924 11.15 0.15
2458493.3113605 11.23 0.16
2458493.3117077 11.05 0.14
2458493.3118813 11.12 0.15
2458493.3125767 11.15 0.15
2458493.3132705 11.11 0.14
2458493.3136174 11.16 0.15
2458493.3139647 10.99 0.13
2458493.3158744 11.03 0.13
2458493.3162216 11.22 0.16
2458493.3165688 10.95 0.12
2458493.3169161 11.13 0.15
2458493.3170897 11.09 0.14
2458493.3174369 10.91 0.12
2458493.3176105 11.03 0.13
2458493.3179577 11.09 0.14
2458493.3181313 11.14 0.15
2458493.3184786 11.06 0.14
2458493.3188258 10.96 0.12
2458493.3189994 10.92 0.12
2458493.3191730 11.11 0.14
2458493.3196938 11.14 0.15
2458493.3198674 11.09 0.14
2458493.3200411 11.13 0.14
2458493.3203883 10.96 0.12
2458493.3207355 11.11 0.14
2458493.3212563 11.11 0.14
2458493.3214299 11.10 0.14
2458493.3216035 11.02 0.13
2458493.3217772 11.11 0.14
2458493.3219508 11.26 0.16
2458493.3221244 11.14 0.15
2458493.3224716 10.99 0.13
2458493.3228188 11.20 0.15
2458493.3231662 11.18 0.15
2458493.3233397 11.08 0.14
2458493.3235133 11.10 0.14
2458493.3238605 11.21 0.16
2458493.3240341 11.32 0.17
2458493.3242090 11.26 0.16
2458493.3243824 10.94 0.12
2458493.3245559 11.13 0.15
2458493.3247293 11.15 0.15
2458493.3250762 10.98 0.13
2458493.3252497 11.04 0.13
2458493.3255966 10.81 0.11
2458493.3257702 11.16 0.15
2458493.3259438 11.05 0.13
2458493.3261174 11.03 0.13
2458493.3264647 11.14 0.15
2458493.3268119 11.17 0.15
2458493.3271591 11.14 0.15
2458493.3275063 11.11 0.14
2458493.3276799 11.12 0.14
2458493.3278536 11.14 0.15
2458493.3280272 11.17 0.15
2458493.3283744 11.17 0.15
2458493.3290688 11.12 0.14
2458493.3294160 11.16 0.15
2458493.3295897 11.13 0.14
2458493.3299369 11.12 0.14
2458493.3302841 11.00 0.13
2458493.3306313 11.20 0.15
2458493.3314994 11.05 0.13
2458493.3316730 11.02 0.13
2458493.3318466 11.04 0.13
2458493.3320202 11.18 0.15
2458493.3321938 10.98 0.13
2458493.3323674 11.20 0.15
2458493.3325411 10.87 0.11
2458493.3328883 11.17 0.15
2458493.3332355 11.15 0.15
2458493.3334091 10.96 0.12
2458493.3337563 11.09 0.14
2458493.3341036 11.02 0.13
2458493.3344508 11.10 0.14
2458493.3346244 10.98 0.13
2458493.3349716 10.97 0.13
2458493.3351452 10.99 0.13
2458493.3353188 11.19 0.15
2458493.3361882 10.98 0.13
2458493.3363616 11.09 0.14
2458493.3370554 11.17 0.15
2458493.3374023 11.09 0.14
2458493.3375758 11.12 0.15
2458493.3380966 10.94 0.12
2458493.3387910 11.05 0.14
2458493.3389647 10.95 0.13
2458493.3394855 11.06 0.14
2458493.3396591 10.98 0.13
2458493.3403536 11.12 0.14
2458493.3408744 11.19 0.16
2458493.3410480 10.85 0.11
2458493.3413952 11.23 0.16
2458493.3417424 10.90 0.12
2458493.3419161 11.24 0.16
2458493.3422633 11.04 0.14
2458493.3431313 11.15 0.15
2458493.3433049 11.13 0.15
2458493.3434786 10.95 0.12
2458493.3436522 11.00 0.13
2458493.3441730 11.22 0.16
2458493.3443466 11.06 0.14
2458493.3446938 11.07 0.14
2458493.3448674 11.01 0.13
2458493.3452147 10.98 0.13
2458493.3457355 10.85 0.12
2458493.3459091 11.06 0.14
2458493.3460827 11.09 0.14
2458493.3462563 11.23 0.16
2458493.3464299 11.10 0.14
2458493.3466035 10.98 0.13
2458493.3467772 10.87 0.12
2458493.3469508 11.11 0.14
2458493.3472980 11.09 0.14
2458493.3476452 10.98 0.13
2458493.3478188 11.01 0.13
2458493.3479924 11.18 0.15
2458493.3483408 10.90 0.12
2458493.3485142 11.03 0.13
2458493.3486876 11.13 0.15
2458493.3495549 11.03 0.14
2458493.3499022 11.01 0.13
2458493.3500758 11.00 0.13
2458493.3502494 11.09 0.14
2458493.3504230 10.99 0.13
2458493.3505966 11.18 0.15
2458493.3507702 11.23 0.16
2458493.3511174 10.85 0.11
2458493.3512911 11.15 0.15
2458493.3514647 11.08 0.14
2458493.3518119 11.27 0.17
2458493.3521591 11.10 0.14
2458493.3523327 11.30 0.17
2458493.3525063 10.95 0.12
2458493.3526799 11.00 0.13
2458493.3528535 11.05 0.14
2458493.3530272 11.01 0.13
2458493.3532008 11.07 0.14
2458493.3533744 10.98 0.13
2458493.3535480 11.05 0.14
2458493.3537216 11.22 0.16
2458493.3540688 10.98 0.13
2458493.3542424 11.13 0.15
2458493.3547633 11.14 0.15
2458493.3551105 10.87 0.12
2458493.3552841 11.01 0.13
2458493.3554577 10.99 0.13
2458493.3558049 11.07 0.14
2458493.3561522 11.06 0.14
2458493.3563258 10.95 0.12
2458493.3564994 11.04 0.13
2458493.3568466 11.16 0.15
2458493.3570202 11.06 0.14
2458493.3571938 11.12 0.15
2458493.3573674 10.91 0.12
2458493.3575411 11.23 0.16
2458493.3578883 11.07 0.14
2458493.3585827 11.16 0.15
2458493.3591036 11.03 0.13
2458493.3594508 11.14 0.15
2458493.3597980 11.09 0.14
2458493.3601465 11.17 0.15
2458493.3603199 11.01 0.13
2458493.3611871 11.11 0.14
2458493.3617077 11.14 0.15
2458493.3622285 10.99 0.13
2458493.3625758 11.10 0.14
2458493.3629230 10.96 0.13
2458493.3632702 11.16 0.15
2458493.3636174 11.09 0.14
2458493.3643119 11.10 0.14
2458493.3651799 11.06 0.14
2458493.3653536 11.01 0.13
2458493.3662216 11.11 0.14
2458493.3669161 11.13 0.15
2458493.3672633 11.08 0.14
2458493.3674369 11.03 0.13
2458493.3677841 11.02 0.13
2458493.3679577 10.99 0.13
2458493.3681313 10.91 0.12
2458493.3688258 10.96 0.13
2458493.3693466 11.05 0.14
2458493.3695202 11.06 0.14
2458493.3700410 11.09 0.14
2458493.3710827 11.22 0.16
2458493.3714299 11.04 0.14
2458493.3721257 11.02 0.13
2458493.3729928 11.06 0.14
2458493.3733397 11.02 0.13
2458493.3735133 11.04 0.14
2458493.3736869 11.13 0.15
2458493.3742077 11.04 0.14
2458493.3745549 11.04 0.14
2458493.3747286 11.04 0.14
2458493.3749022 11.06 0.14
2458493.3752494 10.99 0.13
2458493.3754230 10.97 0.13
2458493.3759438 11.02 0.13
2458493.3762910 11.10 0.15
2458493.3764647 11.03 0.14
2458493.3766383 11.08 0.14
2458493.3768119 11.08 0.14
2458493.3780272 11.01 0.13
2458493.3782008 11.09 0.15
2458493.3787216 10.97 0.13
2458493.3795897 11.24 0.17
2458493.3797633 11.23 0.17
2458493.3802841 11.01 0.14
2458493.3804577 11.13 0.15
2458493.3811522 11.22 0.16
2458493.3814994 11.10 0.15
2458493.3818466 11.06 0.14
2458493.3821938 11.04 0.14
2458493.3823674 11.20 0.16
2458493.3825411 11.09 0.15
2458493.3828883 10.95 0.13
2458493.3832355 11.06 0.14
2458493.3837563 11.02 0.14
2458493.3842782 11.21 0.16
2458493.3849720 11.00 0.14
2458493.3851454 11.14 0.15
2458493.3858397 11.07 0.15
2458493.3860133 11.11 0.15
2458493.3861869 10.99 0.13
2458493.3863605 11.18 0.16
2458493.3867077 11.27 0.17
2458493.3872286 11.00 0.13
2458493.3879230 11.05 0.14
2458493.3886174 11.04 0.14
2458493.3887911 11.06 0.14
2458493.3889647 11.14 0.15
2458493.3896591 10.98 0.13
2458493.3912216 11.06 0.14
2458493.3919160 11.00 0.14
2458493.3933049 10.94 0.13
2458493.3936522 11.02 0.14
2458493.3938258 11.02 0.14
2458493.3941730 11.09 0.15
2458493.3943466 11.10 0.15
2458493.3948674 11.12 0.15
2458493.3950411 10.89 0.13
2458493.3952147 11.11 0.15
2458493.3953883 10.85 0.12
2458493.3959105 11.12 0.15
2458493.3960839 10.91 0.13
2458493.3972980 11.11 0.15
2458493.3978188 11.00 0.14
2458493.3979924 10.89 0.13
2458493.3985133 11.11 0.15
2458493.3986869 10.90 0.13
2458493.3990341 11.09 0.15
2458493.3993813 11.03 0.14
2458493.3999022 11.09 0.15
2458493.4004230 11.11 0.15
2458493.4007702 11.02 0.14
2458493.4014647 11.01 0.14
2458493.4030272 11.21 0.17
2458493.4040688 11.15 0.16
2458493.4044161 10.94 0.13
2458493.4049369 10.93 0.13
2458493.4051105 11.02 0.14
2458493.4054577 10.85 0.12
2458493.4061522 11.13 0.16
2458493.4063258 11.09 0.15
2458493.4064994 11.19 0.17
2458493.4070202 10.97 0.14
2458493.4073674 11.20 0.17
2458493.4082365 10.96 0.14
2458493.4087568 10.95 0.14
2458493.4092772 10.96 0.14
2458493.4103188 10.96 0.14
2458493.4113605 10.89 0.13
2458493.4115341 10.96 0.14
2458493.4120549 11.12 0.16
2458493.4143119 11.00 0.14
2458493.4158744 10.99 0.14
2458495.1792077 10.69 0.15
2458495.1963952 10.68 0.14
2458495.2047286 10.81 0.16
2458495.2146244 10.85 0.16
2458495.2194862 10.61 0.13
2458495.2276452 10.89 0.17
2458495.2309450 10.72 0.14
2458495.2507355 10.84 0.15
2458495.2522980 10.89 0.16
2458495.2524716 10.93 0.16
2458495.2660133 10.91 0.16
2458495.2684438 10.86 0.15
2458495.2802494 11.01 0.17
2458495.2825063 10.82 0.14
2458495.2904924 10.75 0.14
2458495.2950063 10.94 0.16
2458495.2962216 10.78 0.14
2458495.2974369 10.98 0.16
2458495.3078536 11.02 0.17
2458495.3080272 10.98 0.16
2458495.3135827 10.82 0.14
2458498.1661753 10.80 0.14
2458498.1680850 11.00 0.17
2458498.1698211 10.86 0.14
2458498.1738142 11.11 0.17
2458498.1741614 10.87 0.14
2458498.1769392 10.93 0.14
2458498.1772864 11.12 0.17
2458498.1774600 10.93 0.15
2458498.1779809 10.96 0.15
2458498.1791967 10.78 0.13
2458498.1800642 10.83 0.13
2458498.1802378 10.91 0.14
2458498.1826684 10.89 0.14
2458498.1857934 10.99 0.15
2458498.1859670 10.88 0.14
2458498.1861406 11.03 0.16
2458498.1866614 10.92 0.14
2458498.1889184 11.09 0.16
2458498.1896128 10.91 0.14
2458498.1904809 11.06 0.16
2458498.1906545 11.01 0.15
2458498.1918697 11.04 0.16
2458498.1937795 11.04 0.15
2458498.1939531 11.02 0.15
2458498.1946475 11.00 0.15
2458498.1948211 10.97 0.14
2458498.1951684 11.07 0.16
2458498.1958628 11.08 0.16
2458498.1960378 11.06 0.15
2458498.1962112 11.01 0.15
2458498.1975989 11.00 0.14
2458498.1991614 11.17 0.17
2458498.1996822 10.85 0.12
2458498.2005503 11.09 0.15
2458498.2012447 11.02 0.15
2458498.2017656 10.96 0.14
2458498.2022864 11.04 0.15
2458498.2026336 11.02 0.14
2458498.2028072 10.96 0.14
2458498.2031545 10.99 0.14
2458498.2035017 10.98 0.14
2458498.2036753 11.08 0.15
2458498.2040225 11.09 0.15
2458498.2043698 11.07 0.15
2458498.2045434 11.08 0.15
2458498.2047170 10.96 0.13
2458498.2052378 11.02 0.14
2458498.2054114 10.98 0.14
2458498.2059323 11.00 0.14
2458498.2062795 11.15 0.16
2458498.2066267 10.82 0.12
2458498.2069739 11.03 0.14
2458498.2076684 11.05 0.15
2458498.2080169 11.05 0.15
2458498.2083638 11.12 0.16
2458498.2085373 11.10 0.15
2458498.2088841 11.06 0.15
2458498.2099253 10.97 0.14
2458498.2100989 11.09 0.15
2458498.2106197 10.92 0.13
2458498.2107934 11.09 0.15
2458498.2113142 10.92 0.13
2458498.2114878 11.12 0.15
2458498.2128767 11.08 0.15
2458498.2137448 11.10 0.15
2458498.2140920 10.96 0.13
2458498.2142656 10.96 0.13
2458498.2144392 11.03 0.14
2458498.2149600 11.03 0.14
2458498.2153072 11.01 0.14
2458498.2156545 11.07 0.14
2458498.2158281 11.11 0.15
2458498.2161753 11.01 0.14
2458498.2166961 10.87 0.12
2458498.2168697 11.03 0.14
2458498.2170434 11.12 0.15
2458498.2175642 11.03 0.14
2458498.2177378 11.05 0.14
2458498.2179114 10.96 0.13
2458498.2180850 11.11 0.15
2458498.2182586 10.78 0.11
2458498.2184322 11.08 0.15
2458498.2186059 11.01 0.14
2458498.2187795 11.17 0.16
2458498.2189531 11.14 0.16
2458498.2191267 10.96 0.13
2458498.2193003 11.19 0.16
2458498.2194739 11.14 0.15
2458498.2196475 10.98 0.13
2458498.2198225 11.07 0.14
2458498.2201694 11.20 0.16
2458498.2203429 10.94 0.13
2458498.2205163 11.02 0.14
2458498.2208632 11.09 0.15
2458498.2210366 11.06 0.15
2458498.2212101 10.98 0.14
2458498.2215573 11.09 0.15
2458498.2217309 11.06 0.14
2458498.2219045 11.08 0.15
2458498.2220781 10.94 0.13
2458498.2222517 10.84 0.12
2458498.2227725 10.94 0.13
2458498.2229461 11.13 0.15
2458498.2231197 11.05 0.14
2458498.2239878 11.08 0.14
2458498.2241614 11.04 0.14
2458498.2243350 10.94 0.13
2458498.2245086 11.01 0.13
2458498.2248559 11.10 0.14
2458498.2260711 11.17 0.16
2458498.2262447 11.03 0.14
2458498.2265920 10.98 0.13
2458498.2267656 11.15 0.15
2458498.2279809 11.07 0.14
2458498.2283281 10.81 0.12
2458498.2290225 11.21 0.16
2458498.2293698 11.01 0.14
2458498.2295434 11.05 0.14
2458498.2298906 11.06 0.14
2458498.2300642 10.82 0.12
2458498.2302378 11.10 0.15
2458498.2307586 10.85 0.12
2458498.2314531 11.12 0.15
2458498.2323219 11.13 0.15
2458498.2326688 11.00 0.14
2458498.2328422 11.02 0.14
2458498.2330157 10.94 0.13
2458498.2335364 10.97 0.13
2458498.2337100 11.04 0.14
2458498.2342309 11.09 0.15
2458498.2344045 11.00 0.14
2458498.2350989 11.08 0.15
2458498.2352725 11.20 0.17
2458498.2361406 10.94 0.13
2458498.2363142 10.99 0.14
2458498.2366614 11.27 0.18
2458498.2368350 11.01 0.14
2458498.2378767 11.01 0.14
2458498.2387447 11.05 0.15
2458498.2399600 11.01 0.14
2458498.2408281 11.12 0.16
2458498.2410017 10.85 0.13
2458498.2411753 11.01 0.14
2458498.2423906 10.96 0.14
2458498.2430850 10.85 0.12
2458498.2441276 10.78 0.12
2458498.2443010 10.95 0.13
2458498.2446479 11.12 0.16
2458498.2451684 10.94 0.13
2458498.2469045 11.03 0.15
2458498.2470781 10.86 0.13
2458498.2475989 11.03 0.15
2458498.2477725 11.00 0.14
2458498.2482934 10.94 0.13
2458498.2508975 11.01 0.15
2458498.2519392 10.96 0.14
2458498.2521128 11.00 0.14
2458498.2554114 11.07 0.16
2458498.2559332 11.00 0.14
2458498.2568004 10.92 0.14
2458498.2569739 11.09 0.16
2458498.2574947 11.02 0.15
2458498.2597517 11.02 0.15
2458498.2623559 11.08 0.16
2458498.2627031 11.25 0.15
2458498.2628767 11.04 0.13
2458498.2630503 11.16 0.14
2458498.2632239 11.14 0.14
2458498.2633975 11.05 0.13
2458498.2635711 11.00 0.12
2458498.2637447 10.95 0.12
2458498.2639184 10.97 0.12
2458498.2640920 11.15 0.14
2458498.2642656 11.28 0.16
2458498.2644392 11.11 0.13
2458498.2646128 11.16 0.14
2458498.2649600 11.02 0.13
2458498.2653072 11.15 0.14
2458498.2656545 11.13 0.14
2458498.2660017 11.04 0.13
2458498.2661753 10.98 0.12
2458498.2663489 11.10 0.14
2458498.2665225 11.07 0.13
2458498.2673906 11.14 0.14
2458498.2675655 10.99 0.12
2458498.2677389 11.13 0.14
2458498.2679124 11.23 0.15
2458498.2680858 11.06 0.13
2458498.2682593 11.09 0.13
2458498.2686062 11.21 0.15
2458498.2687796 11.13 0.14
2458498.2689531 11.00 0.12
2458498.2691267 11.01 0.12
2458498.2693003 11.09 0.13
2458498.2696475 10.98 0.12
2458498.2698211 10.96 0.12
2458498.2699947 10.91 0.11
2458498.2701684 11.10 0.13
2458498.2703420 11.14 0.14
2458498.2705156 11.22 0.15
2458498.2706892 11.25 0.15
2458498.2708628 11.26 0.15
2458498.2710364 11.03 0.12
2458498.2713836 11.21 0.15
2458498.2715572 11.30 0.16
2458498.2717309 11.13 0.14
2458498.2720781 11.19 0.15
2458498.2724253 11.26 0.15
2458498.2725989 11.15 0.14
2458498.2727725 11.16 0.14
2458498.2731197 11.23 0.15
2458498.2732934 11.05 0.12
2458498.2734670 11.36 0.17
2458498.2736406 11.14 0.13
2458498.2739878 11.18 0.14
2458498.2741614 11.22 0.15
2458498.2743350 11.19 0.14
2458498.2745086 11.08 0.13
2458498.2746823 11.17 0.14
2458498.2748559 11.10 0.13
2458498.2750295 11.20 0.14
2458498.2752031 11.29 0.16
2458498.2753767 11.07 0.13
2458498.2755503 11.30 0.16
2458498.2760711 11.30 0.16
2458498.2762448 11.15 0.14
2458498.2765920 11.17 0.14
2458498.2767656 11.21 0.15
2458498.2769392 11.24 0.15
2458498.2772864 11.12 0.14
2458498.2776336 11.22 0.15
2458498.2778072 11.28 0.16
2458498.2779809 11.15 0.14
2458498.2781545 11.21 0.15
2458498.2783281 11.15 0.14
2458498.2786753 11.12 0.13
2458498.2790225 11.02 0.12
2458498.2791961 11.21 0.15
2458498.2793697 11.19 0.14
2458498.2797182 10.89 0.11
2458498.2804120 10.99 0.12
2458498.2805854 11.07 0.13
2458498.2809323 11.26 0.16
2458498.2811059 11.24 0.15
2458498.2812795 11.04 0.13
2458498.2814531 11.09 0.13
2458498.2816267 11.13 0.14
2458498.2821475 10.94 0.12
2458498.2823211 10.95 0.12
2458498.2824948 11.10 0.14
2458498.2826684 11.16 0.14
2458498.2828420 11.12 0.14
2458498.2838836 11.05 0.13
2458498.2840573 11.13 0.14
2458498.2849253 11.13 0.14
2458498.2857934 11.14 0.14
2458498.2863142 11.20 0.15
2458498.2864878 11.18 0.14
2458498.2866614 11.11 0.14
2458498.2868350 11.13 0.14
2458498.2870086 10.97 0.12
2458498.2873559 11.12 0.14
2458498.2878767 11.15 0.14
2458498.2882239 11.16 0.14
2458498.2883975 11.08 0.13
2458498.2887447 11.16 0.14
2458498.2890920 11.13 0.14
2458498.2894392 11.22 0.15
2458498.2897864 11.22 0.15
2458498.2901336 11.08 0.13
2458498.2903073 11.10 0.14
2458498.2904809 10.99 0.12
2458498.2908281 11.02 0.13
2458498.2911753 11.09 0.13
2458498.2915239 11.08 0.13
2458498.2916974 11.14 0.14
2458498.2918708 11.05 0.13
2458498.2920443 10.97 0.12
2458498.2922177 11.05 0.13
2458498.2925646 11.28 0.16
2458498.2927381 11.04 0.13
2458498.2930850 11.25 0.16
2458498.2932586 11.04 0.13
2458498.2937795 11.04 0.13
2458498.2939531 11.14 0.14
2458498.2944739 10.94 0.13
2458498.2948211 11.10 0.15
2458498.2951684 11.10 0.14
2458498.2955156 11.07 0.13
2458498.2958628 10.98 0.12
2458498.2962100 11.12 0.14
2458498.2965572 11.09 0.14
2458498.2969045 11.16 0.14
2458498.2974253 11.11 0.14
2458498.2975989 11.11 0.14
2458498.2981198 11.24 0.15
2458498.2984670 11.07 0.13
2458498.2988142 11.19 0.15
2458498.2989878 11.13 0.14
2458498.2991614 11.11 0.14
2458498.2996823 10.99 0.13
2458498.2998559 11.04 0.13
2458498.3000295 11.08 0.14
2458498.3002031 11.38 0.18
2458498.3008975 11.14 0.14
2458498.3014184 10.98 0.12
2458498.3015920 10.97 0.12
2458498.3017656 11.18 0.15
2458498.3019392 11.27 0.16
2458498.3022864 11.00 0.12
2458498.3026336 11.11 0.14
2458498.3028072 11.18 0.14
2458498.3029809 10.98 0.12
2458498.3031545 11.10 0.14
2458498.3036766 11.16 0.14
2458498.3040235 10.96 0.12
2458498.3041969 11.11 0.14
2458498.3045438 11.05 0.13
2458498.3048907 11.14 0.14
2458498.3050642 11.22 0.15
2458498.3052378 11.21 0.15
2458498.3054114 11.25 0.15
2458498.3055850 11.24 0.15
2458498.3057586 11.06 0.13
2458498.3061059 11.03 0.13
2458498.3064531 11.11 0.14
2458498.3066267 11.21 0.15
2458498.3068003 11.11 0.14
2458498.3069739 11.27 0.16
2458498.3074948 11.25 0.16
2458498.3076684 11.15 0.14
2458498.3078420 11.16 0.14
2458498.3080156 11.23 0.15
2458498.3081892 11.13 0.14
2458498.3083628 11.07 0.13
2458498.3085364 10.98 0.12
2458498.3088836 11.02 0.13
2458498.3092309 11.25 0.16
2458498.3094045 11.08 0.13
2458498.3095781 10.96 0.12
2458498.3097517 11.17 0.15
2458498.3099253 11.10 0.14
2458498.3100989 11.22 0.15
2458498.3102725 11.08 0.14
2458498.3106197 11.14 0.15
2458498.3107934 11.31 0.17
2458498.3113142 11.14 0.14
2458498.3116614 11.01 0.13
2458498.3118350 11.12 0.14
2458498.3120086 11.13 0.14
2458498.3125295 11.17 0.15
2458498.3127031 11.08 0.14
2458498.3130503 11.09 0.14
2458498.3133975 11.09 0.14
2458498.3137448 11.05 0.13
2458498.3139184 11.10 0.14
2458498.3140920 10.94 0.12
2458498.3142656 11.17 0.15
2458498.3147864 11.13 0.14
2458498.3153073 10.88 0.11
2458498.3154809 10.92 0.12
2458498.3156558 11.15 0.15
2458498.3158292 11.03 0.13
2458498.3163496 11.02 0.13
2458498.3166965 10.82 0.11
2458498.3168699 11.19 0.15
2458498.3170434 10.98 0.13
2458498.3172170 11.04 0.13
2458500.2369855 10.97 0.16
2458500.2392424 10.92 0.16
2458500.2458397 11.09 0.17
2458500.2484438 11.00 0.16
2458500.2493119 11.00 0.16
2458500.2508744 11.07 0.17
2458500.2536522 10.81 0.13
2458500.2553883 10.96 0.15
2458500.2560827 10.89 0.14
2458500.2585133 11.04 0.16
2458500.2592077 10.87 0.14
2458500.2618119 11.05 0.16
2458500.2626799 11.01 0.15
2458500.2635480 10.91 0.14
2458500.2656313 11.15 0.17
2458500.2661522 10.93 0.14
2458500.2673674 10.92 0.14
2458500.2677147 10.86 0.13
2458500.2682355 10.99 0.15
2458500.2689307 11.05 0.16
2458500.2699716 10.87 0.13
2458500.2720549 11.02 0.15
2458500.2724022 11.08 0.16
2458500.2734438 11.05 0.15
2458500.2746591 10.94 0.14
2458500.2760480 10.96 0.14
2458500.2788258 11.00 0.15
2458500.2791730 11.08 0.16
2458500.2800410 10.98 0.14
2458500.2802147 11.08 0.16
2458500.2819508 11.01 0.15
2458500.2840341 10.84 0.13
2458500.2842077 10.86 0.13
2458500.2850758 10.90 0.13
2458500.2892424 11.04 0.15
2458500.2895897 11.05 0.15
2458500.2901105 10.98 0.14
2458500.2904577 11.01 0.15
2458500.2911522 11.05 0.15
2458500.2920202 11.06 0.15
2458500.2921938 10.86 0.12
2458500.2923688 10.84 0.12