2458467.3670250 10.67 0.11
2458467.3673723 10.78 0.12
2458467.3675459 11.11 0.16
2458467.3678931 10.80 0.12
2458467.3680667 10.97 0.14
2458467.3682403 11.07 0.16
2458467.3684139 10.82 0.12
2458467.3685875 10.92 0.14
2458467.3687611 11.04 0.15
2458467.3689347 10.82 0.12
2458467.3691084 10.77 0.12
2458467.3692820 10.89 0.13
2458467.3694556 10.83 0.12
2458467.3698028 11.02 0.15
2458467.3699764 11.03 0.15
2458467.3701500 10.85 0.13
2458467.3704972 10.89 0.13
2458467.3708445 10.85 0.13
2458467.3710181 10.80 0.12
2458467.3711917 10.96 0.14
2458467.3715389 11.03 0.15
2458467.3717125 10.99 0.14
2458467.3718861 10.79 0.12
2458467.3720598 10.71 0.11
2458467.3724070 11.09 0.16
2458467.3725806 10.95 0.14
2458467.3727542 11.02 0.15
2458467.3731014 10.99 0.15
2458467.3732750 10.93 0.14
2458467.3736223 10.95 0.14
2458467.3737959 10.85 0.13
2458467.3739695 10.94 0.14
2458467.3741431 11.14 0.17
2458467.3744903 10.92 0.14
2458467.3748375 11.10 0.16
2458467.3750111 11.08 0.16
2458467.3751848 11.04 0.15
2458467.3753584 11.02 0.15
2458467.3755332 10.94 0.14
2458467.3757067 10.96 0.14
2458467.3758801 10.70 0.11
2458467.3762270 10.77 0.12
2458467.3765739 10.99 0.15
2458467.3767473 11.00 0.15
2458467.3769209 10.74 0.12
2458467.3770945 10.88 0.13
2458467.3777889 10.87 0.13
2458467.3779625 10.93 0.14
2458467.3786570 10.91 0.14
2458467.3790042 10.88 0.13
2458467.3791778 10.92 0.14
2458467.3793514 10.99 0.15
2458467.3795250 11.02 0.15
2458467.3796986 11.06 0.16
2458467.3798723 10.91 0.13
2458467.3800459 10.99 0.15
2458467.3805667 10.95 0.14
2458467.3807403 10.80 0.12
2458467.3819556 10.91 0.14
2458467.3823028 10.84 0.13
2458467.3826500 10.77 0.12
2458467.3828236 10.81 0.12
2458467.3831709 10.95 0.14
2458467.3836917 10.91 0.14
2458467.3842125 11.10 0.16
2458467.3847334 10.88 0.14
2458467.3849070 10.91 0.14
2458467.3850806 10.83 0.13
2458467.3862959 10.91 0.14
2458467.3864695 10.92 0.14
2458467.3866431 10.93 0.14
2458467.3868167 10.94 0.14
2458467.3869903 11.01 0.15
2458467.3873389 10.98 0.15
2458467.3875123 10.78 0.12
2458467.3876858 10.88 0.13
2458467.3878592 11.00 0.15
2458467.3880327 10.90 0.14
2458467.3882061 10.87 0.13
2458467.3890736 11.01 0.15
2458467.3892473 10.96 0.14
2458467.3895945 10.89 0.13
2458467.3902889 10.98 0.15
2458467.3904625 11.04 0.15
2458467.3909834 11.00 0.15
2458467.3911570 11.08 0.16
2458467.3913306 10.85 0.13
2458467.3918514 10.80 0.13
2458467.3920250 10.82 0.13
2458467.3921986 11.01 0.15
2458467.3934139 10.88 0.14
2458467.3935875 10.88 0.14
2458467.3937611 10.77 0.12
2458467.3946292 10.83 0.13
2458467.3956709 10.93 0.14
2458467.3958445 10.89 0.14
2458467.3960181 10.89 0.14
2458467.3961917 10.77 0.12
2458467.3970598 10.97 0.15
2458467.3972334 10.99 0.15
2458467.3977542 11.14 0.17
2458467.3979278 10.92 0.14
2458467.3981014 10.91 0.14
2458467.3982750 10.99 0.15
2458467.3993180 10.86 0.13
2458467.3998383 10.86 0.13
2458467.4003586 10.99 0.15
2458467.4007056 10.97 0.15
2458467.4017472 10.80 0.13
2458467.4020945 10.82 0.13
2458467.4026153 10.99 0.15
2458467.4031361 10.78 0.13
2458467.4033098 10.94 0.14
2458467.4034834 10.81 0.13
2458467.4036570 10.88 0.14
2458467.4045250 10.83 0.13
2458467.4046986 10.84 0.13
2458467.4055667 10.71 0.12
2458467.4071292 10.93 0.14
2458467.4074764 10.75 0.12
2458467.4076500 10.77 0.12
2458467.4078236 10.78 0.13
2458467.4079972 10.89 0.14
2458467.4086917 10.82 0.13
2458467.4092125 10.89 0.14
2458467.4095597 10.83 0.13
2458467.4097334 10.94 0.14
2458467.4099070 10.80 0.13
2458467.4104278 10.99 0.15
2458467.4107750 10.96 0.15
2458467.4112971 10.77 0.12
2458467.4116440 11.02 0.16
2458467.4119908 10.80 0.13
2458467.4123377 10.65 0.11
2458467.4130320 10.92 0.14
2458467.4140736 10.97 0.15
2458467.4145945 10.91 0.14
2458467.4147681 10.87 0.14
2458467.4151153 10.91 0.14
2458467.4152889 10.94 0.14
2458467.4156361 10.97 0.15
2458467.4158097 10.97 0.15
2458467.4159834 10.98 0.15
2458467.4166778 10.97 0.15
2458467.4168514 10.89 0.14
2458467.4170250 10.94 0.15
2458467.4171986 10.91 0.14
2458467.4175459 10.89 0.14
2458467.4177195 10.67 0.12
2458467.4178931 11.05 0.16
2458467.4180667 10.91 0.14
2458467.4182403 10.82 0.13
2458467.4184139 10.94 0.15
2458467.4187611 10.72 0.12
2458467.4189348 10.84 0.14
2458467.4192820 10.99 0.16
2458467.4196292 10.98 0.15
2458467.4203236 10.83 0.14
2458467.4206709 11.01 0.16
2458469.3667865 11.09 0.12
2458469.3670135 11.14 0.12
2458469.3671871 10.84 0.09
2458469.3673607 10.83 0.09
2458469.3675343 10.88 0.10
2458469.3677079 10.84 0.09
2458469.3678815 11.02 0.11
2458469.3680551 10.80 0.09
2458469.3682287 10.82 0.09
2458469.3684023 10.86 0.10
2458469.3685760 10.95 0.10
2458469.3687496 10.80 0.09
2458469.3689232 10.99 0.11
2458469.3690968 11.00 0.11
2458469.3692704 10.84 0.09
2458469.3694440 10.89 0.10
2458469.3696176 10.82 0.09
2458469.3697912 11.04 0.11
2458469.3699648 10.88 0.10
2458469.3701384 10.99 0.11
2458469.3703121 10.98 0.11
2458469.3704857 10.98 0.11
2458469.3706593 10.83 0.09
2458469.3708329 10.83 0.09
2458469.3710065 10.91 0.10
2458469.3711801 10.81 0.09
2458469.3713537 11.05 0.11
2458469.3715273 10.82 0.09
2458469.3717009 10.95 0.10
2458469.3720482 10.75 0.09
2458469.3722218 10.89 0.10
2458469.3723954 10.79 0.09
2458469.3725690 10.90 0.10
2458469.3727426 10.82 0.09
2458469.3729162 11.02 0.11
2458469.3730898 10.88 0.10
2458469.3732635 10.96 0.10
2458469.3734371 11.05 0.11
2458469.3736107 10.92 0.10
2458469.3737843 10.91 0.10
2458469.3739579 10.96 0.11
2458469.3741315 11.10 0.12
2458469.3743051 11.05 0.11
2458469.3744787 10.95 0.11
2458469.3746524 11.00 0.11
2458469.3748260 10.89 0.10
2458469.3749996 10.88 0.10
2458469.3751732 10.86 0.10
2458469.3753468 10.80 0.09
2458469.3755204 11.07 0.12
2458469.3756940 10.87 0.10
2458469.3758676 10.88 0.10
2458469.3760425 11.12 0.12
2458469.3763894 10.87 0.10
2458469.3765628 10.86 0.10
2458469.3769097 10.87 0.10
2458469.3770832 10.88 0.10
2458469.3774301 11.07 0.12
2458469.3776037 10.99 0.11
2458469.3777773 10.93 0.10
2458469.3779510 11.01 0.11
2458469.3781246 10.99 0.11
2458469.3782982 10.85 0.09
2458469.3784718 10.93 0.10
2458488.3044163 10.92 0.13
2458488.3045899 10.94 0.13
2458488.3047635 11.02 0.14
2458488.3049371 10.94 0.13
2458488.3051107 10.94 0.13
2458488.3052844 11.02 0.14
2458488.3056316 10.88 0.12
2458488.3058052 10.82 0.12
2458488.3059788 11.09 0.15
2458488.3061524 10.93 0.13
2458488.3063260 10.86 0.12
2458488.3064996 11.06 0.15
2458488.3066732 10.80 0.11
2458488.3068468 10.82 0.12
2458488.3071941 10.91 0.13
2458488.3073677 11.01 0.14
2458488.3075413 10.89 0.13
2458488.3077149 10.95 0.13
2458488.3082357 11.15 0.16
2458488.3089302 10.89 0.12
2458488.3091038 11.05 0.14
2458488.3092788 11.01 0.14
2458488.3094522 10.81 0.12
2458488.3096257 11.06 0.15
2458488.3099726 11.13 0.16
2458488.3103194 10.99 0.14
2458488.3104929 11.08 0.15
2458488.3106663 11.07 0.15
2458488.3108399 11.16 0.16
2458488.3110135 11.01 0.14
2458488.3111871 11.10 0.15
2458488.3113607 10.84 0.12
2458488.3115344 11.00 0.14
2458488.3117080 11.00 0.14
2458488.3118816 10.92 0.13
2458488.3127496 10.89 0.13
2458488.3130969 10.83 0.12
2458488.3132705 10.89 0.13
2458488.3134441 11.08 0.15
2458488.3137913 10.74 0.11
2458488.3148330 11.05 0.15
2458488.3150066 11.02 0.14
2458488.3155274 10.94 0.13
2458488.3158746 11.09 0.15
2458488.3160482 11.03 0.14
2458488.3162218 10.90 0.13
2458488.3167427 10.94 0.13
2458488.3169163 10.93 0.13
2458488.3170899 10.97 0.14
2458488.3174371 10.96 0.14
2458488.3179580 10.90 0.13
2458488.3183052 11.01 0.14
2458488.3188260 10.85 0.12
2458488.3191732 10.97 0.14
2458488.3193469 10.96 0.14
2458488.3195205 10.85 0.13
2458488.3196941 11.01 0.14
2458488.3200413 10.89 0.13
2458488.3202149 10.93 0.13
2458488.3203885 10.86 0.13
2458488.3207357 10.93 0.13
2458488.3212579 10.82 0.12
2458488.3214314 10.96 0.14
2458488.3219517 10.74 0.11
2458488.3221252 10.96 0.14
2458488.3226455 10.80 0.12
2458488.3228191 11.03 0.15
2458488.3229927 10.97 0.14
2458488.3231663 10.85 0.13
2458488.3233399 10.92 0.14
2458488.3236871 10.91 0.13
2458488.3242080 11.04 0.15
2458488.3245552 10.86 0.13
2458488.3247288 10.87 0.13
2458488.3249024 10.95 0.14
2458488.3250760 10.86 0.13
2458488.3257705 10.89 0.13
2458488.3259441 10.95 0.14
2458488.3261177 10.91 0.13
2458488.3268121 10.79 0.12
2458488.3269857 10.83 0.13
2458488.3275066 10.93 0.14
2458488.3288955 10.82 0.12
2458488.3295899 10.99 0.15
2458488.3302843 10.92 0.14
2458488.3304580 10.89 0.13
2458488.3308052 10.98 0.15
2458488.3316732 10.83 0.12
2458488.3325413 10.84 0.13
2458488.3327149 10.87 0.13
2458488.3328885 11.01 0.15
2458488.3332370 10.87 0.13
2458488.3334105 10.97 0.14
2458488.3335839 10.93 0.14
2458488.3337574 10.88 0.13
2458488.3339308 11.02 0.15
2458488.3341043 11.07 0.16
2458488.3342777 10.91 0.13
2458488.3346246 10.92 0.14
2458488.3349719 10.96 0.14
2458488.3354927 10.93 0.14
2458488.3358399 10.95 0.14
2458488.3360135 10.80 0.12
2458488.3361871 10.85 0.13
2458488.3365344 10.85 0.13
2458488.3368816 10.82 0.12
2458488.3379232 10.89 0.13
2458488.3380968 10.84 0.13
2458488.3382705 10.79 0.12
2458488.3386177 10.91 0.14
2458488.3389649 10.99 0.15
2458488.3391385 10.84 0.13
2458488.3393121 10.80 0.12
2458488.3394857 11.00 0.15
2458488.3396593 10.91 0.14
2458488.3400066 10.77 0.12
2458488.3401802 10.89 0.13
2458488.3403538 10.94 0.14
2458488.3407010 10.90 0.13
2458488.3408746 10.96 0.14
2458488.3410482 10.83 0.13
2458488.3412219 10.91 0.14
2458488.3413955 10.86 0.13
2458488.3415691 10.98 0.15
2458488.3417427 10.81 0.13
2458488.3422635 10.88 0.13
2458488.3424371 10.87 0.13
2458488.3427844 10.84 0.13
2458488.3429580 10.75 0.12
2458488.3438260 10.88 0.14
2458488.3446941 10.75 0.12
2458488.3452162 11.06 0.16
2458488.3453896 10.99 0.15
2458488.3462569 10.82 0.13
2458488.3472982 10.90 0.14
2458488.3474718 10.83 0.13
2458488.3478191 10.95 0.14
2458488.3479927 11.06 0.16
2458488.3483399 10.79 0.12
2458488.3485135 10.82 0.13
2458488.3486871 10.91 0.14
2458488.3490344 10.69 0.11
2458488.3495552 10.95 0.14
2458488.3497288 10.85 0.13
2458488.3500760 10.95 0.14
2458488.3505969 10.87 0.13
2458488.3507705 11.06 0.16
2458488.3511177 10.88 0.13
2458488.3512913 11.02 0.15
2458488.3516385 11.05 0.15
2458488.3519857 10.94 0.14
2458488.3521594 10.80 0.12
2458488.3532010 10.94 0.14
2458488.3533746 10.89 0.13
2458488.3540691 10.82 0.13
2458488.3542427 11.05 0.15
2458488.3544163 10.97 0.14
2458488.3545899 10.90 0.14
2458488.3547635 11.07 0.16
2458488.3549371 11.08 0.16
2458488.3551107 10.98 0.15
2458488.3558052 11.00 0.15
2458488.3563260 10.94 0.14
2458488.3564996 11.09 0.16
2458488.3571953 10.86 0.13
2458488.3573687 11.00 0.15
2458488.3575422 10.85 0.13
2458488.3578891 10.85 0.13
2458488.3580625 10.97 0.14
2458488.3582360 11.11 0.17
2458488.3584094 10.82 0.13
2458488.3589302 11.01 0.15
2458488.3591038 10.76 0.12
2458488.3592774 10.90 0.14
2458488.3594510 10.95 0.14
2458488.3596246 10.83 0.13
2458488.3597982 10.93 0.14
2458488.3599718 10.86 0.13
2458488.3601455 10.77 0.12
2458488.3603191 10.90 0.14
2458488.3604927 10.81 0.12
2458488.3606663 10.90 0.14
2458488.3611871 11.04 0.15
2458488.3615343 11.07 0.16
2458488.3618816 10.89 0.13
2458488.3622288 10.99 0.15
2458488.3624024 10.86 0.13
2458488.3625760 11.05 0.15
2458488.3629232 10.88 0.13
2458488.3630968 10.85 0.13
2458488.3634441 10.92 0.14
2458488.3636177 10.73 0.12
2458488.3637913 10.77 0.12
2458488.3639649 10.80 0.13
2458488.3641385 10.79 0.12
2458488.3643121 10.92 0.14
2458488.3646594 10.83 0.13
2458488.3651802 11.01 0.15
2458488.3655274 11.01 0.15
2458488.3658746 10.97 0.15
2458488.3663955 10.92 0.14
2458488.3669163 10.92 0.14
2458488.3677844 10.88 0.13
2458488.3679580 11.00 0.15
2458488.3681316 10.93 0.14
2458488.3683052 10.88 0.13
2458488.3684788 10.97 0.15
2458488.3691744 10.95 0.14
2458488.3695213 10.89 0.14
2458488.3696948 10.96 0.15
2458488.3700417 10.94 0.14
2458488.3702150 10.99 0.15
2458488.3703885 10.89 0.14
2458488.3707357 10.71 0.12
2458488.3709093 10.83 0.13
2458488.3710830 11.09 0.17
2458488.3717774 10.98 0.15
2458488.3719510 10.88 0.14
2458488.3721246 10.95 0.15
2458488.3722982 10.92 0.14
2458488.3733399 10.95 0.14
2458493.2519739 10.88 0.12
2458493.2521475 10.84 0.12
2458493.2523211 11.05 0.14
2458493.2524947 10.87 0.12
2458493.2526684 10.75 0.11
2458493.2528420 10.76 0.11
2458493.2530156 11.04 0.14
2458493.2531892 10.99 0.13
2458493.2533628 11.06 0.14
2458493.2535364 10.89 0.12
2458493.2537100 10.89 0.12
2458493.2538836 10.82 0.11
2458493.2540586 10.97 0.13
2458493.2542320 10.76 0.11
2458493.2544055 10.88 0.12
2458493.2545789 10.89 0.12
2458493.2547524 10.88 0.12
2458493.2549258 10.85 0.12
2458493.2550993 10.82 0.11
2458493.2552727 10.86 0.12
2458493.2554461 10.84 0.12
2458493.2556198 10.96 0.13
2458493.2557934 10.92 0.12
2458493.2561406 11.03 0.14
2458493.2564878 10.82 0.11
2458493.2573559 10.86 0.12
2458493.2580503 10.92 0.12
2458493.2582239 10.96 0.13
2458493.2583975 10.82 0.11
2458493.2585711 10.98 0.13
2458493.2587447 10.98 0.13
2458493.2589184 10.82 0.11
2458493.2590920 10.77 0.11
2458493.2592656 11.01 0.13
2458493.2594392 11.04 0.14
2458493.2596128 10.96 0.13
2458493.2597864 10.84 0.12
2458493.2599600 11.03 0.14
2458493.2601336 10.93 0.13
2458493.2603072 10.94 0.13
2458493.2604809 10.87 0.12
2458493.2606545 10.90 0.12
2458493.2608281 11.15 0.15
2458493.2610017 10.89 0.12
2458493.2613489 11.00 0.13
2458493.2616961 11.05 0.14
2458493.2622170 10.77 0.11
2458493.2625642 10.94 0.13
2458493.2630850 10.95 0.13
2458493.2632586 11.06 0.14
2458493.2634323 10.97 0.13
2458493.2637795 10.92 0.12
2458493.2639531 10.95 0.13
2458493.2643003 10.84 0.11
2458493.2644739 10.86 0.12
2458493.2649948 11.03 0.14
2458493.2651684 11.02 0.14
2458493.2653420 10.72 0.10
2458493.2655156 10.83 0.11
2458493.2656892 10.99 0.13
2458493.2658628 11.03 0.14
2458493.2662112 10.88 0.12
2458493.2665581 10.92 0.12
2458493.2675989 10.87 0.12
2458493.2677725 10.86 0.12
2458493.2679461 10.84 0.12
2458493.2681197 10.90 0.12
2458493.2682934 10.93 0.12
2458493.2684670 11.06 0.14
2458493.2686406 11.00 0.13
2458493.2688142 10.85 0.11
2458493.2689878 10.88 0.12
2458493.2695086 10.91 0.12
2458493.2696822 10.71 0.10
2458493.2698559 10.74 0.10
2458493.2700295 10.83 0.11
2458493.2705503 11.00 0.13
2458493.2707239 10.77 0.11
2458493.2708975 10.88 0.12
2458493.2715920 10.88 0.12
2458493.2717656 10.82 0.11
2458493.2719392 10.98 0.13
2458493.2721128 10.93 0.12
2458493.2722864 10.90 0.12
2458493.2724600 11.02 0.13
2458493.2726336 10.92 0.12
2458493.2728073 10.81 0.11
2458493.2729809 11.18 0.16
2458493.2733281 10.77 0.11
2458493.2736753 10.90 0.12
2458493.2738489 10.99 0.13
2458493.2740225 10.83 0.11
2458493.2741961 11.01 0.13
2458493.2743697 10.95 0.13
2458493.2745434 10.95 0.13
2458493.2747170 10.90 0.12
2458493.2755850 10.99 0.13
2458493.2761059 10.91 0.12
2458493.2762795 10.96 0.13
2458493.2766267 10.90 0.12
2458493.2769739 10.99 0.13
2458493.2773211 10.95 0.13
2458493.2776684 10.98 0.13
2458493.2778420 11.13 0.15
2458493.2780169 10.96 0.13
2458493.2781904 10.86 0.12
2458493.2783638 10.88 0.12
2458493.2785373 10.90 0.12
2458493.2787107 10.73 0.10
2458493.2788841 11.05 0.14
2458493.2790576 10.81 0.11
2458493.2792310 11.00 0.13
2458493.2794045 11.01 0.13
2458493.2795781 11.08 0.14
2458493.2797517 11.05 0.14
2458493.2799253 10.96 0.13
2458493.2800989 10.98 0.13
2458493.2802725 10.88 0.12
2458493.2804461 10.82 0.11
2458493.2806198 10.82 0.11
2458493.2807934 10.85 0.12
2458493.2809670 11.05 0.14
2458493.2813142 10.71 0.10
2458493.2814878 10.95 0.13
2458493.2816614 10.89 0.12
2458493.2818350 10.94 0.13
2458493.2820086 11.04 0.14
2458493.2832239 11.01 0.13
2458493.2833975 10.88 0.12
2458493.2837447 10.90 0.12
2458493.2839184 10.94 0.13
2458493.2844392 10.92 0.12
2458493.2846128 10.83 0.11
2458493.2849600 11.02 0.13
2458493.2851336 10.80 0.11
2458493.2853072 10.85 0.12
2458493.2856545 10.97 0.13
2458493.2858281 10.91 0.12
2458493.2860017 11.13 0.15
2458493.2863489 11.00 0.13
2458493.2865225 10.86 0.12
2458493.2866961 10.96 0.13
2458493.2870434 10.94 0.13
2458493.2875642 10.86 0.12
2458493.2877378 11.02 0.13
2458493.2879114 11.08 0.14
2458493.2884323 10.96 0.13
2458493.2886059 10.83 0.11
2458493.2887795 10.85 0.12
2458493.2893003 10.86 0.12
2458493.2894739 11.00 0.13
2458493.2896475 11.03 0.14
2458493.2899961 11.02 0.13
2458493.2901695 10.93 0.12
2458493.2906898 10.90 0.12
2458493.2910367 10.82 0.11
2458493.2912102 10.95 0.13
2458493.2913836 10.74 0.10
2458493.2915572 10.86 0.12
2458493.2919045 10.78 0.11
2458493.2920781 10.82 0.11
2458493.2922517 10.93 0.12
2458493.2924253 10.78 0.11
2458493.2925989 10.89 0.12
2458493.2929461 10.92 0.12
2458493.2931197 10.93 0.12
2458493.2932934 10.91 0.12
2458493.2934670 10.99 0.13
2458493.2936406 10.85 0.12
2458493.2939878 10.76 0.11
2458493.2945086 10.83 0.11
2458493.2946823 11.08 0.14
2458493.2948559 10.80 0.11
2458493.2950295 10.86 0.12
2458493.2952031 10.95 0.13
2458493.2953767 10.86 0.12
2458493.2955503 10.98 0.13
2458493.2958975 10.85 0.12
2458493.2960711 10.89 0.12
2458493.2962448 10.90 0.12
2458493.2964184 11.02 0.13
2458493.2965920 11.01 0.13
2458493.2967656 11.01 0.13
2458493.2971128 11.02 0.14
2458493.2974600 10.87 0.12
2458493.2978072 10.97 0.13
2458493.2979809 11.05 0.14
2458493.2981545 10.94 0.13
2458493.2983281 10.79 0.11
2458493.2990225 10.85 0.12
2458493.2995434 10.86 0.12
2458493.3000642 10.72 0.11
2458493.3002378 10.83 0.12
2458493.3018931 10.97 0.13
2458493.3021591 10.94 0.13
2458493.3023327 11.06 0.14
2458493.3025063 10.84 0.12
2458493.3030272 10.81 0.11
2458493.3033744 11.06 0.14
2458493.3037216 10.73 0.10
2458493.3038952 10.85 0.12
2458493.3047633 10.93 0.12
2458493.3049369 10.92 0.12
2458493.3052841 10.81 0.11
2458493.3054577 10.85 0.12
2458493.3059785 10.92 0.12
2458493.3066730 10.99 0.13
2458493.3068466 10.90 0.12
2458493.3070202 11.07 0.14
2458493.3071938 10.82 0.11
2458493.3073674 10.95 0.13
2458493.3078883 10.97 0.13
2458493.3082355 10.88 0.12
2458493.3084091 10.78 0.11
2458493.3085827 10.95 0.13
2458493.3087563 10.83 0.11
2458493.3094508 10.89 0.12
2458493.3097980 10.81 0.11
2458493.3108397 10.75 0.10
2458493.3111869 10.89 0.12
2458493.3115341 10.87 0.12
2458493.3118813 10.72 0.10
2458493.3120549 10.91 0.12
2458493.3122298 10.90 0.12
2458493.3124033 10.97 0.13
2458493.3125767 10.86 0.12
2458493.3127502 10.98 0.13
2458493.3130971 10.89 0.12
2458493.3132705 10.89 0.12
2458493.3134439 10.91 0.12
2458493.3136174 11.04 0.13
2458493.3143119 10.89 0.12
2458493.3148327 10.85 0.11
2458493.3153535 10.97 0.13
2458493.3163952 10.83 0.11
2458493.3165688 10.89 0.12
2458493.3167424 10.95 0.12
2458493.3170897 10.88 0.12
2458493.3181313 10.86 0.11
2458493.3183049 10.92 0.12
2458493.3184786 10.95 0.12
2458493.3188258 10.90 0.12
2458493.3189994 10.75 0.10
2458493.3191730 10.93 0.12
2458493.3193466 10.83 0.11
2458493.3195202 10.94 0.12
2458493.3196938 10.95 0.12
2458493.3200411 10.98 0.13
2458493.3203883 10.84 0.11
2458493.3205619 10.86 0.11
2458493.3212563 10.84 0.11
2458493.3216035 11.01 0.13
2458493.3217772 10.71 0.10
2458493.3219508 10.94 0.12
2458493.3221244 11.06 0.14
2458493.3222980 10.79 0.11
2458493.3226452 10.81 0.11
2458493.3228188 10.86 0.11
2458493.3231662 10.80 0.11
2458493.3233397 10.87 0.11
2458493.3235133 10.97 0.13
2458493.3236869 10.77 0.10
2458493.3238605 10.92 0.12
2458493.3240341 10.84 0.11
2458493.3243824 10.82 0.11
2458493.3247293 11.05 0.14
2458493.3249028 11.05 0.14
2458493.3250762 11.10 0.14
2458493.3252497 10.87 0.11
2458493.3255966 10.79 0.11
2458493.3257702 10.79 0.11
2458493.3259438 10.90 0.12
2458493.3261174 10.87 0.11
2458493.3269855 11.06 0.14
2458493.3271591 11.05 0.13
2458493.3275063 10.80 0.11
2458493.3278536 10.70 0.10
2458493.3280272 10.85 0.11
2458493.3282008 11.02 0.13
2458493.3283744 10.84 0.11
2458493.3285480 10.92 0.12
2458493.3287216 10.93 0.12
2458493.3290688 10.95 0.12
2458493.3292430 11.04 0.13
2458493.3294160 10.83 0.11
2458493.3295897 10.77 0.10
2458493.3299369 11.06 0.13
2458493.3301105 10.81 0.11
2458493.3302841 10.86 0.11
2458493.3304577 10.80 0.11
2458493.3306313 10.78 0.11
2458493.3309785 10.80 0.11
2458493.3311522 10.81 0.11
2458493.3313258 10.79 0.11
2458493.3314994 10.77 0.10
2458493.3316730 10.84 0.11
2458493.3318466 11.00 0.13
2458493.3320202 10.94 0.12
2458493.3323674 10.77 0.10
2458493.3330619 10.77 0.10
2458493.3332355 10.91 0.12
2458493.3334091 10.96 0.13
2458493.3339299 10.93 0.12
2458493.3341036 10.90 0.12
2458493.3342772 10.91 0.12
2458493.3344508 10.81 0.11
2458493.3346244 10.82 0.11
2458493.3347980 11.00 0.13
2458493.3349716 10.80 0.11
2458493.3351452 11.06 0.14
2458493.3353188 10.90 0.12
2458493.3354924 10.93 0.12
2458493.3356661 10.88 0.12
2458493.3358397 10.75 0.10
2458493.3360133 10.95 0.12
2458493.3361882 10.78 0.11
2458493.3363616 10.83 0.11
2458493.3365351 11.10 0.14
2458493.3367085 10.94 0.12
2458493.3368820 10.86 0.11
2458493.3370554 10.90 0.12
2458493.3372288 10.86 0.12
2458493.3375758 11.00 0.13
2458493.3377494 10.97 0.13
2458493.3379230 10.91 0.12
2458493.3380966 10.88 0.12
2458493.3382702 10.87 0.12
2458493.3384438 10.90 0.12
2458493.3386174 10.85 0.11
2458493.3387910 11.06 0.14
2458493.3389647 10.97 0.13
2458493.3396591 11.06 0.14
2458493.3405272 10.74 0.10
2458493.3407008 10.96 0.13
2458493.3408744 11.01 0.13
2458493.3410480 10.85 0.11
2458493.3412216 10.91 0.12
2458493.3413952 11.12 0.15
2458493.3417424 10.81 0.11
2458493.3419161 10.96 0.13
2458493.3422633 10.65 0.10
2458493.3424369 10.76 0.11
2458493.3426105 10.86 0.12
2458493.3427841 10.85 0.11
2458493.3429577 10.85 0.11
2458493.3431313 10.96 0.13
2458493.3433049 10.97 0.13
2458493.3434786 11.16 0.15
2458493.3436522 10.78 0.11
2458493.3438258 10.91 0.12
2458493.3445202 10.86 0.12
2458493.3446938 10.92 0.12
2458493.3448674 10.92 0.12
2458493.3450410 10.87 0.12
2458493.3452147 10.87 0.12
2458493.3453883 11.07 0.14
2458493.3455619 10.97 0.13
2458493.3457355 11.02 0.13
2458493.3460827 11.07 0.14
2458493.3462563 11.02 0.13
2458493.3464299 11.04 0.14
2458493.3467772 11.10 0.14
2458493.3469508 10.90 0.12
2458493.3471244 10.85 0.11
2458493.3472980 10.87 0.12
2458493.3474716 11.00 0.13
2458493.3479924 10.90 0.12
2458493.3481673 10.81 0.11
2458493.3488611 10.86 0.12
2458493.3490345 11.17 0.15
2458493.3492080 10.70 0.10
2458493.3495549 10.92 0.12
2458493.3500758 11.01 0.13
2458493.3505966 10.93 0.12
2458493.3509438 10.98 0.13
2458493.3511174 10.93 0.12
2458493.3514647 10.92 0.12
2458493.3518119 10.81 0.11
2458493.3521591 10.93 0.12
2458493.3523327 10.91 0.12
2458493.3528535 10.84 0.11
2458493.3532008 10.97 0.13
2458493.3538952 10.91 0.12
2458493.3544160 10.92 0.12
2458493.3551105 11.00 0.13
2458493.3554577 10.92 0.12
2458493.3556313 10.94 0.12
2458493.3559786 10.91 0.12
2458493.3561522 11.11 0.14
2458493.3564994 10.79 0.11
2458493.3566730 10.90 0.12
2458493.3568466 10.84 0.11
2458493.3571938 10.99 0.13
2458493.3573674 10.95 0.12
2458493.3575411 10.86 0.12
2458493.3577147 11.16 0.15
2458493.3582355 10.93 0.12
2458493.3585827 11.13 0.15
2458493.3591036 10.76 0.10
2458493.3592772 10.86 0.12
2458493.3597980 10.83 0.11
2458493.3604934 11.01 0.13
2458493.3613606 10.98 0.13
2458493.3615341 11.15 0.15
2458493.3617077 11.08 0.14
2458493.3630966 11.03 0.14
2458493.3637911 10.67 0.10
2458493.3641383 10.97 0.13
2458493.3650063 10.78 0.11
2458493.3651799 11.06 0.14
2458493.3653536 10.93 0.12
2458493.3655272 10.96 0.13
2458493.3657008 10.82 0.11
2458493.3662216 10.98 0.13
2458493.3669161 10.67 0.10
2458493.3672633 10.96 0.13
2458493.3684785 10.76 0.10
2458493.3688258 10.91 0.12
2458493.3689994 10.98 0.13
2458493.3691730 10.96 0.13
2458493.3698674 10.93 0.12
2458493.3707355 10.99 0.13
2458493.3709091 10.77 0.11
2458493.3712563 10.89 0.12
2458493.3717772 11.03 0.14
2458493.3719508 10.96 0.13
2458493.3721257 11.02 0.13
2458493.3722991 11.05 0.14
2458493.3724725 11.03 0.14
2458493.3726460 11.02 0.14
2458493.3728194 10.90 0.12
2458493.3731663 10.90 0.12
2458493.3735133 11.03 0.13
2458493.3736869 11.00 0.13
2458493.3738605 10.82 0.11
2458493.3742077 10.94 0.13
2458493.3743813 10.90 0.12
2458493.3752494 10.90 0.12
2458493.3755966 11.02 0.13
2458493.3764647 11.12 0.15
2458493.3769855 11.05 0.14
2458493.3771591 10.77 0.11
2458493.3776799 11.04 0.14
2458493.3790688 10.86 0.12
2458493.3792424 10.87 0.12
2458493.3795897 10.92 0.12
2458493.3799369 11.00 0.13
2458493.3801105 10.98 0.13
2458493.3802841 11.01 0.14
2458493.3804577 10.87 0.12
2458493.3806313 10.93 0.13
2458493.3808049 10.97 0.13
2458493.3811522 10.80 0.11
2458493.3813258 10.98 0.13
2458493.3814994 10.91 0.12
2458493.3816730 10.90 0.12
2458493.3818466 10.94 0.13
2458493.3820202 10.88 0.12
2458493.3821938 10.83 0.12
2458493.3825411 10.65 0.10
2458493.3827147 10.89 0.12
2458493.3828883 10.83 0.12
2458493.3830619 11.01 0.14
2458493.3832355 11.04 0.14
2458493.3834091 10.95 0.13
2458493.3837563 10.91 0.13
2458493.3849720 10.72 0.11
2458493.3856660 10.89 0.12
2458493.3861869 11.07 0.15
2458493.3863605 10.92 0.13
2458493.3875758 10.73 0.11
2458493.3877494 10.89 0.12
2458493.3880966 10.73 0.11
2458493.3882702 10.98 0.13
2458493.3884438 10.77 0.11
2458493.3886174 11.07 0.15
2458493.3887911 10.78 0.11
2458493.3889647 10.83 0.12
2458493.3893119 11.03 0.14
2458493.3894855 10.91 0.13
2458493.3896591 10.99 0.14
2458493.3900063 10.84 0.12
2458493.3901799 10.80 0.12
2458493.3905272 10.99 0.14
2458493.3907008 10.96 0.13
2458493.3912216 10.98 0.13
2458493.3913952 10.86 0.12
2458493.3920897 10.96 0.13
2458493.3922633 10.97 0.13
2458493.3924369 10.91 0.13
2458493.3926105 11.07 0.15
2458493.3931313 10.96 0.13
2458493.3933049 10.84 0.12
2458493.3936522 10.90 0.12
2458493.3938258 10.91 0.13
2458493.3939994 10.74 0.11
2458493.3945202 10.81 0.12
2458493.3953883 11.08 0.15
2458493.3957355 11.11 0.15
2458493.3962574 10.94 0.13
2458493.3966043 11.13 0.16
2458493.3988605 10.89 0.13
2458493.4011174 10.84 0.12
2458493.4014647 11.15 0.16
2458493.4016383 10.88 0.13
2458493.4018119 11.05 0.15
2458493.4019855 10.85 0.12
2458493.4021591 10.90 0.13
2458493.4023327 10.88 0.13
2458493.4025063 10.97 0.14
2458493.4026799 11.01 0.14
2458493.4028536 10.94 0.13
2458493.4030272 11.08 0.15
2458493.4032008 10.86 0.12
2458493.4033744 10.88 0.13
2458493.4035480 10.95 0.13
2458493.4045897 10.94 0.13
2458493.4047633 10.99 0.14
2458493.4049369 10.92 0.13
2458493.4052841 11.06 0.15
2458493.4068466 11.02 0.14
2458493.4070202 11.01 0.14
2458493.4071938 10.96 0.14
2458493.4075410 10.82 0.12
2458493.4077147 10.96 0.14
2458493.4082365 10.96 0.14
2458493.4084099 10.98 0.14
2458493.4089302 11.11 0.16
2458493.4091037 11.13 0.16
2458493.4092772 11.03 0.15
2458493.4094508 11.07 0.15
2458493.4096244 10.79 0.12
2458493.4101452 10.97 0.14
2458493.4103188 10.89 0.13
2458493.4104924 11.09 0.16
2458493.4106661 10.84 0.12
2458493.4110133 10.90 0.13
2458493.4113605 11.06 0.15
2458493.4115341 10.92 0.13
2458493.4118813 10.92 0.13
2458493.4122286 10.95 0.14
2458493.4127494 10.96 0.14
2458493.4130966 11.01 0.15
2458493.4132702 10.91 0.14
2458493.4136174 10.96 0.14
2458493.4137911 10.96 0.14
2458493.4139647 10.96 0.14
2458493.4141383 10.92 0.13
2458493.4143119 10.96 0.14
2458493.4146591 11.04 0.15
2458493.4150063 10.96 0.14
2458493.4151799 10.95 0.14
2458494.3465573 10.76 0.15
2458494.3510711 10.94 0.18
2458494.3522864 10.75 0.15
2458495.1522980 10.63 0.15
2458495.1677494 10.74 0.16
2458495.1845897 10.73 0.15
2458495.1852841 10.78 0.16
2458495.1908397 10.72 0.15
2458495.1925758 10.79 0.16
2458495.1974369 10.70 0.14
2458495.1986522 10.70 0.14
2458495.2012563 10.80 0.16
2458495.2016035 10.85 0.16
2458495.2021244 10.84 0.16
2458495.2029924 10.66 0.14
2458495.2066383 10.75 0.15
2458495.2068132 10.65 0.14
2458495.2073336 10.67 0.14
2458495.2078539 10.87 0.17
2458495.2092424 10.64 0.14
2458495.2101105 10.73 0.15
2458495.2109786 10.73 0.15
2458495.2123674 10.81 0.16
2458495.2135827 10.74 0.15
2458495.2153188 10.76 0.15
2458495.2186174 10.62 0.13
2458495.2189658 10.64 0.13
2458495.2196596 10.62 0.13
2458495.2198331 10.75 0.15
2458495.2200065 10.80 0.15
2458495.2212216 10.47 0.11
2458495.2231313 10.83 0.16
2458495.2241730 10.74 0.15
2458495.2246938 10.74 0.14
2458495.2266036 10.63 0.13
2458495.2269508 10.74 0.15
2458495.2272980 10.62 0.13
2458495.2274716 10.66 0.14
2458495.2281661 10.77 0.15
2458495.2286869 10.84 0.16
2458495.2311185 10.75 0.14
2458495.2312919 10.63 0.13
2458495.2319857 10.74 0.14
2458495.2326799 10.74 0.14
2458495.2330272 10.76 0.14
2458495.2332008 10.78 0.14
2458495.2335480 10.79 0.15
2458495.2337216 10.87 0.16
2458495.2340688 10.81 0.15
2458495.2344161 10.95 0.17
2458495.2347633 10.90 0.16
2458495.2352841 10.71 0.14
2458495.2375411 10.74 0.14
2458495.2391035 10.69 0.13
2458495.2403188 10.70 0.13
2458495.2404924 10.71 0.13
2458495.2408397 10.80 0.15
2458495.2415341 10.97 0.17
2458495.2420549 10.64 0.13
2458495.2434445 10.78 0.15
2458495.2436180 10.75 0.14
2458495.2437914 10.68 0.13
2458495.2446591 10.67 0.13
2458495.2462216 10.70 0.14
2458495.2469160 10.61 0.12
2458495.2489994 10.77 0.14
2458495.2498674 10.65 0.13
2458495.2528188 10.78 0.14
2458495.2531661 10.90 0.16
2458495.2538605 10.93 0.16
2458495.2542077 10.71 0.13
2458495.2545549 10.84 0.15
2458495.2554238 10.78 0.14
2458495.2564647 10.81 0.14
2458495.2568119 10.83 0.15
2458495.2571591 10.66 0.13
2458495.2597633 10.56 0.11
2458495.2601105 10.80 0.14
2458495.2608049 10.84 0.15
2458495.2609786 10.96 0.16
2458495.2611522 10.80 0.14
2458495.2616730 10.87 0.15
2458495.2621938 10.80 0.14
2458495.2625410 10.87 0.15
2458495.2630619 10.72 0.13
2458495.2663605 10.79 0.14
2458495.2672295 10.92 0.16
2458495.2675764 10.86 0.15
2458495.2682702 10.88 0.15
2458495.2687911 10.94 0.16
2458495.2694855 10.82 0.14
2458495.2698327 10.78 0.14
2458495.2701799 10.85 0.15
2458495.2707008 10.71 0.13
2458495.2708744 10.69 0.13
2458495.2712216 10.79 0.14
2458495.2719160 10.78 0.14
2458495.2739994 10.88 0.15
2458495.2750411 10.78 0.14
2458495.2753883 10.91 0.16
2458495.2762563 10.70 0.13
2458495.2764299 10.76 0.14
2458495.2769508 10.96 0.16
2458495.2772980 10.86 0.15
2458495.2776452 10.79 0.14
2458495.2779924 10.76 0.14
2458495.2785133 10.86 0.15
2458495.2788618 10.88 0.15
2458495.2793822 10.85 0.15
2458495.2795556 10.83 0.14
2458495.2800759 10.92 0.15
2458495.2802494 10.89 0.15
2458495.2804230 10.73 0.13
2458495.2814647 10.84 0.14
2458495.2818119 10.89 0.15
2458495.2819855 10.76 0.13
2458495.2821591 10.82 0.14
2458495.2823327 10.80 0.14
2458495.2826799 10.94 0.16
2458495.2830272 10.98 0.16
2458495.2833744 10.87 0.15
2458495.2844161 10.74 0.13
2458495.2851105 10.80 0.14
2458495.2854577 10.81 0.14
2458495.2859785 10.76 0.13
2458495.2863258 10.79 0.14
2458495.2864994 10.78 0.14
2458495.2868466 10.82 0.14
2458495.2870202 10.92 0.16
2458495.2880619 10.79 0.14
2458495.2885827 10.90 0.15
2458495.2896244 10.85 0.15
2458495.2897980 10.87 0.15
2458495.2899716 10.92 0.16
2458495.2903188 10.78 0.14
2458495.2904924 10.84 0.15
2458495.2906661 10.86 0.15
2458495.2910145 10.75 0.13
2458495.2920551 10.81 0.14
2458495.2922286 10.79 0.14
2458495.2927494 10.89 0.15
2458495.2929230 10.79 0.14
2458495.2930966 10.88 0.15
2458495.2936174 10.76 0.13
2458495.2937910 10.71 0.13
2458495.2939647 10.90 0.15
2458495.2946591 10.85 0.14
2458495.2948327 10.92 0.15
2458495.2951799 10.67 0.12
2458495.2955272 10.88 0.15
2458495.2965688 10.88 0.15
2458495.2969160 10.93 0.15
2458495.2970897 10.87 0.15
2458495.2976105 10.76 0.13
2458495.2981313 10.84 0.14
2458495.2988258 10.82 0.14
2458495.2991730 10.92 0.15
2458495.2993466 10.84 0.14
2458495.2995202 10.91 0.15
2458495.2998674 10.70 0.13
2458495.3000411 10.85 0.14
2458495.3005619 10.79 0.14
2458495.3007355 10.90 0.15
2458495.3009091 10.76 0.13
2458495.3010827 10.83 0.14
2458495.3012563 10.92 0.15
2458495.3014299 10.89 0.15
2458495.3017772 10.78 0.14
2458495.3021244 10.66 0.12
2458495.3024716 10.67 0.12
2458495.3026452 10.90 0.15
2458495.3031671 10.69 0.13
2458495.3033406 10.66 0.12
2458495.3036875 10.87 0.15
2458495.3038609 10.95 0.16
2458495.3040343 10.84 0.14
2458495.3043813 10.83 0.14
2458495.3047286 10.79 0.14
2458495.3049022 10.80 0.14
2458495.3050758 10.92 0.15
2458495.3052494 10.81 0.14
2458495.3054230 11.00 0.17
2458495.3059438 10.90 0.15
2458495.3061174 10.72 0.13
2458495.3064647 10.86 0.15
2458495.3066383 10.81 0.14
2458495.3071591 10.73 0.13
2458495.3073327 11.03 0.17
2458495.3075063 10.80 0.14
2458495.3076799 10.82 0.14
2458495.3078536 10.84 0.14
2458495.3080272 10.77 0.14
2458495.3082008 10.92 0.16
2458495.3083744 10.96 0.16
2458495.3087216 10.90 0.15
2458495.3088952 10.71 0.13
2458495.3090688 10.79 0.14
2458495.3092424 10.87 0.15
2458495.3094160 10.85 0.15
2458495.3095897 10.70 0.13
2458495.3097633 10.94 0.16
2458495.3099369 10.76 0.14
2458495.3101105 10.77 0.14
2458495.3106313 10.81 0.14
2458495.3108049 10.90 0.15
2458495.3109785 10.86 0.15
2458495.3111522 10.90 0.15
2458495.3113258 10.80 0.14
2458495.3114994 10.70 0.13
2458495.3118466 10.73 0.13
2458495.3121938 10.70 0.13
2458495.3123674 10.76 0.13
2458495.3128883 10.81 0.14
2458495.3130619 10.65 0.12
2458495.3134091 10.75 0.13
2458495.3135827 10.81 0.14
2458495.3137563 10.61 0.12
2458495.3139299 10.56 0.11
2458495.3144508 10.88 0.15
2458495.3151463 10.71 0.13
2458498.1660017 10.81 0.14
2458498.1665238 10.81 0.14
2458498.1666972 10.82 0.14
2458498.1672176 10.75 0.13
2458498.1677379 10.83 0.14
2458498.1682586 10.80 0.14
2458498.1684322 10.89 0.15
2458498.1720781 10.91 0.15
2458498.1729461 11.06 0.17
2458498.1731198 10.81 0.14
2458498.1732934 10.86 0.14
2458498.1734670 10.91 0.15
2458498.1741614 10.91 0.14
2458498.1743350 10.79 0.13
2458498.1745086 10.80 0.13
2458498.1750295 10.88 0.14
2458498.1752031 10.76 0.13
2458498.1753767 10.72 0.12
2458498.1757239 10.94 0.15
2458498.1760711 10.88 0.14
2458498.1762447 10.83 0.13
2458498.1764184 10.85 0.14
2458498.1769392 10.84 0.13
2458498.1774600 11.02 0.16
2458498.1776336 10.98 0.15
2458498.1783295 10.97 0.15
2458498.1790232 10.93 0.15
2458498.1791967 10.97 0.15
2458498.1795436 10.98 0.15
2458498.1809323 10.66 0.11
2458498.1814531 10.86 0.13
2458498.1826684 10.91 0.14
2458498.1830156 10.92 0.14
2458498.1833628 11.04 0.16
2458498.1835364 10.76 0.12
2458498.1837100 10.70 0.12
2458498.1838836 10.96 0.15
2458498.1840572 10.97 0.15
2458498.1842309 10.80 0.13
2458498.1844045 11.09 0.17
2458498.1845781 10.85 0.13
2458498.1852725 10.87 0.14
2458498.1887448 10.88 0.13
2458498.1889184 10.80 0.13
2458498.1892656 10.70 0.11
2458498.1899600 10.89 0.14
2458498.1901336 10.84 0.13
2458498.1904809 10.75 0.12
2458498.1906545 10.88 0.13
2458498.1908281 10.92 0.14
2458498.1916961 10.95 0.14
2458498.1920434 11.03 0.15
2458498.1922170 11.00 0.15
2458498.1944739 10.94 0.14
2458498.1946475 10.94 0.14
2458498.1948211 10.83 0.12
2458498.1949947 10.94 0.14
2458498.1951684 11.01 0.15
2458498.1953420 10.98 0.14
2458498.1956892 10.96 0.14
2458498.1958628 10.94 0.14
2458498.1962112 10.83 0.12
2458498.1963846 11.01 0.15
2458498.1967315 10.81 0.12
2458498.1970784 11.06 0.15
2458498.1974253 10.93 0.13
2458498.1975989 10.69 0.11
2458498.1977725 10.95 0.14
2458498.1979461 11.00 0.14
2458498.1981198 10.98 0.14
2458498.1982934 10.96 0.14
2458498.1986406 10.83 0.12
2458498.1995086 11.01 0.14
2458498.1996822 10.90 0.13
2458498.2000295 10.86 0.12
2458498.2002031 10.72 0.11
2458498.2003767 10.62 0.10
2458498.2014184 11.03 0.14
2458498.2015920 10.84 0.12
2458498.2019392 10.78 0.12
2458498.2021128 11.05 0.15
2458498.2022864 10.98 0.14
2458498.2024600 11.01 0.14
2458498.2028072 10.98 0.14
2458498.2029809 11.08 0.15
2458498.2031545 10.95 0.13
2458498.2035017 10.80 0.12
2458498.2036753 10.76 0.11
2458498.2038489 10.95 0.13
2458498.2040225 10.91 0.13
2458498.2041961 10.83 0.12
2458498.2043698 10.81 0.12
2458498.2045434 10.79 0.12
2458498.2047170 10.93 0.13
2458498.2048906 10.94 0.13
2458498.2050642 10.96 0.13
2458498.2052378 10.71 0.11
2458498.2055850 10.74 0.11
2458498.2071475 11.10 0.15
2458498.2073211 10.92 0.13
2458498.2074947 10.81 0.11
2458498.2076684 11.00 0.14
2458498.2078420 10.74 0.11
2458498.2080169 10.68 0.10
2458498.2081904 10.67 0.10
2458498.2083638 10.99 0.14
2458498.2085373 10.79 0.12
2458498.2087107 10.92 0.13
2458498.2088841 10.63 0.10
2458498.2090576 10.85 0.12
2458498.2092310 10.89 0.12
2458498.2094045 10.81 0.12
2458498.2095781 10.82 0.12
2458498.2097517 10.93 0.13
2458498.2099253 10.72 0.11
2458498.2100989 10.84 0.12
2458498.2102725 10.82 0.12
2458498.2104461 10.78 0.11
2458498.2106197 10.94 0.13
2458498.2109670 10.75 0.11
2458498.2114878 10.85 0.12
2458498.2116614 10.88 0.12
2458498.2118350 10.83 0.12
2458498.2120086 10.87 0.12
2458498.2121823 11.06 0.14
2458498.2123559 11.09 0.15
2458498.2127031 10.79 0.11
2458498.2128767 10.81 0.12
2458498.2133975 10.73 0.11
2458498.2135711 10.78 0.11
2458498.2137448 10.98 0.13
2458498.2147864 10.67 0.10
2458498.2149600 10.86 0.12
2458498.2151336 10.99 0.13
2458498.2153072 10.79 0.11
2458498.2154809 10.87 0.12
2458498.2156545 10.75 0.11
2458498.2160017 10.78 0.11
2458498.2163489 10.93 0.13
2458498.2165225 10.75 0.11
2458498.2166961 10.99 0.14
2458498.2168697 10.76 0.11
2458498.2170434 10.77 0.11
2458498.2172170 10.95 0.13
2458498.2173906 10.64 0.10
2458498.2175642 10.77 0.11
2458498.2177378 10.79 0.11
2458498.2180850 10.88 0.12
2458498.2182586 10.74 0.11
2458498.2184322 10.72 0.10
2458498.2186059 10.72 0.10
2458498.2193003 10.81 0.11
2458498.2194739 10.68 0.10
2458498.2196475 10.75 0.11
2458498.2198225 10.89 0.12
2458498.2199960 10.99 0.13
2458498.2201694 10.93 0.13
2458498.2205163 10.99 0.13
2458498.2208632 10.90 0.12
2458498.2210366 10.81 0.11
2458498.2215573 10.60 0.09
2458498.2217309 10.96 0.13
2458498.2219045 10.78 0.11
2458498.2220781 10.78 0.11
2458498.2229461 10.87 0.12
2458498.2231197 10.76 0.10
2458498.2232934 10.76 0.11
2458498.2234670 10.76 0.11
2458498.2236406 10.82 0.11
2458498.2239878 10.92 0.12
2458498.2243350 10.87 0.12
2458498.2246822 10.66 0.10
2458498.2248559 10.94 0.12
2458498.2250295 10.75 0.10
2458498.2252031 10.79 0.11
2458498.2253767 11.01 0.13
2458498.2257239 10.88 0.12
2458498.2258975 11.01 0.13
2458498.2260711 10.75 0.11
2458498.2262447 10.91 0.12
2458498.2265920 10.80 0.11
2458498.2267656 11.06 0.14
2458498.2271128 10.99 0.13
2458498.2272864 10.90 0.12
2458498.2274600 10.95 0.13
2458498.2276336 10.87 0.12
2458498.2278073 10.85 0.12
2458498.2279809 10.77 0.11
2458498.2281545 10.77 0.11
2458498.2285017 10.95 0.13
2458498.2288489 10.78 0.11
2458498.2290225 10.94 0.13
2458498.2295434 10.86 0.12
2458498.2300642 10.96 0.13
2458498.2302378 10.90 0.12
2458498.2304114 10.75 0.11
2458498.2305850 10.89 0.12
2458498.2311059 10.72 0.11
2458498.2312795 10.77 0.11
2458498.2314531 11.02 0.14
2458498.2316267 11.00 0.14
2458498.2318016 10.81 0.11
2458498.2319750 10.78 0.11
2458498.2321485 10.81 0.11
2458498.2324954 10.71 0.10
2458498.2326688 10.85 0.12
2458498.2328422 10.83 0.12
2458498.2330157 10.97 0.13
2458498.2333628 10.97 0.14
2458498.2335364 11.02 0.14
2458498.2337100 10.71 0.11
2458498.2338836 10.95 0.13
2458498.2342309 10.75 0.11
2458498.2344045 10.76 0.11
2458498.2345781 10.80 0.11
2458498.2347517 10.71 0.10
2458498.2350989 10.78 0.11
2458498.2363142 10.92 0.13
2458498.2364878 10.90 0.13
2458498.2366614 10.95 0.13
2458498.2378767 10.73 0.11
2458498.2387447 10.78 0.11
2458498.2389184 10.76 0.11
2458498.2390920 10.92 0.13
2458498.2396128 10.72 0.11
2458498.2399600 10.81 0.12
2458498.2404809 10.78 0.11
2458498.2406545 10.88 0.13
2458498.2410017 10.57 0.10
2458498.2418697 10.66 0.10
2458498.2420434 10.86 0.13
2458498.2422170 10.98 0.14
2458498.2423906 10.93 0.13
2458498.2425642 11.00 0.14
2458498.2429114 10.94 0.13
2458498.2430850 10.85 0.12
2458498.2432586 10.94 0.13
2458498.2434323 10.91 0.13
2458498.2436073 10.90 0.13
2458498.2439541 10.88 0.13
2458498.2441276 10.88 0.13
2458498.2443010 10.68 0.10
2458498.2444745 10.80 0.12
2458498.2448214 10.80 0.12
2458498.2449948 10.95 0.13
2458498.2451684 10.95 0.13
2458498.2453420 10.84 0.12
2458498.2458628 10.92 0.13
2458498.2460364 10.85 0.12
2458498.2462100 10.84 0.12
2458498.2463836 10.85 0.12
2458498.2467309 10.74 0.11
2458498.2470781 10.91 0.13
2458498.2474253 10.80 0.12
2458498.2475989 10.67 0.10
2458498.2479461 10.94 0.13
2458498.2481197 10.94 0.13
2458498.2484670 10.96 0.13
2458498.2486406 10.75 0.11
2458498.2488142 10.77 0.12
2458498.2489878 10.76 0.11
2458498.2493350 10.93 0.13
2458498.2495086 10.82 0.12
2458498.2496822 10.69 0.10
2458498.2502031 11.02 0.14
2458498.2510711 10.93 0.13
2458498.2519392 10.72 0.11
2458498.2521128 10.86 0.13
2458498.2524600 10.76 0.11
2458498.2526336 11.04 0.15
2458498.2529809 10.95 0.14
2458498.2531545 10.96 0.14
2458498.2533281 11.02 0.14
2458498.2535017 10.78 0.12
2458498.2540225 10.84 0.12
2458498.2543697 10.95 0.14
2458498.2547170 10.90 0.13
2458498.2548906 10.90 0.13
2458498.2554114 10.92 0.14
2458498.2555863 11.00 0.15
2458498.2557598 10.85 0.13
2458498.2559332 10.92 0.13
2458498.2561066 10.63 0.10
2458498.2562801 10.79 0.12
2458498.2566270 10.80 0.12
2458498.2568004 10.78 0.12
2458498.2569739 10.89 0.13
2458498.2571475 10.79 0.12
2458498.2573211 10.67 0.11
2458498.2574947 10.92 0.13
2458498.2576684 10.74 0.11
2458498.2580156 10.95 0.14
2458498.2585364 10.90 0.13
2458498.2587100 11.03 0.15
2458498.2588836 10.86 0.13
2458498.2592309 10.79 0.12
2458498.2594045 10.89 0.13
2458498.2597517 10.77 0.12
2458498.2599253 10.88 0.13
2458498.2604461 11.04 0.15
2458498.2606198 10.89 0.13
2458498.2607934 11.01 0.15
2458498.2609670 10.89 0.13
2458498.2611406 10.80 0.12
2458498.2613142 10.85 0.13
2458498.2614878 10.98 0.14
2458498.2620086 10.79 0.12
2458498.2621822 10.84 0.12
2458498.2625295 10.88 0.13
2458498.2627031 10.89 0.11
2458498.2628767 10.85 0.11
2458498.2630503 10.73 0.09
2458498.2633975 10.94 0.11
2458498.2635711 10.78 0.10
2458498.2637447 10.74 0.09
2458498.2639184 10.73 0.09
2458498.2640920 10.85 0.11
2458498.2644392 10.91 0.11
2458498.2646128 10.78 0.10
2458498.2647864 10.78 0.10
2458498.2649600 10.92 0.12
2458498.2651336 10.79 0.11
2458498.2653072 10.88 0.11
2458498.2656545 10.77 0.10
2458498.2658281 10.88 0.11
2458498.2660017 10.78 0.10
2458498.2661753 10.95 0.12
2458498.2665225 10.87 0.11
2458498.2666961 10.87 0.11
2458498.2668698 10.78 0.10
2458498.2670434 10.95 0.12
2458498.2675655 10.91 0.12
2458498.2677389 10.86 0.11
2458498.2679124 10.85 0.11
2458498.2680858 11.09 0.13
2458498.2682593 10.80 0.10
2458498.2684327 10.88 0.11
2458498.2687796 10.81 0.10
2458498.2689531 10.80 0.10
2458498.2691267 10.86 0.11
2458498.2693003 10.96 0.12
2458498.2694739 10.83 0.10
2458498.2696475 10.86 0.11
2458498.2698211 10.96 0.12
2458498.2699947 10.78 0.10
2458498.2701684 10.81 0.10
2458498.2703420 10.88 0.11
2458498.2705156 10.84 0.10
2458498.2706892 10.89 0.11
2458498.2710364 10.94 0.11
2458498.2712100 10.90 0.11
2458498.2713836 10.84 0.11
2458498.2720781 10.83 0.10
2458498.2722517 10.88 0.11
2458498.2724253 10.67 0.09
2458498.2725989 10.84 0.10
2458498.2727725 10.89 0.11
2458498.2729461 10.95 0.11
2458498.2731197 10.92 0.11
2458498.2732934 10.76 0.10
2458498.2736406 10.96 0.11
2458498.2738142 10.92 0.11
2458498.2743350 10.85 0.10
2458498.2745086 10.90 0.11
2458498.2746823 10.82 0.10
2458498.2750295 10.88 0.11
2458498.2753767 10.93 0.11
2458498.2755503 10.99 0.12
2458498.2757239 10.86 0.11
2458498.2758975 10.92 0.11
2458498.2760711 10.74 0.09
2458498.2764184 10.85 0.10
2458498.2765920 10.93 0.11
2458498.2767656 10.96 0.12
2458498.2771128 11.02 0.12
2458498.2774600 10.91 0.11
2458498.2776336 10.96 0.12
2458498.2781545 11.06 0.13
2458498.2783281 10.98 0.12
2458498.2786753 10.83 0.10
2458498.2791961 10.95 0.11
2458498.2793697 10.94 0.11
2458498.2795448 10.74 0.10
2458498.2798916 10.88 0.11
2458498.2802385 10.99 0.12
2458498.2804120 10.82 0.10
2458498.2805854 10.96 0.12
2458498.2807589 10.74 0.10
2458498.2811059 11.04 0.13
2458498.2812795 11.00 0.12
2458498.2814531 10.76 0.10
2458498.2816267 10.99 0.12
2458498.2818003 11.03 0.12
2458498.2819739 10.79 0.10
2458498.2823211 11.09 0.13
2458498.2826684 10.95 0.12
2458498.2828420 10.78 0.10
2458498.2830156 10.87 0.11
2458498.2831892 10.94 0.12
2458498.2833628 10.90 0.11
2458498.2835364 10.89 0.11
2458498.2838836 10.83 0.10
2458498.2842309 10.91 0.11
2458498.2847517 10.94 0.12
2458498.2850989 10.90 0.11
2458498.2857934 10.89 0.11
2458498.2864878 10.86 0.11
2458498.2868350 10.88 0.11
2458498.2870086 10.87 0.11
2458498.2871822 10.89 0.11
2458498.2873559 10.98 0.12
2458498.2877031 11.02 0.13
2458498.2880503 10.92 0.12
2458498.2883975 11.00 0.13
2458498.2885711 10.80 0.10
2458498.2889184 10.97 0.12
2458498.2890920 10.87 0.11
2458498.2892656 11.07 0.13
2458498.2894392 10.94 0.12
2458498.2896128 10.91 0.11
2458498.2897864 11.04 0.13
2458498.2899600 10.86 0.11
2458498.2901336 10.80 0.10
2458498.2904809 10.85 0.11
2458498.2906545 10.84 0.11
2458498.2908281 10.91 0.11
2458498.2913489 10.84 0.10
2458498.2915239 11.13 0.14
2458498.2916974 10.92 0.12
2458498.2920443 10.89 0.11
2458498.2923912 10.91 0.12
2458498.2925646 10.90 0.12
2458498.2932586 10.93 0.12
2458498.2934322 10.96 0.12
2458498.2936059 10.97 0.12
2458498.2937795 10.97 0.12
2458498.2939531 10.85 0.11
2458498.2941267 10.74 0.10
2458498.2943003 10.87 0.11
2458498.2944739 10.94 0.13
2458498.2946475 11.07 0.15
2458498.2948211 10.93 0.12
2458498.2949947 10.86 0.12
2458498.2951684 10.84 0.11
2458498.2953420 10.86 0.11
2458498.2955156 10.97 0.12
2458498.2956892 10.79 0.10
2458498.2958628 10.83 0.11
2458498.2962100 11.04 0.13
2458498.2963836 10.96 0.12
2458498.2974253 10.79 0.10
2458498.2977725 10.81 0.10
2458498.2979461 10.86 0.11
2458498.2981198 10.82 0.10
2458498.2984670 11.12 0.14
2458498.2986406 10.80 0.10
2458498.2988142 11.00 0.13
2458498.2991614 10.89 0.11
2458498.2995086 11.04 0.13
2458498.2998559 10.94 0.12
2458498.3003767 10.71 0.10
2458498.3007239 10.77 0.10
2458498.3008975 10.83 0.11
2458498.3019392 11.15 0.14
2458498.3021128 11.01 0.12
2458498.3022864 10.87 0.11
2458498.3026336 10.89 0.11
2458498.3028072 11.07 0.13
2458498.3029809 11.11 0.14
2458498.3033281 10.98 0.12
2458498.3035017 10.87 0.11
2458498.3036766 10.94 0.12
2458498.3038500 11.00 0.12
2458498.3048907 10.99 0.12
2458498.3052378 10.99 0.12
2458498.3055850 10.96 0.12
2458498.3057586 10.97 0.12
2458498.3059323 10.86 0.11
2458498.3061059 10.97 0.12
2458498.3062795 11.01 0.12
2458498.3064531 10.94 0.12
2458498.3066267 10.89 0.11
2458498.3069739 11.04 0.13
2458498.3071475 10.92 0.12
2458498.3074948 10.92 0.12
2458498.3080156 10.99 0.12
2458498.3083628 10.90 0.11
2458498.3087100 10.91 0.12
2458498.3088836 10.83 0.11
2458498.3090572 10.80 0.10
2458498.3092309 11.10 0.14
2458498.3095781 10.86 0.11
2458498.3097517 11.00 0.13
2458498.3099253 10.81 0.11
2458498.3100989 11.12 0.14
2458498.3102725 10.98 0.12
2458498.3104461 10.79 0.10
2458498.3106197 11.02 0.13
2458498.3114878 10.97 0.12
2458498.3116614 10.80 0.10
2458498.3118350 11.10 0.14
2458498.3120086 11.09 0.14
2458498.3121822 10.83 0.11
2458498.3127031 10.79 0.10
2458498.3128767 11.02 0.13
2458498.3130503 10.87 0.11
2458498.3132239 11.01 0.13
2458498.3133975 11.04 0.13
2458498.3135711 11.07 0.14
2458498.3137448 11.02 0.13
2458498.3139184 10.92 0.12
2458498.3140920 10.87 0.11
2458498.3142656 11.11 0.14
2458498.3153073 10.87 0.11
2458498.3156558 10.96 0.12
2458498.3168699 10.83 0.11
2458498.3170434 10.91 0.12
2458498.3173906 10.85 0.11
2458498.3175642 10.82 0.11
2458498.3177378 11.10 0.14
2458498.3179114 10.92 0.12
2458498.3180850 11.12 0.14
2458500.2343813 10.73 0.13
2458500.2355966 10.83 0.15
2458500.2364647 10.87 0.15
2458500.2376799 10.73 0.13
2458500.2382008 10.72 0.13
2458500.2385480 10.74 0.13
2458500.2390688 10.74 0.13
2458500.2392424 10.79 0.14
2458500.2395897 10.81 0.14
2458500.2399369 10.88 0.15
2458500.2401105 10.74 0.13
2458500.2402841 10.77 0.13
2458500.2406313 10.87 0.15
2458500.2409785 10.76 0.13
2458500.2411522 10.85 0.14
2458500.2414994 10.79 0.14
2458500.2418466 10.91 0.15
2458500.2420202 10.79 0.14
2458500.2430619 10.79 0.13
2458500.2435827 10.90 0.15
2458500.2447989 10.76 0.13
2458500.2449724 10.69 0.12
2458500.2458397 10.94 0.15
2458500.2460133 10.99 0.16
2458500.2461869 10.95 0.15
2458500.2463605 10.87 0.14
2458500.2472286 10.85 0.14
2458500.2474022 10.90 0.14
2458500.2479230 10.86 0.14
2458500.2484438 10.87 0.14
2458500.2487910 11.04 0.16
2458500.2491383 10.78 0.13
2458500.2493119 10.91 0.14
2458500.2496591 11.05 0.16
2458500.2498327 10.92 0.14
2458500.2503535 10.91 0.14
2458500.2508744 10.74 0.12
2458500.2510480 10.79 0.13
2458500.2512216 10.76 0.13
2458500.2517424 10.82 0.13
2458500.2519160 10.83 0.13
2458500.2520897 10.77 0.13
2458500.2522633 10.76 0.12
2458500.2526105 10.89 0.14
2458500.2531313 10.82 0.13
2458500.2534786 10.99 0.15
2458500.2541730 10.94 0.15
2458500.2548674 10.85 0.14
2458500.2550411 10.92 0.14
2458500.2555619 10.63 0.11
2458500.2557355 10.98 0.15
2458500.2559091 10.82 0.13
2458500.2571250 10.75 0.12
2458500.2581660 10.80 0.13
2458500.2583397 10.92 0.14
2458500.2585133 10.94 0.15
2458500.2590341 10.98 0.15
2458500.2592077 10.85 0.13
2458500.2593813 11.04 0.16
2458500.2595549 10.86 0.14
2458500.2597285 11.04 0.16
2458500.2604230 10.84 0.13
2458500.2616383 10.94 0.15
2458500.2618119 10.85 0.13
2458500.2619855 10.95 0.15
2458500.2621591 10.90 0.14
2458500.2626799 10.78 0.12
2458500.2628535 10.85 0.13
2458500.2630272 10.94 0.14
2458500.2632008 10.92 0.14
2458500.2633744 10.73 0.12
2458500.2635480 10.81 0.13
2458500.2637216 11.05 0.16
2458500.2644160 10.93 0.14
2458500.2649369 10.85 0.13
2458500.2658049 10.98 0.14
2458500.2659785 10.97 0.14
2458500.2664994 10.82 0.13
2458500.2668466 10.90 0.13
2458500.2670202 10.81 0.13
2458500.2673674 11.02 0.15
2458500.2675410 10.78 0.12
2458500.2677147 10.80 0.12
2458500.2678883 10.94 0.14
2458500.2680619 10.76 0.12
2458500.2682355 10.96 0.14
2458500.2689307 10.88 0.13
2458500.2696245 10.95 0.14
2458500.2699716 11.05 0.15
2458500.2701452 10.83 0.13
2458500.2704924 10.97 0.14
2458500.2706661 10.91 0.14
2458500.2713605 10.93 0.14
2458500.2722285 10.77 0.12
2458500.2729230 10.87 0.13
2458500.2737910 11.01 0.15
2458500.2755272 10.84 0.13
2458500.2757008 10.93 0.14
2458500.2758744 10.85 0.13
2458500.2760480 10.84 0.13
2458500.2763952 11.07 0.16
2458500.2765688 11.02 0.15
2458500.2772633 10.66 0.11
2458500.2776105 11.02 0.15
2458500.2777841 10.78 0.12
2458500.2784786 10.92 0.14
2458500.2786522 10.91 0.14
2458500.2788258 10.83 0.13
2458500.2789994 10.79 0.13
2458500.2791730 10.96 0.14
2458500.2800410 10.92 0.14
2458500.2805631 10.91 0.14
2458500.2807365 11.03 0.15
2458500.2809100 10.83 0.13
2458500.2814303 10.76 0.12
2458500.2816037 10.89 0.13
2458500.2822980 11.03 0.15
2458500.2828188 10.75 0.12
2458500.2829924 10.96 0.14
2458500.2831660 10.84 0.13
2458500.2835133 10.95 0.14
2458500.2842077 10.86 0.13
2458500.2845549 10.90 0.13
2458500.2847286 10.72 0.11
2458500.2862911 10.97 0.14
2458500.2875063 11.12 0.16
2458500.2878535 10.80 0.12
2458500.2882008 10.79 0.12
2458500.2885480 10.78 0.12
2458500.2887216 10.92 0.14
2458500.2888952 10.84 0.12
2458500.2892424 10.97 0.14
2458500.2895897 10.92 0.13
2458500.2902841 10.81 0.12
2458500.2908049 11.01 0.14
2458500.2911522 10.92 0.13
2458500.2914994 10.86 0.12
2458500.2923688 10.88 0.13
2458500.2927157 10.95 0.13
2458500.2930626 10.90 0.13
2458500.2932360 10.94 0.13
2458500.2934095 11.03 0.14