2458467.3668514 10.39 0.08
2458467.3670250 10.55 0.10
2458467.3673723 10.40 0.08
2458467.3675459 10.51 0.09
2458467.3677195 10.40 0.08
2458467.3685875 10.56 0.10
2458467.3689347 10.42 0.09
2458467.3691084 10.54 0.10
2458467.3698028 10.35 0.08
2458467.3708445 10.57 0.10
2458467.3715389 10.42 0.09
2458467.3720598 10.46 0.09
2458467.3732750 10.63 0.11
2458467.3743167 10.42 0.09
2458467.3744903 10.54 0.10
2458467.3760536 10.51 0.09
2458467.3765739 10.49 0.09
2458467.3767473 10.69 0.11
2458467.3784834 10.54 0.10
2458467.3802195 10.50 0.09
2458467.3807403 10.51 0.10
2458467.3809139 10.58 0.10
2458467.3810875 10.46 0.09
2458467.3816084 10.58 0.10
2458467.3817820 10.48 0.09
2458467.3821292 10.42 0.09
2458467.3823028 10.37 0.08
2458467.3826500 10.57 0.10
2458467.3828236 10.64 0.11
2458467.3829973 10.45 0.09
2458467.3833445 10.40 0.09
2458467.3835181 10.45 0.09
2458467.3836917 10.57 0.10
2458467.3840389 10.42 0.09
2458467.3843861 10.40 0.09
2458467.3847334 10.70 0.11
2458467.3852542 10.50 0.09
2458467.3856014 10.37 0.08
2458467.3857750 10.63 0.11
2458467.3866431 10.53 0.10
2458467.3869903 10.42 0.09
2458467.3875123 10.47 0.09
2458467.3876858 10.40 0.09
2458467.3878592 10.65 0.11
2458467.3882061 10.70 0.12
2458467.3883795 10.52 0.10
2458467.3887264 10.50 0.10
2458467.3890736 10.47 0.09
2458467.3892473 10.35 0.08
2458467.3894209 10.48 0.09
2458467.3899417 10.49 0.10
2458467.3906361 10.41 0.09
2458467.3937611 10.50 0.10
2458467.3944556 10.66 0.11
2458467.3948028 10.46 0.09
2458467.3961917 10.49 0.10
2458467.3963653 10.67 0.11
2458467.3968861 10.58 0.10
2458467.3972334 10.56 0.10
2458467.3979278 10.54 0.10
2458467.3986223 10.49 0.09
2458467.3989695 10.45 0.09
2458467.3993180 10.54 0.10
2458467.4000118 10.42 0.09
2458467.4003586 10.51 0.10
2458467.4005321 10.52 0.10
2458467.4010528 10.42 0.09
2458467.4019209 10.63 0.11
2458467.4022681 10.39 0.09
2458467.4024417 10.47 0.09
2458467.4034834 10.54 0.10
2458467.4041778 10.48 0.10
2458467.4043514 10.45 0.09
2458467.4045250 10.56 0.10
2458467.4055667 10.41 0.09
2458467.4059139 10.47 0.09
2458467.4060875 10.63 0.11
2458467.4062611 10.32 0.08
2458467.4066084 10.51 0.10
2458467.4069556 10.49 0.09
2458467.4071292 10.54 0.10
2458467.4073028 10.63 0.11
2458467.4076500 10.51 0.10
2458467.4078236 10.46 0.09
2458467.4081709 10.51 0.10
2458467.4083445 10.42 0.09
2458467.4088653 10.55 0.10
2458467.4090389 10.44 0.09
2458467.4092125 10.56 0.10
2458467.4093861 10.52 0.10
2458467.4095597 10.45 0.09
2458467.4097334 10.41 0.09
2458467.4106014 10.29 0.08
2458467.4109486 10.51 0.10
2458467.4111236 10.42 0.09
2458467.4112971 10.44 0.09
2458467.4114705 10.52 0.10
2458467.4118174 10.60 0.11
2458467.4121643 10.46 0.09
2458467.4123377 10.58 0.11
2458467.4125112 10.44 0.09
2458467.4126848 10.56 0.10
2458467.4128584 10.60 0.11
2458467.4130320 10.33 0.08
2458467.4132056 10.39 0.09
2458467.4133792 10.33 0.08
2458467.4135528 10.55 0.10
2458467.4137264 10.58 0.11
2458467.4139000 10.41 0.09
2458467.4140736 10.42 0.09
2458467.4142473 10.53 0.10
2458467.4144209 10.39 0.09
2458467.4145945 10.41 0.09
2458467.4147681 10.53 0.10
2458467.4149417 10.59 0.11
2458467.4156361 10.53 0.10
2458467.4158097 10.44 0.09
2458467.4161570 10.67 0.12
2458467.4163306 10.53 0.10
2458467.4165042 10.55 0.10
2458467.4166778 10.42 0.09
2458467.4171986 10.38 0.09
2458467.4175459 10.57 0.11
2458467.4177195 10.50 0.10
2458467.4178931 10.57 0.10
2458467.4180667 10.49 0.10
2458467.4182403 10.53 0.10
2458467.4184139 10.46 0.10
2458467.4192820 10.56 0.11
2458467.4196292 10.55 0.11
2458467.4198028 10.42 0.09
2458467.4199764 10.53 0.10
2458467.4201500 10.49 0.10
2458467.4204973 10.58 0.11
2458467.4206709 10.57 0.11
2458469.3670135 10.50 0.07
2458469.3671871 10.37 0.06
2458469.3673607 10.39 0.06
2458469.3678815 10.42 0.06
2458469.3684023 10.56 0.07
2458469.3692704 10.47 0.07
2458469.3694440 10.43 0.07
2458469.3696176 10.60 0.08
2458469.3697912 10.44 0.07
2458469.3699648 10.44 0.07
2458469.3701384 10.60 0.08
2458469.3704857 10.47 0.07
2458469.3708329 10.48 0.07
2458469.3711801 10.48 0.07
2458469.3713537 10.38 0.06
2458469.3715273 10.46 0.07
2458469.3717009 10.42 0.06
2458469.3718746 10.46 0.07
2458469.3720482 10.59 0.07
2458469.3723954 10.47 0.07
2458469.3727426 10.43 0.06
2458469.3729162 10.43 0.07
2458469.3730898 10.43 0.07
2458469.3732635 10.38 0.06
2458469.3734371 10.34 0.06
2458469.3736107 10.46 0.07
2458469.3737843 10.52 0.07
2458469.3739579 10.50 0.07
2458469.3741315 10.44 0.07
2458469.3744787 10.54 0.07
2458469.3746524 10.40 0.06
2458469.3748260 10.41 0.06
2458469.3749996 10.41 0.06
2458469.3751732 10.59 0.08
2458469.3753468 10.64 0.08
2458469.3755204 10.47 0.07
2458469.3756940 10.51 0.07
2458469.3758676 10.42 0.06
2458469.3760425 10.42 0.06
2458469.3763894 10.47 0.07
2458469.3765628 10.38 0.06
2458469.3772566 10.46 0.07
2458469.3776037 10.46 0.07
2458469.3777773 10.46 0.07
2458469.3781246 10.51 0.07
2458469.3782982 10.44 0.07
2458488.3047635 10.46 0.08
2458488.3052844 10.48 0.09
2458488.3066732 10.42 0.08
2458488.3068468 10.53 0.09
2458488.3071941 10.40 0.08
2458488.3077149 10.51 0.09
2458488.3078885 10.41 0.08
2458488.3080621 10.63 0.10
2458488.3089302 10.43 0.08
2458488.3091038 10.55 0.09
2458488.3092788 10.46 0.08
2458488.3096257 10.46 0.08
2458488.3097991 10.51 0.09
2458488.3101460 10.61 0.10
2458488.3103194 10.44 0.08
2458488.3104929 10.60 0.10
2458488.3106663 10.54 0.09
2458488.3111871 10.54 0.09
2458488.3113607 10.55 0.09
2458488.3117080 10.37 0.08
2458488.3118816 10.45 0.08
2458488.3120552 10.46 0.08
2458488.3122288 10.47 0.09
2458488.3124024 10.36 0.08
2458488.3125760 10.48 0.09
2458488.3127496 10.51 0.09
2458488.3129232 10.45 0.09
2458488.3134441 10.44 0.08
2458488.3137913 10.42 0.08
2458488.3141385 10.44 0.08
2458488.3143121 10.43 0.08
2458488.3148330 10.37 0.08
2458488.3151802 10.53 0.09
2458488.3153538 10.56 0.09
2458488.3155274 10.55 0.09
2458488.3158746 10.56 0.09
2458488.3162218 10.58 0.10
2458488.3163955 10.40 0.08
2458488.3165691 10.42 0.08
2458488.3169163 10.37 0.08
2458488.3172635 10.47 0.09
2458488.3176107 10.47 0.09
2458488.3177844 10.39 0.08
2458488.3179580 10.41 0.08
2458488.3181316 10.58 0.10
2458488.3188260 10.54 0.09
2458488.3202149 10.54 0.09
2458488.3209094 10.58 0.10
2458488.3210830 10.38 0.08
2458488.3214314 10.32 0.08
2458488.3228191 10.42 0.08
2458488.3231663 10.37 0.08
2458488.3243816 10.54 0.10
2458488.3252496 10.43 0.09
2458488.3268121 10.37 0.08
2458488.3269857 10.56 0.10
2458488.3271594 10.39 0.08
2458488.3276802 10.48 0.09
2458488.3278538 10.37 0.08
2458488.3280274 10.34 0.08
2458488.3282010 10.54 0.10
2458488.3283746 10.45 0.09
2458488.3285482 10.39 0.08
2458488.3287218 10.42 0.09
2458488.3288955 10.53 0.10
2458488.3290691 10.53 0.10
2458488.3295899 10.50 0.09
2458488.3299371 10.53 0.10
2458488.3301107 10.36 0.08
2458488.3302843 10.39 0.08
2458488.3304580 10.38 0.08
2458488.3309788 10.35 0.08
2458488.3311524 10.54 0.10
2458488.3314996 10.60 0.10
2458488.3316732 10.34 0.08
2458488.3318468 10.47 0.09
2458488.3320205 10.50 0.09
2458488.3321941 10.54 0.10
2458488.3323677 10.35 0.08
2458488.3325413 10.39 0.08
2458488.3327149 10.51 0.09
2458488.3328885 10.53 0.10
2458488.3332370 10.36 0.08
2458488.3334105 10.44 0.09
2458488.3335839 10.42 0.09
2458488.3337574 10.48 0.09
2458488.3339308 10.59 0.10
2458488.3342777 10.44 0.09
2458488.3344511 10.50 0.09
2458488.3346246 10.41 0.09
2458488.3347982 10.61 0.10
2458488.3349719 10.42 0.09
2458488.3351455 10.45 0.09
2458488.3353191 10.77 0.12
2458488.3356663 10.54 0.10
2458488.3358399 10.56 0.10
2458488.3363607 10.44 0.09
2458488.3365344 10.53 0.10
2458488.3367080 10.51 0.10
2458488.3368816 10.53 0.10
2458488.3370552 10.54 0.10
2458488.3380968 10.48 0.09
2458488.3387913 10.41 0.09
2458488.3394857 10.44 0.09
2458488.3419163 10.57 0.10
2458488.3433052 10.48 0.09
2458488.3448677 10.55 0.10
2458488.3452162 10.53 0.10
2458488.3459100 10.63 0.11
2458488.3472982 10.45 0.09
2458488.3483399 10.47 0.09
2458488.3490344 10.40 0.09
2458488.3492080 10.56 0.10
2458488.3493816 10.54 0.10
2458488.3500760 10.47 0.09
2458488.3505969 10.46 0.09
2458488.3509441 10.40 0.09
2458488.3516385 10.52 0.10
2458488.3518121 10.64 0.11
2458488.3519857 10.60 0.10
2458488.3521594 10.53 0.10
2458488.3525066 10.31 0.08
2458488.3526802 10.59 0.10
2458488.3532010 10.42 0.09
2458488.3533746 10.42 0.09
2458488.3535482 10.48 0.09
2458488.3537218 10.47 0.09
2458488.3545899 10.41 0.09
2458488.3547635 10.52 0.10
2458488.3551107 10.48 0.09
2458488.3552843 10.40 0.09
2458488.3554580 10.49 0.09
2458488.3556316 10.44 0.09
2458488.3570218 10.43 0.09
2458488.3573687 10.60 0.10
2458488.3577156 10.37 0.08
2458488.3580625 10.53 0.10
2458488.3589302 10.50 0.09
2458488.3592774 10.45 0.09
2458488.3594510 10.48 0.09
2458488.3596246 10.43 0.09
2458488.3599718 10.37 0.08
2458488.3604927 10.49 0.09
2458488.3608399 10.61 0.10
2458488.3611871 10.58 0.10
2458488.3613607 10.56 0.10
2458488.3629232 10.55 0.10
2458488.3636177 10.37 0.09
2458488.3637913 10.43 0.09
2458488.3641385 10.46 0.09
2458488.3650066 10.53 0.10
2458488.3662219 10.50 0.09
2458488.3663955 10.50 0.10
2458488.3669163 10.58 0.10
2458488.3686524 10.66 0.11
2458488.3691744 10.50 0.10
2458488.3695213 10.50 0.10
2458488.3709093 10.41 0.09
2458488.3729927 10.51 0.10
2458488.3731663 10.52 0.10
2458488.3740343 10.58 0.10
2458493.2530156 10.44 0.08
2458493.2531892 10.67 0.10
2458493.2596128 10.49 0.08
2458493.2604809 10.49 0.08
2458493.2613489 10.40 0.08
2458493.2618697 10.46 0.08
2458493.2623906 10.54 0.09
2458493.2634323 10.47 0.08
2458493.2648211 10.40 0.08
2458493.2649948 10.41 0.08
2458493.2653420 10.42 0.08
2458493.2655156 10.48 0.08
2458493.2656892 10.44 0.08
2458493.2658628 10.55 0.09
2458493.2663847 10.42 0.08
2458493.2665581 10.41 0.08
2458493.2669050 10.52 0.08
2458493.2672519 10.52 0.09
2458493.2674253 10.47 0.08
2458493.2695086 10.46 0.08
2458493.2710711 10.59 0.09
2458493.2802725 10.44 0.08
2458493.2816614 10.56 0.09
2458493.2828767 10.50 0.08
2458493.2832239 10.51 0.08
2458493.2833975 10.39 0.08
2458493.2839184 10.55 0.09
2458493.2847864 10.40 0.08
2458493.2849600 10.48 0.08
2458493.2851336 10.55 0.09
2458493.2858281 10.48 0.08
2458493.2860017 10.58 0.09
2458493.2863489 10.61 0.09
2458493.2875642 10.79 0.11
2458493.2879114 10.44 0.08
2458493.2882586 10.42 0.08
2458493.2884323 10.65 0.10
2458493.2886059 10.45 0.08
2458493.2903429 10.54 0.09
2458493.2912102 10.59 0.09
2458493.2931197 10.44 0.08
2458493.2934670 10.55 0.09
2458493.2950295 10.49 0.08
2458493.2953767 10.56 0.09
2458493.2955503 10.55 0.09
2458493.2958975 10.54 0.09
2458493.2962448 10.49 0.08
2458493.2969392 10.58 0.09
2458493.2972864 10.64 0.10
2458493.2978072 10.50 0.09
2458493.2983281 10.63 0.10
2458493.2988489 10.64 0.10
2458493.2991961 10.40 0.08
2458493.2993697 10.63 0.10
2458493.3000642 10.48 0.08
2458493.3002378 10.48 0.08
2458493.3004114 10.41 0.08
2458493.3005850 10.53 0.09
2458493.3021591 10.50 0.08
2458493.3023327 10.46 0.08
2458493.3025063 10.48 0.08
2458493.3026799 10.45 0.08
2458493.3028536 10.59 0.09
2458493.3030272 10.59 0.09
2458493.3032008 10.37 0.08
2458493.3033744 10.57 0.09
2458493.3035480 10.46 0.08
2458493.3037216 10.41 0.08
2458493.3038952 10.51 0.09
2458493.3042424 10.57 0.09
2458493.3044161 10.61 0.09
2458493.3047633 10.43 0.08
2458493.3051105 10.48 0.08
2458493.3052841 10.58 0.09
2458493.3056313 10.48 0.08
2458493.3058049 10.46 0.08
2458493.3059785 10.57 0.09
2458493.3061522 10.48 0.08
2458493.3063258 10.50 0.08
2458493.3064994 10.47 0.08
2458493.3066730 10.45 0.08
2458493.3071938 10.36 0.07
2458493.3073674 10.51 0.08
2458493.3075410 10.59 0.09
2458493.3077147 10.37 0.07
2458493.3078883 10.51 0.08
2458493.3080619 10.58 0.09
2458493.3082355 10.46 0.08
2458493.3085827 10.65 0.10
2458493.3094508 10.57 0.09
2458493.3125767 10.49 0.08
2458493.3127502 10.49 0.08
2458493.3136174 10.57 0.09
2458493.3143119 10.42 0.08
2458493.3151799 10.35 0.07
2458493.3157008 10.39 0.07
2458493.3158744 10.52 0.08
2458493.3176105 10.60 0.09
2458493.3184786 10.55 0.09
2458493.3186522 10.54 0.08
2458493.3188258 10.61 0.09
2458493.3193466 10.55 0.09
2458493.3195202 10.39 0.07
2458493.3196938 10.60 0.09
2458493.3200411 10.41 0.08
2458493.3202147 10.39 0.07
2458493.3205619 10.51 0.08
2458493.3210827 10.50 0.08
2458493.3212563 10.44 0.08
2458493.3214299 10.51 0.08
2458493.3216035 10.50 0.08
2458493.3224716 10.32 0.07
2458493.3228188 10.55 0.09
2458493.3231662 10.41 0.08
2458493.3236869 10.55 0.09
2458493.3240341 10.36 0.07
2458493.3242090 10.51 0.08
2458493.3243824 10.40 0.07
2458493.3247293 10.40 0.08
2458493.3259438 10.57 0.09
2458493.3268119 10.59 0.09
2458493.3273327 10.56 0.09
2458493.3275063 10.48 0.08
2458493.3276799 10.41 0.08
2458493.3280272 10.48 0.08
2458493.3282008 10.39 0.07
2458493.3283744 10.51 0.08
2458493.3287216 10.35 0.07
2458493.3288952 10.63 0.09
2458493.3290688 10.56 0.09
2458493.3292430 10.48 0.08
2458493.3294160 10.57 0.09
2458493.3295897 10.53 0.08
2458493.3297633 10.47 0.08
2458493.3299369 10.43 0.08
2458493.3301105 10.36 0.07
2458493.3304577 10.44 0.08
2458493.3306313 10.41 0.08
2458493.3309785 10.39 0.07
2458493.3311522 10.47 0.08
2458493.3313258 10.40 0.07
2458493.3314994 10.41 0.08
2458493.3321938 10.45 0.08
2458493.3323674 10.43 0.08
2458493.3328883 10.38 0.07
2458493.3335827 10.36 0.07
2458493.3339299 10.41 0.07
2458493.3342772 10.34 0.07
2458493.3346244 10.43 0.08
2458493.3360133 10.49 0.08
2458493.3363616 10.41 0.08
2458493.3368820 10.52 0.08
2458493.3370554 10.58 0.09
2458493.3374023 10.51 0.08
2458493.3380966 10.42 0.08
2458493.3391383 10.45 0.08
2458493.3393119 10.53 0.08
2458493.3410480 10.50 0.08
2458493.3415688 10.52 0.09
2458493.3426105 10.39 0.07
2458493.3434786 10.53 0.09
2458493.3441730 10.50 0.08
2458493.3448674 10.42 0.08
2458493.3467772 10.28 0.07
2458493.3476452 10.31 0.07
2458493.3479924 10.36 0.07
2458493.3481673 10.50 0.08
2458493.3490345 10.49 0.08
2458493.3504230 10.42 0.08
2458493.3505966 10.53 0.09
2458493.3511174 10.49 0.08
2458493.3518119 10.45 0.08
2458493.3519855 10.56 0.09
2458493.3525063 10.58 0.09
2458493.3528535 10.45 0.08
2458493.3532008 10.48 0.08
2458493.3533744 10.54 0.09
2458493.3537216 10.47 0.08
2458493.3544160 10.60 0.09
2458493.3545897 10.37 0.07
2458493.3547633 10.46 0.08
2458493.3551105 10.56 0.09
2458493.3556313 10.58 0.09
2458493.3558049 10.54 0.09
2458493.3559786 10.51 0.08
2458493.3561522 10.47 0.08
2458493.3564994 10.50 0.08
2458493.3568466 10.54 0.09
2458493.3570202 10.43 0.08
2458493.3571938 10.32 0.07
2458493.3575411 10.46 0.08
2458493.3578883 10.43 0.08
2458493.3580619 10.55 0.09
2458493.3584091 10.45 0.08
2458493.3585827 10.57 0.09
2458493.3589299 10.51 0.08
2458493.3592772 10.54 0.09
2458493.3594508 10.51 0.08
2458493.3597980 10.42 0.08
2458493.3601465 10.60 0.09
2458493.3604934 10.48 0.08
2458493.3610137 10.49 0.08
2458493.3611871 10.55 0.09
2458493.3615341 10.52 0.08
2458493.3617077 10.41 0.08
2458493.3618813 10.45 0.08
2458493.3622285 10.51 0.08
2458493.3624022 10.48 0.08
2458493.3627494 10.57 0.09
2458493.3629230 10.54 0.09
2458493.3630966 10.40 0.08
2458493.3636174 10.47 0.08
2458493.3648327 10.60 0.09
2458493.3660480 10.57 0.09
2458493.3663952 10.48 0.08
2458493.3665688 10.55 0.09
2458493.3667424 10.47 0.08
2458493.3681313 10.38 0.07
2458493.3693466 10.50 0.08
2458493.3696938 10.52 0.09
2458493.3700410 10.58 0.09
2458493.3709091 10.62 0.09
2458493.3712563 10.52 0.09
2458493.3714299 10.68 0.10
2458493.3717772 10.53 0.09
2458493.3721257 10.56 0.09
2458493.3722991 10.48 0.08
2458493.3743813 10.59 0.09
2458493.3747286 10.40 0.08
2458493.3761174 10.57 0.09
2458493.3762910 10.43 0.08
2458493.3775063 10.46 0.08
2458493.3776799 10.57 0.09
2458493.3792424 10.53 0.09
2458493.3813258 10.45 0.08
2458493.3834091 10.84 0.12
2458493.3835827 10.39 0.08
2458493.3841048 10.57 0.09
2458493.3844517 10.71 0.11
2458493.3849720 10.58 0.09
2458493.3886174 10.62 0.10
2458493.3887911 10.53 0.09
2458493.3893119 10.57 0.09
2458493.3898327 10.49 0.09
2458493.3901799 10.70 0.11
2458493.3903536 10.53 0.09
2458493.3910480 10.52 0.09
2458493.3912216 10.48 0.08
2458493.3915688 10.49 0.09
2458493.3920897 10.42 0.08
2458493.3924369 10.59 0.10
2458493.3927841 10.59 0.09
2458493.3929577 10.56 0.09
2458493.3931313 10.40 0.08
2458493.3938258 10.47 0.08
2458493.3941730 10.55 0.09
2458493.3943466 10.56 0.09
2458493.3945202 10.63 0.10
2458493.3950411 10.51 0.09
2458493.3952147 10.60 0.10
2458493.3953883 10.47 0.08
2458493.3955619 10.50 0.09
2458493.3957355 10.58 0.09
2458493.3959105 10.54 0.09
2458493.3960839 10.59 0.09
2458493.3962574 10.60 0.10
2458493.3967777 10.50 0.09
2458493.3969511 10.47 0.09
2458493.3972980 10.51 0.09
2458493.3974716 10.64 0.10
2458493.3976452 10.54 0.09
2458493.3978188 10.54 0.09
2458493.3981661 10.41 0.08
2458493.3983397 10.44 0.08
2458493.3985133 10.57 0.09
2458493.3986869 10.51 0.09
2458493.3992077 10.70 0.11
2458493.3995549 10.48 0.09
2458493.4000758 10.51 0.09
2458493.4007702 10.48 0.09
2458493.4009438 10.43 0.08
2458493.4011174 10.49 0.09
2458493.4014647 10.64 0.10
2458493.4016383 10.57 0.09
2458493.4018119 10.50 0.09
2458493.4021591 10.66 0.10
2458493.4023327 10.46 0.09
2458493.4025063 10.33 0.08
2458493.4026799 10.47 0.09
2458493.4030272 10.59 0.10
2458493.4033744 10.34 0.08
2458493.4035480 10.47 0.09
2458493.4037216 10.52 0.09
2458493.4040688 10.59 0.10
2458493.4042424 10.64 0.10
2458493.4044161 10.54 0.09
2458493.4052841 10.46 0.09
2458493.4058049 10.48 0.09
2458493.4059786 10.61 0.10
2458493.4063258 10.63 0.10
2458493.4071938 10.49 0.09
2458493.4073674 10.68 0.11
2458493.4075410 10.51 0.09
2458493.4077147 10.57 0.10
2458493.4078896 10.54 0.09
2458493.4080630 10.47 0.09
2458493.4082365 10.54 0.09
2458493.4084099 10.58 0.10
2458493.4085833 10.51 0.09
2458493.4092772 10.47 0.09
2458493.4096244 10.56 0.10
2458493.4097980 10.59 0.10
2458493.4099716 10.50 0.09
2458493.4101452 10.60 0.10
2458493.4106661 10.59 0.10
2458493.4108397 10.63 0.10
2458493.4111869 10.72 0.11
2458493.4122286 10.49 0.09
2458493.4124022 10.43 0.08
2458493.4129230 10.49 0.09
2458493.4134438 10.55 0.10
2458493.4137911 10.61 0.10
2458493.4141383 10.53 0.09
2458493.4143119 10.71 0.11
2458493.4144855 10.37 0.08
2458493.4146591 10.46 0.09
2458493.4150063 10.63 0.10
2458493.4155272 10.51 0.09
2458493.4158744 10.37 0.08
2458494.3456892 10.46 0.12
2458494.3472517 10.52 0.13
2458494.3475989 10.42 0.11
2458494.3482934 10.46 0.12
2458494.3488142 10.46 0.12
2458494.3496822 10.51 0.12
2458494.3500295 10.46 0.12
2458494.3505503 10.53 0.13
2458494.3512447 10.58 0.14
2458494.3521128 10.62 0.15
2458494.3528073 10.44 0.13
2458494.3536765 10.59 0.14
2458494.3541969 10.42 0.12
2458494.3547172 10.46 0.14
2458494.3588836 10.40 0.16
2458495.1344161 10.35 0.12
2458495.1345897 10.36 0.12
2458495.1354584 10.52 0.14
2458495.1358052 10.47 0.13
2458495.1366730 10.45 0.13
2458495.1368466 10.50 0.13
2458495.1370202 10.41 0.12
2458495.1371938 10.66 0.16
2458495.1373674 10.39 0.12
2458495.1375410 10.43 0.13
2458495.1377147 10.48 0.13
2458495.1380619 10.54 0.14
2458495.1382355 10.47 0.13
2458495.1384091 10.43 0.13
2458495.1385827 10.56 0.14
2458495.1389299 10.48 0.13
2458495.1391035 10.46 0.13
2458495.1392772 10.37 0.12
2458495.1397980 10.37 0.12
2458495.1399716 10.55 0.14
2458495.1413605 10.39 0.12
2458495.1422286 10.47 0.13
2458495.1424022 10.49 0.13
2458495.1427494 10.38 0.12
2458495.1434438 10.22 0.10
2458495.1436174 10.28 0.11
2458495.1437911 10.63 0.15
2458495.1441383 10.54 0.14
2458495.1460480 10.48 0.13
2458495.1470907 10.43 0.13
2458495.1477844 10.48 0.13
2458495.1486522 10.54 0.14
2458495.1489994 10.48 0.13
2458495.1491730 10.53 0.14
2458495.1496938 10.67 0.16
2458495.1498674 10.30 0.11
2458495.1502147 10.38 0.12
2458495.1503883 10.54 0.14
2458495.1507355 10.51 0.13
2458495.1512563 10.48 0.13
2458495.1514299 10.61 0.15
2458495.1516036 10.52 0.13
2458495.1517772 10.50 0.13
2458495.1519508 10.46 0.13
2458495.1521244 10.51 0.13
2458495.1524716 10.40 0.12
2458495.1526452 10.44 0.13
2458495.1533397 10.47 0.13
2458495.1535133 10.50 0.13
2458495.1536869 10.40 0.12
2458495.1540341 10.44 0.13
2458495.1543813 10.40 0.12
2458495.1549022 10.51 0.13
2458495.1562911 10.51 0.13
2458495.1573327 10.60 0.14
2458495.1582008 10.56 0.14
2458495.1585480 10.56 0.14
2458495.1592433 10.39 0.12
2458495.1601105 10.41 0.12
2458495.1602841 10.52 0.13
2458495.1609785 10.51 0.13
2458495.1611522 10.56 0.14
2458495.1620202 10.42 0.12
2458495.1639299 10.57 0.14
2458495.1644508 10.41 0.12
2458495.1653188 10.36 0.11
2458495.1658397 10.52 0.13
2458495.1661869 10.44 0.12
2458495.1663605 10.47 0.13
2458495.1667077 10.52 0.13
2458495.1668813 10.23 0.10
2458495.1670549 10.43 0.12
2458495.1684438 10.45 0.12
2458495.1686174 10.31 0.11
2458495.1687910 10.34 0.11
2458495.1689647 10.45 0.12
2458495.1693119 10.38 0.12
2458495.1694855 10.30 0.11
2458495.1696591 10.25 0.10
2458495.1698327 10.55 0.13
2458495.1700063 10.54 0.13
2458495.1701799 10.41 0.12
2458495.1707022 10.57 0.14
2458495.1729577 10.52 0.13
2458495.1746938 10.40 0.12
2458495.1750411 10.24 0.10
2458495.1771244 10.36 0.11
2458495.1776452 10.33 0.11
2458495.1786869 10.45 0.12
2458495.1816383 10.33 0.11
2458495.1830283 10.54 0.13
2458495.1832017 10.43 0.12
2458495.1842424 10.47 0.12
2458495.1852841 10.47 0.12
2458495.1854577 10.37 0.11
2458495.1861522 10.53 0.13
2458495.1868466 10.36 0.11
2458495.1884091 10.57 0.13
2458495.1889299 10.70 0.15
2458495.1897980 10.70 0.15
2458495.1937910 10.54 0.13
2458495.1946591 10.37 0.11
2458495.1948340 10.53 0.12
2458495.1963952 10.45 0.11
2458495.1967424 10.44 0.11
2458495.1972633 10.52 0.12
2458495.1979577 10.72 0.15
2458495.1991730 10.55 0.13
2458495.1993466 10.55 0.13
2458495.2002147 10.61 0.13
2458495.2024716 10.60 0.13
2458495.2026452 10.51 0.12
2458495.2040341 10.24 0.10
2458495.2061174 10.72 0.15
2458495.2069867 10.42 0.11
2458495.2080274 10.40 0.11
2458495.2099369 10.46 0.12
2458495.2102841 10.47 0.12
2458495.2104577 10.47 0.12
2458495.2111522 10.63 0.14
2458495.2123674 10.53 0.13
2458495.2125411 10.63 0.14
2458495.2128883 10.60 0.13
2458495.2132355 10.33 0.10
2458495.2137563 10.66 0.14
2458495.2144508 10.49 0.12
2458495.2154924 10.52 0.12
2458495.2160133 10.57 0.12
2458495.2161869 10.61 0.13
2458495.2163605 10.71 0.14
2458495.2168813 10.62 0.13
2458495.2170549 10.59 0.13
2458495.2174022 10.52 0.12
2458495.2177494 10.63 0.13
2458495.2179230 10.51 0.12
2458495.2182702 10.55 0.12
2458495.2184438 10.69 0.14
2458495.2186174 10.55 0.12
2458495.2189658 10.59 0.13
2458495.2193127 10.42 0.11
2458495.2196596 10.41 0.11
2458495.2198331 10.43 0.11
2458495.2205272 10.59 0.13
2458495.2207008 10.42 0.11
2458495.2219161 10.59 0.13
2458495.2224369 10.56 0.13
2458495.2226105 10.51 0.12
2458495.2229577 10.70 0.14
2458495.2231313 10.62 0.13
2458495.2233049 10.45 0.11
2458495.2234785 10.42 0.11
2458495.2245202 10.56 0.13
2458495.2250410 10.46 0.11
2458495.2255619 10.34 0.10
2458495.2257355 10.44 0.11
2458495.2260827 10.46 0.11
2458495.2264299 10.36 0.11
2458495.2271244 10.41 0.11
2458495.2272980 10.54 0.12
2458495.2276452 10.49 0.12
2458495.2279924 10.60 0.13
2458495.2281661 10.47 0.12
2458495.2288605 10.37 0.11
2458495.2290341 10.56 0.12
2458495.2292077 10.41 0.11
2458495.2295549 10.54 0.12
2458495.2297286 10.60 0.13
2458495.2300758 10.41 0.11
2458495.2307716 10.57 0.13
2458495.2309450 10.65 0.13
2458495.2314654 10.50 0.12
2458495.2316388 10.60 0.13
2458495.2321591 10.55 0.12
2458495.2325063 10.71 0.14
2458495.2328535 10.42 0.11
2458495.2338952 10.54 0.12
2458495.2342424 10.54 0.12
2458495.2347633 10.68 0.13
2458495.2359785 10.67 0.14
2458495.2364994 10.66 0.13
2458495.2366730 10.51 0.12
2458495.2392772 10.59 0.12
2458495.2396244 10.36 0.10
2458495.2401452 10.45 0.11
2458495.2417077 10.25 0.09
2458495.2420549 10.43 0.11
2458495.2422286 10.42 0.11
2458495.2425758 10.56 0.12
2458495.2427508 10.46 0.11
2458495.2429242 10.55 0.12
2458495.2432711 10.48 0.11
2458495.2434445 10.46 0.11
2458495.2436180 10.50 0.11
2458495.2441383 10.41 0.10
2458495.2451799 10.38 0.10
2458495.2463952 10.53 0.12
2458495.2467424 10.44 0.11
2458495.2469160 10.60 0.12
2458495.2470897 10.62 0.13
2458495.2474369 10.55 0.12
2458495.2476105 10.54 0.12
2458495.2477841 10.66 0.13
2458495.2481313 10.53 0.12
2458495.2483049 10.42 0.11
2458495.2486522 10.63 0.13
2458495.2491730 10.80 0.15
2458495.2498674 10.69 0.14
2458495.2505619 10.44 0.11
2458495.2509091 10.61 0.12
2458495.2533397 10.49 0.11
2458495.2561175 10.67 0.13
2458495.2568119 10.46 0.11
2458495.2576799 10.32 0.09
2458495.2582008 10.55 0.12
2458495.2585480 10.47 0.11
2458495.2587216 10.39 0.10
2458495.2614994 10.52 0.11
2458495.2635827 10.47 0.11
2458495.2639299 10.55 0.12
2458495.2641035 10.49 0.11
2458495.2647980 10.50 0.11
2458495.2656661 10.55 0.12
2458495.2661869 10.76 0.14
2458495.2663605 10.63 0.12
2458495.2672295 10.63 0.13
2458495.2684438 10.48 0.11
2458495.2696591 10.45 0.10
2458495.2700063 10.51 0.11
2458495.2710480 10.61 0.12
2458495.2715688 10.58 0.12
2458495.2731313 10.41 0.10
2458495.2733049 10.45 0.10
2458495.2736522 10.77 0.14
2458495.2738258 10.49 0.11
2458495.2743466 10.47 0.11
2458495.2746938 10.59 0.12
2458495.2748674 10.60 0.12
2458495.2753883 10.62 0.12
2458495.2755619 10.58 0.12
2458495.2759091 10.48 0.11
2458495.2760827 10.62 0.12
2458495.2762563 10.53 0.11
2458495.2766036 10.62 0.12
2458495.2772980 10.42 0.10
2458495.2774716 10.52 0.11
2458495.2776452 10.53 0.11
2458495.2778188 10.67 0.13
2458495.2779924 10.47 0.11
2458495.2781660 9.13 0.03
2458495.2785133 10.68 0.13
2458495.2786869 10.66 0.13
2458495.2788618 10.56 0.12
2458495.2792087 10.51 0.11
2458495.2793822 10.45 0.10
2458495.2797290 10.68 0.13
2458495.2800759 10.58 0.12
2458495.2805966 10.44 0.10
2458495.2811174 10.60 0.12
2458495.2812911 10.42 0.10
2458495.2814647 10.73 0.13
2458495.2816383 10.61 0.12
2458495.2818119 10.68 0.13
2458495.2823327 10.43 0.10
2458495.2825063 10.51 0.11
2458495.2835480 10.58 0.12
2458495.2838952 10.51 0.11
2458495.2840688 10.57 0.12
2458495.2844161 10.69 0.13
2458495.2849369 10.59 0.12
2458495.2854577 10.61 0.12
2458495.2866730 10.52 0.11
2458495.2868466 10.61 0.12
2458495.2870202 10.49 0.11
2458495.2871938 10.61 0.12
2458495.2875410 10.67 0.13
2458495.2880619 10.60 0.12
2458495.2885827 10.58 0.12
2458495.2887563 10.45 0.10
2458495.2891036 10.67 0.13
2458495.2892772 10.55 0.11
2458495.2894508 10.53 0.11
2458495.2896244 10.62 0.12
2458495.2897980 10.67 0.13
2458495.2899716 10.49 0.11
2458495.2901452 10.54 0.11
2458495.2903188 10.61 0.12
2458495.2904924 10.60 0.12
2458495.2906661 10.64 0.12
2458495.2910145 10.68 0.13
2458495.2911879 10.50 0.11
2458495.2915348 10.58 0.12
2458495.2920551 10.43 0.10
2458495.2927494 10.48 0.11
2458495.2930966 10.44 0.10
2458495.2932702 10.46 0.10
2458495.2937910 10.63 0.12
2458495.2939647 10.29 0.09
2458495.2946591 10.45 0.10
2458495.2948327 10.69 0.13
2458495.2953535 10.36 0.10
2458495.2955272 10.65 0.12
2458495.2958744 10.37 0.10
2458495.2960480 10.54 0.11
2458495.2962216 10.53 0.11
2458495.2969160 10.59 0.12
2458495.2972633 10.38 0.10
2458495.2974369 10.41 0.10
2458495.2976105 10.40 0.10
2458495.2981313 10.57 0.11
2458495.2983049 10.53 0.11
2458495.2984785 10.48 0.10
2458495.2989994 10.50 0.11
2458495.2995202 10.50 0.11
2458495.2996938 10.56 0.11
2458495.2998674 10.56 0.11
2458495.3000411 10.50 0.11
2458495.3002147 10.56 0.11
2458495.3003883 10.66 0.12
2458495.3005619 10.44 0.10
2458495.3009091 10.48 0.10
2458495.3014299 10.50 0.11
2458495.3019508 10.55 0.11
2458495.3021244 10.41 0.10
2458495.3024716 10.48 0.11
2458495.3028202 10.36 0.09
2458495.3031671 10.45 0.10
2458495.3033406 10.49 0.11
2458495.3035140 10.47 0.10
2458495.3036875 10.53 0.11
2458495.3038609 10.52 0.11
2458495.3043813 10.47 0.11
2458495.3045549 10.47 0.11
2458495.3047286 10.51 0.11
2458495.3049022 10.43 0.10
2458495.3050758 10.46 0.10
2458495.3052494 10.73 0.13
2458495.3055966 10.54 0.11
2458495.3057702 10.51 0.11
2458495.3068119 10.53 0.11
2458495.3069855 10.47 0.11
2458495.3071591 10.47 0.10
2458495.3073327 10.50 0.11
2458495.3075063 10.48 0.11
2458495.3076799 10.64 0.12
2458495.3078536 10.68 0.13
2458495.3087216 10.47 0.11
2458495.3088952 10.56 0.12
2458495.3095897 10.31 0.09
2458495.3099369 10.49 0.11
2458495.3106313 10.38 0.10
2458495.3114994 10.30 0.09
2458495.3116730 10.44 0.10
2458495.3125411 10.33 0.09
2458495.3127147 10.32 0.09
2458495.3128883 10.47 0.11
2458495.3132355 10.45 0.10
2458495.3137563 10.52 0.11
2458495.3139299 10.45 0.10
2458495.3141036 10.42 0.10
2458495.3142772 10.53 0.11
2458495.3144508 10.39 0.10
2458495.3147980 10.23 0.09
2458495.3149729 10.40 0.10
2458495.3153198 10.39 0.10
2458498.1660017 10.40 0.10
2458498.1663489 10.43 0.10
2458498.1670441 10.37 0.09
2458498.1677379 10.60 0.12
2458498.1680850 10.42 0.10
2458498.1689531 10.68 0.12
2458498.1691267 10.53 0.11
2458498.1696475 10.45 0.10
2458498.1698211 10.47 0.10
2458498.1701684 10.50 0.10
2458498.1703420 10.54 0.11
2458498.1708628 10.45 0.10
2458498.1713836 10.56 0.11
2458498.1717309 10.39 0.09
2458498.1724253 10.51 0.11
2458498.1729461 10.48 0.10
2458498.1738142 10.53 0.10
2458498.1741614 10.34 0.09
2458498.1743350 10.56 0.11
2458498.1745086 10.43 0.09
2458498.1750295 10.33 0.09
2458498.1755503 10.41 0.09
2458498.1762447 10.42 0.09
2458498.1765920 10.45 0.09
2458498.1769392 10.49 0.10
2458498.1771128 10.41 0.09
2458498.1776336 10.38 0.09
2458498.1807586 10.48 0.10
2458498.1812795 10.55 0.10
2458498.1818003 10.79 0.13
2458498.1819739 10.45 0.09
2458498.1821475 10.43 0.09
2458498.1824948 10.59 0.11
2458498.1826684 10.50 0.10
2458498.1835364 10.30 0.08
2458498.1840572 10.48 0.10
2458498.1844045 10.53 0.10
2458498.1845781 10.46 0.09
2458498.1847517 10.47 0.10
2458498.1852725 10.44 0.09
2458498.1856197 10.36 0.09
2458498.1861406 10.40 0.09
2458498.1863142 10.42 0.09
2458498.1866614 10.47 0.10
2458498.1887448 10.38 0.09
2458498.1890920 10.58 0.10
2458498.1892656 10.39 0.09
2458498.1894392 10.48 0.10
2458498.1896128 10.49 0.10
2458498.1897864 10.35 0.09
2458498.1903073 10.55 0.10
2458498.1908281 10.49 0.10
2458498.1910017 10.49 0.10
2458498.1913489 10.39 0.09
2458498.1918697 10.33 0.08
2458498.1922170 10.53 0.10
2458498.1929114 10.54 0.10
2458498.1948211 10.64 0.11
2458498.1951684 10.59 0.10
2458498.1988142 10.51 0.09
2458498.1995086 10.48 0.09
2458498.1998559 10.57 0.10
2458498.2000295 10.51 0.09
2458498.2002031 10.29 0.08
2458498.2005503 10.53 0.09
2458498.2007239 10.65 0.10
2458498.2010711 10.44 0.09
2458498.2012447 10.50 0.09
2458498.2014184 10.43 0.09
2458498.2019392 10.47 0.09
2458498.2024600 10.48 0.09
2458498.2026336 10.45 0.09
2458498.2028072 10.54 0.09
2458498.2033281 10.44 0.09
2458498.2038489 10.57 0.10
2458498.2040225 10.48 0.09
2458498.2041961 10.44 0.08
2458498.2043698 10.53 0.09
2458498.2047170 10.51 0.09
2458498.2050642 10.47 0.09
2458498.2052378 10.53 0.09
2458498.2055850 10.46 0.09
2458498.2057586 10.41 0.08
2458498.2061059 10.45 0.09
2458498.2062795 10.47 0.09
2458498.2090576 10.35 0.08
2458498.2118350 10.51 0.09
2458498.2121823 10.34 0.08
2458498.2147864 10.53 0.09
2458498.2151336 10.53 0.09
2458498.2156545 10.59 0.10
2458498.2160017 10.51 0.09
2458498.2163489 10.50 0.09
2458498.2165225 10.47 0.08
2458498.2166961 10.53 0.09
2458498.2168697 10.42 0.08
2458498.2172170 10.46 0.08
2458498.2173906 10.51 0.09
2458498.2177378 10.46 0.08
2458498.2180850 10.49 0.09
2458498.2182586 10.45 0.08
2458498.2184322 10.37 0.08
2458498.2186059 10.45 0.08
2458498.2187795 10.59 0.09
2458498.2189531 10.50 0.09
2458498.2193003 10.51 0.09
2458498.2194739 10.40 0.08
2458498.2196475 10.49 0.09
2458498.2198225 10.56 0.09
2458498.2199960 10.38 0.08
2458498.2201694 10.57 0.09
2458498.2205163 10.59 0.09
2458498.2206898 10.53 0.09
2458498.2213836 10.47 0.09
2458498.2215573 10.41 0.08
2458498.2222517 10.35 0.08
2458498.2224253 10.37 0.08
2458498.2232934 10.46 0.08
2458498.2238142 10.36 0.08
2458498.2271128 10.40 0.08
2458498.2283281 10.38 0.08
2458498.2286753 10.38 0.08
2458498.2291961 10.40 0.08
2458498.2304114 10.46 0.08
2458498.2307586 10.54 0.09
2458498.2326688 10.44 0.08
2458498.2328422 10.33 0.08
2458498.2331892 10.45 0.09
2458498.2333628 10.42 0.08
2458498.2337100 10.35 0.08
2458498.2338836 10.46 0.09
2458498.2342309 10.51 0.09
2458498.2345781 10.47 0.09
2458498.2352725 10.57 0.10
2458498.2364878 10.43 0.08
2458498.2366614 10.40 0.08
2458498.2377031 10.51 0.09
2458498.2397864 10.48 0.09
2458498.2401336 10.51 0.09
2458498.2404809 10.49 0.09
2458498.2415225 10.55 0.10
2458498.2420434 10.57 0.10
2458498.2429114 10.38 0.08
2458498.2434323 10.50 0.09
2458498.2436073 10.51 0.09
2458498.2448214 10.50 0.09
2458498.2462100 10.28 0.07
2458498.2469045 10.47 0.09
2458498.2472517 10.53 0.09
2458498.2488142 10.43 0.09
2458498.2498559 10.51 0.09
2458498.2515920 10.34 0.08
2458498.2522864 10.65 0.11
2458498.2524600 10.46 0.09
2458498.2526336 10.54 0.10
2458498.2540225 10.48 0.09
2458498.2543697 10.51 0.10
2458498.2548906 10.43 0.09
2458498.2559332 10.28 0.08
2458498.2597517 10.54 0.10
2458498.2600989 10.60 0.10
2458498.2609670 10.48 0.09
2458498.2625295 10.57 0.10
2458498.2630503 10.43 0.07
2458498.2651336 10.55 0.08
2458498.2654809 10.53 0.08
2458498.2703420 10.66 0.09
2458498.2705156 10.56 0.08
2458498.2717309 10.41 0.07
2458498.2729461 10.62 0.09
2458498.2732934 10.64 0.09
2458498.2734670 10.55 0.08
2458498.2743350 10.51 0.08
2458498.2746823 10.59 0.08
2458498.2753767 10.65 0.09
2458498.2758975 10.69 0.09
2458498.2769392 10.61 0.09
2458498.2783281 10.67 0.09
2458498.2812795 10.62 0.09
2458498.2823211 10.54 0.08
2458498.2824948 10.56 0.08
2458498.2833628 10.69 0.09
2458498.2838836 10.56 0.08
2458498.2852725 10.68 0.09
2458498.2854461 10.55 0.08
2458498.2859670 10.68 0.09
2458498.2866614 10.57 0.08
2458498.2870086 10.61 0.09
2458498.2877031 10.64 0.09
2458498.2878767 10.73 0.10
2458498.2880503 10.65 0.09
2458498.2885711 10.69 0.10
2458498.2887447 10.62 0.09
2458498.2890920 10.56 0.08
2458498.2892656 10.65 0.09
2458498.2894392 10.73 0.10
2458498.2896128 10.67 0.09
2458498.2897864 10.60 0.09
2458498.2899600 10.68 0.09
2458498.2901336 10.64 0.09
2458498.2903073 10.73 0.10
2458498.2904809 10.65 0.09
2458498.2906545 10.76 0.10
2458498.2908281 10.59 0.09
2458498.2910017 10.60 0.09
2458498.2913489 10.60 0.09
2458498.2915239 10.65 0.09
2458498.2916974 10.61 0.09
2458498.2920443 10.67 0.09
2458498.2922177 10.73 0.10
2458498.2929115 10.69 0.10
2458498.2930850 10.50 0.08
2458498.2932586 10.54 0.08
2458498.2934322 10.77 0.10
2458498.2949947 10.73 0.10
2458498.2955156 10.59 0.09
2458498.2965572 10.68 0.09
2458498.2969045 10.67 0.09
2458498.2970781 10.58 0.09
2458498.2981198 10.62 0.09
2458498.2982934 10.62 0.09
2458498.2986406 10.61 0.09
2458498.2988142 10.61 0.09
2458498.2989878 10.77 0.10
2458498.2996823 10.66 0.09
2458498.3000295 10.79 0.11
2458498.3003767 10.62 0.09
2458498.3007239 10.63 0.09
2458498.3008975 10.65 0.09
2458498.3012447 10.47 0.08
2458498.3014184 10.69 0.10
2458498.3017656 10.74 0.10
2458498.3019392 10.69 0.09
2458498.3021128 10.69 0.10
2458498.3022864 10.67 0.09
2458498.3024600 10.62 0.09
2458498.3028072 10.53 0.08
2458498.3031545 10.59 0.09
2458498.3036766 10.62 0.09
2458498.3038500 10.55 0.08
2458498.3040235 10.66 0.09
2458498.3041969 10.76 0.10
2458498.3047172 10.74 0.10
2458498.3048907 10.63 0.09
2458498.3050642 10.57 0.08
2458498.3052378 10.66 0.09
2458498.3055850 10.63 0.09
2458498.3057586 10.62 0.09
2458498.3059323 10.47 0.08
2458498.3061059 10.61 0.09
2458498.3064531 10.63 0.09
2458498.3071475 10.72 0.10
2458498.3073211 10.67 0.09
2458498.3080156 10.64 0.09
2458498.3081892 10.60 0.09
2458498.3085364 10.59 0.09
2458498.3090572 10.67 0.09
2458498.3092309 10.59 0.09
2458498.3094045 10.54 0.08
2458498.3095781 10.48 0.08
2458498.3097517 10.48 0.08
2458498.3100989 10.65 0.09
2458498.3102725 10.55 0.08
2458498.3104461 10.52 0.08
2458498.3106197 10.55 0.09
2458498.3107934 10.60 0.09
2458498.3109670 10.59 0.09
2458498.3111406 10.69 0.10
2458498.3113142 10.40 0.07
2458498.3114878 10.43 0.08
2458498.3118350 10.82 0.11
2458498.3125295 10.57 0.09
2458498.3127031 10.55 0.09
2458498.3130503 10.55 0.09
2458498.3133975 10.47 0.08
2458498.3135711 10.65 0.09
2458498.3137448 10.74 0.10
2458498.3140920 10.63 0.09
2458498.3142656 10.65 0.09
2458498.3149600 10.66 0.09
2458498.3151336 10.54 0.08
2458498.3153073 10.51 0.08
2458498.3154809 10.71 0.10
2458498.3156558 10.57 0.09
2458498.3158292 10.61 0.09
2458498.3163496 10.53 0.08
2458498.3165230 10.51 0.08
2458498.3170434 10.49 0.08
2458498.3172170 10.68 0.10
2458498.3173906 10.50 0.08
2458498.3175642 10.71 0.10
2458498.3179114 10.67 0.09
2458500.2340341 10.53 0.11
2458500.2347285 10.58 0.12
2458500.2350758 10.54 0.11
2458500.2352494 10.59 0.12
2458500.2355966 10.62 0.12
2458500.2359438 10.39 0.10
2458500.2361174 10.51 0.11
2458500.2364647 10.44 0.10
2458500.2369855 10.68 0.13
2458500.2388952 10.43 0.10
2458500.2399369 10.50 0.11
2458500.2401105 10.42 0.10
2458500.2402841 10.43 0.10
2458500.2406313 10.40 0.10
2458500.2408049 10.44 0.10
2458500.2409785 10.65 0.12
2458500.2411522 10.57 0.12
2458500.2414994 10.42 0.10
2458500.2416730 10.60 0.12
2458500.2420202 10.49 0.11
2458500.2423674 10.45 0.10
2458500.2425410 10.58 0.11
2458500.2432355 10.36 0.09
2458500.2435827 10.49 0.10
2458500.2437563 10.42 0.10
2458500.2439299 10.57 0.11
2458500.2444520 10.47 0.10
2458500.2447989 10.39 0.09
2458500.2454927 10.40 0.09
2458500.2461869 10.49 0.10
2458500.2467077 10.50 0.10
2458500.2468813 10.55 0.11
2458500.2474022 10.38 0.09
2458500.2479230 10.36 0.09
2458500.2480966 10.55 0.11
2458500.2486174 10.52 0.10
2458500.2487910 10.40 0.09
2458500.2493119 10.43 0.10
2458500.2503535 10.42 0.09
2458500.2510480 10.48 0.10
2458500.2513952 10.65 0.12
2458500.2515688 10.49 0.10
2458500.2517424 10.42 0.09
2458500.2519160 10.51 0.10
2458500.2522633 10.43 0.09
2458500.2524369 10.44 0.10
2458500.2526105 10.62 0.11
2458500.2527841 10.42 0.09
2458500.2529577 10.53 0.10
2458500.2531313 10.46 0.10
2458500.2536522 10.36 0.09
2458500.2543466 10.48 0.10
2458500.2545202 10.51 0.10
2458500.2546938 10.36 0.09
2458500.2552147 10.49 0.10
2458500.2553883 10.41 0.09
2458500.2571250 10.23 0.08
2458500.2574719 10.38 0.09
2458500.2576453 10.48 0.10
2458500.2578188 10.40 0.09
2458500.2581660 10.41 0.09
2458500.2588605 10.49 0.10
2458500.2590341 10.47 0.10
2458500.2599022 10.40 0.09
2458500.2600758 10.59 0.11
2458500.2604230 10.60 0.11
2458500.2605966 10.46 0.10
2458500.2607702 10.35 0.09
2458500.2611174 10.35 0.09
2458500.2616383 10.51 0.10
2458500.2638952 10.35 0.08
2458500.2656313 10.46 0.09
2458500.2682355 10.56 0.10
2458500.2685839 10.57 0.10
2458500.2692776 10.46 0.09
2458500.2697980 10.62 0.11
2458500.2720549 10.47 0.09
2458500.2727494 10.42 0.09
2458500.2729230 10.37 0.08
2458500.2734438 10.54 0.10
2458500.2737910 10.44 0.09
2458500.2739647 10.44 0.09
2458500.2750063 10.52 0.10
2458500.2751799 10.51 0.10
2458500.2753535 10.47 0.09
2458500.2755272 10.46 0.09
2458500.2767424 10.44 0.09
2458500.2770897 10.49 0.09
2458500.2772633 10.31 0.08
2458500.2774369 10.51 0.10
2458500.2776105 10.34 0.08
2458500.2784786 10.40 0.09
2458500.2786522 10.35 0.08
2458500.2788258 10.52 0.10
2458500.2789994 10.40 0.09
2458500.2791730 10.48 0.09
2458500.2864647 10.46 0.09
2458500.2880272 10.55 0.10
2458500.2892424 10.48 0.09
2458500.2906313 10.42 0.09
2458500.2909785 10.52 0.09
2458500.2920202 10.58 0.10
2458500.2923688 10.41 0.08
2458500.2932360 10.52 0.09