2458467.3668514 10.78 0.12
2458467.3670250 10.90 0.13
2458467.3678931 10.82 0.13
2458467.3680667 10.76 0.12
2458467.3684139 10.90 0.13
2458467.3685875 10.86 0.13
2458467.3687611 10.80 0.12
2458467.3689347 10.91 0.14
2458467.3691084 10.91 0.14
2458467.3692820 10.89 0.13
2458467.3694556 10.73 0.12
2458467.3699764 10.88 0.13
2458467.3701500 10.91 0.13
2458467.3708445 11.01 0.15
2458467.3710181 10.87 0.13
2458467.3715389 10.86 0.13
2458467.3720598 10.82 0.13
2458467.3727542 10.88 0.13
2458467.3729278 10.87 0.13
2458467.3732750 10.68 0.11
2458467.3734486 10.98 0.15
2458467.3736223 10.86 0.13
2458467.3739695 10.97 0.14
2458467.3741431 10.73 0.12
2458467.3744903 10.73 0.12
2458467.3746639 10.93 0.14
2458467.3748375 10.85 0.13
2458467.3750111 11.03 0.15
2458467.3753584 10.76 0.12
2458467.3755332 10.83 0.13
2458467.3757067 10.90 0.14
2458467.3758801 10.70 0.11
2458467.3760536 10.81 0.13
2458467.3764005 10.73 0.12
2458467.3774417 10.79 0.12
2458467.3776153 10.80 0.13
2458467.3777889 11.03 0.15
2458467.3779625 10.89 0.14
2458467.3781361 10.84 0.13
2458467.3783097 10.94 0.14
2458467.3784834 10.93 0.14
2458467.3786570 10.76 0.12
2458467.3790042 10.68 0.11
2458467.3791778 10.75 0.12
2458467.3793514 10.55 0.10
2458467.3798723 10.74 0.12
2458467.3803931 11.00 0.15
2458467.3807403 10.97 0.15
2458467.3810875 10.80 0.13
2458467.3814348 10.89 0.14
2458467.3817820 10.70 0.12
2458467.3823028 10.79 0.13
2458467.3829973 10.87 0.13
2458467.3836917 10.92 0.14
2458467.3838653 10.73 0.12
2458467.3840389 10.77 0.12
2458467.3845597 10.81 0.13
2458467.3847334 10.94 0.14
2458467.3852542 10.64 0.11
2458467.3856014 10.91 0.14
2458467.3857750 10.89 0.14
2458467.3859486 10.77 0.12
2458467.3861222 10.91 0.14
2458467.3862959 11.00 0.15
2458467.3864695 10.58 0.10
2458467.3873389 10.72 0.12
2458467.3875123 10.78 0.12
2458467.3876858 10.82 0.13
2458467.3878592 10.90 0.14
2458467.3882061 11.05 0.16
2458467.3885530 10.77 0.12
2458467.3887264 10.82 0.13
2458467.3892473 10.76 0.12
2458467.3894209 10.78 0.12
2458467.3897681 10.95 0.15
2458467.3904625 10.60 0.11
2458467.3908098 10.81 0.13
2458467.3909834 10.84 0.13
2458467.3913306 10.98 0.15
2458467.3923722 10.71 0.12
2458467.3925459 10.83 0.13
2458467.3927195 10.96 0.15
2458467.3928931 10.91 0.14
2458467.3932403 10.92 0.14
2458467.3935875 10.83 0.13
2458467.3939347 10.67 0.11
2458467.3942820 10.79 0.13
2458467.3949764 10.91 0.14
2458467.3953236 11.02 0.16
2458467.3956709 10.68 0.12
2458467.3960181 10.66 0.11
2458467.3963653 10.63 0.11
2458467.3965389 10.87 0.14
2458467.3970598 10.92 0.14
2458467.3972334 10.80 0.13
2458467.3974070 10.67 0.11
2458467.3975806 10.83 0.13
2458467.3979278 10.86 0.14
2458467.3981014 10.69 0.12
2458467.3982750 10.65 0.11
2458467.3987959 11.02 0.15
2458467.3989695 10.67 0.11
2458467.3993180 10.79 0.13
2458467.4014000 10.78 0.13
2458467.4015736 10.67 0.12
2458467.4017472 10.87 0.14
2458467.4020945 10.87 0.14
2458467.4022681 10.79 0.13
2458467.4024417 10.87 0.14
2458467.4026153 10.68 0.12
2458467.4027889 10.83 0.13
2458467.4031361 10.83 0.13
2458467.4036570 10.71 0.12
2458467.4040042 10.88 0.14
2458467.4045250 11.01 0.16
2458467.4050459 10.86 0.14
2458467.4060875 10.72 0.12
2458467.4066084 10.68 0.12
2458467.4067820 10.64 0.11
2458467.4069556 10.81 0.13
2458467.4073028 11.02 0.16
2458467.4074764 10.85 0.14
2458467.4088653 10.83 0.13
2458467.4093861 10.92 0.15
2458467.4095597 10.86 0.14
2458467.4099070 10.90 0.14
2458467.4100806 10.66 0.12
2458467.4102542 10.82 0.13
2458467.4104278 10.71 0.12
2458467.4121643 10.91 0.14
2458467.4123377 10.84 0.14
2458467.4128584 10.98 0.15
2458467.4130320 10.88 0.14
2458467.4132056 10.73 0.12
2458467.4137264 10.69 0.12
2458467.4139000 10.87 0.14
2458467.4140736 10.69 0.12
2458467.4142473 10.88 0.14
2458467.4145945 10.78 0.13
2458467.4151153 10.92 0.15
2458467.4152889 11.02 0.16
2458467.4159834 10.85 0.14
2458467.4161570 10.77 0.13
2458467.4163306 10.66 0.12
2458467.4168514 10.84 0.14
2458467.4175459 10.77 0.13
2458467.4177195 10.67 0.12
2458467.4180667 10.82 0.13
2458467.4182403 10.76 0.13
2458467.4187611 10.72 0.12
2458467.4189348 10.89 0.15
2458467.4191084 10.77 0.13
2458467.4198028 10.84 0.14
2458467.4201500 10.86 0.14
2458467.4203236 10.90 0.15
2458467.4206709 10.64 0.12
2458469.3673607 10.89 0.10
2458469.3675343 10.85 0.09
2458469.3677079 10.86 0.10
2458469.3685760 10.68 0.08
2458469.3690968 10.92 0.10
2458469.3692704 10.85 0.10
2458469.3720482 10.80 0.09
2458469.3722218 10.91 0.10
2458469.3727426 10.79 0.09
2458469.3732635 10.87 0.10
2458469.3734371 10.93 0.10
2458469.3736107 10.78 0.09
2458469.3737843 10.97 0.11
2458469.3749996 10.89 0.10
2458469.3762159 10.88 0.10
2458469.3763894 10.88 0.10
2458469.3772566 10.99 0.11
2458469.3774301 10.94 0.10
2458469.3776037 10.97 0.10
2458469.3777773 10.80 0.09
2458469.3782982 10.83 0.09
2458488.3044163 11.01 0.14
2458488.3045899 10.83 0.12
2458488.3047635 10.71 0.11
2458488.3051107 10.69 0.10
2458488.3052844 10.74 0.11
2458488.3056316 10.90 0.13
2458488.3061524 10.76 0.11
2458488.3064996 10.88 0.12
2458488.3066732 10.71 0.10
2458488.3068468 10.84 0.12
2458488.3070205 10.74 0.11
2458488.3071941 10.96 0.13
2458488.3075413 10.90 0.13
2458488.3082357 11.05 0.14
2458488.3084093 11.00 0.14
2458488.3085830 10.95 0.13
2458488.3087566 10.95 0.13
2458488.3089302 10.86 0.12
2458488.3091038 10.87 0.12
2458488.3097991 10.85 0.12
2458488.3099726 10.82 0.12
2458488.3101460 10.83 0.12
2458488.3103194 10.80 0.12
2458488.3104929 10.76 0.11
2458488.3106663 11.18 0.16
2458488.3108399 10.63 0.10
2458488.3110135 10.96 0.14
2458488.3113607 10.85 0.12
2458488.3115344 10.95 0.13
2458488.3120552 10.99 0.14
2458488.3122288 10.91 0.13
2458488.3124024 10.83 0.12
2458488.3125760 10.90 0.13
2458488.3127496 10.76 0.11
2458488.3129232 11.02 0.14
2458488.3130969 10.79 0.12
2458488.3134441 10.82 0.12
2458488.3136177 10.74 0.11
2458488.3139649 10.88 0.13
2458488.3141385 10.99 0.14
2458488.3143121 10.92 0.13
2458488.3144857 10.98 0.14
2458488.3146593 10.70 0.11
2458488.3153538 10.88 0.13
2458488.3155274 10.70 0.11
2458488.3157010 10.70 0.11
2458488.3158746 10.95 0.14
2458488.3160482 10.80 0.12
2458488.3162218 10.90 0.13
2458488.3163955 10.92 0.13
2458488.3165691 10.87 0.13
2458488.3169163 10.85 0.13
2458488.3172635 10.84 0.12
2458488.3176107 10.82 0.12
2458488.3177844 10.67 0.11
2458488.3179580 10.95 0.14
2458488.3181316 10.70 0.11
2458488.3183052 10.75 0.11
2458488.3184788 10.79 0.12
2458488.3189996 10.69 0.11
2458488.3191732 10.88 0.13
2458488.3195205 10.88 0.13
2458488.3196941 10.93 0.14
2458488.3198677 10.81 0.12
2458488.3200413 10.73 0.11
2458488.3202149 10.86 0.13
2458488.3205621 10.71 0.11
2458488.3209094 10.87 0.13
2458488.3210830 10.81 0.12
2458488.3212579 11.03 0.15
2458488.3214314 10.93 0.14
2458488.3217783 10.85 0.13
2458488.3219517 10.86 0.13
2458488.3221252 11.08 0.16
2458488.3226455 10.72 0.11
2458488.3228191 10.70 0.11
2458488.3233399 10.74 0.12
2458488.3235135 10.82 0.12
2458488.3236871 10.78 0.12
2458488.3238607 10.73 0.11
2458488.3240343 10.72 0.11
2458488.3243816 10.84 0.13
2458488.3245552 10.89 0.13
2458488.3247288 10.98 0.14
2458488.3249024 10.72 0.11
2458488.3250760 10.91 0.13
2458488.3252496 10.86 0.13
2458488.3254232 10.95 0.14
2458488.3257705 10.76 0.12
2458488.3264649 10.71 0.11
2458488.3266385 11.00 0.14
2458488.3268121 10.84 0.13
2458488.3269857 10.95 0.14
2458488.3273330 10.75 0.12
2458488.3275066 10.87 0.13
2458488.3276802 10.73 0.12
2458488.3278538 10.96 0.14
2458488.3285482 10.81 0.12
2458488.3288955 10.91 0.14
2458488.3294163 10.96 0.14
2458488.3299371 10.82 0.13
2458488.3302843 10.90 0.13
2458488.3304580 10.70 0.11
2458488.3309788 10.65 0.11
2458488.3316732 10.80 0.12
2458488.3328885 10.77 0.12
2458488.3330621 10.70 0.11
2458488.3332370 10.86 0.13
2458488.3334105 11.00 0.15
2458488.3335839 11.09 0.16
2458488.3337574 10.86 0.13
2458488.3339308 10.76 0.12
2458488.3341043 10.89 0.13
2458488.3344511 10.85 0.13
2458488.3346246 10.77 0.12
2458488.3347982 10.78 0.12
2458488.3349719 10.86 0.13
2458488.3353191 10.84 0.13
2458488.3354927 10.73 0.12
2458488.3356663 10.91 0.14
2458488.3358399 10.90 0.14
2458488.3360135 10.83 0.13
2458488.3363607 11.10 0.16
2458488.3365344 10.74 0.12
2458488.3368816 10.97 0.15
2458488.3372288 10.85 0.13
2458488.3374024 10.81 0.13
2458488.3375760 10.72 0.12
2458488.3377496 10.85 0.13
2458488.3379232 10.85 0.13
2458488.3380968 10.82 0.13
2458488.3382705 10.95 0.14
2458488.3391385 10.69 0.11
2458488.3393121 10.65 0.11
2458488.3394857 10.83 0.13
2458488.3396593 10.91 0.14
2458488.3400066 10.81 0.13
2458488.3401802 10.86 0.13
2458488.3403538 10.86 0.13
2458488.3413955 10.72 0.12
2458488.3427844 10.85 0.13
2458488.3429580 10.81 0.13
2458488.3433052 10.82 0.13
2458488.3436524 10.90 0.14
2458488.3438260 10.76 0.12
2458488.3439996 10.77 0.12
2458488.3445205 10.89 0.14
2458488.3446941 10.88 0.14
2458488.3448677 10.80 0.13
2458488.3450413 10.70 0.11
2458488.3452162 10.88 0.14
2458488.3455631 10.81 0.13
2458488.3457365 10.91 0.14
2458488.3460834 10.93 0.14
2458488.3462569 10.74 0.12
2458488.3466038 10.84 0.13
2458488.3474718 10.83 0.13
2458488.3478191 10.80 0.12
2458488.3479927 10.91 0.14
2458488.3481663 10.76 0.12
2458488.3485135 10.89 0.14
2458488.3488607 10.94 0.14
2458488.3490344 10.64 0.11
2458488.3493816 10.95 0.14
2458488.3495552 10.83 0.13
2458488.3497288 10.85 0.13
2458488.3499024 10.77 0.12
2458488.3500760 10.81 0.13
2458488.3502496 10.79 0.12
2458488.3507705 11.01 0.15
2458488.3509441 10.81 0.13
2458488.3511177 10.95 0.14
2458488.3516385 10.76 0.12
2458488.3519857 10.84 0.13
2458488.3521594 10.90 0.14
2458488.3523330 10.96 0.14
2458488.3530274 10.69 0.11
2458488.3537218 10.85 0.13
2458488.3542427 10.91 0.14
2458488.3544163 10.66 0.11
2458488.3549371 10.86 0.13
2458488.3551107 10.97 0.14
2458488.3552843 10.74 0.12
2458488.3554580 10.74 0.12
2458488.3556316 10.74 0.12
2458488.3558052 10.68 0.11
2458488.3561524 10.95 0.14
2458488.3564996 10.94 0.14
2458488.3570218 10.62 0.11
2458488.3580625 10.77 0.12
2458488.3582360 10.80 0.12
2458488.3584094 11.01 0.15
2458488.3589302 10.89 0.14
2458488.3594510 10.75 0.12
2458488.3596246 10.67 0.11
2458488.3597982 10.89 0.14
2458488.3599718 11.02 0.15
2458488.3601455 10.81 0.13
2458488.3603191 10.78 0.12
2458488.3604927 10.81 0.13
2458488.3611871 10.85 0.13
2458488.3613607 10.83 0.13
2458488.3617080 10.77 0.12
2458488.3618816 10.86 0.13
2458488.3620552 10.85 0.13
2458488.3625760 10.76 0.12
2458488.3627496 10.90 0.14
2458488.3629232 10.72 0.12
2458488.3634441 10.80 0.13
2458488.3637913 10.86 0.13
2458488.3639649 10.81 0.13
2458488.3644857 10.55 0.10
2458488.3648330 10.89 0.14
2458488.3650066 10.81 0.13
2458488.3651802 10.68 0.11
2458488.3653538 10.74 0.12
2458488.3657010 10.83 0.13
2458488.3658746 10.69 0.11
2458488.3660482 10.71 0.12
2458488.3665691 10.90 0.14
2458488.3676107 10.93 0.14
2458488.3681316 10.89 0.14
2458488.3686524 10.52 0.10
2458488.3693479 10.75 0.12
2458488.3700417 10.93 0.14
2458488.3702150 10.86 0.14
2458488.3703885 10.67 0.11
2458488.3707357 10.96 0.15
2458488.3716038 10.81 0.13
2458488.3719510 10.97 0.15
2458488.3722982 10.76 0.12
2458488.3724718 10.68 0.11
2458488.3728191 10.85 0.13
2458488.3729927 10.52 0.10
2458488.3733399 10.73 0.12
2458488.3736871 10.95 0.15
2458493.2523211 10.93 0.13
2458493.2526684 11.03 0.14
2458493.2530156 10.77 0.11
2458493.2533628 10.94 0.13
2458493.2535364 10.82 0.11
2458493.2538836 11.06 0.14
2458493.2540586 10.77 0.11
2458493.2542320 10.65 0.10
2458493.2544055 11.02 0.14
2458493.2545789 10.90 0.12
2458493.2547524 10.97 0.13
2458493.2549258 10.95 0.13
2458493.2556198 10.95 0.13
2458493.2563142 10.79 0.11
2458493.2564878 10.98 0.13
2458493.2568350 10.82 0.11
2458493.2573559 10.88 0.12
2458493.2578767 10.96 0.13
2458493.2580503 10.91 0.12
2458493.2585711 10.88 0.12
2458493.2590920 10.91 0.12
2458493.2594392 10.88 0.12
2458493.2601336 10.90 0.12
2458493.2603072 10.65 0.10
2458493.2604809 10.93 0.12
2458493.2606545 11.07 0.14
2458493.2615225 11.03 0.13
2458493.2616961 10.75 0.11
2458493.2620434 10.93 0.12
2458493.2623906 10.72 0.10
2458493.2630850 10.81 0.11
2458493.2634323 10.97 0.13
2458493.2649948 10.96 0.13
2458493.2653420 10.81 0.11
2458493.2655156 10.95 0.13
2458493.2656892 10.87 0.12
2458493.2658628 10.88 0.12
2458493.2662112 10.74 0.10
2458493.2663847 10.94 0.12
2458493.2675989 10.84 0.11
2458493.2679461 10.95 0.13
2458493.2682934 10.99 0.13
2458493.2684670 10.84 0.11
2458493.2686406 11.01 0.13
2458493.2688142 10.89 0.12
2458493.2689878 10.92 0.12
2458493.2691614 10.97 0.13
2458493.2696822 10.94 0.12
2458493.2705503 10.93 0.12
2458493.2708975 10.72 0.10
2458493.2710711 10.81 0.11
2458493.2712448 10.90 0.12
2458493.2714184 10.93 0.12
2458493.2715920 10.95 0.13
2458493.2721128 10.88 0.12
2458493.2724600 11.09 0.14
2458493.2726336 10.86 0.12
2458493.2728073 10.85 0.12
2458493.2729809 10.96 0.13
2458493.2731545 10.97 0.13
2458493.2733281 10.74 0.10
2458493.2738489 10.80 0.11
2458493.2743697 10.85 0.12
2458493.2745434 10.82 0.11
2458493.2747170 10.74 0.10
2458493.2748906 11.11 0.15
2458493.2754114 10.81 0.11
2458493.2759322 10.74 0.10
2458493.2762795 10.73 0.10
2458493.2766267 10.78 0.11
2458493.2768003 10.85 0.11
2458493.2771475 10.74 0.10
2458493.2776684 10.75 0.11
2458493.2783638 10.78 0.11
2458493.2790576 10.85 0.11
2458493.2795781 10.66 0.10
2458493.2797517 10.92 0.12
2458493.2800989 10.93 0.12
2458493.2804461 10.85 0.12
2458493.2806198 10.82 0.11
2458493.2807934 10.85 0.12
2458493.2809670 10.89 0.12
2458493.2811406 11.09 0.14
2458493.2813142 10.96 0.13
2458493.2814878 10.91 0.12
2458493.2818350 10.99 0.13
2458493.2820086 10.92 0.12
2458493.2823559 10.84 0.11
2458493.2825295 10.85 0.11
2458493.2828767 10.93 0.12
2458493.2832239 11.01 0.13
2458493.2835711 10.88 0.12
2458493.2837447 10.86 0.12
2458493.2839184 10.72 0.10
2458493.2840920 10.99 0.13
2458493.2842656 11.02 0.13
2458493.2844392 11.00 0.13
2458493.2847864 10.83 0.11
2458493.2851336 10.94 0.13
2458493.2853072 10.85 0.12
2458493.2854809 10.86 0.12
2458493.2858281 10.89 0.12
2458493.2866961 10.74 0.11
2458493.2872170 10.89 0.12
2458493.2873906 10.84 0.12
2458493.2879114 11.02 0.14
2458493.2880850 10.73 0.11
2458493.2887795 11.08 0.14
2458493.2889531 11.08 0.14
2458493.2899961 10.65 0.10
2458493.2903429 10.80 0.11
2458493.2905164 10.67 0.10
2458493.2906898 10.84 0.11
2458493.2908633 11.13 0.15
2458493.2910367 11.02 0.13
2458493.2912102 10.92 0.12
2458493.2915572 10.77 0.11
2458493.2917309 10.76 0.11
2458493.2919045 10.91 0.12
2458493.2920781 10.77 0.11
2458493.2922517 11.08 0.14
2458493.2924253 11.00 0.13
2458493.2925989 10.85 0.11
2458493.2927725 10.88 0.12
2458493.2929461 11.01 0.13
2458493.2931197 10.83 0.11
2458493.2932934 10.88 0.12
2458493.2934670 10.81 0.11
2458493.2936406 10.99 0.13
2458493.2938142 10.97 0.13
2458493.2941614 10.97 0.13
2458493.2943350 10.83 0.11
2458493.2945086 10.87 0.12
2458493.2948559 10.89 0.12
2458493.2952031 10.86 0.12
2458493.2953767 10.80 0.11
2458493.2957239 11.06 0.14
2458493.2962448 10.92 0.12
2458493.2965920 10.75 0.11
2458493.2967656 11.15 0.15
2458493.2969392 10.91 0.12
2458493.2971128 10.84 0.12
2458493.2972864 10.91 0.12
2458493.2974600 10.90 0.12
2458493.2976336 11.08 0.15
2458493.2978072 11.01 0.13
2458493.2981545 10.98 0.13
2458493.2985017 10.70 0.10
2458493.2988489 11.01 0.14
2458493.2990225 10.95 0.13
2458493.2991961 10.94 0.13
2458493.2993697 10.92 0.13
2458493.2995434 10.82 0.11
2458493.2998906 10.88 0.12
2458493.3000642 10.91 0.12
2458493.3004114 10.71 0.10
2458493.3005850 10.89 0.12
2458493.3007586 10.84 0.12
2458493.3018931 11.03 0.14
2458493.3021591 10.81 0.11
2458493.3023327 10.73 0.10
2458493.3025063 10.89 0.12
2458493.3030272 10.81 0.11
2458493.3032008 10.91 0.12
2458493.3033744 10.89 0.12
2458493.3035480 10.91 0.12
2458493.3037216 10.94 0.13
2458493.3040688 11.03 0.14
2458493.3042424 10.81 0.11
2458493.3044161 10.87 0.12
2458493.3051105 10.98 0.13
2458493.3052841 10.73 0.10
2458493.3054577 10.97 0.13
2458493.3056313 10.84 0.11
2458493.3059785 10.90 0.12
2458493.3061522 10.77 0.11
2458493.3063258 10.72 0.10
2458493.3064994 10.85 0.12
2458493.3068466 10.65 0.10
2458493.3070202 10.92 0.12
2458493.3071938 11.01 0.13
2458493.3073674 10.90 0.12
2458493.3075410 10.72 0.10
2458493.3077147 10.88 0.12
2458493.3078883 11.02 0.13
2458493.3080619 10.76 0.11
2458493.3084091 11.04 0.14
2458493.3085827 10.94 0.13
2458493.3087563 10.97 0.13
2458493.3091036 10.74 0.10
2458493.3094508 11.05 0.14
2458493.3097980 10.85 0.12
2458493.3099716 10.96 0.13
2458493.3103188 11.07 0.14
2458493.3104924 11.00 0.13
2458493.3108397 10.89 0.12
2458493.3110133 10.80 0.11
2458493.3111869 11.03 0.13
2458493.3117077 10.88 0.12
2458493.3118813 10.74 0.10
2458493.3120549 10.98 0.13
2458493.3122298 10.70 0.10
2458493.3124033 10.78 0.11
2458493.3130971 11.01 0.13
2458493.3132705 10.79 0.11
2458493.3136174 10.87 0.12
2458493.3137910 10.77 0.11
2458493.3139647 10.88 0.12
2458493.3153535 10.82 0.11
2458493.3157008 11.06 0.14
2458493.3177841 10.99 0.13
2458493.3184786 10.75 0.10
2458493.3186522 10.79 0.11
2458493.3189994 10.76 0.10
2458493.3193466 10.81 0.11
2458493.3195202 10.80 0.11
2458493.3203883 10.97 0.13
2458493.3207355 11.05 0.14
2458493.3209091 10.87 0.12
2458493.3210827 10.98 0.13
2458493.3212563 10.91 0.12
2458493.3217772 10.75 0.10
2458493.3231662 10.87 0.12
2458493.3233397 10.93 0.12
2458493.3235133 10.89 0.12
2458493.3236869 10.89 0.12
2458493.3240341 10.75 0.10
2458493.3242090 10.85 0.11
2458493.3245559 10.80 0.11
2458493.3247293 11.15 0.15
2458493.3254231 10.92 0.12
2458493.3257702 10.59 0.09
2458493.3262911 10.93 0.12
2458493.3269855 10.74 0.10
2458493.3271591 10.90 0.12
2458493.3273327 10.74 0.10
2458493.3275063 10.96 0.12
2458493.3278536 10.93 0.12
2458493.3285480 10.93 0.12
2458493.3287216 10.92 0.12
2458493.3290688 10.75 0.10
2458493.3292430 10.89 0.12
2458493.3294160 10.84 0.11
2458493.3297633 11.01 0.13
2458493.3299369 10.88 0.12
2458493.3301105 10.93 0.12
2458493.3304577 10.96 0.12
2458493.3313258 11.00 0.13
2458493.3318466 11.04 0.13
2458493.3328883 10.85 0.11
2458493.3332355 10.95 0.12
2458493.3335827 10.92 0.12
2458493.3337563 11.12 0.15
2458493.3341036 10.92 0.12
2458493.3342772 10.92 0.12
2458493.3351452 10.78 0.11
2458493.3353188 10.84 0.11
2458493.3358397 10.94 0.12
2458493.3361882 10.93 0.12
2458493.3363616 10.92 0.12
2458493.3367085 10.77 0.11
2458493.3370554 10.97 0.13
2458493.3372288 10.80 0.11
2458493.3375758 10.92 0.12
2458493.3377494 10.77 0.11
2458493.3382702 10.73 0.10
2458493.3384438 10.88 0.12
2458493.3386174 10.90 0.12
2458493.3387910 10.76 0.11
2458493.3389647 10.98 0.13
2458493.3391383 10.92 0.12
2458493.3393119 10.77 0.11
2458493.3396591 10.85 0.12
2458493.3398327 10.74 0.10
2458493.3400063 10.94 0.13
2458493.3401799 10.72 0.10
2458493.3403536 10.85 0.11
2458493.3407008 10.96 0.13
2458493.3408744 11.10 0.14
2458493.3410480 10.85 0.12
2458493.3419161 10.74 0.10
2458493.3422633 10.78 0.11
2458493.3426105 10.77 0.11
2458493.3427841 10.86 0.12
2458493.3431313 10.92 0.12
2458493.3436522 10.94 0.13
2458493.3439994 10.81 0.11
2458493.3441730 10.95 0.13
2458493.3443466 10.86 0.12
2458493.3445202 10.91 0.12
2458493.3446938 10.64 0.09
2458493.3448674 10.83 0.11
2458493.3450410 10.93 0.13
2458493.3452147 10.72 0.10
2458493.3453883 10.92 0.12
2458493.3457355 10.72 0.10
2458493.3460827 10.78 0.11
2458493.3466035 10.63 0.09
2458493.3469508 10.89 0.12
2458493.3471244 10.72 0.10
2458493.3472980 10.77 0.11
2458493.3476452 11.01 0.13
2458493.3478188 10.86 0.12
2458493.3479924 10.81 0.11
2458493.3481673 10.76 0.11
2458493.3483408 10.97 0.13
2458493.3485142 10.74 0.11
2458493.3486876 10.86 0.12
2458493.3490345 10.87 0.12
2458493.3493814 10.69 0.10
2458493.3495549 10.90 0.12
2458493.3497286 10.81 0.11
2458493.3499022 10.80 0.11
2458493.3504230 10.78 0.11
2458493.3507702 10.89 0.12
2458493.3511174 10.86 0.12
2458493.3514647 10.79 0.11
2458493.3518119 10.82 0.11
2458493.3521591 10.98 0.13
2458493.3526799 10.72 0.10
2458493.3530272 10.83 0.11
2458493.3533744 10.80 0.11
2458493.3540688 10.67 0.10
2458493.3542424 10.92 0.12
2458493.3552841 10.92 0.12
2458493.3556313 10.84 0.11
2458493.3558049 10.81 0.11
2458493.3559786 10.77 0.11
2458493.3563258 10.75 0.10
2458493.3564994 10.73 0.10
2458493.3568466 10.63 0.09
2458493.3575411 10.89 0.12
2458493.3580619 10.85 0.11
2458493.3587563 10.71 0.10
2458493.3589299 10.68 0.10
2458493.3601465 10.68 0.10
2458493.3608403 10.85 0.12
2458493.3610137 10.65 0.10
2458493.3613606 10.68 0.10
2458493.3615341 10.58 0.09
2458493.3618813 10.65 0.10
2458493.3620549 10.94 0.13
2458493.3622285 11.05 0.14
2458493.3624022 11.03 0.13
2458493.3625758 10.90 0.12
2458493.3627494 10.86 0.12
2458493.3630966 10.84 0.11
2458493.3634438 10.73 0.10
2458493.3636174 10.84 0.11
2458493.3639647 10.90 0.12
2458493.3643119 10.87 0.12
2458493.3644855 10.82 0.11
2458493.3651799 10.82 0.11
2458493.3658744 10.62 0.09
2458493.3660480 10.92 0.12
2458493.3663952 10.68 0.10
2458493.3665688 10.70 0.10
2458493.3667424 10.67 0.10
2458493.3670897 10.86 0.12
2458493.3679577 10.93 0.12
2458493.3681313 10.78 0.11
2458493.3683049 10.98 0.13
2458493.3684785 11.06 0.14
2458493.3686522 10.94 0.13
2458493.3689994 10.82 0.11
2458493.3695202 10.97 0.13
2458493.3696938 10.94 0.13
2458493.3698674 10.96 0.13
2458493.3700410 10.98 0.13
2458493.3702147 10.84 0.11
2458493.3703883 10.83 0.11
2458493.3709091 10.92 0.12
2458493.3712563 10.89 0.12
2458493.3716036 10.90 0.12
2458493.3719508 10.84 0.11
2458493.3722991 11.05 0.14
2458493.3724725 10.76 0.11
2458493.3729928 10.97 0.13
2458493.3733397 10.67 0.10
2458493.3735133 11.00 0.13
2458493.3742077 10.74 0.10
2458493.3743813 10.89 0.12
2458493.3745549 10.83 0.11
2458493.3749022 10.79 0.11
2458493.3757702 10.94 0.13
2458493.3759438 10.82 0.11
2458493.3761174 10.84 0.11
2458493.3766383 10.96 0.13
2458493.3771591 10.73 0.10
2458493.3778535 10.83 0.11
2458493.3785480 10.94 0.13
2458493.3787216 10.82 0.11
2458493.3788952 10.85 0.12
2458493.3790688 10.84 0.12
2458493.3794161 10.72 0.10
2458493.3801105 10.80 0.11
2458493.3802841 10.66 0.10
2458493.3806313 10.75 0.11
2458493.3808049 10.81 0.11
2458493.3809786 10.77 0.11
2458493.3813258 10.95 0.13
2458493.3823674 11.03 0.14
2458493.3825411 10.82 0.12
2458493.3827147 10.96 0.13
2458493.3828883 10.69 0.10
2458493.3830619 10.77 0.11
2458493.3835827 10.97 0.13
2458493.3839313 10.73 0.11
2458493.3841048 11.07 0.15
2458493.3842782 10.94 0.13
2458493.3844517 10.91 0.13
2458493.3846251 10.70 0.10
2458493.3847985 10.91 0.12
2458493.3849720 10.77 0.11
2458493.3851454 10.75 0.11
2458493.3853189 10.70 0.10
2458493.3854924 10.88 0.12
2458493.3865341 10.89 0.12
2458493.3867077 10.88 0.12
2458493.3868813 10.79 0.11
2458493.3872286 11.10 0.15
2458493.3875758 10.86 0.12
2458493.3877494 10.71 0.10
2458493.3879230 10.71 0.11
2458493.3882702 10.87 0.12
2458493.3884438 10.89 0.13
2458493.3893119 10.70 0.10
2458493.3894855 10.97 0.13
2458493.3896591 10.89 0.12
2458493.3898327 10.83 0.12
2458493.3900063 10.77 0.11
2458493.3901799 10.71 0.11
2458493.3905272 10.70 0.11
2458493.3910480 10.82 0.12
2458493.3912216 10.86 0.12
2458493.3913952 10.67 0.10
2458493.3917424 10.74 0.11
2458493.3919160 10.87 0.12
2458493.3920897 10.73 0.11
2458493.3922633 10.86 0.12
2458493.3924369 10.84 0.12
2458493.3929577 10.75 0.11
2458493.3933049 10.70 0.11
2458493.3939994 10.68 0.10
2458493.3941730 10.77 0.11
2458493.3943466 10.91 0.13
2458493.3946938 10.69 0.10
2458493.3948674 10.86 0.12
2458493.3950411 10.71 0.11
2458493.3952147 10.83 0.12
2458493.3953883 10.89 0.13
2458493.3955619 10.50 0.09
2458493.3957355 10.72 0.11
2458493.3959105 10.77 0.11
2458493.3962574 10.84 0.12
2458493.3967777 10.99 0.14
2458493.3971246 10.83 0.12
2458493.3972980 10.97 0.14
2458493.3976452 10.76 0.11
2458493.3978188 10.86 0.12
2458493.3992077 10.79 0.12
2458493.3993813 10.80 0.12
2458493.3995549 10.92 0.13
2458493.3997285 10.84 0.12
2458493.4004230 10.86 0.12
2458493.4005966 10.73 0.11
2458493.4009438 10.89 0.13
2458493.4011174 10.83 0.12
2458493.4012910 10.73 0.11
2458493.4014647 10.87 0.13
2458493.4016383 10.80 0.12
2458493.4021591 10.79 0.12
2458493.4023327 10.85 0.12
2458493.4028536 10.92 0.13
2458493.4033744 10.89 0.13
2458493.4038952 10.68 0.11
2458493.4045897 10.97 0.14
2458493.4047633 10.91 0.13
2458493.4049369 11.01 0.14
2458493.4052841 10.81 0.12
2458493.4058049 10.77 0.12
2458493.4059786 10.70 0.11
2458493.4061522 10.87 0.13
2458493.4063258 10.87 0.13
2458493.4068466 10.75 0.11
2458493.4073674 10.69 0.11
2458493.4075410 10.86 0.13
2458493.4077147 10.80 0.12
2458493.4080630 10.88 0.13
2458493.4085833 10.99 0.14
2458493.4087568 10.87 0.13
2458493.4089302 10.99 0.14
2458493.4091037 10.95 0.14
2458493.4092772 10.61 0.10
2458493.4096244 10.58 0.10
2458493.4097980 10.62 0.10
2458493.4101452 10.89 0.13
2458493.4104924 10.59 0.10
2458493.4108397 10.88 0.13
2458493.4110133 10.89 0.13
2458493.4113605 10.98 0.14
2458493.4115341 10.73 0.11
2458493.4124022 10.71 0.11
2458493.4127494 10.86 0.13
2458493.4129230 10.94 0.14
2458493.4132702 10.70 0.11
2458493.4136174 10.86 0.13
2458493.4137911 10.73 0.11
2458493.4141383 10.84 0.13
2458493.4143119 11.03 0.15
2458493.4144855 10.94 0.14
2458493.4146591 10.77 0.12
2458493.4148327 10.85 0.13
2458493.4153535 10.76 0.12
2458493.4158744 10.70 0.11
2458494.3455156 10.72 0.16
2458494.3456892 10.71 0.15
2458494.3465573 10.82 0.16
2458494.3467309 10.83 0.16
2458494.3481197 10.54 0.13
2458494.3486406 10.84 0.17
2458494.3489878 10.73 0.15
2458494.3519392 10.79 0.17
2458494.3522864 10.76 0.17
2458494.3526336 10.57 0.14
2458495.1434438 10.76 0.17
2458495.1436174 10.73 0.17
2458495.1443119 10.72 0.16
2458495.1512563 10.60 0.14
2458495.1550758 10.73 0.16
2458495.1554230 10.73 0.16
2458495.1564647 10.61 0.14
2458495.1571591 10.76 0.17
2458495.1583744 10.51 0.13
2458495.1595902 10.71 0.16
2458495.1599371 10.76 0.16
2458495.1604577 10.66 0.15
2458495.1682702 10.71 0.16
2458495.1687910 10.61 0.14
2458495.1708756 10.74 0.16
2458495.1715694 10.72 0.16
2458495.1738258 10.71 0.15
2458495.1766035 10.89 0.18
2458495.1767772 10.80 0.17
2458495.1769508 10.77 0.16
2458495.1774716 10.70 0.15
2458495.1783397 10.76 0.16
2458495.1802494 10.62 0.14
2458495.1852841 10.59 0.13
2458495.1861522 10.78 0.16
2458495.1864994 10.82 0.16
2458495.1878883 10.75 0.15
2458495.1882355 10.71 0.15
2458495.1908397 10.85 0.17
2458495.1917077 10.77 0.15
2458495.1934438 10.72 0.15
2458495.1946591 10.68 0.14
2458495.1989994 10.80 0.16
2458495.1996938 10.63 0.14
2458495.2002147 10.73 0.15
2458495.2009091 10.68 0.14
2458495.2014299 10.79 0.16
2458495.2016035 10.59 0.13
2458495.2021244 10.69 0.14
2458495.2026452 10.80 0.16
2458495.2028188 10.75 0.15
2458495.2029924 10.74 0.15
2458495.2033397 10.77 0.16
2458495.2040341 10.60 0.13
2458495.2047286 10.63 0.14
2458495.2049022 10.85 0.17
2458495.2050758 10.70 0.15
2458495.2057702 10.72 0.15
2458495.2062911 10.78 0.16
2458495.2069867 10.78 0.16
2458495.2075070 10.87 0.17
2458495.2076805 10.69 0.15
2458495.2082008 10.58 0.13
2458495.2088952 10.78 0.16
2458495.2106313 10.83 0.16
2458495.2111522 10.82 0.16
2458495.2132355 10.53 0.12
2458495.2186174 10.88 0.17
2458495.2194862 10.74 0.15
2458495.2201799 10.78 0.15
2458495.2203536 10.91 0.17
2458495.2210480 10.64 0.13
2458495.2226105 10.77 0.15
2458495.2231313 10.70 0.14
2458495.2233049 10.65 0.14
2458495.2234785 10.75 0.15
2458495.2241730 10.79 0.15
2458495.2246938 10.69 0.14
2458495.2252147 10.60 0.13
2458495.2255619 10.67 0.14
2458495.2266036 10.63 0.14
2458495.2271244 10.67 0.14
2458495.2281661 10.62 0.13
2458495.2283397 10.62 0.13
2458495.2292077 10.51 0.12
2458495.2295549 10.68 0.14
2458495.2297286 10.60 0.13
2458495.2307716 10.68 0.14
2458495.2309450 10.50 0.12
2458495.2321591 10.76 0.15
2458495.2323327 10.54 0.12
2458495.2328535 10.73 0.14
2458495.2332008 10.49 0.12
2458495.2351105 10.62 0.13
2458495.2363258 10.71 0.14
2458495.2364994 10.74 0.14
2458495.2368466 10.61 0.13
2458495.2370202 10.83 0.16
2458495.2387563 10.82 0.15
2458495.2392772 10.57 0.12
2458495.2408397 10.86 0.16
2458495.2410133 10.65 0.13
2458495.2424022 10.85 0.16
2458495.2425758 10.72 0.14
2458495.2436180 10.75 0.14
2458495.2453536 10.85 0.16
2458495.2458744 10.59 0.13
2458495.2463952 10.77 0.14
2458495.2477841 10.74 0.14
2458495.2493466 10.69 0.14
2458495.2500411 10.65 0.13
2458495.2502147 10.76 0.14
2458495.2509091 10.76 0.14
2458495.2510827 10.80 0.15
2458495.2517772 10.70 0.14
2458495.2521244 10.76 0.15
2458495.2522980 10.66 0.13
2458495.2528188 10.67 0.13
2458495.2538605 10.72 0.14
2458495.2542077 10.66 0.13
2458495.2543813 10.77 0.14
2458495.2545549 10.56 0.12
2458495.2549034 10.80 0.15
2458495.2550769 10.78 0.15
2458495.2554238 10.81 0.15
2458495.2555972 10.62 0.13
2458495.2559441 10.73 0.14
2458495.2564647 10.81 0.15
2458495.2568119 10.83 0.15
2458495.2575063 10.86 0.15
2458495.2580272 10.68 0.13
2458495.2583744 10.69 0.13
2458495.2587216 10.66 0.13
2458495.2588952 10.71 0.13
2458495.2592424 10.73 0.14
2458495.2601105 10.71 0.13
2458495.2602841 10.77 0.14
2458495.2604577 10.95 0.16
2458495.2606313 10.93 0.16
2458495.2613258 10.85 0.15
2458495.2616730 10.84 0.15
2458495.2621938 10.65 0.13
2458495.2625410 10.61 0.12
2458495.2627147 10.71 0.14
2458495.2628883 10.62 0.12
2458495.2632355 10.78 0.14
2458495.2635827 10.78 0.14
2458495.2637563 10.73 0.14
2458495.2642772 10.74 0.14
2458495.2658397 10.82 0.15
2458495.2660133 10.89 0.16
2458495.2663605 10.75 0.14
2458495.2667077 10.87 0.16
2458495.2675764 10.76 0.14
2458495.2677498 10.77 0.14
2458495.2679233 10.69 0.13
2458495.2687911 10.67 0.13
2458495.2703535 10.86 0.15
2458495.2719160 10.69 0.13
2458495.2720897 10.85 0.15
2458495.2722633 10.71 0.13
2458495.2724369 10.72 0.13
2458495.2726105 10.78 0.14
2458495.2729577 10.91 0.16
2458495.2733049 10.82 0.15
2458495.2736522 10.77 0.14
2458495.2741730 10.89 0.16
2458495.2746938 10.70 0.13
2458495.2748674 10.75 0.14
2458495.2750411 10.75 0.14
2458495.2752147 10.99 0.17
2458495.2755619 10.83 0.15
2458495.2759091 10.87 0.16
2458495.2760827 10.80 0.14
2458495.2762563 10.71 0.13
2458495.2764299 10.80 0.15
2458495.2766036 10.92 0.16
2458495.2767772 10.79 0.14
2458495.2769508 10.82 0.15
2458495.2771244 10.91 0.16
2458495.2776452 10.71 0.13
2458495.2779924 10.77 0.14
2458495.2781660 10.75 0.14
2458495.2783397 10.82 0.15
2458495.2786869 10.66 0.13
2458495.2788618 10.82 0.15
2458495.2790353 10.91 0.16
2458495.2795556 10.83 0.15
2458495.2797290 10.76 0.14
2458495.2799025 10.81 0.14
2458495.2802494 10.77 0.14
2458495.2804230 10.77 0.14
2458495.2818119 10.57 0.12
2458495.2830272 10.80 0.14
2458495.2833744 10.72 0.13
2458495.2837216 10.75 0.14
2458495.2838952 10.81 0.14
2458495.2844161 10.86 0.15
2458495.2854577 10.80 0.14
2458495.2856313 10.77 0.14
2458495.2858049 10.84 0.15
2458495.2863258 10.74 0.14
2458495.2871938 10.71 0.13
2458495.2875410 10.65 0.13
2458495.2884091 10.81 0.14
2458495.2896244 10.79 0.14
2458495.2901452 10.89 0.16
2458495.2903188 10.78 0.14
2458495.2908410 10.70 0.13
2458495.2927494 10.77 0.14
2458495.2929230 10.78 0.14
2458495.2930966 10.84 0.15
2458495.2932702 10.81 0.14
2458495.2936174 10.76 0.14
2458495.2937910 10.84 0.15
2458495.2941383 10.74 0.14
2458495.2943119 10.90 0.16
2458495.2944855 10.79 0.14
2458495.2946591 10.74 0.13
2458495.2948327 10.83 0.15
2458495.2950063 10.89 0.16
2458495.2951799 10.93 0.16
2458495.2957008 10.93 0.16
2458495.2960480 10.85 0.15
2458495.2967424 10.83 0.14
2458495.2972633 10.70 0.13
2458495.2979577 10.88 0.15
2458495.2981313 10.94 0.16
2458495.2984785 10.81 0.14
2458495.2989994 10.79 0.14
2458495.2991730 10.87 0.15
2458495.2995202 10.81 0.14
2458495.2996938 10.73 0.13
2458495.2998674 10.72 0.13
2458495.3002147 10.86 0.15
2458495.3003883 10.88 0.15
2458495.3005619 10.83 0.15
2458495.3007355 10.75 0.14
2458495.3009091 10.86 0.15
2458495.3012563 10.78 0.14
2458495.3014299 10.81 0.14
2458495.3016035 10.74 0.13
2458495.3017772 10.80 0.14
2458495.3019508 10.64 0.12
2458495.3029937 10.86 0.15
2458495.3035140 10.71 0.13
2458495.3036875 10.69 0.13
2458495.3040343 10.87 0.15
2458495.3042078 10.72 0.13
2458495.3047286 10.68 0.13
2458495.3059438 10.75 0.14
2458495.3071591 10.87 0.15
2458495.3075063 10.80 0.14
2458495.3082008 10.71 0.13
2458495.3088952 10.87 0.15
2458495.3094160 10.67 0.13
2458495.3095897 10.75 0.14
2458495.3097633 10.93 0.16
2458495.3101105 10.92 0.16
2458495.3120202 10.69 0.13
2458495.3130619 10.85 0.15
2458495.3134091 10.78 0.14
2458495.3135827 10.90 0.16
2458495.3137563 10.91 0.16
2458495.3139299 10.86 0.15
2458495.3142772 10.83 0.15
2458498.1654809 10.69 0.16
2458498.1656545 10.58 0.14
2458498.1658281 10.83 0.14
2458498.1660017 10.65 0.12
2458498.1661753 10.75 0.13
2458498.1663489 10.75 0.13
2458498.1665238 10.78 0.14
2458498.1668707 10.66 0.12
2458498.1670441 10.78 0.14
2458498.1672176 10.79 0.14
2458498.1673910 10.87 0.15
2458498.1680850 10.81 0.14
2458498.1687795 10.84 0.14
2458498.1691267 10.88 0.15
2458498.1696475 10.88 0.15
2458498.1699947 10.72 0.13
2458498.1701684 10.77 0.13
2458498.1705156 10.83 0.14
2458498.1710364 10.71 0.13
2458498.1715572 10.82 0.14
2458498.1724253 10.73 0.13
2458498.1731198 10.82 0.14
2458498.1736406 10.98 0.16
2458498.1738142 10.89 0.14
2458498.1739878 10.82 0.13
2458498.1741614 10.83 0.14
2458498.1743350 10.68 0.12
2458498.1745086 10.70 0.12
2458498.1753767 11.03 0.17
2458498.1755503 10.89 0.14
2458498.1760711 10.92 0.15
2458498.1764184 10.83 0.13
2458498.1769392 10.91 0.14
2458498.1771128 10.84 0.14
2458498.1774600 10.78 0.13
2458498.1778072 10.94 0.15
2458498.1779809 10.73 0.12
2458498.1781545 10.70 0.12
2458498.1783295 10.92 0.15
2458498.1785029 10.89 0.14
2458498.1786763 10.99 0.16
2458498.1788498 10.91 0.14
2458498.1791967 10.64 0.12
2458498.1795436 10.88 0.14
2458498.1797170 10.90 0.14
2458498.1798906 10.74 0.12
2458498.1802378 10.75 0.12
2458498.1809323 10.95 0.15
2458498.1811059 10.68 0.11
2458498.1812795 10.69 0.12
2458498.1814531 10.88 0.14
2458498.1819739 11.06 0.16
2458498.1823211 10.89 0.14
2458498.1826684 10.91 0.14
2458498.1828420 10.78 0.13
2458498.1830156 10.83 0.13
2458498.1833628 10.81 0.13
2458498.1835364 10.83 0.13
2458498.1837100 10.90 0.14
2458498.1838836 10.80 0.13
2458498.1844045 10.86 0.14
2458498.1850989 10.89 0.14
2458498.1854461 10.81 0.13
2458498.1859670 10.91 0.14
2458498.1863142 10.88 0.14
2458498.1866614 10.83 0.13
2458498.1868350 10.88 0.14
2458498.1870086 10.83 0.13
2458498.1871822 10.93 0.14
2458498.1885711 10.92 0.14
2458498.1889184 10.88 0.14
2458498.1890920 10.69 0.12
2458498.1892656 10.91 0.14
2458498.1897864 10.97 0.15
2458498.1899600 10.75 0.12
2458498.1904809 11.04 0.16
2458498.1910017 10.79 0.13
2458498.1911753 10.97 0.15
2458498.1915225 10.84 0.13
2458498.1916961 10.79 0.13
2458498.1918697 11.00 0.15
2458498.1920434 11.06 0.16
2458498.1922170 10.90 0.14
2458498.1923906 10.95 0.14
2458498.1925642 10.87 0.13
2458498.1927378 10.78 0.12
2458498.1929114 10.95 0.14
2458498.1932586 10.99 0.15
2458498.1934322 10.86 0.13
2458498.1936059 10.88 0.13
2458498.1937795 10.75 0.12
2458498.1939531 10.92 0.14
2458498.1941267 11.01 0.15
2458498.1943003 10.94 0.14
2458498.1944739 10.87 0.13
2458498.1948211 11.05 0.15
2458498.1949947 10.77 0.12
2458498.1951684 10.86 0.13
2458498.1955156 11.02 0.15
2458498.1960378 10.82 0.13
2458498.1962112 10.82 0.12
2458498.1963846 10.81 0.12
2458498.1965581 10.86 0.13
2458498.1969050 10.99 0.15
2458498.1972519 10.74 0.12
2458498.1974253 10.94 0.14
2458498.1975989 10.91 0.13
2458498.1979461 10.59 0.10
2458498.1982934 11.03 0.15
2458498.1984670 10.97 0.14
2458498.1986406 10.95 0.14
2458498.1988142 10.75 0.12
2458498.1989878 10.96 0.14
2458498.1993350 10.90 0.13
2458498.1995086 10.93 0.14
2458498.1996822 10.72 0.11
2458498.2002031 10.87 0.13
2458498.2007239 10.97 0.14
2458498.2010711 10.69 0.11
2458498.2014184 10.98 0.14
2458498.2015920 10.92 0.13
2458498.2017656 10.98 0.14
2458498.2019392 10.90 0.13
2458498.2021128 10.95 0.14
2458498.2022864 10.85 0.13
2458498.2024600 10.75 0.11
2458498.2026336 10.89 0.13
2458498.2028072 10.93 0.13
2458498.2029809 10.78 0.12
2458498.2031545 11.02 0.15
2458498.2035017 10.93 0.13
2458498.2036753 10.93 0.13
2458498.2041961 11.00 0.14
2458498.2043698 10.83 0.12
2458498.2045434 10.89 0.13
2458498.2048906 10.94 0.13
2458498.2052378 10.81 0.12
2458498.2054114 10.74 0.11
2458498.2057586 10.91 0.13
2458498.2059323 10.93 0.13
2458498.2064531 10.85 0.12
2458498.2066267 10.84 0.12
2458498.2068003 11.05 0.15
2458498.2069739 10.79 0.12
2458498.2071475 10.87 0.13
2458498.2073211 10.80 0.12
2458498.2074947 10.73 0.11
2458498.2076684 11.16 0.16
2458498.2078420 11.14 0.16
2458498.2080169 10.95 0.13
2458498.2081904 10.93 0.13
2458498.2088841 10.79 0.12
2458498.2090576 10.69 0.11
2458498.2094045 10.98 0.14
2458498.2095781 10.93 0.13
2458498.2097517 10.86 0.12
2458498.2099253 10.79 0.12
2458498.2100989 10.99 0.14
2458498.2102725 10.78 0.12
2458498.2106197 10.75 0.11
2458498.2109670 10.86 0.12
2458498.2111406 10.83 0.12
2458498.2114878 10.97 0.14
2458498.2120086 10.80 0.12
2458498.2123559 10.89 0.13
2458498.2125295 10.82 0.12
2458498.2130503 10.88 0.13
2458498.2132239 10.76 0.11
2458498.2133975 10.77 0.11
2458498.2135711 10.92 0.13
2458498.2139184 10.86 0.12
2458498.2140920 10.76 0.11
2458498.2142656 10.81 0.12
2458498.2144392 10.74 0.11
2458498.2146128 10.92 0.13
2458498.2153072 10.70 0.11
2458498.2160017 10.69 0.11
2458498.2161753 10.95 0.13
2458498.2163489 11.04 0.14
2458498.2168697 10.89 0.13
2458498.2170434 10.90 0.13
2458498.2172170 10.96 0.14
2458498.2175642 10.74 0.11
2458498.2177378 11.14 0.16
2458498.2179114 10.87 0.12
2458498.2180850 11.12 0.16
2458498.2182586 10.81 0.12
2458498.2186059 10.70 0.11
2458498.2189531 10.88 0.13
2458498.2191267 10.89 0.13
2458498.2193003 10.83 0.12
2458498.2194739 10.71 0.11
2458498.2196475 10.78 0.11
2458498.2198225 11.07 0.15
2458498.2199960 10.82 0.12
2458498.2201694 10.94 0.13
2458498.2203429 10.78 0.11
2458498.2208632 11.00 0.14
2458498.2210366 10.99 0.14
2458498.2213836 10.93 0.13
2458498.2217309 10.98 0.14
2458498.2219045 10.89 0.12
2458498.2222517 11.02 0.14
2458498.2224253 10.72 0.12
2458498.2225989 10.96 0.13
2458498.2227725 10.92 0.13
2458498.2231197 10.86 0.12
2458498.2232934 10.77 0.11
2458498.2234670 11.02 0.14
2458498.2236406 10.98 0.13
2458498.2239878 10.73 0.11
2458498.2241614 10.93 0.13
2458498.2243350 10.84 0.12
2458498.2245086 10.86 0.12
2458498.2248559 10.83 0.11
2458498.2250295 10.94 0.13
2458498.2255503 10.94 0.13
2458498.2257239 10.81 0.12
2458498.2258975 10.90 0.12
2458498.2262447 10.81 0.11
2458498.2265920 11.08 0.14
2458498.2271128 10.84 0.12
2458498.2272864 10.81 0.12
2458498.2274600 10.90 0.13
2458498.2276336 10.81 0.12
2458498.2278073 10.98 0.13
2458498.2279809 10.83 0.12
2458498.2281545 10.85 0.12
2458498.2283281 10.92 0.13
2458498.2285017 10.96 0.13
2458498.2286753 10.85 0.12
2458498.2288489 11.08 0.15
2458498.2295434 11.00 0.14
2458498.2300642 10.91 0.13
2458498.2305850 10.80 0.12
2458498.2309322 10.67 0.10
2458498.2311059 10.94 0.13
2458498.2316267 10.83 0.12
2458498.2323219 10.81 0.12
2458498.2324954 10.70 0.11
2458498.2328422 10.69 0.11
2458498.2330157 10.78 0.12
2458498.2331892 10.70 0.11
2458498.2333628 10.84 0.12
2458498.2335364 10.86 0.12
2458498.2338836 10.86 0.12
2458498.2340572 10.89 0.13
2458498.2342309 10.99 0.14
2458498.2344045 10.84 0.12
2458498.2345781 10.88 0.13
2458498.2347517 10.69 0.11
2458498.2349253 10.88 0.13
2458498.2350989 10.93 0.13
2458498.2352725 10.62 0.10
2458498.2354461 10.92 0.13
2458498.2357934 10.82 0.12
2458498.2359670 10.80 0.12
2458498.2361406 10.83 0.12
2458498.2364878 11.02 0.14
2458498.2368350 10.99 0.14
2458498.2370086 10.69 0.11
2458498.2371823 10.92 0.13
2458498.2375295 10.76 0.12
2458498.2377031 10.93 0.14
2458498.2378767 10.94 0.14
2458498.2380503 10.89 0.13
2458498.2382239 10.83 0.12
2458498.2385711 10.81 0.12
2458498.2387447 10.96 0.14
2458498.2390920 10.71 0.11
2458498.2392656 10.81 0.12
2458498.2394392 10.89 0.13
2458498.2396128 10.87 0.13
2458498.2397864 10.82 0.12
2458498.2399600 10.81 0.12
2458498.2401336 10.77 0.12
2458498.2404809 10.76 0.12
2458498.2410017 10.84 0.12
2458498.2411753 10.85 0.13
2458498.2413489 10.77 0.12
2458498.2416961 10.78 0.12
2458498.2418697 10.87 0.13
2458498.2423906 11.01 0.15
2458498.2427378 10.73 0.11
2458498.2429114 10.78 0.12
2458498.2430850 10.75 0.11
2458498.2434323 10.95 0.14
2458498.2437807 10.95 0.14
2458498.2439541 11.04 0.15
2458498.2441276 10.84 0.13
2458498.2444745 10.71 0.11
2458498.2446479 10.97 0.14
2458498.2448214 10.70 0.11
2458498.2451684 10.78 0.12
2458498.2455156 10.76 0.12
2458498.2456892 10.88 0.13
2458498.2458628 10.79 0.12
2458498.2463836 10.75 0.12
2458498.2465572 10.95 0.14
2458498.2469045 10.67 0.11
2458498.2472517 10.91 0.14
2458498.2477725 10.77 0.12
2458498.2479461 10.86 0.13
2458498.2481197 10.81 0.12
2458498.2484670 10.92 0.13
2458498.2486406 10.99 0.14
2458498.2488142 10.88 0.13
2458498.2489878 10.83 0.13
2458498.2491614 10.65 0.11
2458498.2495086 10.92 0.14
2458498.2496822 10.85 0.13
2458498.2498559 10.91 0.13
2458498.2500295 10.66 0.11
2458498.2502031 10.82 0.12
2458498.2507239 10.78 0.12
2458498.2508975 10.98 0.15
2458498.2512448 10.85 0.13
2458498.2514184 10.89 0.14
2458498.2515920 10.85 0.13
2458498.2517656 10.88 0.13
2458498.2519392 10.98 0.15
2458498.2522864 10.76 0.12
2458498.2524600 10.84 0.13
2458498.2526336 10.77 0.12
2458498.2528073 10.82 0.13
2458498.2529809 10.89 0.13
2458498.2533281 10.91 0.13
2458498.2535017 11.02 0.15
2458498.2536753 10.91 0.14
2458498.2538489 10.85 0.13
2458498.2540225 10.96 0.14
2458498.2541961 10.83 0.13
2458498.2545434 10.87 0.14
2458498.2547170 10.77 0.12
2458498.2550642 10.86 0.13
2458498.2552378 10.88 0.13
2458498.2554114 10.74 0.12
2458498.2555863 10.84 0.13
2458498.2557598 10.74 0.12
2458498.2559332 10.87 0.13
2458498.2561066 10.99 0.15
2458498.2562801 10.67 0.11
2458498.2564535 10.75 0.12
2458498.2566270 10.88 0.14
2458498.2568004 10.90 0.14
2458498.2569739 10.76 0.12
2458498.2571475 10.87 0.13
2458498.2573211 10.93 0.14
2458498.2574947 10.72 0.12
2458498.2576684 10.71 0.11
2458498.2578420 10.84 0.13
2458498.2580156 10.84 0.13
2458498.2583628 10.77 0.12
2458498.2585364 10.81 0.13
2458498.2587100 10.77 0.13
2458498.2590573 10.68 0.11
2458498.2592309 10.96 0.14
2458498.2595781 10.70 0.11
2458498.2597517 10.84 0.13
2458498.2602725 10.68 0.11
2458498.2604461 10.74 0.12
2458498.2606198 10.71 0.12
2458498.2611406 10.72 0.12
2458498.2614878 10.85 0.13
2458498.2616614 10.75 0.12
2458498.2620086 10.85 0.13
2458498.2621822 10.86 0.13
2458498.2623559 10.80 0.13
2458498.2627031 10.89 0.11
2458498.2628767 10.74 0.10
2458498.2630503 11.00 0.12
2458498.2632239 10.96 0.12
2458498.2633975 10.73 0.09
2458498.2637447 10.92 0.12
2458498.2639184 10.89 0.11
2458498.2642656 10.71 0.10
2458498.2644392 10.89 0.11
2458498.2653072 10.95 0.12
2458498.2658281 10.88 0.11
2458498.2661753 10.82 0.11
2458498.2666961 10.68 0.09
2458498.2668698 10.81 0.11
2458498.2670434 10.79 0.10
2458498.2672170 10.83 0.11
2458498.2675655 10.68 0.09
2458498.2680858 10.96 0.12
2458498.2684327 10.82 0.11
2458498.2686062 10.70 0.09
2458498.2687796 10.95 0.12
2458498.2691267 10.96 0.12
2458498.2699947 11.03 0.13
2458498.2701684 10.93 0.11
2458498.2706892 10.83 0.10
2458498.2708628 10.70 0.09
2458498.2719045 10.85 0.11
2458498.2724253 10.87 0.11
2458498.2725989 10.72 0.09
2458498.2729461 10.71 0.09
2458498.2734670 11.00 0.12
2458498.2738142 10.93 0.11
2458498.2743350 10.80 0.10
2458498.2750295 10.84 0.10
2458498.2760711 10.78 0.10
2458498.2764184 10.87 0.11
2458498.2765920 10.76 0.10
2458498.2769392 10.70 0.09
2458498.2771128 10.66 0.09
2458498.2776336 10.92 0.11
2458498.2779809 10.86 0.11
2458498.2785017 10.92 0.11
2458498.2786753 10.74 0.09
2458498.2788489 10.95 0.11
2458498.2790225 10.62 0.09
2458498.2793697 10.85 0.11
2458498.2800651 10.75 0.10
2458498.2802385 10.90 0.11
2458498.2804120 10.78 0.10
2458498.2812795 10.98 0.12
2458498.2814531 10.95 0.12
2458498.2819739 10.86 0.11
2458498.2821475 10.78 0.10
2458498.2824948 10.98 0.12
2458498.2828420 10.96 0.12
2458498.2830156 11.05 0.13
2458498.2831892 11.18 0.15
2458498.2833628 11.05 0.13
2458498.2835364 10.79 0.10
2458498.2838836 11.03 0.13
2458498.2840573 10.89 0.11
2458498.2844045 10.91 0.11
2458498.2847517 11.04 0.13
2458498.2849253 10.82 0.10
2458498.2854461 10.94 0.12
2458498.2856197 10.90 0.12
2458498.2863142 10.84 0.11
2458498.2866614 10.92 0.12
2458498.2870086 10.82 0.11
2458498.2871822 10.88 0.11
2458498.2873559 10.91 0.12
2458498.2877031 10.75 0.10
2458498.2878767 10.88 0.11
2458498.2882239 10.96 0.12
2458498.2885711 10.90 0.12
2458498.2892656 10.98 0.12
2458498.2894392 10.72 0.10
2458498.2896128 10.85 0.11
2458498.2899600 10.83 0.11
2458498.2901336 10.88 0.11
2458498.2904809 10.73 0.10
2458498.2910017 10.83 0.11
2458498.2911753 10.79 0.10
2458498.2915239 10.69 0.10
2458498.2920443 10.81 0.11
2458498.2925646 10.87 0.11
2458498.2929115 10.96 0.12
2458498.2934322 10.73 0.10
2458498.2939531 11.05 0.13
2458498.2943003 11.05 0.13
2458498.2944739 10.97 0.13
2458498.2955156 10.79 0.11
2458498.2960364 10.93 0.12
2458498.2962100 10.83 0.11
2458498.2965572 11.01 0.13
2458498.2972517 10.79 0.10
2458498.2974253 11.08 0.13
2458498.2984670 10.73 0.10
2458498.2986406 10.85 0.11
2458498.2988142 10.95 0.12
2458498.2991614 10.74 0.10
2458498.2993350 10.94 0.12
2458498.2995086 10.93 0.12
2458498.2998559 10.88 0.11
2458498.3000295 10.92 0.12
2458498.3002031 11.06 0.13
2458498.3005503 10.77 0.10
2458498.3012447 10.85 0.11
2458498.3014184 10.88 0.11
2458498.3019392 10.90 0.11
2458498.3021128 11.01 0.13
2458498.3031545 10.98 0.12
2458498.3036766 10.84 0.11
2458498.3043703 10.91 0.12
2458498.3045438 10.91 0.11
2458498.3047172 10.99 0.12
2458498.3048907 10.77 0.10
2458498.3054114 10.99 0.12
2458498.3059323 10.74 0.10
2458498.3061059 10.95 0.12
2458498.3062795 10.95 0.12
2458498.3064531 10.78 0.10
2458498.3066267 10.93 0.12
2458498.3068003 10.89 0.12
2458498.3076684 10.82 0.11
2458498.3080156 10.98 0.13
2458498.3081892 10.95 0.12
2458498.3083628 10.88 0.11
2458498.3090572 10.93 0.12
2458498.3094045 11.02 0.13
2458498.3095781 10.78 0.10
2458498.3097517 11.06 0.14
2458498.3100989 10.88 0.12
2458498.3102725 11.06 0.14
2458498.3106197 10.59 0.09
2458498.3111406 10.99 0.13
2458498.3114878 10.98 0.13
2458498.3118350 10.97 0.13
2458498.3120086 10.83 0.11
2458498.3123559 10.84 0.11
2458498.3128767 11.08 0.14
2458498.3133975 10.85 0.11
2458498.3135711 10.91 0.12
2458498.3137448 10.84 0.11
2458498.3139184 10.92 0.12
2458498.3140920 10.86 0.11
2458498.3142656 10.96 0.13
2458498.3153073 10.77 0.10
2458498.3160027 10.80 0.11
2458498.3168699 11.06 0.14
2458498.3170434 10.75 0.10
2458498.3173906 10.83 0.11
2458498.3175642 10.75 0.10
2458498.3180850 11.11 0.14
2458500.2340341 10.87 0.15
2458500.2342077 10.75 0.14
2458500.2349022 10.89 0.16
2458500.2352494 10.79 0.14
2458500.2355966 10.74 0.14
2458500.2357702 10.72 0.13
2458500.2359438 10.85 0.15
2458500.2362910 10.74 0.14
2458500.2366383 10.94 0.16
2458500.2369855 10.80 0.14
2458500.2375063 10.80 0.14
2458500.2382008 10.78 0.14
2458500.2387216 10.72 0.13
2458500.2392424 10.75 0.14
2458500.2395897 10.70 0.13
2458500.2397633 10.73 0.13
2458500.2399369 10.77 0.14
2458500.2404577 10.62 0.12
2458500.2406313 10.76 0.14
2458500.2413258 10.81 0.14
2458500.2416730 10.78 0.14
2458500.2423674 10.82 0.14
2458500.2427147 10.76 0.13
2458500.2430619 10.92 0.15
2458500.2439299 10.74 0.13
2458500.2441035 10.76 0.13
2458500.2442772 10.60 0.11
2458500.2444520 10.72 0.13
2458500.2447989 10.81 0.14
2458500.2449724 10.66 0.12
2458500.2451458 10.70 0.12
2458500.2456661 10.76 0.13
2458500.2458397 10.74 0.13
2458500.2460133 10.89 0.15
2458500.2461869 10.90 0.15
2458500.2463605 10.92 0.15
2458500.2465341 10.92 0.15
2458500.2467077 10.88 0.14
2458500.2468813 10.92 0.15
2458500.2470549 10.70 0.12
2458500.2472286 10.90 0.15
2458500.2474022 10.90 0.15
2458500.2475758 10.98 0.16
2458500.2477494 10.72 0.12
2458500.2479230 10.81 0.13
2458500.2480966 10.77 0.13
2458500.2482702 10.79 0.13
2458500.2484438 10.81 0.14
2458500.2486174 10.84 0.14
2458500.2491383 10.88 0.14
2458500.2493119 10.57 0.11
2458500.2494855 10.81 0.13
2458500.2496591 10.89 0.14
2458500.2500063 10.84 0.14
2458500.2501799 10.65 0.12
2458500.2505272 10.90 0.15
2458500.2507008 10.86 0.14
2458500.2510480 10.80 0.13
2458500.2512216 10.85 0.14
2458500.2513952 10.98 0.16
2458500.2515688 10.95 0.15
2458500.2517424 10.96 0.15
2458500.2522633 10.79 0.13
2458500.2524369 11.01 0.16
2458500.2526105 10.85 0.14
2458500.2533049 10.94 0.15
2458500.2534786 10.84 0.14
2458500.2536522 10.89 0.14
2458500.2539994 10.65 0.12
2458500.2541730 10.77 0.13
2458500.2543466 10.73 0.13
2458500.2557355 10.86 0.14
2458500.2559091 10.82 0.14
2458500.2562563 10.63 0.11
2458500.2566046 10.77 0.13
2458500.2567781 10.69 0.12
2458500.2572984 10.84 0.14
2458500.2576453 10.82 0.14
2458500.2579924 10.69 0.12
2458500.2583397 10.85 0.14
2458500.2586869 10.68 0.12
2458500.2588605 10.71 0.12
2458500.2590341 10.68 0.12
2458500.2592077 10.75 0.13
2458500.2593813 10.72 0.12
2458500.2595549 10.93 0.15
2458500.2599022 10.85 0.14
2458500.2600758 10.73 0.12
2458500.2604230 10.88 0.14
2458500.2605966 10.83 0.13
2458500.2607702 10.87 0.14
2458500.2612911 10.97 0.15
2458500.2618119 10.82 0.13
2458500.2619855 10.78 0.13
2458500.2621591 10.82 0.13
2458500.2623327 11.02 0.16
2458500.2625063 10.76 0.12
2458500.2626799 10.85 0.13
2458500.2628535 11.01 0.16
2458500.2630272 10.85 0.14
2458500.2632008 10.84 0.13
2458500.2637216 10.94 0.14
2458500.2638952 10.80 0.13
2458500.2640688 10.76 0.12
2458500.2645897 10.90 0.14
2458500.2647633 10.92 0.14
2458500.2649369 10.89 0.14
2458500.2654577 10.86 0.13
2458500.2656313 10.78 0.12
2458500.2658049 10.93 0.14
2458500.2659785 10.90 0.14
2458500.2661522 10.71 0.11
2458500.2668466 10.85 0.13
2458500.2670202 10.79 0.12
2458500.2675410 10.88 0.13
2458500.2677147 10.79 0.12
2458500.2678883 10.93 0.14
2458500.2680619 10.80 0.12
2458500.2684104 10.91 0.14
2458500.2687573 10.84 0.13
2458500.2691042 10.94 0.14
2458500.2692776 10.94 0.14
2458500.2694511 10.67 0.11
2458500.2699716 10.94 0.14
2458500.2703188 10.95 0.14
2458500.2704924 10.82 0.13
2458500.2706661 10.81 0.13
2458500.2708397 10.93 0.14
2458500.2710133 10.82 0.13
2458500.2711869 10.76 0.12
2458500.2713605 10.80 0.13
2458500.2715341 10.78 0.12
2458500.2718813 10.87 0.13
2458500.2727494 10.92 0.14
2458500.2730966 10.77 0.12
2458500.2734438 10.95 0.14
2458500.2736174 10.93 0.14
2458500.2737910 10.93 0.14
2458500.2743119 10.81 0.13
2458500.2748327 10.77 0.12
2458500.2753535 10.95 0.14
2458500.2755272 10.95 0.14
2458500.2758744 10.55 0.10
2458500.2760480 10.94 0.14
2458500.2763952 10.88 0.13
2458500.2765688 10.93 0.14
2458500.2767424 10.85 0.13
2458500.2769161 10.66 0.11
2458500.2770897 10.98 0.15
2458500.2774369 10.78 0.13
2458500.2784786 10.82 0.13
2458500.2788258 10.79 0.13
2458500.2789994 10.84 0.13
2458500.2791730 10.99 0.15
2458500.2795202 10.84 0.13
2458500.2796938 10.96 0.14
2458500.2800410 11.03 0.15
2458500.2802147 10.79 0.12
2458500.2803896 10.86 0.13
2458500.2805631 10.88 0.14
2458500.2807365 10.72 0.12
2458500.2809100 10.87 0.13
2458500.2812568 10.73 0.12
2458500.2819508 10.95 0.14
2458500.2824716 10.79 0.12
2458500.2833397 10.87 0.13
2458500.2835133 10.83 0.13
2458500.2838605 10.69 0.11
2458500.2842077 10.81 0.13
2458500.2847286 10.98 0.15
2458500.2850758 10.99 0.15
2458500.2854230 10.84 0.13
2458500.2857702 10.93 0.14
2458500.2859438 10.67 0.11
2458500.2862911 10.86 0.13
2458500.2864647 10.81 0.13
2458500.2866383 10.91 0.14
2458500.2868119 10.83 0.13
2458500.2869855 10.98 0.15
2458500.2873327 10.76 0.12
2458500.2878535 10.83 0.13
2458500.2882008 10.80 0.12
2458500.2885480 10.97 0.14
2458500.2888952 11.03 0.15
2458500.2895897 10.87 0.13
2458500.2897633 10.82 0.12
2458500.2901105 10.80 0.12
2458500.2902841 11.05 0.15
2458500.2904577 10.89 0.13
2458500.2906313 10.67 0.11
2458500.2908049 10.80 0.12
2458500.2911522 10.88 0.13
2458500.2914994 10.79 0.12
2458500.2916730 10.91 0.13
2458500.2918466 10.99 0.14
2458500.2920202 10.82 0.12
2458500.2921938 10.76 0.11
2458500.2923688 10.88 0.13
2458500.2927157 10.84 0.12
2458500.2930626 10.81 0.12
2458500.2932360 10.90 0.13