2458467.3668514 10.98 0.14
2458467.3673723 10.88 0.13
2458467.3678931 11.07 0.15
2458467.3680667 11.04 0.15
2458467.3682403 10.93 0.14
2458467.3684139 10.93 0.13
2458467.3689347 10.91 0.13
2458467.3691084 10.87 0.13
2458467.3692820 10.83 0.12
2458467.3694556 10.77 0.12
2458467.3696292 11.05 0.15
2458467.3698028 10.93 0.14
2458467.3704972 10.85 0.13
2458467.3711917 10.93 0.14
2458467.3717125 10.77 0.12
2458467.3725806 10.93 0.14
2458467.3727542 11.19 0.18
2458467.3729278 11.16 0.17
2458467.3731014 11.00 0.15
2458467.3734486 11.08 0.16
2458467.3736223 10.91 0.13
2458467.3737959 11.02 0.15
2458467.3739695 10.83 0.12
2458467.3741431 10.88 0.13
2458467.3743167 10.87 0.13
2458467.3746639 10.92 0.14
2458467.3748375 10.95 0.14
2458467.3750111 10.90 0.13
2458467.3751848 10.86 0.13
2458467.3762270 10.88 0.13
2458467.3770945 10.95 0.14
2458467.3776153 11.18 0.17
2458467.3783097 10.86 0.13
2458467.3788306 11.04 0.15
2458467.3791778 10.96 0.14
2458467.3793514 10.95 0.14
2458467.3795250 11.04 0.15
2458467.3796986 10.93 0.14
2458467.3802195 10.90 0.14
2458467.3805667 10.94 0.14
2458467.3814348 10.89 0.14
2458467.3821292 10.87 0.13
2458467.3824764 10.94 0.14
2458467.3828236 10.92 0.14
2458467.3829973 11.01 0.15
2458467.3831709 11.02 0.15
2458467.3835181 10.88 0.14
2458467.3836917 10.95 0.14
2458467.3838653 10.92 0.14
2458467.3843861 10.83 0.13
2458467.3845597 10.89 0.13
2458467.3850806 10.89 0.14
2458467.3859486 10.88 0.13
2458467.3861222 10.84 0.13
2458467.3866431 10.92 0.14
2458467.3873389 10.90 0.14
2458467.3876858 10.92 0.14
2458467.3878592 11.04 0.15
2458467.3882061 10.64 0.11
2458467.3885530 10.82 0.13
2458467.3887264 10.92 0.14
2458467.3890736 11.08 0.16
2458467.3894209 10.84 0.13
2458467.3895945 10.87 0.13
2458467.3897681 10.90 0.14
2458467.3901153 11.03 0.15
2458467.3904625 11.08 0.16
2458467.3906361 10.92 0.14
2458467.3911570 10.93 0.14
2458467.3915042 11.00 0.15
2458467.3918514 11.06 0.16
2458467.3921986 10.99 0.15
2458467.3928931 10.93 0.14
2458467.3932403 10.87 0.13
2458467.3935875 11.03 0.15
2458467.3941084 10.95 0.14
2458467.3942820 10.95 0.14
2458467.3944556 10.77 0.12
2458467.3948028 10.86 0.13
2458467.3949764 10.72 0.12
2458467.3951500 11.04 0.15
2458467.3956709 11.04 0.16
2458467.3965389 10.96 0.14
2458467.3968861 10.75 0.12
2458467.3974070 10.96 0.14
2458467.3975806 10.88 0.13
2458467.3977542 10.81 0.13
2458467.3979278 10.94 0.14
2458467.3981014 10.94 0.14
2458467.3986223 11.05 0.16
2458467.3991431 11.00 0.15
2458467.3993180 11.01 0.15
2458467.3994914 10.82 0.13
2458467.3996649 10.85 0.13
2458467.3998383 11.04 0.16
2458467.4001852 10.92 0.14
2458467.4003586 11.06 0.16
2458467.4005321 11.04 0.16
2458467.4010528 11.14 0.17
2458467.4014000 10.97 0.15
2458467.4019209 11.07 0.16
2458467.4027889 11.01 0.15
2458467.4031361 11.05 0.16
2458467.4038306 11.02 0.15
2458467.4040042 11.02 0.15
2458467.4041778 10.88 0.14
2458467.4043514 10.95 0.15
2458467.4045250 10.90 0.14
2458467.4048723 10.88 0.14
2458467.4050459 11.00 0.15
2458467.4053931 10.93 0.14
2458467.4059139 10.90 0.14
2458467.4064348 10.90 0.14
2458467.4069556 10.92 0.14
2458467.4071292 11.02 0.15
2458467.4074764 10.89 0.14
2458467.4078236 11.01 0.15
2458467.4079972 10.96 0.14
2458467.4081709 10.67 0.11
2458467.4083445 10.99 0.15
2458467.4088653 10.95 0.14
2458467.4090389 11.06 0.16
2458467.4099070 10.83 0.13
2458467.4104278 10.88 0.14
2458467.4107750 10.98 0.15
2458467.4114705 10.97 0.15
2458467.4123377 10.93 0.14
2458467.4125112 10.84 0.13
2458467.4130320 10.82 0.13
2458467.4132056 10.75 0.12
2458467.4133792 10.98 0.15
2458467.4135528 10.98 0.15
2458467.4137264 10.82 0.13
2458467.4149417 10.75 0.12
2458467.4165042 10.76 0.12
2458467.4171986 10.95 0.15
2458467.4175459 10.98 0.15
2458467.4177195 10.95 0.15
2458467.4189348 10.79 0.13
2458467.4203236 10.90 0.14
2458469.3675343 10.96 0.11
2458469.3682287 11.04 0.12
2458469.3687496 11.04 0.11
2458469.3690968 10.91 0.10
2458469.3692704 11.15 0.13
2458469.3696176 11.05 0.12
2458469.3701384 10.94 0.10
2458469.3722218 10.87 0.10
2458469.3725690 10.99 0.11
2458469.3727426 11.05 0.12
2458469.3729162 10.88 0.10
2458469.3730898 11.04 0.11
2458469.3758676 10.94 0.10
2458469.3760425 11.13 0.12
2458469.3767363 11.06 0.12
2458469.3770832 10.99 0.11
2458469.3772566 11.20 0.13
2458488.3044163 10.95 0.13
2458488.3045899 10.92 0.13
2458488.3047635 10.86 0.12
2458488.3054579 10.85 0.12
2458488.3056316 11.00 0.14
2458488.3058052 11.02 0.14
2458488.3061524 10.99 0.14
2458488.3066732 11.00 0.14
2458488.3077149 11.03 0.14
2458488.3082357 11.01 0.14
2458488.3085830 10.68 0.10
2458488.3087566 11.07 0.15
2458488.3097991 11.12 0.15
2458488.3099726 11.03 0.14
2458488.3106663 11.04 0.14
2458488.3110135 10.95 0.13
2458488.3111871 11.11 0.15
2458488.3113607 11.22 0.17
2458488.3120552 10.90 0.13
2458488.3122288 11.05 0.15
2458488.3127496 11.02 0.14
2458488.3136177 10.94 0.13
2458488.3139649 11.01 0.14
2458488.3150066 11.04 0.15
2458488.3151802 11.01 0.14
2458488.3155274 10.87 0.13
2458488.3160482 11.05 0.15
2458488.3162218 10.98 0.14
2458488.3165691 10.87 0.13
2458488.3169163 11.02 0.15
2458488.3172635 10.74 0.11
2458488.3176107 11.04 0.15
2458488.3177844 10.92 0.13
2458488.3179580 10.97 0.14
2458488.3181316 11.00 0.14
2458488.3184788 11.03 0.15
2458488.3189996 10.89 0.13
2458488.3191732 11.07 0.15
2458488.3193469 10.97 0.14
2458488.3195205 10.84 0.12
2458488.3200413 10.93 0.14
2458488.3202149 10.92 0.13
2458488.3203885 10.92 0.13
2458488.3205621 10.93 0.13
2458488.3207357 11.08 0.16
2458488.3212579 10.86 0.13
2458488.3217783 10.95 0.14
2458488.3221252 10.91 0.13
2458488.3235135 11.04 0.15
2458488.3238607 11.02 0.15
2458488.3243816 10.88 0.13
2458488.3250760 10.88 0.13
2458488.3259441 10.87 0.13
2458488.3262913 10.99 0.14
2458488.3264649 10.97 0.14
2458488.3268121 10.96 0.14
2458488.3271594 10.76 0.12
2458488.3282010 11.21 0.18
2458488.3285482 10.86 0.13
2458488.3294163 10.91 0.13
2458488.3299371 11.02 0.15
2458488.3306316 10.86 0.13
2458488.3309788 10.82 0.12
2458488.3311524 11.01 0.15
2458488.3314996 10.92 0.14
2458488.3316732 11.10 0.16
2458488.3318468 10.85 0.13
2458488.3320205 11.05 0.15
2458488.3323677 11.05 0.15
2458488.3325413 10.97 0.14
2458488.3327149 10.99 0.15
2458488.3328885 11.05 0.15
2458488.3332370 11.06 0.15
2458488.3334105 11.03 0.15
2458488.3337574 10.89 0.13
2458488.3341043 10.86 0.13
2458488.3346246 11.06 0.16
2458488.3347982 10.96 0.14
2458488.3349719 11.03 0.15
2458488.3360135 10.97 0.14
2458488.3361871 10.92 0.14
2458488.3365344 10.83 0.13
2458488.3367080 10.89 0.13
2458488.3370552 11.06 0.16
2458488.3372288 10.90 0.14
2458488.3374024 10.79 0.12
2458488.3377496 11.01 0.15
2458488.3380968 10.98 0.15
2458488.3384441 10.95 0.14
2458488.3386177 10.79 0.12
2458488.3389649 10.92 0.14
2458488.3391385 10.79 0.12
2458488.3394857 10.81 0.13
2458488.3401802 10.84 0.13
2458488.3403538 10.85 0.13
2458488.3408746 10.83 0.13
2458488.3410482 10.94 0.14
2458488.3415691 10.93 0.14
2458488.3417427 11.04 0.15
2458488.3424371 10.83 0.13
2458488.3427844 10.96 0.14
2458488.3429580 11.05 0.16
2458488.3433052 10.84 0.13
2458488.3434788 11.05 0.16
2458488.3439996 11.02 0.15
2458488.3441732 10.91 0.14
2458488.3445205 10.86 0.13
2458488.3448677 10.82 0.13
2458488.3450413 10.92 0.14
2458488.3452162 10.96 0.14
2458488.3453896 10.84 0.13
2458488.3455631 11.03 0.15
2458488.3457365 10.78 0.12
2458488.3460834 10.84 0.13
2458488.3467774 10.89 0.14
2458488.3469510 10.93 0.14
2458488.3474718 10.91 0.14
2458488.3481663 10.87 0.13
2458488.3483399 11.03 0.15
2458488.3485135 11.03 0.15
2458488.3488607 11.00 0.15
2458488.3490344 10.70 0.11
2458488.3493816 10.84 0.13
2458488.3495552 10.86 0.13
2458488.3497288 10.83 0.13
2458488.3499024 10.82 0.13
2458488.3500760 11.04 0.15
2458488.3502496 10.82 0.13
2458488.3511177 10.93 0.14
2458488.3512913 10.95 0.14
2458488.3514649 10.93 0.14
2458488.3516385 10.94 0.14
2458488.3519857 11.01 0.15
2458488.3521594 10.96 0.14
2458488.3523330 10.84 0.13
2458488.3530274 11.05 0.16
2458488.3532010 10.80 0.12
2458488.3533746 10.90 0.13
2458488.3535482 10.92 0.14
2458488.3537218 10.74 0.12
2458488.3540691 10.91 0.14
2458488.3544163 10.77 0.12
2458488.3545899 10.87 0.13
2458488.3547635 10.95 0.14
2458488.3551107 10.90 0.14
2458488.3552843 10.91 0.14
2458488.3554580 10.98 0.15
2458488.3558052 10.93 0.14
2458488.3559788 10.85 0.13
2458488.3561524 10.90 0.14
2458488.3564996 11.00 0.15
2458488.3566732 10.75 0.12
2458488.3568469 10.96 0.14
2458488.3570218 10.76 0.12
2458488.3571953 11.05 0.15
2458488.3575422 10.94 0.14
2458488.3577156 10.94 0.14
2458488.3578891 10.94 0.14
2458488.3580625 10.90 0.14
2458488.3585830 10.96 0.14
2458488.3587566 10.87 0.13
2458488.3589302 10.94 0.14
2458488.3591038 10.94 0.14
2458488.3592774 10.96 0.14
2458488.3594510 10.94 0.14
2458488.3599718 10.92 0.14
2458488.3601455 10.78 0.12
2458488.3604927 10.94 0.14
2458488.3606663 10.89 0.14
2458488.3618816 10.75 0.12
2458488.3620552 10.96 0.14
2458488.3625760 10.95 0.14
2458488.3629232 10.91 0.14
2458488.3630968 10.96 0.14
2458488.3643121 10.87 0.13
2458488.3644857 11.01 0.15
2458488.3646594 10.90 0.14
2458488.3648330 10.90 0.14
2458488.3651802 10.80 0.13
2458488.3653538 10.79 0.12
2458488.3655274 10.94 0.14
2458488.3665691 10.84 0.13
2458488.3681316 10.83 0.13
2458488.3683052 10.96 0.14
2458488.3684788 10.84 0.13
2458488.3686524 10.86 0.13
2458488.3690010 10.88 0.13
2458488.3696948 10.80 0.13
2458488.3698682 10.82 0.13
2458488.3703885 10.73 0.12
2458488.3705621 11.00 0.15
2458488.3707357 10.78 0.12
2458488.3710830 10.87 0.13
2458488.3714302 10.93 0.14
2458488.3717774 11.00 0.15
2458488.3721246 10.92 0.14
2458488.3724718 11.00 0.15
2458488.3726455 11.02 0.16
2458488.3728191 10.83 0.13
2458488.3729927 10.81 0.13
2458488.3733399 11.06 0.16
2458488.3740343 10.66 0.11
2458488.3742080 10.94 0.14
2458493.2521475 11.06 0.14
2458493.2523211 10.90 0.12
2458493.2524947 11.11 0.15
2458493.2526684 10.82 0.12
2458493.2528420 10.91 0.13
2458493.2530156 10.92 0.12
2458493.2531892 11.10 0.15
2458493.2535364 10.92 0.12
2458493.2537100 11.04 0.14
2458493.2538836 10.88 0.12
2458493.2540586 10.97 0.13
2458493.2544055 11.11 0.15
2458493.2550993 10.93 0.13
2458493.2552727 11.04 0.14
2458493.2554461 11.06 0.14
2458493.2556198 11.08 0.14
2458493.2557934 10.94 0.13
2458493.2559670 11.07 0.14
2458493.2561406 10.99 0.13
2458493.2564878 11.01 0.13
2458493.2570086 10.93 0.13
2458493.2571823 10.91 0.12
2458493.2573559 11.04 0.14
2458493.2575295 10.88 0.12
2458493.2577031 10.98 0.13
2458493.2580503 10.92 0.12
2458493.2582239 10.97 0.13
2458493.2589184 11.02 0.14
2458493.2590920 10.89 0.12
2458493.2597864 10.82 0.11
2458493.2599600 10.99 0.13
2458493.2604809 11.14 0.15
2458493.2610017 10.85 0.12
2458493.2611753 11.05 0.14
2458493.2615225 11.12 0.15
2458493.2620434 11.12 0.15
2458493.2622170 10.91 0.12
2458493.2625642 10.85 0.12
2458493.2627378 11.00 0.13
2458493.2630850 11.09 0.14
2458493.2634323 11.05 0.14
2458493.2636059 10.88 0.12
2458493.2639531 10.95 0.13
2458493.2641267 10.85 0.12
2458493.2651684 10.92 0.12
2458493.2653420 10.88 0.12
2458493.2655156 10.96 0.13
2458493.2663847 11.01 0.13
2458493.2667316 11.00 0.13
2458493.2669050 11.03 0.14
2458493.2674253 11.04 0.14
2458493.2677725 10.98 0.13
2458493.2681197 11.08 0.14
2458493.2682934 11.00 0.13
2458493.2684670 10.92 0.12
2458493.2686406 11.03 0.14
2458493.2693350 11.00 0.13
2458493.2695086 10.91 0.12
2458493.2698559 11.04 0.14
2458493.2700295 11.07 0.14
2458493.2703767 11.03 0.14
2458493.2705503 11.15 0.15
2458493.2707239 11.02 0.13
2458493.2708975 11.06 0.14
2458493.2710711 11.09 0.14
2458493.2715920 10.91 0.12
2458493.2717656 11.15 0.15
2458493.2719392 11.06 0.14
2458493.2721128 10.84 0.12
2458493.2722864 11.01 0.13
2458493.2724600 10.94 0.13
2458493.2726336 10.91 0.12
2458493.2729809 11.11 0.14
2458493.2731545 11.01 0.13
2458493.2735017 10.97 0.13
2458493.2736753 10.96 0.13
2458493.2738489 11.13 0.15
2458493.2741961 10.96 0.13
2458493.2743697 11.09 0.14
2458493.2747170 11.01 0.14
2458493.2748906 10.94 0.13
2458493.2750642 10.94 0.13
2458493.2752378 10.83 0.11
2458493.2759322 10.93 0.12
2458493.2762795 11.12 0.15
2458493.2766267 10.93 0.12
2458493.2768003 11.05 0.14
2458493.2769739 11.00 0.13
2458493.2771475 11.05 0.14
2458493.2774947 11.05 0.14
2458493.2776684 11.19 0.16
2458493.2778420 11.05 0.14
2458493.2783638 11.02 0.14
2458493.2787107 10.89 0.12
2458493.2790576 10.88 0.12
2458493.2794045 10.92 0.12
2458493.2799253 10.92 0.12
2458493.2804461 11.09 0.14
2458493.2807934 10.99 0.13
2458493.2809670 11.01 0.13
2458493.2811406 11.11 0.15
2458493.2813142 10.99 0.13
2458493.2818350 10.94 0.13
2458493.2821822 10.90 0.12
2458493.2823559 10.85 0.12
2458493.2825295 11.09 0.14
2458493.2828767 11.11 0.15
2458493.2830503 11.06 0.14
2458493.2833975 11.01 0.14
2458493.2840920 10.96 0.13
2458493.2842656 10.98 0.13
2458493.2844392 11.05 0.14
2458493.2846128 10.84 0.11
2458493.2849600 10.89 0.12
2458493.2851336 11.12 0.15
2458493.2858281 11.25 0.17
2458493.2861753 11.00 0.13
2458493.2865225 11.00 0.13
2458493.2868698 11.12 0.15
2458493.2872170 11.00 0.13
2458493.2875642 11.04 0.14
2458493.2877378 11.11 0.15
2458493.2879114 10.85 0.12
2458493.2880850 11.03 0.14
2458493.2886059 11.10 0.15
2458493.2889531 11.03 0.14
2458493.2893003 10.94 0.13
2458493.2899961 11.02 0.14
2458493.2901695 11.06 0.14
2458493.2903429 11.17 0.15
2458493.2905164 11.12 0.15
2458493.2908633 10.88 0.12
2458493.2910367 11.09 0.14
2458493.2920781 10.94 0.13
2458493.2922517 11.11 0.15
2458493.2929461 11.14 0.15
2458493.2934670 10.87 0.12
2458493.2936406 10.97 0.13
2458493.2938142 11.08 0.14
2458493.2941614 10.93 0.13
2458493.2943350 10.95 0.13
2458493.2948559 10.91 0.12
2458493.2950295 10.91 0.12
2458493.2955503 10.96 0.13
2458493.2965920 10.98 0.13
2458493.2967656 11.09 0.14
2458493.2971128 10.78 0.11
2458493.2972864 11.03 0.14
2458493.2974600 10.99 0.13
2458493.2981545 11.00 0.13
2458493.2988489 10.96 0.13
2458493.2991961 10.91 0.12
2458493.2997170 10.87 0.12
2458493.2998906 11.07 0.14
2458493.3000642 10.98 0.13
2458493.3002378 10.93 0.13
2458493.3004114 11.02 0.14
2458493.3023327 11.07 0.14
2458493.3025063 11.05 0.14
2458493.3026799 11.09 0.14
2458493.3032008 10.96 0.13
2458493.3035480 11.11 0.15
2458493.3038952 11.10 0.14
2458493.3040688 10.88 0.12
2458493.3042424 11.00 0.13
2458493.3061522 11.04 0.14
2458493.3063258 11.11 0.15
2458493.3064994 11.17 0.16
2458493.3070202 10.96 0.13
2458493.3071938 11.08 0.14
2458493.3075410 10.92 0.12
2458493.3080619 11.06 0.14
2458493.3084091 11.10 0.14
2458493.3087563 10.93 0.12
2458493.3089299 11.09 0.14
2458493.3092772 10.98 0.13
2458493.3099716 10.99 0.13
2458493.3101452 11.00 0.13
2458493.3103188 10.87 0.12
2458493.3106661 11.07 0.14
2458493.3111869 11.05 0.14
2458493.3113605 10.96 0.13
2458493.3118813 10.97 0.13
2458493.3120549 11.08 0.14
2458493.3124033 11.05 0.14
2458493.3125767 11.08 0.14
2458493.3129236 11.01 0.13
2458493.3132705 11.03 0.13
2458493.3139647 10.84 0.11
2458493.3143119 11.04 0.14
2458493.3146591 10.91 0.12
2458493.3148327 11.00 0.13
2458493.3153535 10.95 0.12
2458493.3157008 11.11 0.14
2458493.3158744 11.06 0.14
2458493.3160480 10.99 0.13
2458493.3163952 11.13 0.15
2458493.3169161 10.95 0.13
2458493.3170897 11.12 0.15
2458493.3174369 11.00 0.13
2458493.3176105 11.11 0.14
2458493.3177841 10.91 0.12
2458493.3179577 11.11 0.14
2458493.3181313 11.06 0.14
2458493.3183049 11.14 0.15
2458493.3184786 11.19 0.15
2458493.3186522 10.94 0.12
2458493.3188258 11.13 0.15
2458493.3196938 10.99 0.13
2458493.3198674 11.02 0.13
2458493.3205619 10.99 0.13
2458493.3226452 11.05 0.14
2458493.3228188 11.26 0.16
2458493.3231662 11.13 0.15
2458493.3236869 10.98 0.13
2458493.3240341 11.09 0.14
2458493.3242090 10.96 0.12
2458493.3247293 10.97 0.13
2458493.3250762 11.05 0.14
2458493.3252497 11.08 0.14
2458493.3257702 11.04 0.13
2458493.3262911 11.23 0.16
2458493.3264647 11.05 0.13
2458493.3268119 11.05 0.13
2458493.3271591 11.13 0.14
2458493.3273327 11.09 0.14
2458493.3276799 10.96 0.12
2458493.3285480 10.97 0.12
2458493.3287216 11.09 0.14
2458493.3292430 11.13 0.14
2458493.3294160 11.03 0.13
2458493.3301105 11.13 0.14
2458493.3302841 11.03 0.13
2458493.3306313 11.17 0.15
2458493.3308049 11.01 0.13
2458493.3311522 11.13 0.14
2458493.3313258 11.11 0.14
2458493.3316730 10.98 0.13
2458493.3318466 11.09 0.14
2458493.3321938 11.12 0.14
2458493.3323674 11.14 0.15
2458493.3325411 10.94 0.12
2458493.3327147 11.20 0.15
2458493.3328883 10.92 0.12
2458493.3330619 11.03 0.13
2458493.3332355 11.04 0.13
2458493.3334091 10.93 0.12
2458493.3335827 11.04 0.14
2458493.3339299 11.19 0.15
2458493.3344508 11.05 0.14
2458493.3354924 10.96 0.13
2458493.3358397 10.94 0.12
2458493.3361882 10.95 0.12
2458493.3365351 10.96 0.13
2458493.3367085 11.01 0.13
2458493.3368820 11.02 0.13
2458493.3374023 11.10 0.14
2458493.3377494 11.02 0.13
2458493.3386174 11.17 0.15
2458493.3389647 10.88 0.12
2458493.3391383 10.84 0.11
2458493.3393119 11.07 0.14
2458493.3396591 11.18 0.16
2458493.3398327 11.10 0.14
2458493.3400063 11.04 0.14
2458493.3401799 11.09 0.14
2458493.3405272 10.92 0.12
2458493.3407008 11.08 0.14
2458493.3408744 10.76 0.11
2458493.3410480 11.12 0.15
2458493.3417424 10.95 0.13
2458493.3419161 10.97 0.13
2458493.3420897 10.99 0.13
2458493.3424369 11.02 0.13
2458493.3427841 11.08 0.14
2458493.3431313 11.21 0.16
2458493.3439994 10.99 0.13
2458493.3446938 10.96 0.13
2458493.3453883 11.08 0.14
2458493.3455619 10.97 0.13
2458493.3457355 10.95 0.13
2458493.3459091 11.02 0.13
2458493.3462563 11.06 0.14
2458493.3464299 11.09 0.14
2458493.3472980 11.15 0.15
2458493.3476452 11.15 0.15
2458493.3478188 11.21 0.16
2458493.3479924 10.96 0.13
2458493.3481673 11.08 0.14
2458493.3488611 11.10 0.14
2458493.3490345 10.84 0.12
2458493.3495549 11.07 0.14
2458493.3497286 11.04 0.14
2458493.3500758 10.83 0.11
2458493.3507702 11.14 0.15
2458493.3512911 11.19 0.15
2458493.3521591 10.95 0.12
2458493.3528535 11.02 0.13
2458493.3530272 11.04 0.14
2458493.3532008 10.93 0.12
2458493.3535480 10.87 0.12
2458493.3540688 11.04 0.14
2458493.3547633 11.01 0.13
2458493.3549369 10.90 0.12
2458493.3551105 11.10 0.14
2458493.3552841 10.99 0.13
2458493.3554577 10.92 0.12
2458493.3556313 11.14 0.15
2458493.3559786 11.22 0.16
2458493.3561522 10.93 0.12
2458493.3564994 10.97 0.13
2458493.3573674 11.18 0.15
2458493.3575411 11.09 0.14
2458493.3580619 11.09 0.14
2458493.3582355 11.13 0.15
2458493.3589299 11.16 0.15
2458493.3591036 10.85 0.12
2458493.3592772 10.81 0.11
2458493.3594508 10.99 0.13
2458493.3596244 10.95 0.13
2458493.3597980 10.90 0.12
2458493.3599716 10.91 0.12
2458493.3604934 11.14 0.15
2458493.3608403 10.99 0.13
2458493.3610137 10.90 0.12
2458493.3611871 10.93 0.12
2458493.3615341 11.02 0.13
2458493.3617077 10.79 0.11
2458493.3618813 10.86 0.12
2458493.3620549 10.98 0.13
2458493.3622285 11.12 0.15
2458493.3627494 10.94 0.12
2458493.3629230 11.03 0.14
2458493.3630966 10.97 0.13
2458493.3637911 10.91 0.12
2458493.3639647 10.95 0.12
2458493.3641383 11.03 0.13
2458493.3643119 11.10 0.15
2458493.3650063 11.13 0.15
2458493.3658744 10.97 0.13
2458493.3662216 10.96 0.13
2458493.3665688 10.95 0.13
2458493.3667424 10.87 0.12
2458493.3672633 10.97 0.13
2458493.3674369 11.09 0.14
2458493.3676105 11.10 0.14
2458493.3677841 10.97 0.13
2458493.3684785 10.94 0.13
2458493.3691730 10.88 0.12
2458493.3693466 10.86 0.12
2458493.3696938 11.06 0.14
2458493.3698674 11.04 0.14
2458493.3703883 10.95 0.13
2458493.3705619 11.07 0.14
2458493.3707355 11.10 0.14
2458493.3714299 10.95 0.13
2458493.3716036 10.89 0.12
2458493.3719508 10.82 0.11
2458493.3722991 11.01 0.14
2458493.3724725 11.06 0.14
2458493.3726460 11.12 0.15
2458493.3728194 10.96 0.13
2458493.3729928 10.88 0.12
2458493.3731663 10.97 0.13
2458493.3736869 10.93 0.12
2458493.3742077 11.01 0.13
2458493.3743813 11.01 0.13
2458493.3745549 10.97 0.13
2458493.3747286 10.98 0.13
2458493.3749022 10.90 0.12
2458493.3759438 10.89 0.12
2458493.3773327 11.12 0.15
2458493.3775063 10.88 0.12
2458493.3782008 10.94 0.13
2458493.3783744 11.07 0.14
2458493.3785480 11.10 0.15
2458493.3788952 10.89 0.12
2458493.3792424 11.10 0.15
2458493.3794161 11.23 0.17
2458493.3795897 10.95 0.13
2458493.3799369 10.99 0.13
2458493.3802841 10.84 0.12
2458493.3804577 10.85 0.12
2458493.3806313 10.81 0.11
2458493.3808049 11.16 0.15
2458493.3814994 11.00 0.14
2458493.3816730 11.06 0.14
2458493.3820202 10.93 0.13
2458493.3821938 11.07 0.14
2458493.3825411 10.89 0.12
2458493.3830619 10.99 0.14
2458493.3832355 10.92 0.13
2458493.3834091 10.85 0.12
2458493.3835827 10.89 0.12
2458493.3837563 10.95 0.13
2458493.3847985 10.79 0.11
2458493.3849720 10.97 0.13
2458493.3851454 10.94 0.13
2458493.3854924 10.99 0.13
2458493.3860133 10.90 0.12
2458493.3861869 10.88 0.12
2458493.3863605 10.73 0.11
2458493.3868813 10.95 0.13
2458493.3870549 10.78 0.11
2458493.3872286 10.81 0.11
2458493.3874022 11.03 0.14
2458493.3875758 11.12 0.15
2458493.3877494 10.89 0.12
2458493.3879230 11.04 0.14
2458493.3880966 10.81 0.12
2458493.3882702 10.88 0.12
2458493.3886174 11.06 0.15
2458493.3887911 10.93 0.13
2458493.3889647 11.02 0.14
2458493.3891383 11.00 0.14
2458493.3893119 10.81 0.12
2458493.3894855 10.99 0.14
2458493.3898327 11.14 0.15
2458493.3900063 10.99 0.14
2458493.3901799 10.81 0.12
2458493.3903536 10.84 0.12
2458493.3905272 10.85 0.12
2458493.3907008 11.07 0.15
2458493.3912216 11.00 0.14
2458493.3913952 10.80 0.12
2458493.3917424 10.84 0.12
2458493.3919160 10.98 0.13
2458493.3920897 11.07 0.14
2458493.3922633 10.87 0.12
2458493.3924369 10.92 0.13
2458493.3926105 11.07 0.15
2458493.3927841 10.90 0.12
2458493.3929577 10.87 0.12
2458493.3931313 11.02 0.14
2458493.3933049 10.91 0.13
2458493.3934785 10.89 0.13
2458493.3938258 10.86 0.12
2458493.3939994 10.92 0.13
2458493.3941730 11.10 0.15
2458493.3943466 11.10 0.15
2458493.3945202 10.85 0.12
2458493.3946938 11.02 0.14
2458493.3948674 10.86 0.12
2458493.3950411 10.84 0.12
2458493.3952147 10.88 0.12
2458493.3953883 11.03 0.14
2458493.3955619 11.06 0.15
2458493.3959105 11.02 0.14
2458493.3960839 10.84 0.12
2458493.3962574 11.00 0.14
2458493.3964308 10.90 0.13
2458493.3966043 10.82 0.12
2458493.3971246 10.95 0.13
2458493.3972980 10.93 0.13
2458493.3974716 10.98 0.14
2458493.3976452 11.06 0.15
2458493.3978188 11.07 0.15
2458493.3979924 10.83 0.12
2458493.3981661 10.90 0.13
2458493.3983397 10.83 0.12
2458493.3985133 10.79 0.12
2458493.3986869 10.78 0.11
2458493.3990341 10.98 0.14
2458493.3992077 10.99 0.14
2458493.3995549 10.91 0.13
2458493.3997285 10.94 0.13
2458493.4000758 10.92 0.13
2458493.4002494 10.87 0.12
2458493.4004230 10.93 0.13
2458493.4005966 10.98 0.14
2458493.4007702 10.91 0.13
2458493.4011174 10.88 0.13
2458493.4014647 10.94 0.13
2458493.4016383 10.93 0.13
2458493.4018119 10.74 0.11
2458493.4019855 10.75 0.11
2458493.4021591 10.98 0.14
2458493.4023327 10.84 0.12
2458493.4025063 11.06 0.15
2458493.4026799 11.09 0.15
2458493.4030272 10.95 0.13
2458493.4032008 10.85 0.12
2458493.4033744 10.98 0.14
2458493.4035480 10.76 0.11
2458493.4037216 10.78 0.11
2458493.4040688 10.94 0.13
2458493.4042424 10.97 0.14
2458493.4044161 10.84 0.12
2458493.4047633 10.93 0.13
2458493.4049369 10.99 0.14
2458493.4052841 11.04 0.15
2458493.4054577 11.01 0.14
2458493.4058049 10.74 0.11
2458493.4061522 10.99 0.14
2458493.4063258 10.73 0.11
2458493.4064994 10.87 0.13
2458493.4066730 10.78 0.12
2458493.4068466 10.92 0.13
2458493.4073674 11.08 0.15
2458493.4075410 11.09 0.15
2458493.4077147 10.89 0.13
2458493.4078896 10.83 0.12
2458493.4080630 10.76 0.11
2458493.4084099 11.03 0.15
2458493.4085833 11.03 0.15
2458493.4089302 10.82 0.12
2458493.4091037 11.09 0.15
2458493.4092772 10.97 0.14
2458493.4094508 10.80 0.12
2458493.4096244 10.96 0.14
2458493.4097980 10.84 0.12
2458493.4101452 11.03 0.15
2458493.4106661 10.84 0.12
2458493.4110133 10.80 0.12
2458493.4111869 10.94 0.14
2458493.4113605 10.98 0.14
2458493.4115341 11.00 0.14
2458493.4117077 11.03 0.15
2458493.4120549 10.91 0.13
2458493.4124022 10.96 0.14
2458493.4125758 10.81 0.12
2458493.4129230 11.03 0.15
2458493.4130966 10.99 0.14
2458493.4134438 11.04 0.15
2458493.4136174 11.06 0.15
2458493.4139647 10.80 0.12
2458493.4141383 10.90 0.13
2458493.4148327 10.93 0.14
2458493.4150063 10.86 0.13
2458493.4153535 10.82 0.12
2458493.4155272 10.89 0.13
2458493.4158744 10.96 0.14
2458494.3451684 10.63 0.16
2458494.3475989 10.79 0.16
2458494.3528073 10.59 0.14
2458495.1719163 10.67 0.15
2458495.1790341 10.70 0.15
2458495.1904924 10.77 0.15
2458495.1920549 10.85 0.17
2458495.1989994 10.77 0.15
2458495.2038605 10.90 0.17
2458495.2104577 10.78 0.16
2458495.2113258 10.71 0.14
2458495.2227841 10.72 0.15
2458495.2272980 10.84 0.16
2458495.2288605 10.78 0.15
2458495.2368466 10.74 0.14
2458495.2382355 10.87 0.16
2458495.2401452 10.84 0.16
2458495.2415341 10.87 0.16
2458495.2418813 10.74 0.14
2458495.2429242 10.87 0.16
2458495.2458744 10.86 0.16
2458495.2512563 10.77 0.14
2458495.2550769 10.83 0.15
2458495.2595897 10.88 0.15
2458495.2597633 10.96 0.16
2458495.2623674 10.89 0.16
2458495.2627147 10.75 0.14
2458495.2663605 10.75 0.14
2458495.2670561 10.91 0.16
2458495.2679233 10.75 0.14
2458495.2693119 10.72 0.13
2458495.2703535 10.97 0.17
2458495.2707008 10.95 0.16
2458495.2731313 10.95 0.16
2458495.2772980 10.81 0.15
2458495.2825063 10.87 0.15
2458495.2837216 10.86 0.15
2458495.2875410 10.85 0.15
2458495.2878883 10.81 0.14
2458495.2911879 10.94 0.16
2458495.2925758 10.92 0.16
2458495.2941383 10.93 0.16
2458495.2951799 10.82 0.14
2458495.2958744 11.00 0.17
2458495.2960480 10.93 0.16
2458495.2963952 10.86 0.15
2458495.2970897 10.78 0.14
2458495.3000411 10.88 0.15
2458495.3090688 10.97 0.16
2458495.3127147 10.86 0.15
2458498.1660017 10.86 0.15
2458498.1670441 10.88 0.15
2458498.1708628 10.74 0.13
2458498.1713836 10.94 0.15
2458498.1738142 10.91 0.15
2458498.1739878 11.00 0.16
2458498.1781545 10.98 0.15
2458498.1791967 11.05 0.17
2458498.1797170 10.87 0.14
2458498.1805850 10.97 0.15
2458498.1812795 11.03 0.16
2458498.1814531 10.92 0.14
2458498.1833628 11.10 0.17
2458498.1835364 10.79 0.13
2458498.1842309 11.00 0.16
2458498.1844045 11.04 0.16
2458498.1845781 11.07 0.16
2458498.1861406 10.80 0.13
2458498.1866614 11.04 0.16
2458498.1885711 10.89 0.14
2458498.1889184 10.95 0.14
2458498.1890920 10.93 0.14
2458498.1894392 10.96 0.15
2458498.1920434 10.90 0.14
2458498.1929114 10.95 0.14
2458498.1943003 10.95 0.14
2458498.1946475 11.05 0.15
2458498.1955156 11.00 0.15
2458498.1956892 10.86 0.13
2458498.1958628 10.88 0.13
2458498.1969050 11.06 0.15
2458498.1970784 10.97 0.14
2458498.1975989 11.02 0.15
2458498.1979461 11.09 0.16
2458498.1986406 10.99 0.14
2458498.1989878 11.11 0.16
2458498.1993350 11.05 0.15
2458498.1995086 10.98 0.14
2458498.1996822 11.06 0.15
2458498.1998559 11.07 0.15
2458498.2000295 11.08 0.15
2458498.2003767 10.97 0.14
2458498.2007239 11.09 0.16
2458498.2008975 10.81 0.12
2458498.2010711 10.90 0.13
2458498.2012447 11.03 0.15
2458498.2015920 10.87 0.13
2458498.2017656 10.92 0.13
2458498.2019392 10.85 0.12
2458498.2022864 10.96 0.14
2458498.2028072 10.92 0.13
2458498.2031545 10.95 0.14
2458498.2033281 11.00 0.14
2458498.2035017 11.07 0.15
2458498.2036753 11.13 0.16
2458498.2038489 11.09 0.15
2458498.2041961 11.00 0.14
2458498.2050642 10.87 0.13
2458498.2054114 10.99 0.14
2458498.2055850 10.90 0.13
2458498.2059323 11.10 0.15
2458498.2066267 10.96 0.14
2458498.2069739 10.85 0.12
2458498.2073211 11.05 0.15
2458498.2074947 10.91 0.13
2458498.2078420 11.11 0.16
2458498.2080169 10.84 0.12
2458498.2081904 10.81 0.12
2458498.2083638 10.96 0.14
2458498.2085373 10.94 0.13
2458498.2087107 11.08 0.15
2458498.2088841 11.01 0.14
2458498.2094045 10.99 0.14
2458498.2095781 11.07 0.15
2458498.2097517 10.98 0.14
2458498.2099253 10.97 0.14
2458498.2100989 10.89 0.13
2458498.2102725 11.05 0.15
2458498.2104461 11.01 0.14
2458498.2106197 10.96 0.13
2458498.2107934 10.85 0.12
2458498.2109670 10.98 0.14
2458498.2111406 10.80 0.12
2458498.2114878 11.16 0.16
2458498.2116614 10.97 0.14
2458498.2118350 11.08 0.15
2458498.2120086 10.91 0.13
2458498.2121823 11.01 0.14
2458498.2127031 11.11 0.15
2458498.2128767 10.95 0.13
2458498.2132239 11.24 0.18
2458498.2133975 11.04 0.14
2458498.2135711 10.77 0.11
2458498.2139184 11.01 0.14
2458498.2140920 11.08 0.15
2458498.2142656 11.01 0.14
2458498.2144392 10.99 0.14
2458498.2147864 10.90 0.13
2458498.2154809 10.99 0.14
2458498.2156545 11.00 0.14
2458498.2158281 10.91 0.13
2458498.2160017 10.96 0.13
2458498.2163489 10.70 0.10
2458498.2166961 10.94 0.13
2458498.2170434 10.76 0.11
2458498.2172170 10.85 0.12
2458498.2173906 10.85 0.12
2458498.2177378 10.96 0.13
2458498.2179114 10.80 0.11
2458498.2182586 11.05 0.14
2458498.2186059 11.04 0.14
2458498.2187795 11.04 0.14
2458498.2191267 10.92 0.13
2458498.2196475 11.14 0.16
2458498.2199960 10.98 0.14
2458498.2206898 11.14 0.16
2458498.2208632 11.02 0.14
2458498.2220781 11.12 0.15
2458498.2224253 10.90 0.14
2458498.2231197 10.86 0.12
2458498.2232934 10.95 0.13
2458498.2234670 10.91 0.13
2458498.2236406 10.88 0.12
2458498.2239878 11.06 0.14
2458498.2241614 11.03 0.14
2458498.2250295 10.82 0.11
2458498.2271128 11.09 0.15
2458498.2276336 11.06 0.15
2458498.2283281 10.97 0.14
2458498.2288489 11.10 0.15
2458498.2290225 11.02 0.14
2458498.2291961 10.92 0.13
2458498.2297170 10.93 0.13
2458498.2300642 10.99 0.13
2458498.2309322 10.92 0.13
2458498.2312795 11.14 0.16
2458498.2314531 11.15 0.16
2458498.2318016 10.91 0.13
2458498.2319750 11.08 0.15
2458498.2321485 11.02 0.14
2458498.2323219 11.01 0.14
2458498.2330157 11.04 0.14
2458498.2337100 11.09 0.15
2458498.2340572 10.93 0.13
2458498.2342309 11.05 0.15
2458498.2354461 10.99 0.14
2458498.2357934 10.88 0.13
2458498.2359670 10.76 0.11
2458498.2370086 10.87 0.12
2458498.2377031 10.92 0.13
2458498.2378767 10.96 0.14
2458498.2389184 10.84 0.13
2458498.2396128 11.14 0.16
2458498.2399600 10.81 0.12
2458498.2406545 11.11 0.16
2458498.2408281 10.99 0.14
2458498.2410017 11.07 0.15
2458498.2411753 11.06 0.15
2458498.2416961 10.98 0.14
2458498.2425642 10.98 0.14
2458498.2436073 10.82 0.12
2458498.2446479 11.14 0.16
2458498.2462100 11.07 0.15
2458498.2465572 10.88 0.13
2458498.2467309 11.02 0.15
2458498.2470781 11.08 0.16
2458498.2472517 10.97 0.14
2458498.2474253 10.99 0.14
2458498.2482934 11.14 0.16
2458498.2491614 10.99 0.14
2458498.2493350 11.15 0.16
2458498.2495086 11.03 0.15
2458498.2496822 11.06 0.15
2458498.2500295 10.98 0.14
2458498.2512448 10.89 0.13
2458498.2522864 10.83 0.13
2458498.2528073 11.03 0.15
2458498.2529809 11.05 0.15
2458498.2540225 10.86 0.13
2458498.2541961 11.10 0.16
2458498.2547170 11.03 0.15
2458498.2557598 10.95 0.14
2458498.2581892 11.05 0.15
2458498.2590573 10.79 0.12
2458498.2607934 11.07 0.16
2458498.2609670 11.04 0.15
2458498.2611406 10.86 0.13
2458498.2620086 11.08 0.16
2458498.2630503 10.80 0.10
2458498.2633975 11.11 0.14
2458498.2635711 11.16 0.14
2458498.2639184 11.17 0.15
2458498.2640920 11.16 0.14
2458498.2642656 11.16 0.14
2458498.2644392 11.18 0.14
2458498.2649600 11.00 0.13
2458498.2653072 11.07 0.13
2458498.2654809 11.14 0.14
2458498.2663489 11.05 0.13
2458498.2668698 10.92 0.11
2458498.2670434 11.15 0.14
2458498.2672170 11.08 0.14
2458498.2673906 10.97 0.12
2458498.2677389 11.14 0.14
2458498.2680858 11.08 0.13
2458498.2682593 10.93 0.12
2458498.2684327 11.08 0.13
2458498.2686062 11.01 0.13
2458498.2687796 11.25 0.15
2458498.2689531 10.96 0.12
2458498.2691267 10.98 0.12
2458498.2693003 11.22 0.15
2458498.2694739 11.29 0.16
2458498.2696475 11.31 0.16
2458498.2698211 10.96 0.12
2458498.2703420 10.86 0.11
2458498.2708628 11.09 0.13
2458498.2713836 11.17 0.14
2458498.2715572 10.86 0.11
2458498.2719045 11.02 0.13
2458498.2720781 11.15 0.14
2458498.2722517 11.27 0.16
2458498.2725989 11.05 0.13
2458498.2727725 10.97 0.12
2458498.2731197 10.90 0.11
2458498.2741614 10.95 0.12
2458498.2746823 11.13 0.14
2458498.2750295 11.12 0.14
2458498.2755503 11.09 0.13
2458498.2758975 11.10 0.13
2458498.2767656 10.93 0.12
2458498.2769392 11.03 0.13
2458498.2772864 11.14 0.14
2458498.2774600 11.05 0.13
2458498.2776336 11.08 0.13
2458498.2778072 10.93 0.12
2458498.2779809 10.99 0.12
2458498.2786753 10.93 0.11
2458498.2790225 11.17 0.14
2458498.2802385 11.01 0.12
2458498.2804120 11.11 0.14
2458498.2805854 10.94 0.12
2458498.2807589 11.08 0.14
2458498.2809323 11.00 0.12
2458498.2811059 10.87 0.11
2458498.2812795 11.21 0.15
2458498.2814531 10.88 0.11
2458498.2816267 11.05 0.13
2458498.2818003 11.06 0.13
2458498.2819739 10.91 0.11
2458498.2821475 10.91 0.11
2458498.2826684 11.01 0.13
2458498.2828420 11.06 0.13
2458498.2830156 10.92 0.12
2458498.2831892 10.91 0.11
2458498.2837100 11.04 0.13
2458498.2840573 11.14 0.14
2458498.2844045 10.85 0.11
2458498.2845781 11.09 0.13
2458498.2847517 11.22 0.15
2458498.2849253 11.16 0.14
2458498.2850989 11.15 0.14
2458498.2854461 10.91 0.11
2458498.2856197 11.03 0.13
2458498.2859670 10.87 0.11
2458498.2861406 10.93 0.12
2458498.2866614 11.09 0.14
2458498.2871822 11.17 0.15
2458498.2873559 11.02 0.13
2458498.2875295 10.90 0.12
2458498.2877031 11.08 0.14
2458498.2878767 10.93 0.12
2458498.2880503 11.01 0.13
2458498.2882239 10.92 0.12
2458498.2885711 10.86 0.11
2458498.2887447 11.10 0.14
2458498.2889184 11.18 0.15
2458498.2890920 11.17 0.15
2458498.2892656 10.98 0.12
2458498.2896128 11.08 0.13
2458498.2897864 10.88 0.11
2458498.2899600 10.97 0.12
2458498.2903073 11.00 0.13
2458498.2904809 10.97 0.12
2458498.2906545 11.09 0.13
2458498.2908281 11.07 0.13
2458498.2913489 10.98 0.12
2458498.2915239 10.93 0.12
2458498.2920443 11.18 0.15
2458498.2927381 10.95 0.12
2458498.2930850 10.98 0.12
2458498.2932586 11.05 0.13
2458498.2937795 11.05 0.13
2458498.2941267 10.94 0.12
2458498.2944739 10.92 0.13
2458498.2946475 11.12 0.15
2458498.2948211 10.84 0.12
2458498.2949947 11.01 0.13
2458498.2951684 11.15 0.14
2458498.2953420 11.01 0.13
2458498.2958628 11.11 0.14
2458498.2967309 10.78 0.10
2458498.2969045 11.06 0.13
2458498.2974253 10.84 0.11
2458498.2975989 10.99 0.13
2458498.2982934 10.88 0.11
2458498.2986406 10.84 0.11
2458498.2988142 10.93 0.12
2458498.2989878 11.05 0.13
2458498.2991614 11.09 0.14
2458498.2993350 11.08 0.14
2458498.2995086 10.97 0.12
2458498.2996823 10.76 0.10
2458498.2998559 11.14 0.14
2458498.3000295 10.76 0.10
2458498.3002031 11.12 0.14
2458498.3003767 10.95 0.12
2458498.3007239 11.01 0.13
2458498.3008975 10.90 0.12
2458498.3010711 10.98 0.13
2458498.3014184 10.98 0.12
2458498.3015920 10.92 0.12
2458498.3019392 10.97 0.12
2458498.3021128 10.91 0.12
2458498.3022864 10.96 0.12
2458498.3024600 10.90 0.11
2458498.3028072 11.05 0.13
2458498.3029809 10.97 0.12
2458498.3031545 10.93 0.12
2458498.3033281 10.84 0.11
2458498.3036766 10.98 0.12
2458498.3038500 10.98 0.12
2458498.3040235 11.02 0.13
2458498.3041969 10.91 0.12
2458498.3043703 11.10 0.14
2458498.3047172 11.13 0.14
2458498.3048907 10.89 0.11
2458498.3050642 11.14 0.14
2458498.3052378 10.97 0.12
2458498.3055850 11.06 0.13
2458498.3061059 10.99 0.12
2458498.3071475 10.99 0.13
2458498.3076684 10.91 0.12
2458498.3085364 10.99 0.13
2458498.3088836 11.05 0.13
2458498.3090572 11.04 0.13
2458498.3092309 10.81 0.11
2458498.3097517 11.14 0.15
2458498.3099253 11.08 0.14
2458498.3102725 11.18 0.15
2458498.3104461 10.96 0.12
2458498.3106197 11.05 0.14
2458498.3109670 11.05 0.13
2458498.3118350 11.00 0.13
2458498.3120086 11.08 0.14
2458498.3121822 11.08 0.14
2458498.3123559 11.08 0.14
2458498.3127031 10.92 0.12
2458498.3128767 11.11 0.14
2458498.3130503 10.97 0.12
2458498.3132239 11.08 0.14
2458498.3133975 10.97 0.12
2458498.3135711 10.99 0.13
2458498.3137448 10.92 0.12
2458498.3142656 10.93 0.12
2458498.3144392 10.97 0.13
2458498.3146128 10.94 0.12
2458498.3149600 11.06 0.14
2458498.3156558 11.01 0.13
2458498.3158292 11.03 0.13
2458498.3160027 10.92 0.12
2458498.3161761 10.78 0.10
2458498.3163496 11.15 0.15
2458498.3165230 10.96 0.13
2458498.3168699 11.14 0.15
2458498.3170434 11.07 0.14
2458498.3173906 10.89 0.12
2458498.3175642 11.12 0.14
2458498.3177378 11.07 0.14
2458498.3179114 10.90 0.12
2458498.3180850 11.09 0.14
2458500.2340341 10.94 0.16
2458500.2347285 10.81 0.14
2458500.2349022 10.83 0.15
2458500.2350758 10.75 0.14
2458500.2359438 10.65 0.13
2458500.2366383 10.84 0.15
2458500.2376799 10.76 0.14
2458500.2382008 11.00 0.17
2458500.2387216 10.95 0.16
2458500.2392424 10.75 0.14
2458500.2413258 10.76 0.14
2458500.2414994 10.79 0.14
2458500.2430619 10.96 0.16
2458500.2432355 10.87 0.15
2458500.2439299 10.92 0.15
2458500.2447989 10.70 0.12
2458500.2482702 10.78 0.13
2458500.2489647 10.90 0.15
2458500.2498327 10.94 0.15
2458500.2501799 10.91 0.15
2458500.2508744 11.01 0.16
2458500.2520897 10.96 0.15
2458500.2524369 11.02 0.16
2458500.2526105 10.85 0.14
2458500.2536522 11.06 0.17
2458500.2550411 10.83 0.14
2458500.2552147 10.92 0.15
2458500.2555619 10.79 0.13
2458500.2557355 11.04 0.16
2458500.2569515 10.92 0.15
2458500.2592077 10.84 0.14
2458500.2593813 11.00 0.16
2458500.2605966 10.91 0.14
2458500.2663258 10.92 0.14
2458500.2677147 10.96 0.15
2458500.2678883 11.03 0.15
2458500.2713605 11.03 0.15
2458500.2734438 11.09 0.16
2458500.2736174 10.88 0.14
2458500.2744855 11.01 0.15
2458500.2751799 10.93 0.14
2458500.2753535 11.18 0.18
2458500.2765688 11.01 0.15
2458500.2783049 11.05 0.16
2458500.2800410 11.08 0.16
2458500.2810834 10.94 0.14
2458500.2822980 11.07 0.16
2458500.2826452 11.16 0.17
2458500.2835133 11.13 0.17
2458500.2838605 11.00 0.15
2458500.2840341 11.10 0.16
2458500.2845549 11.12 0.17
2458500.2850758 11.08 0.16
2458500.2857702 11.18 0.17
2458500.2859438 10.99 0.15
2458500.2864647 10.90 0.14
2458500.2875063 11.03 0.16
2458500.2880272 10.99 0.15
2458500.2888952 11.10 0.16
2458500.2895897 10.91 0.14
2458500.2916730 10.87 0.13
2458500.2918466 10.91 0.13
2458500.2920202 11.03 0.15
2458500.2921938 11.15 0.16
2458500.2927157 10.97 0.14
2458500.2930626 10.97 0.14