2458467.3675459 10.93 0.14
2458467.3677195 10.93 0.14
2458467.3680667 11.11 0.16
2458467.3682403 10.96 0.14
2458467.3691084 11.19 0.17
2458467.3692820 11.16 0.17
2458467.3694556 11.16 0.17
2458467.3698028 10.96 0.14
2458467.3713653 11.03 0.15
2458467.3720598 11.08 0.16
2458467.3724070 10.99 0.15
2458467.3725806 10.91 0.14
2458467.3727542 11.15 0.17
2458467.3732750 11.02 0.15
2458467.3739695 11.06 0.16
2458467.3748375 11.00 0.15
2458467.3757067 10.99 0.15
2458467.3758801 10.99 0.15
2458467.3769209 11.02 0.15
2458467.3772681 11.05 0.15
2458467.3803931 10.91 0.14
2458467.3810875 10.96 0.14
2458467.3817820 11.10 0.16
2458467.3821292 11.05 0.15
2458467.3824764 10.96 0.14
2458467.3829973 11.09 0.16
2458467.3833445 11.09 0.16
2458467.3856014 10.98 0.15
2458467.3883795 11.05 0.16
2458467.3889000 10.91 0.14
2458467.3895945 11.01 0.15
2458467.3902889 10.97 0.14
2458467.3904625 11.03 0.15
2458467.3915042 11.04 0.16
2458467.3918514 11.02 0.15
2458467.3920250 10.92 0.14
2458467.3930667 10.91 0.14
2458467.3941084 11.00 0.15
2458467.3956709 11.08 0.16
2458467.3960181 11.05 0.16
2458467.3963653 10.87 0.13
2458467.3989695 10.99 0.15
2458467.4024417 11.08 0.16
2458467.4027889 10.95 0.15
2458467.4040042 11.00 0.15
2458467.4062611 11.01 0.15
2458467.4069556 10.86 0.13
2458467.4071292 11.09 0.16
2458467.4074764 11.03 0.15
2458467.4078236 10.99 0.15
2458467.4081709 11.02 0.16
2458467.4088653 11.09 0.16
2458467.4092125 11.02 0.15
2458467.4099070 10.97 0.15
2458467.4121643 10.90 0.14
2458467.4123377 11.13 0.17
2458467.4125112 11.03 0.16
2458467.4128584 11.06 0.16
2458467.4130320 10.98 0.15
2458467.4133792 10.99 0.15
2458467.4135528 10.92 0.14
2458467.4139000 11.07 0.16
2458467.4145945 10.98 0.15
2458467.4151153 11.04 0.16
2458467.4154625 10.96 0.15
2458467.4158097 10.93 0.14
2458467.4165042 11.07 0.17
2458467.4166778 10.96 0.15
2458467.4175459 10.84 0.13
2458467.4177195 11.03 0.16
2458467.4204973 10.92 0.15
2458469.3667865 11.13 0.12
2458469.3670135 11.12 0.12
2458469.3671871 11.17 0.13
2458469.3673607 11.07 0.11
2458469.3675343 11.11 0.12
2458469.3677079 11.14 0.12
2458469.3678815 10.96 0.10
2458469.3682287 11.12 0.12
2458469.3684023 11.37 0.15
2458469.3685760 11.20 0.13
2458469.3687496 11.14 0.12
2458469.3689232 11.30 0.14
2458469.3690968 11.04 0.11
2458469.3692704 11.23 0.13
2458469.3694440 11.08 0.12
2458469.3696176 11.14 0.12
2458469.3697912 11.25 0.14
2458469.3699648 10.92 0.10
2458469.3701384 11.11 0.12
2458469.3703121 11.03 0.11
2458469.3704857 11.12 0.12
2458469.3706593 11.09 0.12
2458469.3708329 11.01 0.11
2458469.3710065 11.26 0.14
2458469.3711801 11.17 0.13
2458469.3713537 11.16 0.13
2458469.3715273 11.00 0.11
2458469.3717009 11.02 0.11
2458469.3718746 11.15 0.13
2458469.3720482 11.06 0.12
2458469.3722218 11.05 0.11
2458469.3723954 11.29 0.14
2458469.3725690 11.20 0.13
2458469.3729162 10.95 0.10
2458469.3730898 11.19 0.13
2458469.3732635 11.03 0.11
2458469.3734371 11.12 0.12
2458469.3736107 11.05 0.11
2458469.3737843 11.05 0.12
2458469.3739579 11.06 0.12
2458469.3741315 10.95 0.10
2458469.3743051 10.96 0.11
2458469.3744787 11.13 0.12
2458469.3746524 11.25 0.14
2458469.3748260 11.04 0.11
2458469.3749996 11.12 0.12
2458469.3751732 11.00 0.11
2458469.3753468 11.23 0.14
2458469.3755204 10.98 0.11
2458469.3756940 11.03 0.11
2458469.3758676 11.00 0.11
2458469.3760425 10.93 0.10
2458469.3762159 10.97 0.11
2458469.3763894 11.06 0.11
2458469.3767363 11.21 0.13
2458469.3769097 11.07 0.12
2458469.3770832 11.01 0.11
2458469.3772566 11.08 0.12
2458469.3774301 11.09 0.12
2458469.3776037 10.93 0.10
2458469.3777773 11.22 0.13
2458469.3779510 11.02 0.11
2458469.3781246 11.13 0.12
2458469.3782982 11.13 0.12
2458469.3784718 10.90 0.10
2458469.3786454 11.11 0.12
2458488.3044163 11.09 0.15
2458488.3045899 11.05 0.14
2458488.3047635 11.10 0.15
2458488.3051107 11.06 0.15
2458488.3052844 11.03 0.14
2458488.3063260 10.98 0.13
2458488.3066732 11.05 0.14
2458488.3070205 11.00 0.14
2458488.3075413 10.92 0.13
2458488.3077149 10.96 0.13
2458488.3078885 11.00 0.14
2458488.3080621 11.02 0.14
2458488.3082357 11.06 0.14
2458488.3084093 10.93 0.13
2458488.3091038 11.09 0.15
2458488.3092788 11.04 0.14
2458488.3094522 10.95 0.13
2458488.3096257 10.98 0.14
2458488.3099726 11.15 0.16
2458488.3101460 11.07 0.15
2458488.3103194 10.87 0.12
2458488.3106663 11.02 0.14
2458488.3108399 10.96 0.13
2458488.3110135 11.07 0.15
2458488.3111871 10.96 0.14
2458488.3113607 10.99 0.14
2458488.3118816 10.92 0.13
2458488.3122288 10.87 0.12
2458488.3125760 11.03 0.14
2458488.3129232 10.99 0.14
2458488.3132705 11.02 0.14
2458488.3134441 11.06 0.15
2458488.3136177 10.98 0.14
2458488.3137913 10.97 0.14
2458488.3141385 10.98 0.14
2458488.3143121 10.94 0.13
2458488.3144857 11.02 0.14
2458488.3148330 10.97 0.14
2458488.3150066 10.89 0.13
2458488.3153538 11.10 0.15
2458488.3160482 10.90 0.13
2458488.3167427 10.93 0.13
2458488.3169163 11.07 0.15
2458488.3170899 10.95 0.14
2458488.3172635 11.05 0.15
2458488.3177844 10.94 0.14
2458488.3179580 10.97 0.14
2458488.3181316 10.90 0.13
2458488.3184788 11.06 0.15
2458488.3188260 11.03 0.15
2458488.3196941 11.06 0.15
2458488.3198677 11.06 0.15
2458488.3200413 11.11 0.16
2458488.3205621 10.93 0.13
2458488.3216048 11.08 0.15
2458488.3217783 11.08 0.15
2458488.3222986 10.99 0.15
2458488.3224720 11.03 0.15
2458488.3226455 11.00 0.14
2458488.3235135 11.03 0.15
2458488.3236871 10.88 0.13
2458488.3245552 10.99 0.14
2458488.3247288 11.01 0.15
2458488.3252496 10.99 0.14
2458488.3255969 10.99 0.14
2458488.3259441 10.94 0.14
2458488.3264649 10.89 0.13
2458488.3275066 10.89 0.13
2458488.3282010 10.96 0.14
2458488.3285482 10.89 0.13
2458488.3288955 11.13 0.17
2458488.3320205 10.86 0.13
2458488.3321941 11.00 0.15
2458488.3325413 10.74 0.12
2458488.3327149 11.15 0.17
2458488.3328885 11.15 0.17
2458488.3332370 10.98 0.15
2458488.3334105 11.03 0.15
2458488.3337574 11.14 0.17
2458488.3339308 10.87 0.13
2458488.3341043 10.98 0.14
2458488.3342777 10.95 0.14
2458488.3346246 11.11 0.16
2458488.3347982 11.07 0.16
2458488.3349719 10.97 0.14
2458488.3353191 10.92 0.14
2458488.3354927 11.13 0.17
2458488.3363607 10.82 0.13
2458488.3372288 10.99 0.15
2458488.3374024 10.97 0.14
2458488.3382705 10.91 0.14
2458488.3389649 11.05 0.16
2458488.3391385 11.07 0.16
2458488.3398330 10.89 0.14
2458488.3400066 11.01 0.15
2458488.3403538 11.06 0.16
2458488.3405274 10.85 0.13
2458488.3410482 10.93 0.14
2458488.3448677 11.09 0.16
2458488.3450413 10.84 0.13
2458488.3452162 10.92 0.14
2458488.3466038 11.01 0.15
2458488.3471246 10.94 0.14
2458488.3483399 10.98 0.14
2458488.3485135 10.88 0.13
2458488.3486871 10.99 0.15
2458488.3493816 10.97 0.14
2458488.3504232 10.89 0.13
2458488.3507705 11.02 0.15
2458488.3509441 10.94 0.14
2458488.3511177 10.98 0.14
2458488.3514649 10.96 0.14
2458488.3519857 11.12 0.16
2458488.3521594 10.89 0.13
2458488.3523330 10.95 0.14
2458488.3528538 11.05 0.16
2458488.3530274 10.89 0.13
2458488.3532010 11.02 0.15
2458488.3533746 11.11 0.16
2458488.3537218 10.98 0.15
2458488.3540691 10.99 0.15
2458488.3545899 10.98 0.14
2458488.3547635 11.11 0.16
2458488.3551107 11.05 0.16
2458488.3556316 11.04 0.15
2458488.3563260 11.10 0.16
2458488.3570218 10.93 0.14
2458488.3573687 10.86 0.13
2458488.3580625 11.09 0.16
2458488.3582360 11.05 0.16
2458488.3584094 10.92 0.14
2458488.3592774 11.11 0.16
2458488.3596246 11.13 0.17
2458488.3606663 10.89 0.13
2458488.3608399 10.92 0.14
2458488.3613607 10.89 0.14
2458488.3615343 11.03 0.15
2458488.3627496 10.98 0.15
2458488.3629232 10.97 0.15
2458488.3634441 11.02 0.15
2458488.3637913 10.80 0.13
2458488.3653538 11.04 0.15
2458488.3657010 11.07 0.16
2458488.3670899 11.00 0.15
2458488.3674371 10.78 0.12
2458488.3681316 11.10 0.16
2458488.3684788 10.83 0.13
2458488.3700417 10.86 0.13
2458488.3703885 11.05 0.16
2458488.3709093 11.08 0.16
2458488.3710830 11.07 0.16
2458488.3721246 10.91 0.14
2458488.3731663 11.04 0.16
2458488.3742080 11.03 0.16
2458493.2523211 11.06 0.14
2458493.2524947 11.16 0.16
2458493.2528420 11.22 0.17
2458493.2540586 11.07 0.14
2458493.2545789 11.05 0.14
2458493.2550993 10.95 0.13
2458493.2554461 10.99 0.13
2458493.2556198 10.95 0.13
2458493.2557934 10.99 0.13
2458493.2563142 11.07 0.14
2458493.2566614 11.02 0.13
2458493.2570086 11.01 0.13
2458493.2571823 11.14 0.15
2458493.2573559 10.98 0.13
2458493.2577031 11.09 0.14
2458493.2589184 10.97 0.13
2458493.2592656 10.93 0.13
2458493.2594392 11.10 0.15
2458493.2596128 11.13 0.15
2458493.2599600 11.21 0.16
2458493.2601336 11.13 0.15
2458493.2603072 11.14 0.15
2458493.2610017 11.09 0.14
2458493.2611753 10.99 0.13
2458493.2618697 10.96 0.13
2458493.2627378 11.03 0.14
2458493.2634323 11.18 0.15
2458493.2636059 11.13 0.15
2458493.2637795 11.02 0.14
2458493.2641267 11.14 0.15
2458493.2643003 11.06 0.14
2458493.2644739 11.01 0.13
2458493.2649948 10.98 0.13
2458493.2651684 10.97 0.13
2458493.2653420 11.02 0.13
2458493.2655156 11.10 0.14
2458493.2660378 11.10 0.14
2458493.2663847 11.10 0.14
2458493.2667316 11.05 0.14
2458493.2672519 11.12 0.15
2458493.2675989 11.07 0.14
2458493.2677725 11.24 0.17
2458493.2688142 11.16 0.15
2458493.2689878 11.07 0.14
2458493.2696822 11.10 0.14
2458493.2700295 11.04 0.14
2458493.2702031 10.98 0.13
2458493.2703767 11.17 0.15
2458493.2705503 11.07 0.14
2458493.2712448 11.08 0.14
2458493.2714184 10.97 0.13
2458493.2717656 11.21 0.16
2458493.2721128 11.04 0.14
2458493.2722864 11.20 0.16
2458493.2724600 11.04 0.14
2458493.2726336 11.11 0.15
2458493.2729809 11.08 0.14
2458493.2731545 11.05 0.14
2458493.2733281 11.07 0.14
2458493.2735017 11.08 0.14
2458493.2738489 11.19 0.16
2458493.2743697 11.00 0.13
2458493.2745434 11.09 0.14
2458493.2747170 11.00 0.13
2458493.2748906 11.01 0.13
2458493.2750642 11.04 0.14
2458493.2752378 11.11 0.15
2458493.2754114 11.15 0.15
2458493.2757586 11.02 0.14
2458493.2762795 11.12 0.15
2458493.2766267 11.05 0.14
2458493.2769739 11.03 0.13
2458493.2774947 10.86 0.12
2458493.2776684 11.00 0.13
2458493.2778420 11.08 0.14
2458493.2783638 11.23 0.16
2458493.2785373 10.97 0.13
2458493.2788841 11.15 0.15
2458493.2790576 11.17 0.16
2458493.2795781 11.22 0.16
2458493.2797517 10.97 0.13
2458493.2799253 11.15 0.15
2458493.2802725 11.07 0.14
2458493.2806198 11.12 0.15
2458493.2807934 10.97 0.13
2458493.2809670 11.04 0.14
2458493.2811406 11.01 0.13
2458493.2813142 11.01 0.13
2458493.2816614 11.09 0.14
2458493.2818350 11.08 0.14
2458493.2820086 11.05 0.14
2458493.2827031 11.01 0.14
2458493.2832239 11.05 0.14
2458493.2833975 10.98 0.13
2458493.2839184 10.93 0.12
2458493.2846128 10.98 0.13
2458493.2849600 11.19 0.16
2458493.2851336 11.10 0.14
2458493.2853072 11.25 0.17
2458493.2856545 10.99 0.13
2458493.2858281 11.03 0.13
2458493.2860017 10.97 0.13
2458493.2861753 10.97 0.13
2458493.2865225 11.07 0.14
2458493.2868698 10.76 0.11
2458493.2870434 11.14 0.15
2458493.2875642 11.00 0.13
2458493.2879114 10.93 0.13
2458493.2880850 11.17 0.15
2458493.2882586 11.09 0.14
2458493.2887795 10.94 0.13
2458493.2889531 11.03 0.14
2458493.2893003 11.05 0.14
2458493.2894739 10.97 0.13
2458493.2896475 10.97 0.13
2458493.2898211 11.04 0.14
2458493.2899961 10.96 0.13
2458493.2903429 11.11 0.14
2458493.2908633 11.17 0.15
2458493.2910367 11.08 0.14
2458493.2912102 11.08 0.14
2458493.2913836 11.03 0.14
2458493.2915572 11.01 0.13
2458493.2917309 10.99 0.13
2458493.2919045 11.08 0.14
2458493.2920781 10.86 0.12
2458493.2922517 10.95 0.13
2458493.2925989 10.99 0.13
2458493.2927725 11.12 0.15
2458493.2931197 11.03 0.13
2458493.2932934 11.11 0.15
2458493.2938142 11.05 0.14
2458493.2939878 10.90 0.12
2458493.2941614 11.08 0.14
2458493.2945086 10.95 0.13
2458493.2946823 11.05 0.14
2458493.2948559 11.06 0.14
2458493.2950295 11.03 0.14
2458493.2952031 10.99 0.13
2458493.2953767 10.97 0.13
2458493.2955503 11.13 0.15
2458493.2957239 11.08 0.14
2458493.2958975 11.17 0.15
2458493.2960711 11.10 0.14
2458493.2962448 11.08 0.14
2458493.2964184 11.00 0.13
2458493.2965920 11.03 0.14
2458493.2967656 11.06 0.14
2458493.2969392 11.12 0.15
2458493.2971128 11.05 0.14
2458493.2972864 10.99 0.13
2458493.2974600 11.08 0.14
2458493.2976336 11.19 0.16
2458493.2979809 11.05 0.14
2458493.2985017 11.09 0.14
2458493.2986753 11.15 0.15
2458493.2988489 11.02 0.14
2458493.2990225 11.06 0.14
2458493.2993697 10.77 0.11
2458493.2995434 10.92 0.12
2458493.2997170 11.03 0.14
2458493.2998906 10.98 0.13
2458493.3000642 11.04 0.14
2458493.3005850 11.07 0.14
2458493.3007586 11.05 0.14
2458493.3023327 10.99 0.13
2458493.3030272 11.08 0.14
2458493.3032008 10.95 0.13
2458493.3033744 11.08 0.14
2458493.3035480 11.10 0.15
2458493.3038952 11.05 0.14
2458493.3040688 11.04 0.14
2458493.3045897 11.13 0.15
2458493.3047633 10.87 0.12
2458493.3049369 11.12 0.15
2458493.3051105 11.04 0.14
2458493.3054577 10.86 0.12
2458493.3056313 11.00 0.13
2458493.3058049 10.85 0.12
2458493.3059785 11.03 0.14
2458493.3061522 11.01 0.13
2458493.3063258 10.88 0.12
2458493.3064994 10.90 0.12
2458493.3066730 11.03 0.14
2458493.3068466 11.12 0.15
2458493.3070202 10.99 0.13
2458493.3071938 10.99 0.13
2458493.3073674 11.00 0.13
2458493.3077147 11.00 0.13
2458493.3078883 11.02 0.13
2458493.3082355 10.93 0.12
2458493.3084091 10.99 0.13
2458493.3085827 11.16 0.15
2458493.3087563 11.06 0.14
2458493.3089299 11.06 0.14
2458493.3091036 11.16 0.15
2458493.3096244 11.07 0.14
2458493.3097980 10.99 0.13
2458493.3099716 11.13 0.15
2458493.3101452 10.95 0.13
2458493.3103188 11.00 0.13
2458493.3106661 11.09 0.14
2458493.3110133 11.03 0.13
2458493.3111869 11.04 0.14
2458493.3113605 11.09 0.14
2458493.3115341 11.10 0.15
2458493.3117077 11.16 0.15
2458493.3120549 10.88 0.12
2458493.3122298 11.10 0.14
2458493.3124033 10.83 0.11
2458493.3125767 10.93 0.12
2458493.3127502 11.25 0.16
2458493.3132705 11.20 0.15
2458493.3134439 10.99 0.13
2458493.3136174 11.07 0.14
2458493.3137910 10.95 0.12
2458493.3139647 11.08 0.14
2458493.3141383 11.05 0.14
2458493.3144855 10.98 0.13
2458493.3148327 11.08 0.14
2458493.3151799 10.77 0.10
2458493.3155272 10.96 0.13
2458493.3157008 11.21 0.16
2458493.3160480 11.08 0.14
2458493.3162216 11.05 0.14
2458493.3165688 10.96 0.13
2458493.3167424 11.27 0.17
2458493.3179577 11.05 0.13
2458493.3181313 10.98 0.13
2458493.3183049 10.96 0.13
2458493.3186522 10.85 0.11
2458493.3188258 11.06 0.14
2458493.3189994 11.06 0.14
2458493.3191730 11.20 0.15
2458493.3193466 11.12 0.15
2458493.3195202 11.18 0.15
2458493.3196938 11.07 0.14
2458493.3198674 11.10 0.14
2458493.3200411 11.10 0.14
2458493.3202147 11.00 0.13
2458493.3203883 11.14 0.15
2458493.3207355 11.06 0.14
2458493.3209091 11.12 0.14
2458493.3210827 10.93 0.12
2458493.3216035 10.90 0.12
2458493.3217772 10.96 0.13
2458493.3219508 10.97 0.13
2458493.3221244 11.05 0.13
2458493.3224716 11.04 0.13
2458493.3226452 10.87 0.11
2458493.3231662 11.13 0.15
2458493.3233397 10.98 0.13
2458493.3235133 10.97 0.13
2458493.3242090 11.14 0.15
2458493.3245559 11.02 0.13
2458493.3247293 10.82 0.11
2458493.3249028 11.10 0.14
2458493.3250762 11.01 0.13
2458493.3252497 10.93 0.12
2458493.3254231 10.96 0.13
2458493.3255966 11.06 0.14
2458493.3261174 11.14 0.15
2458493.3262911 11.04 0.13
2458493.3264647 10.98 0.13
2458493.3268119 11.10 0.14
2458493.3271591 10.93 0.12
2458493.3275063 10.97 0.12
2458493.3276799 11.05 0.13
2458493.3278536 11.07 0.14
2458493.3282008 11.10 0.14
2458493.3283744 11.12 0.14
2458493.3285480 11.06 0.14
2458493.3287216 11.14 0.14
2458493.3288952 10.93 0.12
2458493.3290688 10.96 0.12
2458493.3292430 11.08 0.14
2458493.3295897 11.01 0.13
2458493.3297633 11.13 0.14
2458493.3299369 10.96 0.12
2458493.3302841 10.91 0.12
2458493.3304577 10.97 0.12
2458493.3306313 11.08 0.14
2458493.3308049 11.16 0.15
2458493.3309785 10.88 0.12
2458493.3313258 11.11 0.14
2458493.3314994 11.00 0.13
2458493.3316730 11.04 0.13
2458493.3318466 11.21 0.16
2458493.3321938 11.19 0.15
2458493.3325411 11.10 0.14
2458493.3327147 11.14 0.14
2458493.3328883 10.97 0.13
2458493.3332355 10.97 0.13
2458493.3334091 10.98 0.13
2458493.3335827 11.02 0.13
2458493.3337563 10.97 0.13
2458493.3339299 10.98 0.13
2458493.3342772 11.09 0.14
2458493.3344508 11.25 0.16
2458493.3346244 10.97 0.13
2458493.3347980 11.05 0.14
2458493.3349716 11.01 0.13
2458493.3351452 10.96 0.12
2458493.3353188 10.94 0.12
2458493.3354924 11.03 0.13
2458493.3358397 11.19 0.15
2458493.3360133 11.17 0.15
2458493.3361882 11.06 0.14
2458493.3363616 11.08 0.14
2458493.3367085 10.98 0.13
2458493.3368820 11.15 0.15
2458493.3370554 11.08 0.14
2458493.3372288 11.17 0.15
2458493.3374023 11.19 0.15
2458493.3375758 11.18 0.15
2458493.3377494 11.15 0.15
2458493.3379230 10.85 0.11
2458493.3382702 10.96 0.12
2458493.3384438 11.02 0.13
2458493.3386174 11.03 0.13
2458493.3387910 11.03 0.13
2458493.3389647 11.19 0.15
2458493.3391383 11.23 0.16
2458493.3393119 10.99 0.13
2458493.3394855 11.06 0.14
2458493.3396591 10.97 0.13
2458493.3398327 11.10 0.14
2458493.3400063 11.03 0.13
2458493.3407008 11.13 0.15
2458493.3408744 10.96 0.13
2458493.3410480 10.92 0.12
2458493.3412216 11.10 0.14
2458493.3413952 11.07 0.14
2458493.3415688 11.04 0.14
2458493.3417424 11.21 0.16
2458493.3419161 11.03 0.13
2458493.3420897 11.06 0.14
2458493.3422633 11.05 0.14
2458493.3426105 11.19 0.16
2458493.3427841 11.12 0.14
2458493.3429577 11.04 0.13
2458493.3431313 11.11 0.14
2458493.3433049 11.03 0.13
2458493.3434786 11.01 0.13
2458493.3436522 11.16 0.15
2458493.3438258 10.90 0.12
2458493.3439994 11.01 0.13
2458493.3441730 11.06 0.14
2458493.3443466 11.07 0.14
2458493.3445202 11.08 0.14
2458493.3446938 10.99 0.13
2458493.3448674 11.03 0.13
2458493.3450410 11.11 0.14
2458493.3452147 11.07 0.14
2458493.3455619 10.77 0.11
2458493.3457355 11.09 0.14
2458493.3459091 11.05 0.14
2458493.3460827 10.96 0.13
2458493.3462563 11.02 0.13
2458493.3466035 11.05 0.14
2458493.3467772 11.08 0.14
2458493.3469508 11.01 0.13
2458493.3474716 11.01 0.13
2458493.3478188 11.08 0.14
2458493.3481673 11.02 0.13
2458493.3483408 11.03 0.14
2458493.3486876 10.98 0.13
2458493.3488611 10.93 0.12
2458493.3490345 11.13 0.15
2458493.3492080 11.10 0.14
2458493.3493814 11.07 0.14
2458493.3495549 11.16 0.15
2458493.3497286 11.05 0.14
2458493.3505966 11.02 0.13
2458493.3509438 11.04 0.13
2458493.3511174 11.06 0.14
2458493.3512911 10.86 0.11
2458493.3514647 10.93 0.12
2458493.3516383 11.03 0.13
2458493.3518119 10.91 0.12
2458493.3521591 11.07 0.14
2458493.3523327 10.95 0.12
2458493.3525063 11.11 0.14
2458493.3526799 10.90 0.12
2458493.3530272 10.83 0.11
2458493.3532008 11.16 0.15
2458493.3535480 11.03 0.13
2458493.3537216 11.13 0.15
2458493.3538952 10.79 0.11
2458493.3540688 10.80 0.11
2458493.3542424 10.88 0.12
2458493.3547633 11.11 0.14
2458493.3549369 11.13 0.15
2458493.3552841 10.91 0.12
2458493.3556313 11.16 0.15
2458493.3561522 11.00 0.13
2458493.3563258 11.17 0.15
2458493.3570202 11.06 0.14
2458493.3571938 11.04 0.13
2458493.3577147 11.00 0.13
2458493.3580619 11.18 0.15
2458493.3582355 11.12 0.14
2458493.3584091 10.97 0.13
2458493.3585827 10.96 0.13
2458493.3589299 11.08 0.14
2458493.3592772 11.05 0.14
2458493.3594508 11.11 0.14
2458493.3601465 11.11 0.14
2458493.3603199 10.91 0.12
2458493.3606668 11.16 0.15
2458493.3608403 11.04 0.13
2458493.3611871 11.08 0.14
2458493.3613606 11.06 0.14
2458493.3615341 11.02 0.13
2458493.3617077 11.05 0.14
2458493.3620549 11.07 0.14
2458493.3622285 11.19 0.16
2458493.3624022 11.17 0.15
2458493.3625758 11.07 0.14
2458493.3627494 10.98 0.13
2458493.3629230 10.93 0.12
2458493.3632702 10.92 0.12
2458493.3634438 11.27 0.17
2458493.3637911 10.96 0.13
2458493.3639647 11.23 0.16
2458493.3641383 11.11 0.14
2458493.3643119 11.09 0.14
2458493.3648327 11.05 0.14
2458493.3651799 11.07 0.14
2458493.3653536 10.89 0.12
2458493.3657008 11.09 0.14
2458493.3660480 11.03 0.13
2458493.3663952 11.00 0.13
2458493.3669161 11.07 0.14
2458493.3674369 11.04 0.14
2458493.3681313 11.14 0.15
2458493.3684785 11.11 0.15
2458493.3686522 11.12 0.15
2458493.3688258 11.13 0.15
2458493.3691730 11.11 0.15
2458493.3693466 10.86 0.12
2458493.3695202 11.12 0.15
2458493.3696938 10.94 0.13
2458493.3698674 11.00 0.13
2458493.3700410 11.18 0.16
2458493.3702147 11.17 0.15
2458493.3705619 10.99 0.13
2458493.3709091 10.97 0.13
2458493.3710827 10.99 0.13
2458493.3716036 10.94 0.12
2458493.3722991 11.03 0.14
2458493.3724725 11.19 0.16
2458493.3726460 11.00 0.13
2458493.3729928 11.08 0.14
2458493.3731663 11.04 0.14
2458493.3733397 11.05 0.14
2458493.3735133 11.14 0.15
2458493.3736869 11.00 0.13
2458493.3745549 11.19 0.16
2458493.3747286 11.07 0.14
2458493.3749022 10.95 0.13
2458493.3750758 11.00 0.13
2458493.3754230 11.17 0.15
2458493.3757702 11.14 0.15
2458493.3759438 11.02 0.13
2458493.3764647 10.85 0.12
2458493.3766383 10.98 0.13
2458493.3773327 11.10 0.15
2458493.3782008 11.03 0.14
2458493.3783744 10.92 0.13
2458493.3785480 10.99 0.13
2458493.3787216 11.09 0.15
2458493.3790688 11.14 0.15
2458493.3792424 10.93 0.13
2458493.3795897 11.16 0.16
2458493.3797633 11.07 0.14
2458493.3801105 11.08 0.14
2458493.3804577 11.10 0.15
2458493.3809786 11.10 0.15
2458493.3813258 10.77 0.11
2458493.3818466 11.05 0.14
2458493.3820202 11.02 0.14
2458493.3827147 10.91 0.13
2458493.3834091 11.06 0.14
2458493.3841048 11.19 0.16
2458493.3844517 10.95 0.13
2458493.3846251 11.22 0.17
2458493.3847985 11.01 0.14
2458493.3851454 11.12 0.15
2458493.3853189 11.13 0.15
2458493.3854924 11.10 0.15
2458493.3856660 11.19 0.16
2458493.3858397 10.82 0.12
2458493.3861869 11.24 0.17
2458493.3863605 11.04 0.14
2458493.3867077 11.07 0.14
2458493.3868813 11.11 0.15
2458493.3870549 11.04 0.14
2458493.3872286 11.02 0.14
2458493.3877494 10.96 0.13
2458493.3886174 11.24 0.17
2458493.3889647 11.13 0.15
2458493.3893119 11.00 0.14
2458493.3898327 10.98 0.13
2458493.3900063 11.27 0.17
2458493.3901799 11.00 0.14
2458493.3903536 11.04 0.14
2458493.3905272 10.95 0.13
2458493.3907008 11.13 0.15
2458493.3915688 11.02 0.14
2458493.3920897 10.93 0.13
2458493.3922633 10.82 0.12
2458493.3924369 11.11 0.15
2458493.3926105 10.95 0.13
2458493.3927841 10.95 0.13
2458493.3929577 11.01 0.14
2458493.3931313 11.13 0.16
2458493.3934785 11.05 0.14
2458493.3936522 11.05 0.14
2458493.3938258 10.99 0.14
2458493.3939994 10.97 0.13
2458493.3943466 11.01 0.14
2458493.3945202 10.98 0.14
2458493.3946938 11.11 0.15
2458493.3948674 11.15 0.16
2458493.3950411 11.01 0.14
2458493.3952147 11.08 0.15
2458493.3955619 10.96 0.13
2458493.3957355 10.91 0.13
2458493.3959105 11.10 0.15
2458493.3964308 11.08 0.15
2458493.3969511 10.96 0.13
2458493.3971246 10.93 0.13
2458493.3974716 10.98 0.14
2458493.3978188 11.09 0.15
2458493.3981661 11.01 0.14
2458493.3983397 11.10 0.15
2458493.3986869 10.99 0.14
2458493.3999022 11.10 0.15
2458493.4000758 10.96 0.14
2458493.4002494 11.02 0.14
2458493.4016383 10.97 0.14
2458493.4021591 11.12 0.16
2458493.4023327 10.99 0.14
2458493.4025063 11.16 0.16
2458493.4026799 10.99 0.14
2458493.4028536 10.94 0.13
2458493.4037216 11.08 0.15
2458493.4042424 11.00 0.14
2458493.4047633 11.02 0.14
2458493.4049369 11.02 0.14
2458493.4051105 11.12 0.16
2458493.4052841 10.89 0.13
2458493.4054577 11.00 0.14
2458493.4070202 11.08 0.15
2458493.4080630 10.95 0.14
2458493.4085833 11.08 0.15
2458493.4089302 11.02 0.14
2458493.4091037 11.05 0.15
2458493.4096244 11.08 0.15
2458493.4097980 11.10 0.16
2458493.4099716 11.00 0.14
2458493.4103188 11.00 0.14
2458493.4108397 10.96 0.14
2458493.4117077 11.07 0.15
2458493.4118813 10.91 0.13
2458493.4124022 10.93 0.14
2458493.4125758 10.99 0.14
2458493.4129230 10.89 0.13
2458493.4139647 11.10 0.16
2458493.4150063 11.00 0.15
2458493.4155272 10.93 0.14
2458493.4157008 11.06 0.15
2458494.3524600 10.83 0.16
2458495.1542077 10.75 0.17
2458495.1609785 10.68 0.16
2458495.1649716 10.68 0.15
2458495.1686174 10.61 0.15
2458495.1745202 10.78 0.17
2458495.1845897 10.80 0.16
2458495.1877147 10.86 0.17
2458495.1894508 10.74 0.15
2458495.2205272 10.79 0.15
2458495.2276452 10.78 0.15
2458495.2279924 10.94 0.17
2458495.2307716 10.91 0.17
2458495.2337216 10.89 0.16
2458495.2401452 10.74 0.14
2458495.2413605 10.92 0.16
2458495.2443119 10.96 0.17
2458495.2469160 10.83 0.15
2458495.2472633 10.90 0.16
2458495.2491730 10.90 0.16
2458495.2522980 10.83 0.15
2458495.2545549 10.92 0.16
2458495.2550769 10.88 0.16
2458495.2606313 10.82 0.14
2458495.2660133 10.90 0.16
2458495.2663605 10.88 0.15
2458495.2665341 10.84 0.15
2458495.2698327 10.77 0.14
2458495.2707008 10.81 0.14
2458495.2748674 10.87 0.15
2458495.2760827 10.90 0.15
2458495.2776452 10.79 0.14
2458495.2778188 11.02 0.17
2458495.2790353 10.97 0.16
2458495.2792087 10.72 0.13
2458495.2795556 10.76 0.14
2458495.2802494 10.91 0.15
2458495.2812911 10.88 0.15
2458495.2825063 10.89 0.15
2458495.2851105 10.81 0.14
2458495.2858049 10.88 0.15
2458495.2868466 10.81 0.14
2458495.2871938 10.90 0.15
2458495.2873674 10.80 0.14
2458495.2885827 10.92 0.16
2458495.2889299 10.99 0.17
2458495.2936174 10.73 0.13
2458495.2950063 10.92 0.15
2458495.2953535 10.89 0.15
2458495.2955272 10.92 0.15
2458495.2958744 10.87 0.15
2458495.2972633 10.85 0.14
2458495.2977841 10.66 0.12
2458495.2981313 10.73 0.13
2458495.2983049 10.87 0.14
2458495.2991730 10.82 0.14
2458495.2995202 10.93 0.15
2458495.3005619 10.93 0.15
2458495.3007355 10.92 0.15
2458495.3033406 10.91 0.15
2458495.3040343 10.75 0.13
2458495.3049022 10.65 0.12
2458495.3087216 10.90 0.15
2458495.3090688 10.76 0.13
2458495.3095897 10.98 0.17
2458495.3106313 10.93 0.16
2458495.3114994 10.80 0.14
2458495.3127147 10.98 0.17
2458495.3134091 10.93 0.16
2458495.3147980 10.92 0.16
2458498.1658281 10.98 0.16
2458498.1679114 10.89 0.15
2458498.1727725 10.97 0.15
2458498.1729461 10.98 0.16
2458498.1760711 10.94 0.15
2458498.1762447 10.84 0.13
2458498.1765920 10.90 0.14
2458498.1786763 11.00 0.16
2458498.1797170 11.10 0.17
2458498.1798906 11.08 0.16
2458498.1821475 11.02 0.15
2458498.1837100 11.02 0.15
2458498.1842309 10.96 0.15
2458498.1850989 10.87 0.14
2458498.1863142 11.04 0.16
2458498.1882974 11.01 0.15
2458498.1887448 10.94 0.14
2458498.1897864 10.89 0.14
2458498.1904809 10.96 0.14
2458498.1906545 10.82 0.13
2458498.1908281 10.97 0.15
2458498.1915225 11.09 0.16
2458498.1920434 10.93 0.14
2458498.1923906 10.98 0.14
2458498.1937795 11.09 0.16
2458498.1941267 11.08 0.16
2458498.1946475 11.09 0.16
2458498.1949947 11.06 0.15
2458498.1951684 10.99 0.14
2458498.1956892 11.15 0.17
2458498.1967315 10.90 0.13
2458498.1969050 11.08 0.15
2458498.1970784 11.01 0.14
2458498.1977725 11.01 0.14
2458498.1979461 10.96 0.14
2458498.1982934 11.01 0.14
2458498.1986406 11.03 0.15
2458498.1988142 10.85 0.12
2458498.1989878 10.99 0.14
2458498.2002031 11.00 0.14
2458498.2007239 10.89 0.13
2458498.2012447 11.07 0.15
2458498.2014184 11.11 0.15
2458498.2033281 11.08 0.15
2458498.2038489 10.91 0.13
2458498.2050642 10.92 0.13
2458498.2052378 11.01 0.14
2458498.2054114 11.08 0.15
2458498.2055850 11.13 0.15
2458498.2057586 11.11 0.15
2458498.2061059 10.98 0.13
2458498.2064531 11.17 0.16
2458498.2066267 11.04 0.14
2458498.2068003 11.03 0.14
2458498.2073211 11.22 0.17
2458498.2074947 11.02 0.14
2458498.2076684 11.15 0.16
2458498.2078420 11.06 0.15
2458498.2080169 11.00 0.14
2458498.2083638 10.95 0.13
2458498.2085373 11.04 0.14
2458498.2087107 11.08 0.15
2458498.2088841 10.99 0.14
2458498.2090576 10.98 0.14
2458498.2094045 10.89 0.12
2458498.2097517 11.11 0.15
2458498.2102725 10.96 0.13
2458498.2106197 10.95 0.13
2458498.2107934 11.08 0.15
2458498.2109670 11.05 0.14
2458498.2113142 10.97 0.13
2458498.2123559 11.01 0.14
2458498.2125295 11.06 0.15
2458498.2127031 11.02 0.14
2458498.2128767 11.00 0.14
2458498.2130503 10.96 0.13
2458498.2132239 11.06 0.15
2458498.2133975 10.94 0.13
2458498.2135711 11.09 0.15
2458498.2146128 10.89 0.12
2458498.2153072 10.99 0.13
2458498.2154809 11.00 0.14
2458498.2156545 11.09 0.15
2458498.2158281 11.06 0.14
2458498.2160017 10.94 0.13
2458498.2165225 10.95 0.13
2458498.2173906 10.92 0.13
2458498.2179114 11.10 0.15
2458498.2180850 10.84 0.12
2458498.2184322 11.19 0.16
2458498.2186059 11.13 0.15
2458498.2187795 11.09 0.15
2458498.2189531 11.27 0.17
2458498.2193003 11.18 0.16
2458498.2194739 11.13 0.15
2458498.2196475 11.15 0.15
2458498.2198225 11.01 0.13
2458498.2201694 11.07 0.14
2458498.2203429 11.07 0.14
2458498.2206898 10.99 0.13
2458498.2208632 11.03 0.14
2458498.2212101 10.98 0.13
2458498.2213836 11.01 0.14
2458498.2217309 11.09 0.15
2458498.2231197 10.84 0.11
2458498.2232934 10.94 0.12
2458498.2239878 11.06 0.14
2458498.2241614 11.03 0.14
2458498.2243350 11.03 0.13
2458498.2245086 10.92 0.12
2458498.2246822 11.06 0.14
2458498.2252031 11.08 0.14
2458498.2253767 11.25 0.17
2458498.2255503 10.97 0.13
2458498.2257239 11.01 0.13
2458498.2258975 11.03 0.14
2458498.2260711 11.16 0.15
2458498.2262447 10.96 0.13
2458498.2264184 11.16 0.15
2458498.2269392 11.02 0.14
2458498.2271128 11.00 0.13
2458498.2272864 10.90 0.12
2458498.2274600 11.19 0.16
2458498.2278073 11.07 0.14
2458498.2279809 10.95 0.13
2458498.2288489 11.03 0.14
2458498.2291961 11.06 0.14
2458498.2295434 11.04 0.14
2458498.2300642 11.15 0.15
2458498.2309322 11.09 0.15
2458498.2316267 11.11 0.15
2458498.2330157 10.90 0.13
2458498.2344045 11.03 0.14
2458498.2345781 10.99 0.14
2458498.2352725 11.12 0.15
2458498.2364878 11.08 0.15
2458498.2373559 11.09 0.15
2458498.2377031 11.06 0.15
2458498.2380503 11.07 0.15
2458498.2385711 10.98 0.14
2458498.2387447 10.95 0.14
2458498.2394392 11.20 0.17
2458498.2399600 11.05 0.15
2458498.2401336 11.02 0.14
2458498.2404809 10.80 0.12
2458498.2408281 10.86 0.12
2458498.2415225 11.06 0.15
2458498.2418697 11.01 0.14
2458498.2422170 11.09 0.15
2458498.2423906 11.04 0.15
2458498.2425642 11.05 0.15
2458498.2434323 11.03 0.14
2458498.2439541 11.07 0.15
2458498.2441276 11.11 0.15
2458498.2446479 11.04 0.14
2458498.2453420 10.98 0.14
2458498.2456892 11.10 0.15
2458498.2462100 11.03 0.14
2458498.2465572 11.19 0.17
2458498.2467309 11.14 0.16
2458498.2472517 10.99 0.14
2458498.2482934 10.86 0.12
2458498.2488142 11.03 0.15
2458498.2489878 10.92 0.13
2458498.2496822 10.92 0.13
2458498.2507239 10.92 0.13
2458498.2510711 10.93 0.13
2458498.2512448 11.00 0.14
2458498.2517656 11.15 0.16
2458498.2521128 11.01 0.14
2458498.2524600 11.04 0.15
2458498.2533281 11.04 0.15
2458498.2538489 10.88 0.13
2458498.2540225 10.84 0.12
2458498.2547170 10.94 0.14
2458498.2554114 10.94 0.14
2458498.2555863 11.15 0.17
2458498.2559332 10.90 0.13
2458498.2561066 11.12 0.16
2458498.2576684 11.01 0.15
2458498.2578420 11.03 0.15
2458498.2581892 10.87 0.13
2458498.2583628 11.13 0.16
2458498.2587100 10.94 0.14
2458498.2588836 10.84 0.13
2458498.2595781 11.00 0.15
2458498.2599253 11.09 0.16
2458498.2600989 10.95 0.14
2458498.2602725 11.06 0.15
2458498.2606198 11.01 0.15
2458498.2609670 10.84 0.13
2458498.2614878 10.99 0.14
2458498.2620086 11.02 0.15
2458498.2625295 10.97 0.14
2458498.2627031 11.19 0.14
2458498.2628767 11.08 0.13
2458498.2630503 11.07 0.13
2458498.2632239 11.09 0.13
2458498.2633975 10.85 0.10
2458498.2635711 11.16 0.14
2458498.2637447 11.17 0.14
2458498.2639184 11.09 0.13
2458498.2640920 11.04 0.13
2458498.2642656 10.97 0.12
2458498.2644392 11.04 0.13
2458498.2646128 11.20 0.14
2458498.2647864 11.29 0.16
2458498.2649600 11.06 0.13
2458498.2651336 11.08 0.14
2458498.2653072 10.97 0.12
2458498.2654809 11.18 0.15
2458498.2656545 10.96 0.12
2458498.2658281 10.99 0.12
2458498.2660017 11.06 0.13
2458498.2661753 11.04 0.13
2458498.2663489 11.18 0.14
2458498.2665225 11.14 0.14
2458498.2666961 11.19 0.15
2458498.2668698 10.78 0.10
2458498.2670434 10.95 0.12
2458498.2672170 11.03 0.13
2458498.2673906 10.95 0.12
2458498.2675655 11.15 0.14
2458498.2677389 11.02 0.12
2458498.2679124 11.07 0.13
2458498.2682593 11.10 0.13
2458498.2684327 11.00 0.12
2458498.2686062 11.10 0.14
2458498.2687796 11.13 0.14
2458498.2689531 10.91 0.11
2458498.2693003 11.26 0.15
2458498.2694739 11.08 0.13
2458498.2696475 11.22 0.15
2458498.2698211 10.97 0.12
2458498.2699947 11.09 0.13
2458498.2701684 10.96 0.12
2458498.2705156 11.04 0.12
2458498.2706892 11.00 0.12
2458498.2708628 10.96 0.12
2458498.2710364 10.99 0.12
2458498.2712100 10.98 0.12
2458498.2713836 10.99 0.12
2458498.2715572 11.25 0.15
2458498.2717309 11.11 0.13
2458498.2719045 11.16 0.14
2458498.2720781 11.06 0.13
2458498.2722517 10.87 0.11
2458498.2724253 11.08 0.13
2458498.2725989 10.95 0.12
2458498.2734670 11.16 0.14
2458498.2736406 11.10 0.13
2458498.2738142 11.04 0.12
2458498.2741614 11.07 0.13
2458498.2743350 11.02 0.12
2458498.2745086 11.19 0.14
2458498.2746823 11.13 0.13
2458498.2748559 10.91 0.11
2458498.2750295 11.08 0.13
2458498.2752031 11.17 0.14
2458498.2753767 10.88 0.11
2458498.2755503 10.99 0.12
2458498.2757239 11.10 0.13
2458498.2760711 10.91 0.11
2458498.2762448 11.06 0.12
2458498.2764184 11.05 0.13
2458498.2765920 11.03 0.12
2458498.2767656 11.11 0.13
2458498.2769392 11.02 0.12
2458498.2771128 11.23 0.15
2458498.2772864 11.03 0.13
2458498.2774600 11.06 0.13
2458498.2776336 10.99 0.12
2458498.2778072 11.06 0.13
2458498.2779809 11.24 0.15
2458498.2781545 11.06 0.13
2458498.2783281 11.09 0.13
2458498.2785017 11.08 0.13
2458498.2786753 11.12 0.13
2458498.2788489 11.23 0.15
2458498.2790225 11.14 0.14
2458498.2791961 11.05 0.13
2458498.2793697 11.08 0.13
2458498.2797182 11.18 0.14
2458498.2798916 11.02 0.12
2458498.2800651 11.14 0.14
2458498.2802385 11.09 0.13
2458498.2804120 11.13 0.14
2458498.2805854 11.05 0.13
2458498.2807589 11.03 0.13
2458498.2809323 11.02 0.13
2458498.2811059 11.05 0.13
2458498.2812795 11.07 0.13
2458498.2814531 11.08 0.13
2458498.2816267 11.05 0.13
2458498.2818003 11.30 0.16
2458498.2819739 11.26 0.15
2458498.2821475 11.15 0.14
2458498.2823211 11.12 0.14
2458498.2824948 11.05 0.13
2458498.2830156 11.10 0.13
2458498.2831892 11.23 0.15
2458498.2833628 11.09 0.13
2458498.2835364 11.06 0.13
2458498.2837100 11.22 0.15
2458498.2838836 11.15 0.14
2458498.2840573 11.12 0.13
2458498.2842309 11.25 0.15
2458498.2844045 11.18 0.14
2458498.2845781 11.02 0.12
2458498.2847517 11.09 0.13
2458498.2849253 10.99 0.12
2458498.2850989 11.18 0.14
2458498.2852725 11.14 0.14
2458498.2854461 11.05 0.13
2458498.2856197 10.98 0.12
2458498.2857934 11.11 0.14
2458498.2861406 11.22 0.15
2458498.2863142 11.01 0.12
2458498.2864878 11.06 0.13
2458498.2868350 10.94 0.12
2458498.2870086 11.18 0.15
2458498.2871822 11.10 0.13
2458498.2873559 11.15 0.14
2458498.2875295 11.13 0.14
2458498.2877031 11.06 0.13
2458498.2878767 11.09 0.14
2458498.2885711 11.14 0.14
2458498.2887447 11.13 0.14
2458498.2889184 10.83 0.10
2458498.2892656 11.12 0.14
2458498.2894392 11.02 0.13
2458498.2896128 11.22 0.15
2458498.2897864 11.04 0.13
2458498.2899600 11.19 0.15
2458498.2903073 11.14 0.14
2458498.2904809 11.12 0.14
2458498.2906545 11.05 0.13
2458498.2908281 11.05 0.13
2458498.2911753 11.07 0.13
2458498.2913489 11.13 0.14
2458498.2916974 11.08 0.13
2458498.2918708 11.14 0.14
2458498.2920443 11.10 0.14
2458498.2922177 11.03 0.13
2458498.2925646 11.01 0.13
2458498.2927381 11.17 0.15
2458498.2929115 11.02 0.13
2458498.2930850 11.02 0.13
2458498.2932586 11.03 0.13
2458498.2934322 11.23 0.15
2458498.2936059 11.06 0.13
2458498.2937795 11.06 0.13
2458498.2946475 11.18 0.17
2458498.2948211 11.13 0.15
2458498.2951684 11.11 0.14
2458498.2953420 11.01 0.12
2458498.2955156 11.25 0.16
2458498.2956892 11.10 0.14
2458498.2958628 11.21 0.15
2458498.2960364 10.82 0.11
2458498.2962100 10.91 0.11
2458498.2963836 11.11 0.14
2458498.2965572 11.21 0.15
2458498.2967309 11.14 0.14
2458498.2969045 11.12 0.14
2458498.2970781 11.09 0.13
2458498.2974253 11.10 0.13
2458498.2975989 11.13 0.14
2458498.2979461 11.11 0.14
2458498.2981198 11.07 0.13
2458498.2982934 10.96 0.12
2458498.2984670 11.21 0.15
2458498.2991614 11.13 0.14
2458498.2996823 10.97 0.12
2458498.2998559 11.23 0.15
2458498.3000295 11.09 0.14
2458498.3002031 11.09 0.13
2458498.3008975 11.01 0.13
2458498.3014184 11.04 0.13
2458498.3015920 11.14 0.14
2458498.3017656 11.10 0.14
2458498.3021128 11.11 0.14
2458498.3031545 11.03 0.13
2458498.3033281 11.11 0.14
2458498.3035017 11.06 0.13
2458498.3036766 11.29 0.16
2458498.3040235 11.17 0.14
2458498.3043703 11.09 0.13
2458498.3045438 11.14 0.14
2458498.3047172 11.07 0.13
2458498.3048907 10.95 0.12
2458498.3050642 11.14 0.14
2458498.3052378 11.12 0.14
2458498.3054114 11.01 0.13
2458498.3057586 11.26 0.16
2458498.3062795 11.06 0.13
2458498.3068003 11.06 0.13
2458498.3069739 11.03 0.13
2458498.3073211 10.86 0.11
2458498.3078420 11.01 0.12
2458498.3080156 11.13 0.14
2458498.3081892 11.18 0.15
2458498.3085364 11.00 0.12
2458498.3090572 11.19 0.15
2458498.3092309 11.13 0.14
2458498.3094045 10.98 0.12
2458498.3097517 11.08 0.14
2458498.3099253 11.09 0.14
2458498.3100989 11.02 0.13
2458498.3102725 11.10 0.14
2458498.3109670 11.11 0.14
2458498.3111406 11.19 0.15
2458498.3116614 11.12 0.14
2458498.3118350 11.04 0.13
2458498.3120086 11.10 0.14
2458498.3123559 10.96 0.12
2458498.3125295 10.96 0.12
2458498.3127031 11.11 0.14
2458498.3128767 10.87 0.11
2458498.3130503 11.08 0.14
2458498.3133975 11.07 0.14
2458498.3137448 11.07 0.14
2458498.3139184 11.09 0.14
2458498.3142656 11.20 0.15
2458498.3149600 11.05 0.13
2458498.3151336 10.90 0.12
2458498.3153073 11.08 0.14
2458498.3156558 11.03 0.13
2458498.3158292 11.21 0.16
2458498.3163496 10.96 0.12
2458498.3165230 10.97 0.12
2458498.3166965 11.01 0.13
2458498.3168699 11.19 0.16
2458498.3170434 11.18 0.15
2458498.3172170 11.08 0.14
2458498.3173906 10.95 0.12
2458498.3177378 11.10 0.14
2458498.3179114 11.12 0.14
2458498.3180850 10.83 0.11
2458500.2375063 10.81 0.14
2458500.2399369 10.97 0.16
2458500.2411522 10.87 0.15
2458500.2461869 10.79 0.13
2458500.2465341 10.90 0.14
2458500.2479230 10.94 0.15
2458500.2491383 10.96 0.15
2458500.2496591 10.84 0.13
2458500.2519160 10.96 0.15
2458500.2526105 11.00 0.15
2458500.2529577 10.96 0.15
2458500.2534786 10.98 0.15
2458500.2536522 11.08 0.17
2458500.2539994 10.98 0.15
2458500.2553883 10.92 0.15
2458500.2564312 10.94 0.15
2458500.2571250 10.96 0.15
2458500.2590341 11.01 0.16
2458500.2611174 10.97 0.15
2458500.2618119 10.82 0.13
2458500.2621591 10.95 0.15
2458500.2633744 11.00 0.15
2458500.2637216 10.99 0.15
2458500.2642424 11.08 0.16
2458500.2656313 11.06 0.16
2458500.2658049 11.00 0.15
2458500.2659785 11.12 0.16
2458500.2661522 11.04 0.15
2458500.2666730 10.91 0.14
2458500.2675410 11.07 0.16
2458500.2691042 11.09 0.16
2458500.2699716 11.02 0.15
2458500.2708397 10.99 0.15
2458500.2710133 11.16 0.17
2458500.2711869 11.04 0.15
2458500.2713605 11.06 0.16
2458500.2717077 11.09 0.16
2458500.2741383 11.08 0.16
2458500.2743119 11.12 0.16
2458500.2746591 10.86 0.13
2458500.2758744 10.99 0.15
2458500.2762216 11.08 0.16
2458500.2765688 11.02 0.15
2458500.2767424 10.86 0.13
2458500.2781313 10.92 0.14
2458500.2783049 10.86 0.13
2458500.2812568 10.92 0.14
2458500.2829924 10.87 0.13
2458500.2833397 11.12 0.16
2458500.2838605 10.86 0.13
2458500.2850758 10.97 0.14
2458500.2852494 10.82 0.12
2458500.2869855 10.95 0.14
2458500.2873327 11.14 0.17
2458500.2876799 10.85 0.13
2458500.2878535 11.07 0.16
2458500.2880272 10.90 0.13
2458500.2882008 11.06 0.16
2458500.2887216 11.13 0.16
2458500.2892424 11.10 0.16
2458500.2894160 11.17 0.17
2458500.2895897 10.97 0.14
2458500.2901105 11.01 0.15
2458500.2906313 11.01 0.14
2458500.2920202 10.92 0.13