2458467.3670250 11.10 0.16
2458467.3677195 10.89 0.13
2458467.3680667 11.02 0.15
2458467.3684139 11.13 0.16
2458467.3696292 11.03 0.15
2458467.3698028 11.04 0.15
2458467.3699764 11.08 0.16
2458467.3703236 11.10 0.16
2458467.3704972 11.03 0.15
2458467.3710181 10.93 0.14
2458467.3711917 11.04 0.15
2458467.3715389 10.99 0.15
2458467.3717125 10.89 0.13
2458467.3724070 11.07 0.16
2458467.3725806 11.01 0.15
2458467.3731014 10.97 0.14
2458467.3732750 11.00 0.15
2458467.3736223 11.12 0.16
2458467.3741431 11.02 0.15
2458467.3748375 10.94 0.14
2458467.3753584 10.88 0.13
2458467.3755332 10.89 0.13
2458467.3758801 11.07 0.16
2458467.3772681 10.94 0.14
2458467.3777889 10.97 0.15
2458467.3788306 10.89 0.13
2458467.3795250 11.04 0.15
2458467.3798723 11.01 0.15
2458467.3807403 11.06 0.15
2458467.3819556 11.05 0.15
2458467.3833445 10.87 0.13
2458467.3835181 11.11 0.17
2458467.3838653 10.98 0.15
2458467.3842125 11.02 0.15
2458467.3843861 11.05 0.16
2458467.3845597 10.96 0.14
2458467.3847334 10.93 0.14
2458467.3856014 11.05 0.16
2458467.3859486 11.01 0.15
2458467.3864695 10.97 0.15
2458467.3868167 11.05 0.16
2458467.3889000 11.05 0.16
2458467.3894209 11.03 0.15
2458467.3897681 11.01 0.15
2458467.3899417 10.97 0.15
2458467.3901153 10.95 0.14
2458467.3902889 11.00 0.15
2458467.3913306 10.94 0.14
2458467.3915042 10.98 0.15
2458467.3920250 10.93 0.14
2458467.3925459 10.95 0.14
2458467.3934139 11.02 0.15
2458467.3939347 11.08 0.16
2458467.3941084 11.05 0.16
2458467.3948028 10.99 0.15
2458467.3953236 10.99 0.15
2458467.3968861 11.00 0.15
2458467.3970598 11.05 0.16
2458467.3972334 10.97 0.15
2458467.3974070 11.10 0.17
2458467.3977542 10.98 0.15
2458467.3982750 10.95 0.14
2458467.4007056 10.94 0.14
2458467.4010528 10.93 0.14
2458467.4024417 11.23 0.19
2458467.4034834 11.00 0.15
2458467.4036570 11.07 0.16
2458467.4040042 11.00 0.15
2458467.4043514 10.94 0.14
2458467.4048723 11.21 0.19
2458467.4052195 10.97 0.15
2458467.4053931 11.14 0.17
2458467.4064348 10.92 0.14
2458467.4073028 10.86 0.13
2458467.4074764 11.03 0.16
2458467.4076500 11.04 0.16
2458467.4081709 11.02 0.16
2458467.4092125 11.03 0.16
2458467.4104278 11.10 0.17
2458467.4107750 11.04 0.16
2458467.4111236 11.01 0.15
2458467.4135528 10.94 0.15
2458467.4142473 11.05 0.16
2458467.4145945 10.88 0.14
2458467.4149417 11.00 0.15
2458467.4151153 11.13 0.17
2458467.4166778 10.97 0.15
2458467.4204973 11.00 0.16
2458469.3667865 11.06 0.11
2458469.3670135 11.08 0.12
2458469.3671871 10.96 0.10
2458469.3673607 11.04 0.11
2458469.3675343 11.11 0.12
2458469.3677079 11.16 0.12
2458469.3678815 11.04 0.11
2458469.3680551 11.17 0.13
2458469.3682287 11.15 0.12
2458469.3684023 11.19 0.13
2458469.3685760 11.21 0.13
2458469.3687496 11.05 0.11
2458469.3689232 11.24 0.13
2458469.3690968 11.00 0.11
2458469.3692704 10.96 0.10
2458469.3694440 11.01 0.11
2458469.3696176 11.23 0.13
2458469.3697912 11.06 0.11
2458469.3699648 11.20 0.13
2458469.3701384 11.14 0.12
2458469.3703121 11.21 0.13
2458469.3704857 11.05 0.11
2458469.3706593 11.04 0.11
2458469.3708329 11.16 0.13
2458469.3710065 11.14 0.12
2458469.3711801 11.34 0.15
2458469.3713537 11.26 0.14
2458469.3715273 11.27 0.14
2458469.3717009 11.14 0.12
2458469.3718746 11.11 0.12
2458469.3720482 10.98 0.11
2458469.3722218 11.20 0.13
2458469.3723954 11.18 0.13
2458469.3725690 11.17 0.13
2458469.3727426 11.00 0.11
2458469.3729162 11.23 0.13
2458469.3730898 11.20 0.13
2458469.3732635 10.99 0.11
2458469.3734371 11.19 0.13
2458469.3736107 11.01 0.11
2458469.3737843 10.83 0.09
2458469.3739579 11.17 0.13
2458469.3741315 11.01 0.11
2458469.3743051 11.01 0.11
2458469.3744787 11.19 0.13
2458469.3746524 11.13 0.12
2458469.3748260 11.01 0.11
2458469.3749996 11.19 0.13
2458469.3751732 11.16 0.13
2458469.3753468 11.38 0.15
2458469.3755204 11.05 0.11
2458469.3756940 10.97 0.10
2458469.3758676 11.16 0.12
2458469.3760425 11.18 0.13
2458469.3762159 11.25 0.13
2458469.3763894 11.02 0.11
2458469.3765628 11.09 0.12
2458469.3767363 11.26 0.14
2458469.3769097 11.34 0.15
2458469.3770832 11.11 0.12
2458469.3772566 11.00 0.11
2458469.3774301 11.05 0.11
2458469.3776037 11.14 0.12
2458469.3777773 11.26 0.14
2458469.3779510 11.14 0.12
2458469.3781246 11.33 0.15
2458469.3782982 11.20 0.13
2458469.3784718 11.36 0.15
2458469.3786454 11.06 0.11
2458488.3044163 10.72 0.10
2458488.3045899 10.79 0.11
2458488.3047635 10.80 0.11
2458488.3051107 10.78 0.11
2458488.3052844 10.77 0.11
2458488.3054579 10.82 0.12
2458488.3056316 10.78 0.11
2458488.3058052 10.76 0.11
2458488.3059788 10.81 0.11
2458488.3061524 10.85 0.12
2458488.3063260 10.88 0.12
2458488.3066732 10.99 0.13
2458488.3068468 10.71 0.10
2458488.3070205 10.94 0.13
2458488.3071941 10.91 0.12
2458488.3075413 10.91 0.13
2458488.3077149 10.81 0.11
2458488.3078885 10.82 0.12
2458488.3080621 10.80 0.11
2458488.3084093 10.93 0.13
2458488.3085830 10.82 0.11
2458488.3087566 10.89 0.12
2458488.3089302 10.81 0.11
2458488.3091038 10.75 0.11
2458488.3092788 10.92 0.13
2458488.3094522 10.85 0.12
2458488.3096257 10.88 0.12
2458488.3097991 10.61 0.09
2458488.3099726 10.93 0.13
2458488.3101460 10.82 0.12
2458488.3103194 10.65 0.10
2458488.3104929 10.84 0.12
2458488.3106663 10.68 0.10
2458488.3108399 10.65 0.10
2458488.3110135 10.68 0.10
2458488.3111871 10.82 0.12
2458488.3113607 10.80 0.12
2458488.3115344 10.86 0.12
2458488.3117080 10.64 0.10
2458488.3118816 10.91 0.13
2458488.3120552 10.81 0.12
2458488.3122288 11.08 0.15
2458488.3124024 10.88 0.12
2458488.3125760 10.72 0.11
2458488.3127496 10.70 0.10
2458488.3129232 11.06 0.15
2458488.3130969 10.97 0.14
2458488.3132705 10.93 0.13
2458488.3134441 10.72 0.11
2458488.3136177 10.82 0.12
2458488.3137913 10.69 0.10
2458488.3139649 10.84 0.12
2458488.3141385 10.94 0.13
2458488.3143121 10.69 0.10
2458488.3144857 10.73 0.11
2458488.3146593 10.83 0.12
2458488.3148330 10.83 0.12
2458488.3150066 10.80 0.12
2458488.3151802 10.96 0.13
2458488.3153538 10.69 0.10
2458488.3155274 10.92 0.13
2458488.3158746 10.84 0.12
2458488.3160482 10.93 0.13
2458488.3162218 10.70 0.11
2458488.3167427 10.95 0.13
2458488.3169163 10.67 0.10
2458488.3170899 10.88 0.12
2458488.3172635 10.99 0.14
2458488.3176107 11.02 0.14
2458488.3177844 10.65 0.10
2458488.3179580 10.84 0.12
2458488.3181316 10.75 0.11
2458488.3183052 10.72 0.11
2458488.3186524 10.93 0.13
2458488.3188260 10.81 0.12
2458488.3189996 10.74 0.11
2458488.3191732 10.64 0.10
2458488.3193469 10.78 0.12
2458488.3195205 10.80 0.12
2458488.3196941 10.71 0.11
2458488.3198677 10.69 0.11
2458488.3200413 10.79 0.12
2458488.3202149 10.80 0.12
2458488.3203885 10.85 0.12
2458488.3205621 10.71 0.11
2458488.3207357 10.75 0.11
2458488.3209094 10.78 0.11
2458488.3212579 10.76 0.11
2458488.3214314 10.73 0.11
2458488.3216048 10.61 0.10
2458488.3217783 10.99 0.14
2458488.3219517 10.81 0.12
2458488.3221252 10.78 0.12
2458488.3222986 10.78 0.12
2458488.3224720 10.86 0.12
2458488.3226455 10.75 0.11
2458488.3228191 10.92 0.13
2458488.3229927 10.83 0.12
2458488.3231663 10.83 0.12
2458488.3233399 10.91 0.13
2458488.3235135 10.82 0.12
2458488.3236871 11.03 0.15
2458488.3238607 10.80 0.12
2458488.3242080 10.88 0.13
2458488.3243816 10.88 0.13
2458488.3245552 10.85 0.12
2458488.3249024 10.74 0.11
2458488.3250760 10.84 0.12
2458488.3252496 10.81 0.12
2458488.3254232 10.77 0.12
2458488.3255969 10.83 0.12
2458488.3257705 10.74 0.11
2458488.3261177 10.73 0.11
2458488.3262913 10.84 0.12
2458488.3264649 10.74 0.11
2458488.3266385 10.91 0.13
2458488.3268121 10.68 0.11
2458488.3269857 10.79 0.12
2458488.3271594 10.72 0.11
2458488.3273330 10.82 0.12
2458488.3275066 10.77 0.12
2458488.3276802 10.96 0.14
2458488.3278538 10.64 0.10
2458488.3280274 10.83 0.12
2458488.3282010 10.82 0.12
2458488.3283746 10.86 0.13
2458488.3285482 10.76 0.12
2458488.3287218 10.70 0.11
2458488.3288955 10.73 0.11
2458488.3290691 10.75 0.11
2458488.3292427 10.83 0.12
2458488.3294163 10.95 0.14
2458488.3295899 10.87 0.13
2458488.3297635 10.84 0.12
2458488.3299371 10.73 0.11
2458488.3301107 10.75 0.11
2458488.3302843 10.78 0.12
2458488.3304580 10.74 0.11
2458488.3306316 10.88 0.13
2458488.3309788 11.08 0.15
2458488.3311524 10.93 0.14
2458488.3313260 11.06 0.15
2458488.3314996 10.73 0.11
2458488.3316732 10.76 0.12
2458488.3318468 10.89 0.13
2458488.3320205 10.83 0.12
2458488.3321941 10.78 0.12
2458488.3323677 10.80 0.12
2458488.3325413 10.76 0.12
2458488.3327149 10.76 0.11
2458488.3328885 10.80 0.12
2458488.3330621 10.83 0.12
2458488.3332370 10.91 0.13
2458488.3334105 11.05 0.15
2458488.3335839 11.00 0.14
2458488.3337574 10.84 0.12
2458488.3339308 10.78 0.12
2458488.3341043 11.06 0.15
2458488.3342777 10.85 0.13
2458488.3344511 10.83 0.12
2458488.3346246 10.81 0.12
2458488.3347982 10.81 0.12
2458488.3349719 10.61 0.10
2458488.3353191 10.82 0.12
2458488.3354927 10.86 0.13
2458488.3356663 10.89 0.13
2458488.3358399 10.96 0.14
2458488.3360135 10.70 0.11
2458488.3361871 10.93 0.14
2458488.3363607 10.76 0.12
2458488.3365344 10.64 0.10
2458488.3367080 10.77 0.12
2458488.3368816 10.66 0.11
2458488.3370552 10.82 0.12
2458488.3372288 10.75 0.12
2458488.3374024 10.70 0.11
2458488.3375760 10.65 0.11
2458488.3380968 10.87 0.13
2458488.3382705 10.89 0.13
2458488.3387913 10.80 0.12
2458488.3389649 10.93 0.14
2458488.3391385 10.66 0.11
2458488.3393121 10.85 0.13
2458488.3394857 10.85 0.13
2458488.3396593 10.82 0.12
2458488.3398330 10.86 0.13
2458488.3400066 10.72 0.11
2458488.3401802 10.80 0.12
2458488.3403538 10.83 0.13
2458488.3405274 10.69 0.11
2458488.3407010 10.84 0.13
2458488.3408746 10.62 0.10
2458488.3410482 10.59 0.10
2458488.3412219 10.73 0.12
2458488.3413955 10.69 0.11
2458488.3415691 10.60 0.10
2458488.3419163 10.79 0.12
2458488.3420899 10.57 0.10
2458488.3422635 10.67 0.11
2458488.3426107 10.77 0.12
2458488.3427844 10.71 0.11
2458488.3429580 10.64 0.11
2458488.3431316 10.64 0.10
2458488.3434788 10.81 0.12
2458488.3436524 10.93 0.14
2458488.3438260 10.61 0.10
2458488.3439996 10.70 0.11
2458488.3441732 10.83 0.13
2458488.3443469 10.82 0.13
2458488.3445205 10.82 0.13
2458488.3446941 10.69 0.11
2458488.3448677 10.68 0.11
2458488.3450413 10.79 0.12
2458488.3452162 10.83 0.13
2458488.3453896 10.85 0.13
2458488.3455631 10.75 0.12
2458488.3457365 10.74 0.12
2458488.3460834 10.62 0.10
2458488.3462569 10.79 0.12
2458488.3464303 10.64 0.11
2458488.3466038 10.79 0.12
2458488.3467774 10.74 0.12
2458488.3469510 10.94 0.14
2458488.3471246 10.96 0.14
2458488.3472982 11.01 0.15
2458488.3474718 10.62 0.11
2458488.3476455 10.89 0.13
2458488.3478191 10.80 0.12
2458488.3479927 10.72 0.11
2458488.3481663 10.68 0.11
2458488.3483399 10.65 0.11
2458488.3485135 10.84 0.13
2458488.3486871 10.87 0.13
2458488.3488607 10.58 0.10
2458488.3490344 10.89 0.13
2458488.3492080 10.74 0.12
2458488.3493816 10.80 0.12
2458488.3495552 10.63 0.11
2458488.3497288 10.65 0.11
2458488.3499024 10.91 0.14
2458488.3500760 10.85 0.13
2458488.3502496 10.77 0.12
2458488.3504232 10.72 0.11
2458488.3505969 10.69 0.11
2458488.3507705 10.64 0.11
2458488.3509441 10.70 0.11
2458488.3512913 10.88 0.13
2458488.3514649 10.85 0.13
2458488.3516385 10.72 0.11
2458488.3518121 10.70 0.11
2458488.3519857 10.92 0.14
2458488.3521594 10.96 0.14
2458488.3523330 11.01 0.15
2458488.3525066 10.89 0.13
2458488.3528538 10.90 0.13
2458488.3530274 11.04 0.15
2458488.3532010 10.71 0.11
2458488.3533746 10.88 0.13
2458488.3535482 10.76 0.12
2458488.3537218 10.90 0.13
2458488.3538955 10.80 0.12
2458488.3540691 10.95 0.14
2458488.3542427 10.90 0.13
2458488.3545899 10.70 0.11
2458488.3547635 10.87 0.13
2458488.3551107 10.85 0.13
2458488.3552843 10.91 0.13
2458488.3554580 10.88 0.13
2458488.3556316 10.59 0.10
2458488.3558052 10.71 0.11
2458488.3559788 10.73 0.12
2458488.3561524 10.80 0.12
2458488.3563260 10.82 0.12
2458488.3564996 10.79 0.12
2458488.3566732 10.79 0.12
2458488.3568469 10.79 0.12
2458488.3570218 10.86 0.13
2458488.3571953 10.78 0.12
2458488.3573687 10.87 0.13
2458488.3575422 10.84 0.13
2458488.3577156 10.68 0.11
2458488.3578891 10.95 0.14
2458488.3580625 10.87 0.13
2458488.3582360 10.84 0.13
2458488.3584094 10.78 0.12
2458488.3585830 10.86 0.13
2458488.3587566 10.81 0.12
2458488.3589302 10.96 0.14
2458488.3592774 10.67 0.11
2458488.3596246 10.95 0.14
2458488.3597982 11.10 0.16
2458488.3603191 10.93 0.14
2458488.3604927 11.00 0.15
2458488.3606663 10.75 0.12
2458488.3608399 10.95 0.14
2458488.3610135 10.71 0.11
2458488.3611871 10.84 0.13
2458488.3613607 10.79 0.12
2458488.3615343 10.90 0.13
2458488.3617080 10.87 0.13
2458488.3618816 10.86 0.13
2458488.3620552 10.75 0.12
2458488.3622288 10.89 0.13
2458488.3624024 10.87 0.13
2458488.3625760 10.76 0.12
2458488.3627496 10.97 0.15
2458488.3629232 10.82 0.13
2458488.3630968 10.86 0.13
2458488.3632705 10.86 0.13
2458488.3636177 10.84 0.13
2458488.3639649 10.78 0.12
2458488.3641385 10.85 0.13
2458488.3643121 10.75 0.12
2458488.3644857 10.80 0.12
2458488.3646594 10.86 0.13
2458488.3648330 10.73 0.12
2458488.3650066 10.89 0.13
2458488.3651802 10.87 0.13
2458488.3653538 10.86 0.13
2458488.3655274 10.82 0.13
2458488.3657010 10.83 0.13
2458488.3658746 10.92 0.14
2458488.3660482 10.87 0.13
2458488.3662219 10.85 0.13
2458488.3665691 10.73 0.12
2458488.3667427 10.85 0.13
2458488.3669163 10.83 0.13
2458488.3670899 10.87 0.13
2458488.3672635 10.80 0.12
2458488.3674371 10.73 0.11
2458488.3681316 10.89 0.13
2458488.3683052 10.91 0.14
2458488.3684788 10.81 0.12
2458488.3686524 10.77 0.12
2458488.3688260 10.55 0.10
2458488.3690010 10.78 0.12
2458488.3691744 10.74 0.12
2458488.3693479 10.86 0.13
2458488.3695213 10.83 0.13
2458488.3696948 10.81 0.12
2458488.3698682 10.87 0.13
2458488.3700417 10.87 0.13
2458488.3702150 10.83 0.13
2458488.3703885 10.68 0.11
2458488.3705621 10.69 0.11
2458488.3709093 10.70 0.12
2458488.3710830 10.82 0.13
2458488.3712566 10.57 0.10
2458488.3714302 10.77 0.12
2458488.3716038 10.57 0.10
2458488.3717774 10.89 0.14
2458488.3721246 10.95 0.14
2458488.3726455 10.92 0.14
2458488.3728191 10.91 0.14
2458488.3729927 10.73 0.12
2458488.3731663 10.71 0.12
2458488.3736871 10.68 0.11
2458488.3738607 10.72 0.12
2458493.2519739 10.98 0.13
2458493.2521475 10.89 0.12
2458493.2523211 10.88 0.12
2458493.2524947 11.06 0.14
2458493.2526684 10.80 0.11
2458493.2528420 11.02 0.13
2458493.2530156 10.92 0.12
2458493.2531892 10.93 0.12
2458493.2533628 11.02 0.13
2458493.2537100 11.01 0.13
2458493.2538836 11.04 0.14
2458493.2540586 10.97 0.13
2458493.2542320 10.84 0.11
2458493.2544055 10.90 0.12
2458493.2545789 10.98 0.13
2458493.2547524 10.84 0.11
2458493.2549258 11.05 0.13
2458493.2550993 10.92 0.12
2458493.2552727 10.95 0.12
2458493.2554461 10.92 0.12
2458493.2556198 11.05 0.14
2458493.2557934 10.96 0.13
2458493.2559670 10.94 0.12
2458493.2561406 11.12 0.15
2458493.2563142 11.04 0.13
2458493.2564878 11.03 0.13
2458493.2568350 10.99 0.13
2458493.2570086 10.92 0.12
2458493.2571823 10.96 0.12
2458493.2575295 10.76 0.10
2458493.2578767 11.07 0.14
2458493.2580503 10.79 0.11
2458493.2582239 10.98 0.13
2458493.2583975 11.18 0.15
2458493.2585711 10.97 0.13
2458493.2587447 10.92 0.12
2458493.2589184 11.06 0.14
2458493.2590920 10.83 0.11
2458493.2592656 10.98 0.13
2458493.2594392 10.82 0.11
2458493.2596128 10.89 0.12
2458493.2597864 10.84 0.11
2458493.2599600 10.96 0.12
2458493.2601336 10.90 0.12
2458493.2603072 10.98 0.13
2458493.2604809 11.05 0.14
2458493.2606545 11.01 0.13
2458493.2608281 10.76 0.10
2458493.2610017 10.88 0.12
2458493.2611753 10.86 0.11
2458493.2615225 11.09 0.14
2458493.2616961 11.07 0.14
2458493.2618697 11.15 0.15
2458493.2620434 10.90 0.12
2458493.2622170 10.92 0.12
2458493.2623906 10.95 0.12
2458493.2625642 10.96 0.12
2458493.2627378 11.00 0.13
2458493.2629114 10.89 0.12
2458493.2630850 11.12 0.14
2458493.2632586 11.05 0.13
2458493.2634323 10.95 0.12
2458493.2637795 11.08 0.14
2458493.2639531 11.05 0.14
2458493.2641267 10.84 0.11
2458493.2643003 10.98 0.13
2458493.2644739 11.07 0.14
2458493.2648211 11.04 0.13
2458493.2649948 10.85 0.11
2458493.2651684 10.83 0.11
2458493.2653420 11.04 0.13
2458493.2655156 11.05 0.14
2458493.2656892 11.08 0.14
2458493.2658628 11.04 0.13
2458493.2660378 10.92 0.12
2458493.2662112 11.02 0.13
2458493.2663847 10.96 0.12
2458493.2665581 11.02 0.13
2458493.2667316 10.99 0.13
2458493.2669050 10.85 0.11
2458493.2670784 10.97 0.12
2458493.2672519 10.83 0.11
2458493.2674253 10.85 0.11
2458493.2675989 11.00 0.13
2458493.2677725 10.98 0.13
2458493.2679461 11.22 0.16
2458493.2681197 10.75 0.10
2458493.2682934 10.80 0.11
2458493.2684670 10.92 0.12
2458493.2686406 10.94 0.12
2458493.2688142 10.76 0.11
2458493.2689878 10.78 0.10
2458493.2691614 10.86 0.11
2458493.2693350 10.93 0.12
2458493.2695086 10.92 0.12
2458493.2696822 10.93 0.12
2458493.2698559 10.90 0.12
2458493.2700295 11.07 0.14
2458493.2702031 11.15 0.15
2458493.2705503 10.93 0.12
2458493.2707239 10.84 0.11
2458493.2708975 11.06 0.14
2458493.2710711 11.15 0.15
2458493.2712448 10.89 0.12
2458493.2714184 10.86 0.11
2458493.2715920 10.92 0.12
2458493.2717656 10.97 0.13
2458493.2719392 10.95 0.12
2458493.2721128 10.99 0.13
2458493.2722864 11.17 0.15
2458493.2724600 10.78 0.10
2458493.2726336 11.08 0.14
2458493.2728073 10.90 0.12
2458493.2729809 10.89 0.12
2458493.2731545 10.74 0.10
2458493.2733281 10.84 0.11
2458493.2736753 10.83 0.11
2458493.2738489 10.81 0.11
2458493.2740225 10.79 0.11
2458493.2741961 10.75 0.10
2458493.2743697 10.80 0.11
2458493.2745434 10.76 0.10
2458493.2747170 10.88 0.12
2458493.2748906 10.97 0.13
2458493.2750642 11.02 0.13
2458493.2754114 11.16 0.15
2458493.2755850 10.93 0.12
2458493.2757586 10.96 0.12
2458493.2759322 11.17 0.15
2458493.2761059 11.00 0.13
2458493.2762795 10.96 0.12
2458493.2764531 11.12 0.15
2458493.2766267 10.87 0.11
2458493.2768003 10.99 0.13
2458493.2769739 10.91 0.12
2458493.2771475 11.07 0.14
2458493.2773211 11.03 0.13
2458493.2774947 10.84 0.11
2458493.2776684 10.89 0.12
2458493.2778420 10.83 0.11
2458493.2780169 10.96 0.13
2458493.2781904 10.80 0.11
2458493.2783638 10.99 0.13
2458493.2785373 10.97 0.13
2458493.2787107 10.90 0.12
2458493.2788841 10.97 0.13
2458493.2790576 10.73 0.10
2458493.2792310 10.99 0.13
2458493.2795781 10.86 0.11
2458493.2797517 10.94 0.12
2458493.2799253 10.78 0.11
2458493.2800989 10.68 0.10
2458493.2802725 11.03 0.13
2458493.2806198 10.90 0.12
2458493.2809670 11.00 0.13
2458493.2811406 10.82 0.11
2458493.2813142 10.93 0.12
2458493.2814878 10.93 0.12
2458493.2816614 10.83 0.11
2458493.2820086 10.83 0.11
2458493.2821822 10.83 0.11
2458493.2823559 10.82 0.11
2458493.2825295 10.94 0.12
2458493.2827031 11.08 0.14
2458493.2828767 10.98 0.13
2458493.2830503 10.97 0.13
2458493.2832239 11.21 0.16
2458493.2833975 10.90 0.12
2458493.2835711 10.93 0.12
2458493.2837447 11.00 0.13
2458493.2839184 10.93 0.12
2458493.2840920 11.01 0.13
2458493.2842656 10.84 0.11
2458493.2844392 10.86 0.11
2458493.2846128 10.98 0.13
2458493.2847864 10.90 0.12
2458493.2849600 11.00 0.13
2458493.2851336 10.86 0.11
2458493.2853072 10.77 0.11
2458493.2854809 10.86 0.11
2458493.2856545 10.97 0.13
2458493.2860017 10.75 0.10
2458493.2861753 10.85 0.11
2458493.2865225 10.81 0.11
2458493.2866961 10.78 0.11
2458493.2868698 10.72 0.10
2458493.2870434 10.89 0.12
2458493.2875642 10.82 0.11
2458493.2877378 11.05 0.14
2458493.2879114 10.83 0.11
2458493.2880850 10.87 0.12
2458493.2882586 10.77 0.11
2458493.2884323 10.82 0.11
2458493.2886059 10.81 0.11
2458493.2887795 10.78 0.11
2458493.2889531 10.69 0.10
2458493.2891267 10.76 0.10
2458493.2893003 10.96 0.12
2458493.2894739 10.84 0.11
2458493.2896475 10.90 0.12
2458493.2898211 11.18 0.15
2458493.2899961 10.79 0.11
2458493.2901695 10.79 0.11
2458493.2903429 10.84 0.11
2458493.2905164 10.72 0.10
2458493.2906898 10.85 0.11
2458493.2908633 10.78 0.11
2458493.2910367 10.99 0.13
2458493.2912102 10.82 0.11
2458493.2913836 10.81 0.11
2458493.2915572 11.15 0.15
2458493.2917309 10.86 0.12
2458493.2919045 10.78 0.11
2458493.2920781 10.83 0.11
2458493.2922517 10.76 0.10
2458493.2924253 10.90 0.12
2458493.2925989 10.78 0.11
2458493.2927725 11.03 0.13
2458493.2929461 10.98 0.13
2458493.2931197 10.73 0.10
2458493.2932934 10.75 0.10
2458493.2934670 10.96 0.12
2458493.2936406 11.08 0.14
2458493.2939878 10.81 0.11
2458493.2941614 10.76 0.11
2458493.2943350 10.92 0.12
2458493.2945086 11.01 0.13
2458493.2946823 10.86 0.11
2458493.2948559 10.59 0.09
2458493.2950295 10.98 0.13
2458493.2952031 10.87 0.11
2458493.2953767 10.65 0.09
2458493.2955503 10.77 0.11
2458493.2957239 10.88 0.12
2458493.2958975 10.96 0.12
2458493.2960711 11.01 0.13
2458493.2964184 10.82 0.11
2458493.2965920 11.00 0.13
2458493.2967656 10.78 0.11
2458493.2971128 10.94 0.12
2458493.2972864 10.84 0.11
2458493.2974600 10.89 0.12
2458493.2978072 10.91 0.12
2458493.2979809 10.92 0.12
2458493.2981545 10.87 0.12
2458493.2983281 11.16 0.15
2458493.2985017 10.99 0.13
2458493.2986753 10.72 0.10
2458493.2988489 11.04 0.14
2458493.2990225 10.84 0.11
2458493.2991961 10.88 0.12
2458493.2993697 10.73 0.10
2458493.2995434 10.93 0.12
2458493.2997170 10.86 0.12
2458493.2998906 10.91 0.12
2458493.3000642 10.87 0.12
2458493.3002378 10.87 0.12
2458493.3004114 11.00 0.13
2458493.3007586 11.02 0.13
2458493.3018931 10.86 0.12
2458493.3021591 10.78 0.11
2458493.3023327 10.75 0.10
2458493.3025063 10.97 0.13
2458493.3026799 11.03 0.14
2458493.3028536 10.81 0.11
2458493.3033744 10.98 0.13
2458493.3035480 10.72 0.10
2458493.3037216 10.90 0.12
2458493.3038952 10.77 0.11
2458493.3040688 10.81 0.11
2458493.3044161 10.76 0.10
2458493.3045897 10.93 0.12
2458493.3047633 10.94 0.12
2458493.3051105 10.93 0.12
2458493.3052841 11.00 0.13
2458493.3054577 10.87 0.12
2458493.3056313 10.85 0.11
2458493.3058049 10.77 0.11
2458493.3059785 10.94 0.12
2458493.3061522 10.88 0.12
2458493.3063258 10.69 0.10
2458493.3064994 10.93 0.12
2458493.3066730 11.01 0.13
2458493.3068466 11.01 0.13
2458493.3070202 10.84 0.11
2458493.3071938 10.82 0.11
2458493.3073674 11.06 0.14
2458493.3075410 10.94 0.12
2458493.3077147 10.80 0.11
2458493.3078883 11.00 0.13
2458493.3080619 10.88 0.12
2458493.3082355 10.73 0.10
2458493.3084091 10.93 0.12
2458493.3085827 11.12 0.14
2458493.3087563 10.67 0.09
2458493.3089299 11.03 0.13
2458493.3091036 10.90 0.12
2458493.3092772 10.92 0.12
2458493.3094508 10.96 0.12
2458493.3096244 10.96 0.12
2458493.3097980 10.84 0.11
2458493.3099716 10.91 0.12
2458493.3101452 11.02 0.13
2458493.3103188 10.80 0.11
2458493.3104924 10.83 0.11
2458493.3106661 10.79 0.11
2458493.3110133 10.87 0.11
2458493.3111869 10.83 0.11
2458493.3113605 10.95 0.12
2458493.3115341 10.94 0.12
2458493.3117077 10.88 0.12
2458493.3118813 10.75 0.10
2458493.3120549 10.96 0.12
2458493.3122298 10.99 0.13
2458493.3124033 11.03 0.13
2458493.3125767 10.86 0.11
2458493.3127502 11.07 0.14
2458493.3129236 10.86 0.11
2458493.3130971 10.80 0.11
2458493.3132705 10.91 0.12
2458493.3134439 10.88 0.11
2458493.3136174 10.90 0.12
2458493.3139647 10.94 0.12
2458493.3141383 10.98 0.13
2458493.3143119 10.87 0.11
2458493.3144855 10.83 0.11
2458493.3146591 10.86 0.11
2458493.3148327 11.02 0.13
2458493.3150063 11.12 0.14
2458493.3151799 10.91 0.12
2458493.3153535 10.90 0.12
2458493.3155272 10.85 0.11
2458493.3157008 10.94 0.12
2458493.3158744 10.76 0.10
2458493.3160480 10.87 0.11
2458493.3162216 10.92 0.12
2458493.3163952 10.78 0.10
2458493.3165688 11.02 0.13
2458493.3167424 10.80 0.11
2458493.3169161 10.92 0.12
2458493.3170897 10.84 0.11
2458493.3172633 11.09 0.14
2458493.3174369 10.89 0.12
2458493.3176105 10.80 0.11
2458493.3177841 11.02 0.13
2458493.3179577 11.14 0.14
2458493.3181313 11.04 0.13
2458493.3183049 10.99 0.13
2458493.3184786 10.89 0.11
2458493.3186522 10.94 0.12
2458493.3188258 10.77 0.10
2458493.3191730 10.97 0.12
2458493.3193466 10.73 0.10
2458493.3195202 10.91 0.12
2458493.3196938 10.68 0.09
2458493.3198674 10.84 0.11
2458493.3200411 10.98 0.13
2458493.3202147 11.08 0.14
2458493.3203883 10.88 0.11
2458493.3205619 10.97 0.12
2458493.3207355 11.01 0.13
2458493.3209091 10.82 0.11
2458493.3210827 11.04 0.13
2458493.3212563 10.81 0.11
2458493.3214299 10.86 0.11
2458493.3217772 10.86 0.11
2458493.3219508 10.85 0.11
2458493.3221244 10.89 0.11
2458493.3222980 11.08 0.14
2458493.3224716 10.89 0.12
2458493.3226452 10.81 0.11
2458493.3228188 10.84 0.11
2458493.3229924 11.01 0.13
2458493.3231662 10.72 0.10
2458493.3233397 10.92 0.12
2458493.3235133 10.85 0.11
2458493.3236869 10.97 0.12
2458493.3238605 10.80 0.11
2458493.3242090 10.78 0.10
2458493.3243824 10.88 0.11
2458493.3245559 10.75 0.10
2458493.3247293 10.97 0.12
2458493.3249028 10.83 0.11
2458493.3250762 11.15 0.15
2458493.3252497 11.06 0.13
2458493.3254231 10.83 0.11
2458493.3255966 10.98 0.13
2458493.3257702 10.96 0.12
2458493.3259438 10.90 0.11
2458493.3261174 10.75 0.10
2458493.3262911 10.85 0.11
2458493.3264647 10.77 0.10
2458493.3266383 10.85 0.11
2458493.3268119 10.76 0.10
2458493.3269855 10.78 0.10
2458493.3271591 10.82 0.11
2458493.3273327 11.13 0.14
2458493.3275063 10.97 0.12
2458493.3276799 10.81 0.11
2458493.3278536 10.79 0.10
2458493.3280272 10.91 0.12
2458493.3282008 11.08 0.14
2458493.3283744 10.87 0.11
2458493.3285480 10.79 0.10
2458493.3287216 10.84 0.11
2458493.3288952 11.12 0.14
2458493.3290688 10.78 0.10
2458493.3292430 11.05 0.13
2458493.3294160 10.89 0.11
2458493.3295897 10.79 0.11
2458493.3297633 10.92 0.12
2458493.3299369 10.93 0.12
2458493.3301105 10.78 0.10
2458493.3302841 10.92 0.12
2458493.3304577 10.87 0.11
2458493.3306313 10.94 0.12
2458493.3308049 11.05 0.13
2458493.3309785 10.73 0.10
2458493.3311522 10.89 0.11
2458493.3313258 10.89 0.11
2458493.3314994 10.95 0.12
2458493.3316730 10.94 0.12
2458493.3318466 10.88 0.11
2458493.3320202 10.81 0.11
2458493.3321938 10.83 0.11
2458493.3323674 10.84 0.11
2458493.3325411 10.86 0.11
2458493.3327147 11.13 0.14
2458493.3328883 10.95 0.12
2458493.3330619 10.85 0.11
2458493.3332355 10.85 0.11
2458493.3334091 10.79 0.10
2458493.3335827 10.84 0.11
2458493.3337563 11.05 0.13
2458493.3339299 10.87 0.11
2458493.3341036 11.02 0.13
2458493.3342772 10.99 0.13
2458493.3344508 10.94 0.12
2458493.3346244 10.86 0.11
2458493.3347980 10.90 0.12
2458493.3349716 10.71 0.10
2458493.3351452 11.00 0.13
2458493.3353188 10.84 0.11
2458493.3354924 10.89 0.12
2458493.3356661 10.80 0.11
2458493.3358397 10.76 0.10
2458493.3360133 11.00 0.13
2458493.3361882 10.83 0.11
2458493.3363616 10.95 0.12
2458493.3365351 10.77 0.10
2458493.3367085 10.86 0.11
2458493.3368820 10.87 0.11
2458493.3370554 10.92 0.12
2458493.3372288 10.96 0.12
2458493.3374023 10.97 0.12
2458493.3375758 11.06 0.14
2458493.3377494 10.90 0.12
2458493.3379230 10.89 0.12
2458493.3380966 10.88 0.12
2458493.3382702 10.76 0.10
2458493.3384438 10.89 0.12
2458493.3386174 10.81 0.11
2458493.3387910 10.83 0.11
2458493.3389647 11.07 0.14
2458493.3391383 10.99 0.13
2458493.3393119 10.96 0.12
2458493.3394855 11.12 0.14
2458493.3396591 11.05 0.13
2458493.3398327 11.00 0.13
2458493.3400063 11.01 0.13
2458493.3401799 11.00 0.13
2458493.3403536 10.91 0.12
2458493.3405272 10.94 0.12
2458493.3407008 10.96 0.13
2458493.3408744 11.01 0.13
2458493.3410480 10.71 0.10
2458493.3412216 10.84 0.11
2458493.3413952 10.90 0.12
2458493.3415688 10.99 0.13
2458493.3417424 10.78 0.11
2458493.3419161 10.97 0.13
2458493.3420897 10.86 0.11
2458493.3422633 10.92 0.12
2458493.3424369 10.70 0.10
2458493.3426105 10.92 0.12
2458493.3427841 10.91 0.12
2458493.3429577 10.94 0.12
2458493.3431313 10.81 0.11
2458493.3433049 10.86 0.11
2458493.3434786 10.82 0.11
2458493.3436522 10.89 0.12
2458493.3438258 10.98 0.13
2458493.3439994 10.81 0.11
2458493.3441730 10.99 0.13
2458493.3443466 11.03 0.13
2458493.3445202 10.93 0.12
2458493.3446938 10.88 0.12
2458493.3448674 10.76 0.10
2458493.3450410 10.97 0.13
2458493.3452147 11.08 0.14
2458493.3453883 10.87 0.12
2458493.3455619 10.95 0.12
2458493.3457355 10.87 0.12
2458493.3459091 10.91 0.12
2458493.3460827 10.99 0.13
2458493.3462563 10.92 0.12
2458493.3464299 11.12 0.14
2458493.3467772 10.89 0.12
2458493.3469508 10.84 0.11
2458493.3471244 10.78 0.11
2458493.3472980 10.81 0.11
2458493.3474716 10.76 0.10
2458493.3476452 10.93 0.12
2458493.3478188 10.99 0.13
2458493.3479924 10.71 0.10
2458493.3481673 11.03 0.13
2458493.3483408 10.93 0.12
2458493.3485142 10.95 0.13
2458493.3486876 10.94 0.12
2458493.3488611 10.77 0.11
2458493.3490345 10.99 0.13
2458493.3492080 10.82 0.11
2458493.3493814 11.03 0.13
2458493.3495549 10.84 0.11
2458493.3497286 10.92 0.12
2458493.3499022 10.99 0.13
2458493.3500758 10.83 0.11
2458493.3502494 10.99 0.13
2458493.3504230 11.02 0.13
2458493.3505966 10.81 0.11
2458493.3507702 10.86 0.11
2458493.3509438 10.82 0.11
2458493.3511174 11.05 0.13
2458493.3512911 10.79 0.10
2458493.3516383 10.80 0.11
2458493.3518119 10.85 0.11
2458493.3519855 10.80 0.11
2458493.3521591 10.80 0.11
2458493.3523327 11.14 0.14
2458493.3525063 11.06 0.14
2458493.3526799 10.91 0.12
2458493.3528535 10.87 0.11
2458493.3530272 10.93 0.12
2458493.3533744 10.73 0.10
2458493.3535480 10.78 0.11
2458493.3537216 10.90 0.12
2458493.3540688 10.97 0.12
2458493.3542424 10.89 0.12
2458493.3544160 10.91 0.12
2458493.3545897 10.93 0.12
2458493.3549369 10.79 0.10
2458493.3552841 10.86 0.11
2458493.3554577 10.71 0.10
2458493.3556313 10.86 0.11
2458493.3558049 11.00 0.13
2458493.3559786 10.89 0.12
2458493.3561522 10.83 0.11
2458493.3563258 10.81 0.11
2458493.3564994 10.73 0.10
2458493.3566730 10.91 0.12
2458493.3568466 10.74 0.10
2458493.3571938 10.87 0.11
2458493.3573674 10.98 0.13
2458493.3575411 10.66 0.09
2458493.3577147 10.71 0.10
2458493.3578883 10.90 0.12
2458493.3580619 10.82 0.11
2458493.3582355 10.78 0.10
2458493.3584091 10.96 0.12
2458493.3585827 10.78 0.10
2458493.3587563 10.77 0.10
2458493.3589299 10.78 0.10
2458493.3592772 10.77 0.10
2458493.3594508 10.79 0.10
2458493.3596244 10.77 0.10
2458493.3597980 10.85 0.11
2458493.3599716 10.84 0.11
2458493.3601465 10.93 0.12
2458493.3603199 11.01 0.13
2458493.3604934 10.78 0.11
2458493.3606668 10.94 0.12
2458493.3608403 10.85 0.11
2458493.3610137 10.99 0.13
2458493.3611871 10.87 0.11
2458493.3615341 10.92 0.12
2458493.3617077 10.83 0.11
2458493.3618813 10.59 0.09
2458493.3620549 10.70 0.10
2458493.3625758 10.84 0.11
2458493.3627494 10.83 0.11
2458493.3629230 10.90 0.12
2458493.3630966 10.85 0.11
2458493.3632702 11.02 0.13
2458493.3634438 10.87 0.11
2458493.3636174 10.72 0.10
2458493.3637911 10.88 0.11
2458493.3639647 10.86 0.11
2458493.3641383 11.00 0.13
2458493.3643119 10.78 0.11
2458493.3644855 10.76 0.10
2458493.3646591 10.93 0.12
2458493.3648327 10.77 0.11
2458493.3650063 10.94 0.12
2458493.3651799 10.81 0.11
2458493.3653536 10.73 0.10
2458493.3655272 11.02 0.13
2458493.3657008 10.84 0.11
2458493.3658744 10.85 0.11
2458493.3660480 11.03 0.13
2458493.3662216 10.88 0.11
2458493.3663952 11.05 0.13
2458493.3665688 10.85 0.11
2458493.3667424 10.91 0.12
2458493.3669161 10.83 0.11
2458493.3670897 10.96 0.13
2458493.3672633 10.93 0.12
2458493.3674369 11.09 0.14
2458493.3676105 10.85 0.11
2458493.3677841 10.78 0.10
2458493.3679577 10.90 0.12
2458493.3681313 10.91 0.12
2458493.3683049 11.11 0.14
2458493.3684785 10.84 0.11
2458493.3686522 10.91 0.12
2458493.3688258 10.91 0.12
2458493.3689994 10.88 0.12
2458493.3691730 11.04 0.13
2458493.3693466 10.73 0.10
2458493.3695202 11.02 0.13
2458493.3696938 10.98 0.13
2458493.3698674 10.69 0.10
2458493.3700410 10.93 0.12
2458493.3702147 10.77 0.11
2458493.3705619 10.87 0.11
2458493.3707355 10.95 0.12
2458493.3710827 10.91 0.12
2458493.3712563 10.91 0.12
2458493.3714299 10.87 0.11
2458493.3716036 10.94 0.12
2458493.3717772 10.91 0.12
2458493.3719508 11.05 0.14
2458493.3724725 10.99 0.13
2458493.3728194 10.69 0.10
2458493.3729928 10.97 0.13
2458493.3731663 11.00 0.13
2458493.3733397 10.88 0.12
2458493.3735133 10.99 0.13
2458493.3736869 10.89 0.12
2458493.3742077 10.66 0.10
2458493.3743813 11.04 0.14
2458493.3745549 11.07 0.14
2458493.3747286 10.82 0.11
2458493.3749022 10.86 0.11
2458493.3750758 10.92 0.12
2458493.3752494 10.88 0.12
2458493.3755966 10.91 0.12
2458493.3757702 10.95 0.12
2458493.3759438 10.98 0.13
2458493.3761174 10.85 0.11
2458493.3762910 11.01 0.13
2458493.3764647 10.96 0.13
2458493.3766383 10.80 0.11
2458493.3768119 10.75 0.11
2458493.3769855 10.93 0.12
2458493.3771591 11.02 0.13
2458493.3773327 11.06 0.14
2458493.3775063 10.84 0.11
2458493.3776799 10.76 0.11
2458493.3778535 10.97 0.13
2458493.3780272 10.97 0.13
2458493.3782008 10.92 0.12
2458493.3783744 10.95 0.12
2458493.3785480 10.78 0.11
2458493.3787216 10.83 0.11
2458493.3790688 10.88 0.12
2458493.3792424 10.78 0.11
2458493.3794161 11.00 0.13
2458493.3795897 10.86 0.12
2458493.3797633 10.78 0.11
2458493.3799369 10.87 0.12
2458493.3801105 10.74 0.10
2458493.3804577 10.95 0.13
2458493.3806313 10.90 0.12
2458493.3808049 10.87 0.12
2458493.3809786 10.70 0.10
2458493.3811522 11.01 0.13
2458493.3813258 11.03 0.14
2458493.3814994 10.87 0.12
2458493.3816730 10.93 0.12
2458493.3818466 10.90 0.12
2458493.3820202 10.89 0.12
2458493.3821938 10.87 0.12
2458493.3823674 10.88 0.12
2458493.3825411 10.78 0.11
2458493.3827147 10.90 0.12
2458493.3828883 10.76 0.11
2458493.3830619 10.91 0.12
2458493.3832355 10.75 0.11
2458493.3834091 10.96 0.13
2458493.3835827 11.00 0.14
2458493.3837563 10.91 0.12
2458493.3839313 11.00 0.13
2458493.3841048 10.94 0.13
2458493.3842782 10.90 0.12
2458493.3844517 10.98 0.13
2458493.3846251 10.87 0.12
2458493.3849720 10.94 0.13
2458493.3851454 10.79 0.11
2458493.3853189 11.06 0.14
2458493.3854924 10.97 0.13
2458493.3856660 10.86 0.12
2458493.3860133 11.09 0.14
2458493.3861869 10.78 0.11
2458493.3863605 10.80 0.11
2458493.3865341 10.99 0.13
2458493.3867077 10.78 0.11
2458493.3868813 10.79 0.11
2458493.3870549 10.97 0.13
2458493.3872286 10.61 0.09
2458493.3874022 10.84 0.12
2458493.3875758 11.03 0.14
2458493.3877494 10.79 0.11
2458493.3880966 11.00 0.13
2458493.3882702 10.93 0.13
2458493.3884438 10.84 0.12
2458493.3887911 10.91 0.12
2458493.3889647 10.96 0.13
2458493.3891383 10.98 0.13
2458493.3893119 10.96 0.13
2458493.3894855 10.86 0.12
2458493.3896591 11.02 0.14
2458493.3898327 10.96 0.13
2458493.3900063 10.81 0.11
2458493.3901799 10.88 0.12
2458493.3903536 10.92 0.13
2458493.3905272 10.92 0.12
2458493.3907008 10.85 0.12
2458493.3908744 10.94 0.13
2458493.3910480 10.96 0.13
2458493.3913952 10.80 0.11
2458493.3915688 10.73 0.11
2458493.3917424 11.01 0.14
2458493.3919160 10.88 0.12
2458493.3920897 11.02 0.14
2458493.3926105 10.79 0.11
2458493.3929577 11.02 0.14
2458493.3931313 10.82 0.12
2458493.3933049 10.91 0.12
2458493.3934785 10.63 0.10
2458493.3938258 10.79 0.11
2458493.3939994 10.95 0.13
2458493.3941730 10.72 0.11
2458493.3943466 10.79 0.11
2458493.3945202 10.87 0.12
2458493.3946938 10.78 0.11
2458493.3948674 10.95 0.13
2458493.3950411 10.82 0.11
2458493.3952147 10.92 0.13
2458493.3953883 10.73 0.11
2458493.3955619 11.02 0.14
2458493.3957355 10.71 0.10
2458493.3959105 10.89 0.12
2458493.3962574 10.78 0.11
2458493.3964308 10.92 0.13
2458493.3967777 10.91 0.13
2458493.3972980 10.88 0.12
2458493.3974716 10.92 0.13
2458493.3976452 10.85 0.12
2458493.3978188 10.87 0.12
2458493.3979924 11.06 0.14
2458493.3981661 11.01 0.14
2458493.3983397 10.84 0.12
2458493.3985133 10.99 0.14
2458493.3986869 10.87 0.12
2458493.3988605 10.74 0.11
2458493.3990341 10.90 0.13
2458493.3992077 11.10 0.15
2458493.3993813 10.89 0.13
2458493.3995549 11.03 0.14
2458493.3997285 10.87 0.12
2458493.3999022 10.91 0.13
2458493.4000758 10.80 0.11
2458493.4004230 10.95 0.13
2458493.4005966 10.88 0.12
2458493.4009438 10.79 0.11
2458493.4012910 10.75 0.11
2458493.4014647 10.96 0.13
2458493.4016383 10.91 0.13
2458493.4018119 10.83 0.12
2458493.4021591 10.83 0.12
2458493.4023327 10.88 0.12
2458493.4025063 10.83 0.12
2458493.4026799 10.90 0.13
2458493.4028536 10.89 0.12
2458493.4030272 10.96 0.13
2458493.4032008 10.78 0.11
2458493.4033744 10.90 0.12
2458493.4035480 10.89 0.12
2458493.4037216 11.10 0.15
2458493.4038952 10.79 0.11
2458493.4040688 10.96 0.13
2458493.4042424 10.77 0.11
2458493.4047633 10.69 0.10
2458493.4049369 10.75 0.11
2458493.4051105 10.80 0.12
2458493.4052841 10.93 0.13
2458493.4054577 10.97 0.14
2458493.4056313 10.84 0.12
2458493.4059786 10.69 0.11
2458493.4061522 10.77 0.11
2458493.4063258 10.65 0.10
2458493.4064994 10.86 0.12
2458493.4066730 10.92 0.13
2458493.4068466 10.74 0.11
2458493.4070202 10.87 0.12
2458493.4073674 10.94 0.13
2458493.4075410 10.90 0.13
2458493.4080630 10.78 0.12
2458493.4084099 10.95 0.14
2458493.4087568 10.98 0.14
2458493.4094508 10.93 0.13
2458493.4096244 11.04 0.15
2458493.4097980 10.88 0.13
2458493.4101452 11.01 0.14
2458493.4103188 10.92 0.13
2458493.4104924 10.88 0.13
2458493.4106661 10.78 0.12
2458493.4108397 10.85 0.12
2458493.4111869 10.89 0.13
2458493.4113605 10.90 0.13
2458493.4115341 10.75 0.11
2458493.4117077 11.01 0.14
2458493.4118813 10.82 0.12
2458493.4120549 10.96 0.14
2458493.4122286 10.86 0.13
2458493.4125758 10.94 0.14
2458493.4127494 11.06 0.15
2458493.4129230 10.99 0.14
2458493.4130966 10.94 0.14
2458493.4132702 11.11 0.16
2458493.4136174 10.92 0.13
2458493.4137911 10.97 0.14
2458493.4141383 10.96 0.14
2458493.4143119 10.77 0.12
2458493.4144855 10.81 0.12
2458493.4146591 11.05 0.15
2458493.4148327 10.80 0.12
2458493.4150063 10.78 0.12
2458493.4153535 10.82 0.12
2458493.4155272 10.89 0.13
2458493.4157008 10.80 0.12
2458493.4158744 10.86 0.13
2458494.3462100 10.63 0.13
2458494.3474253 10.67 0.14
2458494.3498559 10.90 0.17
2458494.3502031 10.90 0.17
2458494.3529809 10.76 0.15
2458494.3536765 10.87 0.17
2458494.3538500 10.73 0.15
2458494.3540234 10.73 0.16
2458494.3568003 10.52 0.15
2458494.3585364 10.43 0.15
2458495.1906661 10.69 0.14
2458495.1941383 10.86 0.16
2458495.2120202 10.90 0.17
2458495.2259091 10.81 0.15
2458495.2391035 10.94 0.17
2458495.2425758 10.85 0.15
2458495.2430977 10.69 0.13
2458495.2557706 11.00 0.17
2458495.2573327 11.10 0.19
2458495.2585480 10.96 0.16
2458495.2608049 10.88 0.15
2458495.2634091 10.87 0.15
2458495.2639299 10.90 0.15
2458495.2667077 10.93 0.16
2458495.2849369 10.80 0.14
2458495.2859785 10.79 0.14
2458495.2868466 11.08 0.18
2458495.2892772 11.10 0.19
2458495.2920551 10.99 0.17
2458495.2925758 10.92 0.15
2458495.2929230 10.97 0.16
2458495.2934438 10.87 0.15
2458495.2955272 10.84 0.14
2458495.2957008 10.86 0.14
2458495.2958744 11.04 0.17
2458495.2962216 10.95 0.16
2458495.2981313 10.90 0.15
2458495.2988258 10.85 0.14
2458495.2989994 10.84 0.14
2458495.2993466 10.90 0.15
2458495.3005619 10.90 0.15
2458495.3012563 10.89 0.15
2458495.3021244 10.94 0.16
2458495.3022980 10.92 0.15
2458495.3024716 10.97 0.16
2458498.1661753 10.92 0.15
2458498.1725989 11.01 0.16
2458498.1753767 11.02 0.16
2458498.1783295 10.86 0.13
2458498.1790232 10.93 0.15
2458498.1800642 11.04 0.16
2458498.1805850 10.99 0.15
2458498.1818003 10.93 0.14
2458498.1824948 11.13 0.17
2458498.1852725 11.08 0.16
2458498.1854461 10.98 0.15
2458498.1889184 11.00 0.15
2458498.1906545 10.91 0.14
2458498.1913489 10.96 0.14
2458498.1920434 10.96 0.14
2458498.1923906 10.98 0.14
2458498.1927378 11.03 0.15
2458498.1943003 11.09 0.15
2458498.1948211 11.04 0.15
2458498.1951684 11.10 0.16
2458498.1953420 11.01 0.15
2458498.1955156 11.06 0.15
2458498.1958628 11.06 0.15
2458498.1965581 11.01 0.14
2458498.1967315 11.10 0.16
2458498.1977725 11.11 0.16
2458498.1979461 11.23 0.18
2458498.1984670 11.13 0.16
2458498.1996822 11.08 0.15
2458498.2000295 11.19 0.17
2458498.2002031 11.15 0.16
2458498.2007239 11.03 0.14
2458498.2008975 11.15 0.16
2458498.2010711 11.14 0.16
2458498.2012447 11.09 0.15
2458498.2015920 11.05 0.15
2458498.2019392 11.09 0.15
2458498.2021128 11.31 0.19
2458498.2022864 10.91 0.13
2458498.2029809 11.02 0.14
2458498.2033281 11.17 0.16
2458498.2035017 11.13 0.16
2458498.2036753 11.05 0.15
2458498.2038489 11.04 0.14
2458498.2041961 11.12 0.16
2458498.2043698 11.08 0.15
2458498.2045434 11.01 0.14
2458498.2047170 11.27 0.18
2458498.2048906 11.11 0.15
2458498.2050642 11.15 0.16
2458498.2052378 11.09 0.15
2458498.2055850 10.95 0.13
2458498.2057586 11.14 0.15
2458498.2062795 11.16 0.16
2458498.2064531 11.11 0.15
2458498.2068003 11.02 0.14
2458498.2071475 11.15 0.16
2458498.2073211 11.02 0.14
2458498.2074947 11.06 0.14
2458498.2078420 11.09 0.15
2458498.2085373 10.92 0.13
2458498.2087107 11.03 0.14
2458498.2088841 11.13 0.15
2458498.2090576 10.96 0.13
2458498.2094045 11.16 0.16
2458498.2106197 11.08 0.15
2458498.2107934 11.08 0.15
2458498.2109670 11.26 0.17
2458498.2113142 11.18 0.16
2458498.2116614 11.06 0.15
2458498.2125295 11.09 0.15
2458498.2127031 11.17 0.16
2458498.2128767 11.16 0.16
2458498.2130503 11.24 0.17
2458498.2133975 11.04 0.14
2458498.2137448 10.98 0.13
2458498.2140920 11.01 0.14
2458498.2142656 11.09 0.15
2458498.2146128 11.05 0.14
2458498.2149600 11.07 0.14
2458498.2151336 11.09 0.15
2458498.2153072 11.17 0.16
2458498.2154809 11.04 0.14
2458498.2160017 10.95 0.13
2458498.2163489 11.11 0.15
2458498.2168697 11.01 0.14
2458498.2173906 11.00 0.14
2458498.2194739 11.16 0.16
2458498.2196475 11.19 0.16
2458498.2199960 11.10 0.15
2458498.2201694 11.10 0.15
2458498.2203429 11.30 0.18
2458498.2210366 11.06 0.14
2458498.2213836 11.00 0.14
2458498.2222517 11.11 0.15
2458498.2224253 11.03 0.14
2458498.2225989 11.13 0.15
2458498.2232934 11.06 0.14
2458498.2239878 10.97 0.13
2458498.2245086 11.17 0.15
2458498.2250295 10.99 0.13
2458498.2253767 10.96 0.13
2458498.2267656 11.23 0.16
2458498.2271128 11.08 0.14
2458498.2272864 11.22 0.17
2458498.2281545 11.19 0.16
2458498.2283281 10.99 0.13
2458498.2302378 11.17 0.16
2458498.2304114 11.28 0.17
2458498.2305850 10.91 0.12
2458498.2309322 11.09 0.15
2458498.2314531 11.03 0.14
2458498.2318016 11.02 0.14
2458498.2319750 11.19 0.16
2458498.2321485 11.14 0.16
2458498.2323219 11.09 0.15
2458498.2324954 11.09 0.15
2458498.2326688 11.05 0.14
2458498.2328422 11.14 0.16
2458498.2330157 11.11 0.15
2458498.2335364 11.27 0.18
2458498.2342309 11.01 0.14
2458498.2345781 11.05 0.14
2458498.2349253 11.24 0.17
2458498.2350989 11.08 0.15
2458498.2354461 10.93 0.13
2458498.2361406 11.00 0.14
2458498.2363142 11.06 0.14
2458498.2366614 10.94 0.13
2458498.2370086 11.03 0.14
2458498.2378767 11.04 0.15
2458498.2387447 11.20 0.17
2458498.2389184 10.96 0.14
2458498.2392656 10.99 0.14
2458498.2396128 11.17 0.16
2458498.2397864 11.13 0.16
2458498.2399600 11.07 0.15
2458498.2408281 11.10 0.15
2458498.2410017 10.90 0.13
2458498.2413489 11.09 0.15
2458498.2416961 11.08 0.15
2458498.2418697 11.00 0.14
2458498.2425642 11.21 0.17
2458498.2429114 11.26 0.18
2458498.2439541 10.95 0.13
2458498.2441276 11.05 0.14
2458498.2443010 10.99 0.14
2458498.2446479 11.07 0.15
2458498.2449948 11.22 0.17
2458498.2455156 11.11 0.15
2458498.2456892 11.03 0.15
2458498.2462100 10.81 0.12
2458498.2465572 11.24 0.18
2458498.2469045 11.05 0.15
2458498.2472517 11.00 0.14
2458498.2481197 10.98 0.14
2458498.2484670 11.12 0.16
2458498.2493350 11.01 0.14
2458498.2507239 11.05 0.15
2458498.2508975 11.11 0.16
2458498.2514184 10.90 0.13
2458498.2515920 11.08 0.16
2458498.2521128 10.98 0.14
2458498.2522864 10.92 0.13
2458498.2524600 11.03 0.15
2458498.2528073 10.92 0.13
2458498.2529809 10.95 0.14
2458498.2536753 11.03 0.15
2458498.2561066 11.01 0.14
2458498.2564535 11.07 0.16
2458498.2566270 11.13 0.16
2458498.2568004 11.08 0.15
2458498.2574947 11.16 0.17
2458498.2590573 11.12 0.16
2458498.2595781 11.12 0.16
2458498.2613142 11.11 0.16
2458498.2623559 11.06 0.15
2458498.2627031 11.28 0.15
2458498.2628767 11.11 0.13
2458498.2630503 11.16 0.14
2458498.2632239 11.30 0.16
2458498.2633975 11.22 0.15
2458498.2635711 11.31 0.16
2458498.2637447 11.01 0.12
2458498.2639184 11.07 0.13
2458498.2642656 11.33 0.16
2458498.2644392 11.45 0.18
2458498.2646128 11.35 0.17
2458498.2647864 11.21 0.15
2458498.2649600 11.13 0.14
2458498.2651336 11.09 0.14
2458498.2654809 11.02 0.12
2458498.2656545 11.14 0.14
2458498.2658281 11.24 0.15
2458498.2660017 11.22 0.15
2458498.2661753 11.21 0.15
2458498.2663489 11.20 0.15
2458498.2668698 11.12 0.14
2458498.2670434 11.12 0.14
2458498.2673906 11.23 0.15
2458498.2675655 11.15 0.14
2458498.2679124 11.34 0.17
2458498.2680858 11.11 0.13
2458498.2684327 10.92 0.11
2458498.2687796 10.97 0.12
2458498.2689531 11.08 0.13
2458498.2693003 11.27 0.15
2458498.2694739 11.37 0.17
2458498.2696475 11.10 0.13
2458498.2698211 11.19 0.14
2458498.2699947 11.28 0.16
2458498.2701684 11.10 0.13
2458498.2703420 11.16 0.14
2458498.2705156 10.96 0.11
2458498.2706892 11.36 0.17
2458498.2710364 11.05 0.12
2458498.2712100 11.15 0.14
2458498.2713836 11.12 0.13
2458498.2715572 11.03 0.12
2458498.2717309 11.25 0.15
2458498.2719045 11.03 0.12
2458498.2720781 11.16 0.14
2458498.2725989 11.28 0.15
2458498.2727725 11.21 0.14
2458498.2729461 11.09 0.13
2458498.2732934 11.12 0.13
2458498.2734670 11.23 0.15
2458498.2738142 11.11 0.13
2458498.2739878 11.26 0.15
2458498.2741614 11.10 0.13
2458498.2743350 11.11 0.13
2458498.2745086 11.19 0.14
2458498.2750295 11.10 0.13
2458498.2752031 11.33 0.16
2458498.2753767 11.25 0.15
2458498.2755503 11.22 0.14
2458498.2757239 11.19 0.14
2458498.2758975 11.21 0.14
2458498.2760711 11.15 0.14
2458498.2762448 11.17 0.14
2458498.2764184 11.23 0.15
2458498.2765920 11.21 0.15
2458498.2769392 11.10 0.13
2458498.2771128 11.27 0.15
2458498.2772864 11.23 0.15
2458498.2774600 10.99 0.12
2458498.2778072 11.18 0.14
2458498.2779809 11.25 0.15
2458498.2781545 11.23 0.15
2458498.2783281 11.24 0.15
2458498.2786753 11.25 0.15
2458498.2790225 11.35 0.16
2458498.2793697 11.24 0.15
2458498.2797182 11.23 0.15
2458498.2798916 11.30 0.16
2458498.2800651 10.97 0.12
2458498.2802385 11.29 0.16
2458498.2804120 11.39 0.17
2458498.2805854 11.13 0.14
2458498.2807589 11.17 0.14
2458498.2809323 11.05 0.13
2458498.2812795 11.26 0.15
2458498.2816267 11.19 0.14
2458498.2818003 11.13 0.14
2458498.2819739 11.09 0.13
2458498.2823211 11.28 0.16
2458498.2824948 11.29 0.16
2458498.2826684 11.14 0.14
2458498.2830156 11.35 0.17
2458498.2831892 11.21 0.15
2458498.2833628 11.28 0.15
2458498.2838836 11.15 0.14
2458498.2840573 11.20 0.14
2458498.2842309 11.09 0.13
2458498.2844045 11.06 0.13
2458498.2845781 11.15 0.14
2458498.2847517 11.10 0.13
2458498.2849253 11.13 0.14
2458498.2850989 11.07 0.13
2458498.2852725 11.28 0.16
2458498.2856197 11.32 0.16
2458498.2861406 11.23 0.15
2458498.2863142 11.19 0.15
2458498.2864878 11.11 0.13
2458498.2868350 11.25 0.15
2458498.2870086 11.00 0.12
2458498.2871822 11.13 0.14
2458498.2875295 11.17 0.14
2458498.2887447 11.32 0.16
2458498.2889184 11.31 0.16
2458498.2896128 11.08 0.13
2458498.2897864 11.07 0.13
2458498.2899600 11.13 0.14
2458498.2901336 11.29 0.16
2458498.2904809 11.13 0.14
2458498.2906545 11.16 0.14
2458498.2908281 11.24 0.15
2458498.2910017 11.16 0.14
2458498.2911753 11.23 0.15
2458498.2913489 11.16 0.14
2458498.2915239 11.34 0.17
2458498.2916974 11.10 0.14
2458498.2920443 11.27 0.16
2458498.2922177 11.19 0.15
2458498.2927381 11.18 0.15
2458498.2929115 10.97 0.12
2458498.2930850 11.22 0.15
2458498.2932586 11.09 0.13
2458498.2934322 11.28 0.16
2458498.2936059 11.24 0.16
2458498.2939531 11.22 0.15
2458498.2946475 11.19 0.17
2458498.2958628 11.15 0.14
2458498.2960364 11.19 0.15
2458498.2963836 11.23 0.15
2458498.2965572 11.22 0.15
2458498.2969045 11.24 0.15
2458498.2972517 10.97 0.12
2458498.2974253 11.25 0.15
2458498.2975989 11.12 0.14
2458498.2977725 11.31 0.16
2458498.2979461 11.20 0.15
2458498.2984670 11.12 0.14
2458498.2986406 11.11 0.14
2458498.2989878 10.88 0.11
2458498.2991614 11.14 0.14
2458498.2995086 11.29 0.16
2458498.2998559 11.11 0.14
2458498.3000295 11.18 0.15
2458498.3002031 10.99 0.12
2458498.3003767 11.12 0.14
2458498.3005503 11.15 0.14
2458498.3007239 11.18 0.15
2458498.3008975 11.21 0.15
2458498.3010711 11.12 0.14
2458498.3015920 11.11 0.14
2458498.3017656 11.08 0.13
2458498.3019392 11.12 0.14
2458498.3021128 11.14 0.14
2458498.3022864 11.27 0.16
2458498.3024600 11.19 0.15
2458498.3026336 11.23 0.15
2458498.3029809 11.21 0.15
2458498.3031545 11.07 0.13
2458498.3035017 11.04 0.13
2458498.3036766 11.26 0.15
2458498.3040235 11.10 0.13
2458498.3041969 11.11 0.14
2458498.3043703 11.31 0.16
2458498.3045438 11.11 0.14
2458498.3047172 11.15 0.14
2458498.3050642 11.18 0.15
2458498.3052378 11.16 0.14
2458498.3054114 11.47 0.19
2458498.3057586 11.09 0.13
2458498.3059323 11.22 0.15
2458498.3062795 11.19 0.15
2458498.3064531 11.22 0.15
2458498.3066267 11.29 0.16
2458498.3071475 11.28 0.16
2458498.3073211 11.36 0.17
2458498.3074948 11.23 0.15
2458498.3076684 11.26 0.16
2458498.3080156 11.37 0.17
2458498.3083628 11.33 0.17
2458498.3087100 11.21 0.15
2458498.3088836 11.19 0.15
2458498.3090572 11.32 0.17
2458498.3092309 11.07 0.13
2458498.3095781 11.11 0.14
2458498.3097517 11.14 0.14
2458498.3099253 11.19 0.15
2458498.3100989 11.21 0.15
2458498.3102725 11.26 0.16
2458498.3104461 11.26 0.16
2458498.3106197 11.21 0.15
2458498.3109670 11.06 0.13
2458498.3114878 11.20 0.15
2458498.3116614 11.23 0.16
2458498.3121822 11.14 0.14
2458498.3123559 11.16 0.14
2458498.3125295 11.20 0.15
2458498.3127031 11.15 0.14
2458498.3130503 11.17 0.15
2458498.3132239 11.09 0.14
2458498.3133975 11.12 0.14
2458498.3135711 11.26 0.16
2458498.3137448 11.12 0.14
2458498.3139184 11.18 0.15
2458498.3140920 11.16 0.15
2458498.3146128 11.23 0.16
2458498.3147864 11.19 0.15
2458498.3153073 11.05 0.13
2458498.3160027 11.26 0.16
2458498.3166965 11.20 0.15
2458498.3168699 11.21 0.16
2458498.3170434 11.23 0.16
2458498.3175642 11.19 0.15
2458498.3177378 11.18 0.15
2458498.3179114 11.23 0.15
2458498.3180850 11.20 0.15
2458500.2343813 10.78 0.14
2458500.2345549 10.86 0.15
2458500.2347285 10.84 0.15
2458500.2352494 10.79 0.14
2458500.2357702 10.96 0.16
2458500.2364647 10.86 0.15
2458500.2390688 10.95 0.16
2458500.2392424 10.91 0.15
2458500.2401105 10.80 0.14
2458500.2413258 10.92 0.15
2458500.2416730 10.94 0.16
2458500.2420202 11.00 0.16
2458500.2423674 10.93 0.15
2458500.2432355 10.92 0.15
2458500.2435827 10.87 0.14
2458500.2437563 11.03 0.16
2458500.2442772 10.81 0.13
2458500.2444520 10.95 0.15
2458500.2447989 10.98 0.16
2458500.2449724 10.96 0.15
2458500.2453193 10.82 0.13
2458500.2454927 10.99 0.16
2458500.2456661 10.87 0.14
2458500.2458397 10.93 0.15
2458500.2460133 11.00 0.16
2458500.2461869 10.94 0.15
2458500.2467077 11.02 0.16
2458500.2468813 11.19 0.19
2458500.2470549 10.91 0.14
2458500.2474022 10.93 0.15
2458500.2477494 11.02 0.16
2458500.2479230 10.97 0.15
2458500.2480966 10.93 0.15
2458500.2484438 10.99 0.15
2458500.2486174 10.96 0.15
2458500.2487910 10.85 0.13
2458500.2494855 10.81 0.13
2458500.2496591 11.01 0.16
2458500.2498327 10.88 0.14
2458500.2500063 11.02 0.16
2458500.2505272 10.94 0.15
2458500.2510480 11.05 0.16
2458500.2512216 10.89 0.14
2458500.2515688 11.14 0.18
2458500.2517424 10.93 0.15
2458500.2519160 11.12 0.17
2458500.2520897 10.93 0.14
2458500.2526105 10.81 0.13
2458500.2527841 10.99 0.15
2458500.2529577 10.77 0.13
2458500.2533049 10.96 0.15
2458500.2534786 10.99 0.15
2458500.2536522 10.86 0.14
2458500.2539994 10.80 0.13
2458500.2541730 10.86 0.14
2458500.2543466 10.83 0.13
2458500.2545202 10.78 0.13
2458500.2548674 10.71 0.12
2458500.2550411 10.85 0.14
2458500.2553883 10.97 0.15
2458500.2555619 10.70 0.12
2458500.2559091 10.87 0.14
2458500.2566046 10.89 0.14
2458500.2567781 10.91 0.14
2458500.2571250 11.08 0.17
2458500.2572984 10.91 0.14
2458500.2574719 10.93 0.15
2458500.2576453 11.03 0.16
2458500.2579924 10.76 0.12
2458500.2581660 10.95 0.15
2458500.2583397 10.89 0.14
2458500.2585133 10.83 0.13
2458500.2586869 10.88 0.14
2458500.2592077 11.01 0.15
2458500.2595549 10.92 0.14
2458500.2597285 10.82 0.13
2458500.2599022 10.93 0.14
2458500.2602494 10.82 0.13
2458500.2605966 10.95 0.15
2458500.2607702 10.81 0.13
2458500.2611174 10.69 0.11
2458500.2614647 10.81 0.13
2458500.2619855 10.77 0.12
2458500.2625063 10.83 0.13
2458500.2638952 11.08 0.16
2458500.2644160 11.08 0.16
2458500.2659785 10.84 0.13
2458500.2661522 11.03 0.15
2458500.2666730 11.03 0.15
2458500.2673674 10.93 0.14
2458500.2675410 10.85 0.13
2458500.2677147 11.10 0.16
2458500.2678883 10.86 0.13
2458500.2684104 10.82 0.12
2458500.2685839 10.90 0.13
2458500.2687573 10.84 0.13
2458500.2694511 10.99 0.15
2458500.2697980 11.01 0.15
2458500.2701452 11.00 0.15
2458500.2703188 10.79 0.12
2458500.2706661 10.94 0.14
2458500.2710133 10.82 0.12
2458500.2711869 11.02 0.15
2458500.2715341 10.88 0.13
2458500.2722285 10.97 0.14
2458500.2724022 10.96 0.14
2458500.2725758 10.96 0.14
2458500.2727494 10.88 0.13
2458500.2729230 10.87 0.13
2458500.2734438 10.63 0.11
2458500.2736174 10.83 0.13
2458500.2737910 10.90 0.13
2458500.2739647 11.24 0.18
2458500.2741383 10.96 0.14
2458500.2743119 11.00 0.15
2458500.2744855 10.73 0.12
2458500.2746591 10.85 0.13
2458500.2748327 11.01 0.15
2458500.2750063 10.89 0.13
2458500.2751799 10.98 0.15
2458500.2753535 11.10 0.16
2458500.2755272 10.94 0.14
2458500.2757008 10.90 0.13
2458500.2758744 10.85 0.13
2458500.2760480 11.00 0.15
2458500.2762216 10.91 0.13
2458500.2763952 11.02 0.15
2458500.2765688 10.92 0.14
2458500.2770897 10.85 0.13
2458500.2777841 10.87 0.13
2458500.2779577 11.06 0.16
2458500.2781313 10.89 0.14
2458500.2788258 10.91 0.14
2458500.2789994 10.94 0.14
2458500.2791730 10.74 0.12
2458500.2795202 10.86 0.13
2458500.2798674 10.84 0.12
2458500.2802147 11.04 0.15
2458500.2803896 10.95 0.14
2458500.2805631 10.70 0.11
2458500.2807365 10.86 0.13
2458500.2809100 10.97 0.14
2458500.2810834 10.95 0.14
2458500.2812568 10.71 0.11
2458500.2814303 10.92 0.14
2458500.2816037 10.99 0.15
2458500.2821244 10.92 0.13
2458500.2822980 11.23 0.18
2458500.2824716 10.85 0.13
2458500.2826452 10.87 0.13
2458500.2828188 11.06 0.15
2458500.2829924 11.10 0.16
2458500.2831660 11.02 0.15
2458500.2833397 10.83 0.12
2458500.2836869 10.90 0.13
2458500.2838605 10.81 0.12
2458500.2840341 10.97 0.14
2458500.2843813 11.00 0.14
2458500.2845549 10.78 0.12
2458500.2847286 10.97 0.14
2458500.2849022 10.80 0.12
2458500.2850758 10.79 0.12
2458500.2852494 10.80 0.12
2458500.2854230 10.92 0.13
2458500.2855966 10.90 0.13
2458500.2857702 10.77 0.12
2458500.2859438 11.14 0.16
2458500.2861174 10.90 0.13
2458500.2862911 11.00 0.14
2458500.2864647 10.98 0.14
2458500.2866383 11.01 0.15
2458500.2868119 11.10 0.16
2458500.2869855 10.87 0.13
2458500.2871591 10.84 0.13
2458500.2873327 11.02 0.15
2458500.2875063 10.87 0.13
2458500.2876799 10.67 0.11
2458500.2878535 11.02 0.15
2458500.2880272 10.86 0.13
2458500.2883744 10.77 0.12
2458500.2885480 10.75 0.11
2458500.2887216 10.83 0.12
2458500.2888952 11.09 0.16
2458500.2890688 10.95 0.14
2458500.2892424 10.96 0.14
2458500.2894160 10.69 0.11
2458500.2895897 10.97 0.14
2458500.2897633 10.85 0.12
2458500.2899369 10.90 0.13
2458500.2902841 10.76 0.11
2458500.2904577 10.70 0.11
2458500.2906313 11.06 0.15
2458500.2908049 10.93 0.13
2458500.2909785 10.90 0.13
2458500.2911522 10.89 0.13
2458500.2913258 10.89 0.13
2458500.2914994 10.85 0.12
2458500.2916730 10.80 0.11
2458500.2918466 10.79 0.12
2458500.2920202 10.89 0.13
2458500.2921938 10.81 0.12
2458500.2923688 10.91 0.13
2458500.2925423 10.85 0.12
2458500.2927157 11.09 0.15
2458500.2928892 10.99 0.14
2458500.2930626 10.93 0.13
2458500.2932360 10.94 0.13
2458500.2934095 11.07 0.14