2458467.3668514 9.90 0.05
2458467.3670250 9.95 0.06
2458467.3673723 10.01 0.06
2458467.3675459 9.95 0.06
2458467.3677195 10.05 0.06
2458467.3678931 9.88 0.05
2458467.3680667 9.95 0.06
2458467.3684139 9.97 0.06
2458467.3685875 9.99 0.06
2458467.3687611 9.95 0.06
2458467.3689347 10.03 0.06
2458467.3691084 9.85 0.05
2458467.3692820 9.93 0.05
2458467.3701500 9.93 0.05
2458467.3703236 9.92 0.05
2458467.3704972 9.87 0.05
2458467.3706709 9.96 0.06
2458467.3708445 9.92 0.05
2458467.3710181 9.90 0.05
2458467.3711917 9.87 0.05
2458467.3717125 9.89 0.05
2458467.3718861 9.93 0.06
2458467.3720598 9.89 0.05
2458467.3724070 9.92 0.05
2458467.3727542 9.91 0.05
2458467.3729278 9.97 0.06
2458467.3732750 9.97 0.06
2458467.3734486 9.96 0.06
2458467.3736223 9.93 0.06
2458467.3743167 9.88 0.05
2458467.3744903 10.01 0.06
2458467.3746639 9.93 0.05
2458467.3748375 9.86 0.05
2458467.3750111 9.97 0.06
2458467.3751848 9.89 0.05
2458467.3753584 10.00 0.06
2458467.3755332 9.91 0.05
2458467.3757067 9.93 0.06
2458467.3758801 10.01 0.06
2458467.3760536 9.95 0.06
2458467.3762270 9.95 0.06
2458467.3764005 9.91 0.05
2458467.3765739 10.00 0.06
2458467.3767473 9.82 0.05
2458467.3769209 9.97 0.06
2458467.3772681 9.96 0.06
2458467.3774417 9.97 0.06
2458467.3779625 9.83 0.05
2458467.3784834 9.94 0.06
2458467.3788306 9.99 0.06
2458467.3791778 9.93 0.06
2458467.3793514 9.92 0.06
2458467.3795250 10.00 0.06
2458467.3796986 9.89 0.05
2458467.3800459 9.85 0.05
2458467.3803931 9.91 0.05
2458467.3805667 9.90 0.05
2458467.3809139 9.98 0.06
2458467.3810875 9.96 0.06
2458467.3812611 9.96 0.06
2458467.3814348 9.95 0.06
2458467.3816084 9.95 0.06
2458467.3817820 9.93 0.06
2458467.3819556 10.02 0.06
2458467.3821292 9.88 0.05
2458467.3823028 9.89 0.05
2458467.3824764 10.01 0.06
2458467.3829973 9.88 0.05
2458467.3831709 9.80 0.05
2458467.3833445 9.99 0.06
2458467.3835181 9.93 0.06
2458467.3838653 9.95 0.06
2458467.3842125 9.89 0.05
2458467.3843861 9.96 0.06
2458467.3845597 9.92 0.06
2458467.3847334 9.81 0.05
2458467.3854278 9.90 0.05
2458467.3856014 9.93 0.06
2458467.3859486 9.91 0.05
2458467.3861222 9.95 0.06
2458467.3864695 9.86 0.05
2458467.3866431 9.89 0.05
2458467.3868167 9.96 0.06
2458467.3869903 10.02 0.06
2458467.3873389 9.90 0.05
2458467.3875123 9.85 0.05
2458467.3880327 9.90 0.05
2458467.3883795 9.93 0.06
2458467.3885530 10.03 0.06
2458467.3889000 9.97 0.06
2458467.3890736 9.92 0.06
2458467.3892473 10.03 0.06
2458467.3894209 10.02 0.06
2458467.3895945 9.91 0.06
2458467.3901153 10.00 0.06
2458467.3902889 9.93 0.06
2458467.3906361 9.84 0.05
2458467.3908098 10.04 0.06
2458467.3909834 9.91 0.05
2458467.3911570 9.95 0.06
2458467.3915042 9.94 0.06
2458467.3916778 9.99 0.06
2458467.3920250 9.90 0.05
2458467.3921986 9.92 0.06
2458467.3923722 9.86 0.05
2458467.3925459 9.98 0.06
2458467.3927195 9.90 0.05
2458467.3930667 9.93 0.06
2458467.3932403 9.98 0.06
2458467.3934139 9.94 0.06
2458467.3935875 9.94 0.06
2458467.3937611 9.97 0.06
2458467.3939347 10.00 0.06
2458467.3941084 10.01 0.06
2458467.3942820 9.96 0.06
2458467.3944556 9.96 0.06
2458467.3946292 9.98 0.06
2458467.3949764 9.88 0.05
2458467.3951500 9.95 0.06
2458467.3953236 9.98 0.06
2458467.3954973 9.98 0.06
2458467.3956709 9.95 0.06
2458467.3958445 9.95 0.06
2458467.3960181 9.97 0.06
2458467.3961917 10.00 0.06
2458467.3963653 9.98 0.06
2458467.3965389 9.94 0.06
2458467.3968861 9.98 0.06
2458467.3970598 9.90 0.05
2458467.3972334 9.98 0.06
2458467.3974070 10.01 0.06
2458467.3975806 9.84 0.05
2458467.3977542 9.94 0.06
2458467.3979278 9.97 0.06
2458467.3981014 9.95 0.06
2458467.3982750 9.99 0.06
2458467.3984486 9.98 0.06
2458467.3987959 9.92 0.06
2458467.3991431 10.03 0.06
2458467.3993180 9.98 0.06
2458467.3994914 9.95 0.06
2458467.3996649 9.91 0.06
2458467.4000118 9.90 0.05
2458467.4001852 9.96 0.06
2458467.4005321 9.92 0.06
2458467.4007056 9.91 0.06
2458467.4008792 10.03 0.06
2458467.4010528 9.98 0.06
2458467.4012264 9.99 0.06
2458467.4014000 9.97 0.06
2458467.4017472 9.87 0.05
2458467.4022681 9.92 0.06
2458467.4026153 9.84 0.05
2458467.4027889 9.94 0.06
2458467.4029625 9.95 0.06
2458467.4031361 10.03 0.06
2458467.4034834 10.00 0.06
2458467.4036570 9.96 0.06
2458467.4038306 9.91 0.06
2458467.4040042 9.92 0.06
2458467.4041778 10.03 0.06
2458467.4043514 9.98 0.06
2458467.4045250 9.90 0.06
2458467.4046986 10.00 0.06
2458467.4048723 9.91 0.06
2458467.4050459 9.96 0.06
2458467.4052195 9.96 0.06
2458467.4055667 9.92 0.06
2458467.4057403 9.95 0.06
2458467.4060875 10.02 0.06
2458467.4062611 9.97 0.06
2458467.4067820 10.03 0.06
2458467.4069556 10.02 0.06
2458467.4071292 9.88 0.05
2458467.4073028 9.91 0.06
2458467.4076500 9.92 0.06
2458467.4079972 9.94 0.06
2458467.4081709 9.89 0.05
2458467.4083445 9.95 0.06
2458467.4088653 9.88 0.05
2458467.4090389 9.97 0.06
2458467.4092125 9.85 0.05
2458467.4093861 9.95 0.06
2458467.4095597 10.02 0.06
2458467.4097334 9.97 0.06
2458467.4099070 10.00 0.06
2458467.4100806 9.95 0.06
2458467.4102542 10.03 0.06
2458467.4106014 9.91 0.06
2458467.4107750 9.95 0.06
2458467.4111236 9.95 0.06
2458467.4112971 10.05 0.06
2458467.4114705 10.04 0.06
2458467.4116440 9.88 0.06
2458467.4118174 9.85 0.05
2458467.4119908 10.00 0.06
2458467.4121643 9.94 0.06
2458467.4123377 10.01 0.06
2458467.4126848 9.90 0.06
2458467.4128584 9.91 0.06
2458467.4130320 10.02 0.06
2458467.4133792 9.96 0.06
2458467.4135528 9.93 0.06
2458467.4137264 9.92 0.06
2458467.4140736 9.99 0.06
2458467.4144209 9.94 0.06
2458467.4145945 9.99 0.06
2458467.4149417 9.91 0.06
2458467.4151153 9.94 0.06
2458467.4152889 9.98 0.06
2458467.4156361 9.81 0.05
2458467.4158097 9.86 0.05
2458467.4159834 9.98 0.06
2458467.4165042 9.93 0.06
2458467.4166778 9.92 0.06
2458467.4177195 9.93 0.06
2458467.4178931 9.95 0.06
2458467.4184139 9.93 0.06
2458467.4185875 9.86 0.05
2458467.4187611 9.92 0.06
2458467.4189348 9.91 0.06
2458467.4191084 9.98 0.06
2458467.4194556 9.92 0.06
2458467.4196292 9.90 0.06
2458467.4198028 9.98 0.06
2458467.4199764 9.91 0.06
2458467.4201500 9.94 0.06
2458467.4203236 9.95 0.06
2458467.4204973 9.84 0.05
2458467.4206709 9.92 0.06
2458469.3667865 9.87 0.04
2458469.3673607 9.89 0.04
2458469.3677079 9.96 0.04
2458469.3680551 9.93 0.04
2458469.3682287 9.96 0.04
2458469.3685760 9.95 0.04
2458469.3690968 9.88 0.04
2458469.3701384 9.94 0.04
2458469.3706593 9.92 0.04
2458469.3710065 9.86 0.04
2458469.3713537 9.92 0.04
2458469.3715273 9.93 0.04
2458469.3717009 9.88 0.04
2458469.3718746 9.96 0.04
2458469.3722218 9.88 0.04
2458469.3723954 9.87 0.04
2458469.3725690 9.94 0.04
2458469.3729162 9.92 0.04
2458469.3730898 9.93 0.04
2458469.3736107 9.96 0.04
2458469.3739579 10.00 0.04
2458469.3741315 9.99 0.04
2458469.3743051 9.89 0.04
2458469.3744787 9.89 0.04
2458469.3748260 9.86 0.04
2458469.3755204 9.86 0.04
2458469.3758676 9.94 0.04
2458469.3765628 9.87 0.04
2458469.3769097 9.93 0.04
2458469.3770832 9.98 0.04
2458469.3774301 9.93 0.04
2458469.3777773 9.90 0.04
2458469.3781246 9.90 0.04
2458469.3786454 10.01 0.04
2458488.3045899 9.95 0.05
2458488.3047635 10.04 0.06
2458488.3049371 9.95 0.05
2458488.3051107 9.92 0.05
2458488.3052844 9.86 0.05
2458488.3054579 9.93 0.05
2458488.3058052 10.01 0.06
2458488.3064996 10.05 0.06
2458488.3066732 9.91 0.05
2458488.3068468 9.89 0.05
2458488.3080621 10.05 0.06
2458488.3082357 9.91 0.05
2458488.3085830 9.93 0.05
2458488.3087566 9.90 0.05
2458488.3089302 9.97 0.05
2458488.3097991 10.02 0.06
2458488.3099726 9.94 0.05
2458488.3103194 9.98 0.05
2458488.3104929 10.00 0.06
2458488.3106663 9.93 0.05
2458488.3108399 10.03 0.06
2458488.3110135 9.90 0.05
2458488.3111871 10.03 0.06
2458488.3115344 10.05 0.06
2458488.3124024 9.90 0.05
2458488.3127496 9.92 0.05
2458488.3129232 9.97 0.05
2458488.3130969 9.99 0.06
2458488.3132705 9.88 0.05
2458488.3134441 10.04 0.06
2458488.3136177 9.88 0.05
2458488.3137913 9.95 0.05
2458488.3139649 9.89 0.05
2458488.3141385 9.94 0.05
2458488.3148330 10.02 0.06
2458488.3150066 9.79 0.05
2458488.3153538 9.90 0.05
2458488.3158746 9.96 0.05
2458488.3160482 9.93 0.05
2458488.3162218 9.90 0.05
2458488.3163955 9.95 0.06
2458488.3165691 9.91 0.05
2458488.3170899 9.95 0.05
2458488.3172635 9.86 0.05
2458488.3179580 9.97 0.06
2458488.3181316 9.91 0.05
2458488.3183052 9.95 0.05
2458488.3189996 9.89 0.05
2458488.3193469 9.87 0.05
2458488.3195205 10.02 0.06
2458488.3196941 9.88 0.05
2458488.3198677 9.88 0.05
2458488.3200413 10.03 0.06
2458488.3202149 9.90 0.05
2458488.3203885 10.04 0.06
2458488.3212579 10.01 0.06
2458488.3214314 9.90 0.05
2458488.3216048 9.99 0.06
2458488.3219517 9.89 0.05
2458488.3221252 9.89 0.05
2458488.3222986 9.91 0.05
2458488.3224720 9.90 0.05
2458488.3228191 9.96 0.06
2458488.3233399 9.98 0.06
2458488.3242080 9.97 0.06
2458488.3243816 9.90 0.05
2458488.3252496 9.98 0.06
2458488.3254232 9.92 0.05
2458488.3255969 9.95 0.06
2458488.3264649 9.92 0.05
2458488.3266385 9.95 0.06
2458488.3268121 10.00 0.06
2458488.3271594 9.87 0.05
2458488.3273330 10.02 0.06
2458488.3275066 9.89 0.05
2458488.3278538 9.91 0.05
2458488.3280274 9.96 0.06
2458488.3282010 9.89 0.05
2458488.3283746 9.95 0.06
2458488.3285482 9.98 0.06
2458488.3287218 9.88 0.05
2458488.3288955 10.05 0.06
2458488.3290691 9.87 0.05
2458488.3295899 9.95 0.06
2458488.3299371 9.86 0.05
2458488.3302843 9.97 0.06
2458488.3309788 9.96 0.06
2458488.3311524 9.95 0.06
2458488.3313260 9.87 0.05
2458488.3314996 9.93 0.06
2458488.3320205 9.88 0.05
2458488.3321941 9.86 0.05
2458488.3323677 9.94 0.06
2458488.3325413 9.85 0.05
2458488.3327149 9.85 0.05
2458488.3328885 10.01 0.06
2458488.3334105 9.88 0.05
2458488.3342777 10.06 0.06
2458488.3347982 9.86 0.05
2458488.3349719 9.83 0.05
2458488.3351455 10.01 0.06
2458488.3353191 9.93 0.06
2458488.3354927 9.97 0.06
2458488.3356663 10.04 0.06
2458488.3358399 9.89 0.05
2458488.3360135 9.94 0.06
2458488.3361871 9.94 0.06
2458488.3363607 10.02 0.06
2458488.3365344 9.94 0.06
2458488.3367080 9.87 0.05
2458488.3368816 9.90 0.05
2458488.3372288 9.77 0.05
2458488.3379232 9.92 0.06
2458488.3382705 9.92 0.06
2458488.3386177 9.90 0.06
2458488.3387913 9.93 0.06
2458488.3391385 9.94 0.06
2458488.3393121 9.83 0.05
2458488.3394857 9.87 0.05
2458488.3396593 9.92 0.06
2458488.3403538 9.98 0.06
2458488.3405274 10.02 0.06
2458488.3407010 9.91 0.06
2458488.3410482 9.91 0.06
2458488.3413955 9.96 0.06
2458488.3417427 9.97 0.06
2458488.3420899 9.85 0.05
2458488.3422635 9.95 0.06
2458488.3426107 9.93 0.06
2458488.3427844 9.91 0.06
2458488.3431316 9.89 0.05
2458488.3434788 9.97 0.06
2458488.3436524 9.98 0.06
2458488.3438260 9.97 0.06
2458488.3439996 9.98 0.06
2458488.3441732 9.91 0.06
2458488.3443469 10.04 0.06
2458488.3445205 9.90 0.06
2458488.3446941 9.92 0.06
2458488.3448677 9.93 0.06
2458488.3452162 9.96 0.06
2458488.3460834 9.94 0.06
2458488.3462569 9.96 0.06
2458488.3466038 9.99 0.06
2458488.3467774 9.90 0.05
2458488.3469510 9.93 0.06
2458488.3471246 9.87 0.05
2458488.3474718 9.99 0.06
2458488.3479927 9.99 0.06
2458488.3486871 10.02 0.06
2458488.3490344 9.95 0.06
2458488.3492080 9.94 0.06
2458488.3493816 9.88 0.05
2458488.3499024 9.78 0.05
2458488.3502496 9.92 0.06
2458488.3505969 10.03 0.06
2458488.3507705 9.99 0.06
2458488.3511177 9.95 0.06
2458488.3514649 9.93 0.06
2458488.3516385 9.95 0.06
2458488.3518121 9.93 0.06
2458488.3523330 10.05 0.06
2458488.3525066 9.97 0.06
2458488.3526802 9.95 0.06
2458488.3528538 9.97 0.06
2458488.3533746 9.94 0.06
2458488.3544163 9.97 0.06
2458488.3551107 10.02 0.06
2458488.3558052 9.98 0.06
2458488.3559788 9.81 0.05
2458488.3561524 9.95 0.06
2458488.3563260 9.97 0.06
2458488.3566732 9.89 0.05
2458488.3570218 9.92 0.06
2458488.3571953 9.96 0.06
2458488.3573687 9.87 0.05
2458488.3575422 9.93 0.06
2458488.3577156 9.94 0.06
2458488.3578891 9.93 0.06
2458488.3580625 9.96 0.06
2458488.3582360 9.95 0.06
2458488.3584094 10.02 0.06
2458488.3585830 9.91 0.06
2458488.3591038 9.94 0.06
2458488.3592774 9.96 0.06
2458488.3594510 9.96 0.06
2458488.3596246 10.07 0.06
2458488.3601455 9.93 0.06
2458488.3603191 9.98 0.06
2458488.3606663 9.88 0.05
2458488.3608399 9.88 0.05
2458488.3618816 9.84 0.05
2458488.3624024 9.92 0.06
2458488.3629232 9.93 0.06
2458488.3639649 9.97 0.06
2458488.3644857 9.95 0.06
2458488.3650066 9.93 0.06
2458488.3653538 9.99 0.06
2458488.3657010 9.90 0.05
2458488.3660482 9.86 0.05
2458488.3662219 10.03 0.06
2458488.3663955 9.93 0.06
2458488.3665691 9.91 0.06
2458488.3667427 9.96 0.06
2458488.3669163 9.85 0.05
2458488.3670899 9.94 0.06
2458488.3674371 9.93 0.06
2458488.3677844 9.92 0.06
2458488.3679580 9.96 0.06
2458488.3681316 9.96 0.06
2458488.3684788 9.97 0.06
2458488.3688260 10.02 0.06
2458488.3693479 9.89 0.05
2458488.3695213 9.91 0.06
2458488.3700417 10.02 0.06
2458488.3702150 9.91 0.06
2458488.3703885 10.01 0.06
2458488.3707357 9.87 0.05
2458488.3709093 10.03 0.06
2458488.3710830 9.96 0.06
2458488.3712566 9.93 0.06
2458488.3714302 9.89 0.06
2458488.3716038 9.87 0.05
2458488.3721246 9.99 0.06
2458488.3722982 9.88 0.06
2458488.3724718 9.92 0.06
2458488.3726455 9.89 0.06
2458488.3728191 9.93 0.06
2458488.3729927 9.92 0.06
2458488.3731663 9.94 0.06
2458488.3733399 9.95 0.06
2458488.3735135 9.97 0.06
2458488.3736871 9.90 0.06
2458488.3740343 9.99 0.06
2458493.2519739 9.85 0.05
2458493.2521475 10.03 0.06
2458493.2523211 9.86 0.05
2458493.2524947 9.95 0.05
2458493.2526684 9.91 0.05
2458493.2530156 9.83 0.05
2458493.2533628 9.92 0.05
2458493.2537100 9.89 0.05
2458493.2538836 9.83 0.05
2458493.2549258 9.90 0.05
2458493.2554461 9.87 0.05
2458493.2557934 9.96 0.05
2458493.2561406 9.88 0.05
2458493.2566614 9.90 0.05
2458493.2568350 9.93 0.05
2458493.2582239 9.91 0.05
2458493.2583975 9.96 0.05
2458493.2590920 9.87 0.05
2458493.2592656 9.97 0.05
2458493.2596128 9.85 0.05
2458493.2597864 9.94 0.05
2458493.2599600 9.90 0.05
2458493.2606545 9.89 0.05
2458493.2608281 9.87 0.05
2458493.2610017 9.92 0.05
2458493.2615225 9.88 0.05
2458493.2616961 9.92 0.05
2458493.2620434 9.93 0.05
2458493.2623906 9.89 0.05
2458493.2625642 9.79 0.04
2458493.2627378 9.91 0.05
2458493.2629114 9.88 0.05
2458493.2636059 9.90 0.05
2458493.2637795 9.93 0.05
2458493.2641267 9.92 0.05
2458493.2643003 9.90 0.05
2458493.2644739 9.85 0.05
2458493.2648211 9.92 0.05
2458493.2649948 9.94 0.05
2458493.2651684 9.91 0.05
2458493.2655156 9.93 0.05
2458493.2662112 9.97 0.05
2458493.2679461 9.92 0.05
2458493.2682934 9.92 0.05
2458493.2686406 9.85 0.05
2458493.2691614 9.93 0.05
2458493.2695086 9.93 0.05
2458493.2698559 9.95 0.05
2458493.2702031 9.94 0.05
2458493.2707239 9.98 0.05
2458493.2717656 9.90 0.05
2458493.2719392 9.90 0.05
2458493.2721128 9.91 0.05
2458493.2722864 9.87 0.05
2458493.2724600 9.92 0.05
2458493.2733281 9.92 0.05
2458493.2735017 9.97 0.05
2458493.2745434 9.92 0.05
2458493.2748906 9.90 0.05
2458493.2750642 9.95 0.05
2458493.2752378 9.83 0.05
2458493.2755850 9.95 0.05
2458493.2757586 9.91 0.05
2458493.2761059 9.91 0.05
2458493.2766267 9.94 0.05
2458493.2768003 9.90 0.05
2458493.2778420 9.88 0.05
2458493.2780169 9.87 0.05
2458493.2781904 9.94 0.05
2458493.2792310 9.87 0.05
2458493.2795781 9.96 0.05
2458493.2799253 9.94 0.05
2458493.2800989 9.97 0.05
2458493.2804461 9.96 0.05
2458493.2807934 10.00 0.05
2458493.2813142 9.91 0.05
2458493.2814878 9.98 0.05
2458493.2820086 9.99 0.05
2458493.2823559 9.90 0.05
2458493.2827031 9.92 0.05
2458493.2832239 9.90 0.05
2458493.2839184 9.92 0.05
2458493.2846128 9.96 0.05
2458493.2847864 9.96 0.05
2458493.2851336 9.99 0.05
2458493.2854809 9.86 0.05
2458493.2861753 9.97 0.05
2458493.2865225 9.90 0.05
2458493.2866961 9.92 0.05
2458493.2868698 9.98 0.05
2458493.2872170 9.98 0.05
2458493.2873906 9.95 0.05
2458493.2879114 9.91 0.05
2458493.2880850 9.97 0.05
2458493.2893003 10.02 0.05
2458493.2894739 9.95 0.05
2458493.2901695 9.86 0.05
2458493.2910367 9.85 0.05
2458493.2913836 9.91 0.05
2458493.2919045 9.86 0.05
2458493.2920781 9.87 0.05
2458493.2925989 9.92 0.05
2458493.2938142 9.92 0.05
2458493.2941614 9.87 0.05
2458493.2943350 9.98 0.05
2458493.2945086 9.93 0.05
2458493.2948559 9.91 0.05
2458493.2950295 9.88 0.05
2458493.2952031 9.98 0.05
2458493.2955503 9.90 0.05
2458493.2960711 9.89 0.05
2458493.2962448 9.95 0.05
2458493.2964184 9.91 0.05
2458493.2965920 9.97 0.05
2458493.2967656 9.94 0.05
2458493.2971128 9.96 0.05
2458493.2972864 9.95 0.05
2458493.2979809 9.89 0.05
2458493.2981545 9.94 0.05
2458493.2985017 9.84 0.05
2458493.2986753 9.91 0.05
2458493.2988489 9.94 0.05
2458493.2991961 9.95 0.05
2458493.2995434 9.98 0.05
2458493.3000642 9.84 0.05
2458493.3002378 9.81 0.05
2458493.3021591 9.96 0.05
2458493.3025063 9.91 0.05
2458493.3035480 9.87 0.05
2458493.3038952 9.95 0.05
2458493.3052841 9.90 0.05
2458493.3056313 9.99 0.05
2458493.3058049 9.96 0.05
2458493.3061522 9.92 0.05
2458493.3068466 9.92 0.05
2458493.3075410 9.97 0.05
2458493.3077147 9.98 0.05
2458493.3085827 9.95 0.05
2458493.3087563 9.83 0.05
2458493.3096244 9.98 0.05
2458493.3104924 9.85 0.05
2458493.3108397 9.83 0.05
2458493.3111869 9.91 0.05
2458493.3115341 9.88 0.05
2458493.3118813 9.95 0.05
2458493.3120549 9.92 0.05
2458493.3125767 9.96 0.05
2458493.3127502 9.88 0.05
2458493.3129236 9.92 0.05
2458493.3130971 9.93 0.05
2458493.3134439 9.95 0.05
2458493.3137910 9.92 0.05
2458493.3143119 9.91 0.05
2458493.3146591 9.89 0.05
2458493.3155272 9.84 0.05
2458493.3162216 9.87 0.05
2458493.3165688 10.00 0.05
2458493.3169161 9.88 0.05
2458493.3172633 9.98 0.05
2458493.3176105 9.95 0.05
2458493.3181313 9.91 0.05
2458493.3184786 9.87 0.05
2458493.3188258 9.90 0.05
2458493.3189994 9.93 0.05
2458493.3191730 9.93 0.05
2458493.3203883 9.84 0.05
2458493.3212563 9.95 0.05
2458493.3217772 9.97 0.05
2458493.3219508 9.96 0.05
2458493.3233397 9.90 0.05
2458493.3235133 9.96 0.05
2458493.3238605 9.83 0.04
2458493.3240341 9.94 0.05
2458493.3252497 10.02 0.05
2458493.3254231 9.91 0.05
2458493.3257702 9.89 0.05
2458493.3259438 10.04 0.05
2458493.3275063 9.99 0.05
2458493.3278536 9.94 0.05
2458493.3280272 10.00 0.05
2458493.3283744 9.86 0.05
2458493.3288952 9.90 0.05
2458493.3290688 9.97 0.05
2458493.3306313 9.92 0.05
2458493.3311522 9.82 0.04
2458493.3314994 9.88 0.05
2458493.3316730 9.93 0.05
2458493.3320202 9.91 0.05
2458493.3321938 9.89 0.05
2458493.3327147 9.90 0.05
2458493.3328883 9.94 0.05
2458493.3332355 9.92 0.05
2458493.3334091 9.94 0.05
2458493.3335827 9.96 0.05
2458493.3339299 9.85 0.05
2458493.3351452 9.91 0.05
2458493.3353188 9.88 0.05
2458493.3356661 9.98 0.05
2458493.3358397 9.89 0.05
2458493.3360133 9.92 0.05
2458493.3361882 9.90 0.05
2458493.3363616 9.87 0.05
2458493.3365351 9.89 0.05
2458493.3368820 9.95 0.05
2458493.3374023 9.95 0.05
2458493.3377494 9.94 0.05
2458493.3379230 9.90 0.05
2458493.3380966 9.97 0.05
2458493.3386174 9.90 0.05
2458493.3387910 9.93 0.05
2458493.3389647 9.88 0.05
2458493.3391383 9.89 0.05
2458493.3396591 9.91 0.05
2458493.3400063 9.93 0.05
2458493.3401799 9.89 0.05
2458493.3403536 9.94 0.05
2458493.3405272 9.95 0.05
2458493.3407008 9.93 0.05
2458493.3408744 9.86 0.05
2458493.3412216 9.90 0.05
2458493.3413952 9.97 0.05
2458493.3415688 9.91 0.05
2458493.3417424 9.87 0.05
2458493.3419161 9.92 0.05
2458493.3422633 9.89 0.05
2458493.3424369 9.96 0.05
2458493.3426105 9.96 0.05
2458493.3429577 9.89 0.05
2458493.3433049 9.80 0.04
2458493.3434786 9.84 0.05
2458493.3439994 9.96 0.05
2458493.3441730 9.87 0.05
2458493.3448674 9.95 0.05
2458493.3457355 9.87 0.05
2458493.3459091 9.96 0.05
2458493.3462563 9.92 0.05
2458493.3466035 9.95 0.05
2458493.3469508 9.93 0.05
2458493.3472980 9.92 0.05
2458493.3481673 10.01 0.05
2458493.3486876 9.90 0.05
2458493.3492080 9.96 0.05
2458493.3499022 9.96 0.05
2458493.3502494 9.90 0.05
2458493.3511174 9.94 0.05
2458493.3519855 9.88 0.05
2458493.3521591 9.97 0.05
2458493.3526799 9.90 0.05
2458493.3528535 9.94 0.05
2458493.3533744 9.87 0.05
2458493.3538952 9.95 0.05
2458493.3540688 9.88 0.05
2458493.3547633 9.94 0.05
2458493.3549369 9.93 0.05
2458493.3551105 9.85 0.05
2458493.3561522 9.90 0.05
2458493.3566730 9.93 0.05
2458493.3573674 9.88 0.05
2458493.3575411 9.93 0.05
2458493.3578883 9.94 0.05
2458493.3587563 9.89 0.05
2458493.3589299 9.96 0.05
2458493.3591036 9.96 0.05
2458493.3594508 9.86 0.05
2458493.3597980 9.93 0.05
2458493.3599716 10.00 0.05
2458493.3603199 9.88 0.05
2458493.3604934 9.89 0.05
2458493.3608403 9.88 0.05
2458493.3611871 9.96 0.05
2458493.3613606 9.94 0.05
2458493.3617077 9.92 0.05
2458493.3622285 9.99 0.05
2458493.3625758 9.95 0.05
2458493.3627494 9.97 0.05
2458493.3629230 9.91 0.05
2458493.3630966 10.01 0.05
2458493.3632702 9.98 0.05
2458493.3637911 9.89 0.05
2458493.3641383 9.86 0.05
2458493.3643119 9.94 0.05
2458493.3648327 9.90 0.05
2458493.3653536 9.82 0.05
2458493.3655272 9.95 0.05
2458493.3657008 9.91 0.05
2458493.3665688 9.98 0.05
2458493.3667424 9.90 0.05
2458493.3669161 9.94 0.05
2458493.3676105 9.90 0.05
2458493.3679577 9.93 0.05
2458493.3683049 9.95 0.05
2458493.3689994 9.94 0.05
2458493.3691730 9.90 0.05
2458493.3702147 9.88 0.05
2458493.3714299 9.98 0.05
2458493.3716036 9.96 0.05
2458493.3722991 9.92 0.05
2458493.3726460 9.90 0.05
2458493.3728194 9.90 0.05
2458493.3731663 10.01 0.05
2458493.3733397 9.90 0.05
2458493.3736869 9.84 0.05
2458493.3742077 9.97 0.05
2458493.3747286 9.90 0.05
2458493.3752494 9.92 0.05
2458493.3757702 9.98 0.05
2458493.3762910 9.97 0.05
2458493.3764647 9.86 0.05
2458493.3768119 9.93 0.05
2458493.3771591 9.90 0.05
2458493.3776799 9.96 0.05
2458493.3782008 9.96 0.05
2458493.3792424 9.98 0.05
2458493.3797633 9.99 0.05
2458493.3801105 9.88 0.05
2458493.3802841 9.91 0.05
2458493.3804577 9.95 0.05
2458493.3808049 9.89 0.05
2458493.3814994 10.00 0.06
2458493.3818466 9.93 0.05
2458493.3820202 9.94 0.05
2458493.3821938 9.99 0.05
2458493.3839313 9.96 0.05
2458493.3844517 9.90 0.05
2458493.3851454 9.84 0.05
2458493.3854924 10.09 0.06
2458493.3856660 9.83 0.05
2458493.3858397 9.96 0.05
2458493.3863605 9.98 0.05
2458493.3874022 9.99 0.05
2458493.3875758 9.99 0.05
2458493.3879230 9.95 0.05
2458493.3882702 9.92 0.05
2458493.3886174 9.92 0.05
2458493.3889647 9.96 0.05
2458493.3893119 9.89 0.05
2458493.3894855 9.94 0.05
2458493.3898327 10.02 0.06
2458493.3901799 9.87 0.05
2458493.3903536 9.84 0.05
2458493.3908744 9.83 0.05
2458493.3913952 9.93 0.05
2458493.3920897 9.98 0.05
2458493.3922633 9.91 0.05
2458493.3926105 9.82 0.05
2458493.3938258 9.88 0.05
2458493.3962574 9.90 0.05
2458493.3981661 9.85 0.05
2458493.4005966 9.88 0.05
2458493.4011174 9.86 0.05
2458493.4023327 9.96 0.06
2458493.4025063 9.82 0.05
2458493.4026799 9.90 0.05
2458493.4028536 9.95 0.05
2458493.4030272 9.96 0.05
2458493.4035480 9.85 0.05
2458493.4037216 9.90 0.05
2458493.4038952 9.95 0.05
2458493.4045897 9.92 0.05
2458493.4047633 9.96 0.05
2458493.4066730 9.83 0.05
2458493.4078896 9.93 0.05
2458493.4089302 9.91 0.05
2458493.4092772 9.93 0.05
2458493.4101452 9.83 0.05
2458493.4124022 9.97 0.06
2458493.4136174 9.91 0.05
2458493.4139647 9.88 0.05
2458493.4148327 9.92 0.05
2458493.4151799 9.89 0.05
2458493.4155272 9.90 0.05
2458493.4158744 9.88 0.05
2458495.1344161 9.97 0.09
2458495.1399716 9.87 0.08
2458495.1408397 9.92 0.08
2458495.1413605 9.84 0.08
2458495.1417077 9.93 0.08
2458495.1425758 9.92 0.08
2458495.1429230 9.92 0.08
2458495.1436174 9.88 0.08
2458495.1443119 9.95 0.08
2458495.1457008 10.00 0.09
2458495.1462216 9.96 0.08
2458495.1463952 9.91 0.08
2458495.1467438 9.88 0.08
2458495.1469172 9.73 0.07
2458495.1472641 9.88 0.08
2458495.1474375 9.89 0.08
2458495.1477844 9.88 0.08
2458495.1493466 9.96 0.08
2458495.1516036 9.92 0.08
2458495.1538605 9.95 0.08
2458495.1557702 9.90 0.08
2458495.1583744 9.97 0.08
2458495.1595902 9.89 0.08
2458495.1597636 9.89 0.08
2458495.1608049 9.96 0.08
2458495.1609785 9.88 0.08
2458495.1611522 9.90 0.08
2458495.1613258 10.02 0.09
2458495.1614994 9.99 0.08
2458495.1616730 9.87 0.08
2458495.1618466 9.81 0.07
2458495.1623674 9.98 0.08
2458495.1625410 10.01 0.09
2458495.1627147 9.89 0.08
2458495.1644508 9.95 0.08
2458495.1649716 9.87 0.07
2458495.1660133 9.90 0.08
2458495.1667077 10.09 0.09
2458495.1672285 9.85 0.07
2458495.1686174 9.87 0.07
2458495.1689647 9.88 0.07
2458495.1693119 9.95 0.08
2458495.1710491 9.93 0.08
2458495.1712225 9.96 0.08
2458495.1741730 10.00 0.08
2458495.1743466 9.92 0.08
2458495.1746938 9.95 0.08
2458495.1797286 9.93 0.08
2458495.1804230 9.94 0.08
2458495.1814647 10.09 0.09
2458495.1816383 9.84 0.07
2458495.1818119 10.00 0.08
2458495.1819855 9.89 0.07
2458495.1821591 10.01 0.08
2458495.1825063 10.15 0.09
2458495.1833752 9.88 0.07
2458495.1849369 9.74 0.06
2458495.1858049 9.91 0.07
2458495.1868466 9.79 0.07
2458495.1873674 9.94 0.07
2458495.1875411 9.94 0.07
2458495.1878883 9.86 0.07
2458495.1880619 9.93 0.07
2458495.1922285 9.89 0.07
2458495.1925758 9.93 0.07
2458495.1927494 9.87 0.07
2458495.1934438 9.94 0.07
2458495.1936174 9.79 0.06
2458495.1937910 9.94 0.07
2458495.1939647 9.92 0.07
2458495.1941383 9.83 0.07
2458495.1943119 9.89 0.07
2458495.1944855 9.90 0.07
2458495.1948340 9.86 0.07
2458495.1950075 9.81 0.06
2458495.1951809 9.97 0.07
2458495.1955278 9.87 0.07
2458495.1960481 9.81 0.06
2458495.1962216 9.90 0.07
2458495.1963952 9.91 0.07
2458495.1972633 9.81 0.06
2458495.1976105 9.83 0.07
2458495.1981313 9.88 0.07
2458495.1983049 9.92 0.07
2458495.1989994 10.02 0.08
2458495.2002147 9.97 0.08
2458495.2003883 9.86 0.07
2458495.2007355 9.83 0.07
2458495.2017772 9.86 0.07
2458495.2021244 9.92 0.07
2458495.2022980 9.90 0.07
2458495.2024716 9.90 0.07
2458495.2029924 9.96 0.08
2458495.2043813 9.98 0.08
2458495.2059438 9.89 0.07
2458495.2062911 9.91 0.07
2458495.2066383 9.84 0.07
2458495.2068132 9.93 0.07
2458495.2069867 9.86 0.07
2458495.2071601 9.96 0.07
2458495.2073336 9.89 0.07
2458495.2076805 9.87 0.07
2458495.2078539 9.93 0.07
2458495.2080274 9.90 0.07
2458495.2082008 9.89 0.07
2458495.2087216 9.77 0.06
2458495.2088952 9.92 0.07
2458495.2092424 9.92 0.07
2458495.2095897 9.79 0.06
2458495.2099369 9.88 0.07
2458495.2101105 9.89 0.07
2458495.2106313 9.90 0.07
2458495.2109786 9.89 0.07
2458495.2111522 9.89 0.07
2458495.2116730 9.95 0.07
2458495.2118466 9.86 0.07
2458495.2121938 9.79 0.06
2458495.2123674 9.89 0.07
2458495.2125411 9.84 0.07
2458495.2127147 9.96 0.07
2458495.2132355 10.00 0.08
2458495.2134091 9.91 0.07
2458495.2135827 9.92 0.07
2458495.2137563 9.82 0.07
2458495.2139299 9.88 0.07
2458495.2141036 9.92 0.07
2458495.2144508 9.92 0.07
2458495.2147980 9.89 0.07
2458495.2151452 9.95 0.07
2458495.2153188 9.93 0.07
2458495.2156660 10.10 0.08
2458495.2158397 9.84 0.07
2458495.2160133 9.93 0.07
2458495.2163605 9.78 0.06
2458495.2168813 9.89 0.07
2458495.2172285 9.97 0.07
2458495.2177494 9.97 0.07
2458495.2179230 9.93 0.07
2458495.2184438 10.01 0.08
2458495.2186174 9.90 0.07
2458495.2191393 9.84 0.06
2458495.2193127 10.02 0.08
2458495.2196596 9.82 0.06
2458495.2198331 10.01 0.08
2458495.2200065 9.91 0.07
2458495.2201799 9.86 0.07
2458495.2203536 9.77 0.06
2458495.2207008 9.93 0.07
2458495.2208744 9.94 0.07
2458495.2215688 9.88 0.07
2458495.2226105 9.93 0.07
2458495.2234785 10.02 0.08
2458495.2236522 9.96 0.07
2458495.2238258 9.95 0.07
2458495.2241730 10.01 0.08
2458495.2245202 9.95 0.07
2458495.2252147 10.01 0.08
2458495.2253883 9.86 0.07
2458495.2255619 9.90 0.07
2458495.2260827 9.91 0.07
2458495.2262563 9.98 0.08
2458495.2264299 9.82 0.06
2458495.2267772 9.85 0.07
2458495.2269508 9.93 0.07
2458495.2271244 9.85 0.07
2458495.2272980 10.03 0.08
2458495.2274716 9.92 0.07
2458495.2276452 9.86 0.07
2458495.2278188 9.92 0.07
2458495.2279924 9.91 0.07
2458495.2281661 10.01 0.08
2458495.2283397 9.85 0.07
2458495.2285133 9.84 0.07
2458495.2288605 9.96 0.07
2458495.2290341 10.01 0.07
2458495.2292077 9.95 0.07
2458495.2293813 9.88 0.07
2458495.2295549 9.89 0.07
2458495.2297286 9.91 0.07
2458495.2300758 9.94 0.07
2458495.2302494 9.91 0.07
2458495.2304230 9.92 0.07
2458495.2305966 9.97 0.07
2458495.2307716 9.98 0.07
2458495.2312919 9.93 0.07
2458495.2318122 9.93 0.07
2458495.2323327 9.87 0.07
2458495.2326799 9.87 0.07
2458495.2332008 9.87 0.07
2458495.2335480 10.03 0.08
2458495.2337216 9.91 0.07
2458495.2352841 9.96 0.07
2458495.2356313 9.87 0.06
2458495.2358049 9.91 0.07
2458495.2359785 9.98 0.07
2458495.2361522 9.95 0.07
2458495.2364994 9.96 0.07
2458495.2366730 9.91 0.07
2458495.2370202 9.99 0.07
2458495.2371938 9.97 0.07
2458495.2373674 9.92 0.07
2458495.2375411 9.94 0.07
2458495.2380619 9.88 0.06
2458495.2382355 9.91 0.07
2458495.2384091 9.93 0.07
2458495.2387563 9.98 0.07
2458495.2389299 9.89 0.07
2458495.2391035 9.91 0.07
2458495.2392772 9.94 0.07
2458495.2394508 10.07 0.08
2458495.2399716 9.85 0.06
2458495.2406660 9.89 0.06
2458495.2408397 9.96 0.07
2458495.2411869 9.93 0.07
2458495.2417077 9.94 0.07
2458495.2418813 9.83 0.06
2458495.2420549 9.92 0.07
2458495.2422286 10.00 0.07
2458495.2424022 10.01 0.07
2458495.2425758 9.87 0.06
2458495.2427508 9.91 0.07
2458495.2429242 9.98 0.07
2458495.2430977 9.78 0.06
2458495.2434445 9.98 0.07
2458495.2439649 9.85 0.06
2458495.2443119 9.97 0.07
2458495.2444855 9.92 0.07
2458495.2450063 10.00 0.07
2458495.2451799 9.84 0.06
2458495.2457008 9.94 0.07
2458495.2462216 9.93 0.07
2458495.2463952 9.93 0.07
2458495.2465688 9.91 0.07
2458495.2470897 9.87 0.06
2458495.2472633 9.89 0.06
2458495.2474369 9.92 0.07
2458495.2479577 9.96 0.07
2458495.2483049 9.83 0.06
2458495.2484785 9.87 0.06
2458495.2491730 9.88 0.06
2458495.2495202 10.03 0.07
2458495.2500411 9.87 0.06
2458495.2502147 9.90 0.07
2458495.2505619 9.96 0.07
2458495.2509091 9.90 0.07
2458495.2510827 9.95 0.07
2458495.2514299 9.99 0.07
2458495.2516036 10.02 0.07
2458495.2519508 9.99 0.07
2458495.2524716 9.84 0.06
2458495.2531661 9.91 0.07
2458495.2533397 9.88 0.06
2458495.2536869 10.00 0.07
2458495.2547300 9.98 0.07
2458495.2561175 9.81 0.06
2458495.2562910 9.92 0.07
2458495.2568119 9.89 0.06
2458495.2569855 9.90 0.06
2458495.2571591 9.91 0.06
2458495.2573327 9.82 0.06
2458495.2575063 9.96 0.07
2458495.2578536 10.02 0.07
2458495.2580272 9.87 0.06
2458495.2582008 9.94 0.07
2458495.2585480 9.84 0.06
2458495.2587216 9.91 0.06
2458495.2588952 9.83 0.06
2458495.2590688 9.83 0.06
2458495.2592424 9.87 0.06
2458495.2597633 9.83 0.06
2458495.2604577 9.93 0.06
2458495.2606313 10.00 0.07
2458495.2608049 9.78 0.06
2458495.2611522 9.79 0.06
2458495.2614994 9.91 0.06
2458495.2616730 9.83 0.06
2458495.2618466 9.95 0.07
2458495.2620202 9.97 0.07
2458495.2627147 9.92 0.07
2458495.2630619 9.83 0.06
2458495.2632355 9.91 0.06
2458495.2634091 9.90 0.06
2458495.2635827 9.90 0.06
2458495.2637563 9.91 0.06
2458495.2639299 9.95 0.07
2458495.2646244 9.88 0.06
2458495.2649716 9.89 0.06
2458495.2653188 9.92 0.07
2458495.2660133 9.91 0.06
2458495.2665341 10.01 0.07
2458495.2668826 10.07 0.07
2458495.2672295 9.85 0.06
2458495.2674030 9.93 0.07
2458495.2679233 9.87 0.06
2458495.2680967 9.86 0.06
2458495.2682702 9.88 0.06
2458495.2684438 9.99 0.07
2458495.2686174 9.83 0.06
2458495.2693119 9.86 0.06
2458495.2694855 9.89 0.06
2458495.2696591 9.90 0.06
2458495.2713952 10.06 0.07
2458495.2715688 9.92 0.06
2458495.2727841 9.87 0.06
2458495.2729577 9.82 0.06
2458495.2731313 9.89 0.06
2458495.2733049 9.86 0.06
2458495.2734786 9.87 0.06
2458495.2738258 9.96 0.07
2458495.2739994 9.92 0.06
2458495.2741730 9.90 0.06
2458495.2745202 9.88 0.06
2458495.2746938 9.91 0.06
2458495.2748674 9.88 0.06
2458495.2750411 9.87 0.06
2458495.2762563 9.96 0.07
2458495.2764299 9.95 0.07
2458495.2767772 9.85 0.06
2458495.2769508 9.86 0.06
2458495.2771244 9.92 0.06
2458495.2774716 9.81 0.06
2458495.2776452 9.97 0.07
2458495.2781660 9.89 0.06
2458495.2783397 9.86 0.06
2458495.2785133 9.87 0.06
2458495.2786869 9.99 0.07
2458495.2788618 9.92 0.06
2458495.2790353 9.93 0.06
2458495.2792087 10.06 0.07
2458495.2795556 10.00 0.07
2458495.2797290 9.98 0.07
2458495.2799025 9.89 0.06
2458495.2800759 9.96 0.07
2458495.2805966 9.98 0.07
2458495.2807702 9.99 0.07
2458495.2809438 9.89 0.06
2458495.2811174 9.92 0.06
2458495.2814647 9.84 0.06
2458495.2816383 9.76 0.06
2458495.2818119 9.93 0.06
2458495.2819855 9.89 0.06
2458495.2821591 9.98 0.07
2458495.2825063 9.94 0.07
2458495.2830272 10.00 0.07
2458495.2832008 9.96 0.07
2458495.2833744 9.95 0.06
2458495.2837216 9.95 0.06
2458495.2838952 9.98 0.07
2458495.2842424 9.98 0.07
2458495.2844161 9.89 0.06
2458495.2845897 9.89 0.06
2458495.2847633 9.81 0.06
2458495.2849369 9.93 0.06
2458495.2851105 9.94 0.06
2458495.2852841 9.90 0.06
2458495.2858049 10.00 0.07
2458495.2859785 9.96 0.07
2458495.2861522 9.95 0.07
2458495.2864994 9.86 0.06
2458495.2866730 9.94 0.07
2458495.2871938 9.92 0.06
2458495.2873674 9.90 0.06
2458495.2875410 10.01 0.07
2458495.2880619 9.90 0.06
2458495.2884091 9.92 0.06
2458495.2885827 9.93 0.06
2458495.2891036 10.00 0.07
2458495.2892772 9.97 0.07
2458495.2894508 9.82 0.06
2458495.2896244 9.94 0.07
2458495.2897980 9.97 0.07
2458495.2901452 9.93 0.06
2458495.2903188 9.80 0.06
2458495.2906661 9.87 0.06
2458495.2908410 9.89 0.06
2458495.2910145 9.86 0.06
2458495.2911879 9.95 0.07
2458495.2913614 9.84 0.06
2458495.2915348 9.91 0.06
2458495.2917083 9.93 0.06
2458495.2918817 9.87 0.06
2458495.2920551 9.86 0.06
2458495.2922286 9.93 0.06
2458495.2924022 10.02 0.07
2458495.2927494 9.80 0.06
2458495.2929230 9.93 0.06
2458495.2932702 9.99 0.07
2458495.2934438 9.92 0.06
2458495.2936174 9.82 0.06
2458495.2937910 9.93 0.06
2458495.2939647 9.92 0.06
2458495.2941383 9.99 0.07
2458495.2943119 9.86 0.06
2458495.2944855 9.90 0.06
2458495.2946591 10.02 0.07
2458495.2948327 9.93 0.06
2458495.2951799 9.91 0.06
2458495.2953535 10.04 0.07
2458495.2955272 9.92 0.06
2458495.2957008 9.89 0.06
2458495.2958744 9.94 0.06
2458495.2962216 9.97 0.07
2458495.2967424 9.90 0.06
2458495.2969160 10.03 0.07
2458495.2970897 10.03 0.07
2458495.2974369 9.97 0.07
2458495.2976105 9.89 0.06
2458495.2977841 10.01 0.07
2458495.2981313 9.95 0.06
2458495.2983049 10.09 0.07
2458495.2984785 9.85 0.06
2458495.2986522 9.95 0.06
2458495.2989994 10.00 0.07
2458495.2991730 9.99 0.07
2458495.2996938 9.90 0.06
2458495.2998674 9.96 0.06
2458495.3000411 9.91 0.06
2458495.3002147 9.89 0.06
2458495.3003883 9.96 0.07
2458495.3005619 9.91 0.06
2458495.3009091 9.91 0.06
2458495.3010827 9.98 0.07
2458495.3012563 9.87 0.06
2458495.3014299 9.86 0.06
2458495.3016035 9.98 0.07
2458495.3017772 9.94 0.06
2458495.3019508 9.97 0.07
2458495.3021244 9.85 0.06
2458495.3022980 10.00 0.07
2458495.3024716 9.86 0.06
2458495.3026452 9.96 0.07
2458495.3031671 9.97 0.07
2458495.3033406 9.90 0.06
2458495.3035140 9.97 0.07
2458495.3040343 9.87 0.06
2458495.3042078 9.97 0.07
2458495.3045549 9.91 0.06
2458495.3047286 9.86 0.06
2458495.3049022 9.97 0.07
2458495.3050758 9.94 0.06
2458495.3052494 10.01 0.07
2458495.3054230 9.86 0.06
2458495.3055966 9.86 0.06
2458495.3057702 9.86 0.06
2458495.3059438 9.95 0.07
2458495.3061174 10.02 0.07
2458495.3062911 9.89 0.06
2458495.3064647 10.01 0.07
2458495.3066383 9.99 0.07
2458495.3068119 9.88 0.06
2458495.3069855 9.78 0.06
2458495.3071591 9.89 0.06
2458495.3073327 9.90 0.06
2458495.3075063 9.82 0.06
2458495.3076799 10.07 0.07
2458495.3078536 9.88 0.06
2458495.3080272 9.98 0.07
2458495.3082008 9.88 0.06
2458495.3083744 9.88 0.06
2458495.3085480 9.87 0.06
2458495.3087216 9.87 0.06
2458495.3088952 10.02 0.07
2458495.3090688 9.89 0.06
2458495.3092424 9.96 0.07
2458495.3095897 10.10 0.08
2458495.3097633 9.88 0.06
2458495.3099369 9.98 0.07
2458495.3102841 9.89 0.06
2458495.3104577 9.87 0.06
2458495.3106313 9.89 0.06
2458495.3108049 9.89 0.06
2458495.3109785 9.79 0.06
2458495.3111522 9.83 0.06
2458495.3113258 10.06 0.07
2458495.3114994 9.97 0.07
2458495.3116730 9.86 0.06
2458495.3118466 9.84 0.06
2458495.3120202 9.95 0.07
2458495.3121938 9.93 0.06
2458495.3123674 9.93 0.06
2458495.3125411 9.86 0.06
2458495.3127147 9.93 0.06
2458495.3128883 9.94 0.07
2458495.3130619 9.86 0.06
2458495.3132355 9.94 0.06
2458495.3134091 9.89 0.06
2458495.3135827 9.88 0.06
2458495.3137563 10.02 0.07
2458495.3139299 9.93 0.06
2458495.3141036 9.92 0.06
2458495.3144508 9.89 0.06
2458495.3146244 9.85 0.06
2458495.3147980 9.84 0.06
2458495.3149729 9.97 0.07
2458495.3151463 9.88 0.06
2458495.3153198 9.93 0.06
2458498.1658281 9.94 0.06
2458498.1666972 9.98 0.07
2458498.1670441 9.83 0.06
2458498.1679114 9.80 0.06
2458498.1682586 9.91 0.06
2458498.1703420 9.95 0.06
2458498.1705156 9.97 0.07
2458498.1710364 9.85 0.06
2458498.1719045 9.92 0.06
2458498.1750295 10.00 0.06
2458498.1752031 9.82 0.05
2458498.1753767 9.98 0.06
2458498.1755503 9.78 0.05
2458498.1765920 10.02 0.06
2458498.1772864 9.86 0.06
2458498.1790232 9.94 0.06
2458498.1791967 9.99 0.06
2458498.1797170 9.92 0.06
2458498.1798906 9.97 0.06
2458498.1805850 9.93 0.06
2458498.1809323 9.96 0.06
2458498.1819739 9.96 0.06
2458498.1831892 10.02 0.06
2458498.1835364 9.92 0.06
2458498.1842309 9.87 0.06
2458498.1844045 9.95 0.06
2458498.1852725 9.98 0.06
2458498.1863142 9.95 0.06
2458498.1871822 9.81 0.05
2458498.1885711 9.86 0.05
2458498.1887448 9.86 0.05
2458498.1890920 9.88 0.06
2458498.1896128 9.90 0.06
2458498.1906545 9.93 0.06
2458498.1908281 9.81 0.05
2458498.1910017 9.86 0.05
2458498.1913489 9.90 0.06
2458498.1920434 9.81 0.05
2458498.1923906 9.96 0.06
2458498.1925642 10.00 0.06
2458498.1951684 9.88 0.05
2458498.1970784 9.88 0.05
2458498.1972519 9.86 0.05
2458498.1988142 9.81 0.05
2458498.1991614 9.93 0.05
2458498.1993350 9.86 0.05
2458498.2000295 9.87 0.05
2458498.2008975 9.99 0.06
2458498.2010711 9.87 0.05
2458498.2012447 9.88 0.05
2458498.2014184 9.82 0.05
2458498.2021128 9.85 0.05
2458498.2022864 9.99 0.06
2458498.2026336 9.92 0.05
2458498.2028072 9.87 0.05
2458498.2031545 9.88 0.05
2458498.2041961 9.84 0.05
2458498.2045434 9.89 0.05
2458498.2055850 9.97 0.05
2458498.2057586 9.91 0.05
2458498.2061059 10.03 0.06
2458498.2073211 9.96 0.05
2458498.2076684 9.89 0.05
2458498.2081904 9.94 0.05
2458498.2083638 9.92 0.05
2458498.2085373 9.89 0.05
2458498.2088841 10.00 0.06
2458498.2090576 9.90 0.05
2458498.2094045 9.89 0.05
2458498.2097517 9.86 0.05
2458498.2100989 9.94 0.05
2458498.2102725 9.87 0.05
2458498.2104461 9.85 0.05
2458498.2109670 9.96 0.05
2458498.2111406 9.94 0.05
2458498.2121823 9.87 0.05
2458498.2123559 9.92 0.05
2458498.2127031 9.92 0.05
2458498.2135711 9.86 0.05
2458498.2137448 9.97 0.05
2458498.2139184 9.81 0.05
2458498.2142656 9.82 0.05
2458498.2149600 9.87 0.05
2458498.2151336 9.86 0.05
2458498.2153072 9.88 0.05
2458498.2158281 9.85 0.05
2458498.2160017 9.91 0.05
2458498.2161753 9.90 0.05
2458498.2165225 9.86 0.05
2458498.2166961 9.94 0.05
2458498.2168697 9.87 0.05
2458498.2172170 9.95 0.05
2458498.2173906 9.92 0.05
2458498.2177378 9.91 0.05
2458498.2193003 9.81 0.05
2458498.2206898 9.90 0.05
2458498.2208632 9.89 0.05
2458498.2215573 10.00 0.06
2458498.2222517 9.94 0.05
2458498.2227725 9.92 0.05
2458498.2231197 9.88 0.05
2458498.2232934 9.89 0.05
2458498.2234670 9.85 0.05
2458498.2236406 9.97 0.05
2458498.2241614 9.92 0.05
2458498.2243350 9.90 0.05
2458498.2253767 9.92 0.05
2458498.2255503 9.98 0.05
2458498.2257239 9.90 0.05
2458498.2258975 9.80 0.05
2458498.2260711 9.82 0.05
2458498.2271128 9.91 0.05
2458498.2272864 9.93 0.05
2458498.2278073 9.89 0.05
2458498.2281545 9.95 0.05
2458498.2285017 9.97 0.05
2458498.2288489 9.99 0.05
2458498.2290225 9.84 0.05
2458498.2291961 9.95 0.05
2458498.2293698 9.95 0.05
2458498.2295434 9.92 0.05
2458498.2298906 9.97 0.05
2458498.2300642 9.86 0.05
2458498.2302378 9.78 0.05
2458498.2305850 9.95 0.05
2458498.2307586 9.88 0.05
2458498.2309322 9.97 0.05
2458498.2312795 9.94 0.05
2458498.2314531 9.98 0.05
2458498.2316267 9.82 0.05
2458498.2318016 9.93 0.05
2458498.2319750 9.98 0.05
2458498.2323219 9.96 0.05
2458498.2326688 9.84 0.05
2458498.2333628 9.85 0.05
2458498.2338836 9.91 0.05
2458498.2342309 9.92 0.05
2458498.2349253 9.94 0.05
2458498.2352725 9.89 0.05
2458498.2354461 10.00 0.06
2458498.2357934 9.93 0.05
2458498.2359670 9.86 0.05
2458498.2361406 9.92 0.05
2458498.2363142 9.94 0.05
2458498.2366614 9.93 0.05
2458498.2368350 9.86 0.05
2458498.2370086 9.93 0.05
2458498.2375295 9.83 0.05
2458498.2377031 9.89 0.05
2458498.2378767 9.95 0.05
2458498.2387447 9.88 0.05
2458498.2394392 9.93 0.05
2458498.2401336 9.93 0.05
2458498.2406545 9.97 0.06
2458498.2408281 9.90 0.05
2458498.2410017 9.99 0.06
2458498.2411753 9.94 0.05
2458498.2416961 9.95 0.05
2458498.2420434 10.01 0.06
2458498.2422170 9.81 0.05
2458498.2423906 10.01 0.06
2458498.2425642 9.93 0.05
2458498.2427378 9.89 0.05
2458498.2429114 9.91 0.05
2458498.2430850 9.94 0.05
2458498.2432586 9.96 0.05
2458498.2436073 9.92 0.05
2458498.2439541 9.95 0.05
2458498.2443010 10.00 0.06
2458498.2444745 9.93 0.05
2458498.2453420 9.93 0.05
2458498.2470781 9.93 0.05
2458498.2474253 9.85 0.05
2458498.2481197 9.90 0.05
2458498.2482934 9.85 0.05
2458498.2484670 9.93 0.05
2458498.2488142 9.94 0.06
2458498.2493350 10.03 0.06
2458498.2496822 9.89 0.05
2458498.2498559 9.91 0.05
2458498.2500295 9.90 0.05
2458498.2503767 9.87 0.05
2458498.2505503 9.98 0.06
2458498.2510711 9.93 0.06
2458498.2517656 9.94 0.05
2458498.2524600 9.95 0.06
2458498.2531545 9.94 0.06
2458498.2536753 9.92 0.06
2458498.2541961 9.89 0.05
2458498.2545434 9.96 0.06
2458498.2552378 9.87 0.05
2458498.2555863 9.85 0.05
2458498.2557598 9.88 0.05
2458498.2561066 9.97 0.06
2458498.2562801 9.89 0.05
2458498.2564535 9.83 0.05
2458498.2568004 9.95 0.06
2458498.2573211 9.96 0.06
2458498.2576684 9.94 0.06
2458498.2583628 9.95 0.06
2458498.2595781 9.91 0.05
2458498.2602725 9.93 0.06
2458498.2614878 9.82 0.05
2458498.2616614 9.99 0.06
2458498.2618350 9.96 0.06
2458498.2620086 9.96 0.06
2458498.2623559 9.92 0.06
2458498.2625295 10.06 0.06
2458498.2628767 9.92 0.05
2458498.2630503 9.92 0.05
2458498.2644392 9.98 0.05
2458498.2686062 9.94 0.05
2458498.2687796 9.98 0.05
2458498.2720781 9.92 0.05
2458498.2752031 9.90 0.04
2458498.2753767 9.89 0.04
2458498.2776336 9.84 0.04
2458498.2783281 9.89 0.05
2458498.2788489 9.96 0.05
2458498.2791961 9.86 0.04
2458498.2793697 9.97 0.05
2458498.2795448 9.93 0.05
2458498.2797182 9.92 0.05
2458498.2798916 9.94 0.05
2458498.2800651 9.91 0.05
2458498.2802385 9.85 0.04
2458498.2804120 9.86 0.04
2458498.2807589 9.90 0.05
2458498.2811059 9.95 0.05
2458498.2824948 9.99 0.05
2458498.2826684 9.90 0.05
2458498.2830156 9.99 0.05
2458498.2835364 9.90 0.05
2458498.2840573 9.91 0.05
2458498.2842309 9.92 0.05
2458498.2847517 9.93 0.05
2458498.2856197 9.98 0.05
2458498.2857934 9.96 0.05
2458498.2859670 9.88 0.04
2458498.2863142 10.00 0.05
2458498.2864878 9.91 0.05
2458498.2870086 9.87 0.05
2458498.2885711 9.91 0.05
2458498.2889184 9.91 0.05
2458498.2892656 9.97 0.05
2458498.2896128 9.95 0.05
2458498.2901336 9.92 0.05
2458498.2904809 9.90 0.05
2458498.2910017 9.96 0.05
2458498.2911753 9.98 0.05
2458498.2913489 9.92 0.05
2458498.2923912 9.95 0.05
2458498.2930850 9.90 0.05
2458498.2937795 9.93 0.05
2458498.2948211 9.97 0.06
2458498.2953420 9.93 0.05
2458498.2955156 9.99 0.05
2458498.2958628 9.91 0.05
2458498.2962100 9.94 0.05
2458498.2963836 9.90 0.05
2458498.2965572 9.92 0.05
2458498.2967309 9.86 0.04
2458498.2974253 9.96 0.05
2458498.2975989 9.96 0.05
2458498.2977725 9.85 0.04
2458498.2996823 9.86 0.05
2458498.3005503 9.80 0.04
2458498.3008975 9.92 0.05
2458498.3010711 9.88 0.05
2458498.3012447 9.93 0.05
2458498.3014184 9.98 0.05
2458498.3015920 9.88 0.05
2458498.3017656 9.90 0.05
2458498.3019392 9.89 0.05
2458498.3022864 9.90 0.05
2458498.3024600 9.93 0.05
2458498.3028072 9.97 0.05
2458498.3035017 9.94 0.05
2458498.3045438 9.98 0.05
2458498.3048907 9.94 0.05
2458498.3054114 9.82 0.04
2458498.3081892 9.89 0.05
2458498.3087100 9.91 0.05
2458498.3090572 9.94 0.05
2458498.3094045 9.81 0.04
2458498.3099253 9.93 0.05
2458498.3114878 9.86 0.05
2458498.3118350 9.86 0.05
2458498.3123559 9.95 0.05
2458498.3128767 9.88 0.05
2458498.3133975 9.92 0.05
2458498.3140920 9.94 0.05
2458498.3142656 10.01 0.05
2458498.3146128 9.95 0.05
2458498.3151336 9.98 0.05
2458498.3158292 9.93 0.05
2458498.3160027 9.97 0.05
2458498.3165230 9.94 0.05
2458500.2342077 9.82 0.06
2458500.2345549 10.01 0.07
2458500.2349022 10.01 0.07
2458500.2352494 10.01 0.07
2458500.2354230 9.89 0.06
2458500.2355966 9.97 0.07
2458500.2359438 9.83 0.06
2458500.2361174 9.91 0.06
2458500.2362910 9.94 0.07
2458500.2364647 9.94 0.07
2458500.2369855 9.87 0.06
2458500.2387216 9.92 0.06
2458500.2390688 9.90 0.06
2458500.2394161 10.04 0.07
2458500.2397633 10.00 0.07
2458500.2399369 9.85 0.06
2458500.2401105 9.98 0.07
2458500.2404577 9.91 0.06
2458500.2408049 9.97 0.07
2458500.2409785 9.95 0.07
2458500.2416730 9.84 0.06
2458500.2421938 9.93 0.06
2458500.2434091 9.95 0.06
2458500.2437563 9.90 0.06
2458500.2439299 9.89 0.06
2458500.2444520 10.09 0.07
2458500.2449724 9.98 0.06
2458500.2451458 9.94 0.06
2458500.2454927 9.94 0.06
2458500.2458397 9.99 0.07
2458500.2461869 9.92 0.06
2458500.2467077 10.03 0.07
2458500.2470549 9.95 0.06
2458500.2472286 9.87 0.06
2458500.2479230 9.83 0.06
2458500.2480966 9.95 0.06
2458500.2482702 9.79 0.05
2458500.2484438 9.92 0.06
2458500.2486174 10.00 0.06
2458500.2487910 9.89 0.06
2458500.2489647 9.91 0.06
2458500.2496591 9.94 0.06
2458500.2498327 9.88 0.06
2458500.2501799 9.85 0.06
2458500.2505272 9.92 0.06
2458500.2507008 9.94 0.06
2458500.2508744 10.01 0.07
2458500.2510480 9.91 0.06
2458500.2515688 9.95 0.06
2458500.2517424 10.02 0.06
2458500.2519160 9.91 0.06
2458500.2520897 9.95 0.06
2458500.2524369 9.92 0.06
2458500.2526105 9.94 0.06
2458500.2531313 10.08 0.07
2458500.2533049 9.95 0.06
2458500.2536522 9.98 0.06
2458500.2546938 9.91 0.06
2458500.2548674 9.85 0.06
2458500.2550411 10.00 0.06
2458500.2552147 10.00 0.06
2458500.2557355 10.01 0.06
2458500.2559091 9.94 0.06
2458500.2560827 9.89 0.06
2458500.2564312 9.95 0.06
2458500.2569515 9.85 0.06
2458500.2571250 9.86 0.06
2458500.2574719 9.93 0.06
2458500.2581660 9.81 0.05
2458500.2583397 9.98 0.06
2458500.2586869 9.95 0.06
2458500.2590341 9.98 0.06
2458500.2592077 9.90 0.06
2458500.2593813 9.98 0.06
2458500.2595549 9.91 0.06
2458500.2599022 9.86 0.06
2458500.2602494 9.90 0.06
2458500.2604230 9.95 0.06
2458500.2607702 9.88 0.06
2458500.2611174 9.93 0.06
2458500.2614647 9.94 0.06
2458500.2616383 9.95 0.06
2458500.2621591 9.99 0.06
2458500.2623327 9.85 0.06
2458500.2625063 10.04 0.06
2458500.2626799 9.90 0.06
2458500.2632008 9.95 0.06
2458500.2635480 9.97 0.06
2458500.2637216 9.93 0.06
2458500.2638952 9.88 0.06
2458500.2640688 10.05 0.06
2458500.2642424 9.93 0.06
2458500.2645897 9.85 0.05
2458500.2649369 9.96 0.06
2458500.2656313 9.90 0.06
2458500.2659785 9.91 0.06
2458500.2661522 9.99 0.06
2458500.2670202 10.00 0.06
2458500.2671938 9.90 0.06
2458500.2673674 9.92 0.06
2458500.2677147 10.00 0.06
2458500.2678883 9.96 0.06
2458500.2682355 9.93 0.06
2458500.2685839 9.99 0.06
2458500.2687573 9.89 0.06
2458500.2689307 9.93 0.06
2458500.2697980 9.95 0.06
2458500.2699716 9.90 0.06
2458500.2703188 9.93 0.06
2458500.2704924 10.11 0.07
2458500.2711869 9.94 0.06
2458500.2717077 9.88 0.06
2458500.2730966 9.94 0.06
2458500.2737910 9.94 0.06
2458500.2739647 10.06 0.06
2458500.2741383 9.87 0.05
2458500.2744855 9.97 0.06
2458500.2750063 9.87 0.05
2458500.2758744 9.91 0.06
2458500.2762216 9.86 0.05
2458500.2765688 9.96 0.06
2458500.2769161 9.99 0.06
2458500.2776105 9.97 0.06
2458500.2781313 9.95 0.06
2458500.2784786 10.03 0.06
2458500.2786522 9.93 0.06
2458500.2789994 9.93 0.06
2458500.2795202 9.92 0.06
2458500.2802147 9.96 0.06
2458500.2805631 9.95 0.06
2458500.2810834 9.97 0.06
2458500.2814303 9.88 0.05
2458500.2817772 9.97 0.06
2458500.2819508 9.91 0.06
2458500.2822980 9.96 0.06
2458500.2826452 9.96 0.06
2458500.2831660 9.89 0.05
2458500.2835133 9.87 0.05
2458500.2836869 9.96 0.06
2458500.2843813 9.94 0.06
2458500.2845549 9.99 0.06
2458500.2847286 9.97 0.06
2458500.2850758 10.00 0.06
2458500.2852494 9.95 0.06
2458500.2855966 9.94 0.06
2458500.2859438 10.04 0.06
2458500.2862911 10.01 0.06
2458500.2864647 9.98 0.06
2458500.2868119 9.92 0.06
2458500.2869855 9.84 0.05
2458500.2871591 9.94 0.06
2458500.2880272 9.90 0.05
2458500.2882008 9.92 0.06
2458500.2883744 9.93 0.06
2458500.2887216 9.92 0.06
2458500.2897633 9.88 0.05
2458500.2904577 9.91 0.05
2458500.2906313 9.86 0.05
2458500.2908049 9.90 0.05
2458500.2909785 9.94 0.06
2458500.2913258 9.90 0.05
2458500.2918466 9.96 0.05
2458500.2921938 9.90 0.05
2458500.2925423 9.89 0.05
2458500.2927157 9.93 0.05
2458500.2928892 9.87 0.05
2458500.2930626 9.85 0.05