2458467.3668514 10.88 0.13
2458467.3673723 10.96 0.14
2458467.3675459 10.85 0.13
2458467.3677195 10.97 0.14
2458467.3678931 10.81 0.12
2458467.3680667 10.84 0.13
2458467.3682403 11.04 0.15
2458467.3685875 10.91 0.13
2458467.3687611 10.88 0.13
2458467.3689347 10.84 0.13
2458467.3691084 10.85 0.13
2458467.3692820 10.91 0.13
2458467.3694556 11.12 0.16
2458467.3696292 11.02 0.15
2458467.3701500 11.02 0.15
2458467.3703236 11.00 0.14
2458467.3704972 11.00 0.15
2458467.3706709 11.00 0.15
2458467.3711917 10.92 0.14
2458467.3715389 11.04 0.15
2458467.3718861 10.92 0.14
2458467.3720598 11.01 0.15
2458467.3722334 10.88 0.13
2458467.3724070 10.98 0.14
2458467.3725806 11.04 0.15
2458467.3727542 11.16 0.17
2458467.3729278 11.06 0.16
2458467.3731014 10.86 0.13
2458467.3732750 10.88 0.13
2458467.3734486 10.87 0.13
2458467.3736223 11.11 0.16
2458467.3741431 10.92 0.14
2458467.3743167 10.88 0.13
2458467.3746639 10.86 0.13
2458467.3751848 10.93 0.14
2458467.3753584 11.07 0.15
2458467.3758801 10.93 0.14
2458467.3767473 11.01 0.15
2458467.3770945 10.94 0.14
2458467.3772681 10.77 0.12
2458467.3774417 10.89 0.13
2458467.3776153 10.83 0.13
2458467.3783097 10.92 0.14
2458467.3791778 10.75 0.12
2458467.3795250 11.06 0.16
2458467.3800459 10.92 0.14
2458467.3802195 11.02 0.15
2458467.3803931 10.88 0.13
2458467.3809139 11.00 0.15
2458467.3816084 10.77 0.12
2458467.3823028 10.93 0.14
2458467.3826500 11.03 0.15
2458467.3831709 10.76 0.12
2458467.3835181 10.94 0.14
2458467.3836917 10.92 0.14
2458467.3838653 10.92 0.14
2458467.3840389 10.87 0.13
2458467.3842125 11.04 0.16
2458467.3843861 10.98 0.15
2458467.3845597 11.11 0.16
2458467.3847334 11.02 0.15
2458467.3854278 10.94 0.14
2458467.3857750 10.85 0.13
2458467.3861222 10.89 0.14
2458467.3864695 10.96 0.14
2458467.3868167 10.90 0.14
2458467.3882061 10.82 0.13
2458467.3883795 10.87 0.13
2458467.3885530 10.98 0.15
2458467.3889000 10.89 0.13
2458467.3892473 10.96 0.14
2458467.3894209 11.06 0.16
2458467.3895945 10.95 0.14
2458467.3897681 11.05 0.16
2458467.3899417 11.20 0.18
2458467.3901153 10.85 0.13
2458467.3902889 10.84 0.13
2458467.3906361 10.94 0.14
2458467.3908098 11.04 0.15
2458467.3909834 10.77 0.12
2458467.3913306 10.82 0.13
2458467.3915042 10.97 0.15
2458467.3916778 10.77 0.12
2458467.3918514 10.91 0.14
2458467.3920250 10.89 0.13
2458467.3925459 10.90 0.14
2458467.3937611 10.85 0.13
2458467.3939347 10.96 0.15
2458467.3941084 10.88 0.13
2458467.3942820 10.90 0.14
2458467.3944556 10.86 0.13
2458467.3948028 10.83 0.13
2458467.3951500 10.91 0.14
2458467.3953236 10.81 0.13
2458467.3958445 10.97 0.15
2458467.3960181 11.04 0.16
2458467.3963653 10.96 0.14
2458467.3965389 10.88 0.13
2458467.3967125 10.90 0.14
2458467.3972334 10.93 0.14
2458467.3975806 10.86 0.13
2458467.3977542 10.86 0.13
2458467.3979278 10.95 0.14
2458467.3984486 10.84 0.13
2458467.3987959 11.01 0.15
2458467.3989695 10.78 0.12
2458467.3998383 10.77 0.12
2458467.4003586 10.94 0.14
2458467.4005321 10.98 0.15
2458467.4015736 10.90 0.14
2458467.4019209 10.88 0.14
2458467.4022681 10.90 0.14
2458467.4026153 10.99 0.15
2458467.4033098 10.88 0.13
2458467.4034834 10.97 0.15
2458467.4041778 10.97 0.15
2458467.4048723 10.90 0.14
2458467.4050459 10.85 0.13
2458467.4055667 11.02 0.15
2458467.4060875 11.09 0.16
2458467.4064348 10.90 0.14
2458467.4066084 10.85 0.13
2458467.4071292 10.95 0.14
2458467.4073028 10.79 0.12
2458467.4074764 10.92 0.14
2458467.4076500 10.99 0.15
2458467.4078236 10.91 0.14
2458467.4079972 10.93 0.14
2458467.4083445 10.96 0.15
2458467.4088653 10.88 0.14
2458467.4090389 10.98 0.15
2458467.4092125 10.83 0.13
2458467.4093861 10.89 0.14
2458467.4095597 10.99 0.15
2458467.4099070 10.84 0.13
2458467.4100806 11.02 0.16
2458467.4102542 10.93 0.14
2458467.4106014 10.96 0.15
2458467.4109486 10.90 0.14
2458467.4111236 10.99 0.15
2458467.4119908 10.81 0.13
2458467.4121643 11.06 0.16
2458467.4123377 10.90 0.14
2458467.4125112 10.99 0.15
2458467.4126848 10.94 0.14
2458467.4128584 11.06 0.16
2458467.4130320 10.96 0.15
2458467.4132056 11.01 0.15
2458467.4133792 11.05 0.16
2458467.4135528 11.04 0.16
2458467.4137264 10.99 0.15
2458467.4140736 10.96 0.15
2458467.4142473 10.93 0.14
2458467.4144209 10.89 0.14
2458467.4145945 10.97 0.15
2458467.4147681 10.99 0.15
2458467.4149417 11.03 0.16
2458467.4152889 10.99 0.15
2458467.4154625 10.92 0.14
2458467.4158097 10.74 0.12
2458467.4163306 10.86 0.13
2458467.4165042 10.88 0.14
2458467.4178931 10.90 0.14
2458467.4182403 10.89 0.14
2458467.4198028 10.77 0.13
2458467.4201500 10.94 0.15
2458467.4203236 10.79 0.13
2458469.3667865 10.91 0.10
2458469.3670135 10.78 0.09
2458469.3671871 10.89 0.10
2458469.3673607 10.93 0.10
2458469.3675343 11.00 0.11
2458469.3677079 10.83 0.09
2458469.3678815 10.86 0.10
2458469.3680551 10.91 0.10
2458469.3682287 10.98 0.11
2458469.3684023 11.09 0.12
2458469.3685760 10.87 0.10
2458469.3687496 11.01 0.11
2458469.3689232 10.97 0.10
2458469.3690968 10.85 0.09
2458469.3692704 11.00 0.11
2458469.3694440 10.85 0.09
2458469.3696176 11.02 0.11
2458469.3697912 10.95 0.10
2458469.3699648 10.97 0.11
2458469.3701384 11.00 0.11
2458469.3703121 11.00 0.11
2458469.3704857 10.83 0.09
2458469.3706593 11.11 0.12
2458469.3708329 10.88 0.10
2458469.3710065 10.91 0.10
2458469.3711801 11.04 0.11
2458469.3713537 10.95 0.10
2458469.3715273 11.01 0.11
2458469.3717009 11.01 0.11
2458469.3718746 11.17 0.13
2458469.3720482 11.00 0.11
2458469.3722218 10.93 0.10
2458469.3723954 10.79 0.09
2458469.3725690 10.92 0.10
2458469.3727426 10.96 0.10
2458469.3729162 10.93 0.10
2458469.3730898 10.90 0.10
2458469.3732635 11.16 0.13
2458469.3734371 10.97 0.11
2458469.3736107 10.91 0.10
2458469.3737843 11.16 0.12
2458469.3739579 11.05 0.11
2458469.3743051 10.87 0.10
2458469.3744787 10.95 0.10
2458469.3746524 11.03 0.11
2458469.3748260 10.96 0.10
2458469.3749996 11.11 0.12
2458469.3751732 11.18 0.13
2458469.3753468 10.84 0.09
2458469.3755204 10.95 0.10
2458469.3756940 10.98 0.11
2458469.3758676 11.13 0.12
2458469.3760425 10.92 0.10
2458469.3762159 10.81 0.09
2458469.3763894 11.11 0.12
2458469.3765628 11.13 0.12
2458469.3767363 11.09 0.12
2458469.3769097 10.90 0.10
2458469.3770832 11.05 0.11
2458469.3772566 10.95 0.10
2458469.3774301 10.82 0.09
2458469.3776037 10.87 0.10
2458469.3777773 11.01 0.11
2458469.3779510 10.94 0.10
2458469.3781246 10.96 0.10
2458469.3782982 10.96 0.11
2458469.3784718 11.07 0.11
2458469.3786454 10.92 0.10
2458488.3044163 11.20 0.16
2458488.3045899 11.05 0.14
2458488.3052844 11.05 0.14
2458488.3054579 11.04 0.14
2458488.3056316 11.00 0.14
2458488.3061524 10.99 0.13
2458488.3064996 11.07 0.15
2458488.3068468 10.94 0.13
2458488.3078885 11.03 0.14
2458488.3084093 11.08 0.15
2458488.3085830 10.72 0.11
2458488.3087566 10.90 0.13
2458488.3089302 11.00 0.14
2458488.3091038 11.04 0.14
2458488.3094522 11.03 0.14
2458488.3096257 10.97 0.14
2458488.3097991 11.04 0.14
2458488.3099726 11.10 0.15
2458488.3106663 11.14 0.16
2458488.3108399 11.05 0.15
2458488.3111871 11.02 0.14
2458488.3118816 10.99 0.14
2458488.3120552 11.07 0.15
2458488.3122288 10.95 0.13
2458488.3124024 11.10 0.15
2458488.3125760 11.09 0.15
2458488.3132705 11.04 0.14
2458488.3134441 11.11 0.16
2458488.3137913 11.08 0.15
2458488.3141385 10.78 0.12
2458488.3143121 10.97 0.14
2458488.3148330 11.12 0.16
2458488.3153538 11.03 0.14
2458488.3155274 10.94 0.14
2458488.3165691 11.03 0.15
2458488.3176107 10.88 0.13
2458488.3179580 10.94 0.13
2458488.3188260 10.97 0.14
2458488.3196941 10.92 0.13
2458488.3198677 10.85 0.13
2458488.3209094 11.03 0.15
2458488.3210830 10.82 0.12
2458488.3212579 11.20 0.17
2458488.3226455 11.00 0.14
2458488.3229927 10.92 0.13
2458488.3236871 10.92 0.13
2458488.3243816 11.11 0.16
2458488.3245552 10.83 0.13
2458488.3250760 11.01 0.15
2458488.3252496 11.08 0.16
2458488.3261177 11.00 0.15
2458488.3264649 10.94 0.14
2458488.3268121 11.00 0.14
2458488.3271594 10.95 0.14
2458488.3275066 11.03 0.15
2458488.3276802 10.95 0.14
2458488.3282010 11.06 0.16
2458488.3288955 11.05 0.15
2458488.3290691 10.88 0.13
2458488.3292427 10.86 0.13
2458488.3294163 11.11 0.16
2458488.3295899 11.13 0.17
2458488.3302843 11.03 0.15
2458488.3311524 10.81 0.12
2458488.3314996 10.98 0.14
2458488.3316732 10.93 0.14
2458488.3325413 10.99 0.14
2458488.3330621 11.01 0.15
2458488.3334105 11.01 0.15
2458488.3339308 11.08 0.16
2458488.3356663 10.99 0.15
2458488.3358399 11.06 0.16
2458488.3360135 10.81 0.12
2458488.3365344 11.06 0.16
2458488.3368816 10.86 0.13
2458488.3374024 11.09 0.16
2458488.3375760 10.92 0.14
2458488.3377496 11.04 0.15
2458488.3379232 10.75 0.12
2458488.3384441 11.06 0.16
2458488.3394857 10.99 0.15
2458488.3396593 10.80 0.13
2458488.3398330 11.04 0.15
2458488.3407010 11.04 0.15
2458488.3410482 10.95 0.14
2458488.3420899 11.19 0.18
2458488.3427844 10.84 0.13
2458488.3429580 10.71 0.11
2458488.3433052 11.09 0.16
2458488.3438260 10.88 0.13
2458488.3446941 10.92 0.14
2458488.3450413 10.99 0.15
2458488.3452162 10.93 0.14
2458488.3453896 10.87 0.13
2458488.3460834 10.93 0.14
2458488.3462569 10.88 0.13
2458488.3469510 10.80 0.13
2458488.3471246 10.98 0.15
2458488.3478191 11.07 0.16
2458488.3485135 11.02 0.15
2458488.3488607 10.98 0.15
2458488.3490344 10.97 0.15
2458488.3492080 10.97 0.14
2458488.3493816 10.91 0.14
2458488.3495552 10.90 0.14
2458488.3499024 11.01 0.15
2458488.3500760 11.09 0.16
2458488.3502496 11.11 0.16
2458488.3504232 10.83 0.13
2458488.3511177 11.00 0.15
2458488.3519857 10.95 0.14
2458488.3521594 10.90 0.14
2458488.3526802 11.00 0.15
2458488.3528538 10.91 0.14
2458488.3532010 11.06 0.16
2458488.3537218 10.80 0.12
2458488.3538955 11.08 0.16
2458488.3547635 10.88 0.13
2458488.3549371 10.85 0.13
2458488.3551107 10.86 0.13
2458488.3556316 10.98 0.15
2458488.3558052 11.03 0.15
2458488.3559788 10.95 0.14
2458488.3564996 11.04 0.16
2458488.3566732 10.91 0.14
2458488.3568469 10.84 0.13
2458488.3571953 11.01 0.15
2458488.3573687 10.85 0.13
2458488.3580625 10.94 0.14
2458488.3589302 10.93 0.14
2458488.3596246 10.90 0.14
2458488.3599718 10.93 0.14
2458488.3606663 10.71 0.11
2458488.3610135 10.73 0.12
2458488.3613607 11.01 0.15
2458488.3615343 10.90 0.14
2458488.3618816 10.79 0.12
2458488.3622288 10.87 0.13
2458488.3627496 10.91 0.14
2458488.3630968 10.89 0.13
2458488.3632705 11.00 0.15
2458488.3637913 10.75 0.12
2458488.3644857 10.92 0.14
2458488.3646594 11.00 0.15
2458488.3655274 10.86 0.13
2458488.3657010 10.85 0.13
2458488.3658746 10.83 0.13
2458488.3662219 10.90 0.14
2458488.3663955 10.92 0.14
2458488.3665691 10.88 0.14
2458488.3667427 11.02 0.15
2458488.3669163 10.98 0.15
2458488.3670899 10.81 0.13
2458488.3672635 11.03 0.15
2458488.3677844 10.87 0.13
2458488.3679580 11.04 0.16
2458488.3683052 10.77 0.12
2458488.3684788 10.82 0.13
2458488.3686524 10.80 0.12
2458488.3690010 10.92 0.14
2458488.3691744 10.81 0.13
2458488.3693479 11.02 0.15
2458488.3696948 10.96 0.15
2458488.3698682 11.01 0.15
2458488.3700417 11.02 0.16
2458488.3702150 10.99 0.15
2458488.3703885 11.08 0.16
2458488.3705621 10.81 0.13
2458488.3714302 11.02 0.15
2458488.3716038 11.05 0.16
2458488.3717774 11.05 0.16
2458488.3721246 11.07 0.16
2458488.3724718 10.91 0.14
2458488.3729927 10.92 0.14
2458488.3733399 10.92 0.14
2458488.3735135 10.75 0.12
2458488.3736871 10.97 0.15
2458488.3740343 10.78 0.12
2458493.2519739 10.86 0.12
2458493.2521475 10.87 0.12
2458493.2523211 10.84 0.12
2458493.2524947 10.88 0.12
2458493.2526684 11.05 0.14
2458493.2528420 11.00 0.13
2458493.2530156 11.03 0.14
2458493.2531892 11.06 0.14
2458493.2533628 10.76 0.11
2458493.2535364 10.72 0.10
2458493.2537100 10.76 0.11
2458493.2538836 10.75 0.11
2458493.2540586 10.83 0.11
2458493.2542320 10.80 0.11
2458493.2544055 10.95 0.13
2458493.2545789 10.87 0.12
2458493.2547524 10.98 0.13
2458493.2549258 10.94 0.13
2458493.2550993 10.77 0.11
2458493.2554461 10.72 0.10
2458493.2556198 10.69 0.10
2458493.2557934 10.94 0.13
2458493.2559670 10.85 0.12
2458493.2561406 10.90 0.12
2458493.2563142 10.91 0.12
2458493.2564878 10.67 0.10
2458493.2566614 10.94 0.13
2458493.2568350 10.95 0.13
2458493.2570086 10.74 0.10
2458493.2573559 10.78 0.11
2458493.2575295 10.83 0.11
2458493.2577031 10.67 0.10
2458493.2578767 11.14 0.15
2458493.2580503 10.97 0.13
2458493.2582239 10.70 0.10
2458493.2583975 10.99 0.13
2458493.2585711 10.87 0.12
2458493.2587447 10.80 0.11
2458493.2589184 10.81 0.11
2458493.2590920 10.99 0.13
2458493.2592656 10.89 0.12
2458493.2594392 10.95 0.13
2458493.2596128 10.87 0.12
2458493.2597864 10.87 0.12
2458493.2599600 10.86 0.12
2458493.2601336 10.81 0.11
2458493.2603072 11.09 0.14
2458493.2604809 10.80 0.11
2458493.2606545 10.83 0.11
2458493.2608281 11.04 0.14
2458493.2610017 10.92 0.12
2458493.2611753 10.76 0.11
2458493.2613489 11.10 0.15
2458493.2615225 10.92 0.12
2458493.2616961 11.12 0.15
2458493.2618697 10.67 0.10
2458493.2620434 11.07 0.14
2458493.2622170 10.70 0.10
2458493.2623906 10.87 0.12
2458493.2625642 10.74 0.10
2458493.2627378 10.97 0.13
2458493.2629114 11.09 0.14
2458493.2630850 11.00 0.13
2458493.2634323 11.06 0.14
2458493.2636059 10.85 0.12
2458493.2637795 11.07 0.14
2458493.2639531 10.88 0.12
2458493.2641267 10.80 0.11
2458493.2643003 10.91 0.12
2458493.2644739 10.87 0.12
2458493.2648211 10.85 0.12
2458493.2649948 11.01 0.13
2458493.2651684 11.03 0.14
2458493.2653420 10.91 0.12
2458493.2655156 10.94 0.12
2458493.2656892 10.90 0.12
2458493.2658628 10.90 0.12
2458493.2660378 10.84 0.12
2458493.2662112 10.84 0.11
2458493.2663847 10.88 0.12
2458493.2665581 10.83 0.11
2458493.2667316 10.97 0.13
2458493.2669050 11.02 0.13
2458493.2670784 10.90 0.12
2458493.2674253 11.01 0.13
2458493.2675989 10.89 0.12
2458493.2677725 10.80 0.11
2458493.2679461 10.93 0.12
2458493.2681197 10.85 0.12
2458493.2682934 11.03 0.13
2458493.2684670 10.77 0.11
2458493.2688142 10.80 0.11
2458493.2689878 10.88 0.12
2458493.2691614 10.90 0.12
2458493.2693350 10.94 0.12
2458493.2695086 10.89 0.12
2458493.2696822 11.12 0.15
2458493.2698559 10.93 0.12
2458493.2700295 10.98 0.13
2458493.2702031 10.88 0.12
2458493.2703767 10.78 0.11
2458493.2705503 10.90 0.12
2458493.2707239 10.80 0.11
2458493.2708975 10.97 0.13
2458493.2710711 11.04 0.14
2458493.2712448 10.88 0.12
2458493.2714184 10.91 0.12
2458493.2715920 10.98 0.13
2458493.2717656 10.96 0.13
2458493.2719392 11.01 0.13
2458493.2721128 10.87 0.12
2458493.2722864 10.81 0.11
2458493.2724600 10.95 0.13
2458493.2726336 10.88 0.12
2458493.2728073 10.96 0.13
2458493.2729809 10.97 0.13
2458493.2731545 11.10 0.14
2458493.2733281 11.14 0.15
2458493.2735017 10.94 0.12
2458493.2736753 10.92 0.12
2458493.2738489 10.93 0.12
2458493.2740225 10.87 0.12
2458493.2743697 10.89 0.12
2458493.2745434 10.91 0.12
2458493.2747170 10.97 0.13
2458493.2748906 11.08 0.14
2458493.2750642 10.98 0.13
2458493.2754114 10.79 0.11
2458493.2755850 10.86 0.12
2458493.2757586 10.82 0.11
2458493.2759322 10.93 0.12
2458493.2761059 10.89 0.12
2458493.2764531 10.85 0.12
2458493.2768003 11.04 0.14
2458493.2769739 11.02 0.13
2458493.2771475 10.82 0.11
2458493.2774947 10.98 0.13
2458493.2776684 11.03 0.14
2458493.2778420 10.78 0.11
2458493.2780169 11.10 0.15
2458493.2781904 10.98 0.13
2458493.2783638 10.92 0.12
2458493.2785373 10.99 0.13
2458493.2787107 10.87 0.12
2458493.2788841 10.93 0.13
2458493.2790576 10.95 0.13
2458493.2792310 10.96 0.13
2458493.2795781 10.88 0.12
2458493.2797517 11.00 0.13
2458493.2799253 11.01 0.13
2458493.2800989 10.84 0.12
2458493.2802725 10.99 0.13
2458493.2804461 11.02 0.13
2458493.2806198 10.93 0.12
2458493.2807934 10.97 0.13
2458493.2809670 10.97 0.13
2458493.2811406 10.84 0.11
2458493.2813142 11.03 0.14
2458493.2814878 10.91 0.12
2458493.2816614 11.12 0.15
2458493.2818350 10.80 0.11
2458493.2823559 10.88 0.12
2458493.2825295 10.94 0.13
2458493.2827031 10.93 0.13
2458493.2828767 10.93 0.12
2458493.2830503 10.84 0.11
2458493.2832239 10.86 0.12
2458493.2833975 11.00 0.13
2458493.2835711 10.87 0.12
2458493.2837447 10.99 0.13
2458493.2839184 10.93 0.13
2458493.2840920 10.82 0.11
2458493.2842656 10.82 0.11
2458493.2844392 11.08 0.14
2458493.2846128 10.79 0.11
2458493.2847864 10.95 0.13
2458493.2849600 11.21 0.16
2458493.2851336 11.05 0.14
2458493.2853072 11.16 0.15
2458493.2854809 11.08 0.14
2458493.2856545 11.03 0.14
2458493.2858281 10.98 0.13
2458493.2860017 11.09 0.14
2458493.2861753 10.91 0.12
2458493.2863489 11.00 0.13
2458493.2866961 10.83 0.11
2458493.2868698 11.03 0.14
2458493.2870434 10.93 0.12
2458493.2872170 10.93 0.12
2458493.2873906 11.11 0.15
2458493.2875642 10.95 0.13
2458493.2877378 10.94 0.13
2458493.2879114 11.22 0.16
2458493.2880850 10.99 0.13
2458493.2882586 11.07 0.14
2458493.2884323 10.79 0.11
2458493.2886059 11.01 0.13
2458493.2887795 10.97 0.13
2458493.2889531 10.88 0.12
2458493.2891267 10.95 0.13
2458493.2893003 11.10 0.14
2458493.2894739 10.94 0.13
2458493.2896475 11.13 0.15
2458493.2898211 11.04 0.14
2458493.2899961 11.07 0.14
2458493.2901695 10.99 0.13
2458493.2903429 10.95 0.13
2458493.2905164 10.87 0.12
2458493.2906898 11.20 0.16
2458493.2908633 10.82 0.11
2458493.2910367 10.93 0.12
2458493.2912102 11.00 0.13
2458493.2913836 10.85 0.12
2458493.2915572 11.08 0.14
2458493.2917309 10.91 0.12
2458493.2919045 10.86 0.12
2458493.2920781 10.91 0.12
2458493.2922517 11.04 0.14
2458493.2924253 11.08 0.14
2458493.2925989 10.87 0.12
2458493.2927725 11.03 0.13
2458493.2929461 11.03 0.13
2458493.2931197 11.02 0.13
2458493.2932934 11.08 0.14
2458493.2934670 11.05 0.14
2458493.2936406 11.22 0.16
2458493.2938142 10.86 0.12
2458493.2939878 10.92 0.12
2458493.2943350 10.95 0.13
2458493.2945086 10.91 0.12
2458493.2946823 10.95 0.13
2458493.2948559 11.04 0.14
2458493.2952031 11.05 0.14
2458493.2957239 10.81 0.11
2458493.2958975 10.82 0.11
2458493.2960711 11.05 0.14
2458493.2962448 10.85 0.12
2458493.2964184 11.05 0.14
2458493.2967656 10.78 0.11
2458493.2969392 11.01 0.13
2458493.2971128 10.83 0.11
2458493.2972864 10.91 0.12
2458493.2974600 11.10 0.15
2458493.2976336 11.10 0.15
2458493.2978072 11.00 0.13
2458493.2979809 10.98 0.13
2458493.2981545 10.98 0.13
2458493.2985017 10.82 0.11
2458493.2986753 10.92 0.12
2458493.2988489 11.12 0.15
2458493.2990225 11.08 0.14
2458493.2991961 10.96 0.13
2458493.2993697 10.91 0.13
2458493.2995434 11.15 0.15
2458493.2997170 10.90 0.12
2458493.2998906 11.09 0.15
2458493.3000642 10.97 0.13
2458493.3004114 11.07 0.14
2458493.3005850 10.89 0.12
2458493.3007586 11.06 0.14
2458493.3018931 10.78 0.11
2458493.3021591 11.14 0.15
2458493.3023327 10.95 0.13
2458493.3025063 11.14 0.15
2458493.3028536 10.87 0.12
2458493.3030272 10.88 0.12
2458493.3032008 11.01 0.13
2458493.3033744 11.05 0.14
2458493.3035480 11.05 0.14
2458493.3037216 10.78 0.11
2458493.3040688 11.14 0.15
2458493.3042424 10.98 0.13
2458493.3044161 11.01 0.13
2458493.3045897 11.13 0.15
2458493.3047633 10.91 0.12
2458493.3049369 11.07 0.14
2458493.3051105 10.96 0.13
2458493.3052841 10.87 0.12
2458493.3054577 10.88 0.12
2458493.3056313 10.99 0.13
2458493.3058049 11.08 0.14
2458493.3061522 10.94 0.12
2458493.3063258 10.91 0.12
2458493.3064994 10.97 0.13
2458493.3066730 11.08 0.14
2458493.3068466 11.01 0.13
2458493.3070202 11.11 0.15
2458493.3071938 10.88 0.12
2458493.3073674 11.02 0.13
2458493.3075410 10.99 0.13
2458493.3077147 11.05 0.14
2458493.3078883 11.06 0.14
2458493.3080619 11.12 0.15
2458493.3082355 10.98 0.13
2458493.3084091 11.07 0.14
2458493.3085827 11.00 0.13
2458493.3087563 10.98 0.13
2458493.3089299 10.85 0.11
2458493.3091036 10.92 0.12
2458493.3092772 10.85 0.11
2458493.3094508 10.99 0.13
2458493.3096244 10.86 0.12
2458493.3097980 10.99 0.13
2458493.3099716 10.90 0.12
2458493.3101452 10.95 0.13
2458493.3103188 10.87 0.12
2458493.3104924 10.95 0.12
2458493.3106661 10.86 0.12
2458493.3108397 11.07 0.14
2458493.3110133 11.11 0.14
2458493.3111869 10.97 0.13
2458493.3113605 10.96 0.13
2458493.3115341 11.01 0.13
2458493.3117077 10.99 0.13
2458493.3118813 10.88 0.12
2458493.3120549 11.11 0.14
2458493.3122298 11.05 0.14
2458493.3124033 10.95 0.12
2458493.3125767 11.00 0.13
2458493.3130971 11.11 0.14
2458493.3132705 10.97 0.13
2458493.3134439 11.17 0.15
2458493.3136174 10.98 0.13
2458493.3137910 11.17 0.15
2458493.3139647 11.00 0.13
2458493.3141383 10.85 0.11
2458493.3143119 11.09 0.14
2458493.3144855 10.96 0.13
2458493.3150063 11.06 0.14
2458493.3151799 11.01 0.13
2458493.3158744 11.00 0.13
2458493.3160480 10.90 0.12
2458493.3162216 11.04 0.13
2458493.3163952 11.09 0.14
2458493.3165688 11.12 0.14
2458493.3167424 10.89 0.12
2458493.3169161 11.13 0.15
2458493.3172633 10.83 0.11
2458493.3174369 10.78 0.11
2458493.3176105 10.92 0.12
2458493.3177841 11.09 0.14
2458493.3184786 11.07 0.14
2458493.3188258 11.13 0.15
2458493.3189994 11.05 0.13
2458493.3191730 11.10 0.14
2458493.3193466 10.96 0.12
2458493.3195202 11.03 0.13
2458493.3196938 10.80 0.11
2458493.3198674 10.97 0.13
2458493.3200411 10.77 0.10
2458493.3202147 10.95 0.12
2458493.3203883 11.11 0.14
2458493.3205619 10.82 0.11
2458493.3207355 10.90 0.12
2458493.3209091 11.09 0.14
2458493.3210827 10.85 0.11
2458493.3212563 11.01 0.13
2458493.3216035 11.30 0.17
2458493.3217772 11.03 0.13
2458493.3219508 11.06 0.14
2458493.3221244 11.07 0.14
2458493.3222980 11.04 0.13
2458493.3224716 10.92 0.12
2458493.3226452 11.02 0.13
2458493.3228188 10.94 0.12
2458493.3229924 10.86 0.11
2458493.3231662 10.91 0.12
2458493.3233397 10.91 0.12
2458493.3235133 11.07 0.14
2458493.3236869 10.85 0.11
2458493.3238605 11.07 0.14
2458493.3240341 10.82 0.11
2458493.3242090 10.93 0.12
2458493.3243824 11.15 0.15
2458493.3245559 11.04 0.13
2458493.3247293 10.78 0.11
2458493.3249028 11.08 0.14
2458493.3250762 10.92 0.12
2458493.3252497 11.10 0.14
2458493.3254231 11.04 0.13
2458493.3255966 10.99 0.13
2458493.3257702 11.05 0.13
2458493.3259438 11.02 0.13
2458493.3261174 10.85 0.11
2458493.3262911 10.74 0.10
2458493.3266383 10.83 0.11
2458493.3268119 10.84 0.11
2458493.3269855 10.94 0.12
2458493.3271591 10.82 0.11
2458493.3273327 11.10 0.14
2458493.3275063 10.92 0.12
2458493.3276799 10.90 0.12
2458493.3278536 11.07 0.14
2458493.3280272 10.92 0.12
2458493.3282008 11.14 0.14
2458493.3283744 10.92 0.12
2458493.3285480 10.96 0.12
2458493.3288952 10.85 0.11
2458493.3290688 11.05 0.13
2458493.3292430 11.02 0.13
2458493.3294160 10.97 0.12
2458493.3295897 11.23 0.16
2458493.3297633 10.80 0.11
2458493.3299369 11.07 0.14
2458493.3301105 11.01 0.13
2458493.3302841 10.94 0.12
2458493.3304577 10.98 0.13
2458493.3306313 11.08 0.14
2458493.3308049 11.05 0.13
2458493.3309785 11.20 0.15
2458493.3311522 10.89 0.12
2458493.3313258 10.73 0.10
2458493.3314994 10.96 0.12
2458493.3316730 10.87 0.11
2458493.3318466 10.99 0.13
2458493.3320202 10.90 0.12
2458493.3321938 10.91 0.12
2458493.3323674 10.99 0.13
2458493.3325411 10.95 0.12
2458493.3327147 10.90 0.12
2458493.3328883 10.93 0.12
2458493.3330619 10.75 0.10
2458493.3332355 11.01 0.13
2458493.3334091 10.89 0.12
2458493.3335827 11.03 0.13
2458493.3337563 10.95 0.12
2458493.3339299 11.01 0.13
2458493.3341036 10.98 0.13
2458493.3342772 10.76 0.10
2458493.3344508 10.95 0.12
2458493.3346244 11.02 0.13
2458493.3347980 10.98 0.13
2458493.3349716 10.90 0.12
2458493.3353188 10.94 0.12
2458493.3354924 10.98 0.13
2458493.3356661 11.04 0.13
2458493.3358397 10.95 0.12
2458493.3360133 10.93 0.12
2458493.3361882 11.08 0.14
2458493.3363616 11.11 0.14
2458493.3365351 10.90 0.12
2458493.3367085 10.99 0.13
2458493.3368820 11.07 0.14
2458493.3370554 10.98 0.13
2458493.3372288 10.85 0.11
2458493.3374023 11.06 0.14
2458493.3375758 10.86 0.11
2458493.3377494 10.93 0.12
2458493.3379230 10.84 0.11
2458493.3380966 10.89 0.12
2458493.3382702 11.01 0.13
2458493.3384438 11.04 0.14
2458493.3386174 11.04 0.14
2458493.3387910 10.81 0.11
2458493.3389647 10.99 0.13
2458493.3391383 10.90 0.12
2458493.3393119 10.92 0.12
2458493.3394855 10.93 0.12
2458493.3396591 11.11 0.15
2458493.3398327 10.72 0.10
2458493.3400063 10.78 0.11
2458493.3401799 10.98 0.13
2458493.3403536 10.90 0.12
2458493.3405272 10.85 0.11
2458493.3407008 11.00 0.13
2458493.3408744 10.83 0.11
2458493.3410480 10.98 0.13
2458493.3412216 10.86 0.12
2458493.3415688 10.80 0.11
2458493.3417424 10.92 0.12
2458493.3419161 10.89 0.12
2458493.3420897 11.07 0.14
2458493.3422633 10.89 0.12
2458493.3424369 10.78 0.11
2458493.3426105 10.88 0.12
2458493.3429577 10.97 0.13
2458493.3431313 11.08 0.14
2458493.3433049 10.94 0.12
2458493.3434786 10.75 0.10
2458493.3436522 10.94 0.13
2458493.3438258 11.20 0.16
2458493.3441730 10.86 0.12
2458493.3443466 10.93 0.12
2458493.3445202 11.11 0.15
2458493.3446938 11.06 0.14
2458493.3448674 11.07 0.14
2458493.3450410 10.93 0.12
2458493.3452147 10.96 0.13
2458493.3453883 11.06 0.14
2458493.3455619 10.94 0.12
2458493.3457355 11.04 0.14
2458493.3459091 10.91 0.12
2458493.3460827 11.05 0.14
2458493.3462563 10.94 0.12
2458493.3464299 10.86 0.12
2458493.3466035 10.99 0.13
2458493.3467772 10.96 0.13
2458493.3469508 11.00 0.13
2458493.3471244 10.98 0.13
2458493.3472980 11.09 0.14
2458493.3474716 11.05 0.14
2458493.3478188 10.70 0.10
2458493.3479924 10.91 0.12
2458493.3481673 11.00 0.13
2458493.3483408 11.07 0.14
2458493.3485142 11.05 0.14
2458493.3486876 11.14 0.15
2458493.3488611 10.84 0.11
2458493.3490345 10.88 0.12
2458493.3492080 10.91 0.12
2458493.3493814 10.92 0.12
2458493.3495549 10.94 0.13
2458493.3497286 11.01 0.13
2458493.3499022 11.00 0.13
2458493.3500758 10.94 0.13
2458493.3504230 11.02 0.13
2458493.3505966 10.99 0.13
2458493.3507702 10.93 0.12
2458493.3509438 11.01 0.13
2458493.3511174 10.92 0.12
2458493.3512911 11.05 0.14
2458493.3516383 10.97 0.13
2458493.3518119 11.02 0.13
2458493.3519855 10.92 0.12
2458493.3521591 10.96 0.13
2458493.3523327 11.12 0.15
2458493.3525063 11.01 0.13
2458493.3526799 10.89 0.12
2458493.3528535 10.95 0.12
2458493.3530272 11.09 0.14
2458493.3532008 10.90 0.12
2458493.3533744 10.84 0.11
2458493.3535480 10.73 0.10
2458493.3537216 11.08 0.14
2458493.3538952 10.85 0.11
2458493.3540688 10.91 0.12
2458493.3542424 10.96 0.12
2458493.3544160 10.93 0.12
2458493.3545897 10.91 0.12
2458493.3547633 10.91 0.12
2458493.3549369 10.95 0.13
2458493.3551105 10.89 0.12
2458493.3554577 10.97 0.13
2458493.3556313 10.78 0.11
2458493.3558049 11.07 0.14
2458493.3559786 10.99 0.13
2458493.3561522 10.98 0.13
2458493.3563258 10.92 0.12
2458493.3564994 10.91 0.12
2458493.3566730 10.94 0.12
2458493.3568466 10.95 0.12
2458493.3570202 10.98 0.13
2458493.3571938 10.63 0.09
2458493.3573674 10.88 0.12
2458493.3575411 11.03 0.13
2458493.3578883 11.08 0.14
2458493.3580619 11.11 0.14
2458493.3582355 10.87 0.11
2458493.3584091 11.04 0.13
2458493.3585827 11.12 0.14
2458493.3587563 10.82 0.11
2458493.3589299 10.99 0.13
2458493.3591036 10.99 0.13
2458493.3592772 10.94 0.12
2458493.3594508 10.82 0.11
2458493.3596244 10.94 0.12
2458493.3599716 10.89 0.12
2458493.3601465 11.06 0.14
2458493.3603199 11.03 0.13
2458493.3604934 10.90 0.12
2458493.3608403 11.08 0.14
2458493.3610137 10.89 0.12
2458493.3611871 11.05 0.14
2458493.3613606 10.86 0.11
2458493.3615341 11.00 0.13
2458493.3617077 10.98 0.13
2458493.3618813 10.84 0.11
2458493.3622285 10.95 0.12
2458493.3624022 11.20 0.16
2458493.3625758 11.01 0.13
2458493.3627494 10.99 0.13
2458493.3629230 11.02 0.13
2458493.3630966 11.01 0.13
2458493.3632702 11.03 0.13
2458493.3634438 11.03 0.13
2458493.3636174 11.06 0.14
2458493.3637911 10.79 0.11
2458493.3639647 10.87 0.12
2458493.3641383 11.00 0.13
2458493.3643119 10.91 0.12
2458493.3644855 10.86 0.12
2458493.3646591 11.11 0.14
2458493.3648327 10.99 0.13
2458493.3650063 10.82 0.11
2458493.3651799 10.86 0.11
2458493.3653536 11.14 0.15
2458493.3655272 10.99 0.13
2458493.3657008 10.68 0.10
2458493.3658744 10.86 0.11
2458493.3660480 10.86 0.12
2458493.3662216 10.90 0.12
2458493.3663952 11.00 0.13
2458493.3665688 11.09 0.14
2458493.3667424 11.08 0.14
2458493.3669161 11.03 0.13
2458493.3670897 11.04 0.14
2458493.3672633 11.03 0.14
2458493.3674369 11.04 0.14
2458493.3676105 11.02 0.13
2458493.3679577 11.04 0.14
2458493.3681313 10.87 0.12
2458493.3683049 10.89 0.12
2458493.3688258 10.97 0.13
2458493.3689994 11.11 0.15
2458493.3691730 10.94 0.12
2458493.3693466 10.97 0.13
2458493.3695202 10.95 0.13
2458493.3696938 11.21 0.16
2458493.3698674 11.16 0.15
2458493.3700410 10.85 0.12
2458493.3702147 11.03 0.14
2458493.3703883 10.95 0.13
2458493.3705619 10.70 0.10
2458493.3707355 10.94 0.12
2458493.3709091 11.09 0.14
2458493.3710827 11.09 0.14
2458493.3712563 11.01 0.13
2458493.3714299 10.95 0.13
2458493.3716036 10.99 0.13
2458493.3717772 11.12 0.15
2458493.3719508 11.01 0.13
2458493.3721257 10.81 0.11
2458493.3722991 10.97 0.13
2458493.3724725 11.03 0.14
2458493.3726460 11.10 0.14
2458493.3728194 10.94 0.13
2458493.3731663 10.74 0.10
2458493.3733397 10.97 0.13
2458493.3735133 11.04 0.14
2458493.3736869 10.92 0.12
2458493.3742077 10.91 0.12
2458493.3743813 10.89 0.12
2458493.3745549 10.90 0.12
2458493.3747286 11.05 0.14
2458493.3749022 11.04 0.14
2458493.3750758 10.99 0.13
2458493.3752494 11.06 0.14
2458493.3754230 10.92 0.12
2458493.3755966 11.07 0.14
2458493.3759438 10.86 0.12
2458493.3761174 10.93 0.12
2458493.3762910 11.00 0.13
2458493.3766383 10.95 0.13
2458493.3768119 10.87 0.12
2458493.3771591 10.94 0.13
2458493.3773327 11.08 0.14
2458493.3775063 10.96 0.13
2458493.3776799 10.92 0.12
2458493.3778535 10.94 0.13
2458493.3782008 10.90 0.12
2458493.3783744 10.94 0.13
2458493.3785480 10.85 0.12
2458493.3787216 10.87 0.12
2458493.3788952 10.91 0.12
2458493.3790688 11.14 0.15
2458493.3792424 10.89 0.12
2458493.3794161 11.07 0.14
2458493.3795897 11.02 0.14
2458493.3797633 10.93 0.12
2458493.3799369 11.00 0.13
2458493.3801105 11.11 0.15
2458493.3802841 11.07 0.14
2458493.3804577 10.92 0.12
2458493.3806313 11.09 0.15
2458493.3808049 10.95 0.13
2458493.3813258 11.09 0.15
2458493.3814994 10.86 0.12
2458493.3816730 10.80 0.11
2458493.3820202 10.85 0.12
2458493.3821938 11.05 0.14
2458493.3825411 10.95 0.13
2458493.3827147 10.98 0.13
2458493.3828883 10.79 0.11
2458493.3830619 10.89 0.12
2458493.3834091 10.99 0.14
2458493.3835827 11.02 0.14
2458493.3839313 11.07 0.15
2458493.3841048 10.87 0.12
2458493.3844517 10.94 0.13
2458493.3846251 10.95 0.13
2458493.3847985 10.95 0.13
2458493.3849720 11.02 0.14
2458493.3853189 11.19 0.16
2458493.3854924 11.05 0.14
2458493.3856660 11.08 0.15
2458493.3858397 11.03 0.14
2458493.3860133 10.92 0.13
2458493.3861869 10.83 0.12
2458493.3863605 10.97 0.13
2458493.3865341 10.99 0.13
2458493.3867077 10.83 0.12
2458493.3868813 11.09 0.15
2458493.3870549 10.94 0.13
2458493.3879230 11.00 0.14
2458493.3880966 10.97 0.13
2458493.3887911 10.95 0.13
2458493.3891383 11.02 0.14
2458493.3893119 10.71 0.11
2458493.3894855 11.03 0.14
2458493.3898327 11.04 0.14
2458493.3900063 10.94 0.13
2458493.3901799 11.09 0.15
2458493.3910480 10.97 0.13
2458493.3912216 10.92 0.13
2458493.3915688 11.11 0.15
2458493.3917424 11.06 0.14
2458493.3919160 10.96 0.13
2458493.3922633 11.09 0.15
2458493.3926105 11.12 0.15
2458493.3927841 10.95 0.13
2458493.3931313 10.95 0.13
2458493.3934785 11.08 0.15
2458493.3936522 11.03 0.14
2458493.3938258 11.01 0.14
2458493.3941730 10.97 0.13
2458493.3945202 10.86 0.12
2458493.3948674 10.98 0.14
2458493.3950411 10.97 0.14
2458493.3953883 11.00 0.14
2458493.3955619 10.94 0.13
2458493.3957355 11.05 0.14
2458493.3959105 10.82 0.12
2458493.3960839 11.12 0.15
2458493.3962574 11.16 0.16
2458493.3964308 11.05 0.14
2458493.3971246 10.87 0.12
2458493.3974716 10.90 0.13
2458493.3978188 11.10 0.15
2458493.3981661 10.98 0.14
2458493.3983397 10.91 0.13
2458493.3986869 11.01 0.14
2458493.3988605 11.02 0.14
2458493.3990341 10.92 0.13
2458493.3992077 11.10 0.15
2458493.3993813 10.92 0.13
2458493.3997285 10.97 0.13
2458493.3999022 11.19 0.17
2458493.4002494 11.10 0.15
2458493.4004230 11.10 0.15
2458493.4007702 11.05 0.15
2458493.4009438 10.91 0.13
2458493.4011174 11.08 0.15
2458493.4012910 10.99 0.14
2458493.4014647 11.10 0.15
2458493.4018119 11.14 0.16
2458493.4019855 10.89 0.13
2458493.4021591 11.15 0.16
2458493.4023327 10.93 0.13
2458493.4030272 10.85 0.12
2458493.4032008 10.90 0.13
2458493.4033744 10.94 0.13
2458493.4035480 11.01 0.14
2458493.4037216 10.91 0.13
2458493.4038952 10.86 0.12
2458493.4051105 10.97 0.14
2458493.4058049 11.01 0.14
2458493.4059786 11.08 0.15
2458493.4061522 11.01 0.14
2458493.4063258 10.87 0.13
2458493.4064994 11.02 0.14
2458493.4070202 10.91 0.13
2458493.4071938 10.93 0.13
2458493.4075410 10.87 0.13
2458493.4078896 11.01 0.14
2458493.4080630 11.09 0.15
2458493.4084099 11.09 0.15
2458493.4085833 10.93 0.13
2458493.4087568 10.94 0.14
2458493.4089302 11.03 0.15
2458493.4091037 11.00 0.14
2458493.4096244 10.88 0.13
2458493.4099716 10.99 0.14
2458493.4101452 11.01 0.14
2458493.4108397 10.82 0.12
2458493.4111869 10.97 0.14
2458493.4113605 11.00 0.14
2458493.4115341 10.77 0.12
2458493.4118813 10.91 0.13
2458493.4122286 10.84 0.12
2458493.4124022 10.90 0.13
2458493.4127494 10.97 0.14
2458493.4129230 11.17 0.17
2458493.4130966 11.03 0.15
2458493.4132702 10.97 0.14
2458493.4134438 11.10 0.16
2458493.4141383 10.91 0.13
2458493.4155272 10.85 0.13
2458493.4158744 10.81 0.12
2458494.3463836 10.63 0.14
2458494.3496822 10.88 0.17
2458494.3540234 10.69 0.15
2458495.1352849 10.64 0.16
2458495.1448327 10.43 0.13
2458495.1512563 10.68 0.16
2458495.1529924 10.74 0.17
2458495.1568119 10.71 0.16
2458495.1621938 10.72 0.16
2458495.1668813 10.63 0.15
2458495.1672285 10.77 0.17
2458495.1674022 10.65 0.15
2458495.1680966 10.67 0.15
2458495.1686174 10.81 0.17
2458495.1687910 10.70 0.16
2458495.1729577 10.53 0.13
2458495.1736522 10.74 0.16
2458495.1743466 10.61 0.14
2458495.1746938 10.81 0.17
2458495.1748674 10.69 0.15
2458495.1752147 10.67 0.15
2458495.1757355 10.71 0.15
2458495.1769508 10.73 0.16
2458495.1825063 10.65 0.14
2458495.1851105 10.68 0.15
2458495.1864994 10.65 0.14
2458495.1870202 10.79 0.16
2458495.1885827 10.80 0.16
2458495.1908397 10.72 0.15
2458495.1918813 10.81 0.16
2458495.1941383 10.65 0.14
2458495.1944855 10.73 0.15
2458495.1950075 10.67 0.14
2458495.1955278 10.64 0.14
2458495.1984786 10.77 0.15
2458495.2010827 10.83 0.16
2458495.2012563 10.63 0.14
2458495.2052494 10.75 0.15
2458495.2068132 10.88 0.17
2458495.2071601 10.85 0.17
2458495.2087216 10.76 0.15
2458495.2088952 10.92 0.18
2458495.2099369 10.69 0.14
2458495.2109786 10.51 0.12
2458495.2123674 10.70 0.14
2458495.2128883 10.67 0.14
2458495.2134091 10.65 0.14
2458495.2198331 10.80 0.16
2458495.2238258 10.91 0.17
2458495.2241730 10.78 0.15
2458495.2269508 10.74 0.15
2458495.2279924 10.80 0.15
2458495.2332008 10.76 0.14
2458495.2356313 10.90 0.16
2458495.2363258 10.89 0.16
2458495.2371938 10.90 0.16
2458495.2373674 10.79 0.15
2458495.2387563 10.78 0.15
2458495.2396244 10.95 0.17
2458495.2397980 10.85 0.15
2458495.2406660 10.81 0.15
2458495.2410133 10.82 0.15
2458495.2425758 10.77 0.14
2458495.2432711 10.85 0.15
2458495.2448327 10.84 0.15
2458495.2481313 10.82 0.15
2458495.2486522 10.70 0.13
2458495.2489994 10.87 0.16
2458495.2503883 10.91 0.16
2458495.2512563 10.91 0.16
2458495.2522980 10.70 0.13
2458495.2549034 10.78 0.14
2458495.2561175 10.83 0.15
2458495.2562910 10.81 0.15
2458495.2564647 10.76 0.14
2458495.2575063 10.93 0.16
2458495.2576799 10.73 0.13
2458495.2590688 10.95 0.16
2458495.2594161 10.82 0.14
2458495.2599369 10.79 0.14
2458495.2608049 10.88 0.15
2458495.2613258 10.92 0.16
2458495.2632355 10.93 0.16
2458495.2637563 10.72 0.13
2458495.2644508 10.91 0.16
2458495.2651452 10.89 0.15
2458495.2658397 10.86 0.15
2458495.2661869 10.82 0.14
2458495.2665341 10.79 0.14
2458495.2677498 10.83 0.14
2458495.2680967 11.04 0.18
2458495.2684438 10.88 0.15
2458495.2687911 10.84 0.15
2458495.2707008 10.72 0.13
2458495.2710480 10.73 0.14
2458495.2717424 10.77 0.14
2458495.2722633 10.98 0.17
2458495.2729577 10.73 0.13
2458495.2731313 10.91 0.16
2458495.2745202 10.99 0.17
2458495.2746938 10.73 0.13
2458495.2750411 10.99 0.17
2458495.2752147 10.75 0.14
2458495.2764299 10.70 0.13
2458495.2797290 10.83 0.14
2458495.2800759 10.84 0.14
2458495.2802494 10.97 0.16
2458495.2805966 10.77 0.14
2458495.2814647 10.91 0.15
2458495.2823327 10.87 0.15
2458495.2825063 10.75 0.13
2458495.2828536 10.88 0.15
2458495.2830272 10.87 0.15
2458495.2837216 10.83 0.14
2458495.2859785 10.83 0.14
2458495.2866730 11.03 0.17
2458495.2870202 10.87 0.15
2458495.2877147 10.80 0.14
2458495.2880619 10.90 0.15
2458495.2882355 10.91 0.15
2458495.2884091 10.85 0.15
2458495.2892772 10.80 0.14
2458495.2899716 10.92 0.16
2458495.2904924 11.03 0.17
2458495.2906661 10.80 0.14
2458495.2908410 11.02 0.17
2458495.2910145 10.84 0.15
2458495.2915348 10.77 0.14
2458495.2922286 10.80 0.14
2458495.2924022 10.99 0.17
2458495.2927494 10.80 0.14
2458495.2932702 10.89 0.15
2458495.2941383 10.75 0.13
2458495.2948327 10.85 0.15
2458495.2957008 10.80 0.14
2458495.2969160 10.92 0.15
2458495.2974369 10.81 0.14
2458495.2976105 10.68 0.12
2458495.2983049 10.84 0.14
2458495.2988258 10.77 0.13
2458495.2998674 10.87 0.15
2458495.3003883 10.87 0.15
2458495.3007355 10.85 0.14
2458495.3010827 10.83 0.14
2458495.3012563 10.94 0.16
2458495.3014299 10.84 0.14
2458495.3017772 10.84 0.14
2458495.3019508 10.89 0.15
2458495.3022980 10.82 0.14
2458495.3033406 10.98 0.16
2458495.3038609 10.85 0.15
2458495.3043813 10.90 0.15
2458495.3045549 10.75 0.13
2458495.3047286 10.80 0.14
2458495.3050758 10.89 0.15
2458495.3052494 10.96 0.16
2458495.3059438 10.97 0.16
2458495.3062911 10.69 0.13
2458495.3064647 10.90 0.15
2458495.3075063 10.84 0.14
2458495.3080272 10.78 0.14
2458495.3083744 11.01 0.17
2458495.3085480 10.83 0.14
2458495.3087216 10.91 0.15
2458495.3088952 10.95 0.16
2458495.3090688 10.85 0.15
2458495.3092424 10.78 0.14
2458495.3094160 10.78 0.14
2458495.3095897 10.66 0.12
2458495.3102841 10.89 0.15
2458495.3128883 10.82 0.14
2458495.3141036 10.75 0.13
2458495.3142772 10.87 0.15
2458495.3146244 10.79 0.14
2458498.1658281 10.82 0.14
2458498.1660017 10.81 0.14
2458498.1684322 11.02 0.17
2458498.1713836 10.74 0.13
2458498.1715572 10.89 0.15
2458498.1722517 10.82 0.14
2458498.1724253 10.83 0.14
2458498.1725989 10.85 0.14
2458498.1732934 10.96 0.15
2458498.1734670 10.86 0.14
2458498.1736406 10.67 0.12
2458498.1739878 10.86 0.14
2458498.1741614 11.00 0.16
2458498.1752031 10.90 0.14
2458498.1753767 11.04 0.16
2458498.1757239 10.83 0.14
2458498.1760711 10.94 0.15
2458498.1765920 10.91 0.14
2458498.1767656 11.02 0.16
2458498.1769392 10.75 0.12
2458498.1772864 11.03 0.16
2458498.1774600 10.93 0.14
2458498.1781545 10.87 0.14
2458498.1785029 10.92 0.14
2458498.1786763 10.78 0.13
2458498.1795436 10.87 0.14
2458498.1798906 10.81 0.13
2458498.1800642 10.80 0.13
2458498.1802378 10.95 0.15
2458498.1811059 10.86 0.13
2458498.1816267 10.90 0.14
2458498.1819739 10.87 0.13
2458498.1826684 10.78 0.13
2458498.1828420 11.01 0.16
2458498.1835364 10.94 0.14
2458498.1837100 10.94 0.15
2458498.1838836 10.87 0.14
2458498.1842309 10.94 0.15
2458498.1845781 10.98 0.15
2458498.1847517 10.87 0.14
2458498.1849253 10.78 0.13
2458498.1850989 10.87 0.14
2458498.1854461 10.90 0.14
2458498.1857934 10.79 0.13
2458498.1859670 10.89 0.14
2458498.1864878 10.84 0.13
2458498.1870086 10.88 0.14
2458498.1882974 10.93 0.15
2458498.1885711 11.06 0.16
2458498.1887448 10.86 0.13
2458498.1890920 10.98 0.15
2458498.1892656 10.82 0.13
2458498.1894392 10.95 0.15
2458498.1896128 11.01 0.15
2458498.1897864 11.07 0.16
2458498.1899600 10.82 0.13
2458498.1901336 10.95 0.15
2458498.1903073 10.82 0.13
2458498.1904809 10.88 0.14
2458498.1906545 10.90 0.14
2458498.1910017 10.85 0.13
2458498.1911753 10.74 0.12
2458498.1915225 10.98 0.15
2458498.1916961 10.89 0.14
2458498.1925642 10.91 0.14
2458498.1927378 10.89 0.14
2458498.1934322 10.88 0.13
2458498.1936059 10.96 0.14
2458498.1941267 10.91 0.14
2458498.1943003 10.93 0.14
2458498.1946475 10.90 0.13
2458498.1949947 10.85 0.13
2458498.1951684 10.85 0.13
2458498.1953420 10.94 0.14
2458498.1958628 10.82 0.12
2458498.1962112 10.95 0.14
2458498.1963846 10.87 0.13
2458498.1965581 10.91 0.13
2458498.1970784 10.96 0.14
2458498.1972519 10.93 0.14
2458498.1977725 10.98 0.14
2458498.1979461 10.77 0.12
2458498.1986406 10.88 0.13
2458498.1988142 10.96 0.14
2458498.1989878 10.82 0.12
2458498.1991614 11.00 0.14
2458498.1993350 10.99 0.14
2458498.1995086 11.07 0.15
2458498.1996822 10.86 0.12
2458498.1998559 10.84 0.12
2458498.2000295 10.62 0.10
2458498.2002031 10.93 0.13
2458498.2003767 10.90 0.13
2458498.2005503 11.06 0.15
2458498.2007239 10.87 0.13
2458498.2008975 10.95 0.14
2458498.2010711 10.88 0.13
2458498.2012447 10.94 0.13
2458498.2014184 11.02 0.14
2458498.2015920 10.95 0.13
2458498.2017656 10.87 0.13
2458498.2019392 10.97 0.14
2458498.2021128 11.06 0.15
2458498.2022864 10.84 0.12
2458498.2024600 10.92 0.13
2458498.2026336 11.15 0.16
2458498.2028072 11.10 0.15
2458498.2029809 10.95 0.13
2458498.2031545 10.85 0.12
2458498.2033281 11.04 0.14
2458498.2035017 11.02 0.14
2458498.2036753 10.87 0.12
2458498.2038489 10.97 0.14
2458498.2040225 11.10 0.15
2458498.2043698 10.91 0.13
2458498.2047170 11.00 0.14
2458498.2048906 10.97 0.14
2458498.2050642 11.10 0.15
2458498.2052378 11.13 0.16
2458498.2054114 10.99 0.14
2458498.2057586 10.99 0.14
2458498.2059323 10.91 0.13
2458498.2061059 10.96 0.13
2458498.2062795 10.82 0.12
2458498.2064531 11.10 0.15
2458498.2066267 10.94 0.13
2458498.2068003 10.85 0.12
2458498.2069739 10.75 0.11
2458498.2071475 10.96 0.13
2458498.2074947 10.77 0.11
2458498.2076684 11.00 0.14
2458498.2078420 10.88 0.12
2458498.2080169 10.90 0.13
2458498.2081904 10.99 0.14
2458498.2083638 11.10 0.15
2458498.2085373 10.83 0.12
2458498.2087107 10.87 0.12
2458498.2090576 10.80 0.12
2458498.2092310 10.88 0.12
2458498.2094045 11.10 0.15
2458498.2095781 10.85 0.12
2458498.2097517 10.98 0.14
2458498.2099253 10.84 0.12
2458498.2100989 11.04 0.14
2458498.2102725 11.01 0.14
2458498.2104461 10.88 0.12
2458498.2106197 10.82 0.12
2458498.2107934 11.04 0.14
2458498.2109670 10.81 0.12
2458498.2111406 10.89 0.12
2458498.2114878 11.01 0.14
2458498.2118350 10.84 0.12
2458498.2123559 10.87 0.12
2458498.2125295 10.88 0.12
2458498.2127031 11.18 0.16
2458498.2128767 11.03 0.14
2458498.2130503 11.00 0.14
2458498.2132239 10.73 0.11
2458498.2133975 11.02 0.14
2458498.2135711 10.70 0.11
2458498.2137448 10.99 0.14
2458498.2139184 10.82 0.12
2458498.2140920 10.97 0.13
2458498.2142656 10.92 0.13
2458498.2144392 10.89 0.12
2458498.2146128 11.06 0.14
2458498.2147864 10.83 0.12
2458498.2149600 11.08 0.15
2458498.2151336 11.07 0.14
2458498.2153072 10.88 0.12
2458498.2154809 10.99 0.13
2458498.2156545 10.83 0.12
2458498.2158281 11.08 0.15
2458498.2160017 11.12 0.15
2458498.2161753 10.88 0.12
2458498.2163489 10.95 0.13
2458498.2165225 11.12 0.15
2458498.2166961 10.91 0.13
2458498.2168697 10.88 0.12
2458498.2170434 11.02 0.14
2458498.2172170 10.99 0.14
2458498.2173906 10.93 0.13
2458498.2175642 11.16 0.16
2458498.2177378 10.84 0.12
2458498.2179114 10.91 0.13
2458498.2180850 10.91 0.13
2458498.2182586 10.88 0.12
2458498.2184322 10.99 0.14
2458498.2186059 10.90 0.12
2458498.2187795 11.19 0.16
2458498.2189531 10.97 0.13
2458498.2191267 11.06 0.14
2458498.2193003 10.97 0.13
2458498.2194739 10.99 0.14
2458498.2196475 11.06 0.14
2458498.2198225 10.83 0.11
2458498.2199960 10.85 0.12
2458498.2201694 11.03 0.14
2458498.2203429 10.79 0.11
2458498.2205163 10.82 0.11
2458498.2206898 10.94 0.13
2458498.2210366 11.03 0.14
2458498.2212101 10.95 0.13
2458498.2213836 10.91 0.13
2458498.2215573 10.94 0.13
2458498.2217309 10.88 0.12
2458498.2219045 10.92 0.13
2458498.2220781 10.82 0.12
2458498.2222517 11.05 0.14
2458498.2224253 10.97 0.14
2458498.2225989 10.89 0.12
2458498.2227725 10.90 0.12
2458498.2229461 10.89 0.12
2458498.2231197 11.04 0.14
2458498.2232934 10.99 0.13
2458498.2234670 10.83 0.12
2458498.2236406 11.10 0.15
2458498.2238142 10.92 0.12
2458498.2239878 10.92 0.12
2458498.2241614 10.92 0.12
2458498.2243350 10.78 0.11
2458498.2245086 10.90 0.12
2458498.2246822 10.82 0.11
2458498.2248559 10.88 0.12
2458498.2250295 11.04 0.14
2458498.2252031 10.86 0.12
2458498.2253767 10.73 0.10
2458498.2255503 11.03 0.14
2458498.2257239 10.94 0.13
2458498.2258975 10.83 0.12
2458498.2260711 10.87 0.12
2458498.2262447 10.89 0.12
2458498.2264184 10.82 0.11
2458498.2265920 10.84 0.11
2458498.2267656 10.86 0.12
2458498.2269392 10.85 0.12
2458498.2271128 10.87 0.12
2458498.2272864 10.88 0.12
2458498.2274600 11.03 0.14
2458498.2276336 10.79 0.11
2458498.2278073 10.91 0.13
2458498.2279809 10.77 0.11
2458498.2281545 10.92 0.13
2458498.2283281 10.99 0.14
2458498.2286753 10.97 0.13
2458498.2288489 11.03 0.14
2458498.2290225 10.84 0.12
2458498.2291961 11.08 0.15
2458498.2293698 10.86 0.12
2458498.2295434 10.97 0.13
2458498.2297170 11.08 0.14
2458498.2298906 10.80 0.11
2458498.2300642 10.90 0.12
2458498.2302378 10.86 0.12
2458498.2304114 10.85 0.12
2458498.2305850 10.97 0.13
2458498.2307586 10.95 0.13
2458498.2309322 11.01 0.14
2458498.2312795 10.96 0.13
2458498.2314531 10.90 0.13
2458498.2316267 11.08 0.15
2458498.2318016 10.91 0.13
2458498.2319750 10.92 0.13
2458498.2321485 10.83 0.12
2458498.2323219 10.78 0.11
2458498.2324954 10.86 0.12
2458498.2326688 10.96 0.13
2458498.2328422 10.86 0.12
2458498.2330157 10.99 0.14
2458498.2331892 10.82 0.12
2458498.2333628 10.97 0.14
2458498.2335364 11.00 0.14
2458498.2337100 10.70 0.11
2458498.2338836 10.89 0.13
2458498.2340572 10.95 0.13
2458498.2342309 10.97 0.14
2458498.2344045 10.97 0.13
2458498.2345781 10.98 0.14
2458498.2347517 10.99 0.14
2458498.2349253 11.00 0.14
2458498.2350989 10.91 0.13
2458498.2352725 11.09 0.15
2458498.2354461 10.71 0.11
2458498.2356198 10.97 0.14
2458498.2357934 10.99 0.14
2458498.2359670 10.91 0.13
2458498.2361406 10.93 0.13
2458498.2363142 10.96 0.13
2458498.2364878 10.86 0.12
2458498.2366614 11.04 0.14
2458498.2368350 11.01 0.14
2458498.2373559 10.85 0.12
2458498.2375295 10.87 0.13
2458498.2377031 10.94 0.13
2458498.2378767 10.92 0.13
2458498.2380503 10.86 0.12
2458498.2382239 10.97 0.14
2458498.2383975 10.65 0.10
2458498.2385711 10.67 0.11
2458498.2387447 10.88 0.13
2458498.2389184 10.94 0.14
2458498.2390920 11.05 0.15
2458498.2392656 10.94 0.13
2458498.2394392 10.99 0.14
2458498.2396128 10.88 0.13
2458498.2397864 10.80 0.12
2458498.2399600 10.79 0.12
2458498.2401336 10.91 0.13
2458498.2404809 10.93 0.13
2458498.2406545 10.92 0.13
2458498.2410017 10.86 0.13
2458498.2411753 10.82 0.12
2458498.2413489 10.74 0.11
2458498.2415225 10.79 0.12
2458498.2416961 10.95 0.13
2458498.2418697 10.82 0.12
2458498.2420434 11.01 0.14
2458498.2422170 11.04 0.15
2458498.2423906 10.91 0.13
2458498.2425642 10.89 0.13
2458498.2427378 10.96 0.14
2458498.2429114 10.64 0.10
2458498.2430850 10.89 0.13
2458498.2432586 10.81 0.12
2458498.2434323 10.82 0.12
2458498.2437807 11.08 0.15
2458498.2439541 11.00 0.14
2458498.2441276 10.84 0.12
2458498.2443010 10.96 0.14
2458498.2448214 10.98 0.14
2458498.2449948 10.75 0.11
2458498.2451684 10.84 0.12
2458498.2455156 10.95 0.13
2458498.2456892 11.00 0.14
2458498.2458628 10.90 0.13
2458498.2460364 11.03 0.15
2458498.2462100 11.02 0.14
2458498.2463836 10.96 0.14
2458498.2465572 10.87 0.13
2458498.2467309 11.00 0.14
2458498.2469045 10.95 0.14
2458498.2470781 11.01 0.15
2458498.2472517 11.00 0.14
2458498.2474253 10.94 0.14
2458498.2475989 10.96 0.14
2458498.2477725 10.93 0.13
2458498.2481197 10.85 0.12
2458498.2482934 11.01 0.14
2458498.2484670 11.04 0.15
2458498.2486406 10.92 0.13
2458498.2489878 11.05 0.15
2458498.2491614 10.96 0.14
2458498.2495086 10.85 0.12
2458498.2496822 10.76 0.11
2458498.2502031 10.94 0.13
2458498.2503767 11.00 0.14
2458498.2507239 10.87 0.13
2458498.2510711 10.98 0.14
2458498.2512448 11.17 0.17
2458498.2514184 11.02 0.15
2458498.2515920 10.90 0.13
2458498.2517656 10.88 0.13
2458498.2519392 10.71 0.11
2458498.2521128 10.99 0.14
2458498.2524600 10.83 0.12
2458498.2526336 10.94 0.14
2458498.2528073 10.97 0.14
2458498.2529809 10.76 0.11
2458498.2531545 10.79 0.12
2458498.2533281 10.91 0.13
2458498.2535017 11.01 0.15
2458498.2536753 10.90 0.13
2458498.2538489 10.88 0.13
2458498.2540225 10.90 0.13
2458498.2547170 11.10 0.16
2458498.2550642 11.08 0.16
2458498.2561066 10.68 0.11
2458498.2562801 10.61 0.10
2458498.2566270 10.70 0.11
2458498.2568004 10.95 0.14
2458498.2569739 10.81 0.12
2458498.2573211 10.89 0.13
2458498.2576684 10.79 0.12
2458498.2578420 10.89 0.13
2458498.2580156 10.85 0.13
2458498.2581892 10.89 0.14
2458498.2585364 10.74 0.12
2458498.2587100 10.84 0.13
2458498.2590573 10.96 0.14
2458498.2592309 10.97 0.14
2458498.2595781 11.02 0.15
2458498.2599253 10.96 0.14
2458498.2600989 10.88 0.13
2458498.2602725 10.92 0.14
2458498.2604461 11.10 0.16
2458498.2606198 10.83 0.13
2458498.2607934 11.00 0.15
2458498.2611406 10.89 0.13
2458498.2613142 10.86 0.13
2458498.2614878 10.88 0.13
2458498.2616614 11.00 0.15
2458498.2618350 11.07 0.16
2458498.2620086 10.84 0.13
2458498.2623559 10.88 0.13
2458498.2625295 10.97 0.14
2458498.2627031 11.06 0.13
2458498.2628767 10.93 0.11
2458498.2630503 10.97 0.12
2458498.2632239 11.20 0.14
2458498.2633975 11.11 0.13
2458498.2635711 10.78 0.10
2458498.2637447 10.97 0.12
2458498.2639184 11.09 0.13
2458498.2640920 11.11 0.13
2458498.2642656 11.05 0.13
2458498.2644392 11.14 0.14
2458498.2646128 11.02 0.12
2458498.2647864 11.07 0.13
2458498.2649600 10.78 0.11
2458498.2651336 11.01 0.13
2458498.2653072 11.07 0.13
2458498.2654809 10.85 0.11
2458498.2656545 10.92 0.12
2458498.2658281 10.98 0.13
2458498.2660017 11.04 0.13
2458498.2661753 10.93 0.12
2458498.2663489 10.87 0.11
2458498.2665225 10.91 0.11
2458498.2666961 11.11 0.14
2458498.2668698 11.02 0.13
2458498.2670434 10.78 0.10
2458498.2672170 10.96 0.12
2458498.2673906 11.01 0.13
2458498.2675655 11.17 0.14
2458498.2677389 10.94 0.12
2458498.2679124 11.11 0.14
2458498.2680858 10.96 0.12
2458498.2682593 10.98 0.12
2458498.2684327 10.94 0.12
2458498.2686062 11.02 0.13
2458498.2687796 10.98 0.12
2458498.2689531 11.07 0.13
2458498.2691267 10.89 0.11
2458498.2693003 10.95 0.12
2458498.2694739 10.85 0.11
2458498.2696475 11.09 0.13
2458498.2698211 11.00 0.12
2458498.2699947 10.96 0.12
2458498.2701684 11.05 0.12
2458498.2703420 11.08 0.13
2458498.2705156 11.01 0.12
2458498.2706892 10.90 0.11
2458498.2708628 10.93 0.11
2458498.2710364 11.08 0.13
2458498.2712100 10.97 0.12
2458498.2713836 10.96 0.12
2458498.2715572 11.04 0.13
2458498.2717309 10.89 0.11
2458498.2719045 11.24 0.15
2458498.2720781 10.90 0.11
2458498.2722517 10.95 0.12
2458498.2724253 10.88 0.11
2458498.2725989 10.94 0.11
2458498.2727725 10.81 0.10
2458498.2729461 10.96 0.12
2458498.2731197 11.03 0.13
2458498.2732934 10.99 0.12
2458498.2734670 11.02 0.12
2458498.2736406 11.00 0.12
2458498.2738142 10.94 0.11
2458498.2739878 11.12 0.13
2458498.2741614 11.02 0.12
2458498.2743350 10.99 0.12
2458498.2745086 10.91 0.11
2458498.2746823 10.93 0.11
2458498.2748559 10.94 0.11
2458498.2750295 10.87 0.11
2458498.2752031 10.98 0.12
2458498.2753767 11.10 0.13
2458498.2755503 11.16 0.14
2458498.2757239 10.96 0.12
2458498.2758975 10.94 0.11
2458498.2760711 10.97 0.12
2458498.2762448 11.01 0.12
2458498.2764184 11.06 0.13
2458498.2765920 10.90 0.11
2458498.2767656 11.21 0.15
2458498.2769392 11.08 0.13
2458498.2771128 10.96 0.12
2458498.2772864 10.86 0.11
2458498.2774600 11.04 0.13
2458498.2776336 10.97 0.12
2458498.2778072 10.88 0.11
2458498.2779809 10.99 0.12
2458498.2781545 11.02 0.12
2458498.2783281 10.97 0.12
2458498.2785017 10.91 0.11
2458498.2786753 11.20 0.14
2458498.2788489 10.82 0.10
2458498.2790225 10.91 0.11
2458498.2791961 11.11 0.13
2458498.2793697 10.77 0.10
2458498.2795448 10.93 0.11
2458498.2797182 10.91 0.11
2458498.2798916 10.87 0.11
2458498.2800651 10.99 0.12
2458498.2802385 10.86 0.11
2458498.2804120 10.88 0.11
2458498.2805854 11.13 0.14
2458498.2807589 10.83 0.11
2458498.2809323 10.88 0.11
2458498.2811059 11.06 0.13
2458498.2812795 10.92 0.11
2458498.2814531 11.06 0.13
2458498.2816267 10.85 0.11
2458498.2818003 10.90 0.11
2458498.2819739 10.95 0.12
2458498.2821475 10.87 0.11
2458498.2823211 10.90 0.11
2458498.2824948 10.86 0.11
2458498.2826684 10.92 0.11
2458498.2828420 11.02 0.13
2458498.2830156 10.94 0.12
2458498.2831892 10.96 0.12
2458498.2833628 11.00 0.12
2458498.2835364 10.90 0.11
2458498.2837100 10.85 0.11
2458498.2838836 11.01 0.12
2458498.2840573 11.04 0.13
2458498.2842309 10.99 0.12
2458498.2844045 10.85 0.11
2458498.2845781 11.09 0.13
2458498.2847517 11.05 0.13
2458498.2849253 11.03 0.13
2458498.2850989 11.03 0.13
2458498.2852725 10.79 0.10
2458498.2854461 10.94 0.12
2458498.2857934 11.09 0.13
2458498.2859670 11.01 0.12
2458498.2861406 10.93 0.11
2458498.2864878 11.03 0.13
2458498.2866614 10.85 0.11
2458498.2868350 11.04 0.13
2458498.2870086 10.85 0.11
2458498.2871822 10.91 0.11
2458498.2873559 10.89 0.11
2458498.2875295 10.85 0.11
2458498.2877031 10.79 0.10
2458498.2878767 10.93 0.12
2458498.2880503 10.92 0.12
2458498.2882239 10.95 0.12
2458498.2883975 10.79 0.10
2458498.2885711 11.02 0.13
2458498.2887447 10.87 0.11
2458498.2889184 10.85 0.11
2458498.2890920 10.76 0.10
2458498.2892656 10.86 0.11
2458498.2894392 10.86 0.11
2458498.2896128 11.05 0.13
2458498.2897864 10.81 0.10
2458498.2899600 10.85 0.11
2458498.2901336 11.00 0.12
2458498.2903073 10.97 0.12
2458498.2904809 11.05 0.13
2458498.2906545 10.90 0.11
2458498.2908281 10.83 0.11
2458498.2910017 10.93 0.12
2458498.2911753 10.81 0.10
2458498.2913489 10.81 0.10
2458498.2915239 10.95 0.12
2458498.2916974 10.99 0.12
2458498.2918708 10.99 0.12
2458498.2920443 10.82 0.11
2458498.2922177 10.84 0.11
2458498.2923912 11.06 0.13
2458498.2925646 10.91 0.12
2458498.2927381 10.90 0.11
2458498.2929115 10.95 0.12
2458498.2930850 11.00 0.12
2458498.2932586 10.97 0.12
2458498.2934322 10.94 0.12
2458498.2936059 11.04 0.13
2458498.2937795 10.89 0.11
2458498.2939531 10.91 0.12
2458498.2941267 10.88 0.11
2458498.2943003 11.13 0.15
2458498.2944739 11.08 0.15
2458498.2946475 10.96 0.13
2458498.2949947 10.88 0.12
2458498.2951684 10.94 0.12
2458498.2953420 10.89 0.11
2458498.2955156 10.78 0.10
2458498.2956892 10.92 0.12
2458498.2958628 10.90 0.11
2458498.2960364 10.82 0.11
2458498.2962100 10.77 0.10
2458498.2963836 10.80 0.10
2458498.2965572 11.06 0.13
2458498.2967309 10.96 0.12
2458498.2969045 11.09 0.14
2458498.2970781 10.98 0.12
2458498.2972517 10.95 0.12
2458498.2974253 10.84 0.11
2458498.2975989 10.93 0.12
2458498.2977725 10.83 0.11
2458498.2979461 10.79 0.10
2458498.2981198 10.79 0.10
2458498.2982934 10.90 0.11
2458498.2984670 10.96 0.12
2458498.2986406 11.03 0.13
2458498.2988142 11.00 0.13
2458498.2989878 11.02 0.13
2458498.2991614 10.88 0.11
2458498.2993350 10.84 0.11
2458498.2995086 10.88 0.11
2458498.2996823 10.83 0.11
2458498.2998559 10.96 0.12
2458498.3000295 11.03 0.13
2458498.3002031 11.12 0.14
2458498.3003767 10.93 0.12
2458498.3005503 11.01 0.13
2458498.3007239 10.93 0.12
2458498.3008975 10.82 0.11
2458498.3010711 10.92 0.12
2458498.3012447 10.92 0.12
2458498.3014184 11.05 0.13
2458498.3015920 10.87 0.11
2458498.3017656 11.11 0.14
2458498.3019392 10.85 0.11
2458498.3021128 10.78 0.10
2458498.3022864 11.00 0.13
2458498.3024600 10.90 0.11
2458498.3026336 10.89 0.11
2458498.3028072 10.95 0.12
2458498.3029809 11.01 0.13
2458498.3031545 11.08 0.13
2458498.3033281 11.07 0.13
2458498.3035017 11.19 0.15
2458498.3036766 11.02 0.12
2458498.3038500 11.01 0.12
2458498.3040235 10.99 0.12
2458498.3041969 10.99 0.12
2458498.3043703 10.87 0.11
2458498.3045438 10.92 0.11
2458498.3047172 10.99 0.12
2458498.3048907 10.87 0.11
2458498.3050642 10.92 0.11
2458498.3052378 10.94 0.12
2458498.3054114 10.77 0.10
2458498.3055850 10.91 0.11
2458498.3057586 10.88 0.11
2458498.3059323 11.10 0.13
2458498.3061059 10.96 0.12
2458498.3062795 10.83 0.11
2458498.3064531 10.81 0.11
2458498.3066267 11.17 0.15
2458498.3068003 11.03 0.13
2458498.3069739 10.83 0.11
2458498.3071475 10.88 0.11
2458498.3073211 10.92 0.12
2458498.3074948 11.01 0.13
2458498.3078420 10.84 0.11
2458498.3080156 11.06 0.13
2458498.3081892 10.80 0.10
2458498.3083628 10.78 0.10
2458498.3085364 10.93 0.12
2458498.3087100 10.90 0.12
2458498.3088836 11.06 0.13
2458498.3090572 10.85 0.11
2458498.3092309 10.97 0.12
2458498.3094045 10.98 0.12
2458498.3095781 10.90 0.12
2458498.3097517 11.21 0.15
2458498.3099253 10.81 0.11
2458498.3100989 10.85 0.11
2458498.3102725 10.85 0.11
2458498.3104461 10.94 0.12
2458498.3106197 11.16 0.15
2458498.3107934 11.21 0.15
2458498.3109670 11.06 0.13
2458498.3111406 10.98 0.12
2458498.3113142 10.84 0.11
2458498.3114878 10.79 0.11
2458498.3116614 10.69 0.10
2458498.3118350 11.20 0.15
2458498.3120086 10.99 0.13
2458498.3121822 10.92 0.12
2458498.3123559 11.08 0.14
2458498.3125295 10.99 0.13
2458498.3127031 10.78 0.10
2458498.3128767 10.89 0.12
2458498.3130503 10.77 0.10
2458498.3132239 10.72 0.10
2458498.3133975 10.71 0.10
2458498.3135711 10.69 0.10
2458498.3137448 10.80 0.11
2458498.3139184 10.97 0.12
2458498.3140920 10.96 0.12
2458498.3142656 11.02 0.13
2458498.3144392 10.83 0.11
2458498.3147864 10.82 0.11
2458498.3149600 11.04 0.13
2458498.3151336 10.74 0.10
2458498.3153073 10.98 0.13
2458498.3154809 10.91 0.12
2458498.3156558 10.74 0.10
2458498.3158292 10.88 0.12
2458498.3160027 10.85 0.11
2458498.3161761 10.72 0.10
2458498.3163496 10.98 0.13
2458498.3165230 10.93 0.12
2458498.3166965 11.07 0.14
2458498.3168699 10.77 0.10
2458498.3170434 11.05 0.13
2458498.3172170 10.96 0.12
2458498.3173906 10.94 0.12
2458498.3175642 10.79 0.11
2458498.3177378 10.99 0.12
2458498.3179114 11.00 0.13
2458498.3180850 11.08 0.14
2458500.2349022 10.81 0.15
2458500.2390688 10.89 0.15
2458500.2399369 10.73 0.13
2458500.2409785 10.79 0.14
2458500.2411522 10.97 0.16
2458500.2421938 10.84 0.14
2458500.2430619 11.02 0.17
2458500.2439299 10.87 0.14
2458500.2441035 10.78 0.13
2458500.2453193 10.94 0.15
2458500.2456661 10.97 0.16
2458500.2461869 10.90 0.15
2458500.2467077 10.92 0.15
2458500.2468813 10.92 0.15
2458500.2472286 10.88 0.14
2458500.2474022 10.87 0.14
2458500.2475758 10.99 0.16
2458500.2477494 10.87 0.14
2458500.2479230 10.85 0.14
2458500.2480966 10.93 0.15
2458500.2486174 10.94 0.15
2458500.2487910 10.96 0.15
2458500.2489647 10.80 0.13
2458500.2494855 10.90 0.14
2458500.2496591 10.85 0.14
2458500.2500063 10.74 0.12
2458500.2503535 10.93 0.15
2458500.2519160 10.92 0.15
2458500.2531313 10.92 0.15
2458500.2539994 10.83 0.13
2458500.2545202 10.95 0.15
2458500.2550411 10.96 0.15
2458500.2562563 10.80 0.13
2458500.2564312 10.90 0.14
2458500.2566046 10.99 0.16
2458500.2567781 11.03 0.16
2458500.2569515 10.88 0.14
2458500.2571250 11.01 0.16
2458500.2572984 10.80 0.13
2458500.2579924 10.94 0.15
2458500.2583397 10.96 0.15
2458500.2585133 10.87 0.14
2458500.2586869 10.99 0.15
2458500.2588605 10.90 0.14
2458500.2590341 10.88 0.14
2458500.2593813 10.90 0.14
2458500.2595549 10.95 0.15
2458500.2597285 10.87 0.14
2458500.2600758 10.88 0.14
2458500.2602494 10.68 0.12
2458500.2604230 10.99 0.15
2458500.2605966 10.90 0.14
2458500.2607702 10.73 0.12
2458500.2609438 10.84 0.13
2458500.2616383 10.86 0.14
2458500.2618119 10.73 0.12
2458500.2623327 10.61 0.11
2458500.2626799 10.96 0.15
2458500.2628535 10.79 0.13
2458500.2630272 10.86 0.13
2458500.2632008 10.84 0.13
2458500.2633744 11.08 0.16
2458500.2635480 10.96 0.15
2458500.2637216 10.97 0.15
2458500.2638952 10.79 0.12
2458500.2640688 10.78 0.13
2458500.2642424 11.03 0.15
2458500.2644160 11.10 0.16
2458500.2645897 10.92 0.14
2458500.2647633 10.95 0.14
2458500.2649369 10.91 0.14
2458500.2654577 11.06 0.16
2458500.2658049 11.02 0.15
2458500.2659785 10.82 0.13
2458500.2666730 10.97 0.15
2458500.2668466 10.91 0.14
2458500.2670202 10.76 0.12
2458500.2673674 10.79 0.12
2458500.2675410 10.77 0.12
2458500.2677147 10.82 0.13
2458500.2678883 10.90 0.14
2458500.2680619 10.84 0.13
2458500.2682355 10.71 0.11
2458500.2684104 10.96 0.14
2458500.2685839 10.92 0.14
2458500.2687573 11.02 0.15
2458500.2689307 10.87 0.13
2458500.2692776 10.85 0.13
2458500.2694511 10.79 0.12
2458500.2696245 10.78 0.12
2458500.2697980 10.94 0.14
2458500.2699716 10.83 0.13
2458500.2701452 10.82 0.13
2458500.2706661 10.74 0.12
2458500.2713605 10.92 0.14
2458500.2717077 10.82 0.13
2458500.2718813 10.88 0.13
2458500.2720549 10.86 0.13
2458500.2724022 10.91 0.14
2458500.2729230 10.75 0.12
2458500.2730966 10.85 0.13
2458500.2736174 10.89 0.13
2458500.2737910 10.90 0.14
2458500.2748327 10.86 0.13
2458500.2751799 10.95 0.14
2458500.2753535 10.84 0.13
2458500.2757008 10.88 0.13
2458500.2758744 10.93 0.14
2458500.2760480 10.90 0.14
2458500.2762216 10.88 0.13
2458500.2763952 10.91 0.14
2458500.2767424 10.85 0.13
2458500.2770897 10.90 0.14
2458500.2772633 11.06 0.16
2458500.2777841 10.76 0.12
2458500.2781313 10.83 0.13
2458500.2784786 11.03 0.15
2458500.2789994 10.91 0.14
2458500.2795202 10.93 0.14
2458500.2796938 10.93 0.14
2458500.2798674 10.87 0.13
2458500.2800410 10.88 0.13
2458500.2802147 10.94 0.14
2458500.2803896 10.83 0.13
2458500.2805631 11.03 0.15
2458500.2807365 10.91 0.13
2458500.2812568 10.74 0.12
2458500.2814303 10.76 0.12
2458500.2816037 10.85 0.13
2458500.2817772 10.99 0.15
2458500.2819508 10.94 0.14
2458500.2822980 11.13 0.17
2458500.2824716 11.04 0.15
2458500.2829924 11.08 0.16
2458500.2831660 10.87 0.13
2458500.2833397 10.86 0.13
2458500.2835133 10.78 0.12
2458500.2838605 10.81 0.12
2458500.2842077 10.97 0.14
2458500.2845549 10.88 0.13
2458500.2849022 10.71 0.11
2458500.2850758 10.78 0.12
2458500.2852494 10.92 0.14
2458500.2854230 10.88 0.13
2458500.2855966 10.74 0.12
2458500.2857702 10.91 0.14
2458500.2862911 10.87 0.13
2458500.2864647 10.80 0.12
2458500.2868119 10.86 0.13
2458500.2869855 10.72 0.12
2458500.2871591 10.86 0.13
2458500.2873327 10.91 0.14
2458500.2875063 10.80 0.13
2458500.2876799 10.98 0.15
2458500.2880272 10.67 0.11
2458500.2882008 10.85 0.13
2458500.2883744 10.88 0.13
2458500.2887216 11.00 0.15
2458500.2888952 10.92 0.14
2458500.2892424 10.98 0.14
2458500.2894160 10.94 0.14
2458500.2895897 10.74 0.11
2458500.2897633 10.99 0.15
2458500.2899369 10.84 0.13
2458500.2902841 10.89 0.13
2458500.2911522 11.12 0.16
2458500.2913258 10.74 0.11
2458500.2916730 11.09 0.15
2458500.2918466 11.00 0.14
2458500.2920202 10.77 0.11
2458500.2921938 10.96 0.13
2458500.2923688 10.86 0.12
2458500.2925423 11.01 0.14
2458500.2927157 11.16 0.16
2458500.2928892 10.86 0.12
2458500.2930626 11.00 0.14
2458500.2932360 10.90 0.13
2458500.2934095 10.98 0.14