2458467.3677195 11.02 0.15
2458467.3680667 11.20 0.18
2458467.3685875 10.98 0.14
2458467.3687611 11.01 0.15
2458467.3696292 11.00 0.15
2458467.3698028 11.07 0.16
2458467.3699764 11.18 0.17
2458467.3704972 10.94 0.14
2458467.3724070 10.98 0.15
2458467.3727542 11.07 0.16
2458467.3731014 10.92 0.14
2458467.3732750 10.90 0.14
2458467.3736223 11.00 0.15
2458467.3744903 11.10 0.16
2458467.3748375 10.89 0.13
2458467.3750111 10.86 0.13
2458467.3751848 10.96 0.14
2458467.3753584 10.90 0.14
2458467.3762270 11.07 0.16
2458467.3767473 10.92 0.14
2458467.3769209 10.92 0.14
2458467.3770945 11.03 0.15
2458467.3793514 10.85 0.13
2458467.3802195 10.97 0.15
2458467.3803931 10.80 0.13
2458467.3807403 10.97 0.14
2458467.3817820 11.08 0.16
2458467.3819556 10.93 0.14
2458467.3823028 11.10 0.16
2458467.3829973 10.77 0.12
2458467.3852542 10.86 0.13
2458467.3854278 10.93 0.14
2458467.3857750 11.16 0.17
2458467.3864695 11.03 0.16
2458467.3866431 11.13 0.17
2458467.3869903 11.04 0.16
2458467.3871639 10.77 0.12
2458467.3878592 11.04 0.16
2458467.3880327 11.00 0.15
2458467.3883795 11.06 0.16
2458467.3887264 11.02 0.15
2458467.3889000 11.01 0.15
2458467.3901153 11.07 0.16
2458467.3906361 10.98 0.15
2458467.3918514 10.95 0.14
2458467.3920250 10.97 0.15
2458467.3921986 11.08 0.16
2458467.3925459 11.01 0.15
2458467.3941084 10.99 0.15
2458467.3948028 11.11 0.17
2458467.3949764 10.91 0.14
2458467.3953236 10.95 0.14
2458467.3961917 10.94 0.15
2458467.3968861 10.90 0.14
2458467.3972334 11.05 0.16
2458467.3974070 10.93 0.14
2458467.3975806 10.79 0.13
2458467.3977542 10.98 0.15
2458467.3993180 10.89 0.14
2458467.3994914 10.94 0.14
2458467.4001852 10.99 0.15
2458467.4003586 10.95 0.14
2458467.4005321 10.95 0.14
2458467.4008792 10.91 0.14
2458467.4010528 10.97 0.15
2458467.4012264 11.06 0.16
2458467.4015736 10.98 0.15
2458467.4019209 10.98 0.15
2458467.4036570 11.00 0.15
2458467.4045250 10.71 0.12
2458467.4052195 10.88 0.14
2458467.4055667 11.08 0.16
2458467.4073028 10.98 0.15
2458467.4083445 10.84 0.13
2458467.4097334 10.75 0.12
2458467.4102542 10.73 0.12
2458467.4139000 11.06 0.16
2458467.4154625 10.97 0.15
2458467.4158097 10.99 0.16
2458467.4178931 11.01 0.16
2458467.4182403 10.97 0.15
2458467.4187611 10.92 0.15
2458467.4203236 10.77 0.13
2458469.3667865 11.17 0.13
2458469.3670135 11.11 0.12
2458469.3671871 10.97 0.10
2458469.3673607 11.00 0.11
2458469.3675343 11.10 0.12
2458469.3677079 11.30 0.14
2458469.3678815 11.22 0.13
2458469.3680551 11.22 0.13
2458469.3682287 11.23 0.13
2458469.3684023 11.03 0.11
2458469.3685760 11.15 0.12
2458469.3687496 11.17 0.13
2458469.3689232 11.05 0.11
2458469.3690968 11.17 0.12
2458469.3692704 11.15 0.12
2458469.3694440 11.27 0.14
2458469.3697912 10.91 0.10
2458469.3699648 11.15 0.12
2458469.3701384 11.28 0.14
2458469.3703121 11.27 0.14
2458469.3704857 11.32 0.15
2458469.3708329 11.25 0.14
2458469.3710065 11.16 0.12
2458469.3711801 11.26 0.14
2458469.3713537 11.04 0.11
2458469.3715273 11.05 0.11
2458469.3717009 11.26 0.14
2458469.3718746 11.05 0.11
2458469.3720482 11.11 0.12
2458469.3722218 11.18 0.13
2458469.3725690 11.16 0.12
2458469.3727426 11.24 0.14
2458469.3729162 11.14 0.12
2458469.3730898 11.20 0.13
2458469.3732635 11.15 0.12
2458469.3734371 11.08 0.12
2458469.3736107 11.11 0.12
2458469.3737843 11.05 0.11
2458469.3739579 11.06 0.11
2458469.3741315 11.04 0.11
2458469.3743051 11.09 0.12
2458469.3744787 11.29 0.14
2458469.3746524 10.94 0.10
2458469.3748260 11.05 0.11
2458469.3749996 11.15 0.12
2458469.3751732 11.06 0.11
2458469.3753468 11.01 0.11
2458469.3756940 11.16 0.12
2458469.3758676 10.97 0.10
2458469.3760425 11.13 0.12
2458469.3762159 11.21 0.13
2458469.3763894 11.05 0.11
2458469.3765628 11.13 0.12
2458469.3767363 11.19 0.13
2458469.3769097 11.14 0.12
2458469.3772566 11.30 0.14
2458469.3776037 11.21 0.13
2458469.3777773 11.37 0.15
2458469.3779510 11.07 0.11
2458469.3781246 11.00 0.11
2458469.3782982 11.28 0.14
2458469.3784718 11.28 0.14
2458469.3786454 11.23 0.13
2458488.3045899 11.03 0.14
2458488.3049371 11.02 0.14
2458488.3051107 11.07 0.14
2458488.3052844 11.14 0.16
2458488.3054579 11.00 0.14
2458488.3058052 11.18 0.16
2458488.3059788 11.14 0.15
2458488.3063260 11.01 0.14
2458488.3064996 11.04 0.14
2458488.3068468 11.05 0.14
2458488.3070205 11.21 0.16
2458488.3071941 11.13 0.15
2458488.3075413 11.08 0.15
2458488.3077149 10.95 0.13
2458488.3082357 11.11 0.15
2458488.3085830 11.18 0.16
2458488.3087566 10.93 0.13
2458488.3091038 11.13 0.15
2458488.3094522 11.14 0.16
2458488.3099726 10.96 0.13
2458488.3103194 11.09 0.15
2458488.3106663 11.18 0.16
2458488.3108399 10.98 0.13
2458488.3111871 11.12 0.16
2458488.3113607 10.87 0.12
2458488.3117080 11.07 0.15
2458488.3120552 11.09 0.15
2458488.3127496 11.12 0.15
2458488.3134441 10.84 0.12
2458488.3136177 11.06 0.15
2458488.3137913 10.90 0.13
2458488.3139649 11.08 0.15
2458488.3144857 10.87 0.13
2458488.3146593 10.97 0.14
2458488.3148330 10.99 0.14
2458488.3153538 10.97 0.14
2458488.3155274 11.05 0.15
2458488.3167427 10.99 0.14
2458488.3183052 11.11 0.16
2458488.3184788 11.12 0.16
2458488.3189996 11.11 0.16
2458488.3202149 10.98 0.14
2458488.3214314 10.90 0.13
2458488.3219517 10.92 0.13
2458488.3221252 11.12 0.16
2458488.3228191 10.82 0.12
2458488.3231663 11.06 0.15
2458488.3233399 11.13 0.16
2458488.3236871 11.04 0.15
2458488.3238607 10.85 0.13
2458488.3240343 10.92 0.13
2458488.3243816 11.12 0.16
2458488.3247288 10.98 0.14
2458488.3250760 11.00 0.14
2458488.3252496 10.96 0.14
2458488.3255969 11.08 0.16
2458488.3257705 11.06 0.15
2458488.3268121 11.02 0.15
2458488.3273330 11.07 0.15
2458488.3280274 11.01 0.15
2458488.3285482 11.05 0.15
2458488.3287218 10.82 0.12
2458488.3297635 10.86 0.13
2458488.3299371 11.08 0.16
2458488.3308052 10.91 0.14
2458488.3321941 10.79 0.12
2458488.3325413 11.03 0.15
2458488.3330621 11.04 0.15
2458488.3334105 10.90 0.14
2458488.3341043 11.13 0.17
2458488.3344511 11.03 0.15
2458488.3353191 11.12 0.16
2458488.3363607 10.94 0.14
2458488.3380968 11.14 0.17
2458488.3382705 11.04 0.15
2458488.3384441 10.94 0.14
2458488.3396593 11.06 0.16
2458488.3400066 11.00 0.15
2458488.3401802 10.84 0.13
2458488.3431316 10.85 0.13
2458488.3433052 10.88 0.13
2458488.3434788 10.92 0.14
2458488.3459100 11.02 0.15
2458488.3464303 11.08 0.16
2458488.3467774 10.91 0.14
2458488.3472982 11.11 0.17
2458488.3479927 11.09 0.16
2458488.3490344 11.05 0.16
2458488.3499024 10.90 0.14
2458488.3516385 10.95 0.14
2458488.3532010 11.02 0.15
2458488.3537218 11.01 0.15
2458488.3566732 10.99 0.15
2458488.3580625 10.98 0.15
2458488.3585830 11.00 0.15
2458488.3627496 11.01 0.15
2458488.3634441 11.06 0.16
2458488.3641385 11.14 0.17
2458488.3644857 10.89 0.13
2458488.3646594 10.93 0.14
2458488.3670899 11.02 0.15
2458488.3676107 10.94 0.14
2458488.3681316 11.06 0.16
2458488.3683052 11.05 0.16
2458488.3686524 11.11 0.16
2458488.3702150 10.98 0.15
2458488.3714302 11.03 0.15
2458488.3724718 10.95 0.14
2458493.2524947 11.14 0.15
2458493.2526684 11.18 0.16
2458493.2533628 11.09 0.14
2458493.2535364 11.04 0.14
2458493.2538836 11.02 0.14
2458493.2542320 11.09 0.14
2458493.2545789 11.11 0.14
2458493.2552727 11.15 0.15
2458493.2554461 11.05 0.14
2458493.2556198 11.12 0.15
2458493.2557934 10.96 0.13
2458493.2561406 11.20 0.16
2458493.2564878 11.03 0.13
2458493.2566614 10.97 0.13
2458493.2568350 11.08 0.14
2458493.2571823 11.01 0.13
2458493.2573559 11.09 0.14
2458493.2577031 11.00 0.13
2458493.2578767 11.02 0.13
2458493.2580503 11.14 0.15
2458493.2582239 11.17 0.15
2458493.2583975 11.18 0.15
2458493.2585711 11.03 0.13
2458493.2587447 11.10 0.14
2458493.2590920 10.96 0.13
2458493.2592656 11.02 0.13
2458493.2596128 11.03 0.14
2458493.2597864 11.09 0.14
2458493.2604809 10.94 0.12
2458493.2610017 11.03 0.13
2458493.2611753 10.94 0.12
2458493.2615225 11.01 0.13
2458493.2616961 11.01 0.13
2458493.2622170 11.22 0.16
2458493.2623906 11.10 0.14
2458493.2625642 11.12 0.14
2458493.2627378 10.87 0.12
2458493.2629114 10.99 0.13
2458493.2630850 11.11 0.14
2458493.2632586 11.03 0.13
2458493.2634323 11.12 0.15
2458493.2636059 11.03 0.13
2458493.2641267 11.10 0.14
2458493.2643003 11.07 0.14
2458493.2653420 11.11 0.14
2458493.2655156 11.02 0.13
2458493.2656892 10.82 0.11
2458493.2670784 11.00 0.13
2458493.2672519 11.03 0.13
2458493.2674253 10.97 0.13
2458493.2679461 11.06 0.14
2458493.2681197 10.98 0.13
2458493.2686406 11.03 0.14
2458493.2689878 10.84 0.11
2458493.2691614 11.13 0.15
2458493.2693350 10.93 0.12
2458493.2695086 11.16 0.15
2458493.2698559 10.99 0.13
2458493.2702031 11.04 0.13
2458493.2708975 10.84 0.11
2458493.2710711 10.96 0.12
2458493.2712448 11.00 0.13
2458493.2715920 11.00 0.13
2458493.2719392 11.08 0.14
2458493.2721128 11.02 0.13
2458493.2724600 11.04 0.14
2458493.2726336 10.96 0.13
2458493.2729809 11.06 0.14
2458493.2733281 11.07 0.14
2458493.2735017 11.15 0.15
2458493.2740225 11.05 0.14
2458493.2743697 11.00 0.13
2458493.2750642 10.98 0.13
2458493.2752378 11.14 0.15
2458493.2755850 11.00 0.13
2458493.2757586 11.08 0.14
2458493.2759322 11.20 0.15
2458493.2761059 11.12 0.15
2458493.2764531 10.87 0.12
2458493.2766267 11.24 0.16
2458493.2768003 11.13 0.15
2458493.2769739 10.91 0.12
2458493.2771475 11.12 0.15
2458493.2773211 11.01 0.13
2458493.2783638 11.14 0.15
2458493.2787107 10.97 0.13
2458493.2790576 11.11 0.14
2458493.2794045 11.02 0.13
2458493.2797517 11.30 0.17
2458493.2799253 11.13 0.15
2458493.2800989 11.08 0.14
2458493.2802725 11.13 0.15
2458493.2804461 11.16 0.15
2458493.2814878 10.92 0.12
2458493.2816614 11.12 0.15
2458493.2823559 11.14 0.15
2458493.2827031 11.20 0.16
2458493.2832239 11.02 0.13
2458493.2842656 11.10 0.14
2458493.2846128 11.13 0.15
2458493.2853072 10.99 0.13
2458493.2856545 11.11 0.14
2458493.2870434 11.02 0.13
2458493.2891267 10.97 0.13
2458493.2899961 10.98 0.13
2458493.2905164 11.02 0.13
2458493.2912102 11.01 0.13
2458493.2920781 11.08 0.14
2458493.2922517 11.05 0.14
2458493.2924253 11.10 0.14
2458493.2925989 11.08 0.14
2458493.2931197 11.09 0.14
2458493.2932934 11.10 0.14
2458493.2934670 11.06 0.14
2458493.2945086 11.22 0.16
2458493.2946823 11.01 0.13
2458493.2952031 11.07 0.14
2458493.2953767 11.13 0.15
2458493.2957239 11.08 0.14
2458493.2958975 11.23 0.16
2458493.2964184 11.13 0.15
2458493.2972864 11.13 0.15
2458493.2978072 11.16 0.15
2458493.2981545 11.13 0.15
2458493.2985017 11.12 0.15
2458493.3002378 11.09 0.15
2458493.3005850 11.03 0.14
2458493.3025063 11.22 0.16
2458493.3035480 10.98 0.13
2458493.3045897 11.01 0.13
2458493.3052841 10.97 0.13
2458493.3063258 11.06 0.14
2458493.3070202 11.13 0.15
2458493.3082355 11.03 0.13
2458493.3085827 11.20 0.16
2458493.3099716 11.15 0.15
2458493.3106661 10.92 0.12
2458493.3110133 11.11 0.14
2458493.3111869 11.19 0.16
2458493.3117077 10.98 0.13
2458493.3118813 11.00 0.13
2458493.3122298 11.16 0.15
2458493.3124033 11.07 0.14
2458493.3129236 11.18 0.15
2458493.3130971 11.09 0.14
2458493.3132705 11.12 0.14
2458493.3134439 11.19 0.15
2458493.3139647 11.07 0.14
2458493.3141383 11.04 0.13
2458493.3144855 11.11 0.14
2458493.3150063 10.96 0.12
2458493.3157008 11.14 0.15
2458493.3160480 11.05 0.14
2458493.3167424 11.19 0.15
2458493.3172633 11.11 0.14
2458493.3177841 11.20 0.15
2458493.3186522 11.13 0.14
2458493.3188258 11.35 0.17
2458493.3189994 10.94 0.12
2458493.3193466 11.04 0.13
2458493.3202147 10.96 0.12
2458493.3203883 11.10 0.14
2458493.3207355 11.13 0.14
2458493.3209091 11.28 0.17
2458493.3216035 11.15 0.15
2458493.3219508 11.06 0.14
2458493.3224716 11.26 0.16
2458493.3229924 11.13 0.14
2458493.3236869 10.98 0.13
2458493.3242090 11.07 0.14
2458493.3249028 11.14 0.15
2458493.3250762 10.95 0.12
2458493.3252497 11.16 0.15
2458493.3254231 11.12 0.14
2458493.3257702 11.18 0.15
2458493.3261174 11.25 0.16
2458493.3264647 11.06 0.14
2458493.3268119 11.10 0.14
2458493.3273327 11.13 0.14
2458493.3275063 11.16 0.15
2458493.3282008 10.96 0.12
2458493.3285480 10.97 0.12
2458493.3297633 11.08 0.14
2458493.3299369 11.13 0.14
2458493.3301105 11.18 0.15
2458493.3330619 11.09 0.14
2458493.3332355 11.05 0.13
2458493.3334091 11.11 0.14
2458493.3337563 11.08 0.14
2458493.3341036 11.14 0.15
2458493.3351452 11.12 0.14
2458493.3354924 11.14 0.15
2458493.3356661 10.92 0.12
2458493.3358397 11.17 0.15
2458493.3360133 11.11 0.14
2458493.3361882 11.05 0.14
2458493.3365351 10.95 0.12
2458493.3367085 11.22 0.16
2458493.3370554 11.09 0.14
2458493.3372288 11.23 0.16
2458493.3374023 11.18 0.15
2458493.3380966 11.18 0.15
2458493.3382702 11.13 0.14
2458493.3387910 11.14 0.15
2458493.3391383 11.18 0.15
2458493.3393119 11.09 0.14
2458493.3396591 11.19 0.15
2458493.3400063 11.04 0.14
2458493.3401799 11.07 0.14
2458493.3415688 11.07 0.14
2458493.3419161 11.19 0.15
2458493.3420897 11.07 0.14
2458493.3426105 10.99 0.13
2458493.3427841 11.00 0.13
2458493.3433049 11.22 0.16
2458493.3434786 11.19 0.15
2458493.3436522 11.06 0.14
2458493.3438258 11.32 0.18
2458493.3441730 11.11 0.14
2458493.3443466 11.13 0.15
2458493.3450410 10.93 0.12
2458493.3452147 11.17 0.15
2458493.3474716 11.20 0.16
2458493.3476452 10.98 0.13
2458493.3478188 11.07 0.14
2458493.3481673 10.99 0.13
2458493.3483408 11.14 0.15
2458493.3486876 11.16 0.15
2458493.3488611 11.18 0.15
2458493.3490345 11.18 0.15
2458493.3497286 11.01 0.13
2458493.3500758 11.16 0.15
2458493.3502494 11.20 0.16
2458493.3504230 11.25 0.16
2458493.3507702 11.05 0.14
2458493.3514647 10.97 0.13
2458493.3516383 11.32 0.17
2458493.3528535 11.16 0.15
2458493.3530272 11.07 0.14
2458493.3532008 11.12 0.14
2458493.3535480 11.14 0.15
2458493.3537216 11.10 0.14
2458493.3538952 10.97 0.13
2458493.3547633 11.08 0.14
2458493.3551105 11.08 0.14
2458493.3561522 11.11 0.14
2458493.3563258 11.17 0.15
2458493.3564994 11.08 0.14
2458493.3566730 10.96 0.13
2458493.3571938 11.15 0.15
2458493.3573674 11.24 0.16
2458493.3584091 11.12 0.14
2458493.3591036 11.17 0.15
2458493.3597980 11.12 0.14
2458493.3599716 11.23 0.16
2458493.3601465 11.05 0.14
2458493.3604934 10.99 0.13
2458493.3608403 11.01 0.13
2458493.3611871 11.13 0.15
2458493.3615341 10.94 0.12
2458493.3618813 11.10 0.14
2458493.3624022 11.17 0.15
2458493.3629230 11.13 0.15
2458493.3641383 11.04 0.14
2458493.3644855 11.12 0.15
2458493.3651799 11.08 0.14
2458493.3655272 11.06 0.14
2458493.3657008 11.12 0.14
2458493.3660480 11.14 0.15
2458493.3662216 11.17 0.15
2458493.3665688 11.06 0.14
2458493.3670897 10.95 0.12
2458493.3672633 11.04 0.13
2458493.3679577 11.16 0.15
2458493.3681313 11.05 0.14
2458493.3684785 11.07 0.14
2458493.3686522 11.17 0.15
2458493.3688258 11.04 0.13
2458493.3689994 11.10 0.14
2458493.3693466 11.15 0.15
2458493.3695202 11.00 0.13
2458493.3696938 11.21 0.16
2458493.3698674 11.10 0.14
2458493.3700410 11.15 0.15
2458493.3703883 11.21 0.16
2458493.3709091 10.97 0.13
2458493.3712563 11.13 0.15
2458493.3716036 11.19 0.16
2458493.3722991 11.03 0.14
2458493.3724725 11.32 0.18
2458493.3733397 10.93 0.12
2458493.3736869 11.19 0.15
2458493.3738605 10.97 0.13
2458493.3742077 11.05 0.14
2458493.3749022 11.12 0.15
2458493.3750758 11.12 0.14
2458493.3752494 11.11 0.14
2458493.3754230 11.06 0.14
2458493.3755966 11.29 0.17
2458493.3757702 11.16 0.15
2458493.3759438 11.06 0.14
2458493.3761174 11.17 0.15
2458493.3766383 11.09 0.14
2458493.3768119 11.24 0.16
2458493.3771591 11.02 0.13
2458493.3778535 11.21 0.16
2458493.3785480 10.95 0.13
2458493.3799369 11.11 0.15
2458493.3801105 11.06 0.14
2458493.3804577 11.27 0.17
2458493.3806313 11.19 0.16
2458493.3809786 11.03 0.14
2458493.3811522 11.16 0.15
2458493.3823674 11.09 0.14
2458493.3825411 11.15 0.15
2458493.3832355 11.18 0.16
2458493.3839313 11.09 0.15
2458493.3842782 11.05 0.14
2458493.3844517 11.12 0.15
2458493.3849720 11.11 0.15
2458493.3851454 11.07 0.14
2458493.3853189 11.19 0.16
2458493.3856660 11.07 0.14
2458493.3858397 10.97 0.13
2458493.3860133 11.09 0.14
2458493.3863605 11.05 0.14
2458493.3867077 11.04 0.14
2458493.3868813 11.06 0.14
2458493.3872286 11.03 0.14
2458493.3875758 11.08 0.14
2458493.3879230 11.18 0.16
2458493.3880966 11.18 0.16
2458493.3886174 11.12 0.15
2458493.3893119 11.02 0.14
2458493.3896591 10.90 0.12
2458493.3900063 11.09 0.15
2458493.3901799 11.19 0.16
2458493.3903536 10.95 0.13
2458493.3905272 11.08 0.14
2458493.3908744 11.13 0.15
2458493.3913952 10.93 0.13
2458493.3915688 11.15 0.16
2458493.3920897 11.07 0.14
2458493.3924369 10.92 0.13
2458493.3927841 11.10 0.15
2458493.3941730 11.02 0.14
2458493.3957355 11.10 0.15
2458493.3959105 11.09 0.15
2458493.3962574 10.99 0.14
2458493.3969511 11.12 0.15
2458493.3972980 11.00 0.14
2458493.3978188 10.96 0.13
2458493.3983397 11.09 0.15
2458493.3986869 11.01 0.14
2458493.3990341 11.04 0.14
2458493.3992077 11.10 0.15
2458493.3995549 11.03 0.14
2458493.3997285 11.04 0.14
2458493.4005966 10.97 0.13
2458493.4007702 11.07 0.15
2458493.4012910 10.89 0.12
2458493.4016383 11.10 0.15
2458493.4018119 10.94 0.13
2458493.4019855 10.95 0.13
2458493.4033744 10.92 0.13
2458493.4045897 11.05 0.15
2458493.4049369 10.95 0.13
2458493.4052841 10.99 0.14
2458493.4056313 11.10 0.15
2458493.4063258 10.99 0.14
2458493.4066730 10.87 0.13
2458493.4068466 11.04 0.15
2458493.4071938 10.94 0.13
2458493.4075410 11.00 0.14
2458493.4077147 11.11 0.16
2458493.4091037 10.99 0.14
2458493.4094508 10.86 0.12
2458493.4099716 10.94 0.13
2458493.4104924 10.95 0.14
2458493.4108397 11.05 0.15
2458493.4110133 10.99 0.14
2458493.4118813 10.94 0.13
2458493.4120549 11.01 0.14
2458493.4125758 11.04 0.15
2458493.4127494 10.93 0.13
2458493.4130966 10.98 0.14
2458493.4132702 10.90 0.13
2458493.4136174 11.05 0.15
2458493.4139647 10.94 0.14
2458493.4141383 11.07 0.15
2458493.4153535 11.01 0.15
2458493.4157008 11.08 0.16
2458494.3519392 10.69 0.15
2458494.3531545 10.64 0.15
2458495.1420549 10.70 0.16
2458495.1616730 10.76 0.16
2458495.1663605 10.84 0.17
2458495.1757355 10.70 0.15
2458495.1778188 10.79 0.16
2458495.1807702 10.85 0.17
2458495.1823327 10.82 0.16
2458495.1852841 10.72 0.15
2458495.1858049 10.74 0.15
2458495.1864994 10.85 0.17
2458495.1896244 10.63 0.13
2458495.1936174 10.90 0.17
2458495.1951809 10.78 0.15
2458495.1958747 10.93 0.17
2458495.1962216 10.79 0.15
2458495.1969161 10.74 0.15
2458495.1995202 10.82 0.16
2458495.2019508 10.76 0.15
2458495.2045549 10.85 0.17
2458495.2049022 10.78 0.15
2458495.2177494 10.77 0.15
2458495.2182702 10.81 0.15
2458495.2253883 10.80 0.15
2458495.2257355 10.64 0.13
2458495.2347633 10.72 0.14
2458495.2363258 10.95 0.17
2458495.2384091 10.79 0.15
2458495.2439649 10.83 0.15
2458495.2455272 10.94 0.17
2458495.2479577 10.74 0.14
2458495.2481313 10.89 0.16
2458495.2507355 10.93 0.16
2458495.2522980 10.79 0.14
2458495.2533397 10.83 0.15
2458495.2549034 10.64 0.13
2458495.2573327 10.82 0.15
2458495.2582008 10.77 0.14
2458495.2599369 10.82 0.14
2458495.2658397 10.93 0.16
2458495.2665341 10.87 0.15
2458495.2700063 10.76 0.14
2458495.2712216 10.88 0.15
2458495.2734786 10.81 0.14
2458495.2769508 10.90 0.16
2458495.2771244 10.86 0.15
2458495.2772980 10.77 0.14
2458495.2786869 10.69 0.13
2458495.2790353 10.79 0.14
2458495.2807702 10.62 0.12
2458495.2832008 10.92 0.15
2458495.2838952 10.96 0.16
2458495.2845897 10.95 0.16
2458495.2847633 11.02 0.17
2458495.2854577 10.97 0.16
2458495.2878883 10.70 0.13
2458495.2897980 10.86 0.15
2458495.2906661 10.63 0.12
2458495.2958744 10.86 0.15
2458495.2960480 10.88 0.15
2458495.2976105 10.79 0.14
2458495.3012563 10.96 0.16
2458495.3035140 10.94 0.16
2458495.3057702 10.92 0.16
2458495.3106313 10.94 0.16
2458495.3125411 10.75 0.13
2458495.3130619 10.83 0.14
2458498.1665238 10.82 0.14
2458498.1693003 11.02 0.17
2458498.1698211 10.86 0.14
2458498.1701684 11.01 0.16
2458498.1712100 11.16 0.18
2458498.1715572 10.97 0.16
2458498.1724253 10.81 0.14
2458498.1731198 10.99 0.16
2458498.1732934 10.77 0.13
2458498.1741614 10.97 0.15
2458498.1764184 10.83 0.13
2458498.1783295 10.92 0.14
2458498.1790232 11.11 0.17
2458498.1791967 11.02 0.16
2458498.1797170 10.99 0.15
2458498.1800642 10.86 0.13
2458498.1805850 11.15 0.17
2458498.1807586 11.06 0.16
2458498.1811059 10.90 0.14
2458498.1812795 11.03 0.15
2458498.1821475 11.06 0.16
2458498.1826684 11.09 0.16
2458498.1831892 11.02 0.16
2458498.1845781 10.92 0.14
2458498.1856197 11.04 0.16
2458498.1863142 10.94 0.14
2458498.1864878 10.87 0.14
2458498.1870086 11.11 0.17
2458498.1908281 10.86 0.13
2458498.1915225 10.78 0.12
2458498.1922170 10.99 0.15
2458498.1927378 10.98 0.14
2458498.1930850 10.97 0.14
2458498.1941267 11.07 0.16
2458498.1948211 10.90 0.13
2458498.1953420 11.12 0.16
2458498.1955156 11.04 0.15
2458498.1972519 10.92 0.14
2458498.1974253 10.97 0.14
2458498.1979461 10.97 0.14
2458498.1984670 10.84 0.12
2458498.1996822 11.00 0.14
2458498.2017656 11.03 0.15
2458498.2022864 11.00 0.14
2458498.2029809 10.99 0.14
2458498.2047170 11.14 0.16
2458498.2068003 11.07 0.15
2458498.2076684 11.01 0.14
2458498.2078420 11.10 0.15
2458498.2080169 11.19 0.17
2458498.2081904 11.13 0.16
2458498.2085373 11.19 0.16
2458498.2088841 11.19 0.17
2458498.2094045 11.06 0.15
2458498.2097517 11.17 0.16
2458498.2114878 11.02 0.14
2458498.2118350 11.04 0.15
2458498.2123559 10.95 0.13
2458498.2127031 10.87 0.12
2458498.2133975 11.19 0.17
2458498.2137448 11.20 0.17
2458498.2151336 11.14 0.16
2458498.2166961 11.16 0.16
2458498.2170434 11.11 0.15
2458498.2182586 11.06 0.14
2458498.2193003 11.02 0.14
2458498.2203429 11.21 0.16
2458498.2205163 11.13 0.15
2458498.2206898 10.95 0.13
2458498.2213836 11.15 0.16
2458498.2215573 11.02 0.14
2458498.2222517 11.05 0.15
2458498.2225989 11.19 0.16
2458498.2227725 11.18 0.16
2458498.2229461 11.07 0.14
2458498.2238142 11.07 0.14
2458498.2241614 11.10 0.15
2458498.2243350 11.05 0.14
2458498.2246822 11.16 0.15
2458498.2250295 11.19 0.16
2458498.2260711 11.09 0.15
2458498.2264184 11.14 0.15
2458498.2267656 10.74 0.11
2458498.2269392 10.96 0.13
2458498.2272864 11.11 0.15
2458498.2278073 11.02 0.14
2458498.2279809 11.12 0.15
2458498.2281545 11.02 0.14
2458498.2293698 11.09 0.15
2458498.2295434 11.14 0.16
2458498.2312795 11.11 0.15
2458498.2314531 11.00 0.14
2458498.2326688 11.15 0.16
2458498.2328422 11.05 0.15
2458498.2335364 11.20 0.17
2458498.2349253 11.08 0.15
2458498.2354461 11.03 0.14
2458498.2356198 11.04 0.15
2458498.2363142 10.91 0.13
2458498.2366614 11.03 0.14
2458498.2371823 11.08 0.15
2458498.2380503 11.05 0.15
2458498.2382239 11.07 0.15
2458498.2383975 11.02 0.15
2458498.2389184 10.90 0.13
2458498.2392656 10.90 0.13
2458498.2394392 11.09 0.16
2458498.2396128 11.11 0.16
2458498.2397864 11.08 0.15
2458498.2399600 11.09 0.16
2458498.2401336 10.97 0.14
2458498.2408281 10.85 0.13
2458498.2410017 10.95 0.14
2458498.2411753 11.07 0.15
2458498.2413489 10.89 0.13
2458498.2418697 11.07 0.15
2458498.2425642 11.02 0.15
2458498.2434323 11.06 0.15
2458498.2439541 10.99 0.14
2458498.2449948 10.91 0.13
2458498.2456892 11.07 0.15
2458498.2458628 10.83 0.12
2458498.2460364 10.96 0.14
2458498.2465572 11.01 0.15
2458498.2470781 10.94 0.14
2458498.2474253 11.00 0.14
2458498.2479461 10.98 0.14
2458498.2481197 11.00 0.14
2458498.2486406 11.01 0.15
2458498.2488142 11.00 0.14
2458498.2489878 10.99 0.14
2458498.2495086 10.79 0.12
2458498.2502031 11.04 0.15
2458498.2503767 10.85 0.13
2458498.2505503 10.93 0.14
2458498.2510711 11.03 0.15
2458498.2514184 10.84 0.13
2458498.2515920 10.84 0.13
2458498.2519392 11.14 0.17
2458498.2522864 11.03 0.15
2458498.2524600 11.09 0.16
2458498.2535017 10.98 0.14
2458498.2538489 10.92 0.14
2458498.2541961 11.04 0.15
2458498.2545434 11.05 0.16
2458498.2547170 11.04 0.15
2458498.2548906 10.84 0.13
2458498.2550642 11.00 0.15
2458498.2554114 10.90 0.13
2458498.2555863 10.96 0.14
2458498.2559332 10.94 0.14
2458498.2564535 10.88 0.13
2458498.2568004 10.98 0.14
2458498.2571475 11.02 0.15
2458498.2574947 10.98 0.15
2458498.2576684 10.85 0.13
2458498.2578420 11.01 0.15
2458498.2600989 10.89 0.14
2458498.2604461 10.90 0.14
2458498.2606198 11.05 0.16
2458498.2613142 10.78 0.12
2458498.2618350 10.92 0.14
2458498.2620086 11.08 0.16
2458498.2621822 10.91 0.14
2458498.2623559 10.97 0.14
2458498.2625295 10.97 0.14
2458498.2627031 11.12 0.13
2458498.2628767 10.96 0.11
2458498.2630503 10.98 0.12
2458498.2632239 10.93 0.11
2458498.2633975 11.02 0.12
2458498.2635711 11.08 0.13
2458498.2637447 11.21 0.15
2458498.2640920 11.04 0.12
2458498.2642656 10.94 0.12
2458498.2644392 11.06 0.13
2458498.2646128 11.10 0.13
2458498.2647864 11.17 0.14
2458498.2651336 11.12 0.14
2458498.2654809 11.02 0.13
2458498.2656545 11.18 0.14
2458498.2658281 11.00 0.13
2458498.2660017 11.02 0.12
2458498.2661753 11.13 0.14
2458498.2665225 11.10 0.13
2458498.2668698 11.07 0.13
2458498.2670434 11.27 0.15
2458498.2673906 11.05 0.13
2458498.2675655 10.87 0.11
2458498.2677389 11.05 0.13
2458498.2679124 11.11 0.14
2458498.2680858 10.96 0.12
2458498.2682593 10.96 0.12
2458498.2684327 10.92 0.11
2458498.2686062 11.07 0.13
2458498.2687796 11.16 0.14
2458498.2689531 11.04 0.13
2458498.2691267 11.07 0.13
2458498.2693003 10.91 0.11
2458498.2696475 11.04 0.12
2458498.2698211 11.19 0.14
2458498.2699947 11.10 0.13
2458498.2701684 10.90 0.11
2458498.2703420 10.95 0.12
2458498.2705156 11.28 0.15
2458498.2706892 10.87 0.11
2458498.2708628 11.28 0.15
2458498.2712100 11.24 0.15
2458498.2713836 11.04 0.13
2458498.2715572 11.02 0.12
2458498.2717309 10.90 0.11
2458498.2719045 11.07 0.13
2458498.2722517 11.06 0.13
2458498.2724253 11.11 0.13
2458498.2725989 10.97 0.12
2458498.2729461 11.14 0.14
2458498.2731197 11.26 0.15
2458498.2732934 11.06 0.13
2458498.2734670 11.15 0.14
2458498.2736406 11.21 0.15
2458498.2738142 11.02 0.12
2458498.2743350 10.96 0.11
2458498.2745086 10.97 0.12
2458498.2746823 10.84 0.10
2458498.2748559 10.99 0.12
2458498.2750295 11.04 0.12
2458498.2752031 11.09 0.13
2458498.2753767 10.97 0.12
2458498.2755503 11.08 0.13
2458498.2757239 10.95 0.11
2458498.2758975 11.09 0.13
2458498.2760711 11.01 0.12
2458498.2762448 11.11 0.13
2458498.2764184 11.00 0.12
2458498.2765920 10.92 0.11
2458498.2767656 10.89 0.11
2458498.2769392 11.05 0.13
2458498.2771128 11.10 0.13
2458498.2772864 11.08 0.13
2458498.2774600 10.97 0.12
2458498.2776336 10.95 0.11
2458498.2779809 10.92 0.11
2458498.2781545 11.16 0.14
2458498.2783281 11.10 0.13
2458498.2785017 11.25 0.15
2458498.2786753 11.04 0.12
2458498.2788489 11.18 0.14
2458498.2790225 11.12 0.13
2458498.2793697 11.10 0.13
2458498.2797182 11.07 0.13
2458498.2798916 11.05 0.13
2458498.2800651 10.96 0.11
2458498.2802385 11.36 0.16
2458498.2804120 11.10 0.13
2458498.2805854 11.05 0.13
2458498.2807589 11.17 0.14
2458498.2809323 11.07 0.13
2458498.2811059 10.85 0.11
2458498.2812795 11.09 0.13
2458498.2814531 11.12 0.13
2458498.2816267 11.09 0.13
2458498.2819739 11.03 0.12
2458498.2821475 10.96 0.12
2458498.2823211 11.03 0.12
2458498.2824948 10.98 0.12
2458498.2826684 11.00 0.12
2458498.2828420 10.99 0.12
2458498.2830156 10.96 0.12
2458498.2831892 11.22 0.15
2458498.2833628 10.99 0.12
2458498.2835364 10.97 0.12
2458498.2837100 11.12 0.13
2458498.2838836 11.23 0.15
2458498.2842309 10.93 0.11
2458498.2844045 11.06 0.13
2458498.2845781 11.16 0.14
2458498.2849253 10.96 0.12
2458498.2850989 11.18 0.14
2458498.2856197 11.08 0.13
2458498.2857934 11.12 0.14
2458498.2859670 11.03 0.12
2458498.2863142 11.09 0.13
2458498.2868350 11.29 0.16
2458498.2870086 11.11 0.13
2458498.2871822 11.11 0.14
2458498.2877031 11.22 0.15
2458498.2878767 11.04 0.13
2458498.2880503 11.20 0.15
2458498.2882239 11.08 0.13
2458498.2883975 11.18 0.14
2458498.2885711 11.06 0.13
2458498.2887447 10.94 0.12
2458498.2889184 11.15 0.14
2458498.2890920 11.18 0.15
2458498.2892656 10.89 0.11
2458498.2894392 11.14 0.14
2458498.2896128 10.90 0.11
2458498.2897864 11.13 0.14
2458498.2899600 11.18 0.14
2458498.2901336 11.15 0.14
2458498.2903073 10.98 0.12
2458498.2906545 11.07 0.13
2458498.2908281 11.13 0.14
2458498.2910017 11.13 0.14
2458498.2911753 11.19 0.15
2458498.2913489 10.97 0.12
2458498.2915239 10.95 0.12
2458498.2916974 11.22 0.15
2458498.2918708 11.19 0.15
2458498.2922177 11.10 0.14
2458498.2925646 11.06 0.13
2458498.2927381 11.12 0.14
2458498.2929115 10.99 0.12
2458498.2930850 11.11 0.14
2458498.2932586 11.10 0.14
2458498.2934322 11.17 0.15
2458498.2937795 11.03 0.13
2458498.2939531 11.27 0.16
2458498.2941267 11.11 0.14
2458498.2943003 10.96 0.12
2458498.2946475 10.90 0.12
2458498.2948211 10.87 0.12
2458498.2949947 11.14 0.14
2458498.2951684 11.03 0.13
2458498.2953420 11.17 0.15
2458498.2955156 11.06 0.13
2458498.2956892 11.08 0.13
2458498.2958628 10.85 0.11
2458498.2960364 10.99 0.12
2458498.2962100 11.04 0.13
2458498.2963836 11.01 0.13
2458498.2965572 11.09 0.13
2458498.2967309 11.18 0.15
2458498.2969045 11.15 0.14
2458498.2970781 11.11 0.14
2458498.2974253 11.06 0.13
2458498.2975989 11.09 0.13
2458498.2977725 11.14 0.14
2458498.2979461 10.98 0.12
2458498.2981198 10.99 0.12
2458498.2984670 11.08 0.13
2458498.2986406 11.13 0.14
2458498.2988142 11.03 0.13
2458498.2989878 10.97 0.12
2458498.2991614 11.06 0.13
2458498.2993350 11.01 0.13
2458498.2995086 11.06 0.13
2458498.2996823 10.86 0.11
2458498.3000295 10.87 0.11
2458498.3002031 11.03 0.13
2458498.3003767 11.07 0.13
2458498.3007239 11.10 0.14
2458498.3008975 11.15 0.14
2458498.3012447 11.10 0.14
2458498.3014184 11.02 0.13
2458498.3015920 11.16 0.15
2458498.3017656 11.04 0.13
2458498.3019392 11.16 0.14
2458498.3021128 11.07 0.13
2458498.3022864 11.27 0.16
2458498.3028072 10.99 0.12
2458498.3029809 10.89 0.11
2458498.3031545 10.94 0.12
2458498.3033281 10.93 0.12
2458498.3035017 10.98 0.12
2458498.3036766 11.10 0.13
2458498.3038500 10.98 0.12
2458498.3041969 11.04 0.13
2458498.3043703 11.19 0.15
2458498.3045438 10.85 0.11
2458498.3048907 11.06 0.13
2458498.3052378 10.85 0.11
2458498.3054114 11.04 0.13
2458498.3055850 11.16 0.14
2458498.3057586 10.97 0.12
2458498.3061059 10.99 0.12
2458498.3062795 10.95 0.12
2458498.3064531 11.15 0.14
2458498.3068003 11.03 0.13
2458498.3069739 11.02 0.13
2458498.3071475 10.96 0.12
2458498.3073211 11.11 0.14
2458498.3074948 11.12 0.14
2458498.3076684 10.96 0.12
2458498.3078420 11.13 0.14
2458498.3081892 10.91 0.12
2458498.3083628 11.05 0.13
2458498.3085364 11.09 0.13
2458498.3087100 11.22 0.15
2458498.3088836 11.11 0.14
2458498.3090572 10.97 0.12
2458498.3094045 11.00 0.13
2458498.3095781 11.08 0.14
2458498.3097517 10.90 0.12
2458498.3099253 11.13 0.14
2458498.3100989 11.10 0.14
2458498.3102725 11.08 0.14
2458498.3106197 11.10 0.14
2458498.3107934 11.17 0.15
2458498.3111406 11.00 0.13
2458498.3113142 10.93 0.12
2458498.3116614 11.03 0.13
2458498.3120086 11.22 0.16
2458498.3121822 11.01 0.13
2458498.3123559 11.15 0.15
2458498.3125295 11.05 0.13
2458498.3127031 10.89 0.12
2458498.3128767 11.11 0.14
2458498.3130503 10.97 0.12
2458498.3133975 11.08 0.14
2458498.3137448 11.18 0.15
2458498.3139184 11.10 0.14
2458498.3140920 11.00 0.13
2458498.3142656 11.14 0.15
2458498.3144392 11.10 0.14
2458498.3146128 11.12 0.14
2458498.3147864 11.09 0.14
2458498.3151336 11.14 0.14
2458498.3153073 10.97 0.12
2458498.3154809 10.98 0.13
2458498.3158292 11.04 0.13
2458498.3161761 10.85 0.11
2458498.3163496 11.07 0.13
2458498.3165230 10.98 0.13
2458498.3166965 10.89 0.12
2458498.3170434 11.07 0.14
2458498.3172170 10.94 0.12
2458498.3173906 11.20 0.15
2458498.3175642 11.31 0.17
2458498.3177378 11.07 0.13
2458498.3179114 11.13 0.14
2458498.3180850 10.94 0.12
2458500.2359438 10.93 0.16
2458500.2373327 10.93 0.16
2458500.2423674 10.91 0.15
2458500.2444520 10.90 0.15
2458500.2449724 10.93 0.15
2458500.2468813 10.80 0.13
2458500.2474022 10.87 0.14
2458500.2484438 10.97 0.15
2458500.2486174 11.00 0.16
2458500.2501799 11.00 0.16
2458500.2508744 10.84 0.13
2458500.2510480 10.88 0.14
2458500.2519160 11.02 0.16
2458500.2520897 11.13 0.18
2458500.2524369 10.89 0.14
2458500.2526105 10.98 0.15
2458500.2536522 10.89 0.14
2458500.2538258 10.97 0.15
2458500.2543466 10.97 0.15
2458500.2546938 10.96 0.15
2458500.2571250 10.90 0.14
2458500.2578188 10.88 0.14
2458500.2588605 10.77 0.13
2458500.2618119 11.04 0.16
2458500.2625063 10.96 0.15
2458500.2637216 10.91 0.14
2458500.2640688 11.06 0.16
2458500.2656313 11.12 0.16
2458500.2671938 10.99 0.15
2458500.2684104 10.98 0.15
2458500.2687573 11.11 0.16
2458500.2692776 11.16 0.17
2458500.2696245 10.86 0.13
2458500.2697980 11.07 0.16
2458500.2704924 11.09 0.16
2458500.2706661 11.14 0.17
2458500.2717077 11.03 0.15
2458500.2718813 10.87 0.13
2458500.2724022 10.85 0.13
2458500.2727494 11.01 0.15
2458500.2736174 10.87 0.13
2458500.2737910 10.96 0.14
2458500.2744855 10.88 0.13
2458500.2757008 11.01 0.15
2458500.2763952 10.99 0.14
2458500.2793466 10.82 0.13
2458500.2802147 11.00 0.15
2458500.2816037 10.93 0.14
2458500.2821244 10.95 0.14
2458500.2828188 11.00 0.15
2458500.2833397 11.01 0.15
2458500.2836869 11.07 0.16
2458500.2840341 11.08 0.16
2458500.2843813 11.11 0.16
2458500.2850758 11.08 0.16
2458500.2855966 10.94 0.14
2458500.2869855 10.85 0.13
2458500.2885480 11.03 0.15
2458500.2890688 11.01 0.15
2458500.2897633 11.00 0.14
2458500.2908049 10.82 0.12
2458500.2909785 10.86 0.13
2458500.2911522 11.05 0.15