2458467.3668514 10.61 0.10
2458467.3670250 10.66 0.11
2458467.3673723 10.62 0.10
2458467.3680667 10.74 0.12
2458467.3685875 10.67 0.11
2458467.3691084 10.61 0.10
2458467.3694556 10.71 0.11
2458467.3696292 10.67 0.11
2458467.3701500 10.88 0.13
2458467.3713653 10.66 0.11
2458467.3715389 10.61 0.10
2458467.3718861 10.76 0.12
2458467.3720598 10.58 0.10
2458467.3724070 10.62 0.10
2458467.3725806 10.68 0.11
2458467.3727542 10.59 0.10
2458467.3729278 10.67 0.11
2458467.3731014 10.71 0.11
2458467.3732750 10.57 0.10
2458467.3736223 10.50 0.09
2458467.3737959 10.71 0.11
2458467.3739695 10.62 0.10
2458467.3744903 10.94 0.14
2458467.3755332 10.79 0.12
2458467.3758801 10.67 0.11
2458467.3770945 10.82 0.13
2458467.3779625 10.56 0.10
2458467.3781361 10.83 0.13
2458467.3783097 10.77 0.12
2458467.3786570 10.62 0.11
2458467.3788306 10.48 0.09
2458467.3791778 10.55 0.10
2458467.3793514 10.60 0.10
2458467.3814348 10.90 0.13
2458467.3816084 10.89 0.13
2458467.3819556 10.68 0.11
2458467.3821292 10.69 0.11
2458467.3823028 10.76 0.12
2458467.3826500 10.58 0.10
2458467.3835181 10.68 0.11
2458467.3843861 10.72 0.12
2458467.3845597 10.87 0.13
2458467.3847334 10.81 0.12
2458467.3849070 10.67 0.11
2458467.3850806 10.77 0.12
2458467.3852542 10.65 0.11
2458467.3854278 10.74 0.12
2458467.3856014 10.75 0.12
2458467.3857750 10.60 0.10
2458467.3859486 10.67 0.11
2458467.3866431 10.81 0.13
2458467.3868167 10.75 0.12
2458467.3869903 10.65 0.11
2458467.3873389 10.64 0.11
2458467.3875123 10.66 0.11
2458467.3876858 10.78 0.12
2458467.3878592 10.65 0.11
2458467.3880327 10.67 0.11
2458467.3882061 10.70 0.11
2458467.3885530 10.83 0.13
2458467.3887264 10.73 0.12
2458467.3889000 10.65 0.11
2458467.3890736 10.71 0.11
2458467.3895945 10.55 0.10
2458467.3897681 10.70 0.11
2458467.3899417 10.74 0.12
2458467.3901153 10.83 0.13
2458467.3902889 10.67 0.11
2458467.3906361 10.82 0.13
2458467.3911570 10.70 0.11
2458467.3916778 10.66 0.11
2458467.3918514 10.61 0.11
2458467.3920250 10.85 0.13
2458467.3923722 10.74 0.12
2458467.3925459 10.73 0.12
2458467.3930667 10.51 0.10
2458467.3932403 10.84 0.13
2458467.3934139 10.70 0.12
2458467.3935875 10.79 0.13
2458467.3937611 10.86 0.13
2458467.3941084 10.72 0.12
2458467.3942820 10.47 0.09
2458467.3944556 10.69 0.11
2458467.3946292 10.58 0.10
2458467.3948028 10.73 0.12
2458467.3949764 10.76 0.12
2458467.3951500 10.76 0.12
2458467.3956709 10.67 0.11
2458467.3961917 10.57 0.10
2458467.3970598 10.79 0.13
2458467.3974070 10.61 0.11
2458467.3977542 10.62 0.11
2458467.3981014 10.60 0.10
2458467.3989695 10.80 0.13
2458467.3994914 10.68 0.11
2458467.3998383 10.82 0.13
2458467.4008792 10.83 0.13
2458467.4014000 10.60 0.11
2458467.4017472 11.00 0.15
2458467.4020945 10.60 0.11
2458467.4036570 10.85 0.13
2458467.4040042 10.77 0.12
2458467.4050459 10.68 0.11
2458467.4055667 10.78 0.12
2458467.4062611 10.62 0.11
2458467.4066084 10.81 0.13
2458467.4073028 10.87 0.13
2458467.4076500 10.73 0.12
2458467.4081709 10.73 0.12
2458467.4083445 10.78 0.12
2458467.4086917 10.63 0.11
2458467.4088653 10.59 0.10
2458467.4090389 10.70 0.12
2458467.4095597 10.77 0.12
2458467.4097334 10.85 0.13
2458467.4099070 10.85 0.13
2458467.4100806 10.78 0.13
2458467.4102542 10.48 0.09
2458467.4104278 10.73 0.12
2458467.4106014 10.83 0.13
2458467.4107750 10.89 0.14
2458467.4109486 10.89 0.14
2458467.4111236 10.69 0.11
2458467.4112971 10.72 0.12
2458467.4119908 10.78 0.13
2458467.4121643 10.65 0.11
2458467.4126848 10.62 0.11
2458467.4128584 10.76 0.12
2458467.4130320 10.65 0.11
2458467.4135528 10.78 0.12
2458467.4137264 10.65 0.11
2458467.4139000 10.76 0.12
2458467.4142473 10.84 0.13
2458467.4151153 10.76 0.12
2458467.4152889 10.62 0.11
2458467.4156361 10.54 0.10
2458467.4158097 10.54 0.10
2458467.4159834 10.82 0.13
2458467.4161570 10.67 0.12
2458467.4163306 10.70 0.12
2458467.4165042 10.79 0.13
2458467.4170250 10.85 0.13
2458467.4173722 10.75 0.12
2458467.4175459 10.65 0.11
2458467.4178931 10.89 0.14
2458467.4180667 10.70 0.12
2458467.4184139 10.81 0.13
2458467.4187611 10.80 0.13
2458467.4189348 10.68 0.12
2458467.4191084 10.67 0.12
2458467.4194556 10.65 0.12
2458467.4196292 10.92 0.15
2458467.4198028 10.69 0.12
2458467.4199764 10.83 0.14
2458467.4201500 10.73 0.13
2458467.4203236 10.71 0.12
2458467.4204973 10.72 0.12
2458469.3667865 10.62 0.08
2458469.3675343 10.80 0.09
2458469.3677079 10.66 0.08
2458469.3678815 10.58 0.08
2458469.3684023 10.76 0.09
2458469.3694440 10.53 0.07
2458469.3699648 10.73 0.09
2458469.3703121 10.71 0.08
2458469.3706593 10.85 0.10
2458469.3708329 10.70 0.08
2458469.3710065 10.62 0.08
2458469.3711801 10.74 0.09
2458469.3713537 10.68 0.08
2458469.3715273 10.64 0.08
2458469.3717009 10.67 0.08
2458469.3718746 10.82 0.09
2458469.3720482 10.70 0.08
2458469.3722218 10.59 0.08
2458469.3723954 10.57 0.08
2458469.3725690 10.80 0.09
2458469.3727426 10.69 0.08
2458469.3729162 10.62 0.08
2458469.3730898 10.56 0.07
2458469.3732635 10.76 0.09
2458469.3734371 10.77 0.09
2458469.3737843 10.58 0.08
2458469.3739579 10.85 0.10
2458469.3741315 10.70 0.08
2458469.3743051 10.69 0.08
2458469.3744787 10.56 0.07
2458469.3746524 10.63 0.08
2458469.3748260 10.56 0.07
2458469.3749996 10.68 0.08
2458469.3751732 10.65 0.08
2458469.3753468 10.73 0.09
2458469.3755204 10.59 0.08
2458469.3756940 10.72 0.08
2458469.3758676 10.66 0.08
2458469.3760425 10.75 0.09
2458469.3762159 10.65 0.08
2458469.3765628 10.74 0.09
2458469.3769097 10.57 0.07
2458469.3776037 10.65 0.08
2458469.3779510 10.59 0.08
2458469.3781246 10.66 0.08
2458469.3782982 10.67 0.08
2458469.3786454 10.65 0.08
2458488.3045899 10.61 0.10
2458488.3047635 10.49 0.09
2458488.3049371 10.60 0.10
2458488.3054579 10.68 0.10
2458488.3056316 10.60 0.10
2458488.3058052 10.48 0.09
2458488.3059788 10.58 0.09
2458488.3061524 10.67 0.10
2458488.3064996 10.64 0.10
2458488.3068468 10.78 0.11
2458488.3070205 10.59 0.10
2458488.3071941 10.85 0.12
2458488.3075413 10.57 0.09
2458488.3078885 10.64 0.10
2458488.3080621 10.61 0.10
2458488.3082357 10.54 0.09
2458488.3084093 10.56 0.09
2458488.3085830 10.57 0.09
2458488.3087566 10.62 0.10
2458488.3089302 10.38 0.08
2458488.3091038 10.54 0.09
2458488.3092788 10.71 0.11
2458488.3096257 10.56 0.09
2458488.3097991 10.65 0.10
2458488.3099726 10.59 0.10
2458488.3101460 10.44 0.08
2458488.3103194 10.53 0.09
2458488.3104929 10.59 0.10
2458488.3106663 10.58 0.10
2458488.3108399 10.62 0.10
2458488.3110135 10.61 0.10
2458488.3111871 10.61 0.10
2458488.3113607 10.61 0.10
2458488.3115344 10.39 0.08
2458488.3120552 10.71 0.11
2458488.3122288 10.51 0.09
2458488.3124024 10.58 0.10
2458488.3125760 10.87 0.13
2458488.3129232 10.65 0.10
2458488.3130969 10.66 0.10
2458488.3141385 10.74 0.11
2458488.3143121 10.51 0.09
2458488.3146593 10.81 0.12
2458488.3148330 10.54 0.09
2458488.3151802 10.76 0.11
2458488.3153538 10.55 0.09
2458488.3158746 10.48 0.09
2458488.3160482 10.60 0.10
2458488.3162218 10.55 0.10
2458488.3167427 10.52 0.09
2458488.3169163 10.42 0.08
2458488.3170899 10.69 0.11
2458488.3172635 10.74 0.11
2458488.3174371 10.55 0.10
2458488.3176107 10.69 0.11
2458488.3177844 10.48 0.09
2458488.3179580 10.57 0.10
2458488.3181316 10.64 0.10
2458488.3188260 10.49 0.09
2458488.3191732 10.55 0.10
2458488.3193469 10.60 0.10
2458488.3195205 10.73 0.11
2458488.3196941 10.70 0.11
2458488.3198677 10.66 0.11
2458488.3200413 10.49 0.09
2458488.3202149 10.67 0.11
2458488.3207357 10.60 0.10
2458488.3209094 10.50 0.09
2458488.3212579 10.58 0.10
2458488.3214314 10.45 0.09
2458488.3216048 10.66 0.11
2458488.3221252 11.03 0.15
2458488.3226455 10.75 0.11
2458488.3228191 10.55 0.10
2458488.3229927 10.83 0.12
2458488.3231663 10.71 0.11
2458488.3233399 10.69 0.11
2458488.3238607 10.65 0.11
2458488.3242080 10.65 0.11
2458488.3243816 10.51 0.09
2458488.3249024 10.81 0.12
2458488.3250760 10.73 0.11
2458488.3252496 10.85 0.13
2458488.3254232 10.72 0.11
2458488.3255969 10.68 0.11
2458488.3257705 10.71 0.11
2458488.3259441 10.51 0.09
2458488.3262913 10.80 0.12
2458488.3264649 10.44 0.09
2458488.3266385 10.60 0.10
2458488.3268121 10.56 0.10
2458488.3269857 10.88 0.13
2458488.3273330 10.61 0.10
2458488.3275066 10.68 0.11
2458488.3280274 10.55 0.10
2458488.3282010 10.62 0.10
2458488.3283746 10.66 0.11
2458488.3290691 10.86 0.13
2458488.3292427 10.48 0.09
2458488.3294163 10.72 0.11
2458488.3295899 10.81 0.13
2458488.3299371 10.62 0.11
2458488.3302843 10.86 0.13
2458488.3306316 10.68 0.11
2458488.3308052 10.62 0.11
2458488.3309788 10.59 0.10
2458488.3311524 10.71 0.11
2458488.3313260 10.61 0.10
2458488.3314996 10.65 0.11
2458488.3320205 10.87 0.13
2458488.3323677 10.57 0.10
2458488.3325413 10.82 0.13
2458488.3327149 10.54 0.10
2458488.3328885 10.67 0.11
2458488.3330621 10.61 0.10
2458488.3334105 10.75 0.12
2458488.3337574 10.58 0.10
2458488.3342777 10.77 0.12
2458488.3347982 10.65 0.11
2458488.3349719 10.62 0.11
2458488.3353191 10.78 0.12
2458488.3354927 10.80 0.12
2458488.3356663 10.68 0.11
2458488.3358399 10.77 0.12
2458488.3365344 10.69 0.11
2458488.3367080 10.71 0.12
2458488.3368816 10.79 0.12
2458488.3370552 10.53 0.10
2458488.3374024 10.70 0.11
2458488.3379232 10.70 0.11
2458488.3380968 10.74 0.12
2458488.3391385 10.58 0.10
2458488.3393121 10.64 0.11
2458488.3405274 10.60 0.11
2458488.3407010 10.65 0.11
2458488.3408746 10.60 0.10
2458488.3410482 10.66 0.11
2458488.3412219 10.96 0.14
2458488.3417427 10.79 0.13
2458488.3419163 10.84 0.13
2458488.3420899 10.92 0.14
2458488.3422635 10.86 0.13
2458488.3431316 10.77 0.12
2458488.3433052 10.68 0.11
2458488.3434788 10.78 0.12
2458488.3436524 10.88 0.14
2458488.3438260 10.70 0.11
2458488.3439996 10.71 0.12
2458488.3445205 10.77 0.12
2458488.3446941 10.53 0.10
2458488.3448677 10.70 0.12
2458488.3450413 10.77 0.12
2458488.3452162 10.66 0.11
2458488.3455631 10.79 0.13
2458488.3457365 10.73 0.12
2458488.3459100 10.83 0.13
2458488.3462569 10.83 0.13
2458488.3469510 10.91 0.14
2458488.3471246 10.76 0.12
2458488.3472982 10.65 0.11
2458488.3474718 10.64 0.11
2458488.3479927 10.92 0.14
2458488.3483399 10.82 0.13
2458488.3486871 10.77 0.12
2458488.3492080 10.82 0.13
2458488.3493816 10.81 0.13
2458488.3495552 10.60 0.10
2458488.3497288 10.57 0.10
2458488.3499024 10.66 0.11
2458488.3502496 10.68 0.11
2458488.3504232 10.86 0.13
2458488.3505969 10.89 0.14
2458488.3507705 10.60 0.10
2458488.3509441 10.89 0.14
2458488.3511177 10.72 0.12
2458488.3512913 10.80 0.12
2458488.3514649 10.58 0.10
2458488.3518121 10.65 0.11
2458488.3519857 10.58 0.10
2458488.3537218 10.76 0.12
2458488.3542427 10.51 0.10
2458488.3547635 10.56 0.10
2458488.3549371 10.67 0.11
2458488.3552843 10.81 0.13
2458488.3561524 10.89 0.14
2458488.3563260 10.95 0.14
2458488.3573687 10.52 0.10
2458488.3577156 10.82 0.13
2458488.3578891 10.70 0.11
2458488.3580625 10.78 0.12
2458488.3587566 10.84 0.13
2458488.3589302 10.79 0.12
2458488.3594510 10.62 0.11
2458488.3596246 10.79 0.13
2458488.3597982 10.64 0.11
2458488.3603191 10.67 0.11
2458488.3604927 10.71 0.12
2458488.3608399 10.88 0.13
2458488.3610135 10.65 0.11
2458488.3611871 10.80 0.12
2458488.3615343 10.62 0.11
2458488.3617080 10.61 0.10
2458488.3618816 10.80 0.12
2458488.3620552 10.62 0.11
2458488.3622288 10.72 0.12
2458488.3624024 10.70 0.11
2458488.3627496 10.89 0.14
2458488.3629232 11.05 0.16
2458488.3630968 10.69 0.11
2458488.3632705 10.79 0.12
2458488.3634441 10.86 0.13
2458488.3636177 10.59 0.10
2458488.3637913 10.57 0.10
2458488.3641385 10.81 0.13
2458488.3643121 10.54 0.10
2458488.3644857 10.81 0.13
2458488.3646594 10.62 0.11
2458488.3648330 10.67 0.11
2458488.3650066 10.73 0.12
2458488.3651802 10.71 0.12
2458488.3653538 10.52 0.10
2458488.3657010 10.80 0.13
2458488.3658746 10.61 0.11
2458488.3660482 10.55 0.10
2458488.3662219 10.64 0.11
2458488.3663955 10.57 0.10
2458488.3669163 10.69 0.12
2458488.3674371 10.81 0.13
2458488.3679580 10.73 0.12
2458488.3681316 10.84 0.13
2458488.3683052 10.77 0.12
2458488.3684788 10.72 0.12
2458488.3686524 10.58 0.10
2458488.3690010 10.64 0.11
2458488.3693479 10.86 0.13
2458488.3695213 10.78 0.13
2458488.3696948 10.78 0.12
2458488.3698682 10.57 0.10
2458488.3702150 10.69 0.11
2458488.3703885 10.65 0.11
2458488.3705621 10.78 0.12
2458488.3707357 10.68 0.12
2458488.3709093 10.84 0.13
2458488.3710830 10.53 0.10
2458488.3716038 10.85 0.13
2458488.3717774 10.87 0.14
2458488.3719510 10.55 0.10
2458488.3721246 10.66 0.11
2458488.3722982 10.87 0.14
2458488.3724718 10.76 0.12
2458488.3728191 10.53 0.10
2458488.3729927 10.57 0.10
2458488.3731663 10.69 0.12
2458488.3736871 10.62 0.11
2458488.3738607 10.64 0.11
2458488.3740343 10.73 0.12
2458488.3742080 10.71 0.12
2458493.2519739 10.61 0.10
2458493.2544055 10.75 0.11
2458493.2550993 10.89 0.12
2458493.2552727 10.55 0.09
2458493.2582239 10.82 0.11
2458493.2583975 10.77 0.11
2458493.2587447 10.81 0.11
2458493.2589184 10.58 0.09
2458493.2594392 10.52 0.09
2458493.2596128 10.80 0.11
2458493.2597864 10.58 0.09
2458493.2606545 10.89 0.12
2458493.2608281 10.55 0.09
2458493.2611753 10.70 0.10
2458493.2613489 10.81 0.11
2458493.2618697 10.60 0.09
2458493.2623906 10.65 0.10
2458493.2627378 10.59 0.09
2458493.2629114 10.80 0.11
2458493.2630850 10.79 0.11
2458493.2632586 10.64 0.10
2458493.2637795 10.83 0.12
2458493.2639531 10.70 0.10
2458493.2641267 10.61 0.09
2458493.2643003 10.84 0.12
2458493.2646475 10.85 0.12
2458493.2648211 10.72 0.10
2458493.2649948 10.75 0.11
2458493.2658628 10.78 0.11
2458493.2663847 10.67 0.10
2458493.2674253 10.83 0.12
2458493.2677725 10.55 0.09
2458493.2684670 10.68 0.10
2458493.2693350 10.77 0.11
2458493.2722864 10.96 0.13
2458493.2735017 10.63 0.10
2458493.2740225 10.78 0.11
2458493.2752378 10.75 0.11
2458493.2754114 10.65 0.10
2458493.2761059 10.62 0.10
2458493.2762795 10.95 0.13
2458493.2764531 10.87 0.12
2458493.2766267 10.91 0.12
2458493.2769739 10.88 0.12
2458493.2771475 10.71 0.10
2458493.2774947 10.93 0.13
2458493.2776684 10.88 0.12
2458493.2780169 11.01 0.14
2458493.2781904 10.87 0.12
2458493.2787107 10.90 0.12
2458493.2795781 10.74 0.11
2458493.2797517 10.64 0.10
2458493.2802725 10.80 0.11
2458493.2806198 10.71 0.10
2458493.2807934 10.66 0.10
2458493.2809670 10.96 0.13
2458493.2818350 10.78 0.11
2458493.2821822 10.91 0.13
2458493.2825295 10.62 0.09
2458493.2830503 10.77 0.11
2458493.2832239 10.87 0.12
2458493.2839184 10.55 0.09
2458493.2840920 10.74 0.11
2458493.2842656 10.74 0.11
2458493.2849600 10.72 0.10
2458493.2853072 10.73 0.11
2458493.2858281 10.53 0.09
2458493.2860017 10.76 0.11
2458493.2879114 10.82 0.11
2458493.2880850 10.74 0.11
2458493.2905164 10.58 0.09
2458493.2910367 10.92 0.13
2458493.2920781 10.65 0.10
2458493.2924253 10.65 0.10
2458493.2925989 10.81 0.11
2458493.2929461 10.87 0.12
2458493.2934670 10.72 0.10
2458493.2936406 10.71 0.10
2458493.2938142 10.75 0.11
2458493.2939878 10.74 0.11
2458493.2943350 10.59 0.09
2458493.2946823 10.86 0.12
2458493.2955503 10.91 0.13
2458493.2957239 10.66 0.10
2458493.2964184 10.84 0.12
2458493.2967656 10.77 0.11
2458493.2974600 10.80 0.11
2458493.2976336 10.61 0.10
2458493.2978072 10.87 0.12
2458493.2983281 10.81 0.11
2458493.2986753 10.83 0.12
2458493.2988489 10.70 0.10
2458493.2990225 10.73 0.11
2458493.2993697 10.53 0.09
2458493.2995434 10.81 0.11
2458493.2997170 10.68 0.10
2458493.2998906 10.84 0.12
2458493.3000642 10.68 0.10
2458493.3002378 10.86 0.12
2458493.3004114 10.71 0.11
2458493.3005850 10.79 0.11
2458493.3007586 10.81 0.11
2458493.3018931 10.65 0.10
2458493.3025063 10.71 0.10
2458493.3026799 10.72 0.11
2458493.3035480 10.70 0.10
2458493.3044161 10.65 0.10
2458493.3049369 10.86 0.12
2458493.3051105 10.88 0.12
2458493.3056313 10.79 0.11
2458493.3058049 10.66 0.10
2458493.3064994 10.52 0.09
2458493.3066730 10.58 0.09
2458493.3075410 10.80 0.11
2458493.3087563 10.76 0.11
2458493.3091036 10.70 0.10
2458493.3094508 10.93 0.13
2458493.3099716 10.82 0.11
2458493.3104924 10.74 0.10
2458493.3108397 10.93 0.13
2458493.3113605 10.87 0.12
2458493.3115341 10.61 0.09
2458493.3118813 10.65 0.10
2458493.3125767 10.66 0.10
2458493.3127502 10.94 0.13
2458493.3129236 10.68 0.10
2458493.3130971 10.67 0.10
2458493.3141383 10.62 0.09
2458493.3143119 10.72 0.10
2458493.3148327 11.05 0.14
2458493.3150063 10.81 0.11
2458493.3151799 10.80 0.11
2458493.3155272 10.60 0.09
2458493.3158744 10.82 0.11
2458493.3160480 10.51 0.08
2458493.3162216 10.95 0.13
2458493.3163952 10.78 0.11
2458493.3165688 10.85 0.11
2458493.3167424 10.65 0.09
2458493.3170897 10.72 0.10
2458493.3172633 10.84 0.11
2458493.3177841 10.67 0.10
2458493.3181313 10.76 0.11
2458493.3184786 10.60 0.09
2458493.3188258 10.82 0.11
2458493.3191730 10.63 0.09
2458493.3193466 10.71 0.10
2458493.3195202 10.61 0.09
2458493.3203883 10.56 0.09
2458493.3207355 10.63 0.09
2458493.3209091 10.64 0.09
2458493.3212563 10.48 0.08
2458493.3216035 10.65 0.09
2458493.3217772 10.64 0.10
2458493.3221244 10.71 0.10
2458493.3222980 10.78 0.11
2458493.3226452 10.74 0.10
2458493.3229924 10.81 0.11
2458493.3231662 10.51 0.08
2458493.3233397 10.69 0.10
2458493.3236869 10.73 0.10
2458493.3238605 10.60 0.09
2458493.3240341 10.61 0.09
2458493.3242090 10.82 0.11
2458493.3245559 10.62 0.09
2458493.3247293 10.60 0.09
2458493.3249028 10.68 0.10
2458493.3250762 10.67 0.10
2458493.3252497 10.65 0.10
2458493.3254231 10.59 0.09
2458493.3255966 10.67 0.10
2458493.3261174 10.57 0.09
2458493.3266383 10.63 0.09
2458493.3268119 10.56 0.09
2458493.3269855 10.79 0.11
2458493.3271591 10.59 0.09
2458493.3273327 10.60 0.09
2458493.3275063 10.73 0.10
2458493.3276799 10.71 0.10
2458493.3280272 10.75 0.10
2458493.3285480 10.74 0.10
2458493.3288952 10.67 0.10
2458493.3292430 10.75 0.10
2458493.3297633 10.74 0.10
2458493.3301105 10.59 0.09
2458493.3302841 10.59 0.09
2458493.3306313 10.64 0.09
2458493.3308049 10.55 0.09
2458493.3309785 10.68 0.10
2458493.3313258 10.70 0.10
2458493.3314994 10.61 0.09
2458493.3318466 10.52 0.08
2458493.3337563 10.57 0.09
2458493.3339299 10.60 0.09
2458493.3353188 10.68 0.10
2458493.3360133 10.65 0.09
2458493.3365351 10.87 0.12
2458493.3368820 10.64 0.09
2458493.3377494 10.70 0.10
2458493.3386174 10.64 0.10
2458493.3387910 10.69 0.10
2458493.3389647 10.81 0.11
2458493.3391383 10.75 0.11
2458493.3400063 10.70 0.10
2458493.3401799 10.81 0.11
2458493.3405272 10.63 0.09
2458493.3408744 10.68 0.10
2458493.3410480 10.78 0.11
2458493.3412216 10.73 0.10
2458493.3413952 10.81 0.11
2458493.3415688 10.78 0.11
2458493.3420897 10.71 0.10
2458493.3422633 10.69 0.10
2458493.3424369 10.65 0.10
2458493.3426105 10.61 0.09
2458493.3427841 10.69 0.10
2458493.3433049 10.60 0.09
2458493.3436522 10.67 0.10
2458493.3441730 10.71 0.10
2458493.3443466 10.60 0.09
2458493.3445202 10.86 0.12
2458493.3446938 10.57 0.09
2458493.3448674 10.81 0.11
2458493.3452147 10.67 0.10
2458493.3453883 10.68 0.10
2458493.3459091 10.75 0.11
2458493.3460827 10.71 0.10
2458493.3462563 10.82 0.11
2458493.3466035 10.79 0.11
2458493.3467772 10.65 0.10
2458493.3472980 10.76 0.11
2458493.3474716 10.59 0.09
2458493.3479924 10.74 0.11
2458493.3481673 10.64 0.10
2458493.3483408 10.56 0.09
2458493.3486876 10.87 0.12
2458493.3493814 10.75 0.11
2458493.3495549 10.73 0.11
2458493.3500758 10.44 0.08
2458493.3502494 10.63 0.09
2458493.3504230 10.53 0.09
2458493.3505966 10.77 0.11
2458493.3507702 10.71 0.10
2458493.3511174 10.58 0.09
2458493.3519855 10.62 0.09
2458493.3521591 10.66 0.10
2458493.3523327 10.56 0.09
2458493.3525063 10.78 0.11
2458493.3526799 10.68 0.10
2458493.3528535 10.61 0.09
2458493.3535480 10.60 0.09
2458493.3537216 10.74 0.10
2458493.3538952 10.67 0.10
2458493.3540688 10.72 0.10
2458493.3544160 10.66 0.10
2458493.3545897 10.71 0.10
2458493.3552841 10.58 0.09
2458493.3556313 10.57 0.09
2458493.3570202 10.63 0.09
2458493.3580619 10.75 0.10
2458493.3591036 10.59 0.09
2458493.3596244 10.59 0.09
2458493.3599716 10.70 0.10
2458493.3603199 10.54 0.09
2458493.3613606 10.54 0.09
2458493.3620549 10.70 0.10
2458493.3624022 10.69 0.10
2458493.3625758 10.52 0.08
2458493.3627494 10.59 0.09
2458493.3629230 10.58 0.09
2458493.3630966 10.70 0.10
2458493.3632702 10.73 0.10
2458493.3634438 10.60 0.09
2458493.3636174 10.55 0.09
2458493.3637911 10.61 0.09
2458493.3639647 10.90 0.12
2458493.3644855 10.68 0.10
2458493.3646591 10.91 0.12
2458493.3650063 10.59 0.09
2458493.3651799 10.61 0.09
2458493.3653536 10.65 0.10
2458493.3655272 10.80 0.11
2458493.3660480 10.75 0.10
2458493.3662216 10.84 0.11
2458493.3665688 10.79 0.11
2458493.3670897 10.88 0.12
2458493.3676105 10.75 0.11
2458493.3683049 10.71 0.10
2458493.3686522 10.76 0.11
2458493.3693466 10.64 0.10
2458493.3695202 10.55 0.09
2458493.3696938 10.71 0.10
2458493.3698674 10.57 0.09
2458493.3700410 10.75 0.11
2458493.3707355 10.80 0.11
2458493.3717772 10.83 0.11
2458493.3721257 10.65 0.10
2458493.3722991 10.81 0.11
2458493.3724725 10.55 0.09
2458493.3726460 10.77 0.11
2458493.3731663 10.67 0.10
2458493.3735133 10.64 0.10
2458493.3736869 10.71 0.10
2458493.3745549 10.78 0.11
2458493.3750758 10.98 0.13
2458493.3752494 10.91 0.12
2458493.3757702 10.59 0.09
2458493.3761174 10.60 0.09
2458493.3764647 10.65 0.10
2458493.3768119 10.41 0.08
2458493.3769855 10.73 0.11
2458493.3771591 10.82 0.12
2458493.3773327 10.68 0.10
2458493.3775063 10.62 0.10
2458493.3776799 10.60 0.09
2458493.3778535 10.67 0.10
2458493.3782008 10.59 0.09
2458493.3783744 10.79 0.11
2458493.3787216 10.63 0.10
2458493.3792424 10.75 0.11
2458493.3795897 10.63 0.10
2458493.3797633 10.71 0.10
2458493.3799369 10.62 0.10
2458493.3802841 10.52 0.09
2458493.3804577 10.73 0.11
2458493.3806313 10.61 0.10
2458493.3808049 10.44 0.08
2458493.3809786 10.67 0.10
2458493.3814994 10.80 0.11
2458493.3818466 10.45 0.08
2458493.3820202 10.61 0.10
2458493.3821938 10.73 0.11
2458493.3825411 10.68 0.10
2458493.3827147 10.67 0.10
2458493.3828883 10.68 0.10
2458493.3830619 10.91 0.13
2458493.3834091 10.71 0.10
2458493.3835827 10.68 0.10
2458493.3837563 10.82 0.12
2458493.3841048 10.70 0.10
2458493.3842782 10.74 0.11
2458493.3844517 10.74 0.11
2458493.3846251 10.76 0.11
2458493.3849720 10.58 0.09
2458493.3851454 10.65 0.10
2458493.3858397 10.83 0.12
2458493.3865341 10.61 0.10
2458493.3867077 10.81 0.12
2458493.3870549 10.65 0.10
2458493.3872286 10.87 0.12
2458493.3874022 10.70 0.11
2458493.3877494 10.58 0.09
2458493.3879230 10.73 0.11
2458493.3880966 10.72 0.11
2458493.3882702 10.70 0.10
2458493.3886174 10.72 0.11
2458493.3891383 10.78 0.11
2458493.3894855 10.49 0.09
2458493.3896591 10.73 0.11
2458493.3912216 10.72 0.11
2458493.3915688 10.64 0.10
2458493.3931313 10.61 0.10
2458493.3936522 10.62 0.10
2458493.3943466 10.57 0.09
2458493.3945202 10.78 0.11
2458493.3953883 10.75 0.11
2458493.3957355 10.57 0.09
2458493.3959105 10.65 0.10
2458493.3964308 10.71 0.11
2458493.3966043 10.77 0.11
2458493.3967777 10.62 0.10
2458493.3969511 10.63 0.10
2458493.3971246 10.74 0.11
2458493.3972980 10.57 0.09
2458493.3974716 10.74 0.11
2458493.3976452 10.78 0.11
2458493.3979924 10.79 0.12
2458493.3983397 10.64 0.10
2458493.3988605 10.91 0.13
2458493.3990341 10.89 0.13
2458493.3993813 10.79 0.12
2458493.3995549 10.79 0.12
2458493.3999022 10.72 0.11
2458493.4000758 10.66 0.10
2458493.4002494 10.81 0.12
2458493.4004230 10.68 0.10
2458493.4007702 10.64 0.10
2458493.4009438 10.66 0.10
2458493.4014647 10.73 0.11
2458493.4021591 10.73 0.11
2458493.4026799 10.73 0.11
2458493.4028536 10.79 0.12
2458493.4032008 10.68 0.11
2458493.4033744 10.81 0.12
2458493.4035480 10.73 0.11
2458493.4037216 10.69 0.11
2458493.4040688 10.67 0.10
2458493.4044161 10.74 0.11
2458493.4045897 11.01 0.14
2458493.4047633 10.78 0.12
2458493.4049369 10.75 0.11
2458493.4051105 10.85 0.13
2458493.4052841 10.71 0.11
2458493.4054577 11.06 0.15
2458493.4056313 10.82 0.12
2458493.4058049 10.73 0.11
2458493.4061522 10.64 0.10
2458493.4064994 10.57 0.10
2458493.4068466 10.92 0.13
2458493.4071938 10.79 0.12
2458493.4075410 10.85 0.13
2458493.4077147 10.86 0.13
2458493.4078896 10.76 0.11
2458493.4080630 10.68 0.11
2458493.4082365 10.82 0.12
2458493.4084099 10.62 0.10
2458493.4085833 10.69 0.11
2458493.4089302 10.76 0.12
2458493.4091037 10.87 0.13
2458493.4092772 10.75 0.12
2458493.4094508 10.90 0.13
2458493.4097980 10.81 0.12
2458493.4099716 10.74 0.11
2458493.4101452 10.70 0.11
2458493.4103188 10.62 0.10
2458493.4104924 10.67 0.11
2458493.4108397 10.97 0.14
2458493.4110133 10.69 0.11
2458493.4111869 10.79 0.12
2458493.4115341 10.72 0.11
2458493.4117077 10.73 0.11
2458493.4120549 10.79 0.12
2458493.4124022 10.66 0.11
2458493.4130966 10.80 0.12
2458493.4134438 10.59 0.10
2458493.4141383 10.86 0.13
2458493.4143119 10.88 0.13
2458493.4146591 10.66 0.11
2458493.4148327 10.73 0.11
2458493.4151799 10.81 0.12
2458493.4153535 10.70 0.11
2458493.4155272 10.73 0.12
2458493.4157008 10.80 0.12
2458493.4158744 10.82 0.12
2458494.3456892 10.54 0.13
2458494.3458628 10.46 0.12
2458494.3469045 10.45 0.12
2458494.3474253 10.74 0.15
2458494.3482934 10.76 0.16
2458494.3488142 10.63 0.14
2458494.3495086 10.68 0.14
2458494.3498559 10.66 0.14
2458494.3500295 10.65 0.14
2458494.3502031 10.58 0.13
2458494.3503767 10.72 0.15
2458494.3505503 10.62 0.14
2458494.3508975 10.61 0.14
2458494.3510711 10.55 0.13
2458494.3512447 10.75 0.16
2458494.3519392 10.47 0.13
2458494.3528073 10.63 0.15
2458494.3531545 10.74 0.16
2458494.3538500 10.55 0.14
2458494.3554114 10.50 0.14
2458494.3557586 10.66 0.16
2458495.1352849 10.49 0.14
2458495.1356318 10.55 0.15
2458495.1370202 10.58 0.15
2458495.1392772 10.54 0.14
2458495.1406661 10.65 0.16
2458495.1408397 10.66 0.16
2458495.1411869 10.58 0.15
2458495.1418813 10.71 0.17
2458495.1425758 10.53 0.14
2458495.1429230 10.63 0.15
2458495.1437911 10.55 0.15
2458495.1439647 10.49 0.14
2458495.1443119 10.55 0.14
2458495.1444855 10.58 0.15
2458495.1446591 10.51 0.14
2458495.1448327 10.55 0.14
2458495.1450063 10.56 0.15
2458495.1455272 10.52 0.14
2458495.1457008 10.47 0.13
2458495.1458744 10.67 0.16
2458495.1467438 10.63 0.16
2458495.1469172 10.43 0.13
2458495.1472641 10.55 0.15
2458495.1476110 10.62 0.15
2458495.1481313 10.50 0.14
2458495.1486522 10.64 0.16
2458495.1489994 10.40 0.13
2458495.1493466 10.56 0.14
2458495.1495202 10.56 0.15
2458495.1498674 10.46 0.13
2458495.1510827 10.68 0.16
2458495.1517772 10.53 0.14
2458495.1522980 10.58 0.14
2458495.1524716 10.59 0.15
2458495.1528188 10.47 0.13
2458495.1531660 10.49 0.14
2458495.1545549 10.63 0.15
2458495.1568119 10.40 0.12
2458495.1569855 10.55 0.14
2458495.1571591 10.48 0.13
2458495.1578536 10.59 0.15
2458495.1585480 10.65 0.15
2458495.1588964 10.42 0.12
2458495.1594167 10.62 0.15
2458495.1604577 10.56 0.14
2458495.1608049 10.50 0.13
2458495.1611522 10.70 0.16
2458495.1614994 10.57 0.14
2458495.1625410 10.73 0.16
2458495.1632355 10.66 0.16
2458495.1637563 10.72 0.17
2458495.1641036 10.66 0.15
2458495.1642772 10.60 0.15
2458495.1646244 10.63 0.15
2458495.1647980 10.71 0.16
2458495.1649716 10.54 0.14
2458495.1651452 10.49 0.13
2458495.1653188 10.61 0.15
2458495.1660133 10.53 0.14
2458495.1663605 10.57 0.14
2458495.1665341 10.62 0.15
2458495.1674022 10.53 0.13
2458495.1677494 10.62 0.15
2458495.1679230 10.55 0.14
2458495.1680966 10.63 0.15
2458495.1686174 10.49 0.13
2458495.1687910 10.60 0.14
2458495.1694855 10.42 0.12
2458495.1698327 10.62 0.15
2458495.1700063 10.62 0.15
2458495.1703535 10.44 0.12
2458495.1705272 10.40 0.12
2458495.1707022 10.80 0.17
2458495.1712225 10.56 0.14
2458495.1719163 10.60 0.14
2458495.1722633 10.50 0.13
2458495.1724369 10.51 0.13
2458495.1727841 10.51 0.13
2458495.1734786 10.52 0.13
2458495.1736522 10.52 0.13
2458495.1739994 10.65 0.15
2458495.1745202 10.63 0.15
2458495.1746938 10.56 0.14
2458495.1752147 10.55 0.14
2458495.1755619 10.53 0.13
2458495.1757355 10.48 0.13
2458495.1759091 10.54 0.13
2458495.1760827 10.58 0.14
2458495.1762563 10.64 0.15
2458495.1764299 10.65 0.15
2458495.1766035 10.63 0.15
2458495.1767772 10.56 0.13
2458495.1769508 10.79 0.17
2458495.1778188 10.63 0.14
2458495.1779924 10.55 0.13
2458495.1781660 10.73 0.16
2458495.1785133 10.71 0.15
2458495.1792077 10.57 0.13
2458495.1797286 10.69 0.15
2458495.1799022 10.64 0.15
2458495.1800758 10.41 0.12
2458495.1809438 10.58 0.14
2458495.1811174 10.33 0.11
2458495.1812911 10.60 0.14
2458495.1818119 10.61 0.14
2458495.1819855 10.62 0.14
2458495.1825063 10.65 0.15
2458495.1826799 10.53 0.13
2458495.1832017 10.63 0.14
2458495.1833752 10.59 0.14
2458495.1837221 10.66 0.15
2458495.1847633 10.63 0.14
2458495.1851105 10.60 0.14
2458495.1858049 10.62 0.14
2458495.1859785 10.62 0.14
2458495.1861522 10.60 0.14
2458495.1863258 10.69 0.15
2458495.1864994 10.64 0.14
2458495.1866730 10.71 0.15
2458495.1868466 10.67 0.14
2458495.1870202 10.69 0.15
2458495.1875411 10.64 0.14
2458495.1877147 10.66 0.14
2458495.1882355 10.56 0.13
2458495.1884091 10.65 0.14
2458495.1885827 10.39 0.11
2458495.1889299 10.47 0.12
2458495.1892772 10.56 0.13
2458495.1894508 10.58 0.13
2458495.1896244 10.71 0.15
2458495.1897980 10.53 0.13
2458495.1904924 10.78 0.16
2458495.1906661 10.55 0.13
2458495.1908397 10.47 0.12
2458495.1910133 10.54 0.13
2458495.1911869 10.53 0.13
2458495.1913605 10.68 0.14
2458495.1915341 10.55 0.13
2458495.1918813 10.77 0.16
2458495.1920549 10.66 0.14
2458495.1922285 10.81 0.16
2458495.1924022 10.59 0.13
2458495.1925758 10.51 0.12
2458495.1927494 10.56 0.13
2458495.1929230 10.48 0.12
2458495.1932702 10.38 0.11
2458495.1939647 10.64 0.14
2458495.1943119 10.57 0.13
2458495.1946591 10.49 0.12
2458495.1948340 10.54 0.13
2458495.1950075 10.71 0.15
2458495.1951809 10.50 0.12
2458495.1953544 10.47 0.12
2458495.1955278 10.52 0.12
2458495.1957013 10.53 0.13
2458495.1958747 10.67 0.14
2458495.1960481 10.64 0.14
2458495.1962216 10.62 0.14
2458495.1963952 10.53 0.12
2458495.1965688 10.54 0.13
2458495.1967424 10.73 0.15
2458495.1969161 10.61 0.13
2458495.1970897 10.64 0.14
2458495.1974369 10.62 0.13
2458495.1977841 10.65 0.14
2458495.1979577 10.56 0.13
2458495.1981313 10.63 0.14
2458495.1983049 10.49 0.12
2458495.1984786 10.76 0.15
2458495.1986522 10.51 0.12
2458495.1988258 10.81 0.16
2458495.1989994 10.54 0.13
2458495.1991730 10.49 0.12
2458495.1993466 10.57 0.13
2458495.1995202 10.48 0.12
2458495.1996938 10.58 0.13
2458495.1998674 10.42 0.11
2458495.2000410 10.65 0.14
2458495.2002147 10.57 0.13
2458495.2003883 10.65 0.14
2458495.2005619 10.57 0.13
2458495.2007355 10.61 0.14
2458495.2009091 10.47 0.12
2458495.2010827 10.65 0.14
2458495.2012563 10.42 0.12
2458495.2014299 10.38 0.11
2458495.2016035 10.54 0.13
2458495.2021244 10.55 0.13
2458495.2022980 10.58 0.13
2458495.2024716 10.61 0.14
2458495.2026452 10.28 0.10
2458495.2028188 10.60 0.13
2458495.2029924 10.60 0.14
2458495.2031661 10.34 0.11
2458495.2033397 10.50 0.12
2458495.2035133 10.53 0.13
2458495.2036869 10.67 0.14
2458495.2038605 10.43 0.12
2458495.2040341 10.52 0.12
2458495.2043813 10.52 0.13
2458495.2047286 10.60 0.13
2458495.2052494 10.55 0.13
2458495.2055966 10.62 0.14
2458495.2057702 10.55 0.13
2458495.2059438 10.71 0.15
2458495.2061174 10.45 0.12
2458495.2062911 10.42 0.11
2458495.2064647 10.60 0.13
2458495.2068132 10.58 0.13
2458495.2073336 10.47 0.12
2458495.2075070 10.48 0.12
2458495.2080274 10.35 0.11
2458495.2083744 10.46 0.12
2458495.2087216 10.45 0.12
2458495.2094160 10.47 0.12
2458495.2097633 10.43 0.12
2458495.2101105 10.70 0.15
2458495.2102841 10.58 0.13
2458495.2104577 10.55 0.13
2458495.2109786 10.58 0.13
2458495.2111522 10.59 0.13
2458495.2113258 10.50 0.12
2458495.2114994 10.55 0.13
2458495.2116730 10.48 0.12
2458495.2118466 10.58 0.13
2458495.2120202 10.49 0.12
2458495.2121938 10.42 0.11
2458495.2127147 10.58 0.13
2458495.2128883 10.51 0.12
2458495.2130619 10.61 0.13
2458495.2132355 10.76 0.15
2458495.2134091 10.52 0.12
2458495.2135827 10.43 0.11
2458495.2141036 10.45 0.12
2458495.2142772 10.82 0.16
2458495.2144508 10.60 0.13
2458495.2146244 10.64 0.14
2458495.2147980 10.61 0.13
2458495.2149716 10.50 0.12
2458495.2151452 10.38 0.11
2458495.2153188 10.61 0.13
2458495.2154924 10.64 0.14
2458495.2156660 10.70 0.14
2458495.2158397 10.57 0.13
2458495.2160133 10.63 0.13
2458495.2161869 10.71 0.14
2458495.2163605 10.61 0.13
2458495.2165341 10.48 0.12
2458495.2168813 10.37 0.10
2458495.2170549 10.68 0.14
2458495.2172285 10.62 0.13
2458495.2174022 10.70 0.14
2458495.2177494 10.66 0.14
2458495.2179230 10.58 0.13
2458495.2180966 10.55 0.12
2458495.2182702 10.49 0.12
2458495.2184438 10.56 0.12
2458495.2186174 10.67 0.14
2458495.2187924 10.65 0.14
2458495.2189658 10.70 0.14
2458495.2191393 10.52 0.12
2458495.2193127 10.67 0.14
2458495.2194862 10.76 0.15
2458495.2196596 10.49 0.12
2458495.2198331 10.72 0.15
2458495.2200065 10.68 0.14
2458495.2203536 10.57 0.13
2458495.2207008 10.66 0.14
2458495.2210480 10.59 0.13
2458495.2212216 10.61 0.13
2458495.2213952 10.47 0.12
2458495.2215688 10.59 0.13
2458495.2219161 10.70 0.14
2458495.2220897 10.55 0.13
2458495.2224369 10.43 0.11
2458495.2226105 10.51 0.12
2458495.2227841 10.53 0.12
2458495.2229577 10.73 0.15
2458495.2233049 10.70 0.14
2458495.2234785 10.33 0.10
2458495.2236522 10.52 0.12
2458495.2238258 10.57 0.13
2458495.2241730 10.72 0.15
2458495.2243466 10.67 0.14
2458495.2245202 10.65 0.14
2458495.2250410 10.54 0.13
2458495.2252147 10.38 0.11
2458495.2253883 10.54 0.12
2458495.2255619 10.66 0.14
2458495.2257355 10.66 0.14
2458495.2259091 10.54 0.13
2458495.2262563 10.63 0.14
2458495.2266036 10.60 0.13
2458495.2269508 10.64 0.14
2458495.2272980 10.59 0.13
2458495.2274716 10.57 0.13
2458495.2276452 10.59 0.13
2458495.2278188 10.53 0.12
2458495.2279924 10.81 0.16
2458495.2281661 10.40 0.11
2458495.2283397 10.74 0.15
2458495.2285133 10.56 0.13
2458495.2288605 10.58 0.13
2458495.2292077 10.63 0.13
2458495.2295549 10.63 0.13
2458495.2297286 10.77 0.15
2458495.2300758 10.60 0.13
2458495.2304230 10.67 0.14
2458495.2305966 10.54 0.12
2458495.2309450 10.53 0.12
2458495.2311185 10.70 0.14
2458495.2312919 10.75 0.15
2458495.2314654 10.75 0.15
2458495.2318122 10.68 0.14
2458495.2319857 10.52 0.12
2458495.2321591 10.74 0.14
2458495.2323327 10.46 0.11
2458495.2325063 10.64 0.13
2458495.2326799 10.70 0.14
2458495.2328535 10.58 0.13
2458495.2330272 10.75 0.15
2458495.2333744 10.66 0.14
2458495.2335480 10.74 0.14
2458495.2340688 10.81 0.15
2458495.2342424 10.47 0.11
2458495.2344161 10.81 0.15
2458495.2347633 10.64 0.13
2458495.2349369 10.42 0.11
2458495.2363258 10.51 0.12
2458495.2366730 10.72 0.14
2458495.2368466 10.74 0.14
2458495.2370202 10.65 0.13
2458495.2371938 10.50 0.12
2458495.2378883 10.77 0.15
2458495.2380619 10.47 0.11
2458495.2385827 10.76 0.15
2458495.2387563 10.52 0.12
2458495.2389299 10.67 0.13
2458495.2392772 10.60 0.12
2458495.2396244 10.55 0.12
2458495.2401452 10.83 0.15
2458495.2404924 10.70 0.14
2458495.2406660 10.69 0.14
2458495.2408397 10.60 0.13
2458495.2410133 10.66 0.13
2458495.2411869 10.78 0.15
2458495.2413605 10.73 0.14
2458495.2415341 10.49 0.11
2458495.2417077 10.77 0.15
2458495.2418813 10.87 0.16
2458495.2420549 10.69 0.14
2458495.2422286 10.59 0.12
2458495.2430977 10.56 0.12
2458495.2434445 10.61 0.13
2458495.2436180 10.60 0.13
2458495.2437914 10.55 0.12
2458495.2439649 10.65 0.13
2458495.2441383 10.68 0.13
2458495.2450063 10.63 0.13
2458495.2451799 10.68 0.14
2458495.2453536 10.79 0.15
2458495.2455272 10.61 0.13
2458495.2457008 10.71 0.14
2458495.2458744 10.72 0.14
2458495.2460480 10.60 0.13
2458495.2462216 10.57 0.12
2458495.2463952 10.46 0.11
2458495.2465688 10.68 0.13
2458495.2469160 10.77 0.15
2458495.2470897 10.72 0.14
2458495.2474369 10.69 0.14
2458495.2476105 10.58 0.12
2458495.2477841 10.81 0.15
2458495.2479577 10.45 0.11
2458495.2484785 10.53 0.12
2458495.2486522 10.58 0.12
2458495.2488258 10.82 0.15
2458495.2491730 10.73 0.14
2458495.2493466 10.73 0.14
2458495.2495202 10.41 0.11
2458495.2498674 10.77 0.15
2458495.2502147 10.64 0.13
2458495.2503883 10.72 0.14
2458495.2505619 10.54 0.12
2458495.2507355 10.51 0.11
2458495.2509091 10.67 0.13
2458495.2510827 10.55 0.12
2458495.2512563 10.72 0.14
2458495.2514299 10.62 0.13
2458495.2516036 10.71 0.14
2458495.2519508 10.79 0.15
2458495.2521244 10.82 0.15
2458495.2522980 10.59 0.12
2458495.2526452 10.66 0.13
2458495.2528188 10.70 0.14
2458495.2529924 10.60 0.12
2458495.2531661 10.63 0.13
2458495.2535133 10.51 0.11
2458495.2536869 10.70 0.14
2458495.2538605 10.57 0.12
2458495.2540341 10.73 0.14
2458495.2543813 10.61 0.13
2458495.2549034 10.52 0.12
2458495.2550769 10.47 0.11
2458495.2555972 10.68 0.13
2458495.2559441 10.73 0.14
2458495.2561175 10.56 0.12
2458495.2562910 10.66 0.13
2458495.2564647 10.81 0.15
2458495.2566383 10.73 0.14
2458495.2568119 10.87 0.16
2458495.2569855 10.81 0.15
2458495.2571591 10.69 0.13
2458495.2573327 10.72 0.14
2458495.2575063 10.64 0.13
2458495.2576799 10.52 0.11
2458495.2578536 10.82 0.15
2458495.2582008 10.52 0.11
2458495.2583744 10.65 0.13
2458495.2585480 10.58 0.12
2458495.2588952 10.59 0.12
2458495.2590688 10.60 0.12
2458495.2592424 10.60 0.12
2458495.2594161 10.56 0.12
2458495.2595897 10.95 0.17
2458495.2597633 10.74 0.14
2458495.2599369 10.83 0.15
2458495.2601105 10.54 0.11
2458495.2604577 10.60 0.12
2458495.2606313 10.60 0.12
2458495.2608049 10.43 0.10
2458495.2609786 10.57 0.12
2458495.2613258 10.55 0.12
2458495.2614994 10.69 0.13
2458495.2616730 10.54 0.12
2458495.2618466 10.66 0.13
2458495.2620202 10.89 0.16
2458495.2621938 10.80 0.15
2458495.2623674 10.67 0.13
2458495.2625410 10.74 0.14
2458495.2627147 10.73 0.14
2458495.2628883 10.62 0.12
2458495.2630619 10.66 0.13
2458495.2634091 10.62 0.12
2458495.2635827 10.71 0.13
2458495.2637563 10.56 0.12
2458495.2639299 10.61 0.12
2458495.2641035 10.61 0.12
2458495.2642772 10.58 0.12
2458495.2644508 10.61 0.12
2458495.2646244 10.62 0.12
2458495.2647980 10.65 0.13
2458495.2649716 10.67 0.13
2458495.2651452 10.39 0.10
2458495.2653188 10.62 0.12
2458495.2654924 10.64 0.13
2458495.2656661 10.82 0.15
2458495.2658397 10.67 0.13
2458495.2660133 10.76 0.14
2458495.2661869 10.67 0.13
2458495.2663605 10.46 0.11
2458495.2665341 10.70 0.13
2458495.2667077 10.55 0.12
2458495.2668826 10.73 0.14
2458495.2670561 10.62 0.12
2458495.2672295 10.64 0.13
2458495.2674030 10.57 0.12
2458495.2675764 10.47 0.11
2458495.2677498 10.52 0.11
2458495.2679233 10.62 0.12
2458495.2680967 10.70 0.13
2458495.2682702 10.60 0.12
2458495.2684438 10.53 0.11
2458495.2686174 10.48 0.11
2458495.2687911 10.56 0.12
2458495.2689647 10.65 0.13
2458495.2691383 10.58 0.12
2458495.2693119 10.69 0.13
2458495.2694855 10.59 0.12
2458495.2696591 10.68 0.13
2458495.2698327 10.44 0.11
2458495.2701799 10.64 0.13
2458495.2703535 10.70 0.13
2458495.2705272 10.56 0.12
2458495.2707008 10.71 0.13
2458495.2708744 10.56 0.12
2458495.2710480 10.67 0.13
2458495.2712216 10.56 0.12
2458495.2713952 10.72 0.13
2458495.2715688 10.62 0.12
2458495.2717424 10.65 0.13
2458495.2719160 10.49 0.11
2458495.2722633 10.63 0.12
2458495.2727841 10.78 0.14
2458495.2729577 10.68 0.13
2458495.2731313 10.59 0.12
2458495.2734786 10.57 0.12
2458495.2738258 10.57 0.12
2458495.2739994 10.68 0.13
2458495.2741730 10.67 0.13
2458495.2743466 10.62 0.12
2458495.2745202 10.61 0.12
2458495.2746938 10.63 0.12
2458495.2748674 10.56 0.12
2458495.2750411 10.67 0.13
2458495.2755619 10.72 0.14
2458495.2757355 10.71 0.13
2458495.2762563 10.54 0.12
2458495.2764299 10.68 0.13
2458495.2767772 10.72 0.13
2458495.2769508 10.41 0.10
2458495.2771244 10.48 0.11
2458495.2772980 10.52 0.11
2458495.2776452 10.77 0.14
2458495.2778188 10.62 0.12
2458495.2779924 10.69 0.13
2458495.2783397 10.67 0.13
2458495.2788618 10.62 0.12
2458495.2790353 10.61 0.12
2458495.2792087 10.67 0.13
2458495.2793822 10.83 0.15
2458495.2795556 10.83 0.15
2458495.2799025 10.64 0.13
2458495.2800759 10.64 0.12
2458495.2802494 10.41 0.10
2458495.2804230 10.46 0.10
2458495.2805966 10.63 0.12
2458495.2807702 10.63 0.12
2458495.2809438 10.43 0.10
2458495.2811174 10.52 0.11
2458495.2812911 10.81 0.14
2458495.2814647 10.71 0.13
2458495.2818119 10.71 0.13
2458495.2819855 10.58 0.12
2458495.2821591 10.68 0.13
2458495.2823327 10.65 0.12
2458495.2825063 10.74 0.13
2458495.2826799 10.59 0.12
2458495.2828536 10.63 0.12
2458495.2830272 10.74 0.13
2458495.2832008 10.56 0.11
2458495.2833744 10.44 0.10
2458495.2835480 10.72 0.13
2458495.2837216 10.74 0.14
2458495.2838952 10.67 0.13
2458495.2840688 10.72 0.13
2458495.2842424 10.79 0.14
2458495.2844161 10.54 0.11
2458495.2845897 10.67 0.13
2458495.2847633 10.54 0.11
2458495.2849369 10.37 0.10
2458495.2851105 10.59 0.12
2458495.2852841 10.71 0.13
2458495.2854577 10.46 0.10
2458495.2856313 10.85 0.15
2458495.2858049 10.61 0.12
2458495.2861522 10.68 0.13
2458495.2863258 10.76 0.14
2458495.2864994 10.67 0.13
2458495.2868466 10.60 0.12
2458495.2873674 10.62 0.12
2458495.2878883 10.51 0.11
2458495.2880619 10.69 0.13
2458495.2882355 10.63 0.12
2458495.2884091 10.62 0.12
2458495.2885827 10.58 0.12
2458495.2889299 10.78 0.14
2458495.2891036 10.54 0.11
2458495.2892772 10.63 0.12
2458495.2894508 10.74 0.14
2458495.2899716 10.72 0.13
2458495.2901452 10.79 0.14
2458495.2904924 10.58 0.12
2458495.2906661 10.53 0.11
2458495.2908410 10.85 0.15
2458495.2910145 10.47 0.11
2458495.2911879 10.66 0.13
2458495.2913614 10.46 0.10
2458495.2915348 10.66 0.13
2458495.2918817 10.62 0.12
2458495.2920551 10.69 0.13
2458495.2922286 10.84 0.15
2458495.2924022 10.81 0.14
2458495.2925758 10.68 0.13
2458495.2929230 10.81 0.14
2458495.2930966 10.74 0.13
2458495.2932702 10.73 0.13
2458495.2936174 10.45 0.10
2458495.2937910 10.69 0.13
2458495.2943119 10.70 0.13
2458495.2944855 10.65 0.12
2458495.2946591 10.42 0.10
2458495.2948327 10.78 0.14
2458495.2950063 10.66 0.12
2458495.2951799 10.59 0.12
2458495.2953535 10.73 0.13
2458495.2955272 10.69 0.13
2458495.2957008 10.62 0.12
2458495.2958744 10.71 0.13
2458495.2960480 10.82 0.14
2458495.2962216 10.67 0.12
2458495.2963952 10.62 0.12
2458495.2965688 10.64 0.12
2458495.2967424 10.76 0.13
2458495.2969160 10.68 0.13
2458495.2970897 10.74 0.13
2458495.2972633 10.67 0.12
2458495.2976105 10.73 0.13
2458495.2977841 10.74 0.13
2458495.2979577 10.67 0.13
2458495.2981313 10.74 0.13
2458495.2983049 10.63 0.12
2458495.2984785 10.73 0.13
2458495.2986522 10.82 0.14
2458495.2988258 10.75 0.13
2458495.2989994 10.68 0.12
2458495.2991730 10.86 0.15
2458495.2993466 10.79 0.14
2458495.2996938 10.69 0.13
2458495.2998674 10.57 0.11
2458495.3003883 10.73 0.13
2458495.3005619 10.84 0.14
2458495.3007355 10.60 0.12
2458495.3010827 10.69 0.13
2458495.3012563 10.72 0.13
2458495.3016035 10.67 0.13
2458495.3021244 10.81 0.14
2458495.3022980 10.58 0.11
2458495.3024716 10.58 0.12
2458495.3028202 10.63 0.12
2458495.3031671 10.76 0.14
2458495.3033406 10.51 0.11
2458495.3040343 10.50 0.11
2458495.3043813 10.56 0.11
2458495.3047286 10.68 0.13
2458495.3054230 10.78 0.14
2458495.3055966 10.73 0.13
2458495.3059438 10.65 0.13
2458495.3062911 10.82 0.15
2458495.3066383 10.84 0.15
2458495.3068119 10.91 0.16
2458495.3069855 10.85 0.15
2458495.3073327 10.86 0.15
2458495.3080272 10.81 0.14
2458495.3082008 10.80 0.14
2458495.3087216 10.77 0.14
2458495.3088952 10.84 0.15
2458495.3095897 10.74 0.13
2458495.3097633 10.51 0.11
2458495.3102841 10.78 0.14
2458495.3108049 10.84 0.15
2458495.3109785 10.79 0.14
2458495.3114994 10.72 0.13
2458495.3116730 10.83 0.15
2458495.3118466 10.83 0.15
2458495.3120202 10.81 0.14
2458495.3121938 10.93 0.16
2458495.3123674 10.87 0.15
2458495.3125411 10.85 0.15
2458495.3127147 10.68 0.13
2458495.3128883 10.68 0.13
2458495.3130619 10.90 0.15
2458495.3132355 11.07 0.18
2458495.3134091 10.76 0.14
2458495.3137563 10.73 0.13
2458495.3139299 10.62 0.12
2458495.3141036 10.86 0.15
2458495.3144508 10.80 0.14
2458495.3146244 10.74 0.14
2458495.3147980 10.78 0.14
2458495.3149729 10.91 0.16
2458495.3151463 10.79 0.14
2458495.3153198 10.72 0.13
2458498.1661753 10.89 0.15
2458498.1663489 10.73 0.13
2458498.1666972 10.56 0.12
2458498.1668707 10.69 0.13
2458498.1670441 10.73 0.13
2458498.1672176 10.79 0.14
2458498.1675645 10.64 0.12
2458498.1684322 10.63 0.12
2458498.1686059 10.84 0.15
2458498.1687795 10.71 0.13
2458498.1689531 10.87 0.15
2458498.1691267 10.72 0.13
2458498.1693003 10.68 0.13
2458498.1694739 10.76 0.14
2458498.1698211 10.92 0.16
2458498.1699947 10.79 0.14
2458498.1701684 10.76 0.13
2458498.1703420 10.78 0.14
2458498.1705156 10.68 0.12
2458498.1706892 10.61 0.12
2458498.1708628 10.83 0.14
2458498.1712100 10.84 0.14
2458498.1713836 10.81 0.14
2458498.1715572 10.70 0.13
2458498.1717309 10.62 0.12
2458498.1719045 10.73 0.13
2458498.1720781 10.60 0.12
2458498.1722517 10.61 0.12
2458498.1724253 10.89 0.15
2458498.1725989 10.80 0.14
2458498.1727725 10.72 0.13
2458498.1729461 10.83 0.14
2458498.1731198 10.67 0.12
2458498.1732934 10.73 0.13
2458498.1734670 10.85 0.14
2458498.1736406 10.88 0.15
2458498.1738142 10.63 0.11
2458498.1739878 10.58 0.11
2458498.1741614 10.68 0.12
2458498.1743350 10.79 0.13
2458498.1745086 10.65 0.12
2458498.1746823 10.82 0.14
2458498.1750295 10.56 0.11
2458498.1752031 10.80 0.13
2458498.1753767 10.73 0.13
2458498.1755503 10.70 0.12
2458498.1757239 10.77 0.13
2458498.1758975 10.66 0.12
2458498.1760711 10.62 0.11
2458498.1762447 10.59 0.11
2458498.1764184 10.73 0.12
2458498.1765920 10.67 0.12
2458498.1767656 10.74 0.12
2458498.1769392 10.56 0.11
2458498.1771128 10.76 0.13
2458498.1772864 10.85 0.14
2458498.1774600 10.91 0.15
2458498.1776336 10.67 0.12
2458498.1778072 10.88 0.14
2458498.1779809 10.73 0.12
2458498.1781545 10.74 0.13
2458498.1783295 10.71 0.12
2458498.1785029 10.87 0.14
2458498.1788498 10.79 0.13
2458498.1790232 10.72 0.13
2458498.1791967 10.55 0.11
2458498.1793701 10.64 0.12
2458498.1797170 10.58 0.11
2458498.1798906 10.84 0.14
2458498.1802378 10.55 0.10
2458498.1804114 10.73 0.12
2458498.1805850 10.77 0.13
2458498.1807586 10.51 0.10
2458498.1809323 10.42 0.09
2458498.1811059 10.60 0.11
2458498.1812795 10.65 0.11
2458498.1814531 10.87 0.14
2458498.1816267 10.76 0.13
2458498.1818003 10.69 0.12
2458498.1821475 10.63 0.11
2458498.1823211 10.95 0.15
2458498.1824948 10.66 0.12
2458498.1828420 10.74 0.13
2458498.1830156 10.79 0.13
2458498.1831892 10.67 0.12
2458498.1833628 10.54 0.10
2458498.1837100 10.77 0.13
2458498.1840572 10.63 0.11
2458498.1842309 10.59 0.11
2458498.1844045 10.68 0.12
2458498.1850989 10.60 0.11
2458498.1852725 10.72 0.12
2458498.1854461 10.82 0.13
2458498.1857934 10.60 0.11
2458498.1859670 10.98 0.15
2458498.1861406 10.74 0.12
2458498.1863142 10.74 0.12
2458498.1866614 10.68 0.12
2458498.1868350 10.78 0.13
2458498.1870086 10.70 0.12
2458498.1871822 10.65 0.11
2458498.1885711 10.79 0.13
2458498.1887448 10.69 0.12
2458498.1890920 10.70 0.12
2458498.1892656 10.69 0.12
2458498.1896128 10.73 0.12
2458498.1897864 10.61 0.11
2458498.1899600 11.01 0.16
2458498.1901336 10.82 0.13
2458498.1903073 10.58 0.11
2458498.1904809 10.61 0.11
2458498.1906545 10.61 0.11
2458498.1908281 10.81 0.13
2458498.1910017 10.60 0.11
2458498.1911753 10.74 0.12
2458498.1913489 10.67 0.11
2458498.1915225 10.81 0.13
2458498.1916961 10.89 0.14
2458498.1918697 10.75 0.12
2458498.1920434 10.59 0.10
2458498.1922170 10.72 0.12
2458498.1923906 10.68 0.12
2458498.1925642 10.75 0.12
2458498.1927378 10.65 0.11
2458498.1929114 10.50 0.10
2458498.1932586 10.72 0.12
2458498.1934322 10.68 0.11
2458498.1936059 10.65 0.11
2458498.1937795 10.84 0.13
2458498.1944739 10.70 0.11
2458498.1946475 10.75 0.12
2458498.1948211 10.75 0.12
2458498.1949947 10.65 0.11
2458498.1951684 10.62 0.11
2458498.1953420 10.72 0.12
2458498.1955156 10.93 0.14
2458498.1958628 10.63 0.11
2458498.1962112 10.69 0.11
2458498.1967315 10.68 0.11
2458498.1969050 10.58 0.10
2458498.1970784 10.72 0.12
2458498.1972519 10.86 0.13
2458498.1974253 10.65 0.11
2458498.1975989 10.56 0.10
2458498.1977725 10.63 0.10
2458498.1979461 10.85 0.13
2458498.1986406 10.54 0.10
2458498.1989878 10.86 0.13
2458498.2002031 10.74 0.11
2458498.2007239 10.75 0.11
2458498.2008975 10.63 0.10
2458498.2010711 10.71 0.11
2458498.2012447 10.63 0.10
2458498.2014184 10.71 0.11
2458498.2019392 10.72 0.11
2458498.2021128 10.61 0.10
2458498.2022864 10.73 0.11
2458498.2026336 10.57 0.10
2458498.2028072 10.62 0.10
2458498.2029809 10.58 0.10
2458498.2033281 10.75 0.11
2458498.2035017 10.58 0.10
2458498.2041961 10.71 0.11
2458498.2043698 10.65 0.10
2458498.2045434 10.74 0.11
2458498.2047170 10.62 0.10
2458498.2048906 10.88 0.13
2458498.2050642 10.67 0.10
2458498.2052378 10.64 0.10
2458498.2054114 10.75 0.11
2458498.2055850 10.69 0.11
2458498.2057586 10.68 0.11
2458498.2059323 10.57 0.09
2458498.2061059 10.70 0.11
2458498.2062795 10.61 0.10
2458498.2066267 10.59 0.10
2458498.2068003 10.71 0.11
2458498.2069739 10.67 0.11
2458498.2071475 10.87 0.13
2458498.2074947 10.85 0.12
2458498.2076684 10.67 0.11
2458498.2078420 10.55 0.09
2458498.2085373 10.69 0.11
2458498.2087107 10.91 0.13
2458498.2088841 10.85 0.12
2458498.2090576 10.60 0.10
2458498.2094045 10.59 0.10
2458498.2095781 10.64 0.10
2458498.2100989 10.59 0.10
2458498.2107934 10.71 0.11
2458498.2109670 10.62 0.10
2458498.2111406 10.88 0.13
2458498.2113142 10.48 0.09
2458498.2116614 10.64 0.10
2458498.2120086 10.60 0.10
2458498.2123559 10.51 0.09
2458498.2125295 10.65 0.10
2458498.2132239 10.58 0.10
2458498.2139184 10.57 0.10
2458498.2140920 10.57 0.10
2458498.2142656 10.53 0.09
2458498.2144392 10.86 0.12
2458498.2151336 10.77 0.11
2458498.2153072 10.50 0.09
2458498.2156545 10.74 0.11
2458498.2158281 10.52 0.09
2458498.2165225 10.74 0.11
2458498.2168697 10.52 0.09
2458498.2172170 10.70 0.11
2458498.2173906 10.58 0.10
2458498.2175642 10.64 0.10
2458498.2180850 10.57 0.09
2458498.2182586 10.65 0.10
2458498.2184322 10.94 0.13
2458498.2187795 10.86 0.12
2458498.2189531 10.64 0.10
2458498.2191267 10.52 0.09
2458498.2196475 10.89 0.13
2458498.2198225 10.70 0.11
2458498.2199960 10.60 0.10
2458498.2205163 10.76 0.11
2458498.2206898 10.51 0.09
2458498.2208632 10.73 0.11
2458498.2210366 10.76 0.11
2458498.2212101 10.66 0.10
2458498.2225989 10.89 0.12
2458498.2227725 10.59 0.09
2458498.2229461 10.54 0.09
2458498.2231197 10.62 0.10
2458498.2236406 10.76 0.11
2458498.2238142 10.52 0.09
2458498.2241614 10.67 0.10
2458498.2248559 10.85 0.12
2458498.2252031 10.56 0.09
2458498.2253767 10.59 0.09
2458498.2255503 10.52 0.09
2458498.2257239 10.62 0.10
2458498.2265920 10.60 0.09
2458498.2271128 10.66 0.10
2458498.2272864 10.74 0.11
2458498.2278073 10.61 0.10
2458498.2281545 10.56 0.09
2458498.2283281 10.72 0.11
2458498.2291961 10.62 0.10
2458498.2293698 10.64 0.10
2458498.2298906 10.60 0.10
2458498.2300642 10.60 0.09
2458498.2302378 10.77 0.11
2458498.2305850 10.67 0.10
2458498.2307586 10.59 0.10
2458498.2309322 10.71 0.11
2458498.2321485 10.67 0.10
2458498.2323219 10.71 0.11
2458498.2324954 10.76 0.11
2458498.2326688 10.73 0.11
2458498.2330157 10.53 0.09
2458498.2331892 10.65 0.10
2458498.2337100 10.72 0.11
2458498.2342309 10.69 0.11
2458498.2345781 10.67 0.10
2458498.2347517 10.66 0.10
2458498.2349253 10.68 0.10
2458498.2350989 10.57 0.09
2458498.2352725 10.54 0.09
2458498.2354461 10.48 0.09
2458498.2356198 10.54 0.09
2458498.2359670 10.51 0.09
2458498.2363142 10.61 0.10
2458498.2364878 10.61 0.10
2458498.2370086 10.74 0.11
2458498.2371823 10.77 0.11
2458498.2373559 10.83 0.12
2458498.2375295 10.74 0.11
2458498.2380503 10.80 0.12
2458498.2383975 10.60 0.10
2458498.2385711 10.81 0.12
2458498.2387447 10.57 0.10
2458498.2394392 10.55 0.10
2458498.2408281 10.59 0.10
2458498.2420434 10.50 0.09
2458498.2434323 10.67 0.11
2458498.2439541 10.91 0.13
2458498.2443010 10.60 0.10
2458498.2446479 10.73 0.11
2458498.2448214 10.61 0.10
2458498.2451684 10.76 0.11
2458498.2455156 10.77 0.12
2458498.2458628 10.47 0.09
2458498.2460364 10.62 0.10
2458498.2463836 10.65 0.11
2458498.2465572 10.76 0.12
2458498.2467309 10.59 0.10
2458498.2474253 10.87 0.13
2458498.2475989 11.01 0.14
2458498.2477725 10.75 0.11
2458498.2484670 10.87 0.13
2458498.2486406 10.61 0.10
2458498.2488142 10.70 0.11
2458498.2489878 10.85 0.13
2458498.2493350 10.73 0.11
2458498.2495086 10.70 0.11
2458498.2496822 10.57 0.10
2458498.2500295 10.75 0.11
2458498.2502031 10.69 0.11
2458498.2503767 10.72 0.11
2458498.2508975 10.63 0.10
2458498.2510711 10.76 0.12
2458498.2514184 10.68 0.11
2458498.2517656 10.58 0.10
2458498.2521128 10.65 0.11
2458498.2522864 10.74 0.12
2458498.2526336 10.82 0.13
2458498.2528073 10.50 0.09
2458498.2529809 10.64 0.11
2458498.2535017 10.71 0.11
2458498.2540225 10.66 0.11
2458498.2543697 10.83 0.13
2458498.2545434 10.62 0.10
2458498.2547170 10.61 0.10
2458498.2550642 10.69 0.11
2458498.2557598 10.69 0.11
2458498.2559332 10.67 0.11
2458498.2574947 10.70 0.11
2458498.2578420 10.54 0.10
2458498.2581892 10.65 0.11
2458498.2587100 10.59 0.11
2458498.2592309 10.61 0.10
2458498.2597517 10.69 0.11
2458498.2604461 10.66 0.11
2458498.2607934 10.83 0.13
2458498.2614878 10.97 0.14
2458498.2616614 10.72 0.11
2458498.2623559 10.72 0.12
2458498.2625295 10.69 0.11
2458498.2630503 10.56 0.08
2458498.2633975 10.69 0.09
2458498.2637447 10.52 0.08
2458498.2646128 10.61 0.09
2458498.2665225 10.58 0.09
2458498.2675655 10.65 0.09
2458498.2682593 10.54 0.08
2458498.2696475 10.59 0.08
2458498.2699947 10.53 0.08
2458498.2703420 10.55 0.08
2458498.2705156 10.69 0.09
2458498.2706892 10.59 0.09
2458498.2712100 10.63 0.09
2458498.2713836 10.79 0.10
2458498.2719045 10.63 0.09
2458498.2720781 10.83 0.11
2458498.2722517 10.76 0.10
2458498.2724253 10.54 0.08
2458498.2725989 10.73 0.10
2458498.2731197 10.74 0.10
2458498.2732934 10.95 0.12
2458498.2734670 10.47 0.08
2458498.2736406 10.75 0.10
2458498.2739878 10.70 0.09
2458498.2741614 10.67 0.09
2458498.2743350 10.57 0.08
2458498.2745086 10.64 0.09
2458498.2748559 10.81 0.10
2458498.2750295 10.78 0.10
2458498.2757239 10.65 0.09
2458498.2760711 10.61 0.09
2458498.2762448 10.61 0.09
2458498.2767656 10.63 0.09
2458498.2776336 10.71 0.09
2458498.2781545 10.61 0.09
2458498.2783281 10.65 0.09
2458498.2790225 10.65 0.09
2458498.2800651 10.63 0.09
2458498.2814531 10.59 0.08
2458498.2816267 10.66 0.09
2458498.2821475 10.53 0.08
2458498.2831892 10.67 0.09
2458498.2840573 10.59 0.09
2458498.2844045 10.67 0.09
2458498.2845781 10.66 0.09
2458498.2847517 10.64 0.09
2458498.2849253 10.54 0.08
2458498.2850989 10.63 0.09
2458498.2852725 10.60 0.09
2458498.2856197 10.60 0.09
2458498.2857934 10.64 0.09
2458498.2859670 10.62 0.09
2458498.2861406 10.67 0.09
2458498.2863142 10.54 0.08
2458498.2864878 10.62 0.09
2458498.2866614 10.74 0.10
2458498.2868350 10.63 0.09
2458498.2873559 10.62 0.09
2458498.2875295 10.75 0.10
2458498.2877031 10.78 0.10
2458498.2878767 10.67 0.09
2458498.2880503 10.63 0.09
2458498.2882239 10.70 0.10
2458498.2883975 10.81 0.11
2458498.2885711 10.67 0.10
2458498.2887447 10.89 0.11
2458498.2889184 10.60 0.09
2458498.2890920 10.75 0.10
2458498.2892656 10.60 0.09
2458498.2894392 10.63 0.09
2458498.2896128 10.63 0.09
2458498.2897864 10.60 0.09
2458498.2903073 10.58 0.09
2458498.2904809 10.68 0.09
2458498.2908281 10.58 0.09
2458498.2916974 10.54 0.08
2458498.2918708 10.69 0.10
2458498.2927381 10.68 0.10
2458498.2930850 10.56 0.08
2458498.2932586 10.50 0.08
2458498.2936059 10.71 0.10
2458498.2943003 10.53 0.09
2458498.2946475 10.48 0.09
2458498.2960364 10.58 0.09
2458498.2969045 10.59 0.09
2458498.2972517 10.45 0.08
2458498.2974253 10.71 0.10
2458498.2986406 10.62 0.09
2458498.2993350 10.64 0.09
2458498.3007239 10.69 0.10
2458498.3017656 10.60 0.09
2458498.3022864 10.55 0.08
2458498.3029809 10.86 0.11
2458498.3031545 10.62 0.09
2458498.3033281 10.63 0.09
2458498.3038500 10.73 0.10
2458498.3040235 10.62 0.09
2458498.3041969 10.65 0.09
2458498.3054114 10.83 0.11
2458498.3057586 10.57 0.09
2458498.3061059 10.64 0.09
2458498.3068003 10.68 0.10
2458498.3073211 10.66 0.09
2458498.3074948 10.88 0.11
2458498.3078420 10.83 0.11
2458498.3080156 10.73 0.10
2458498.3081892 10.62 0.09
2458498.3087100 10.82 0.11
2458498.3088836 10.68 0.09
2458498.3090572 10.61 0.09
2458498.3092309 10.60 0.09
2458498.3094045 10.70 0.10
2458498.3100989 10.73 0.10
2458498.3104461 10.81 0.11
2458498.3106197 10.82 0.11
2458498.3107934 10.62 0.09
2458498.3113142 10.63 0.09
2458498.3114878 10.70 0.10
2458498.3118350 10.71 0.10
2458498.3133975 10.67 0.10
2458498.3151336 10.64 0.09
2458498.3156558 10.83 0.11
2458498.3163496 10.87 0.12
2458498.3172170 10.82 0.11
2458498.3175642 10.83 0.11
2458498.3179114 10.57 0.09
2458500.2340341 10.55 0.12
2458500.2342077 10.71 0.14
2458500.2343813 10.86 0.15
2458500.2347285 10.55 0.12
2458500.2349022 10.59 0.12
2458500.2350758 10.59 0.12
2458500.2352494 10.72 0.13
2458500.2354230 10.49 0.11
2458500.2355966 10.63 0.13
2458500.2357702 10.64 0.13
2458500.2359438 10.67 0.13
2458500.2361174 10.80 0.14
2458500.2362910 10.70 0.13
2458500.2368119 10.67 0.13
2458500.2371591 10.72 0.14
2458500.2375063 10.54 0.11
2458500.2378536 10.76 0.14
2458500.2383744 10.76 0.14
2458500.2385480 10.78 0.14
2458500.2387216 10.69 0.13
2458500.2388952 10.54 0.11
2458500.2390688 10.56 0.11
2458500.2397633 10.77 0.14
2458500.2401105 10.84 0.15
2458500.2402841 10.76 0.14
2458500.2406313 10.72 0.13
2458500.2408049 10.64 0.12
2458500.2413258 10.69 0.13
2458500.2416730 10.67 0.13
2458500.2418466 10.50 0.11
2458500.2421938 10.60 0.12
2458500.2423674 10.63 0.12
2458500.2425410 10.77 0.14
2458500.2427147 10.73 0.13
2458500.2428883 10.57 0.11
2458500.2430619 10.80 0.14
2458500.2434091 10.79 0.14
2458500.2435827 10.60 0.12
2458500.2437563 10.57 0.11
2458500.2439299 10.46 0.10
2458500.2441035 10.77 0.14
2458500.2442772 10.62 0.12
2458500.2444520 10.67 0.12
2458500.2446255 10.84 0.14
2458500.2447989 10.56 0.11
2458500.2449724 10.57 0.11
2458500.2451458 10.41 0.10
2458500.2453193 10.67 0.12
2458500.2454927 10.82 0.14
2458500.2458397 10.69 0.12
2458500.2460133 10.57 0.11
2458500.2461869 10.78 0.13
2458500.2463605 10.56 0.11
2458500.2465341 10.91 0.15
2458500.2467077 10.58 0.11
2458500.2468813 10.52 0.11
2458500.2470549 10.57 0.11
2458500.2472286 10.59 0.11
2458500.2474022 10.76 0.13
2458500.2475758 10.74 0.13
2458500.2477494 10.45 0.10
2458500.2479230 10.82 0.14
2458500.2480966 10.71 0.12
2458500.2482702 10.73 0.13
2458500.2484438 10.66 0.12
2458500.2486174 10.48 0.10
2458500.2487910 10.79 0.14
2458500.2489647 10.63 0.12
2458500.2491383 10.68 0.12
2458500.2494855 10.71 0.12
2458500.2496591 10.56 0.11
2458500.2500063 10.67 0.12
2458500.2505272 10.65 0.12
2458500.2507008 10.62 0.11
2458500.2510480 10.52 0.10
2458500.2513952 10.61 0.11
2458500.2517424 10.77 0.13
2458500.2519160 10.63 0.12
2458500.2520897 10.86 0.14
2458500.2524369 10.83 0.14
2458500.2526105 10.63 0.12
2458500.2527841 10.61 0.11
2458500.2529577 10.67 0.12
2458500.2531313 10.63 0.12
2458500.2533049 10.72 0.13
2458500.2541730 10.71 0.12
2458500.2543466 10.50 0.10
2458500.2545202 10.62 0.11
2458500.2548674 10.74 0.13
2458500.2550411 10.47 0.10
2458500.2553883 10.60 0.11
2458500.2555619 10.60 0.11
2458500.2557355 10.79 0.13
2458500.2559091 10.76 0.13
2458500.2560827 10.77 0.13
2458500.2562563 10.69 0.12
2458500.2564312 10.67 0.12
2458500.2569515 10.63 0.12
2458500.2571250 10.78 0.13
2458500.2574719 10.50 0.10
2458500.2576453 10.66 0.12
2458500.2578188 10.93 0.15
2458500.2579924 10.65 0.12
2458500.2581660 10.55 0.11
2458500.2586869 10.61 0.11
2458500.2588605 10.79 0.13
2458500.2590341 10.84 0.14
2458500.2592077 10.73 0.13
2458500.2595549 10.71 0.12
2458500.2597285 10.74 0.13
2458500.2599022 10.78 0.13
2458500.2600758 10.82 0.13
2458500.2604230 10.69 0.12
2458500.2605966 10.78 0.13
2458500.2607702 10.75 0.13
2458500.2609438 10.77 0.13
2458500.2611174 10.67 0.12
2458500.2612911 10.83 0.13
2458500.2614647 10.76 0.13
2458500.2616383 10.63 0.11
2458500.2618119 10.65 0.11
2458500.2619855 10.72 0.12
2458500.2621591 10.52 0.10
2458500.2623327 10.50 0.10
2458500.2625063 10.82 0.13
2458500.2626799 10.53 0.10
2458500.2628535 10.56 0.11
2458500.2630272 10.72 0.12
2458500.2633744 10.54 0.10
2458500.2635480 10.78 0.13
2458500.2637216 10.67 0.11
2458500.2638952 10.70 0.12
2458500.2640688 10.85 0.14
2458500.2642424 10.63 0.11
2458500.2644160 10.79 0.13
2458500.2645897 10.69 0.12
2458500.2647633 10.65 0.11
2458500.2649369 10.79 0.13
2458500.2651105 10.72 0.12
2458500.2654577 10.63 0.11
2458500.2658049 10.63 0.11
2458500.2659785 10.79 0.13
2458500.2661522 10.89 0.14
2458500.2663258 10.71 0.12
2458500.2664994 10.68 0.11
2458500.2666730 10.79 0.13
2458500.2671938 10.53 0.10
2458500.2673674 10.74 0.12
2458500.2675410 10.68 0.11
2458500.2677147 10.87 0.14
2458500.2678883 10.66 0.11
2458500.2680619 10.65 0.11
2458500.2685839 10.73 0.12
2458500.2687573 10.67 0.11
2458500.2696245 10.66 0.11
2458500.2701452 10.96 0.15
2458500.2704924 10.62 0.11
2458500.2706661 10.69 0.11
2458500.2708397 10.76 0.12
2458500.2713605 10.64 0.11
2458500.2715341 10.59 0.11
2458500.2720549 10.85 0.13
2458500.2722285 10.72 0.12
2458500.2724022 10.65 0.11
2458500.2725758 10.67 0.11
2458500.2727494 10.74 0.12
2458500.2729230 10.91 0.14
2458500.2730966 10.67 0.11
2458500.2732702 10.73 0.12
2458500.2734438 10.63 0.11
2458500.2739647 10.74 0.12
2458500.2741383 10.56 0.10
2458500.2744855 10.88 0.14
2458500.2746591 10.64 0.11
2458500.2748327 10.62 0.11
2458500.2750063 10.62 0.11
2458500.2751799 10.87 0.13
2458500.2755272 10.73 0.12
2458500.2757008 10.53 0.10
2458500.2758744 10.64 0.11
2458500.2760480 10.69 0.11
2458500.2762216 10.63 0.11
2458500.2763952 10.82 0.13
2458500.2765688 10.71 0.12
2458500.2767424 10.72 0.12
2458500.2769161 10.69 0.11
2458500.2770897 10.82 0.13
2458500.2772633 10.94 0.14
2458500.2774369 10.77 0.12
2458500.2777841 10.75 0.12
2458500.2779577 10.83 0.13
2458500.2781313 10.79 0.13
2458500.2783049 10.80 0.13
2458500.2784786 10.80 0.13
2458500.2786522 10.51 0.10
2458500.2789994 10.60 0.11
2458500.2791730 10.68 0.11
2458500.2793466 10.68 0.11
2458500.2796938 10.75 0.12
2458500.2800410 10.71 0.12
2458500.2802147 10.61 0.11
2458500.2803896 10.79 0.12
2458500.2805631 10.82 0.13
2458500.2807365 10.74 0.12
2458500.2809100 10.88 0.14
2458500.2810834 10.79 0.12
2458500.2812568 10.75 0.12
2458500.2816037 10.62 0.11
2458500.2817772 10.51 0.10
2458500.2819508 10.83 0.13
2458500.2821244 10.61 0.11
2458500.2826452 10.70 0.11
2458500.2828188 10.65 0.11
2458500.2829924 10.73 0.12
2458500.2831660 10.60 0.10
2458500.2835133 10.84 0.13
2458500.2836869 10.90 0.14
2458500.2838605 10.79 0.12
2458500.2843813 10.56 0.10
2458500.2845549 10.73 0.12
2458500.2847286 10.68 0.11
2458500.2849022 10.73 0.12
2458500.2852494 10.61 0.10
2458500.2854230 10.78 0.12
2458500.2855966 10.70 0.11
2458500.2857702 10.70 0.11
2458500.2859438 10.57 0.10
2458500.2861174 10.61 0.10
2458500.2862911 10.67 0.11
2458500.2864647 10.66 0.11
2458500.2866383 10.76 0.12
2458500.2868119 10.62 0.11
2458500.2869855 10.87 0.14
2458500.2871591 10.71 0.12
2458500.2873327 10.97 0.15
2458500.2878535 10.55 0.10
2458500.2880272 10.67 0.11
2458500.2882008 10.61 0.11
2458500.2883744 10.54 0.10
2458500.2885480 10.60 0.11
2458500.2887216 10.76 0.12
2458500.2888952 10.55 0.10
2458500.2890688 10.77 0.12
2458500.2894160 10.61 0.10
2458500.2895897 10.71 0.11
2458500.2897633 10.77 0.12
2458500.2901105 10.67 0.11
2458500.2902841 10.49 0.09
2458500.2904577 10.57 0.10
2458500.2908049 10.80 0.12
2458500.2909785 10.72 0.11
2458500.2911522 10.72 0.11
2458500.2913258 10.53 0.09
2458500.2914994 10.69 0.11
2458500.2916730 10.67 0.11
2458500.2921938 10.64 0.10
2458500.2923688 10.64 0.10
2458500.2927157 10.66 0.11
2458500.2928892 10.55 0.10