2458467.3668514 8.10 0.01
2458467.3670250 8.11 0.01
2458467.3673723 8.09 0.01
2458467.3675459 8.10 0.01
2458467.3677195 8.10 0.01
2458467.3678931 8.07 0.01
2458467.3680667 8.11 0.01
2458467.3682403 8.07 0.01
2458467.3684139 8.09 0.01
2458467.3685875 8.14 0.01
2458467.3687611 8.09 0.01
2458467.3689347 8.10 0.01
2458467.3691084 8.06 0.01
2458467.3692820 8.09 0.01
2458467.3694556 8.10 0.01
2458467.3696292 8.10 0.01
2458467.3698028 8.09 0.01
2458467.3699764 8.09 0.01
2458467.3701500 8.09 0.01
2458467.3703236 8.09 0.01
2458467.3704972 8.08 0.01
2458467.3706709 8.11 0.01
2458467.3708445 8.09 0.01
2458467.3710181 8.07 0.01
2458467.3711917 8.10 0.01
2458467.3713653 8.11 0.01
2458467.3715389 8.11 0.01
2458467.3717125 8.11 0.01
2458467.3718861 8.09 0.01
2458467.3720598 8.10 0.01
2458467.3722334 8.10 0.01
2458467.3724070 8.10 0.01
2458467.3725806 8.11 0.01
2458467.3727542 8.10 0.01
2458467.3729278 8.09 0.01
2458467.3731014 8.12 0.01
2458467.3732750 8.08 0.01
2458467.3734486 8.10 0.01
2458467.3736223 8.08 0.01
2458467.3737959 8.07 0.01
2458467.3739695 8.12 0.01
2458467.3741431 8.09 0.01
2458467.3743167 8.09 0.01
2458467.3744903 8.15 0.01
2458467.3746639 8.09 0.01
2458467.3748375 8.10 0.01
2458467.3750111 8.08 0.01
2458467.3751848 8.12 0.01
2458467.3753584 8.09 0.01
2458467.3755332 8.09 0.01
2458467.3757067 8.10 0.01
2458467.3758801 8.09 0.01
2458467.3760536 8.08 0.01
2458467.3762270 8.10 0.01
2458467.3764005 8.09 0.01
2458467.3765739 8.09 0.01
2458467.3767473 8.12 0.01
2458467.3769209 8.13 0.01
2458467.3770945 8.11 0.01
2458467.3772681 8.09 0.01
2458467.3774417 8.09 0.01
2458467.3776153 8.11 0.01
2458467.3777889 8.08 0.01
2458467.3779625 8.11 0.01
2458467.3781361 8.11 0.01
2458467.3783097 8.07 0.01
2458467.3784834 8.11 0.01
2458467.3786570 8.11 0.01
2458467.3788306 8.07 0.01
2458467.3790042 8.09 0.01
2458467.3791778 8.08 0.01
2458467.3793514 8.08 0.01
2458467.3795250 8.09 0.01
2458467.3796986 8.10 0.01
2458467.3798723 8.06 0.01
2458467.3800459 8.07 0.01
2458467.3802195 8.10 0.01
2458467.3803931 8.09 0.01
2458467.3805667 8.08 0.01
2458467.3807403 8.11 0.01
2458467.3809139 8.10 0.01
2458467.3810875 8.08 0.01
2458467.3812611 8.09 0.01
2458467.3814348 8.09 0.01
2458467.3816084 8.10 0.01
2458467.3817820 8.07 0.01
2458467.3819556 8.11 0.01
2458467.3821292 8.10 0.01
2458467.3823028 8.09 0.01
2458467.3824764 8.08 0.01
2458467.3826500 8.10 0.01
2458467.3828236 8.13 0.01
2458467.3829973 8.12 0.01
2458467.3831709 8.12 0.01
2458467.3833445 8.08 0.01
2458467.3835181 8.07 0.01
2458467.3836917 8.09 0.01
2458467.3838653 8.12 0.01
2458467.3840389 8.13 0.01
2458467.3842125 8.10 0.01
2458467.3843861 8.08 0.01
2458467.3845597 8.11 0.01
2458467.3847334 8.09 0.01
2458467.3849070 8.07 0.01
2458467.3850806 8.09 0.01
2458467.3852542 8.10 0.01
2458467.3854278 8.12 0.01
2458467.3856014 8.13 0.01
2458467.3857750 8.10 0.01
2458467.3859486 8.09 0.01
2458467.3861222 8.16 0.01
2458467.3862959 8.10 0.01
2458467.3864695 8.13 0.01
2458467.3866431 8.09 0.01
2458467.3868167 8.11 0.01
2458467.3869903 8.09 0.01
2458467.3871639 8.09 0.01
2458467.3873389 8.10 0.01
2458467.3875123 8.09 0.01
2458467.3876858 8.09 0.01
2458467.3878592 8.10 0.01
2458467.3880327 8.09 0.01
2458467.3882061 8.10 0.01
2458467.3883795 8.12 0.01
2458467.3885530 8.10 0.01
2458467.3887264 8.12 0.01
2458467.3889000 8.09 0.01
2458467.3890736 8.11 0.01
2458467.3892473 8.10 0.01
2458467.3894209 8.09 0.01
2458467.3895945 8.11 0.01
2458467.3897681 8.07 0.01
2458467.3899417 8.08 0.01
2458467.3901153 8.10 0.01
2458467.3902889 8.10 0.01
2458467.3904625 8.09 0.01
2458467.3906361 8.08 0.01
2458467.3908098 8.08 0.01
2458467.3909834 8.11 0.01
2458467.3911570 8.10 0.01
2458467.3913306 8.09 0.01
2458467.3915042 8.08 0.01
2458467.3916778 8.10 0.01
2458467.3918514 8.11 0.01
2458467.3920250 8.10 0.01
2458467.3921986 8.12 0.01
2458467.3923722 8.11 0.01
2458467.3925459 8.12 0.01
2458467.3927195 8.11 0.01
2458467.3928931 8.09 0.01
2458467.3930667 8.09 0.01
2458467.3932403 8.11 0.01
2458467.3934139 8.08 0.01
2458467.3935875 8.11 0.01
2458467.3937611 8.09 0.01
2458467.3939347 8.12 0.01
2458467.3941084 8.08 0.01
2458467.3942820 8.11 0.01
2458467.3944556 8.07 0.01
2458467.3946292 8.07 0.01
2458467.3948028 8.08 0.01
2458467.3949764 8.11 0.01
2458467.3951500 8.10 0.01
2458467.3953236 8.08 0.01
2458467.3954973 8.07 0.01
2458467.3956709 8.07 0.01
2458467.3958445 8.06 0.01
2458467.3960181 8.13 0.01
2458467.3961917 8.12 0.01
2458467.3963653 8.10 0.01
2458467.3965389 8.08 0.01
2458467.3967125 8.09 0.01
2458467.3968861 8.09 0.01
2458467.3970598 8.10 0.01
2458467.3972334 8.09 0.01
2458467.3974070 8.09 0.01
2458467.3975806 8.09 0.01
2458467.3977542 8.07 0.01
2458467.3979278 8.07 0.01
2458467.3981014 8.07 0.01
2458467.3982750 8.07 0.01
2458467.3984486 8.12 0.01
2458467.3986223 8.10 0.01
2458467.3987959 8.12 0.01
2458467.3989695 8.10 0.01
2458467.3991431 8.13 0.01
2458467.3993180 8.08 0.01
2458467.3994914 8.09 0.01
2458467.3996649 8.10 0.01
2458467.3998383 8.09 0.01
2458467.4000118 8.09 0.01
2458467.4001852 8.10 0.01
2458467.4003586 8.09 0.01
2458467.4005321 8.10 0.01
2458467.4007056 8.10 0.01
2458467.4008792 8.10 0.01
2458467.4010528 8.16 0.01
2458467.4012264 8.08 0.01
2458467.4014000 8.09 0.01
2458467.4015736 8.09 0.01
2458467.4017472 8.12 0.01
2458467.4019209 8.06 0.01
2458467.4020945 8.09 0.01
2458467.4022681 8.08 0.01
2458467.4024417 8.06 0.01
2458467.4026153 8.09 0.01
2458467.4027889 8.08 0.01
2458467.4029625 8.07 0.01
2458467.4031361 8.08 0.01
2458467.4033098 8.08 0.01
2458467.4034834 8.09 0.01
2458467.4036570 8.08 0.01
2458467.4038306 8.11 0.01
2458467.4040042 8.08 0.01
2458467.4041778 8.09 0.01
2458467.4043514 8.09 0.01
2458467.4045250 8.12 0.01
2458467.4046986 8.11 0.01
2458467.4048723 8.09 0.01
2458467.4050459 8.08 0.01
2458467.4052195 8.09 0.01
2458467.4053931 8.09 0.01
2458467.4055667 8.11 0.01
2458467.4057403 8.09 0.01
2458467.4059139 8.09 0.01
2458467.4060875 8.10 0.01
2458467.4062611 8.10 0.01
2458467.4064348 8.08 0.01
2458467.4066084 8.11 0.01
2458467.4067820 8.09 0.01
2458467.4069556 8.12 0.01
2458467.4071292 8.09 0.01
2458467.4073028 8.07 0.01
2458467.4074764 8.07 0.01
2458467.4076500 8.06 0.01
2458467.4078236 8.10 0.01
2458467.4079972 8.11 0.01
2458467.4081709 8.07 0.01
2458467.4083445 8.10 0.01
2458467.4086917 8.10 0.01
2458467.4088653 8.11 0.01
2458467.4090389 8.09 0.01
2458467.4092125 8.11 0.01
2458467.4093861 8.11 0.01
2458467.4095597 8.09 0.01
2458467.4097334 8.11 0.01
2458467.4099070 8.09 0.01
2458467.4100806 8.09 0.01
2458467.4102542 8.10 0.01
2458467.4104278 8.08 0.01
2458467.4106014 8.11 0.01
2458467.4107750 8.07 0.01
2458467.4109486 8.10 0.01
2458467.4111236 8.09 0.01
2458467.4112971 8.11 0.01
2458467.4114705 8.08 0.01
2458467.4116440 8.07 0.01
2458467.4118174 8.11 0.01
2458467.4119908 8.13 0.01
2458467.4121643 8.08 0.01
2458467.4123377 8.08 0.01
2458467.4125112 8.10 0.01
2458467.4126848 8.07 0.01
2458467.4128584 8.13 0.01
2458467.4130320 8.14 0.01
2458467.4132056 8.11 0.01
2458467.4133792 8.12 0.01
2458467.4135528 8.10 0.01
2458467.4137264 8.10 0.01
2458467.4139000 8.09 0.01
2458467.4140736 8.08 0.01
2458467.4142473 8.08 0.01
2458467.4144209 8.10 0.01
2458467.4145945 8.11 0.01
2458467.4147681 8.10 0.01
2458467.4149417 8.08 0.01
2458467.4151153 8.12 0.01
2458467.4152889 8.11 0.01
2458467.4154625 8.09 0.01
2458467.4156361 8.08 0.01
2458467.4158097 8.10 0.01
2458467.4159834 8.10 0.01
2458467.4161570 8.09 0.01
2458467.4163306 8.11 0.01
2458467.4165042 8.08 0.01
2458467.4166778 8.15 0.01
2458467.4168514 8.09 0.01
2458467.4170250 8.08 0.01
2458467.4171986 8.10 0.01
2458467.4173722 8.12 0.01
2458467.4175459 8.12 0.01
2458467.4177195 8.10 0.01
2458467.4178931 8.11 0.01
2458467.4180667 8.11 0.01
2458467.4182403 8.12 0.01
2458467.4184139 8.11 0.01
2458467.4185875 8.08 0.01
2458467.4187611 8.13 0.01
2458467.4189348 8.09 0.01
2458467.4191084 8.09 0.01
2458467.4192820 8.08 0.01
2458467.4194556 8.09 0.01
2458467.4196292 8.08 0.01
2458467.4198028 8.11 0.01
2458467.4199764 8.11 0.01
2458467.4201500 8.11 0.01
2458467.4203236 8.10 0.01
2458467.4204973 8.08 0.01
2458467.4206709 8.12 0.01
2458469.3667865 8.07 0.01
2458469.3670135 8.12 0.01
2458469.3671871 8.09 0.01
2458469.3673607 8.09 0.01
2458469.3675343 8.08 0.01
2458469.3677079 8.11 0.01
2458469.3678815 8.09 0.01
2458469.3680551 8.10 0.01
2458469.3682287 8.11 0.01
2458469.3684023 8.11 0.01
2458469.3685760 8.08 0.01
2458469.3687496 8.07 0.01
2458469.3689232 8.08 0.01
2458469.3690968 8.10 0.01
2458469.3692704 8.09 0.01
2458469.3694440 8.09 0.01
2458469.3696176 8.08 0.01
2458469.3697912 8.06 0.01
2458469.3699648 8.09 0.01
2458469.3701384 8.12 0.01
2458469.3703121 8.11 0.01
2458469.3704857 8.06 0.01
2458469.3706593 8.09 0.01
2458469.3708329 8.10 0.01
2458469.3710065 8.10 0.01
2458469.3711801 8.12 0.01
2458469.3713537 8.10 0.01
2458469.3715273 8.07 0.01
2458469.3717009 8.09 0.01
2458469.3718746 8.07 0.01
2458469.3720482 8.07 0.01
2458469.3722218 8.04 0.01
2458469.3723954 8.09 0.01
2458469.3725690 8.08 0.01
2458469.3727426 8.09 0.01
2458469.3729162 8.11 0.01
2458469.3730898 8.11 0.01
2458469.3732635 8.09 0.01
2458469.3734371 8.11 0.01
2458469.3736107 8.09 0.01
2458469.3737843 8.08 0.01
2458469.3739579 8.09 0.01
2458469.3741315 8.10 0.01
2458469.3743051 8.10 0.01
2458469.3744787 8.09 0.01
2458469.3746524 8.09 0.01
2458469.3748260 8.09 0.01
2458469.3749996 8.10 0.01
2458469.3751732 8.10 0.01
2458469.3753468 8.11 0.01
2458469.3755204 8.08 0.01
2458469.3756940 8.09 0.01
2458469.3758676 8.09 0.01
2458469.3760425 8.10 0.01
2458469.3762159 8.09 0.01
2458469.3763894 8.11 0.01
2458469.3765628 8.11 0.01
2458469.3767363 8.08 0.01
2458469.3769097 8.12 0.01
2458469.3770832 8.09 0.01
2458469.3772566 8.11 0.01
2458469.3774301 8.06 0.01
2458469.3776037 8.09 0.01
2458469.3777773 8.12 0.01
2458469.3779510 8.10 0.01
2458469.3781246 8.09 0.01
2458469.3782982 8.10 0.01
2458469.3784718 8.10 0.01
2458469.3786454 8.11 0.01
2458488.3044163 8.10 0.01
2458488.3045899 8.09 0.01
2458488.3047635 8.13 0.01
2458488.3049371 8.13 0.01
2458488.3051107 8.12 0.01
2458488.3052844 8.11 0.01
2458488.3054579 8.13 0.01
2458488.3056316 8.09 0.01
2458488.3058052 8.08 0.01
2458488.3059788 8.13 0.01
2458488.3061524 8.09 0.01
2458488.3063260 8.08 0.01
2458488.3064996 8.07 0.01
2458488.3066732 8.09 0.01
2458488.3068468 8.09 0.01
2458488.3070205 8.08 0.01
2458488.3071941 8.08 0.01
2458488.3073677 8.10 0.01
2458488.3075413 8.08 0.01
2458488.3077149 8.09 0.01
2458488.3078885 8.10 0.01
2458488.3080621 8.09 0.01
2458488.3082357 8.07 0.01
2458488.3084093 8.10 0.01
2458488.3085830 8.12 0.01
2458488.3087566 8.07 0.01
2458488.3089302 8.11 0.01
2458488.3091038 8.10 0.01
2458488.3092788 8.09 0.01
2458488.3094522 8.09 0.01
2458488.3096257 8.08 0.01
2458488.3097991 8.07 0.01
2458488.3099726 8.08 0.01
2458488.3101460 8.08 0.01
2458488.3103194 8.12 0.01
2458488.3104929 8.08 0.01
2458488.3106663 8.12 0.01
2458488.3108399 8.05 0.01
2458488.3110135 8.11 0.01
2458488.3111871 8.10 0.01
2458488.3113607 8.09 0.01
2458488.3115344 8.10 0.01
2458488.3117080 8.06 0.01
2458488.3118816 8.13 0.01
2458488.3120552 8.07 0.01
2458488.3122288 8.12 0.01
2458488.3124024 8.11 0.01
2458488.3125760 8.07 0.01
2458488.3127496 8.10 0.01
2458488.3129232 8.11 0.01
2458488.3130969 8.09 0.01
2458488.3132705 8.12 0.01
2458488.3134441 8.09 0.01
2458488.3136177 8.06 0.01
2458488.3137913 8.10 0.01
2458488.3139649 8.08 0.01
2458488.3141385 8.10 0.01
2458488.3143121 8.09 0.01
2458488.3144857 8.11 0.01
2458488.3146593 8.10 0.01
2458488.3148330 8.13 0.01
2458488.3150066 8.11 0.01
2458488.3151802 8.07 0.01
2458488.3153538 8.09 0.01
2458488.3155274 8.05 0.01
2458488.3157010 8.08 0.01
2458488.3158746 8.11 0.01
2458488.3160482 8.12 0.01
2458488.3162218 8.14 0.01
2458488.3163955 8.10 0.01
2458488.3165691 8.09 0.01
2458488.3167427 8.11 0.01
2458488.3169163 8.13 0.01
2458488.3170899 8.09 0.01
2458488.3172635 8.10 0.01
2458488.3174371 8.10 0.01
2458488.3176107 8.09 0.01
2458488.3177844 8.11 0.01
2458488.3179580 8.07 0.01
2458488.3181316 8.11 0.01
2458488.3183052 8.08 0.01
2458488.3184788 8.15 0.01
2458488.3186524 8.08 0.01
2458488.3188260 8.12 0.01
2458488.3189996 8.10 0.01
2458488.3191732 8.08 0.01
2458488.3193469 8.10 0.01
2458488.3195205 8.11 0.01
2458488.3196941 8.08 0.01
2458488.3198677 8.08 0.01
2458488.3200413 8.10 0.01
2458488.3202149 8.11 0.01
2458488.3203885 8.10 0.01
2458488.3205621 8.10 0.01
2458488.3207357 8.07 0.01
2458488.3209094 8.10 0.01
2458488.3210830 8.13 0.01
2458488.3212579 8.08 0.01
2458488.3214314 8.07 0.01
2458488.3216048 8.09 0.01
2458488.3217783 8.10 0.01
2458488.3219517 8.10 0.01
2458488.3221252 8.09 0.01
2458488.3222986 8.09 0.01
2458488.3224720 8.10 0.01
2458488.3226455 8.07 0.01
2458488.3228191 8.09 0.01
2458488.3229927 8.10 0.01
2458488.3231663 8.12 0.01
2458488.3233399 8.10 0.01
2458488.3235135 8.07 0.01
2458488.3236871 8.10 0.01
2458488.3238607 8.11 0.01
2458488.3240343 8.08 0.01
2458488.3242080 8.09 0.01
2458488.3243816 8.07 0.01
2458488.3245552 8.13 0.01
2458488.3247288 8.10 0.01
2458488.3249024 8.08 0.01
2458488.3250760 8.08 0.01
2458488.3252496 8.10 0.01
2458488.3254232 8.09 0.01
2458488.3255969 8.09 0.01
2458488.3257705 8.09 0.01
2458488.3259441 8.11 0.01
2458488.3261177 8.13 0.01
2458488.3262913 8.10 0.01
2458488.3264649 8.11 0.01
2458488.3266385 8.11 0.01
2458488.3268121 8.09 0.01
2458488.3269857 8.11 0.01
2458488.3271594 8.07 0.01
2458488.3273330 8.09 0.01
2458488.3275066 8.07 0.01
2458488.3276802 8.12 0.01
2458488.3278538 8.08 0.01
2458488.3280274 8.10 0.01
2458488.3282010 8.11 0.01
2458488.3283746 8.07 0.01
2458488.3285482 8.07 0.01
2458488.3287218 8.13 0.01
2458488.3288955 8.07 0.01
2458488.3290691 8.11 0.01
2458488.3292427 8.06 0.01
2458488.3294163 8.08 0.01
2458488.3295899 8.08 0.01
2458488.3297635 8.12 0.01
2458488.3299371 8.08 0.01
2458488.3301107 8.07 0.01
2458488.3302843 8.08 0.01
2458488.3304580 8.07 0.01
2458488.3306316 8.12 0.01
2458488.3308052 8.10 0.01
2458488.3309788 8.07 0.01
2458488.3311524 8.09 0.01
2458488.3313260 8.09 0.01
2458488.3314996 8.07 0.01
2458488.3316732 8.10 0.01
2458488.3318468 8.09 0.01
2458488.3320205 8.11 0.01
2458488.3321941 8.07 0.01
2458488.3323677 8.09 0.01
2458488.3325413 8.10 0.01
2458488.3327149 8.11 0.01
2458488.3328885 8.10 0.01
2458488.3330621 8.11 0.01
2458488.3332370 8.11 0.01
2458488.3334105 8.11 0.01
2458488.3335839 8.10 0.01
2458488.3337574 8.14 0.01
2458488.3339308 8.08 0.01
2458488.3341043 8.10 0.01
2458488.3342777 8.12 0.01
2458488.3344511 8.11 0.01
2458488.3346246 8.08 0.01
2458488.3347982 8.11 0.01
2458488.3349719 8.09 0.01
2458488.3351455 8.12 0.01
2458488.3353191 8.08 0.01
2458488.3354927 8.10 0.01
2458488.3356663 8.11 0.01
2458488.3358399 8.11 0.01
2458488.3360135 8.10 0.01
2458488.3361871 8.11 0.01
2458488.3363607 8.09 0.01
2458488.3365344 8.11 0.01
2458488.3367080 8.10 0.01
2458488.3368816 8.11 0.01
2458488.3370552 8.08 0.01
2458488.3372288 8.09 0.01
2458488.3374024 8.08 0.01
2458488.3375760 8.08 0.01
2458488.3377496 8.10 0.01
2458488.3379232 8.09 0.01
2458488.3380968 8.08 0.01
2458488.3382705 8.10 0.01
2458488.3384441 8.08 0.01
2458488.3386177 8.07 0.01
2458488.3387913 8.09 0.01
2458488.3389649 8.10 0.01
2458488.3391385 8.09 0.01
2458488.3393121 8.14 0.01
2458488.3394857 8.11 0.01
2458488.3396593 8.10 0.01
2458488.3398330 8.12 0.01
2458488.3400066 8.14 0.01
2458488.3401802 8.12 0.01
2458488.3403538 8.11 0.01
2458488.3405274 8.12 0.01
2458488.3407010 8.14 0.01
2458488.3408746 8.08 0.01
2458488.3410482 8.08 0.01
2458488.3412219 8.09 0.01
2458488.3413955 8.08 0.01
2458488.3415691 8.09 0.01
2458488.3417427 8.08 0.01
2458488.3419163 8.12 0.01
2458488.3420899 8.06 0.01
2458488.3422635 8.09 0.01
2458488.3424371 8.07 0.01
2458488.3426107 8.07 0.01
2458488.3427844 8.08 0.01
2458488.3429580 8.09 0.01
2458488.3431316 8.11 0.01
2458488.3433052 8.08 0.01
2458488.3434788 8.10 0.01
2458488.3436524 8.09 0.01
2458488.3438260 8.11 0.01
2458488.3439996 8.07 0.01
2458488.3441732 8.08 0.01
2458488.3443469 8.12 0.01
2458488.3445205 8.09 0.01
2458488.3446941 8.06 0.01
2458488.3448677 8.09 0.01
2458488.3450413 8.10 0.01
2458488.3452162 8.10 0.01
2458488.3453896 8.11 0.01
2458488.3455631 8.09 0.01
2458488.3457365 8.12 0.01
2458488.3459100 8.10 0.01
2458488.3460834 8.09 0.01
2458488.3462569 8.08 0.01
2458488.3464303 8.09 0.01
2458488.3466038 8.11 0.01
2458488.3467774 8.12 0.01
2458488.3469510 8.10 0.01
2458488.3471246 8.10 0.01
2458488.3472982 8.12 0.01
2458488.3474718 8.12 0.01
2458488.3476455 8.11 0.01
2458488.3478191 8.10 0.01
2458488.3479927 8.08 0.01
2458488.3481663 8.11 0.01
2458488.3483399 8.08 0.01
2458488.3485135 8.09 0.01
2458488.3486871 8.13 0.01
2458488.3488607 8.07 0.01
2458488.3490344 8.12 0.01
2458488.3492080 8.10 0.01
2458488.3493816 8.12 0.01
2458488.3495552 8.11 0.01
2458488.3497288 8.10 0.01
2458488.3499024 8.07 0.01
2458488.3500760 8.07 0.01
2458488.3502496 8.11 0.01
2458488.3504232 8.10 0.01
2458488.3505969 8.09 0.01
2458488.3507705 8.08 0.01
2458488.3509441 8.10 0.01
2458488.3511177 8.11 0.01
2458488.3512913 8.09 0.01
2458488.3514649 8.10 0.01
2458488.3516385 8.11 0.01
2458488.3518121 8.13 0.01
2458488.3519857 8.10 0.01
2458488.3521594 8.10 0.01
2458488.3523330 8.06 0.01
2458488.3525066 8.12 0.01
2458488.3526802 8.15 0.01
2458488.3528538 8.08 0.01
2458488.3530274 8.04 0.01
2458488.3532010 8.09 0.01
2458488.3533746 8.11 0.01
2458488.3535482 8.12 0.01
2458488.3537218 8.11 0.01
2458488.3538955 8.07 0.01
2458488.3540691 8.14 0.01
2458488.3542427 8.10 0.01
2458488.3544163 8.08 0.01
2458488.3545899 8.11 0.01
2458488.3547635 8.09 0.01
2458488.3549371 8.09 0.01
2458488.3551107 8.13 0.01
2458488.3552843 8.09 0.01
2458488.3554580 8.14 0.01
2458488.3556316 8.11 0.01
2458488.3558052 8.12 0.01
2458488.3559788 8.14 0.01
2458488.3561524 8.11 0.01
2458488.3563260 8.13 0.01
2458488.3564996 8.07 0.01
2458488.3566732 8.13 0.01
2458488.3568469 8.10 0.01
2458488.3570218 8.13 0.01
2458488.3571953 8.13 0.01
2458488.3573687 8.09 0.01
2458488.3575422 8.11 0.01
2458488.3577156 8.11 0.01
2458488.3578891 8.11 0.01
2458488.3580625 8.13 0.01
2458488.3582360 8.11 0.01
2458488.3584094 8.09 0.01
2458488.3585830 8.08 0.01
2458488.3587566 8.11 0.01
2458488.3589302 8.10 0.01
2458488.3591038 8.10 0.01
2458488.3592774 8.10 0.01
2458488.3594510 8.07 0.01
2458488.3596246 8.09 0.01
2458488.3597982 8.11 0.01
2458488.3599718 8.16 0.01
2458488.3601455 8.06 0.01
2458488.3603191 8.07 0.01
2458488.3604927 8.10 0.01
2458488.3606663 8.06 0.01
2458488.3608399 8.12 0.01
2458488.3610135 8.14 0.01
2458488.3611871 8.11 0.01
2458488.3613607 8.09 0.01
2458488.3615343 8.07 0.01
2458488.3617080 8.07 0.01
2458488.3618816 8.10 0.01
2458488.3620552 8.07 0.01
2458488.3622288 8.11 0.01
2458488.3624024 8.11 0.01
2458488.3625760 8.11 0.01
2458488.3627496 8.09 0.01
2458488.3629232 8.14 0.01
2458488.3630968 8.15 0.01
2458488.3632705 8.11 0.01
2458488.3634441 8.11 0.01
2458488.3636177 8.08 0.01
2458488.3637913 8.09 0.01
2458488.3639649 8.09 0.01
2458488.3641385 8.11 0.01
2458488.3643121 8.08 0.01
2458488.3644857 8.11 0.01
2458488.3646594 8.10 0.01
2458488.3648330 8.10 0.01
2458488.3650066 8.11 0.01
2458488.3651802 8.11 0.01
2458488.3653538 8.09 0.01
2458488.3655274 8.10 0.01
2458488.3657010 8.11 0.01
2458488.3658746 8.10 0.01
2458488.3660482 8.12 0.01
2458488.3662219 8.10 0.01
2458488.3663955 8.09 0.01
2458488.3665691 8.11 0.01
2458488.3667427 8.09 0.01
2458488.3669163 8.08 0.01
2458488.3670899 8.08 0.01
2458488.3672635 8.09 0.01
2458488.3674371 8.09 0.01
2458488.3676107 8.13 0.01
2458488.3677844 8.11 0.01
2458488.3679580 8.09 0.01
2458488.3681316 8.11 0.01
2458488.3683052 8.10 0.01
2458488.3684788 8.09 0.01
2458488.3686524 8.11 0.01
2458488.3688260 8.12 0.01
2458488.3690010 8.08 0.01
2458488.3691744 8.10 0.01
2458488.3693479 8.11 0.01
2458488.3695213 8.12 0.01
2458488.3696948 8.11 0.01
2458488.3698682 8.09 0.01
2458488.3700417 8.13 0.01
2458488.3702150 8.09 0.01
2458488.3703885 8.12 0.01
2458488.3705621 8.10 0.01
2458488.3707357 8.11 0.01
2458488.3709093 8.08 0.01
2458488.3710830 8.07 0.01
2458488.3712566 8.11 0.01
2458488.3714302 8.12 0.01
2458488.3716038 8.11 0.01
2458488.3717774 8.09 0.01
2458488.3719510 8.09 0.01
2458488.3721246 8.10 0.01
2458488.3722982 8.10 0.01
2458488.3724718 8.09 0.01
2458488.3726455 8.11 0.01
2458488.3728191 8.09 0.01
2458488.3729927 8.10 0.01
2458488.3731663 8.09 0.01
2458488.3733399 8.11 0.01
2458488.3735135 8.09 0.01
2458488.3736871 8.08 0.01
2458488.3738607 8.09 0.01
2458488.3740343 8.09 0.01
2458488.3742080 8.08 0.01
2458493.2519739 8.05 0.01
2458493.2521475 8.07 0.01
2458493.2523211 8.09 0.01
2458493.2524947 8.10 0.01
2458493.2526684 8.08 0.01
2458493.2528420 8.09 0.01
2458493.2530156 8.09 0.01
2458493.2531892 8.08 0.01
2458493.2533628 8.10 0.01
2458493.2535364 8.09 0.01
2458493.2537100 8.11 0.01
2458493.2538836 8.10 0.01
2458493.2540586 8.08 0.01
2458493.2542320 8.11 0.01
2458493.2544055 8.10 0.01
2458493.2545789 8.06 0.01
2458493.2547524 8.08 0.01
2458493.2549258 8.08 0.01
2458493.2550993 8.09 0.01
2458493.2552727 8.09 0.01
2458493.2554461 8.10 0.01
2458493.2556198 8.10 0.01
2458493.2557934 8.14 0.01
2458493.2559670 8.10 0.01
2458493.2561406 8.07 0.01
2458493.2563142 8.09 0.01
2458493.2564878 8.07 0.01
2458493.2566614 8.08 0.01
2458493.2568350 8.09 0.01
2458493.2570086 8.08 0.01
2458493.2571823 8.07 0.01
2458493.2573559 8.12 0.01
2458493.2575295 8.09 0.01
2458493.2577031 8.05 0.01
2458493.2578767 8.08 0.01
2458493.2580503 8.09 0.01
2458493.2582239 8.10 0.01
2458493.2583975 8.11 0.01
2458493.2585711 8.11 0.01
2458493.2587447 8.10 0.01
2458493.2589184 8.07 0.01
2458493.2590920 8.08 0.01
2458493.2592656 8.09 0.01
2458493.2594392 8.09 0.01
2458493.2596128 8.09 0.01
2458493.2597864 8.08 0.01
2458493.2599600 8.13 0.01
2458493.2601336 8.12 0.01
2458493.2603072 8.09 0.01
2458493.2604809 8.11 0.01
2458493.2606545 8.10 0.01
2458493.2608281 8.10 0.01
2458493.2610017 8.07 0.01
2458493.2611753 8.07 0.01
2458493.2613489 8.09 0.01
2458493.2615225 8.10 0.01
2458493.2616961 8.10 0.01
2458493.2618697 8.10 0.01
2458493.2620434 8.08 0.01
2458493.2622170 8.07 0.01
2458493.2623906 8.08 0.01
2458493.2625642 8.12 0.01
2458493.2627378 8.11 0.01
2458493.2629114 8.08 0.01
2458493.2630850 8.08 0.01
2458493.2632586 8.06 0.01
2458493.2634323 8.09 0.01
2458493.2636059 8.09 0.01
2458493.2637795 8.11 0.01
2458493.2639531 8.08 0.01
2458493.2641267 8.09 0.01
2458493.2643003 8.08 0.01
2458493.2644739 8.08 0.01
2458493.2646475 8.09 0.01
2458493.2648211 8.09 0.01
2458493.2649948 8.10 0.01
2458493.2651684 8.08 0.01
2458493.2653420 8.11 0.01
2458493.2655156 8.08 0.01
2458493.2656892 8.11 0.01
2458493.2658628 8.10 0.01
2458493.2660378 8.10 0.01
2458493.2662112 8.08 0.01
2458493.2663847 8.10 0.01
2458493.2665581 8.08 0.01
2458493.2667316 8.10 0.01
2458493.2669050 8.10 0.01
2458493.2670784 8.08 0.01
2458493.2672519 8.07 0.01
2458493.2674253 8.08 0.01
2458493.2675989 8.11 0.01
2458493.2677725 8.08 0.01
2458493.2679461 8.10 0.01
2458493.2681197 8.07 0.01
2458493.2682934 8.09 0.01
2458493.2684670 8.09 0.01
2458493.2686406 8.08 0.01
2458493.2688142 8.08 0.01
2458493.2689878 8.08 0.01
2458493.2691614 8.11 0.01
2458493.2693350 8.06 0.01
2458493.2695086 8.10 0.01
2458493.2696822 8.09 0.01
2458493.2698559 8.10 0.01
2458493.2700295 8.07 0.01
2458493.2702031 8.08 0.01
2458493.2703767 8.08 0.01
2458493.2705503 8.11 0.01
2458493.2707239 8.08 0.01
2458493.2708975 8.06 0.01
2458493.2710711 8.10 0.01
2458493.2712448 8.08 0.01
2458493.2714184 8.09 0.01
2458493.2715920 8.08 0.01
2458493.2717656 8.10 0.01
2458493.2719392 8.08 0.01
2458493.2721128 8.09 0.01
2458493.2722864 8.09 0.01
2458493.2724600 8.11 0.01
2458493.2726336 8.09 0.01
2458493.2728073 8.08 0.01
2458493.2729809 8.09 0.01
2458493.2731545 8.07 0.01
2458493.2733281 8.09 0.01
2458493.2735017 8.13 0.01
2458493.2736753 8.11 0.01
2458493.2738489 8.08 0.01
2458493.2740225 8.09 0.01
2458493.2741961 8.09 0.01
2458493.2743697 8.10 0.01
2458493.2745434 8.11 0.01
2458493.2747170 8.09 0.01
2458493.2748906 8.09 0.01
2458493.2750642 8.10 0.01
2458493.2752378 8.09 0.01
2458493.2754114 8.13 0.01
2458493.2755850 8.09 0.01
2458493.2757586 8.10 0.01
2458493.2759322 8.08 0.01
2458493.2761059 8.10 0.01
2458493.2762795 8.10 0.01
2458493.2764531 8.07 0.01
2458493.2766267 8.09 0.01
2458493.2768003 8.09 0.01
2458493.2769739 8.11 0.01
2458493.2771475 8.07 0.01
2458493.2773211 8.09 0.01
2458493.2774947 8.10 0.01
2458493.2776684 8.08 0.01
2458493.2778420 8.08 0.01
2458493.2780169 8.09 0.01
2458493.2781904 8.11 0.01
2458493.2783638 8.11 0.01
2458493.2785373 8.11 0.01
2458493.2787107 8.09 0.01
2458493.2788841 8.09 0.01
2458493.2790576 8.08 0.01
2458493.2792310 8.11 0.01
2458493.2794045 8.09 0.01
2458493.2795781 8.10 0.01
2458493.2797517 8.09 0.01
2458493.2799253 8.05 0.01
2458493.2800989 8.08 0.01
2458493.2802725 8.09 0.01
2458493.2804461 8.08 0.01
2458493.2806198 8.11 0.01
2458493.2807934 8.11 0.01
2458493.2809670 8.08 0.01
2458493.2811406 8.11 0.01
2458493.2813142 8.09 0.01
2458493.2814878 8.08 0.01
2458493.2816614 8.10 0.01
2458493.2818350 8.11 0.01
2458493.2820086 8.11 0.01
2458493.2821822 8.10 0.01
2458493.2823559 8.09 0.01
2458493.2825295 8.11 0.01
2458493.2827031 8.10 0.01
2458493.2828767 8.09 0.01
2458493.2830503 8.10 0.01
2458493.2832239 8.09 0.01
2458493.2833975 8.08 0.01
2458493.2835711 8.09 0.01
2458493.2837447 8.10 0.01
2458493.2839184 8.11 0.01
2458493.2840920 8.10 0.01
2458493.2842656 8.11 0.01
2458493.2844392 8.07 0.01
2458493.2846128 8.11 0.01
2458493.2847864 8.09 0.01
2458493.2849600 8.11 0.01
2458493.2851336 8.08 0.01
2458493.2853072 8.12 0.01
2458493.2854809 8.10 0.01
2458493.2856545 8.09 0.01
2458493.2858281 8.12 0.01
2458493.2860017 8.08 0.01
2458493.2861753 8.11 0.01
2458493.2863489 8.14 0.01
2458493.2865225 8.08 0.01
2458493.2866961 8.06 0.01
2458493.2868698 8.09 0.01
2458493.2870434 8.09 0.01
2458493.2872170 8.06 0.01
2458493.2873906 8.12 0.01
2458493.2875642 8.06 0.01
2458493.2877378 8.08 0.01
2458493.2879114 8.13 0.01
2458493.2880850 8.10 0.01
2458493.2882586 8.10 0.01
2458493.2884323 8.13 0.01
2458493.2886059 8.07 0.01
2458493.2887795 8.11 0.01
2458493.2889531 8.08 0.01
2458493.2891267 8.10 0.01
2458493.2893003 8.10 0.01
2458493.2894739 8.08 0.01
2458493.2896475 8.09 0.01
2458493.2898211 8.10 0.01
2458493.2899961 8.06 0.01
2458493.2901695 8.10 0.01
2458493.2903429 8.11 0.01
2458493.2905164 8.10 0.01
2458493.2906898 8.09 0.01
2458493.2908633 8.08 0.01
2458493.2910367 8.09 0.01
2458493.2912102 8.06 0.01
2458493.2913836 8.07 0.01
2458493.2915572 8.06 0.01
2458493.2917309 8.09 0.01
2458493.2919045 8.08 0.01
2458493.2920781 8.06 0.01
2458493.2922517 8.10 0.01
2458493.2924253 8.11 0.01
2458493.2925989 8.08 0.01
2458493.2927725 8.09 0.01
2458493.2929461 8.10 0.01
2458493.2931197 8.09 0.01
2458493.2932934 8.09 0.01
2458493.2934670 8.10 0.01
2458493.2936406 8.09 0.01
2458493.2938142 8.08 0.01
2458493.2939878 8.10 0.01
2458493.2941614 8.09 0.01
2458493.2943350 8.08 0.01
2458493.2945086 8.10 0.01
2458493.2946823 8.09 0.01
2458493.2948559 8.09 0.01
2458493.2950295 8.08 0.01
2458493.2952031 8.12 0.01
2458493.2953767 8.11 0.01
2458493.2955503 8.11 0.01
2458493.2957239 8.10 0.01
2458493.2958975 8.08 0.01
2458493.2960711 8.10 0.01
2458493.2962448 8.09 0.01
2458493.2964184 8.09 0.01
2458493.2965920 8.09 0.01
2458493.2967656 8.11 0.01
2458493.2969392 8.08 0.01
2458493.2971128 8.12 0.01
2458493.2972864 8.07 0.01
2458493.2974600 8.10 0.01
2458493.2976336 8.11 0.01
2458493.2978072 8.10 0.01
2458493.2979809 8.08 0.01
2458493.2981545 8.12 0.01
2458493.2983281 8.07 0.01
2458493.2985017 8.10 0.01
2458493.2986753 8.10 0.01
2458493.2988489 8.09 0.01
2458493.2990225 8.07 0.01
2458493.2991961 8.07 0.01
2458493.2993697 8.09 0.01
2458493.2995434 8.09 0.01
2458493.2997170 8.09 0.01
2458493.2998906 8.07 0.01
2458493.3000642 8.11 0.01
2458493.3002378 8.08 0.01
2458493.3004114 8.09 0.01
2458493.3005850 8.10 0.01
2458493.3007586 8.08 0.01
2458493.3018931 8.06 0.01
2458493.3021591 8.07 0.01
2458493.3023327 8.07 0.01
2458493.3025063 8.09 0.01
2458493.3026799 8.07 0.01
2458493.3028536 8.09 0.01
2458493.3030272 8.08 0.01
2458493.3032008 8.08 0.01
2458493.3033744 8.07 0.01
2458493.3035480 8.06 0.01
2458493.3037216 8.09 0.01
2458493.3038952 8.08 0.01
2458493.3040688 8.06 0.01
2458493.3042424 8.08 0.01
2458493.3044161 8.10 0.01
2458493.3045897 8.10 0.01
2458493.3047633 8.08 0.01
2458493.3049369 8.08 0.01
2458493.3051105 8.08 0.01
2458493.3052841 8.07 0.01
2458493.3054577 8.10 0.01
2458493.3056313 8.10 0.01
2458493.3058049 8.10 0.01
2458493.3059785 8.09 0.01
2458493.3061522 8.07 0.01
2458493.3063258 8.10 0.01
2458493.3064994 8.10 0.01
2458493.3066730 8.10 0.01
2458493.3068466 8.10 0.01
2458493.3070202 8.08 0.01
2458493.3071938 8.08 0.01
2458493.3073674 8.08 0.01
2458493.3075410 8.08 0.01
2458493.3077147 8.09 0.01
2458493.3078883 8.10 0.01
2458493.3080619 8.10 0.01
2458493.3082355 8.09 0.01
2458493.3084091 8.12 0.01
2458493.3085827 8.06 0.01
2458493.3087563 8.10 0.01
2458493.3089299 8.08 0.01
2458493.3091036 8.11 0.01
2458493.3092772 8.10 0.01
2458493.3094508 8.09 0.01
2458493.3096244 8.10 0.01
2458493.3097980 8.08 0.01
2458493.3099716 8.06 0.01
2458493.3101452 8.06 0.01
2458493.3103188 8.07 0.01
2458493.3104924 8.11 0.01
2458493.3106661 8.07 0.01
2458493.3108397 8.10 0.01
2458493.3110133 8.08 0.01
2458493.3111869 8.08 0.01
2458493.3113605 8.08 0.01
2458493.3115341 8.08 0.01
2458493.3117077 8.08 0.01
2458493.3118813 8.09 0.01
2458493.3120549 8.07 0.01
2458493.3122298 8.08 0.01
2458493.3124033 8.12 0.01
2458493.3125767 8.10 0.01
2458493.3127502 8.09 0.01
2458493.3129236 8.08 0.01
2458493.3130971 8.09 0.01
2458493.3132705 8.09 0.01
2458493.3134439 8.10 0.01
2458493.3136174 8.11 0.01
2458493.3137910 8.07 0.01
2458493.3139647 8.09 0.01
2458493.3141383 8.09 0.01
2458493.3143119 8.13 0.01
2458493.3144855 8.08 0.01
2458493.3146591 8.07 0.01
2458493.3148327 8.08 0.01
2458493.3150063 8.09 0.01
2458493.3151799 8.09 0.01
2458493.3153535 8.09 0.01
2458493.3155272 8.11 0.01
2458493.3157008 8.10 0.01
2458493.3158744 8.10 0.01
2458493.3160480 8.07 0.01
2458493.3162216 8.11 0.01
2458493.3163952 8.09 0.01
2458493.3165688 8.07 0.01
2458493.3167424 8.08 0.01
2458493.3169161 8.08 0.01
2458493.3170897 8.10 0.01
2458493.3172633 8.11 0.01
2458493.3174369 8.11 0.01
2458493.3176105 8.09 0.01
2458493.3177841 8.09 0.01
2458493.3179577 8.07 0.01
2458493.3181313 8.09 0.01
2458493.3183049 8.07 0.01
2458493.3184786 8.08 0.01
2458493.3186522 8.10 0.01
2458493.3188258 8.10 0.01
2458493.3189994 8.12 0.01
2458493.3191730 8.14 0.01
2458493.3193466 8.09 0.01
2458493.3195202 8.10 0.01
2458493.3196938 8.10 0.01
2458493.3198674 8.10 0.01
2458493.3200411 8.11 0.01
2458493.3202147 8.10 0.01
2458493.3203883 8.14 0.01
2458493.3205619 8.13 0.01
2458493.3207355 8.12 0.01
2458493.3209091 8.09 0.01
2458493.3210827 8.13 0.01
2458493.3212563 8.11 0.01
2458493.3214299 8.09 0.01
2458493.3216035 8.09 0.01
2458493.3217772 8.09 0.01
2458493.3219508 8.10 0.01
2458493.3221244 8.10 0.01
2458493.3222980 8.08 0.01
2458493.3224716 8.10 0.01
2458493.3226452 8.08 0.01
2458493.3228188 8.09 0.01
2458493.3229924 8.09 0.01
2458493.3231662 8.10 0.01
2458493.3233397 8.08 0.01
2458493.3235133 8.10 0.01
2458493.3236869 8.13 0.01
2458493.3238605 8.08 0.01
2458493.3240341 8.09 0.01
2458493.3242090 8.05 0.01
2458493.3243824 8.11 0.01
2458493.3245559 8.11 0.01
2458493.3247293 8.10 0.01
2458493.3249028 8.12 0.01
2458493.3250762 8.15 0.01
2458493.3252497 8.09 0.01
2458493.3254231 8.08 0.01
2458493.3255966 8.10 0.01
2458493.3257702 8.07 0.01
2458493.3259438 8.10 0.01
2458493.3261174 8.08 0.01
2458493.3262911 8.08 0.01
2458493.3264647 8.08 0.01
2458493.3266383 8.08 0.01
2458493.3268119 8.11 0.01
2458493.3269855 8.06 0.01
2458493.3271591 8.09 0.01
2458493.3273327 8.12 0.01
2458493.3275063 8.09 0.01
2458493.3276799 8.09 0.01
2458493.3278536 8.13 0.01
2458493.3280272 8.10 0.01
2458493.3282008 8.09 0.01
2458493.3283744 8.12 0.01
2458493.3285480 8.09 0.01
2458493.3287216 8.07 0.01
2458493.3288952 8.09 0.01
2458493.3290688 8.11 0.01
2458493.3292430 8.10 0.01
2458493.3294160 8.07 0.01
2458493.3295897 8.11 0.01
2458493.3297633 8.11 0.01
2458493.3299369 8.09 0.01
2458493.3301105 8.11 0.01
2458493.3302841 8.08 0.01
2458493.3304577 8.10 0.01
2458493.3306313 8.09 0.01
2458493.3308049 8.13 0.01
2458493.3309785 8.12 0.01
2458493.3311522 8.11 0.01
2458493.3313258 8.09 0.01
2458493.3314994 8.09 0.01
2458493.3316730 8.09 0.01
2458493.3318466 8.14 0.01
2458493.3320202 8.08 0.01
2458493.3321938 8.06 0.01
2458493.3323674 8.06 0.01
2458493.3325411 8.07 0.01
2458493.3327147 8.11 0.01
2458493.3328883 8.09 0.01
2458493.3330619 8.12 0.01
2458493.3332355 8.08 0.01
2458493.3334091 8.08 0.01
2458493.3335827 8.10 0.01
2458493.3337563 8.09 0.01
2458493.3339299 8.10 0.01
2458493.3341036 8.10 0.01
2458493.3342772 8.08 0.01
2458493.3344508 8.10 0.01
2458493.3346244 8.11 0.01
2458493.3347980 8.09 0.01
2458493.3349716 8.06 0.01
2458493.3351452 8.11 0.01
2458493.3353188 8.10 0.01
2458493.3354924 8.08 0.01
2458493.3356661 8.13 0.01
2458493.3358397 8.12 0.01
2458493.3360133 8.10 0.01
2458493.3361882 8.09 0.01
2458493.3363616 8.07 0.01
2458493.3365351 8.06 0.01
2458493.3367085 8.09 0.01
2458493.3368820 8.06 0.01
2458493.3370554 8.11 0.01
2458493.3372288 8.05 0.01
2458493.3374023 8.10 0.01
2458493.3375758 8.11 0.01
2458493.3377494 8.10 0.01
2458493.3379230 8.10 0.01
2458493.3380966 8.11 0.01
2458493.3382702 8.06 0.01
2458493.3384438 8.09 0.01
2458493.3386174 8.10 0.01
2458493.3387910 8.08 0.01
2458493.3389647 8.07 0.01
2458493.3391383 8.09 0.01
2458493.3393119 8.08 0.01
2458493.3394855 8.12 0.01
2458493.3396591 8.10 0.01
2458493.3398327 8.09 0.01
2458493.3400063 8.09 0.01
2458493.3401799 8.09 0.01
2458493.3403536 8.09 0.01
2458493.3405272 8.12 0.01
2458493.3407008 8.09 0.01
2458493.3408744 8.09 0.01
2458493.3410480 8.08 0.01
2458493.3412216 8.10 0.01
2458493.3413952 8.08 0.01
2458493.3415688 8.13 0.01
2458493.3417424 8.10 0.01
2458493.3419161 8.11 0.01
2458493.3420897 8.08 0.01
2458493.3422633 8.11 0.01
2458493.3424369 8.08 0.01
2458493.3426105 8.10 0.01
2458493.3427841 8.08 0.01
2458493.3429577 8.07 0.01
2458493.3431313 8.09 0.01
2458493.3433049 8.07 0.01
2458493.3434786 8.07 0.01
2458493.3436522 8.06 0.01
2458493.3438258 8.10 0.01
2458493.3439994 8.11 0.01
2458493.3441730 8.11 0.01
2458493.3443466 8.09 0.01
2458493.3445202 8.08 0.01
2458493.3446938 8.11 0.01
2458493.3448674 8.11 0.01
2458493.3450410 8.10 0.01
2458493.3452147 8.11 0.01
2458493.3453883 8.09 0.01
2458493.3455619 8.08 0.01
2458493.3457355 8.08 0.01
2458493.3459091 8.10 0.01
2458493.3460827 8.07 0.01
2458493.3462563 8.09 0.01
2458493.3464299 8.11 0.01
2458493.3466035 8.06 0.01
2458493.3467772 8.14 0.01
2458493.3469508 8.08 0.01
2458493.3471244 8.08 0.01
2458493.3472980 8.08 0.01
2458493.3474716 8.08 0.01
2458493.3476452 8.14 0.01
2458493.3478188 8.10 0.01
2458493.3479924 8.07 0.01
2458493.3481673 8.09 0.01
2458493.3483408 8.08 0.01
2458493.3485142 8.09 0.01
2458493.3486876 8.10 0.01
2458493.3488611 8.09 0.01
2458493.3490345 8.09 0.01
2458493.3492080 8.08 0.01
2458493.3493814 8.08 0.01
2458493.3495549 8.10 0.01
2458493.3497286 8.08 0.01
2458493.3499022 8.08 0.01
2458493.3500758 8.12 0.01
2458493.3502494 8.07 0.01
2458493.3504230 8.08 0.01
2458493.3505966 8.08 0.01
2458493.3507702 8.08 0.01
2458493.3509438 8.09 0.01
2458493.3511174 8.11 0.01
2458493.3512911 8.11 0.01
2458493.3514647 8.11 0.01
2458493.3516383 8.10 0.01
2458493.3518119 8.10 0.01
2458493.3519855 8.06 0.01
2458493.3521591 8.12 0.01
2458493.3523327 8.09 0.01
2458493.3525063 8.09 0.01
2458493.3526799 8.08 0.01
2458493.3528535 8.08 0.01
2458493.3530272 8.07 0.01
2458493.3532008 8.08 0.01
2458493.3533744 8.11 0.01
2458493.3535480 8.09 0.01
2458493.3537216 8.10 0.01
2458493.3538952 8.09 0.01
2458493.3540688 8.11 0.01
2458493.3542424 8.08 0.01
2458493.3544160 8.09 0.01
2458493.3545897 8.10 0.01
2458493.3547633 8.10 0.01
2458493.3549369 8.08 0.01
2458493.3551105 8.08 0.01
2458493.3552841 8.06 0.01
2458493.3554577 8.07 0.01
2458493.3556313 8.06 0.01
2458493.3558049 8.09 0.01
2458493.3559786 8.09 0.01
2458493.3561522 8.09 0.01
2458493.3563258 8.08 0.01
2458493.3564994 8.09 0.01
2458493.3566730 8.11 0.01
2458493.3568466 8.07 0.01
2458493.3570202 8.07 0.01
2458493.3571938 8.09 0.01
2458493.3573674 8.09 0.01
2458493.3575411 8.08 0.01
2458493.3577147 8.09 0.01
2458493.3578883 8.10 0.01
2458493.3580619 8.11 0.01
2458493.3582355 8.05 0.01
2458493.3584091 8.08 0.01
2458493.3585827 8.08 0.01
2458493.3587563 8.06 0.01
2458493.3589299 8.09 0.01
2458493.3591036 8.06 0.01
2458493.3592772 8.09 0.01
2458493.3594508 8.08 0.01
2458493.3596244 8.12 0.01
2458493.3597980 8.08 0.01
2458493.3599716 8.09 0.01
2458493.3601465 8.07 0.01
2458493.3603199 8.08 0.01
2458493.3604934 8.10 0.01
2458493.3606668 8.08 0.01
2458493.3608403 8.09 0.01
2458493.3610137 8.08 0.01
2458493.3611871 8.11 0.01
2458493.3613606 8.12 0.01
2458493.3615341 8.10 0.01
2458493.3617077 8.09 0.01
2458493.3618813 8.10 0.01
2458493.3620549 8.10 0.01
2458493.3622285 8.10 0.01
2458493.3624022 8.11 0.01
2458493.3625758 8.08 0.01
2458493.3627494 8.06 0.01
2458493.3629230 8.10 0.01
2458493.3630966 8.08 0.01
2458493.3632702 8.07 0.01
2458493.3634438 8.10 0.01
2458493.3636174 8.10 0.01
2458493.3637911 8.08 0.01
2458493.3639647 8.09 0.01
2458493.3641383 8.08 0.01
2458493.3643119 8.05 0.01
2458493.3644855 8.09 0.01
2458493.3646591 8.11 0.01
2458493.3648327 8.10 0.01
2458493.3650063 8.10 0.01
2458493.3651799 8.14 0.01
2458493.3653536 8.09 0.01
2458493.3655272 8.12 0.01
2458493.3657008 8.12 0.01
2458493.3658744 8.08 0.01
2458493.3660480 8.11 0.01
2458493.3662216 8.07 0.01
2458493.3663952 8.11 0.01
2458493.3665688 8.11 0.01
2458493.3667424 8.11 0.01
2458493.3669161 8.11 0.01
2458493.3670897 8.10 0.01
2458493.3672633 8.10 0.01
2458493.3674369 8.12 0.01
2458493.3676105 8.10 0.01
2458493.3677841 8.11 0.01
2458493.3679577 8.09 0.01
2458493.3681313 8.08 0.01
2458493.3683049 8.10 0.01
2458493.3684785 8.12 0.01
2458493.3686522 8.12 0.01
2458493.3688258 8.09 0.01
2458493.3689994 8.11 0.01
2458493.3691730 8.10 0.01
2458493.3693466 8.10 0.01
2458493.3695202 8.11 0.01
2458493.3696938 8.07 0.01
2458493.3698674 8.09 0.01
2458493.3700410 8.11 0.01
2458493.3702147 8.08 0.01
2458493.3703883 8.13 0.01
2458493.3705619 8.08 0.01
2458493.3707355 8.07 0.01
2458493.3709091 8.06 0.01
2458493.3710827 8.12 0.01
2458493.3712563 8.05 0.01
2458493.3714299 8.10 0.01
2458493.3716036 8.15 0.01
2458493.3717772 8.12 0.01
2458493.3719508 8.09 0.01
2458493.3721257 8.09 0.01
2458493.3722991 8.08 0.01
2458493.3724725 8.06 0.01
2458493.3726460 8.10 0.01
2458493.3728194 8.10 0.01
2458493.3729928 8.10 0.01
2458493.3731663 8.08 0.01
2458493.3733397 8.05 0.01
2458493.3735133 8.11 0.01
2458493.3736869 8.09 0.01
2458493.3738605 8.09 0.01
2458493.3742077 8.08 0.01
2458493.3743813 8.10 0.01
2458493.3745549 8.14 0.01
2458493.3747286 8.10 0.01
2458493.3749022 8.11 0.01
2458493.3750758 8.10 0.01
2458493.3752494 8.12 0.01
2458493.3754230 8.09 0.01
2458493.3755966 8.08 0.01
2458493.3757702 8.10 0.01
2458493.3759438 8.10 0.01
2458493.3761174 8.09 0.01
2458493.3762910 8.10 0.01
2458493.3764647 8.10 0.01
2458493.3766383 8.08 0.01
2458493.3768119 8.09 0.01
2458493.3769855 8.08 0.01
2458493.3771591 8.10 0.01
2458493.3773327 8.10 0.01
2458493.3775063 8.13 0.01
2458493.3776799 8.09 0.01
2458493.3778535 8.09 0.01
2458493.3780272 8.09 0.01
2458493.3782008 8.09 0.01
2458493.3783744 8.07 0.01
2458493.3785480 8.10 0.01
2458493.3787216 8.11 0.01
2458493.3788952 8.09 0.01
2458493.3790688 8.11 0.01
2458493.3792424 8.10 0.01
2458493.3794161 8.14 0.01
2458493.3795897 8.09 0.01
2458493.3797633 8.08 0.01
2458493.3799369 8.09 0.01
2458493.3801105 8.10 0.01
2458493.3802841 8.07 0.01
2458493.3804577 8.09 0.01
2458493.3806313 8.09 0.01
2458493.3808049 8.10 0.01
2458493.3809786 8.10 0.01
2458493.3811522 8.10 0.01
2458493.3813258 8.09 0.01
2458493.3814994 8.09 0.01
2458493.3816730 8.08 0.01
2458493.3818466 8.10 0.01
2458493.3820202 8.09 0.01
2458493.3821938 8.10 0.01
2458493.3823674 8.13 0.01
2458493.3825411 8.11 0.01
2458493.3827147 8.06 0.01
2458493.3828883 8.11 0.01
2458493.3830619 8.10 0.01
2458493.3832355 8.11 0.01
2458493.3834091 8.11 0.01
2458493.3835827 8.12 0.01
2458493.3837563 8.11 0.01
2458493.3839313 8.08 0.01
2458493.3841048 8.12 0.01
2458493.3842782 8.11 0.01
2458493.3844517 8.07 0.01
2458493.3846251 8.08 0.01
2458493.3847985 8.07 0.01
2458493.3849720 8.09 0.01
2458493.3851454 8.08 0.01
2458493.3853189 8.09 0.01
2458493.3854924 8.10 0.01
2458493.3856660 8.08 0.01
2458493.3858397 8.10 0.01
2458493.3860133 8.09 0.01
2458493.3861869 8.12 0.01
2458493.3863605 8.09 0.01
2458493.3865341 8.10 0.01
2458493.3867077 8.10 0.01
2458493.3868813 8.11 0.01
2458493.3870549 8.09 0.01
2458493.3872286 8.09 0.01
2458493.3874022 8.11 0.01
2458493.3875758 8.12 0.01
2458493.3877494 8.10 0.01
2458493.3879230 8.08 0.01
2458493.3880966 8.08 0.01
2458493.3882702 8.09 0.01
2458493.3884438 8.07 0.01
2458493.3886174 8.08 0.01
2458493.3887911 8.11 0.01
2458493.3889647 8.08 0.01
2458493.3891383 8.08 0.01
2458493.3893119 8.09 0.01
2458493.3894855 8.07 0.01
2458493.3896591 8.07 0.01
2458493.3898327 8.08 0.01
2458493.3900063 8.09 0.01
2458493.3901799 8.08 0.01
2458493.3903536 8.09 0.01
2458493.3905272 8.08 0.01
2458493.3907008 8.11 0.01
2458493.3908744 8.12 0.01
2458493.3910480 8.10 0.01
2458493.3912216 8.11 0.01
2458493.3913952 8.08 0.01
2458493.3915688 8.09 0.01
2458493.3917424 8.09 0.01
2458493.3919160 8.08 0.01
2458493.3920897 8.07 0.01
2458493.3922633 8.08 0.01
2458493.3924369 8.07 0.01
2458493.3926105 8.09 0.01
2458493.3927841 8.10 0.01
2458493.3929577 8.09 0.01
2458493.3931313 8.10 0.01
2458493.3933049 8.09 0.01
2458493.3934785 8.10 0.01
2458493.3936522 8.10 0.01
2458493.3938258 8.07 0.01
2458493.3939994 8.07 0.01
2458493.3941730 8.06 0.01
2458493.3943466 8.06 0.01
2458493.3945202 8.13 0.01
2458493.3946938 8.10 0.01
2458493.3948674 8.11 0.01
2458493.3950411 8.10 0.01
2458493.3952147 8.08 0.01
2458493.3953883 8.11 0.01
2458493.3955619 8.10 0.01
2458493.3957355 8.10 0.01
2458493.3959105 8.09 0.01
2458493.3960839 8.10 0.01
2458493.3962574 8.11 0.01
2458493.3964308 8.10 0.01
2458493.3966043 8.12 0.01
2458493.3967777 8.09 0.01
2458493.3969511 8.09 0.01
2458493.3971246 8.06 0.01
2458493.3972980 8.10 0.01
2458493.3974716 8.09 0.01
2458493.3976452 8.09 0.01
2458493.3978188 8.07 0.01
2458493.3979924 8.12 0.01
2458493.3981661 8.05 0.01
2458493.3983397 8.11 0.01
2458493.3985133 8.05 0.01
2458493.3986869 8.09 0.01
2458493.3988605 8.08 0.01
2458493.3990341 8.09 0.01
2458493.3992077 8.10 0.01
2458493.3993813 8.08 0.01
2458493.3995549 8.09 0.01
2458493.3997285 8.06 0.01
2458493.3999022 8.08 0.01
2458493.4000758 8.09 0.01
2458493.4002494 8.06 0.01
2458493.4004230 8.08 0.01
2458493.4005966 8.09 0.01
2458493.4007702 8.09 0.01
2458493.4009438 8.10 0.01
2458493.4011174 8.07 0.01
2458493.4012910 8.09 0.01
2458493.4014647 8.06 0.01
2458493.4016383 8.08 0.01
2458493.4018119 8.12 0.01
2458493.4019855 8.11 0.01
2458493.4021591 8.10 0.01
2458493.4023327 8.08 0.01
2458493.4025063 8.09 0.01
2458493.4026799 8.08 0.01
2458493.4028536 8.12 0.01
2458493.4030272 8.09 0.01
2458493.4032008 8.10 0.01
2458493.4033744 8.10 0.01
2458493.4035480 8.08 0.01
2458493.4037216 8.07 0.01
2458493.4038952 8.10 0.01
2458493.4040688 8.07 0.01
2458493.4042424 8.09 0.01
2458493.4044161 8.11 0.01
2458493.4045897 8.09 0.01
2458493.4047633 8.08 0.01
2458493.4049369 8.08 0.01
2458493.4051105 8.13 0.01
2458493.4052841 8.11 0.01
2458493.4054577 8.11 0.01
2458493.4056313 8.09 0.01
2458493.4058049 8.12 0.01
2458493.4059786 8.10 0.01
2458493.4061522 8.08 0.01
2458493.4063258 8.04 0.01
2458493.4064994 8.06 0.01
2458493.4066730 8.09 0.01
2458493.4068466 8.13 0.01
2458493.4070202 8.10 0.01
2458493.4071938 8.09 0.01
2458493.4073674 8.09 0.01
2458493.4075410 8.08 0.01
2458493.4077147 8.08 0.01
2458493.4078896 8.11 0.01
2458493.4080630 8.09 0.01
2458493.4082365 8.10 0.01
2458493.4084099 8.07 0.01
2458493.4085833 8.09 0.01
2458493.4087568 8.06 0.01
2458493.4089302 8.07 0.01
2458493.4091037 8.11 0.01
2458493.4092772 8.07 0.01
2458493.4094508 8.08 0.01
2458493.4096244 8.08 0.01
2458493.4097980 8.08 0.01
2458493.4099716 8.09 0.01
2458493.4101452 8.11 0.01
2458493.4103188 8.12 0.01
2458493.4104924 8.06 0.01
2458493.4106661 8.08 0.01
2458493.4108397 8.10 0.01
2458493.4110133 8.07 0.01
2458493.4111869 8.11 0.01
2458493.4113605 8.07 0.01
2458493.4115341 8.08 0.01
2458493.4117077 8.10 0.01
2458493.4118813 8.10 0.01
2458493.4120549 8.11 0.01
2458493.4122286 8.08 0.01
2458493.4124022 8.08 0.01
2458493.4125758 8.10 0.01
2458493.4127494 8.08 0.01
2458493.4129230 8.08 0.01
2458493.4130966 8.06 0.01
2458493.4132702 8.10 0.01
2458493.4134438 8.14 0.01
2458493.4136174 8.12 0.01
2458493.4137911 8.08 0.01
2458493.4139647 8.09 0.01
2458493.4141383 8.10 0.01
2458493.4143119 8.09 0.01
2458493.4144855 8.10 0.01
2458493.4146591 8.10 0.01
2458493.4148327 8.12 0.01
2458493.4150063 8.09 0.01
2458493.4151799 8.12 0.01
2458493.4153535 8.09 0.01
2458493.4155272 8.09 0.01
2458493.4157008 8.10 0.01
2458493.4158744 8.11 0.01
2458494.3446475 8.14 0.02
2458494.3448211 8.16 0.02
2458494.3449948 8.13 0.02
2458494.3451684 8.11 0.02
2458494.3453420 8.11 0.01
2458494.3455156 8.09 0.01
2458494.3456892 8.07 0.01
2458494.3458628 8.03 0.01
2458494.3460364 8.09 0.01
2458494.3462100 8.05 0.01
2458494.3463836 8.08 0.01
2458494.3465573 8.09 0.01
2458494.3467309 8.06 0.01
2458494.3469045 8.09 0.01
2458494.3470781 8.09 0.01
2458494.3472517 8.06 0.01
2458494.3474253 8.07 0.01
2458494.3475989 8.08 0.01
2458494.3477725 8.09 0.01
2458494.3479462 8.07 0.01
2458494.3481197 8.06 0.01
2458494.3482934 8.14 0.01
2458494.3484670 8.08 0.01
2458494.3486406 8.06 0.01
2458494.3488142 8.08 0.01
2458494.3489878 8.08 0.01
2458494.3491614 8.10 0.01
2458494.3493350 8.06 0.01
2458494.3495086 8.09 0.01
2458494.3496822 8.06 0.01
2458494.3498559 8.07 0.01
2458494.3500295 8.07 0.01
2458494.3502031 8.10 0.01
2458494.3503767 8.07 0.01
2458494.3505503 8.08 0.01
2458494.3507239 8.07 0.01
2458494.3508975 8.11 0.01
2458494.3510711 8.09 0.01
2458494.3512447 8.09 0.01
2458494.3514184 8.09 0.01
2458494.3515920 8.05 0.01
2458494.3517656 8.07 0.01
2458494.3519392 8.08 0.01
2458494.3521128 8.02 0.01
2458494.3522864 8.09 0.01
2458494.3524600 8.04 0.01
2458494.3526336 8.08 0.01
2458494.3528073 8.08 0.01
2458494.3529809 8.09 0.01
2458494.3531545 8.08 0.01
2458494.3533281 8.06 0.01
2458494.3535031 8.09 0.01
2458494.3536765 8.08 0.01
2458494.3538500 8.09 0.01
2458494.3540234 8.08 0.01
2458494.3541969 8.11 0.01
2458494.3543703 8.09 0.01
2458494.3545438 8.06 0.01
2458494.3547172 8.10 0.02
2458494.3548906 8.09 0.01
2458494.3550642 8.11 0.02
2458494.3552378 8.09 0.02
2458494.3554114 8.08 0.02
2458494.3555850 8.10 0.02
2458494.3557586 8.10 0.02
2458494.3559322 8.11 0.02
2458494.3561059 8.13 0.02
2458494.3562795 8.11 0.02
2458494.3564531 8.07 0.02
2458494.3566267 8.10 0.02
2458494.3568003 8.11 0.02
2458494.3569739 8.09 0.02
2458494.3571475 8.08 0.02
2458494.3573211 8.09 0.02
2458494.3574947 8.10 0.02
2458494.3576684 8.09 0.02
2458494.3578420 8.09 0.02
2458494.3580156 8.08 0.02
2458494.3581892 8.06 0.02
2458494.3583628 8.11 0.02
2458494.3585364 8.11 0.02
2458494.3587100 8.09 0.02
2458494.3588836 8.09 0.02
2458494.3590572 8.13 0.02
2458494.3592309 8.07 0.02
2458494.3594045 8.09 0.02
2458494.3595781 8.11 0.02
2458494.3606945 8.06 0.02
2458494.3609670 8.07 0.02
2458494.3611406 8.10 0.02
2458494.3613142 8.10 0.02
2458494.3614878 8.09 0.02
2458494.3616614 8.09 0.02
2458494.3618350 8.08 0.02
2458494.3620086 8.10 0.02
2458494.3621823 8.11 0.02
2458494.3623559 8.04 0.02
2458494.3625295 8.05 0.02
2458494.3627031 8.05 0.02
2458494.3628767 8.06 0.02
2458494.3630503 8.08 0.02
2458494.3632239 8.08 0.02
2458494.3633975 8.03 0.02
2458494.3635711 8.04 0.02
2458494.3637447 8.06 0.02
2458494.3639184 8.10 0.02
2458494.3640920 8.04 0.02
2458494.3642656 8.07 0.02
2458494.3644392 8.03 0.02
2458494.3646128 8.09 0.02
2458494.3647864 8.11 0.03
2458494.3649600 8.06 0.03
2458494.3651336 8.09 0.03
2458494.3653072 8.12 0.03
2458494.3654809 8.10 0.03
2458494.3656545 8.04 0.03
2458494.3658281 8.08 0.03
2458494.3660017 8.04 0.03
2458494.3661753 8.09 0.03
2458494.3663489 8.08 0.03
2458494.3665225 8.10 0.03
2458494.3666961 8.16 0.04
2458494.3668697 8.12 0.04
2458494.3670434 8.06 0.03
2458494.3672170 8.04 0.03
2458494.3673920 8.09 0.04
2458494.3675654 8.12 0.04
2458494.3677389 8.11 0.04
2458494.3679123 8.14 0.04
2458494.3680858 8.10 0.04
2458494.3682592 8.09 0.04
2458494.3684327 8.04 0.04
2458494.3686061 8.12 0.04
2458494.3687795 8.06 0.04
2458494.3689531 8.14 0.04
2458494.3691267 8.07 0.04
2458494.3693003 8.05 0.04
2458494.3694739 8.01 0.04
2458494.3696475 7.98 0.04
2458494.3698211 8.00 0.04
2458494.3699948 8.06 0.04
2458494.3701684 7.95 0.04
2458494.3703420 8.05 0.05
2458494.3705156 8.07 0.05
2458494.3706892 8.10 0.05
2458494.3708628 8.05 0.05
2458494.3710364 8.08 0.05
2458494.3712100 7.98 0.05
2458494.3713836 8.03 0.05
2458494.3715572 8.08 0.05
2458494.3717309 8.04 0.05
2458494.3719045 7.99 0.05
2458494.3720781 8.08 0.06
2458494.3722517 8.06 0.06
2458494.3724253 8.05 0.06
2458494.3725989 7.94 0.06
2458494.3727725 8.02 0.06
2458494.3729461 8.08 0.07
2458494.3731197 8.08 0.07
2458494.3732934 8.03 0.07
2458494.3734670 8.04 0.07
2458494.3736406 8.05 0.08
2458494.3738142 7.93 0.07
2458494.3739878 8.11 0.09
2458494.3741614 8.04 0.08
2458494.3743350 8.02 0.08
2458494.3745086 7.98 0.08
2458494.3746822 8.09 0.10
2458494.3748559 8.16 0.11
2458494.3750295 7.97 0.09
2458494.3752031 8.16 0.11
2458494.3753767 8.30 0.13
2458494.3755503 8.04 0.10
2458494.3757239 8.23 0.11
2458494.3758975 8.18 0.10
2458494.3760711 7.94 0.08
2458494.3762448 8.09 0.09
2458494.3764184 7.94 0.08
2458494.3765920 8.04 0.09
2458494.3767656 8.07 0.10
2458494.3769392 7.99 0.09
2458494.3771128 8.21 0.12
2458494.3772864 8.02 0.11
2458495.2514299 8.10 0.01
2458495.2542077 8.07 0.01
2458495.2557706 8.07 0.01
2458495.2568119 8.05 0.01
2458495.2575063 8.06 0.01
2458495.2578536 8.09 0.01
2458495.2587216 8.09 0.01
2458495.2595897 8.09 0.01
2458495.2597633 8.06 0.01
2458495.2599369 8.09 0.01
2458495.2621938 8.07 0.01
2458495.2623674 8.09 0.01
2458495.2627147 8.09 0.01
2458495.2630619 8.09 0.01
2458495.2632355 8.08 0.01
2458495.2634091 8.10 0.01
2458495.2635827 8.08 0.01
2458495.2637563 8.06 0.01
2458495.2639299 8.07 0.01
2458495.2642772 8.09 0.01
2458495.2644508 8.05 0.01
2458495.2646244 8.05 0.01
2458495.2647980 8.07 0.01
2458495.2649716 8.09 0.01
2458495.2651452 8.09 0.01
2458495.2654924 8.11 0.01
2458495.2656661 8.07 0.01
2458495.2658397 8.10 0.01
2458495.2660133 8.07 0.01
2458495.2661869 8.10 0.01
2458495.2663605 8.09 0.01
2458495.2667077 8.06 0.01
2458495.2672295 8.09 0.01
2458495.2675764 8.12 0.01
2458495.2677498 8.11 0.01
2458495.2679233 8.09 0.01
2458495.2682702 8.05 0.01
2458495.2684438 8.12 0.01
2458495.2686174 8.08 0.01
2458495.2687911 8.09 0.01
2458495.2689647 8.08 0.01
2458495.2691383 8.08 0.01
2458495.2693119 8.10 0.01
2458495.2696591 8.11 0.01
2458495.2698327 8.10 0.01
2458495.2701799 8.10 0.01
2458495.2703535 8.05 0.01
2458495.2705272 8.10 0.01
2458495.2707008 8.08 0.01
2458495.2708744 8.10 0.01
2458495.2710480 8.10 0.01
2458495.2712216 8.08 0.01
2458495.2713952 8.06 0.01
2458495.2715688 8.08 0.01
2458495.2717424 8.09 0.01
2458495.2719160 8.07 0.01
2458495.2720897 8.08 0.01
2458495.2722633 8.14 0.01
2458495.2724369 8.08 0.01
2458495.2726105 8.08 0.01
2458495.2727841 8.10 0.01
2458495.2731313 8.08 0.01
2458495.2733049 8.10 0.01
2458495.2734786 8.08 0.01
2458495.2736522 8.08 0.01
2458495.2738258 8.07 0.01
2458495.2739994 8.11 0.01
2458495.2741730 8.09 0.01
2458495.2743466 8.09 0.01
2458495.2745202 8.09 0.01
2458495.2746938 8.07 0.01
2458495.2748674 8.09 0.01
2458495.2750411 8.11 0.01
2458495.2752147 8.06 0.01
2458495.2753883 8.09 0.01
2458495.2755619 8.11 0.01
2458495.2757355 8.08 0.01
2458495.2759091 8.10 0.01
2458495.2760827 8.14 0.01
2458495.2762563 8.08 0.01
2458495.2764299 8.11 0.01
2458495.2766036 8.10 0.01
2458495.2767772 8.09 0.01
2458495.2769508 8.06 0.01
2458495.2771244 8.08 0.01
2458495.2772980 8.09 0.01
2458495.2774716 8.08 0.01
2458495.2776452 8.11 0.01
2458495.2778188 8.11 0.01
2458495.2779924 8.09 0.01
2458495.2781660 8.08 0.01
2458495.2783397 8.09 0.01
2458495.2785133 8.09 0.01
2458495.2786869 8.11 0.01
2458495.2788618 8.12 0.01
2458495.2790353 8.10 0.01
2458495.2792087 8.10 0.01
2458495.2793822 8.09 0.01
2458495.2795556 8.10 0.01
2458495.2797290 8.11 0.01
2458495.2799025 8.10 0.01
2458495.2800759 8.10 0.01
2458495.2802494 8.12 0.01
2458495.2804230 8.07 0.01
2458495.2805966 8.09 0.01
2458495.2807702 8.11 0.01
2458495.2809438 8.09 0.01
2458495.2811174 8.07 0.01
2458495.2812911 8.10 0.01
2458495.2814647 8.08 0.01
2458495.2816383 8.10 0.01
2458495.2818119 8.11 0.01
2458495.2819855 8.09 0.01
2458495.2821591 8.09 0.01
2458495.2823327 8.12 0.01
2458495.2825063 8.11 0.01
2458495.2826799 8.08 0.01
2458495.2828536 8.07 0.01
2458495.2830272 8.09 0.01
2458495.2832008 8.10 0.01
2458495.2833744 8.10 0.01
2458495.2835480 8.11 0.01
2458495.2837216 8.12 0.01
2458495.2838952 8.09 0.01
2458495.2840688 8.09 0.01
2458495.2842424 8.09 0.01
2458495.2844161 8.09 0.01
2458495.2845897 8.10 0.01
2458495.2847633 8.10 0.01
2458495.2849369 8.10 0.01
2458495.2851105 8.09 0.01
2458495.2852841 8.08 0.01
2458495.2854577 8.12 0.01
2458495.2856313 8.12 0.01
2458495.2858049 8.06 0.01
2458495.2859785 8.10 0.01
2458495.2861522 8.07 0.01
2458495.2863258 8.09 0.01
2458495.2864994 8.06 0.01
2458495.2866730 8.10 0.01
2458495.2868466 8.09 0.01
2458495.2870202 8.10 0.01
2458495.2871938 8.06 0.01
2458495.2873674 8.10 0.01
2458495.2875410 8.10 0.01
2458495.2877147 8.07 0.01
2458495.2878883 8.10 0.01
2458495.2880619 8.05 0.01
2458495.2882355 8.09 0.01
2458495.2884091 8.08 0.01
2458495.2885827 8.06 0.01
2458495.2887563 8.08 0.01
2458495.2889299 8.06 0.01
2458495.2891036 8.12 0.01
2458495.2892772 8.09 0.01
2458495.2894508 8.08 0.01
2458495.2896244 8.12 0.01
2458495.2897980 8.10 0.01
2458495.2899716 8.11 0.01
2458495.2901452 8.06 0.01
2458495.2903188 8.08 0.01
2458495.2904924 8.04 0.01
2458495.2906661 8.10 0.01
2458495.2908410 8.12 0.01
2458495.2910145 8.05 0.01
2458495.2911879 8.09 0.01
2458495.2913614 8.07 0.01
2458495.2915348 8.10 0.01
2458495.2917083 8.11 0.01
2458495.2918817 8.09 0.01
2458495.2920551 8.09 0.01
2458495.2922286 8.04 0.01
2458495.2924022 8.10 0.01
2458495.2925758 8.09 0.01
2458495.2927494 8.10 0.01
2458495.2929230 8.07 0.01
2458495.2930966 8.11 0.01
2458495.2932702 8.11 0.01
2458495.2934438 8.09 0.01
2458495.2936174 8.08 0.01
2458495.2937910 8.08 0.01
2458495.2939647 8.09 0.01
2458495.2941383 8.09 0.01
2458495.2943119 8.09 0.01
2458495.2944855 8.12 0.01
2458495.2946591 8.10 0.01
2458495.2948327 8.11 0.01
2458495.2950063 8.13 0.01
2458495.2951799 8.09 0.01
2458495.2953535 8.09 0.01
2458495.2955272 8.11 0.01
2458495.2957008 8.10 0.01
2458495.2958744 8.09 0.01
2458495.2960480 8.12 0.01
2458495.2962216 8.11 0.01
2458495.2963952 8.09 0.01
2458495.2965688 8.09 0.01
2458495.2967424 8.11 0.01
2458495.2969160 8.09 0.01
2458495.2970897 8.08 0.01
2458495.2972633 8.10 0.01
2458495.2974369 8.08 0.01
2458495.2976105 8.07 0.01
2458495.2977841 8.10 0.01
2458495.2979577 8.11 0.01
2458495.2981313 8.08 0.01
2458495.2983049 8.08 0.01
2458495.2984785 8.07 0.01
2458495.2986522 8.09 0.01
2458495.2988258 8.09 0.01
2458495.2989994 8.08 0.01
2458495.2991730 8.10 0.01
2458495.2993466 8.12 0.01
2458495.2995202 8.10 0.01
2458495.2996938 8.10 0.01
2458495.2998674 8.13 0.01
2458495.3000411 8.09 0.01
2458495.3002147 8.09 0.01
2458495.3003883 8.12 0.01
2458495.3005619 8.12 0.01
2458495.3007355 8.11 0.01
2458495.3009091 8.10 0.01
2458495.3010827 8.09 0.01
2458495.3012563 8.08 0.01
2458495.3014299 8.12 0.01
2458495.3016035 8.12 0.01
2458495.3017772 8.12 0.01
2458495.3019508 8.11 0.01
2458495.3021244 8.09 0.01
2458495.3022980 8.08 0.01
2458495.3024716 8.07 0.01
2458495.3026452 8.11 0.01
2458495.3028202 8.08 0.01
2458495.3029937 8.10 0.01
2458495.3031671 8.12 0.01
2458495.3033406 8.11 0.01
2458495.3035140 8.09 0.01
2458495.3036875 8.08 0.01
2458495.3038609 8.10 0.01
2458495.3040343 8.08 0.01
2458495.3042078 8.08 0.01
2458495.3043813 8.07 0.01
2458495.3045549 8.10 0.01
2458495.3047286 8.07 0.01
2458495.3049022 8.07 0.01
2458495.3050758 8.09 0.01
2458495.3052494 8.09 0.01
2458495.3054230 8.08 0.01
2458495.3055966 8.10 0.01
2458495.3057702 8.10 0.01
2458495.3059438 8.07 0.01
2458495.3061174 8.09 0.01
2458495.3062911 8.08 0.01
2458495.3064647 8.08 0.01
2458495.3066383 8.09 0.01
2458495.3068119 8.09 0.01
2458495.3069855 8.09 0.01
2458495.3071591 8.09 0.01
2458495.3073327 8.10 0.01
2458495.3075063 8.10 0.01
2458495.3076799 8.13 0.01
2458495.3078536 8.07 0.01
2458495.3080272 8.09 0.01
2458495.3082008 8.09 0.01
2458495.3083744 8.10 0.01
2458495.3085480 8.07 0.01
2458495.3087216 8.10 0.01
2458495.3088952 8.09 0.01
2458495.3090688 8.11 0.01
2458495.3092424 8.13 0.01
2458495.3094160 8.09 0.01
2458495.3095897 8.10 0.01
2458495.3097633 8.08 0.01
2458495.3099369 8.07 0.01
2458495.3101105 8.10 0.01
2458495.3102841 8.09 0.01
2458495.3104577 8.08 0.01
2458495.3106313 8.10 0.01
2458495.3108049 8.06 0.01
2458495.3109785 8.10 0.01
2458495.3111522 8.09 0.01
2458495.3113258 8.10 0.01
2458495.3114994 8.11 0.01
2458495.3116730 8.10 0.01
2458495.3118466 8.13 0.01
2458495.3120202 8.11 0.01
2458495.3121938 8.09 0.01
2458495.3123674 8.08 0.01
2458495.3125411 8.11 0.01
2458495.3127147 8.10 0.01
2458495.3128883 8.10 0.01
2458495.3130619 8.10 0.01
2458495.3132355 8.10 0.01
2458495.3134091 8.11 0.01
2458495.3135827 8.10 0.01
2458495.3137563 8.11 0.01
2458495.3139299 8.10 0.01
2458495.3141036 8.09 0.01
2458495.3142772 8.10 0.01
2458495.3144508 8.12 0.01
2458495.3146244 8.12 0.01
2458495.3147980 8.10 0.01
2458495.3149729 8.11 0.01
2458495.3151463 8.10 0.01
2458495.3153198 8.11 0.01
2458498.1654809 8.09 0.01
2458498.1656545 8.08 0.01
2458498.1658281 8.11 0.01
2458498.1660017 8.09 0.01
2458498.1661753 8.07 0.01
2458498.1663489 8.09 0.01
2458498.1665238 8.08 0.01
2458498.1666972 8.09 0.01
2458498.1668707 8.08 0.01
2458498.1670441 8.07 0.01
2458498.1672176 8.06 0.01
2458498.1673910 8.06 0.01
2458498.1675645 8.10 0.01
2458498.1677379 8.07 0.01
2458498.1679114 8.11 0.01
2458498.1680850 8.08 0.01
2458498.1682586 8.09 0.01
2458498.1684322 8.06 0.01
2458498.1686059 8.10 0.01
2458498.1687795 8.09 0.01
2458498.1689531 8.10 0.01
2458498.1691267 8.11 0.01
2458498.1694739 8.13 0.01
2458498.1696475 8.09 0.01
2458498.1698211 8.06 0.01
2458498.1699947 8.08 0.01
2458498.1701684 8.12 0.01
2458498.1703420 8.07 0.01
2458498.1705156 8.07 0.01
2458498.1706892 8.05 0.01
2458498.1708628 8.07 0.01
2458498.1710364 8.09 0.01
2458498.1712100 8.10 0.01
2458498.1715572 8.07 0.01
2458498.1717309 8.08 0.01
2458498.1719045 8.08 0.01
2458498.1720781 8.10 0.01
2458498.1722517 8.09 0.01
2458498.1724253 8.10 0.01
2458498.1725989 8.12 0.01
2458498.1727725 8.09 0.01
2458498.1729461 8.06 0.01
2458498.1731198 8.09 0.01
2458498.1732934 8.08 0.01
2458498.1734670 8.07 0.01
2458498.1736406 8.09 0.01
2458498.1738142 8.11 0.01
2458498.1739878 8.10 0.01
2458498.1741614 8.08 0.01
2458498.1743350 8.11 0.01
2458498.1746823 8.11 0.01
2458498.1750295 8.10 0.01
2458498.1752031 8.11 0.01
2458498.1753767 8.09 0.01
2458498.1755503 8.08 0.01
2458498.1757239 8.07 0.01
2458498.1758975 8.07 0.01
2458498.1760711 8.10 0.01
2458498.1762447 8.08 0.01
2458498.1764184 8.08 0.01
2458498.1765920 8.09 0.01
2458498.1767656 8.08 0.01
2458498.1769392 8.10 0.01
2458498.1771128 8.07 0.01
2458498.1772864 8.08 0.01
2458498.1774600 8.11 0.01
2458498.1776336 8.09 0.01
2458498.1778072 8.10 0.01
2458498.1779809 8.11 0.01
2458498.1781545 8.08 0.01
2458498.1783295 8.11 0.01
2458498.1785029 8.09 0.01
2458498.1786763 8.08 0.01
2458498.1788498 8.08 0.01
2458498.1790232 8.10 0.01
2458498.1791967 8.09 0.01
2458498.1797170 8.09 0.01
2458498.1798906 8.09 0.01
2458498.1800642 8.09 0.01
2458498.1802378 8.07 0.01
2458498.1804114 8.11 0.01
2458498.1805850 8.08 0.01
2458498.1809323 8.09 0.01
2458498.1811059 8.10 0.01
2458498.1818003 8.07 0.01
2458498.1823211 8.09 0.01
2458498.1830156 8.10 0.01
2458498.1844045 8.10 0.01
2458498.1849253 8.11 0.01
2458500.2340341 8.11 0.01
2458500.2342077 8.07 0.01
2458500.2343813 8.09 0.01
2458500.2345549 8.10 0.01
2458500.2347285 8.08 0.01
2458500.2349022 8.11 0.01
2458500.2350758 8.07 0.01
2458500.2352494 8.08 0.01
2458500.2354230 8.10 0.01
2458500.2355966 8.11 0.01
2458500.2357702 8.09 0.01
2458500.2359438 8.11 0.01
2458500.2361174 8.10 0.01
2458500.2362910 8.07 0.01
2458500.2364647 8.10 0.01
2458500.2366383 8.08 0.01
2458500.2368119 8.08 0.01
2458500.2369855 8.11 0.01
2458500.2371591 8.10 0.01
2458500.2373327 8.09 0.01
2458500.2375063 8.08 0.01
2458500.2376799 8.07 0.01
2458500.2378536 8.11 0.01
2458500.2380272 8.09 0.01
2458500.2382008 8.10 0.01
2458500.2383744 8.09 0.01
2458500.2385480 8.11 0.01
2458500.2387216 8.11 0.01
2458500.2388952 8.08 0.01
2458500.2390688 8.09 0.01
2458500.2392424 8.09 0.01
2458500.2394161 8.11 0.01
2458500.2395897 8.10 0.01
2458500.2397633 8.08 0.01
2458500.2399369 8.08 0.01
2458500.2401105 8.09 0.01
2458500.2402841 8.06 0.01
2458500.2404577 8.09 0.01
2458500.2406313 8.10 0.01
2458500.2408049 8.10 0.01
2458500.2409785 8.09 0.01
2458500.2411522 8.10 0.01
2458500.2413258 8.08 0.01
2458500.2414994 8.11 0.01
2458500.2416730 8.08 0.01
2458500.2418466 8.09 0.01
2458500.2420202 8.08 0.01
2458500.2421938 8.09 0.01
2458500.2423674 8.11 0.01
2458500.2425410 8.08 0.01
2458500.2427147 8.10 0.01
2458500.2428883 8.07 0.01
2458500.2430619 8.09 0.01
2458500.2432355 8.11 0.01
2458500.2434091 8.07 0.01
2458500.2435827 8.05 0.01
2458500.2437563 8.10 0.01
2458500.2439299 8.08 0.01
2458500.2441035 8.11 0.01
2458500.2442772 8.10 0.01
2458500.2444520 8.12 0.01
2458500.2446255 8.08 0.01
2458500.2447989 8.08 0.01
2458500.2449724 8.09 0.01
2458500.2451458 8.09 0.01
2458500.2453193 8.07 0.01
2458500.2454927 8.07 0.01
2458500.2456661 8.07 0.01
2458500.2458397 8.11 0.01
2458500.2460133 8.08 0.01
2458500.2461869 8.07 0.01
2458500.2463605 8.10 0.01
2458500.2465341 8.08 0.01
2458500.2467077 8.10 0.01
2458500.2468813 8.10 0.01
2458500.2470549 8.10 0.01
2458500.2472286 8.09 0.01
2458500.2474022 8.10 0.01
2458500.2475758 8.07 0.01
2458500.2477494 8.09 0.01
2458500.2479230 8.11 0.01
2458500.2480966 8.05 0.01
2458500.2482702 8.09 0.01
2458500.2484438 8.11 0.01
2458500.2486174 8.11 0.01
2458500.2487910 8.10 0.01
2458500.2489647 8.09 0.01
2458500.2491383 8.08 0.01
2458500.2493119 8.07 0.01
2458500.2494855 8.08 0.01
2458500.2496591 8.12 0.01
2458500.2498327 8.08 0.01
2458500.2500063 8.09 0.01
2458500.2501799 8.11 0.01
2458500.2503535 8.07 0.01
2458500.2505272 8.09 0.01
2458500.2507008 8.10 0.01
2458500.2508744 8.08 0.01
2458500.2510480 8.10 0.01
2458500.2512216 8.09 0.01
2458500.2513952 8.09 0.01
2458500.2515688 8.08 0.01
2458500.2517424 8.09 0.01
2458500.2519160 8.10 0.01
2458500.2520897 8.09 0.01
2458500.2522633 8.11 0.01
2458500.2524369 8.14 0.01
2458500.2526105 8.10 0.01
2458500.2527841 8.09 0.01
2458500.2529577 8.09 0.01
2458500.2531313 8.07 0.01
2458500.2533049 8.10 0.01
2458500.2534786 8.09 0.01
2458500.2536522 8.09 0.01
2458500.2538258 8.08 0.01
2458500.2539994 8.10 0.01
2458500.2541730 8.11 0.01
2458500.2543466 8.08 0.01
2458500.2545202 8.10 0.01
2458500.2546938 8.09 0.01
2458500.2548674 8.09 0.01
2458500.2550411 8.09 0.01
2458500.2552147 8.08 0.01
2458500.2553883 8.08 0.01
2458500.2555619 8.07 0.01
2458500.2557355 8.07 0.01
2458500.2559091 8.09 0.01
2458500.2560827 8.07 0.01
2458500.2562563 8.08 0.01
2458500.2564312 8.10 0.01
2458500.2566046 8.09 0.01
2458500.2567781 8.08 0.01
2458500.2569515 8.06 0.01
2458500.2571250 8.07 0.01
2458500.2572984 8.06 0.01
2458500.2574719 8.08 0.01
2458500.2576453 8.07 0.01
2458500.2578188 8.08 0.01
2458500.2579924 8.08 0.01
2458500.2581660 8.08 0.01
2458500.2583397 8.09 0.01
2458500.2585133 8.10 0.01
2458500.2586869 8.07 0.01
2458500.2588605 8.05 0.01
2458500.2590341 8.07 0.01
2458500.2592077 8.11 0.01
2458500.2593813 8.09 0.01
2458500.2595549 8.09 0.01
2458500.2597285 8.08 0.01
2458500.2599022 8.07 0.01
2458500.2600758 8.04 0.01
2458500.2602494 8.08 0.01
2458500.2604230 8.07 0.01
2458500.2605966 8.11 0.01
2458500.2607702 8.12 0.01
2458500.2609438 8.10 0.01
2458500.2611174 8.06 0.01
2458500.2612911 8.07 0.01
2458500.2614647 8.08 0.01
2458500.2616383 8.09 0.01
2458500.2618119 8.09 0.01
2458500.2619855 8.07 0.01
2458500.2621591 8.08 0.01
2458500.2623327 8.05 0.01
2458500.2625063 8.11 0.01
2458500.2626799 8.10 0.01
2458500.2628535 8.10 0.01
2458500.2630272 8.09 0.01
2458500.2632008 8.11 0.01
2458500.2633744 8.10 0.01
2458500.2635480 8.11 0.01
2458500.2637216 8.08 0.01
2458500.2638952 8.08 0.01
2458500.2640688 8.08 0.01
2458500.2642424 8.10 0.01
2458500.2644160 8.09 0.01
2458500.2645897 8.08 0.01
2458500.2647633 8.12 0.01
2458500.2649369 8.11 0.01
2458500.2651105 8.09 0.01
2458500.2654577 8.10 0.01
2458500.2656313 8.08 0.01
2458500.2658049 8.08 0.01
2458500.2659785 8.13 0.01
2458500.2661522 8.11 0.01
2458500.2663258 8.09 0.01
2458500.2664994 8.08 0.01
2458500.2666730 8.11 0.01
2458500.2668466 8.10 0.01
2458500.2670202 8.07 0.01
2458500.2671938 8.08 0.01
2458500.2673674 8.10 0.01
2458500.2675410 8.11 0.01
2458500.2677147 8.11 0.01
2458500.2678883 8.10 0.01
2458500.2680619 8.07 0.01
2458500.2682355 8.06 0.01
2458500.2684104 8.09 0.01
2458500.2685839 8.11 0.01
2458500.2687573 8.11 0.01
2458500.2689307 8.09 0.01
2458500.2691042 8.12 0.01
2458500.2692776 8.08 0.01
2458500.2694511 8.08 0.01
2458500.2696245 8.09 0.01
2458500.2697980 8.09 0.01
2458500.2699716 8.09 0.01
2458500.2701452 8.09 0.01
2458500.2703188 8.08 0.01
2458500.2704924 8.10 0.01
2458500.2706661 8.13 0.01
2458500.2708397 8.11 0.01
2458500.2710133 8.11 0.01
2458500.2711869 8.09 0.01
2458500.2713605 8.09 0.01
2458500.2715341 8.09 0.01
2458500.2717077 8.08 0.01
2458500.2718813 8.13 0.01
2458500.2720549 8.09 0.01
2458500.2722285 8.08 0.01
2458500.2724022 8.13 0.01
2458500.2725758 8.07 0.01
2458500.2727494 8.08 0.01
2458500.2729230 8.09 0.01
2458500.2730966 8.08 0.01
2458500.2732702 8.09 0.01
2458500.2734438 8.09 0.01
2458500.2736174 8.06 0.01
2458500.2737910 8.07 0.01
2458500.2739647 8.08 0.01
2458500.2741383 8.08 0.01
2458500.2743119 8.09 0.01
2458500.2744855 8.08 0.01
2458500.2746591 8.07 0.01
2458500.2748327 8.08 0.01
2458500.2750063 8.05 0.01
2458500.2751799 8.11 0.01
2458500.2753535 8.07 0.01
2458500.2755272 8.10 0.01
2458500.2757008 8.12 0.01
2458500.2758744 8.10 0.01
2458500.2760480 8.09 0.01
2458500.2762216 8.09 0.01
2458500.2763952 8.09 0.01
2458500.2765688 8.10 0.01
2458500.2767424 8.12 0.01
2458500.2769161 8.08 0.01
2458500.2770897 8.09 0.01
2458500.2772633 8.08 0.01
2458500.2774369 8.11 0.01
2458500.2776105 8.11 0.01
2458500.2777841 8.07 0.01
2458500.2779577 8.10 0.01
2458500.2781313 8.08 0.01
2458500.2783049 8.08 0.01
2458500.2784786 8.13 0.01
2458500.2786522 8.08 0.01
2458500.2788258 8.10 0.01
2458500.2789994 8.12 0.01
2458500.2791730 8.08 0.01
2458500.2793466 8.10 0.01
2458500.2795202 8.10 0.01
2458500.2796938 8.08 0.01
2458500.2798674 8.08 0.01
2458500.2800410 8.10 0.01
2458500.2802147 8.07 0.01
2458500.2803896 8.10 0.01
2458500.2805631 8.05 0.01
2458500.2807365 8.08 0.01
2458500.2809100 8.08 0.01
2458500.2810834 8.07 0.01
2458500.2812568 8.09 0.01
2458500.2814303 8.11 0.01
2458500.2816037 8.10 0.01
2458500.2817772 8.07 0.01
2458500.2819508 8.11 0.01
2458500.2821244 8.12 0.01
2458500.2822980 8.09 0.01
2458500.2824716 8.10 0.01
2458500.2826452 8.10 0.01
2458500.2828188 8.10 0.01
2458500.2829924 8.07 0.01
2458500.2831660 8.09 0.01
2458500.2833397 8.11 0.01
2458500.2835133 8.08 0.01
2458500.2836869 8.08 0.01
2458500.2838605 8.08 0.01
2458500.2840341 8.09 0.01
2458500.2842077 8.08 0.01
2458500.2843813 8.11 0.01
2458500.2845549 8.11 0.01
2458500.2847286 8.08 0.01
2458500.2849022 8.10 0.01
2458500.2850758 8.11 0.01
2458500.2852494 8.09 0.01
2458500.2854230 8.08 0.01
2458500.2855966 8.10 0.01
2458500.2857702 8.10 0.01
2458500.2859438 8.10 0.01
2458500.2861174 8.12 0.01
2458500.2862911 8.09 0.01
2458500.2864647 8.08 0.01
2458500.2866383 8.08 0.01
2458500.2868119 8.07 0.01
2458500.2869855 8.08 0.01
2458500.2871591 8.08 0.01
2458500.2873327 8.12 0.01
2458500.2875063 8.08 0.01
2458500.2876799 8.09 0.01
2458500.2878535 8.09 0.01
2458500.2880272 8.10 0.01
2458500.2882008 8.10 0.01
2458500.2883744 8.05 0.01
2458500.2885480 8.07 0.01
2458500.2887216 8.08 0.01
2458500.2888952 8.10 0.01
2458500.2890688 8.08 0.01
2458500.2892424 8.08 0.01
2458500.2894160 8.09 0.01
2458500.2895897 8.10 0.01
2458500.2897633 8.09 0.01
2458500.2899369 8.08 0.01
2458500.2901105 8.10 0.01
2458500.2902841 8.11 0.01
2458500.2904577 8.11 0.01
2458500.2906313 8.06 0.01
2458500.2908049 8.09 0.01
2458500.2909785 8.11 0.01
2458500.2911522 8.07 0.01
2458500.2913258 8.08 0.01
2458500.2914994 8.09 0.01
2458500.2916730 8.10 0.01
2458500.2918466 8.09 0.01
2458500.2920202 8.11 0.01
2458500.2921938 8.08 0.01
2458500.2923688 8.08 0.01
2458500.2925423 8.10 0.01
2458500.2927157 8.08 0.01
2458500.2928892 8.05 0.01
2458500.2930626 8.08 0.01
2458500.2932360 8.10 0.01
2458500.2934095 8.08 0.01
2458500.2935829 8.07 0.01
2458528.2613179 8.04 0.02
2458528.2614915 8.04 0.02
2458528.2616651 8.04 0.02
2458528.2618387 8.05 0.02
2458528.2620123 8.04 0.02
2458528.2621859 8.16 0.03
2458528.2623608 8.04 0.02
2458528.2625342 8.10 0.02
2458528.2627077 8.10 0.02
2458528.2628811 8.13 0.03
2458528.2630546 8.08 0.03
2458528.2632280 8.05 0.03
2458528.2634015 8.08 0.03
2458528.2635749 8.11 0.03
2458528.2637484 8.04 0.03
2458528.2639220 8.14 0.03
2458528.2640956 8.11 0.03
2458528.2642693 8.14 0.04
2458528.2644429 8.09 0.03
2458528.2646165 8.06 0.04
2458528.2647901 8.15 0.04
2458528.2649637 8.13 0.04
2458528.2651373 8.07 0.04
2458528.2653109 8.14 0.04
2458528.2654845 8.05 0.04
2458528.2656581 8.04 0.04
2458528.2658318 8.02 0.04
2458528.2660054 8.13 0.05
2458528.2661790 8.00 0.04
2458528.2663526 8.03 0.04
2458528.2665262 8.10 0.05
2458528.2666998 8.03 0.05
2458528.2668734 8.07 0.05
2458528.2670470 8.08 0.05
2458528.2672207 8.08 0.05
2458528.2673943 8.03 0.05
2458528.2675679 8.08 0.06
2458528.2677415 8.03 0.05
2458528.2679151 8.04 0.05
2458528.2680887 8.05 0.06
2458528.2682623 8.04 0.06
2458528.2684359 8.12 0.06
2458528.2686095 8.08 0.06
2458528.2687832 8.16 0.06
2458528.2689568 8.09 0.06
2458528.2691304 8.06 0.06
2458528.2693040 8.11 0.07
2458528.2694776 8.02 0.06
2458528.2696512 8.11 0.07
2458528.2698248 8.06 0.07
2458528.2699984 8.09 0.07
2458528.2701720 8.05 0.07
2458528.2703456 7.99 0.07
2458528.2705193 8.06 0.07
2458528.2706929 8.04 0.07
2458528.2708665 8.08 0.07
2458528.2710401 8.04 0.07
2458528.2712137 8.05 0.06
2458528.2713873 8.07 0.06
2458528.2715609 8.13 0.06
2458528.2717345 8.01 0.05
2458528.2719081 8.05 0.05
2458528.2720818 8.00 0.05
2458528.2722554 8.12 0.05
2458528.2724290 8.03 0.05
2458528.2726026 8.12 0.06
2458528.2727762 8.14 0.06
2458528.2729498 8.10 0.05
2458528.2731234 8.18 0.06
2458528.2732970 8.05 0.06
2458528.2734706 7.89 0.06
2458528.2736443 8.03 0.07
2458528.2738179 8.17 0.09
2458528.2739915 8.12 0.09
2458528.2741665 8.00 0.08
2458528.2743400 7.95 0.07
2458528.2745134 8.12 0.09
2458528.2746868 8.06 0.10
2458528.2748603 8.20 0.11
2458528.2750337 7.98 0.09
2458528.2752072 8.05 0.09
2458528.2753806 8.25 0.11
2458528.2755541 8.16 0.09
2458528.2757276 8.01 0.08
2458528.2759012 8.08 0.08
2458528.2760748 8.02 0.08
2458528.2762484 8.08 0.09
2458528.2764220 8.02 0.08
2458528.2765957 8.14 0.09
2458528.2767693 8.05 0.08
2458528.2769429 8.00 0.08
2458528.2771165 8.01 0.08
2458528.2772901 8.21 0.09
2458528.2774637 8.16 0.08
2458528.2776373 8.14 0.08
2458528.2778109 8.08 0.08
2458528.2779845 8.06 0.07
2458528.2781581 8.11 0.07
2458528.2783318 8.15 0.07
2458528.2785054 8.06 0.07
2458528.2786790 7.96 0.07
2458528.2788526 8.11 0.08
2458528.2790262 8.16 0.08
2458528.2791998 8.27 0.08
2458528.2793734 7.97 0.06
2458528.2795470 8.13 0.07
2458528.2797206 8.20 0.07
2458528.2798943 8.25 0.08
2458528.2800679 8.07 0.07
2458528.2802415 8.20 0.08
2458528.2804151 8.21 0.08
2458528.2805887 8.20 0.08
2458528.2807623 8.11 0.07
2458528.2809359 8.12 0.07
2458528.2811095 8.27 0.07
2458528.2812831 8.16 0.06
2458528.2814568 8.06 0.06
2458528.2816304 8.02 0.06
2458528.2818040 8.06 0.06
2458528.2819776 7.97 0.05
2458528.2821512 8.17 0.06
2458528.2823248 8.03 0.05
2458528.2824984 8.03 0.05
2458528.2826720 8.04 0.06
2458528.2828457 8.21 0.07
2458528.2830193 8.11 0.06
2458528.2831929 8.00 0.06
2458528.2833665 8.15 0.07
2458528.2835401 8.22 0.07
2458528.2837137 8.15 0.06
2458528.2838873 8.02 0.05
2458528.2840609 8.06 0.05
2458528.2842345 8.20 0.06
2458528.2844082 8.12 0.05
2458528.2845818 7.99 0.05
2458528.2847554 8.03 0.05
2458528.2849290 8.03 0.05
2458528.2851026 7.97 0.05
2458528.2852762 8.18 0.06
2458528.2854498 8.10 0.06
2458528.2856234 7.98 0.05
2458528.2857970 8.10 0.06
2458528.2859706 8.09 0.06
2458528.2861443 8.00 0.05
2458528.2863192 8.03 0.06
2458528.2864926 8.07 0.06
2458528.2866660 8.02 0.05
2458528.2868395 8.08 0.06
2458528.2870129 8.03 0.06
2458528.2871864 7.95 0.05
2458528.2873598 8.08 0.06
2458528.2875333 8.10 0.06
2458528.2877068 8.00 0.05
2458528.2878804 7.95 0.05
2458528.2880540 8.09 0.05
2458528.2882276 8.11 0.05
2458528.2884012 8.14 0.05
2458528.2885748 8.15 0.05
2458528.2887484 8.15 0.05
2458528.2889220 8.13 0.05
2458528.2890956 8.12 0.04
2458528.2892693 8.03 0.04
2458528.2894429 8.09 0.04
2458528.2896165 8.14 0.04
2458528.2897901 8.04 0.04
2458528.2899637 7.97 0.04
2458528.2901373 8.07 0.04
2458528.2903109 8.13 0.05
2458528.2904845 8.04 0.04
2458528.2906582 8.05 0.04
2458528.2908318 8.10 0.05
2458528.2910054 8.13 0.05
2458528.2911790 8.07 0.05
2458528.2913526 8.08 0.05
2458528.2915262 8.06 0.05
2458528.2916998 8.21 0.06
2458528.2918734 8.01 0.05
2458528.2920470 8.05 0.05
2458528.2922207 8.04 0.05
2458528.2923943 8.07 0.05
2458528.2925679 8.05 0.05
2458528.2927415 8.15 0.05
2458528.2929151 8.18 0.05
2458528.2930887 8.14 0.05
2458528.2932623 8.13 0.05
2458528.2934359 8.13 0.05
2458528.2936095 8.05 0.04
2458528.2937831 8.02 0.04
2458528.2939568 8.10 0.04
2458528.2941304 8.18 0.05
2458528.2943040 8.15 0.05
2458528.2944776 8.04 0.04
2458528.2946512 8.13 0.05
2458528.2948248 8.16 0.05
2458528.2949984 8.01 0.04
2458528.2951720 8.17 0.04
2458528.2953456 8.10 0.04
2458528.2955193 8.08 0.04
2458528.2956929 8.11 0.05