2458467.3668514 11.02 0.15
2458467.3673723 10.88 0.13
2458467.3678931 10.82 0.12
2458467.3680667 10.73 0.11
2458467.3684139 11.18 0.17
2458467.3685875 10.97 0.14
2458467.3687611 11.03 0.15
2458467.3689347 10.80 0.12
2458467.3691084 10.82 0.12
2458467.3692820 10.74 0.11
2458467.3696292 10.88 0.13
2458467.3699764 10.68 0.11
2458467.3701500 10.90 0.13
2458467.3703236 11.01 0.15
2458467.3706709 10.73 0.11
2458467.3708445 10.91 0.14
2458467.3710181 10.96 0.14
2458467.3715389 10.76 0.12
2458467.3717125 10.86 0.13
2458467.3722334 10.90 0.14
2458467.3725806 10.67 0.11
2458467.3727542 10.96 0.14
2458467.3729278 10.79 0.12
2458467.3732750 10.90 0.14
2458467.3736223 10.89 0.13
2458467.3739695 10.60 0.10
2458467.3741431 10.93 0.14
2458467.3743167 10.74 0.12
2458467.3744903 10.83 0.13
2458467.3748375 10.88 0.13
2458467.3750111 10.77 0.12
2458467.3751848 10.91 0.14
2458467.3753584 10.81 0.12
2458467.3757067 10.82 0.13
2458467.3758801 10.90 0.13
2458467.3760536 10.85 0.13
2458467.3762270 10.64 0.11
2458467.3764005 10.95 0.14
2458467.3765739 10.88 0.13
2458467.3767473 10.67 0.11
2458467.3769209 10.93 0.14
2458467.3770945 10.94 0.14
2458467.3772681 10.91 0.14
2458467.3777889 10.90 0.13
2458467.3779625 10.87 0.13
2458467.3781361 10.91 0.14
2458467.3783097 10.99 0.15
2458467.3784834 10.92 0.14
2458467.3786570 10.88 0.13
2458467.3788306 10.76 0.12
2458467.3791778 11.08 0.16
2458467.3795250 10.90 0.14
2458467.3796986 10.88 0.13
2458467.3798723 10.91 0.14
2458467.3800459 11.14 0.17
2458467.3805667 10.81 0.12
2458467.3807403 10.91 0.14
2458467.3810875 10.91 0.14
2458467.3812611 10.71 0.11
2458467.3814348 10.73 0.12
2458467.3816084 10.82 0.13
2458467.3819556 11.01 0.15
2458467.3821292 10.94 0.14
2458467.3823028 10.84 0.13
2458467.3824764 10.86 0.13
2458467.3826500 10.88 0.13
2458467.3829973 10.99 0.15
2458467.3833445 10.97 0.14
2458467.3835181 10.82 0.13
2458467.3836917 10.87 0.13
2458467.3838653 10.99 0.15
2458467.3842125 11.03 0.16
2458467.3843861 10.88 0.14
2458467.3845597 10.80 0.13
2458467.3847334 10.64 0.11
2458467.3849070 10.98 0.15
2458467.3850806 10.88 0.13
2458467.3852542 10.97 0.15
2458467.3854278 10.80 0.12
2458467.3857750 10.82 0.13
2458467.3859486 10.88 0.13
2458467.3861222 11.01 0.15
2458467.3862959 10.80 0.13
2458467.3864695 10.87 0.13
2458467.3866431 10.92 0.14
2458467.3868167 10.88 0.13
2458467.3869903 11.04 0.16
2458467.3871639 10.83 0.13
2458467.3873389 10.93 0.14
2458467.3875123 11.04 0.15
2458467.3878592 10.97 0.15
2458467.3880327 10.77 0.12
2458467.3882061 10.94 0.14
2458467.3883795 10.89 0.14
2458467.3885530 10.86 0.13
2458467.3887264 10.90 0.14
2458467.3889000 11.02 0.15
2458467.3892473 10.92 0.14
2458467.3894209 10.84 0.13
2458467.3897681 10.77 0.12
2458467.3899417 10.83 0.13
2458467.3901153 10.92 0.14
2458467.3904625 10.85 0.13
2458467.3906361 10.90 0.14
2458467.3908098 10.83 0.13
2458467.3909834 10.72 0.12
2458467.3915042 10.82 0.13
2458467.3918514 10.79 0.13
2458467.3921986 10.97 0.15
2458467.3923722 10.75 0.12
2458467.3925459 10.81 0.13
2458467.3927195 10.82 0.13
2458467.3928931 11.00 0.15
2458467.3930667 10.99 0.15
2458467.3932403 10.96 0.15
2458467.3934139 10.96 0.15
2458467.3935875 10.94 0.14
2458467.3937611 10.81 0.13
2458467.3939347 10.85 0.13
2458467.3946292 10.77 0.12
2458467.3948028 11.10 0.17
2458467.3951500 10.82 0.13
2458467.3953236 10.63 0.11
2458467.3956709 10.83 0.13
2458467.3961917 10.86 0.14
2458467.3963653 10.83 0.13
2458467.3967125 10.68 0.11
2458467.3968861 10.77 0.12
2458467.3972334 10.91 0.14
2458467.3975806 10.68 0.11
2458467.3981014 10.78 0.12
2458467.3982750 10.99 0.15
2458467.3984486 10.98 0.15
2458467.3986223 10.65 0.11
2458467.3987959 11.02 0.15
2458467.3989695 10.81 0.13
2458467.3991431 10.86 0.13
2458467.3993180 10.84 0.13
2458467.3996649 10.88 0.14
2458467.3998383 10.89 0.14
2458467.4000118 10.90 0.14
2458467.4001852 10.80 0.13
2458467.4003586 11.09 0.16
2458467.4005321 11.01 0.15
2458467.4008792 10.91 0.14
2458467.4010528 10.91 0.14
2458467.4012264 10.81 0.13
2458467.4014000 10.96 0.15
2458467.4015736 10.84 0.13
2458467.4017472 10.93 0.14
2458467.4019209 10.84 0.13
2458467.4022681 10.93 0.14
2458467.4024417 10.76 0.12
2458467.4027889 10.69 0.12
2458467.4029625 10.75 0.12
2458467.4033098 10.84 0.13
2458467.4040042 10.82 0.13
2458467.4041778 10.78 0.13
2458467.4043514 10.66 0.11
2458467.4045250 10.88 0.14
2458467.4048723 10.92 0.14
2458467.4053931 10.98 0.15
2458467.4055667 10.94 0.14
2458467.4059139 10.99 0.15
2458467.4060875 10.78 0.12
2458467.4062611 11.02 0.16
2458467.4064348 10.75 0.12
2458467.4066084 10.99 0.15
2458467.4071292 10.80 0.13
2458467.4073028 10.94 0.14
2458467.4076500 10.96 0.15
2458467.4078236 11.03 0.16
2458467.4079972 10.69 0.11
2458467.4081709 10.90 0.14
2458467.4083445 10.96 0.15
2458467.4086917 10.92 0.14
2458467.4088653 10.81 0.13
2458467.4090389 10.72 0.12
2458467.4095597 10.91 0.14
2458467.4099070 10.80 0.13
2458467.4100806 10.87 0.14
2458467.4102542 10.83 0.13
2458467.4104278 10.87 0.14
2458467.4107750 10.85 0.13
2458467.4109486 10.69 0.12
2458467.4111236 10.79 0.13
2458467.4112971 10.67 0.11
2458467.4114705 10.74 0.12
2458467.4119908 10.88 0.14
2458467.4123377 10.94 0.15
2458467.4125112 10.84 0.13
2458467.4126848 10.91 0.14
2458467.4128584 10.85 0.13
2458467.4130320 10.96 0.15
2458467.4132056 10.72 0.12
2458467.4133792 10.80 0.13
2458467.4135528 10.70 0.12
2458467.4137264 10.57 0.10
2458467.4139000 10.85 0.13
2458467.4140736 10.89 0.14
2458467.4142473 10.83 0.13
2458467.4144209 10.85 0.14
2458467.4145945 10.83 0.13
2458467.4149417 10.71 0.12
2458467.4151153 10.72 0.12
2458467.4152889 10.75 0.12
2458467.4154625 10.87 0.14
2458467.4156361 10.82 0.13
2458467.4161570 11.00 0.16
2458467.4165042 11.00 0.15
2458467.4166778 10.82 0.13
2458467.4168514 10.64 0.11
2458467.4170250 10.86 0.14
2458467.4171986 10.80 0.13
2458467.4173722 10.76 0.13
2458467.4178931 10.63 0.11
2458467.4182403 10.78 0.13
2458467.4184139 10.67 0.12
2458467.4185875 10.92 0.15
2458467.4189348 10.84 0.14
2458467.4191084 10.74 0.13
2458467.4194556 10.62 0.11
2458467.4196292 10.77 0.13
2458467.4198028 10.79 0.13
2458467.4199764 10.70 0.12
2458467.4206709 10.91 0.15
2458469.3670135 10.79 0.09
2458469.3671871 10.88 0.09
2458469.3675343 10.87 0.09
2458469.3680551 11.01 0.11
2458469.3682287 10.81 0.09
2458469.3684023 10.86 0.09
2458469.3690968 10.80 0.09
2458469.3692704 10.88 0.10
2458469.3694440 10.71 0.08
2458469.3699648 10.76 0.09
2458469.3701384 10.82 0.09
2458469.3704857 10.78 0.09
2458469.3706593 10.78 0.09
2458469.3708329 11.00 0.11
2458469.3713537 10.89 0.10
2458469.3722218 11.05 0.11
2458469.3723954 10.82 0.09
2458469.3727426 10.96 0.10
2458469.3729162 10.78 0.09
2458469.3730898 10.92 0.10
2458469.3732635 10.80 0.09
2458469.3734371 10.94 0.10
2458469.3736107 11.10 0.12
2458469.3739579 10.89 0.10
2458469.3746524 10.89 0.10
2458469.3748260 10.87 0.09
2458469.3749996 10.89 0.10
2458469.3751732 10.87 0.09
2458469.3753468 10.79 0.09
2458469.3755204 10.91 0.10
2458469.3756940 10.82 0.09
2458469.3758676 10.95 0.10
2458469.3760425 10.69 0.08
2458469.3762159 10.93 0.10
2458469.3763894 10.81 0.09
2458469.3765628 11.00 0.10
2458469.3767363 10.84 0.09
2458469.3769097 10.90 0.10
2458469.3770832 11.02 0.11
2458469.3772566 11.04 0.11
2458469.3777773 11.07 0.11
2458469.3779510 10.71 0.08
2458469.3781246 10.80 0.09
2458488.3044163 11.00 0.13
2458488.3045899 11.02 0.14
2458488.3047635 11.01 0.14
2458488.3051107 10.85 0.12
2458488.3058052 10.96 0.13
2458488.3059788 10.98 0.13
2458488.3061524 11.09 0.15
2458488.3063260 11.16 0.16
2458488.3064996 10.95 0.13
2458488.3066732 10.79 0.11
2458488.3068468 10.96 0.13
2458488.3070205 10.89 0.12
2458488.3071941 10.97 0.13
2458488.3073677 10.83 0.12
2458488.3075413 10.95 0.13
2458488.3078885 11.09 0.15
2458488.3082357 10.93 0.13
2458488.3084093 11.03 0.14
2458488.3085830 10.81 0.11
2458488.3087566 10.90 0.12
2458488.3089302 10.81 0.11
2458488.3091038 10.72 0.11
2458488.3096257 10.88 0.12
2458488.3097991 10.98 0.13
2458488.3099726 11.18 0.16
2458488.3101460 10.91 0.13
2458488.3103194 10.91 0.13
2458488.3106663 10.87 0.12
2458488.3111871 10.84 0.12
2458488.3115344 11.00 0.14
2458488.3117080 10.99 0.14
2458488.3118816 11.01 0.14
2458488.3120552 10.78 0.11
2458488.3122288 10.97 0.13
2458488.3124024 11.01 0.14
2458488.3125760 10.86 0.12
2458488.3127496 10.91 0.13
2458488.3130969 10.95 0.13
2458488.3134441 10.92 0.13
2458488.3136177 11.05 0.14
2458488.3139649 11.09 0.15
2458488.3141385 10.95 0.13
2458488.3143121 10.75 0.11
2458488.3144857 11.03 0.14
2458488.3146593 11.08 0.15
2458488.3148330 11.11 0.15
2458488.3151802 11.02 0.14
2458488.3153538 10.79 0.12
2458488.3155274 11.00 0.14
2458488.3157010 10.99 0.14
2458488.3158746 10.93 0.13
2458488.3162218 10.98 0.14
2458488.3169163 11.01 0.14
2458488.3170899 10.72 0.11
2458488.3172635 10.90 0.13
2458488.3174371 10.95 0.13
2458488.3179580 11.02 0.14
2458488.3186524 10.93 0.13
2458488.3193469 11.01 0.14
2458488.3195205 10.82 0.12
2458488.3196941 11.01 0.14
2458488.3202149 11.02 0.14
2458488.3203885 10.88 0.13
2458488.3209094 10.89 0.13
2458488.3210830 10.81 0.12
2458488.3212579 10.91 0.13
2458488.3214314 10.96 0.14
2458488.3216048 10.91 0.13
2458488.3219517 11.03 0.15
2458488.3222986 10.89 0.13
2458488.3226455 10.91 0.13
2458488.3228191 10.88 0.13
2458488.3231663 10.94 0.14
2458488.3233399 10.83 0.12
2458488.3235135 10.76 0.12
2458488.3240343 11.01 0.14
2458488.3242080 10.87 0.13
2458488.3243816 11.00 0.14
2458488.3250760 10.94 0.14
2458488.3254232 10.81 0.12
2458488.3255969 10.99 0.14
2458488.3261177 10.74 0.11
2458488.3262913 10.73 0.11
2458488.3264649 10.98 0.14
2458488.3266385 10.97 0.14
2458488.3268121 10.93 0.13
2458488.3269857 11.03 0.15
2458488.3271594 10.88 0.13
2458488.3273330 10.73 0.11
2458488.3275066 10.86 0.13
2458488.3276802 10.97 0.14
2458488.3280274 10.93 0.14
2458488.3282010 10.85 0.13
2458488.3283746 10.91 0.13
2458488.3288955 10.83 0.12
2458488.3294163 10.83 0.13
2458488.3295899 10.79 0.12
2458488.3297635 10.98 0.14
2458488.3299371 10.85 0.13
2458488.3301107 10.83 0.13
2458488.3306316 10.73 0.11
2458488.3308052 10.87 0.13
2458488.3309788 10.84 0.13
2458488.3311524 10.79 0.12
2458488.3313260 10.86 0.13
2458488.3314996 10.72 0.11
2458488.3316732 10.77 0.12
2458488.3318468 10.81 0.12
2458488.3320205 10.92 0.14
2458488.3323677 10.58 0.10
2458488.3325413 10.93 0.14
2458488.3327149 10.86 0.13
2458488.3330621 10.94 0.14
2458488.3332370 10.91 0.13
2458488.3334105 10.70 0.11
2458488.3339308 10.80 0.12
2458488.3341043 11.03 0.15
2458488.3342777 10.90 0.13
2458488.3344511 10.85 0.13
2458488.3346246 10.68 0.11
2458488.3349719 10.87 0.13
2458488.3351455 10.84 0.13
2458488.3353191 10.87 0.13
2458488.3354927 10.77 0.12
2458488.3356663 10.82 0.12
2458488.3358399 10.82 0.12
2458488.3361871 10.86 0.13
2458488.3367080 10.74 0.12
2458488.3384441 10.93 0.14
2458488.3389649 11.07 0.16
2458488.3394857 10.88 0.13
2458488.3396593 10.91 0.14
2458488.3398330 10.92 0.14
2458488.3400066 10.68 0.11
2458488.3407010 10.80 0.12
2458488.3412219 10.64 0.11
2458488.3413955 10.74 0.12
2458488.3417427 10.67 0.11
2458488.3419163 10.87 0.13
2458488.3420899 10.93 0.14
2458488.3422635 11.00 0.15
2458488.3426107 10.73 0.12
2458488.3429580 10.87 0.13
2458488.3431316 10.94 0.14
2458488.3434788 10.81 0.12
2458488.3436524 10.90 0.14
2458488.3438260 10.94 0.14
2458488.3439996 10.90 0.13
2458488.3441732 10.65 0.11
2458488.3445205 10.85 0.13
2458488.3446941 11.03 0.15
2458488.3448677 10.85 0.13
2458488.3450413 10.97 0.14
2458488.3452162 10.79 0.12
2458488.3453896 10.79 0.12
2458488.3455631 11.00 0.15
2458488.3457365 10.96 0.14
2458488.3459100 10.69 0.11
2458488.3462569 10.95 0.14
2458488.3466038 11.04 0.16
2458488.3467774 10.86 0.13
2458488.3469510 10.59 0.10
2458488.3471246 10.75 0.12
2458488.3472982 10.87 0.13
2458488.3474718 10.85 0.13
2458488.3476455 10.88 0.13
2458488.3478191 10.94 0.14
2458488.3481663 10.63 0.11
2458488.3483399 10.88 0.13
2458488.3485135 11.02 0.15
2458488.3486871 10.78 0.12
2458488.3488607 10.85 0.13
2458488.3490344 10.87 0.13
2458488.3492080 10.70 0.11
2458488.3493816 10.88 0.13
2458488.3495552 10.85 0.13
2458488.3497288 10.73 0.11
2458488.3499024 11.03 0.15
2458488.3500760 10.97 0.14
2458488.3502496 10.88 0.13
2458488.3505969 10.95 0.14
2458488.3507705 10.83 0.13
2458488.3509441 10.98 0.14
2458488.3511177 10.96 0.14
2458488.3512913 10.94 0.14
2458488.3514649 11.00 0.15
2458488.3516385 10.91 0.14
2458488.3518121 10.89 0.13
2458488.3519857 10.81 0.13
2458488.3521594 10.68 0.11
2458488.3523330 10.85 0.13
2458488.3525066 10.76 0.12
2458488.3528538 10.80 0.12
2458488.3530274 10.74 0.12
2458488.3532010 10.92 0.14
2458488.3533746 10.76 0.12
2458488.3537218 10.87 0.13
2458488.3538955 10.76 0.12
2458488.3540691 10.89 0.13
2458488.3542427 10.93 0.14
2458488.3545899 10.82 0.12
2458488.3547635 10.77 0.12
2458488.3549371 10.71 0.11
2458488.3551107 10.65 0.11
2458488.3552843 10.82 0.13
2458488.3556316 10.95 0.14
2458488.3558052 10.94 0.14
2458488.3559788 11.01 0.15
2458488.3561524 10.86 0.13
2458488.3564996 10.76 0.12
2458488.3566732 10.87 0.13
2458488.3568469 10.84 0.13
2458488.3571953 10.92 0.14
2458488.3573687 10.60 0.10
2458488.3575422 10.86 0.13
2458488.3577156 10.99 0.15
2458488.3578891 10.86 0.13
2458488.3580625 10.94 0.14
2458488.3582360 10.85 0.13
2458488.3585830 10.77 0.12
2458488.3589302 10.91 0.13
2458488.3591038 10.75 0.12
2458488.3592774 10.78 0.12
2458488.3594510 10.69 0.11
2458488.3597982 10.99 0.15
2458488.3599718 10.93 0.14
2458488.3604927 10.97 0.14
2458488.3606663 10.88 0.13
2458488.3610135 10.76 0.12
2458488.3615343 10.86 0.13
2458488.3618816 10.80 0.12
2458488.3620552 10.87 0.13
2458488.3624024 10.86 0.13
2458488.3625760 10.84 0.13
2458488.3627496 10.94 0.14
2458488.3629232 10.73 0.12
2458488.3630968 10.84 0.13
2458488.3632705 10.78 0.12
2458488.3636177 10.91 0.14
2458488.3639649 11.02 0.15
2458488.3643121 10.72 0.12
2458488.3644857 10.68 0.11
2458488.3650066 10.70 0.11
2458488.3651802 10.86 0.13
2458488.3655274 10.78 0.12
2458488.3657010 10.91 0.14
2458488.3658746 10.75 0.12
2458488.3660482 10.85 0.13
2458488.3662219 10.82 0.13
2458488.3663955 10.67 0.11
2458488.3665691 10.95 0.14
2458488.3669163 11.01 0.15
2458488.3676107 11.04 0.15
2458488.3677844 10.89 0.14
2458488.3679580 10.90 0.14
2458488.3681316 10.97 0.14
2458488.3683052 10.74 0.12
2458488.3684788 10.88 0.13
2458488.3686524 10.80 0.12
2458488.3688260 10.87 0.13
2458488.3690010 10.87 0.13
2458488.3691744 10.83 0.13
2458488.3693479 10.87 0.13
2458488.3695213 10.87 0.13
2458488.3705621 10.80 0.13
2458488.3709093 10.84 0.13
2458488.3710830 10.77 0.12
2458488.3712566 10.90 0.14
2458488.3716038 10.74 0.12
2458488.3717774 10.93 0.14
2458488.3721246 10.95 0.14
2458488.3722982 10.82 0.13
2458488.3724718 10.77 0.12
2458488.3726455 10.89 0.14
2458488.3728191 10.89 0.14
2458488.3729927 10.65 0.11
2458488.3731663 10.88 0.14
2458488.3733399 10.80 0.13
2458488.3740343 10.85 0.13
2458493.2519739 10.75 0.11
2458493.2521475 10.77 0.11
2458493.2523211 10.63 0.09
2458493.2524947 11.03 0.14
2458493.2526684 10.94 0.13
2458493.2528420 10.83 0.11
2458493.2530156 10.67 0.10
2458493.2531892 10.85 0.11
2458493.2533628 10.78 0.11
2458493.2535364 10.93 0.12
2458493.2538836 10.93 0.12
2458493.2542320 11.03 0.13
2458493.2545789 10.84 0.11
2458493.2547524 10.87 0.12
2458493.2549258 10.83 0.11
2458493.2550993 10.95 0.12
2458493.2554461 10.91 0.12
2458493.2556198 10.81 0.11
2458493.2557934 11.08 0.14
2458493.2559670 10.79 0.11
2458493.2561406 10.78 0.11
2458493.2564878 10.87 0.11
2458493.2566614 10.86 0.11
2458493.2568350 10.81 0.11
2458493.2570086 10.77 0.11
2458493.2571823 10.74 0.10
2458493.2575295 10.70 0.10
2458493.2577031 10.72 0.10
2458493.2578767 10.71 0.10
2458493.2582239 10.86 0.11
2458493.2585711 10.80 0.11
2458493.2587447 10.68 0.10
2458493.2590920 10.93 0.12
2458493.2592656 10.78 0.11
2458493.2596128 10.84 0.11
2458493.2599600 10.71 0.10
2458493.2601336 10.62 0.09
2458493.2603072 10.71 0.10
2458493.2606545 10.57 0.09
2458493.2608281 11.01 0.13
2458493.2610017 10.77 0.10
2458493.2611753 10.68 0.10
2458493.2613489 11.00 0.13
2458493.2615225 10.82 0.11
2458493.2616961 11.03 0.13
2458493.2618697 10.99 0.13
2458493.2620434 10.76 0.10
2458493.2622170 10.85 0.11
2458493.2623906 10.82 0.11
2458493.2625642 10.97 0.13
2458493.2627378 10.84 0.11
2458493.2629114 11.07 0.14
2458493.2632586 10.70 0.10
2458493.2634323 10.86 0.11
2458493.2637795 10.72 0.10
2458493.2639531 10.79 0.11
2458493.2643003 10.72 0.10
2458493.2644739 10.84 0.11
2458493.2646475 10.83 0.11
2458493.2648211 10.92 0.12
2458493.2649948 10.83 0.11
2458493.2651684 10.81 0.11
2458493.2653420 10.99 0.13
2458493.2655156 10.80 0.11
2458493.2656892 10.97 0.13
2458493.2658628 10.79 0.11
2458493.2660378 10.71 0.10
2458493.2663847 10.66 0.09
2458493.2667316 10.86 0.11
2458493.2669050 10.95 0.12
2458493.2670784 10.97 0.13
2458493.2674253 10.89 0.12
2458493.2675989 10.70 0.10
2458493.2677725 10.83 0.11
2458493.2679461 10.66 0.09
2458493.2681197 10.82 0.11
2458493.2682934 10.80 0.11
2458493.2684670 10.83 0.11
2458493.2686406 10.90 0.12
2458493.2688142 11.05 0.14
2458493.2689878 10.78 0.11
2458493.2691614 10.87 0.11
2458493.2693350 10.83 0.11
2458493.2695086 10.88 0.11
2458493.2696822 10.97 0.13
2458493.2698559 10.89 0.12
2458493.2700295 10.79 0.10
2458493.2702031 10.75 0.10
2458493.2703767 10.85 0.11
2458493.2705503 10.92 0.12
2458493.2707239 10.85 0.11
2458493.2708975 10.88 0.12
2458493.2710711 10.81 0.11
2458493.2712448 10.74 0.10
2458493.2714184 10.82 0.11
2458493.2715920 10.89 0.12
2458493.2719392 10.71 0.10
2458493.2721128 10.69 0.10
2458493.2722864 10.86 0.11
2458493.2726336 10.87 0.12
2458493.2728073 10.83 0.11
2458493.2729809 10.75 0.10
2458493.2733281 10.64 0.09
2458493.2736753 10.98 0.13
2458493.2738489 10.76 0.11
2458493.2740225 10.83 0.11
2458493.2741961 10.90 0.12
2458493.2743697 10.54 0.09
2458493.2750642 10.71 0.10
2458493.2752378 10.70 0.10
2458493.2754114 10.79 0.11
2458493.2755850 10.75 0.10
2458493.2757586 10.84 0.11
2458493.2759322 10.70 0.10
2458493.2761059 10.87 0.11
2458493.2762795 10.81 0.11
2458493.2764531 11.05 0.14
2458493.2766267 10.83 0.11
2458493.2769739 10.87 0.11
2458493.2773211 10.71 0.10
2458493.2776684 10.96 0.12
2458493.2778420 10.80 0.11
2458493.2780169 10.95 0.12
2458493.2783638 10.89 0.12
2458493.2785373 10.78 0.11
2458493.2788841 10.71 0.10
2458493.2790576 10.65 0.09
2458493.2792310 10.78 0.11
2458493.2795781 10.80 0.11
2458493.2799253 10.68 0.10
2458493.2804461 11.00 0.13
2458493.2806198 10.77 0.10
2458493.2807934 10.83 0.11
2458493.2809670 10.77 0.11
2458493.2813142 10.73 0.10
2458493.2818350 10.96 0.12
2458493.2821822 10.98 0.13
2458493.2825295 10.78 0.11
2458493.2827031 10.93 0.12
2458493.2828767 10.98 0.13
2458493.2832239 10.81 0.11
2458493.2835711 10.72 0.10
2458493.2840920 10.80 0.11
2458493.2842656 10.75 0.10
2458493.2844392 10.78 0.11
2458493.2846128 10.59 0.09
2458493.2847864 10.79 0.11
2458493.2851336 11.06 0.14
2458493.2853072 10.82 0.11
2458493.2856545 10.75 0.10
2458493.2860017 10.78 0.11
2458493.2861753 10.76 0.10
2458493.2863489 11.08 0.14
2458493.2865225 10.93 0.12
2458493.2866961 10.98 0.13
2458493.2868698 10.83 0.11
2458493.2870434 10.85 0.11
2458493.2873906 10.60 0.09
2458493.2877378 10.85 0.11
2458493.2879114 10.76 0.10
2458493.2882586 10.93 0.12
2458493.2884323 10.85 0.11
2458493.2886059 10.78 0.11
2458493.2887795 10.84 0.11
2458493.2891267 11.07 0.14
2458493.2898211 10.78 0.11
2458493.2901695 10.82 0.11
2458493.2903429 10.92 0.12
2458493.2905164 10.87 0.11
2458493.2906898 10.77 0.11
2458493.2908633 10.89 0.12
2458493.2912102 10.90 0.12
2458493.2913836 10.81 0.11
2458493.2915572 10.87 0.12
2458493.2917309 10.92 0.12
2458493.2920781 10.97 0.12
2458493.2922517 11.11 0.14
2458493.2924253 10.87 0.11
2458493.2925989 10.95 0.12
2458493.2927725 11.03 0.13
2458493.2929461 10.86 0.11
2458493.2931197 10.89 0.12
2458493.2934670 10.81 0.11
2458493.2936406 10.72 0.10
2458493.2938142 10.85 0.11
2458493.2939878 10.90 0.12
2458493.2941614 10.81 0.11
2458493.2945086 10.79 0.11
2458493.2948559 10.97 0.13
2458493.2950295 11.07 0.14
2458493.2955503 10.99 0.13
2458493.2957239 10.84 0.11
2458493.2958975 10.79 0.11
2458493.2965920 10.82 0.11
2458493.2967656 10.87 0.12
2458493.2969392 10.85 0.11
2458493.2971128 10.78 0.11
2458493.2978072 10.86 0.12
2458493.2979809 10.89 0.12
2458493.2981545 10.88 0.12
2458493.2985017 10.92 0.12
2458493.2990225 10.89 0.12
2458493.2991961 10.78 0.11
2458493.2993697 10.96 0.13
2458493.2995434 10.83 0.11
2458493.2997170 10.92 0.13
2458493.3000642 10.80 0.11
2458493.3002378 10.88 0.12
2458493.3004114 10.83 0.11
2458493.3018931 10.83 0.11
2458493.3023327 10.91 0.12
2458493.3028536 10.92 0.12
2458493.3030272 10.93 0.12
2458493.3032008 11.11 0.14
2458493.3035480 11.04 0.14
2458493.3037216 10.87 0.12
2458493.3038952 10.94 0.12
2458493.3040688 10.88 0.12
2458493.3044161 10.78 0.11
2458493.3045897 11.00 0.13
2458493.3049369 10.92 0.12
2458493.3051105 10.89 0.12
2458493.3052841 10.91 0.12
2458493.3054577 11.02 0.13
2458493.3056313 10.99 0.13
2458493.3058049 10.87 0.12
2458493.3059785 10.77 0.11
2458493.3061522 10.95 0.12
2458493.3063258 10.99 0.13
2458493.3064994 10.88 0.12
2458493.3066730 10.91 0.12
2458493.3070202 10.77 0.10
2458493.3071938 10.91 0.12
2458493.3073674 11.14 0.15
2458493.3075410 10.83 0.11
2458493.3077147 10.94 0.12
2458493.3078883 11.09 0.14
2458493.3080619 10.84 0.11
2458493.3082355 10.89 0.12
2458493.3087563 11.08 0.14
2458493.3089299 10.90 0.12
2458493.3091036 11.04 0.13
2458493.3092772 11.01 0.13
2458493.3094508 11.02 0.13
2458493.3096244 10.70 0.10
2458493.3097980 10.84 0.11
2458493.3099716 11.03 0.13
2458493.3101452 10.93 0.12
2458493.3103188 10.95 0.12
2458493.3104924 10.86 0.11
2458493.3106661 10.90 0.12
2458493.3108397 11.01 0.13
2458493.3110133 11.08 0.14
2458493.3111869 10.86 0.11
2458493.3113605 10.90 0.12
2458493.3115341 10.90 0.12
2458493.3117077 11.03 0.13
2458493.3118813 10.94 0.12
2458493.3122298 11.01 0.13
2458493.3124033 11.05 0.13
2458493.3125767 11.02 0.13
2458493.3127502 10.99 0.13
2458493.3129236 10.87 0.11
2458493.3130971 11.02 0.13
2458493.3134439 11.21 0.15
2458493.3136174 11.19 0.15
2458493.3137910 10.88 0.11
2458493.3139647 10.96 0.12
2458493.3141383 11.00 0.13
2458493.3143119 10.91 0.12
2458493.3146591 10.91 0.12
2458493.3148327 10.99 0.13
2458493.3150063 11.00 0.13
2458493.3151799 11.06 0.13
2458493.3153535 11.01 0.13
2458493.3155272 10.89 0.12
2458493.3158744 10.99 0.13
2458493.3160480 10.95 0.12
2458493.3162216 10.86 0.11
2458493.3163952 11.10 0.14
2458493.3167424 10.91 0.12
2458493.3169161 10.76 0.10
2458493.3170897 10.86 0.11
2458493.3172633 10.92 0.12
2458493.3174369 10.98 0.12
2458493.3176105 11.00 0.13
2458493.3179577 11.00 0.13
2458493.3184786 10.94 0.12
2458493.3186522 11.13 0.14
2458493.3189994 10.82 0.11
2458493.3191730 11.03 0.13
2458493.3193466 10.90 0.12
2458493.3196938 10.82 0.11
2458493.3202147 11.23 0.16
2458493.3203883 10.82 0.11
2458493.3205619 10.88 0.11
2458493.3210827 10.92 0.12
2458493.3212563 10.94 0.12
2458493.3214299 10.97 0.12
2458493.3217772 10.91 0.12
2458493.3221244 11.12 0.14
2458493.3222980 11.08 0.14
2458493.3224716 10.88 0.11
2458493.3226452 10.90 0.12
2458493.3228188 10.94 0.12
2458493.3229924 11.01 0.13
2458493.3235133 10.87 0.11
2458493.3240341 10.98 0.12
2458493.3242090 10.96 0.12
2458493.3243824 10.88 0.11
2458493.3245559 10.76 0.10
2458493.3254231 10.74 0.10
2458493.3255966 11.00 0.13
2458493.3261174 10.93 0.12
2458493.3262911 10.96 0.12
2458493.3264647 10.87 0.11
2458493.3268119 10.71 0.10
2458493.3271591 10.91 0.12
2458493.3273327 11.12 0.14
2458493.3276799 11.06 0.13
2458493.3278536 10.78 0.10
2458493.3280272 10.90 0.12
2458493.3283744 10.92 0.12
2458493.3285480 11.00 0.13
2458493.3287216 10.88 0.11
2458493.3288952 11.12 0.14
2458493.3290688 10.92 0.12
2458493.3294160 10.82 0.11
2458493.3297633 10.77 0.10
2458493.3302841 10.78 0.10
2458493.3304577 11.03 0.13
2458493.3308049 10.98 0.12
2458493.3311522 10.73 0.10
2458493.3314994 10.92 0.12
2458493.3316730 10.90 0.12
2458493.3318466 10.86 0.11
2458493.3320202 11.02 0.13
2458493.3325411 10.94 0.12
2458493.3327147 11.03 0.13
2458493.3328883 11.03 0.13
2458493.3330619 10.97 0.12
2458493.3332355 10.99 0.12
2458493.3335827 10.73 0.10
2458493.3337563 11.00 0.13
2458493.3339299 11.20 0.15
2458493.3341036 10.95 0.12
2458493.3344508 10.99 0.13
2458493.3346244 11.05 0.13
2458493.3347980 10.85 0.11
2458493.3353188 11.05 0.13
2458493.3354924 10.88 0.11
2458493.3356661 11.02 0.13
2458493.3358397 11.00 0.13
2458493.3360133 11.17 0.15
2458493.3361882 11.00 0.13
2458493.3365351 10.91 0.12
2458493.3367085 11.05 0.13
2458493.3368820 11.10 0.14
2458493.3372288 10.95 0.12
2458493.3374023 10.97 0.13
2458493.3375758 11.14 0.15
2458493.3380966 10.82 0.11
2458493.3386174 10.85 0.11
2458493.3387910 11.01 0.13
2458493.3389647 10.92 0.12
2458493.3391383 11.02 0.13
2458493.3393119 11.06 0.13
2458493.3394855 10.95 0.12
2458493.3396591 10.91 0.12
2458493.3398327 10.87 0.11
2458493.3400063 11.06 0.14
2458493.3401799 10.95 0.12
2458493.3403536 11.04 0.13
2458493.3405272 10.92 0.12
2458493.3407008 11.16 0.15
2458493.3408744 11.03 0.13
2458493.3410480 10.92 0.12
2458493.3413952 10.84 0.11
2458493.3415688 11.10 0.14
2458493.3417424 10.97 0.13
2458493.3420897 11.09 0.14
2458493.3422633 10.98 0.13
2458493.3424369 10.89 0.12
2458493.3431313 11.14 0.15
2458493.3433049 11.02 0.13
2458493.3434786 10.94 0.12
2458493.3438258 10.78 0.11
2458493.3439994 11.04 0.13
2458493.3441730 11.04 0.13
2458493.3446938 10.85 0.11
2458493.3448674 11.08 0.14
2458493.3450410 10.90 0.12
2458493.3453883 11.01 0.13
2458493.3457355 11.16 0.15
2458493.3460827 11.01 0.13
2458493.3464299 10.86 0.11
2458493.3466035 10.82 0.11
2458493.3467772 11.00 0.13
2458493.3479924 10.90 0.12
2458493.3481673 10.90 0.12
2458493.3483408 11.15 0.15
2458493.3486876 10.95 0.12
2458493.3490345 10.87 0.12
2458493.3492080 10.84 0.11
2458493.3493814 10.94 0.12
2458493.3495549 10.86 0.11
2458493.3497286 10.79 0.11
2458493.3499022 10.80 0.11
2458493.3502494 10.92 0.12
2458493.3505966 10.92 0.12
2458493.3507702 11.08 0.14
2458493.3511174 10.96 0.12
2458493.3516383 10.91 0.12
2458493.3519855 10.73 0.10
2458493.3521591 10.96 0.13
2458493.3525063 10.88 0.12
2458493.3526799 10.87 0.11
2458493.3528535 10.93 0.12
2458493.3530272 11.09 0.14
2458493.3533744 10.97 0.12
2458493.3537216 11.02 0.13
2458493.3538952 11.10 0.14
2458493.3540688 10.94 0.12
2458493.3544160 11.00 0.13
2458493.3545897 10.82 0.11
2458493.3549369 10.83 0.11
2458493.3551105 11.04 0.13
2458493.3552841 11.07 0.14
2458493.3554577 10.87 0.11
2458493.3556313 10.85 0.11
2458493.3558049 11.09 0.14
2458493.3559786 10.99 0.13
2458493.3561522 10.83 0.11
2458493.3564994 11.04 0.13
2458493.3568466 11.09 0.14
2458493.3571938 11.03 0.13
2458493.3577147 10.99 0.13
2458493.3580619 10.96 0.12
2458493.3582355 11.09 0.14
2458493.3584091 10.94 0.12
2458493.3585827 10.94 0.12
2458493.3587563 10.86 0.11
2458493.3589299 10.85 0.11
2458493.3591036 10.78 0.11
2458493.3594508 10.91 0.12
2458493.3596244 10.93 0.12
2458493.3597980 10.87 0.11
2458493.3599716 11.16 0.15
2458493.3601465 10.93 0.12
2458493.3603199 10.98 0.13
2458493.3606668 11.06 0.14
2458493.3608403 11.02 0.13
2458493.3611871 10.80 0.11
2458493.3613606 10.76 0.10
2458493.3615341 11.01 0.13
2458493.3617077 11.01 0.13
2458493.3618813 10.93 0.12
2458493.3620549 11.08 0.14
2458493.3622285 11.01 0.13
2458493.3624022 10.94 0.12
2458493.3625758 10.85 0.11
2458493.3627494 11.01 0.13
2458493.3629230 10.86 0.11
2458493.3630966 10.93 0.12
2458493.3632702 11.04 0.13
2458493.3634438 10.96 0.13
2458493.3636174 10.64 0.09
2458493.3637911 10.95 0.12
2458493.3639647 11.09 0.14
2458493.3643119 10.76 0.10
2458493.3644855 10.84 0.11
2458493.3646591 10.97 0.13
2458493.3650063 10.92 0.12
2458493.3651799 11.00 0.13
2458493.3653536 10.95 0.12
2458493.3657008 10.93 0.12
2458493.3658744 10.96 0.12
2458493.3660480 10.93 0.12
2458493.3663952 10.91 0.12
2458493.3665688 10.89 0.12
2458493.3667424 10.79 0.11
2458493.3669161 11.00 0.13
2458493.3670897 10.96 0.13
2458493.3672633 11.01 0.13
2458493.3674369 11.06 0.14
2458493.3676105 11.03 0.13
2458493.3677841 10.79 0.11
2458493.3679577 10.86 0.11
2458493.3681313 11.02 0.13
2458493.3683049 10.96 0.13
2458493.3684785 10.82 0.11
2458493.3686522 11.05 0.14
2458493.3689994 10.97 0.13
2458493.3691730 11.17 0.15
2458493.3693466 10.92 0.12
2458493.3695202 10.79 0.11
2458493.3696938 11.00 0.13
2458493.3698674 10.99 0.13
2458493.3700410 10.87 0.11
2458493.3702147 10.97 0.13
2458493.3703883 10.98 0.13
2458493.3705619 10.99 0.13
2458493.3707355 10.94 0.12
2458493.3709091 11.06 0.14
2458493.3710827 10.93 0.12
2458493.3714299 10.83 0.11
2458493.3716036 10.83 0.11
2458493.3717772 10.73 0.10
2458493.3719508 10.94 0.12
2458493.3722991 11.01 0.13
2458493.3724725 11.06 0.14
2458493.3726460 10.81 0.11
2458493.3729928 11.06 0.14
2458493.3731663 10.88 0.12
2458493.3735133 10.99 0.13
2458493.3738605 10.89 0.12
2458493.3742077 10.94 0.12
2458493.3745549 10.97 0.13
2458493.3747286 10.93 0.12
2458493.3749022 10.93 0.12
2458493.3750758 10.77 0.10
2458493.3752494 11.03 0.13
2458493.3754230 10.96 0.12
2458493.3755966 10.81 0.11
2458493.3759438 11.02 0.13
2458493.3761174 10.93 0.12
2458493.3762910 11.14 0.15
2458493.3764647 10.97 0.13
2458493.3766383 10.93 0.12
2458493.3768119 10.85 0.11
2458493.3769855 10.84 0.11
2458493.3771591 10.90 0.12
2458493.3773327 10.98 0.13
2458493.3775063 11.01 0.13
2458493.3778535 10.96 0.13
2458493.3782008 10.92 0.12
2458493.3785480 10.93 0.12
2458493.3787216 10.91 0.12
2458493.3788952 11.09 0.14
2458493.3790688 10.83 0.11
2458493.3792424 10.80 0.11
2458493.3794161 11.02 0.13
2458493.3795897 10.72 0.10
2458493.3802841 10.90 0.12
2458493.3804577 10.93 0.13
2458493.3806313 10.94 0.13
2458493.3808049 10.84 0.12
2458493.3813258 11.11 0.15
2458493.3816730 11.01 0.13
2458493.3818466 10.79 0.11
2458493.3820202 10.93 0.12
2458493.3821938 11.13 0.15
2458493.3823674 11.01 0.13
2458493.3825411 10.88 0.12
2458493.3828883 10.94 0.13
2458493.3832355 10.80 0.11
2458493.3834091 11.14 0.15
2458493.3835827 11.02 0.14
2458493.3839313 10.93 0.13
2458493.3841048 10.99 0.13
2458493.3844517 10.99 0.13
2458493.3846251 10.81 0.11
2458493.3849720 11.18 0.16
2458493.3851454 11.01 0.14
2458493.3853189 10.86 0.12
2458493.3854924 11.03 0.14
2458493.3856660 10.87 0.12
2458493.3858397 10.84 0.12
2458493.3861869 10.75 0.11
2458493.3865341 10.86 0.12
2458493.3868813 11.01 0.14
2458493.3870549 10.99 0.13
2458493.3872286 10.88 0.12
2458493.3874022 10.83 0.12
2458493.3879230 10.80 0.11
2458493.3880966 10.87 0.12
2458493.3882702 10.84 0.12
2458493.3884438 10.87 0.12
2458493.3887911 10.85 0.12
2458493.3889647 10.88 0.12
2458493.3891383 10.95 0.13
2458493.3893119 10.72 0.10
2458493.3896591 11.11 0.15
2458493.3898327 10.96 0.13
2458493.3901799 10.97 0.13
2458493.3903536 10.98 0.13
2458493.3905272 10.83 0.12
2458493.3910480 10.73 0.11
2458493.3913952 10.90 0.12
2458493.3915688 10.98 0.13
2458493.3917424 10.93 0.13
2458493.3919160 11.04 0.14
2458493.3920897 10.84 0.12
2458493.3922633 10.97 0.13
2458493.3924369 10.91 0.12
2458493.3927841 10.87 0.12
2458493.3931313 11.08 0.15
2458493.3933049 10.94 0.13
2458493.3934785 11.00 0.13
2458493.3936522 10.85 0.12
2458493.3938258 10.90 0.12
2458493.3939994 10.89 0.12
2458493.3941730 10.85 0.12
2458493.3943466 11.06 0.14
2458493.3945202 10.78 0.11
2458493.3946938 10.96 0.13
2458493.3948674 10.88 0.12
2458493.3950411 10.85 0.12
2458493.3955619 10.90 0.12
2458493.3957355 11.02 0.14
2458493.3962574 10.97 0.13
2458493.3964308 11.09 0.15
2458493.3971246 10.77 0.11
2458493.3972980 11.01 0.14
2458493.3974716 10.83 0.12
2458493.3976452 11.04 0.14
2458493.3978188 11.04 0.14
2458493.3979924 10.84 0.12
2458493.3981661 10.95 0.13
2458493.3985133 10.98 0.13
2458493.3986869 10.85 0.12
2458493.3988605 10.85 0.12
2458493.3990341 10.95 0.13
2458493.3992077 10.98 0.13
2458493.3993813 10.90 0.13
2458493.3995549 10.99 0.14
2458493.3997285 10.93 0.13
2458493.3999022 10.98 0.13
2458493.4000758 10.78 0.11
2458493.4002494 10.96 0.13
2458493.4004230 10.75 0.11
2458493.4005966 10.92 0.13
2458493.4007702 10.74 0.11
2458493.4009438 10.73 0.11
2458493.4011174 10.73 0.11
2458493.4012910 10.87 0.12
2458493.4014647 10.88 0.12
2458493.4016383 10.90 0.13
2458493.4018119 11.03 0.14
2458493.4019855 10.94 0.13
2458493.4021591 10.81 0.12
2458493.4023327 11.04 0.14
2458493.4025063 10.95 0.13
2458493.4026799 10.94 0.13
2458493.4028536 10.92 0.13
2458493.4030272 11.00 0.14
2458493.4032008 11.03 0.14
2458493.4033744 11.05 0.14
2458493.4035480 10.97 0.13
2458493.4037216 11.05 0.14
2458493.4038952 10.75 0.11
2458493.4040688 10.86 0.12
2458493.4042424 10.93 0.13
2458493.4044161 10.81 0.12
2458493.4045897 11.06 0.15
2458493.4047633 10.84 0.12
2458493.4049369 10.81 0.12
2458493.4052841 10.80 0.12
2458493.4054577 11.01 0.14
2458493.4056313 10.98 0.14
2458493.4058049 11.08 0.15
2458493.4059786 11.06 0.15
2458493.4061522 10.78 0.11
2458493.4068466 10.91 0.13
2458493.4070202 10.91 0.13
2458493.4071938 10.87 0.12
2458493.4073674 10.91 0.13
2458493.4075410 11.01 0.14
2458493.4077147 10.87 0.13
2458493.4078896 10.70 0.11
2458493.4080630 10.79 0.12
2458493.4082365 10.93 0.13
2458493.4084099 10.96 0.14
2458493.4085833 10.95 0.13
2458493.4087568 10.94 0.13
2458493.4089302 10.95 0.13
2458493.4092772 10.83 0.12
2458493.4094508 10.83 0.12
2458493.4097980 10.99 0.14
2458493.4099716 10.96 0.14
2458493.4101452 10.92 0.13
2458493.4103188 10.92 0.13
2458493.4104924 10.71 0.11
2458493.4106661 11.06 0.15
2458493.4108397 10.77 0.11
2458493.4110133 10.83 0.12
2458493.4111869 10.92 0.13
2458493.4113605 10.93 0.13
2458493.4115341 10.92 0.13
2458493.4117077 10.86 0.12
2458493.4118813 10.87 0.13
2458493.4120549 11.04 0.15
2458493.4122286 10.74 0.11
2458493.4124022 10.99 0.14
2458493.4125758 10.99 0.14
2458493.4127494 10.95 0.14
2458493.4129230 11.02 0.14
2458493.4130966 10.96 0.14
2458493.4132702 10.78 0.12
2458493.4134438 10.89 0.13
2458493.4136174 10.80 0.12
2458493.4137911 10.88 0.13
2458493.4139647 11.00 0.14
2458493.4143119 10.89 0.13
2458493.4144855 10.86 0.13
2458493.4146591 10.83 0.12
2458493.4148327 10.86 0.12
2458493.4153535 10.74 0.11
2458493.4155272 10.92 0.13
2458493.4157008 10.84 0.12
2458494.3455156 10.72 0.15
2458494.3456892 10.87 0.17
2458494.3462100 10.70 0.14
2458494.3484670 10.76 0.15
2458494.3489878 10.84 0.16
2458494.3503767 10.85 0.17
2458494.3517656 10.86 0.17
2458495.1401452 10.55 0.14
2458495.1406661 10.62 0.15
2458495.1408397 10.63 0.15
2458495.1444855 10.64 0.15
2458495.1450063 10.59 0.14
2458495.1465688 10.59 0.14
2458495.1476110 10.63 0.15
2458495.1559438 10.69 0.15
2458495.1562911 10.74 0.16
2458495.1620202 10.87 0.18
2458495.1630619 10.59 0.14
2458495.1639299 10.77 0.16
2458495.1641036 10.77 0.16
2458495.1647980 10.69 0.15
2458495.1700063 10.75 0.16
2458495.1712225 10.79 0.16
2458495.1722633 10.82 0.17
2458495.1726105 10.69 0.15
2458495.1727841 10.63 0.14
2458495.1734786 10.66 0.14
2458495.1755619 10.77 0.16
2458495.1776452 10.89 0.18
2458495.1781660 10.85 0.17
2458495.1783397 10.55 0.13
2458495.1795549 10.83 0.17
2458495.1799022 10.92 0.18
2458495.1800758 10.81 0.16
2458495.1826799 10.67 0.14
2458495.1835486 10.73 0.15
2458495.1932702 10.62 0.13
2458495.1977841 10.80 0.15
2458495.1991730 10.72 0.14
2458495.2036869 10.82 0.16
2458495.2059438 10.77 0.15
2458495.2104577 10.79 0.15
2458495.2135827 10.94 0.17
2458495.2154924 10.75 0.14
2458495.2175758 10.77 0.15
2458495.2184438 10.82 0.15
2458495.2203536 10.97 0.18
2458495.2213952 10.69 0.14
2458495.2234785 10.76 0.15
2458495.2238258 10.65 0.13
2458495.2279924 10.79 0.15
2458495.2285133 10.84 0.16
2458495.2286869 10.80 0.15
2458495.2293813 10.71 0.14
2458495.2305966 10.79 0.15
2458495.2332008 10.77 0.14
2458495.2333744 10.80 0.15
2458495.2342424 10.61 0.12
2458495.2359785 10.71 0.14
2458495.2377147 10.69 0.13
2458495.2382355 10.80 0.14
2458495.2392772 10.73 0.14
2458495.2401452 10.76 0.14
2458495.2403188 10.92 0.16
2458495.2408397 10.82 0.15
2458495.2410133 10.90 0.16
2458495.2417077 10.83 0.15
2458495.2420549 10.94 0.16
2458495.2424022 10.96 0.17
2458495.2425758 11.00 0.17
2458495.2427508 10.86 0.15
2458495.2434445 10.84 0.15
2458495.2436180 10.78 0.14
2458495.2437914 10.85 0.15
2458495.2446591 10.78 0.14
2458495.2451799 10.75 0.14
2458495.2453536 10.86 0.15
2458495.2457008 10.76 0.14
2458495.2460480 10.77 0.14
2458495.2470897 10.82 0.15
2458495.2472633 10.79 0.14
2458495.2479577 10.77 0.14
2458495.2484785 10.74 0.14
2458495.2489994 10.77 0.14
2458495.2505619 10.72 0.14
2458495.2507355 10.75 0.14
2458495.2528188 10.93 0.16
2458495.2529924 10.58 0.12
2458495.2540341 10.67 0.13
2458495.2547300 10.75 0.14
2458495.2561175 10.88 0.15
2458495.2573327 10.88 0.15
2458495.2576799 10.84 0.15
2458495.2580272 10.72 0.13
2458495.2585480 10.96 0.16
2458495.2597633 10.66 0.12
2458495.2601105 10.87 0.15
2458495.2602841 10.82 0.14
2458495.2608049 10.94 0.16
2458495.2614994 10.86 0.15
2458495.2618466 10.93 0.16
2458495.2625410 10.90 0.15
2458495.2627147 10.94 0.16
2458495.2632355 10.81 0.14
2458495.2634091 10.93 0.16
2458495.2635827 10.99 0.17
2458495.2641035 10.76 0.14
2458495.2654924 10.88 0.15
2458495.2661869 10.73 0.13
2458495.2670561 10.91 0.16
2458495.2674030 10.72 0.13
2458495.2684438 10.91 0.16
2458495.2687911 10.80 0.14
2458495.2703535 10.71 0.13
2458495.2710480 10.82 0.14
2458495.2724369 10.91 0.15
2458495.2729577 10.85 0.15
2458495.2739994 10.79 0.14
2458495.2743466 10.85 0.15
2458495.2746938 10.86 0.15
2458495.2753883 10.85 0.15
2458495.2757355 10.79 0.14
2458495.2769508 10.84 0.15
2458495.2771244 10.81 0.14
2458495.2772980 10.75 0.13
2458495.2776452 10.77 0.14
2458495.2781660 10.83 0.14
2458495.2785133 10.65 0.12
2458495.2786869 10.79 0.14
2458495.2790353 10.85 0.15
2458495.2792087 10.87 0.15
2458495.2795556 10.96 0.16
2458495.2799025 10.87 0.15
2458495.2802494 10.81 0.14
2458495.2804230 10.83 0.14
2458495.2811174 10.65 0.12
2458495.2812911 10.68 0.12
2458495.2814647 11.06 0.17
2458495.2826799 10.83 0.14
2458495.2830272 10.96 0.16
2458495.2835480 10.86 0.14
2458495.2840688 10.88 0.15
2458495.2844161 10.87 0.15
2458495.2849369 10.75 0.13
2458495.2856313 10.84 0.14
2458495.2858049 10.66 0.12
2458495.2864994 10.77 0.14
2458495.2868466 10.91 0.15
2458495.2870202 10.86 0.15
2458495.2871938 10.70 0.13
2458495.2878883 10.78 0.14
2458495.2885827 10.79 0.14
2458495.2887563 10.75 0.13
2458495.2891036 10.74 0.13
2458495.2892772 10.82 0.14
2458495.2894508 10.91 0.15
2458495.2896244 10.77 0.14
2458495.2899716 10.85 0.15
2458495.2911879 10.92 0.16
2458495.2913614 10.68 0.13
2458495.2925758 10.79 0.14
2458495.2929230 10.73 0.13
2458495.2932702 10.90 0.15
2458495.2934438 10.93 0.16
2458495.2937910 10.51 0.11
2458495.2939647 10.77 0.14
2458495.2943119 10.88 0.15
2458495.2944855 10.70 0.13
2458495.2946591 10.81 0.14
2458495.2948327 10.82 0.14
2458495.2950063 10.84 0.14
2458495.2951799 10.88 0.15
2458495.2957008 10.82 0.14
2458495.2958744 10.90 0.15
2458495.2960480 10.82 0.14
2458495.2967424 10.75 0.13
2458495.2969160 10.73 0.13
2458495.2974369 10.89 0.15
2458495.2976105 10.76 0.13
2458495.2977841 10.88 0.15
2458495.2979577 10.71 0.13
2458495.2983049 10.73 0.13
2458495.2984785 10.83 0.14
2458495.2986522 10.74 0.13
2458495.2988258 11.02 0.16
2458495.2989994 10.89 0.15
2458495.2996938 10.80 0.14
2458495.2998674 10.85 0.14
2458495.3005619 10.73 0.13
2458495.3007355 10.81 0.14
2458495.3009091 10.79 0.14
2458495.3014299 10.91 0.15
2458495.3016035 10.86 0.14
2458495.3017772 10.83 0.14
2458495.3019508 10.72 0.13
2458495.3029937 10.86 0.15
2458495.3031671 10.75 0.13
2458495.3040343 10.92 0.15
2458495.3042078 10.85 0.14
2458495.3045549 10.88 0.15
2458495.3047286 10.85 0.14
2458495.3050758 10.74 0.13
2458495.3052494 10.65 0.12
2458495.3054230 10.97 0.16
2458495.3055966 10.81 0.14
2458495.3059438 10.90 0.15
2458495.3064647 10.81 0.14
2458495.3073327 10.76 0.13
2458495.3078536 10.95 0.16
2458495.3088952 10.75 0.13
2458495.3095897 10.82 0.14
2458495.3099369 10.74 0.13
2458495.3101105 10.84 0.15
2458495.3102841 10.84 0.15
2458495.3106313 10.83 0.14
2458495.3109785 10.83 0.14
2458495.3111522 10.78 0.14
2458495.3121938 10.87 0.15
2458495.3125411 10.77 0.14
2458495.3127147 10.66 0.12
2458495.3128883 10.77 0.14
2458495.3132355 10.65 0.12
2458495.3139299 10.78 0.14
2458495.3144508 10.70 0.13
2458495.3147980 10.83 0.14
2458495.3149729 10.73 0.13
2458495.3151463 10.81 0.14
2458498.1663489 10.72 0.13
2458498.1666972 11.01 0.16
2458498.1668707 10.82 0.14
2458498.1670441 10.93 0.15
2458498.1677379 10.84 0.14
2458498.1686059 10.92 0.15
2458498.1687795 10.78 0.13
2458498.1689531 10.96 0.16
2458498.1691267 10.92 0.15
2458498.1693003 10.66 0.12
2458498.1694739 10.83 0.14
2458498.1699947 10.87 0.14
2458498.1701684 10.84 0.14
2458498.1703420 10.91 0.15
2458498.1705156 10.72 0.12
2458498.1706892 10.92 0.15
2458498.1708628 10.66 0.12
2458498.1713836 10.91 0.14
2458498.1715572 10.68 0.12
2458498.1717309 10.74 0.13
2458498.1719045 11.00 0.16
2458498.1722517 10.86 0.14
2458498.1727725 10.91 0.14
2458498.1731198 10.87 0.14
2458498.1736406 10.94 0.15
2458498.1739878 10.94 0.15
2458498.1741614 10.97 0.15
2458498.1753767 11.09 0.17
2458498.1755503 11.00 0.16
2458498.1758975 11.04 0.16
2458498.1760711 10.86 0.14
2458498.1762447 10.86 0.14
2458498.1765920 10.84 0.13
2458498.1769392 10.94 0.14
2458498.1771128 10.92 0.14
2458498.1772864 10.89 0.14
2458498.1774600 10.96 0.15
2458498.1776336 11.02 0.16
2458498.1779809 10.74 0.12
2458498.1783295 10.76 0.12
2458498.1788498 10.80 0.13
2458498.1795436 10.81 0.13
2458498.1797170 10.88 0.14
2458498.1804114 11.11 0.17
2458498.1805850 10.85 0.13
2458498.1807586 10.86 0.13
2458498.1809323 10.78 0.12
2458498.1814531 10.82 0.13
2458498.1816267 10.71 0.11
2458498.1830156 10.78 0.13
2458498.1831892 10.86 0.13
2458498.1833628 10.80 0.13
2458498.1835364 10.85 0.13
2458498.1837100 10.87 0.13
2458498.1838836 11.03 0.16
2458498.1840572 10.90 0.14
2458498.1842309 10.86 0.13
2458498.1845781 10.98 0.15
2458498.1847517 10.88 0.14
2458498.1849253 10.84 0.13
2458498.1850989 10.80 0.13
2458498.1856197 10.81 0.13
2458498.1861406 11.04 0.16
2458498.1863142 10.97 0.15
2458498.1868350 10.96 0.14
2458498.1870086 10.78 0.12
2458498.1871822 10.87 0.13
2458498.1882974 10.94 0.14
2458498.1885711 11.03 0.15
2458498.1890920 10.97 0.14
2458498.1897864 10.86 0.13
2458498.1901336 10.89 0.13
2458498.1903073 10.80 0.12
2458498.1904809 10.93 0.14
2458498.1906545 11.03 0.15
2458498.1910017 10.96 0.14
2458498.1911753 11.02 0.15
2458498.1913489 11.07 0.16
2458498.1915225 10.86 0.13
2458498.1916961 10.77 0.12
2458498.1929114 10.98 0.14
2458498.1930850 10.94 0.14
2458498.1932586 10.79 0.12
2458498.1934322 10.88 0.13
2458498.1936059 10.76 0.12
2458498.1939531 10.95 0.14
2458498.1941267 10.72 0.11
2458498.1943003 10.90 0.13
2458498.1944739 10.77 0.12
2458498.1951684 10.81 0.12
2458498.1955156 10.86 0.13
2458498.1956892 10.84 0.12
2458498.1958628 10.80 0.12
2458498.1960378 10.68 0.11
2458498.1962112 10.95 0.14
2458498.1963846 10.96 0.14
2458498.1965581 10.89 0.13
2458498.1967315 10.84 0.12
2458498.1969050 10.77 0.12
2458498.1970784 10.82 0.12
2458498.1972519 10.96 0.14
2458498.1975989 10.98 0.14
2458498.1977725 11.09 0.15
2458498.1979461 10.79 0.12
2458498.1981198 10.90 0.13
2458498.1988142 11.09 0.15
2458498.1989878 10.69 0.11
2458498.1991614 10.81 0.12
2458498.1996822 11.07 0.15
2458498.2000295 10.70 0.11
2458498.2005503 10.81 0.12
2458498.2007239 10.76 0.11
2458498.2008975 10.96 0.13
2458498.2010711 10.90 0.13
2458498.2012447 11.03 0.14
2458498.2014184 10.88 0.13
2458498.2015920 10.96 0.14
2458498.2017656 10.82 0.12
2458498.2019392 10.82 0.12
2458498.2021128 10.93 0.13
2458498.2022864 10.82 0.12
2458498.2026336 10.59 0.10
2458498.2029809 10.84 0.12
2458498.2031545 10.95 0.13
2458498.2033281 11.06 0.15
2458498.2035017 10.94 0.13
2458498.2036753 10.91 0.13
2458498.2038489 10.94 0.13
2458498.2040225 11.02 0.14
2458498.2041961 10.95 0.13
2458498.2043698 10.91 0.13
2458498.2047170 10.95 0.13
2458498.2048906 10.79 0.11
2458498.2050642 10.74 0.11
2458498.2052378 10.91 0.13
2458498.2054114 10.87 0.12
2458498.2055850 11.01 0.14
2458498.2059323 10.80 0.12
2458498.2061059 11.12 0.15
2458498.2062795 10.78 0.11
2458498.2064531 10.86 0.12
2458498.2066267 10.82 0.12
2458498.2069739 10.99 0.14
2458498.2071475 10.72 0.11
2458498.2073211 10.97 0.13
2458498.2076684 11.08 0.15
2458498.2078420 10.94 0.13
2458498.2080169 10.89 0.13
2458498.2081904 10.98 0.14
2458498.2083638 10.86 0.12
2458498.2085373 10.78 0.11
2458498.2087107 10.75 0.11
2458498.2088841 10.71 0.11
2458498.2090576 10.80 0.11
2458498.2094045 10.70 0.11
2458498.2095781 10.90 0.13
2458498.2099253 11.07 0.15
2458498.2100989 10.98 0.14
2458498.2102725 10.82 0.12
2458498.2104461 10.84 0.12
2458498.2107934 10.94 0.13
2458498.2109670 10.72 0.11
2458498.2111406 10.94 0.13
2458498.2113142 10.85 0.12
2458498.2114878 10.85 0.12
2458498.2116614 10.76 0.11
2458498.2118350 10.94 0.13
2458498.2120086 10.83 0.12
2458498.2121823 10.95 0.13
2458498.2123559 10.99 0.14
2458498.2125295 10.97 0.13
2458498.2127031 11.05 0.14
2458498.2128767 10.97 0.13
2458498.2130503 10.96 0.13
2458498.2132239 10.99 0.14
2458498.2133975 11.05 0.14
2458498.2135711 10.94 0.13
2458498.2137448 10.79 0.11
2458498.2139184 10.96 0.13
2458498.2140920 10.90 0.13
2458498.2142656 10.92 0.13
2458498.2146128 11.06 0.14
2458498.2147864 10.98 0.13
2458498.2149600 10.87 0.12
2458498.2151336 10.97 0.13
2458498.2153072 10.97 0.13
2458498.2154809 10.91 0.12
2458498.2156545 10.82 0.12
2458498.2158281 10.95 0.13
2458498.2160017 10.89 0.12
2458498.2161753 10.93 0.13
2458498.2163489 10.91 0.13
2458498.2165225 10.86 0.12
2458498.2166961 10.84 0.12
2458498.2168697 10.88 0.12
2458498.2170434 11.05 0.14
2458498.2172170 10.81 0.11
2458498.2173906 11.01 0.14
2458498.2175642 10.93 0.13
2458498.2177378 10.91 0.13
2458498.2179114 11.04 0.14
2458498.2180850 10.93 0.13
2458498.2182586 10.92 0.13
2458498.2184322 11.03 0.14
2458498.2186059 10.79 0.11
2458498.2187795 10.98 0.13
2458498.2189531 10.96 0.13
2458498.2191267 10.81 0.12
2458498.2193003 10.82 0.11
2458498.2194739 10.88 0.12
2458498.2198225 10.82 0.11
2458498.2199960 10.80 0.11
2458498.2201694 10.95 0.13
2458498.2205163 10.79 0.11
2458498.2206898 10.97 0.13
2458498.2208632 10.85 0.12
2458498.2210366 10.93 0.13
2458498.2212101 10.98 0.13
2458498.2213836 10.77 0.11
2458498.2215573 10.89 0.12
2458498.2217309 10.86 0.12
2458498.2219045 10.76 0.11
2458498.2220781 10.81 0.11
2458498.2222517 10.99 0.14
2458498.2224253 11.05 0.15
2458498.2225989 10.84 0.12
2458498.2227725 10.96 0.13
2458498.2229461 10.89 0.12
2458498.2231197 10.86 0.12
2458498.2234670 10.83 0.12
2458498.2238142 10.87 0.12
2458498.2239878 10.78 0.11
2458498.2241614 10.91 0.12
2458498.2243350 10.94 0.12
2458498.2245086 11.02 0.13
2458498.2246822 10.85 0.11
2458498.2248559 10.91 0.12
2458498.2250295 10.87 0.12
2458498.2252031 10.94 0.12
2458498.2253767 10.95 0.13
2458498.2257239 10.87 0.12
2458498.2258975 10.80 0.11
2458498.2260711 10.83 0.11
2458498.2262447 10.91 0.12
2458498.2264184 10.80 0.11
2458498.2265920 10.96 0.13
2458498.2267656 11.05 0.14
2458498.2269392 10.88 0.12
2458498.2271128 10.81 0.11
2458498.2272864 10.78 0.11
2458498.2274600 10.89 0.12
2458498.2276336 10.94 0.13
2458498.2279809 10.96 0.13
2458498.2281545 10.99 0.13
2458498.2283281 10.80 0.11
2458498.2285017 10.81 0.11
2458498.2288489 10.88 0.12
2458498.2290225 10.83 0.12
2458498.2291961 10.72 0.10
2458498.2293698 10.90 0.12
2458498.2295434 10.91 0.12
2458498.2297170 10.94 0.13
2458498.2298906 10.79 0.11
2458498.2300642 10.91 0.13
2458498.2302378 11.04 0.14
2458498.2304114 10.95 0.13
2458498.2305850 11.00 0.14
2458498.2307586 10.92 0.13
2458498.2309322 11.01 0.14
2458498.2311059 10.74 0.11
2458498.2312795 10.98 0.13
2458498.2314531 11.06 0.14
2458498.2316267 11.01 0.14
2458498.2318016 10.91 0.13
2458498.2319750 10.88 0.12
2458498.2321485 10.85 0.12
2458498.2323219 10.93 0.13
2458498.2324954 10.69 0.10
2458498.2326688 10.94 0.13
2458498.2328422 10.89 0.12
2458498.2330157 10.86 0.12
2458498.2331892 10.90 0.13
2458498.2333628 11.11 0.15
2458498.2335364 10.87 0.12
2458498.2337100 10.76 0.11
2458498.2338836 10.86 0.12
2458498.2340572 10.94 0.13
2458498.2342309 10.96 0.13
2458498.2344045 11.04 0.14
2458498.2345781 10.86 0.12
2458498.2347517 10.76 0.11
2458498.2349253 10.92 0.13
2458498.2352725 10.79 0.11
2458498.2356198 10.86 0.12
2458498.2357934 10.82 0.12
2458498.2359670 10.91 0.13
2458498.2361406 10.71 0.11
2458498.2363142 10.79 0.11
2458498.2364878 10.94 0.13
2458498.2366614 10.92 0.13
2458498.2370086 10.95 0.13
2458498.2371823 10.75 0.11
2458498.2373559 10.86 0.12
2458498.2375295 10.71 0.11
2458498.2377031 10.66 0.10
2458498.2378767 10.88 0.13
2458498.2380503 10.95 0.13
2458498.2382239 10.81 0.12
2458498.2383975 11.03 0.14
2458498.2385711 10.85 0.12
2458498.2387447 10.79 0.12
2458498.2389184 10.73 0.11
2458498.2394392 10.84 0.12
2458498.2397864 10.70 0.11
2458498.2399600 10.65 0.10
2458498.2403072 10.89 0.13
2458498.2404809 10.99 0.14
2458498.2406545 10.84 0.12
2458498.2408281 10.80 0.12
2458498.2413489 10.93 0.13
2458498.2415225 10.74 0.11
2458498.2416961 10.80 0.12
2458498.2418697 10.84 0.12
2458498.2420434 10.96 0.14
2458498.2422170 10.74 0.11
2458498.2423906 10.83 0.12
2458498.2425642 10.84 0.12
2458498.2427378 10.88 0.13
2458498.2429114 10.73 0.11
2458498.2430850 10.85 0.12
2458498.2432586 10.91 0.13
2458498.2434323 10.94 0.13
2458498.2436073 10.86 0.12
2458498.2437807 10.78 0.12
2458498.2439541 10.85 0.12
2458498.2441276 10.77 0.11
2458498.2444745 11.04 0.15
2458498.2446479 10.87 0.13
2458498.2448214 10.94 0.13
2458498.2449948 11.01 0.14
2458498.2451684 10.99 0.14
2458498.2453420 10.93 0.13
2458498.2455156 10.69 0.11
2458498.2456892 10.93 0.13
2458498.2458628 10.95 0.14
2458498.2460364 10.74 0.11
2458498.2462100 10.97 0.14
2458498.2463836 10.76 0.11
2458498.2465572 10.96 0.14
2458498.2467309 10.68 0.11
2458498.2469045 10.97 0.14
2458498.2470781 10.91 0.13
2458498.2472517 10.78 0.12
2458498.2474253 10.71 0.11
2458498.2475989 10.97 0.14
2458498.2477725 10.71 0.11
2458498.2479461 10.80 0.12
2458498.2481197 10.73 0.11
2458498.2482934 10.70 0.11
2458498.2484670 11.05 0.15
2458498.2486406 10.80 0.12
2458498.2488142 10.78 0.12
2458498.2489878 10.91 0.13
2458498.2493350 10.98 0.14
2458498.2496822 10.89 0.13
2458498.2503767 10.99 0.14
2458498.2507239 10.92 0.13
2458498.2508975 10.86 0.13
2458498.2510711 10.91 0.13
2458498.2512448 10.83 0.13
2458498.2514184 10.85 0.13
2458498.2515920 10.79 0.12
2458498.2519392 10.83 0.13
2458498.2522864 11.00 0.14
2458498.2524600 10.90 0.13
2458498.2526336 11.04 0.15
2458498.2528073 10.97 0.14
2458498.2529809 10.96 0.14
2458498.2531545 10.86 0.13
2458498.2535017 10.86 0.13
2458498.2541961 10.71 0.11
2458498.2543697 10.88 0.13
2458498.2547170 10.73 0.11
2458498.2548906 10.89 0.13
2458498.2550642 10.85 0.13
2458498.2557598 11.01 0.15
2458498.2561066 10.90 0.13
2458498.2568004 10.82 0.12
2458498.2569739 11.01 0.15
2458498.2571475 10.95 0.14
2458498.2574947 10.92 0.13
2458498.2576684 11.00 0.15
2458498.2578420 11.01 0.15
2458498.2581892 10.74 0.12
2458498.2585364 10.92 0.14
2458498.2587100 10.81 0.13
2458498.2588836 10.60 0.10
2458498.2590573 10.80 0.12
2458498.2592309 10.81 0.12
2458498.2594045 10.94 0.14
2458498.2595781 10.96 0.14
2458498.2597517 10.87 0.13
2458498.2599253 11.09 0.16
2458498.2600989 10.82 0.13
2458498.2602725 10.97 0.14
2458498.2607934 11.15 0.17
2458498.2609670 11.07 0.16
2458498.2611406 11.06 0.15
2458498.2613142 10.99 0.14
2458498.2614878 10.83 0.12
2458498.2616614 10.98 0.14
2458498.2618350 11.09 0.16
2458498.2621822 11.02 0.15
2458498.2623559 10.87 0.13
2458498.2625295 10.97 0.14
2458498.2627031 11.02 0.12
2458498.2628767 10.78 0.10
2458498.2630503 10.90 0.11
2458498.2632239 11.06 0.12
2458498.2633975 10.84 0.10
2458498.2635711 10.96 0.11
2458498.2640920 10.95 0.12
2458498.2644392 10.79 0.10
2458498.2646128 10.80 0.10
2458498.2647864 11.01 0.12
2458498.2651336 11.04 0.13
2458498.2654809 11.08 0.13
2458498.2656545 10.96 0.12
2458498.2658281 10.84 0.11
2458498.2660017 10.91 0.11
2458498.2663489 10.87 0.11
2458498.2666961 10.77 0.10
2458498.2670434 10.94 0.11
2458498.2675655 10.70 0.09
2458498.2679124 10.78 0.10
2458498.2682593 10.77 0.10
2458498.2684327 11.00 0.12
2458498.2687796 10.87 0.11
2458498.2689531 10.76 0.10
2458498.2691267 10.86 0.10
2458498.2693003 10.79 0.10
2458498.2694739 10.86 0.10
2458498.2699947 10.81 0.10
2458498.2703420 10.70 0.09
2458498.2705156 10.77 0.10
2458498.2706892 10.98 0.12
2458498.2710364 10.81 0.10
2458498.2715572 10.85 0.10
2458498.2717309 10.89 0.11
2458498.2719045 10.84 0.10
2458498.2720781 10.82 0.10
2458498.2722517 10.90 0.11
2458498.2724253 10.83 0.10
2458498.2725989 10.91 0.11
2458498.2727725 10.80 0.10
2458498.2729461 11.07 0.13
2458498.2731197 10.98 0.12
2458498.2732934 10.81 0.10
2458498.2734670 10.99 0.12
2458498.2736406 10.90 0.11
2458498.2738142 10.87 0.10
2458498.2739878 11.08 0.13
2458498.2741614 10.95 0.11
2458498.2745086 11.04 0.12
2458498.2750295 11.06 0.12
2458498.2752031 10.88 0.10
2458498.2753767 11.16 0.14
2458498.2758975 11.02 0.12
2458498.2765920 10.71 0.09
2458498.2767656 10.82 0.10
2458498.2769392 10.87 0.11
2458498.2774600 10.78 0.10
2458498.2776336 10.88 0.11
2458498.2781545 10.91 0.11
2458498.2783281 10.90 0.11
2458498.2785017 10.84 0.10
2458498.2786753 10.92 0.11
2458498.2788489 10.74 0.09
2458498.2790225 10.99 0.12
2458498.2791961 10.90 0.11
2458498.2795448 10.76 0.09
2458498.2797182 11.11 0.13
2458498.2798916 10.74 0.09
2458498.2800651 10.96 0.11
2458498.2804120 10.81 0.10
2458498.2805854 10.78 0.10
2458498.2807589 10.95 0.12
2458498.2812795 10.70 0.09
2458498.2814531 10.72 0.09
2458498.2819739 10.76 0.10
2458498.2821475 10.72 0.09
2458498.2823211 11.15 0.14
2458498.2830156 10.75 0.10
2458498.2833628 10.93 0.11
2458498.2835364 11.04 0.13
2458498.2838836 10.91 0.11
2458498.2840573 10.97 0.12
2458498.2845781 10.97 0.12
2458498.2849253 10.90 0.11
2458498.2854461 10.85 0.10
2458498.2856197 10.76 0.10
2458498.2857934 10.90 0.11
2458498.2859670 10.81 0.10
2458498.2866614 10.77 0.10
2458498.2868350 10.95 0.12
2458498.2870086 10.81 0.10
2458498.2871822 10.95 0.12
2458498.2873559 11.10 0.13
2458498.2875295 10.61 0.09
2458498.2877031 10.78 0.10
2458498.2878767 10.70 0.09
2458498.2880503 10.80 0.10
2458498.2882239 11.04 0.12
2458498.2883975 11.03 0.13
2458498.2885711 10.67 0.09
2458498.2887447 10.95 0.12
2458498.2889184 10.92 0.11
2458498.2890920 10.73 0.09
2458498.2892656 10.99 0.12
2458498.2894392 11.03 0.12
2458498.2897864 10.93 0.11
2458498.2899600 10.95 0.12
2458498.2901336 10.83 0.11
2458498.2903073 10.72 0.09
2458498.2904809 10.94 0.11
2458498.2906545 10.82 0.10
2458498.2908281 10.89 0.11
2458498.2910017 10.76 0.10
2458498.2911753 10.97 0.12
2458498.2913489 10.84 0.10
2458498.2915239 10.88 0.11
2458498.2916974 10.69 0.09
2458498.2918708 10.86 0.11
2458498.2922177 10.80 0.10
2458498.2923912 10.83 0.11
2458498.2925646 10.85 0.11
2458498.2929115 10.98 0.12
2458498.2930850 10.75 0.10
2458498.2932586 10.77 0.10
2458498.2934322 10.79 0.10
2458498.2936059 10.99 0.12
2458498.2937795 10.87 0.11
2458498.2939531 11.05 0.13
2458498.2941267 11.17 0.14
2458498.2943003 10.98 0.12
2458498.2944739 10.93 0.13
2458498.2946475 10.88 0.12
2458498.2948211 10.79 0.11
2458498.2949947 10.87 0.11
2458498.2951684 11.17 0.14
2458498.2953420 11.12 0.14
2458498.2955156 10.80 0.10
2458498.2956892 11.07 0.13
2458498.2958628 10.79 0.10
2458498.2960364 10.73 0.10
2458498.2962100 11.03 0.13
2458498.2963836 10.89 0.11
2458498.2965572 10.96 0.12
2458498.2967309 10.84 0.11
2458498.2969045 10.79 0.10
2458498.2970781 10.74 0.10
2458498.2972517 10.91 0.11
2458498.2974253 10.80 0.10
2458498.2975989 10.95 0.12
2458498.2977725 10.92 0.11
2458498.2979461 10.97 0.12
2458498.2984670 10.94 0.12
2458498.2988142 10.71 0.09
2458498.2989878 10.88 0.11
2458498.2991614 10.99 0.12
2458498.2993350 10.87 0.11
2458498.2996823 10.78 0.10
2458498.2998559 10.90 0.11
2458498.3000295 10.74 0.10
2458498.3002031 11.07 0.13
2458498.3003767 10.80 0.10
2458498.3007239 10.75 0.10
2458498.3008975 10.89 0.11
2458498.3010711 10.91 0.11
2458498.3012447 10.83 0.11
2458498.3014184 10.83 0.11
2458498.3017656 10.82 0.11
2458498.3021128 11.03 0.13
2458498.3024600 10.73 0.10
2458498.3028072 11.01 0.12
2458498.3029809 10.80 0.10
2458498.3031545 10.86 0.11
2458498.3033281 10.84 0.11
2458498.3035017 10.88 0.11
2458498.3036766 10.84 0.10
2458498.3048907 11.02 0.12
2458498.3052378 10.96 0.12
2458498.3057586 10.85 0.11
2458498.3061059 10.75 0.10
2458498.3062795 10.71 0.09
2458498.3068003 10.89 0.11
2458498.3069739 11.03 0.13
2458498.3071475 11.06 0.13
2458498.3073211 10.78 0.10
2458498.3078420 10.83 0.11
2458498.3080156 11.01 0.13
2458498.3081892 10.93 0.12
2458498.3083628 10.81 0.10
2458498.3085364 10.82 0.10
2458498.3087100 10.91 0.11
2458498.3088836 10.83 0.11
2458498.3090572 10.84 0.11
2458498.3092309 10.96 0.12
2458498.3094045 10.79 0.10
2458498.3095781 10.86 0.11
2458498.3099253 10.92 0.12
2458498.3100989 10.94 0.12
2458498.3102725 11.03 0.13
2458498.3104461 10.93 0.12
2458498.3106197 11.04 0.13
2458498.3109670 11.05 0.13
2458498.3113142 11.00 0.12
2458498.3118350 10.96 0.12
2458498.3120086 10.84 0.11
2458498.3123559 11.01 0.13
2458498.3125295 11.00 0.13
2458498.3127031 10.77 0.10
2458498.3128767 10.78 0.10
2458498.3132239 10.86 0.11
2458498.3133975 10.95 0.12
2458498.3135711 10.84 0.11
2458498.3137448 10.88 0.11
2458498.3142656 10.95 0.12
2458498.3144392 11.01 0.13
2458498.3146128 10.70 0.09
2458498.3147864 11.15 0.14
2458498.3149600 11.07 0.13
2458498.3151336 10.86 0.11
2458498.3154809 10.78 0.10
2458498.3158292 10.82 0.11
2458498.3160027 10.87 0.11
2458498.3161761 10.91 0.12
2458498.3165230 11.08 0.14
2458498.3166965 10.70 0.10
2458498.3168699 10.98 0.13
2458498.3173906 10.78 0.10
2458498.3175642 10.95 0.12
2458498.3179114 10.86 0.11
2458498.3180850 10.88 0.11
2458500.2345549 10.73 0.13
2458500.2382008 10.96 0.16
2458500.2390688 10.80 0.14
2458500.2392424 10.81 0.14
2458500.2394161 10.83 0.14
2458500.2401105 10.59 0.11
2458500.2402841 10.76 0.13
2458500.2404577 10.80 0.14
2458500.2406313 10.93 0.15
2458500.2411522 10.84 0.14
2458500.2413258 10.82 0.14
2458500.2414994 10.83 0.14
2458500.2427147 10.81 0.14
2458500.2430619 10.90 0.15
2458500.2432355 10.91 0.15
2458500.2434091 10.95 0.15
2458500.2435827 10.90 0.15
2458500.2439299 10.84 0.14
2458500.2444520 10.86 0.14
2458500.2447989 10.89 0.14
2458500.2449724 11.00 0.16
2458500.2453193 10.79 0.13
2458500.2454927 10.71 0.12
2458500.2460133 10.91 0.15
2458500.2461869 10.74 0.12
2458500.2467077 10.73 0.12
2458500.2474022 10.62 0.11
2458500.2475758 10.96 0.15
2458500.2477494 10.99 0.15
2458500.2479230 10.92 0.15
2458500.2480966 10.84 0.13
2458500.2491383 10.84 0.13
2458500.2494855 10.91 0.14
2458500.2496591 10.86 0.14
2458500.2498327 10.97 0.15
2458500.2505272 10.90 0.14
2458500.2507008 10.71 0.12
2458500.2508744 10.85 0.14
2458500.2510480 10.98 0.15
2458500.2512216 10.95 0.15
2458500.2517424 10.97 0.15
2458500.2522633 10.77 0.13
2458500.2524369 10.90 0.14
2458500.2526105 10.83 0.13
2458500.2529577 10.70 0.12
2458500.2534786 10.85 0.14
2458500.2538258 10.83 0.13
2458500.2545202 10.91 0.14
2458500.2550411 10.66 0.11
2458500.2552147 10.72 0.12
2458500.2553883 10.77 0.13
2458500.2559091 10.71 0.12
2458500.2567781 10.77 0.12
2458500.2569515 10.80 0.13
2458500.2571250 10.89 0.14
2458500.2574719 10.79 0.13
2458500.2576453 10.78 0.13
2458500.2578188 10.81 0.13
2458500.2579924 10.93 0.15
2458500.2581660 10.86 0.14
2458500.2583397 11.01 0.16
2458500.2585133 10.88 0.14
2458500.2586869 10.94 0.15
2458500.2593813 10.89 0.14
2458500.2595549 10.86 0.13
2458500.2597285 10.91 0.14
2458500.2599022 10.75 0.12
2458500.2602494 10.95 0.14
2458500.2604230 10.97 0.15
2458500.2605966 11.11 0.17
2458500.2607702 10.92 0.14
2458500.2609438 10.82 0.13
2458500.2611174 10.84 0.13
2458500.2612911 10.93 0.14
2458500.2614647 10.76 0.12
2458500.2616383 10.90 0.14
2458500.2618119 10.98 0.15
2458500.2621591 10.93 0.14
2458500.2623327 10.77 0.12
2458500.2625063 10.94 0.14
2458500.2626799 10.75 0.12
2458500.2628535 10.97 0.15
2458500.2630272 10.87 0.13
2458500.2635480 10.94 0.14
2458500.2637216 10.84 0.13
2458500.2638952 10.80 0.12
2458500.2640688 10.85 0.13
2458500.2642424 10.87 0.13
2458500.2644160 10.92 0.14
2458500.2645897 10.89 0.13
2458500.2647633 10.76 0.12
2458500.2649369 10.94 0.14
2458500.2651105 10.58 0.10
2458500.2654577 10.70 0.11
2458500.2656313 10.95 0.14
2458500.2658049 10.86 0.13
2458500.2659785 10.86 0.13
2458500.2661522 10.77 0.12
2458500.2663258 10.94 0.14
2458500.2664994 10.93 0.14
2458500.2666730 10.79 0.12
2458500.2668466 10.93 0.14
2458500.2670202 10.84 0.13
2458500.2671938 10.81 0.12
2458500.2675410 10.82 0.12
2458500.2677147 10.88 0.13
2458500.2680619 10.91 0.13
2458500.2682355 10.83 0.12
2458500.2684104 10.84 0.13
2458500.2685839 10.84 0.13
2458500.2687573 10.85 0.13
2458500.2696245 10.94 0.14
2458500.2697980 10.78 0.12
2458500.2699716 10.75 0.12
2458500.2704924 10.87 0.13
2458500.2708397 10.90 0.13
2458500.2710133 10.87 0.13
2458500.2711869 10.89 0.13
2458500.2713605 10.85 0.13
2458500.2720549 10.84 0.13
2458500.2722285 10.81 0.12
2458500.2724022 10.95 0.14
2458500.2727494 10.69 0.11
2458500.2730966 10.90 0.13
2458500.2732702 10.81 0.12
2458500.2736174 10.96 0.14
2458500.2737910 10.93 0.14
2458500.2741383 11.02 0.15
2458500.2744855 10.89 0.14
2458500.2746591 11.07 0.16
2458500.2751799 10.98 0.14
2458500.2753535 10.96 0.14
2458500.2758744 10.74 0.12
2458500.2760480 10.94 0.14
2458500.2763952 10.68 0.11
2458500.2765688 11.00 0.15
2458500.2767424 10.88 0.13
2458500.2770897 10.86 0.13
2458500.2772633 11.02 0.15
2458500.2774369 10.99 0.15
2458500.2776105 10.75 0.12
2458500.2779577 10.96 0.14
2458500.2781313 10.76 0.12
2458500.2784786 11.01 0.15
2458500.2786522 10.93 0.14
2458500.2788258 10.90 0.14
2458500.2789994 11.01 0.15
2458500.2791730 10.80 0.12
2458500.2793466 11.09 0.16
2458500.2796938 11.04 0.15
2458500.2800410 10.95 0.14
2458500.2803896 10.85 0.13
2458500.2805631 10.62 0.10
2458500.2807365 11.03 0.15
2458500.2810834 10.87 0.13
2458500.2814303 10.80 0.12
2458500.2816037 10.80 0.12
2458500.2821244 10.84 0.13
2458500.2822980 10.88 0.13
2458500.2824716 11.06 0.15
2458500.2826452 10.95 0.14
2458500.2828188 10.99 0.14
2458500.2829924 10.97 0.14
2458500.2831660 10.88 0.13
2458500.2833397 11.00 0.14
2458500.2835133 10.89 0.13
2458500.2836869 10.84 0.13
2458500.2838605 10.93 0.13
2458500.2840341 10.89 0.13
2458500.2843813 10.93 0.14
2458500.2845549 10.85 0.13
2458500.2849022 10.88 0.13
2458500.2850758 10.90 0.13
2458500.2852494 10.80 0.12
2458500.2854230 10.99 0.14
2458500.2855966 10.86 0.13
2458500.2857702 10.79 0.12
2458500.2859438 10.81 0.12
2458500.2861174 10.86 0.13
2458500.2862911 11.07 0.15
2458500.2866383 11.09 0.16
2458500.2868119 10.83 0.12
2458500.2871591 10.96 0.14
2458500.2878535 10.85 0.13
2458500.2880272 10.72 0.11
2458500.2882008 10.84 0.13
2458500.2883744 10.69 0.11
2458500.2887216 11.01 0.15
2458500.2888952 10.95 0.14
2458500.2892424 10.66 0.10
2458500.2894160 10.94 0.13
2458500.2899369 10.86 0.13
2458500.2901105 10.70 0.11
2458500.2902841 11.01 0.14
2458500.2904577 10.91 0.13
2458500.2909785 10.94 0.13
2458500.2911522 10.82 0.12
2458500.2913258 10.62 0.10
2458500.2914994 10.78 0.11
2458500.2916730 10.96 0.13
2458500.2918466 10.81 0.12
2458500.2920202 10.80 0.12
2458500.2921938 10.97 0.13
2458500.2923688 10.99 0.14
2458500.2925423 10.78 0.11
2458500.2927157 10.87 0.12
2458500.2928892 10.91 0.13
2458500.2932360 10.94 0.13
2458500.2934095 10.87 0.12