2458467.3670250 10.99 0.14
2458467.3684139 10.96 0.14
2458467.3685875 11.01 0.15
2458467.3698028 10.81 0.12
2458467.3701500 11.04 0.15
2458467.3704972 11.17 0.17
2458467.3710181 10.99 0.14
2458467.3718861 10.90 0.13
2458467.3720598 10.88 0.13
2458467.3732750 10.96 0.14
2458467.3741431 11.13 0.17
2458467.3755332 11.03 0.15
2458467.3762270 10.99 0.15
2458467.3767473 11.09 0.16
2458467.3774417 11.09 0.16
2458467.3777889 11.00 0.15
2458467.3784834 11.05 0.15
2458467.3798723 10.79 0.12
2458467.3807403 10.84 0.13
2458467.3809139 11.10 0.16
2458467.3814348 10.90 0.14
2458467.3816084 10.97 0.14
2458467.3824764 11.02 0.15
2458467.3826500 11.01 0.15
2458467.3828236 10.92 0.14
2458467.3829973 11.07 0.16
2458467.3842125 11.09 0.16
2458467.3850806 10.86 0.13
2458467.3854278 10.89 0.13
2458467.3868167 10.86 0.13
2458467.3875123 10.95 0.14
2458467.3878592 10.95 0.14
2458467.3883795 10.66 0.11
2458467.3885530 10.97 0.15
2458467.3887264 11.00 0.15
2458467.3889000 10.87 0.13
2458467.3899417 10.65 0.11
2458467.3902889 11.00 0.15
2458467.3906361 11.13 0.17
2458467.3908098 10.99 0.15
2458467.3928931 11.02 0.15
2458467.3930667 10.96 0.14
2458467.3932403 11.03 0.15
2458467.3944556 10.80 0.13
2458467.3948028 11.07 0.16
2458467.3949764 10.69 0.11
2458467.3951500 10.89 0.13
2458467.3954973 11.00 0.15
2458467.3956709 10.85 0.13
2458467.3965389 11.00 0.15
2458467.3967125 11.00 0.15
2458467.3970598 10.86 0.13
2458467.3974070 11.04 0.15
2458467.3979278 11.00 0.15
2458467.3981014 11.08 0.16
2458467.3982750 11.10 0.16
2458467.3984486 10.95 0.14
2458467.3986223 11.00 0.15
2458467.3991431 10.89 0.13
2458467.3994914 11.07 0.16
2458467.3996649 11.21 0.18
2458467.4003586 11.00 0.15
2458467.4007056 11.10 0.16
2458467.4008792 11.04 0.16
2458467.4014000 10.96 0.15
2458467.4017472 11.02 0.15
2458467.4022681 11.00 0.15
2458467.4024417 10.95 0.14
2458467.4029625 10.87 0.13
2458467.4033098 10.84 0.13
2458467.4040042 10.99 0.15
2458467.4055667 10.96 0.14
2458467.4057403 10.95 0.14
2458467.4059139 11.09 0.16
2458467.4062611 10.97 0.15
2458467.4074764 11.06 0.16
2458467.4081709 11.11 0.17
2458467.4083445 11.09 0.17
2458467.4106014 10.96 0.15
2458467.4107750 10.91 0.14
2458467.4111236 10.90 0.14
2458467.4112971 10.98 0.15
2458467.4123377 10.97 0.15
2458467.4125112 10.90 0.14
2458467.4142473 10.99 0.15
2458467.4147681 10.73 0.12
2458467.4149417 10.88 0.14
2458467.4163306 10.94 0.14
2458467.4170250 10.95 0.15
2458467.4178931 10.89 0.14
2458467.4185875 10.83 0.13
2458467.4187611 10.96 0.15
2458467.4189348 10.84 0.14
2458467.4204973 10.99 0.16
2458467.4206709 10.89 0.14
2458469.3667865 11.06 0.11
2458469.3670135 11.16 0.12
2458469.3671871 11.25 0.13
2458469.3673607 11.15 0.12
2458469.3675343 11.05 0.11
2458469.3677079 11.08 0.11
2458469.3678815 11.00 0.11
2458469.3680551 11.12 0.12
2458469.3682287 11.27 0.14
2458469.3684023 10.95 0.10
2458469.3685760 11.25 0.13
2458469.3687496 11.08 0.11
2458469.3689232 11.02 0.11
2458469.3690968 11.10 0.12
2458469.3692704 11.09 0.12
2458469.3694440 11.09 0.12
2458469.3696176 11.07 0.11
2458469.3697912 11.05 0.11
2458469.3699648 11.22 0.13
2458469.3701384 11.31 0.14
2458469.3703121 10.97 0.10
2458469.3704857 11.01 0.11
2458469.3706593 11.27 0.14
2458469.3708329 11.11 0.12
2458469.3710065 11.03 0.11
2458469.3711801 11.18 0.13
2458469.3713537 11.10 0.12
2458469.3715273 11.19 0.13
2458469.3717009 11.03 0.11
2458469.3718746 11.08 0.11
2458469.3720482 11.08 0.11
2458469.3722218 11.35 0.15
2458469.3723954 11.16 0.12
2458469.3725690 11.19 0.13
2458469.3727426 11.05 0.11
2458469.3729162 11.02 0.11
2458469.3730898 11.04 0.11
2458469.3732635 11.10 0.12
2458469.3734371 10.97 0.10
2458469.3736107 11.10 0.12
2458469.3737843 11.17 0.13
2458469.3739579 11.19 0.13
2458469.3741315 10.91 0.10
2458469.3743051 11.16 0.12
2458469.3744787 11.11 0.12
2458469.3746524 11.08 0.11
2458469.3748260 11.06 0.11
2458469.3749996 11.13 0.12
2458469.3751732 11.06 0.11
2458469.3753468 11.11 0.12
2458469.3755204 11.21 0.13
2458469.3756940 11.04 0.11
2458469.3758676 11.02 0.11
2458469.3760425 11.03 0.11
2458469.3762159 10.85 0.09
2458469.3763894 11.21 0.13
2458469.3765628 11.22 0.13
2458469.3767363 11.10 0.12
2458469.3769097 11.13 0.12
2458469.3770832 11.03 0.11
2458469.3772566 11.19 0.13
2458469.3774301 11.15 0.12
2458469.3776037 10.91 0.10
2458469.3777773 11.03 0.11
2458469.3782982 11.10 0.12
2458469.3784718 11.08 0.11
2458469.3786454 11.18 0.12
2458488.3049371 11.03 0.14
2458488.3073677 11.01 0.14
2458488.3084093 10.99 0.14
2458488.3085830 10.90 0.13
2458488.3087566 11.10 0.15
2458488.3091038 11.17 0.16
2458488.3094522 10.92 0.13
2458488.3097991 11.15 0.16
2458488.3101460 11.01 0.14
2458488.3108399 10.93 0.13
2458488.3117080 11.02 0.14
2458488.3118816 10.96 0.13
2458488.3125760 10.89 0.12
2458488.3132705 11.09 0.15
2458488.3136177 11.07 0.15
2458488.3139649 11.05 0.15
2458488.3144857 11.23 0.17
2458488.3151802 11.10 0.15
2458488.3157010 10.94 0.13
2458488.3158746 11.03 0.14
2458488.3162218 11.12 0.16
2458488.3179580 11.12 0.16
2458488.3183052 11.05 0.15
2458488.3184788 10.92 0.13
2458488.3189996 11.15 0.16
2458488.3202149 11.07 0.15
2458488.3205621 10.91 0.13
2458488.3209094 10.95 0.13
2458488.3252496 10.88 0.13
2458488.3257705 11.17 0.17
2458488.3261177 10.98 0.14
2458488.3262913 10.95 0.14
2458488.3269857 11.09 0.16
2458488.3283746 10.98 0.14
2458488.3294163 11.04 0.15
2458488.3295899 10.96 0.14
2458488.3304580 11.09 0.16
2458488.3309788 11.10 0.16
2458488.3318468 11.09 0.16
2458488.3323677 11.03 0.15
2458488.3327149 10.98 0.14
2458488.3328885 10.95 0.14
2458488.3332370 10.95 0.14
2458488.3342777 10.96 0.14
2458488.3346246 11.10 0.16
2458488.3354927 11.06 0.16
2458488.3358399 11.11 0.16
2458488.3361871 11.07 0.16
2458488.3367080 11.09 0.16
2458488.3374024 10.92 0.14
2458488.3379232 11.06 0.16
2458488.3382705 10.97 0.14
2458488.3384441 10.95 0.14
2458488.3387913 11.14 0.17
2458488.3398330 10.92 0.14
2458488.3400066 10.99 0.15
2458488.3412219 11.07 0.16
2458488.3413955 10.90 0.14
2458488.3427844 11.02 0.15
2458488.3439996 10.96 0.14
2458488.3443469 11.01 0.15
2458488.3466038 10.84 0.13
2458488.3497288 11.12 0.16
2458488.3502496 10.85 0.13
2458488.3525066 10.96 0.14
2458488.3526802 11.02 0.15
2458488.3528538 11.01 0.15
2458488.3530274 10.87 0.13
2458488.3540691 11.04 0.15
2458488.3542427 11.10 0.16
2458488.3547635 10.95 0.14
2458488.3556316 10.90 0.14
2458488.3582360 10.89 0.13
2458488.3594510 11.03 0.15
2458488.3603191 10.94 0.14
2458488.3611871 11.13 0.17
2458488.3622288 10.94 0.14
2458488.3632705 10.73 0.12
2458488.3636177 10.96 0.14
2458488.3648330 10.98 0.14
2458488.3660482 11.04 0.15
2458488.3665691 10.95 0.14
2458488.3667427 11.04 0.15
2458488.3674371 10.89 0.13
2458488.3676107 11.11 0.16
2458488.3683052 11.14 0.17
2458488.3703885 10.81 0.13
2458488.3716038 11.00 0.15
2458493.2519739 11.12 0.15
2458493.2521475 11.04 0.14
2458493.2524947 11.00 0.13
2458493.2526684 10.98 0.13
2458493.2530156 10.93 0.13
2458493.2531892 10.95 0.13
2458493.2533628 11.19 0.16
2458493.2537100 10.89 0.12
2458493.2538836 11.04 0.14
2458493.2542320 11.08 0.14
2458493.2544055 11.07 0.14
2458493.2545789 11.06 0.14
2458493.2547524 11.11 0.15
2458493.2550993 10.89 0.12
2458493.2552727 10.95 0.12
2458493.2556198 10.97 0.13
2458493.2557934 11.18 0.15
2458493.2559670 10.97 0.13
2458493.2566614 11.05 0.14
2458493.2568350 11.23 0.16
2458493.2570086 11.06 0.14
2458493.2571823 11.04 0.14
2458493.2573559 11.24 0.16
2458493.2578767 11.09 0.14
2458493.2580503 11.02 0.13
2458493.2582239 11.03 0.13
2458493.2583975 11.12 0.14
2458493.2587447 11.12 0.15
2458493.2589184 11.10 0.14
2458493.2590920 11.05 0.14
2458493.2594392 11.01 0.13
2458493.2596128 11.07 0.14
2458493.2597864 11.09 0.14
2458493.2599600 11.14 0.15
2458493.2603072 10.80 0.11
2458493.2606545 10.99 0.13
2458493.2608281 11.18 0.15
2458493.2611753 10.93 0.12
2458493.2613489 10.84 0.11
2458493.2615225 10.88 0.12
2458493.2618697 11.04 0.13
2458493.2620434 11.09 0.14
2458493.2622170 10.92 0.12
2458493.2629114 10.98 0.13
2458493.2636059 10.84 0.11
2458493.2639531 11.13 0.15
2458493.2641267 11.05 0.14
2458493.2646475 10.93 0.12
2458493.2648211 11.02 0.13
2458493.2649948 10.90 0.12
2458493.2651684 11.08 0.14
2458493.2653420 11.02 0.13
2458493.2656892 10.99 0.13
2458493.2658628 11.01 0.13
2458493.2660378 11.12 0.15
2458493.2662112 11.00 0.13
2458493.2663847 11.04 0.13
2458493.2665581 11.04 0.14
2458493.2667316 11.11 0.14
2458493.2669050 10.85 0.11
2458493.2670784 11.08 0.14
2458493.2672519 10.85 0.11
2458493.2674253 11.16 0.15
2458493.2675989 11.06 0.14
2458493.2679461 10.90 0.12
2458493.2681197 11.09 0.14
2458493.2682934 11.05 0.13
2458493.2684670 11.03 0.14
2458493.2686406 11.05 0.14
2458493.2688142 11.08 0.14
2458493.2689878 11.12 0.14
2458493.2691614 11.17 0.15
2458493.2695086 10.94 0.12
2458493.2696822 11.01 0.13
2458493.2698559 11.22 0.16
2458493.2700295 11.13 0.14
2458493.2702031 10.93 0.12
2458493.2703767 11.18 0.15
2458493.2705503 11.09 0.14
2458493.2708975 11.09 0.14
2458493.2710711 11.09 0.14
2458493.2712448 11.23 0.16
2458493.2714184 11.09 0.14
2458493.2715920 11.11 0.14
2458493.2717656 10.98 0.13
2458493.2719392 11.00 0.13
2458493.2721128 10.88 0.12
2458493.2724600 11.02 0.13
2458493.2728073 10.84 0.11
2458493.2729809 10.92 0.12
2458493.2735017 10.98 0.13
2458493.2736753 11.06 0.14
2458493.2738489 11.08 0.14
2458493.2740225 11.01 0.13
2458493.2741961 10.91 0.12
2458493.2743697 11.00 0.13
2458493.2748906 10.95 0.12
2458493.2750642 10.96 0.13
2458493.2752378 11.00 0.13
2458493.2755850 11.06 0.14
2458493.2759322 11.03 0.13
2458493.2761059 10.89 0.12
2458493.2762795 11.12 0.14
2458493.2764531 10.99 0.13
2458493.2768003 11.03 0.13
2458493.2769739 10.97 0.13
2458493.2774947 10.92 0.12
2458493.2776684 11.02 0.13
2458493.2778420 11.05 0.14
2458493.2780169 11.03 0.14
2458493.2783638 11.11 0.14
2458493.2785373 10.97 0.13
2458493.2787107 10.92 0.12
2458493.2788841 11.21 0.16
2458493.2790576 11.04 0.13
2458493.2794045 11.10 0.14
2458493.2795781 10.97 0.13
2458493.2800989 11.08 0.14
2458493.2802725 10.92 0.12
2458493.2809670 10.97 0.13
2458493.2811406 10.99 0.13
2458493.2813142 11.03 0.13
2458493.2816614 11.08 0.14
2458493.2823559 10.87 0.12
2458493.2825295 10.96 0.13
2458493.2827031 10.92 0.12
2458493.2830503 10.89 0.12
2458493.2833975 10.85 0.11
2458493.2835711 11.00 0.13
2458493.2837447 11.09 0.14
2458493.2839184 10.96 0.13
2458493.2842656 10.99 0.13
2458493.2846128 10.91 0.12
2458493.2847864 10.92 0.12
2458493.2851336 11.04 0.14
2458493.2853072 10.96 0.13
2458493.2858281 11.19 0.15
2458493.2860017 11.01 0.13
2458493.2863489 11.08 0.14
2458493.2865225 10.85 0.11
2458493.2866961 11.06 0.14
2458493.2868698 11.06 0.14
2458493.2870434 11.01 0.13
2458493.2872170 11.08 0.14
2458493.2873906 11.05 0.14
2458493.2875642 10.89 0.12
2458493.2877378 10.86 0.12
2458493.2879114 11.21 0.16
2458493.2882586 10.97 0.13
2458493.2884323 10.88 0.12
2458493.2889531 10.91 0.12
2458493.2893003 11.07 0.14
2458493.2901695 11.06 0.14
2458493.2905164 10.99 0.13
2458493.2908633 10.87 0.12
2458493.2912102 11.15 0.15
2458493.2913836 10.97 0.13
2458493.2915572 11.02 0.13
2458493.2919045 11.03 0.13
2458493.2920781 11.20 0.15
2458493.2922517 11.22 0.16
2458493.2925989 10.98 0.13
2458493.2927725 11.06 0.14
2458493.2931197 11.02 0.13
2458493.2934670 11.04 0.13
2458493.2936406 10.85 0.11
2458493.2938142 11.01 0.13
2458493.2939878 11.01 0.13
2458493.2941614 10.99 0.13
2458493.2943350 10.99 0.13
2458493.2945086 11.08 0.14
2458493.2946823 10.98 0.13
2458493.2948559 11.09 0.14
2458493.2950295 11.05 0.14
2458493.2952031 11.14 0.15
2458493.2955503 11.04 0.14
2458493.2957239 11.07 0.14
2458493.2958975 11.03 0.14
2458493.2960711 10.92 0.12
2458493.2962448 11.10 0.14
2458493.2964184 11.10 0.14
2458493.2967656 10.93 0.12
2458493.2969392 11.17 0.15
2458493.2974600 11.00 0.13
2458493.2976336 10.98 0.13
2458493.2978072 11.05 0.14
2458493.2979809 10.95 0.13
2458493.2981545 10.99 0.13
2458493.2983281 11.07 0.14
2458493.2985017 10.93 0.12
2458493.2988489 10.97 0.13
2458493.2990225 10.87 0.12
2458493.2991961 10.84 0.12
2458493.2993697 10.90 0.12
2458493.2995434 10.87 0.12
2458493.2998906 10.90 0.12
2458493.3002378 10.84 0.11
2458493.3005850 11.07 0.14
2458493.3007586 10.96 0.13
2458493.3021591 11.05 0.14
2458493.3023327 10.74 0.10
2458493.3025063 11.04 0.14
2458493.3026799 10.95 0.13
2458493.3028536 11.01 0.13
2458493.3030272 10.93 0.12
2458493.3032008 11.11 0.14
2458493.3033744 11.02 0.13
2458493.3035480 11.02 0.13
2458493.3037216 11.01 0.13
2458493.3038952 10.98 0.13
2458493.3040688 10.93 0.12
2458493.3042424 10.83 0.11
2458493.3044161 11.07 0.14
2458493.3045897 11.07 0.14
2458493.3047633 10.95 0.12
2458493.3049369 11.08 0.14
2458493.3051105 10.97 0.13
2458493.3052841 11.02 0.13
2458493.3054577 10.92 0.12
2458493.3056313 11.04 0.13
2458493.3058049 10.98 0.13
2458493.3059785 11.05 0.14
2458493.3061522 11.06 0.14
2458493.3063258 11.19 0.15
2458493.3064994 11.09 0.14
2458493.3068466 10.91 0.12
2458493.3070202 11.02 0.13
2458493.3071938 11.19 0.15
2458493.3073674 10.97 0.13
2458493.3075410 10.96 0.13
2458493.3077147 10.93 0.12
2458493.3078883 11.10 0.14
2458493.3080619 10.99 0.13
2458493.3082355 11.13 0.15
2458493.3084091 11.00 0.13
2458493.3085827 10.82 0.11
2458493.3087563 11.08 0.14
2458493.3089299 10.92 0.12
2458493.3091036 11.07 0.14
2458493.3092772 10.91 0.12
2458493.3094508 10.86 0.11
2458493.3096244 11.09 0.14
2458493.3097980 11.13 0.15
2458493.3099716 10.85 0.11
2458493.3101452 10.89 0.12
2458493.3103188 11.14 0.14
2458493.3104924 10.96 0.12
2458493.3108397 11.03 0.13
2458493.3110133 10.93 0.12
2458493.3111869 10.99 0.13
2458493.3113605 11.03 0.13
2458493.3115341 11.05 0.14
2458493.3117077 11.12 0.14
2458493.3118813 11.13 0.15
2458493.3120549 11.00 0.13
2458493.3122298 11.11 0.14
2458493.3124033 11.14 0.15
2458493.3125767 11.03 0.13
2458493.3127502 10.93 0.12
2458493.3129236 11.01 0.13
2458493.3130971 11.03 0.13
2458493.3132705 11.12 0.14
2458493.3134439 11.02 0.13
2458493.3136174 11.09 0.14
2458493.3137910 10.98 0.13
2458493.3139647 11.07 0.14
2458493.3141383 10.88 0.11
2458493.3143119 11.09 0.14
2458493.3144855 11.05 0.13
2458493.3146591 11.01 0.13
2458493.3148327 11.11 0.14
2458493.3150063 11.07 0.14
2458493.3153535 11.00 0.13
2458493.3155272 10.82 0.11
2458493.3157008 11.01 0.13
2458493.3158744 11.18 0.15
2458493.3160480 11.15 0.15
2458493.3162216 10.82 0.11
2458493.3165688 11.03 0.13
2458493.3167424 11.02 0.13
2458493.3169161 10.84 0.11
2458493.3170897 10.82 0.11
2458493.3172633 11.03 0.13
2458493.3174369 10.94 0.12
2458493.3176105 10.81 0.11
2458493.3177841 10.85 0.11
2458493.3179577 10.95 0.12
2458493.3181313 10.95 0.12
2458493.3183049 11.02 0.13
2458493.3184786 11.07 0.14
2458493.3188258 10.96 0.12
2458493.3189994 10.97 0.12
2458493.3191730 11.16 0.15
2458493.3193466 10.78 0.11
2458493.3195202 10.83 0.11
2458493.3196938 11.07 0.14
2458493.3198674 10.95 0.12
2458493.3200411 10.92 0.12
2458493.3202147 11.00 0.13
2458493.3203883 10.79 0.11
2458493.3205619 11.06 0.13
2458493.3210827 10.92 0.12
2458493.3212563 11.12 0.14
2458493.3214299 10.93 0.12
2458493.3216035 11.11 0.14
2458493.3217772 11.05 0.13
2458493.3219508 10.98 0.13
2458493.3221244 10.90 0.12
2458493.3224716 11.01 0.13
2458493.3226452 10.73 0.10
2458493.3228188 10.84 0.11
2458493.3231662 11.00 0.13
2458493.3233397 10.98 0.13
2458493.3235133 10.82 0.11
2458493.3236869 10.83 0.11
2458493.3238605 10.84 0.11
2458493.3240341 10.98 0.13
2458493.3243824 10.96 0.12
2458493.3245559 10.74 0.10
2458493.3249028 10.94 0.12
2458493.3250762 10.98 0.13
2458493.3252497 10.90 0.12
2458493.3254231 10.93 0.12
2458493.3255966 10.96 0.12
2458493.3257702 10.96 0.12
2458493.3259438 11.07 0.14
2458493.3261174 10.94 0.12
2458493.3262911 11.20 0.15
2458493.3264647 10.90 0.12
2458493.3266383 10.96 0.12
2458493.3268119 11.14 0.14
2458493.3269855 10.99 0.13
2458493.3271591 11.05 0.13
2458493.3273327 11.05 0.13
2458493.3275063 11.11 0.14
2458493.3276799 11.09 0.14
2458493.3278536 11.00 0.13
2458493.3280272 11.04 0.13
2458493.3282008 11.01 0.13
2458493.3287216 11.07 0.13
2458493.3288952 10.92 0.12
2458493.3290688 11.01 0.13
2458493.3292430 10.97 0.12
2458493.3294160 10.82 0.11
2458493.3295897 11.01 0.13
2458493.3297633 10.94 0.12
2458493.3299369 11.03 0.13
2458493.3301105 11.01 0.13
2458493.3302841 10.97 0.12
2458493.3304577 10.99 0.12
2458493.3306313 11.05 0.13
2458493.3308049 10.89 0.11
2458493.3311522 10.89 0.11
2458493.3313258 11.01 0.13
2458493.3314994 10.94 0.12
2458493.3316730 10.96 0.12
2458493.3318466 11.02 0.13
2458493.3320202 11.03 0.13
2458493.3321938 11.25 0.16
2458493.3323674 11.10 0.14
2458493.3325411 11.11 0.14
2458493.3327147 10.87 0.11
2458493.3328883 10.85 0.11
2458493.3330619 10.79 0.11
2458493.3332355 10.98 0.12
2458493.3334091 11.23 0.16
2458493.3335827 11.01 0.13
2458493.3337563 11.04 0.13
2458493.3341036 10.98 0.12
2458493.3342772 11.09 0.14
2458493.3344508 11.11 0.14
2458493.3346244 10.93 0.12
2458493.3347980 10.86 0.11
2458493.3349716 10.95 0.12
2458493.3353188 10.98 0.13
2458493.3356661 10.87 0.11
2458493.3358397 11.14 0.15
2458493.3360133 11.04 0.13
2458493.3361882 11.00 0.13
2458493.3363616 11.14 0.14
2458493.3365351 10.93 0.12
2458493.3367085 11.11 0.14
2458493.3370554 11.14 0.15
2458493.3372288 11.05 0.13
2458493.3374023 10.83 0.11
2458493.3377494 10.95 0.12
2458493.3379230 11.09 0.14
2458493.3380966 10.98 0.13
2458493.3382702 10.83 0.11
2458493.3384438 11.07 0.14
2458493.3386174 10.97 0.12
2458493.3387910 11.04 0.13
2458493.3389647 11.10 0.14
2458493.3391383 11.11 0.14
2458493.3393119 11.13 0.15
2458493.3394855 11.12 0.14
2458493.3396591 11.00 0.13
2458493.3400063 10.91 0.12
2458493.3401799 10.88 0.12
2458493.3403536 10.95 0.12
2458493.3405272 11.25 0.16
2458493.3407008 11.11 0.14
2458493.3408744 11.03 0.13
2458493.3413952 10.86 0.11
2458493.3415688 10.94 0.12
2458493.3417424 11.21 0.16
2458493.3422633 10.95 0.12
2458493.3424369 11.07 0.14
2458493.3426105 10.93 0.12
2458493.3429577 11.18 0.15
2458493.3431313 11.04 0.13
2458493.3433049 10.96 0.13
2458493.3434786 10.99 0.13
2458493.3436522 11.10 0.14
2458493.3438258 11.20 0.16
2458493.3443466 10.97 0.13
2458493.3445202 10.96 0.13
2458493.3446938 10.97 0.13
2458493.3448674 10.92 0.12
2458493.3453883 10.97 0.13
2458493.3459091 10.99 0.13
2458493.3460827 11.20 0.16
2458493.3464299 11.16 0.15
2458493.3466035 10.81 0.11
2458493.3467772 10.89 0.12
2458493.3471244 10.81 0.11
2458493.3474716 10.95 0.12
2458493.3478188 10.95 0.12
2458493.3479924 10.96 0.13
2458493.3481673 11.05 0.14
2458493.3483408 11.04 0.14
2458493.3485142 11.10 0.14
2458493.3486876 11.08 0.14
2458493.3488611 10.97 0.13
2458493.3490345 11.01 0.13
2458493.3492080 10.92 0.12
2458493.3493814 11.04 0.13
2458493.3495549 10.93 0.12
2458493.3499022 11.09 0.14
2458493.3500758 11.04 0.13
2458493.3504230 11.10 0.14
2458493.3509438 10.91 0.12
2458493.3511174 11.04 0.13
2458493.3512911 10.97 0.13
2458493.3514647 10.94 0.12
2458493.3516383 11.20 0.15
2458493.3518119 10.98 0.13
2458493.3519855 11.14 0.15
2458493.3521591 10.79 0.11
2458493.3523327 10.82 0.11
2458493.3525063 11.29 0.17
2458493.3526799 10.98 0.13
2458493.3528535 11.03 0.13
2458493.3530272 11.07 0.14
2458493.3533744 10.90 0.12
2458493.3535480 11.07 0.14
2458493.3537216 11.02 0.13
2458493.3538952 11.06 0.13
2458493.3540688 11.00 0.13
2458493.3544160 11.08 0.14
2458493.3545897 11.04 0.13
2458493.3547633 11.00 0.13
2458493.3549369 10.93 0.12
2458493.3551105 11.12 0.14
2458493.3552841 10.99 0.13
2458493.3554577 11.00 0.13
2458493.3558049 11.03 0.13
2458493.3559786 11.08 0.14
2458493.3561522 11.06 0.14
2458493.3563258 11.08 0.14
2458493.3564994 11.18 0.15
2458493.3566730 10.96 0.12
2458493.3568466 11.04 0.13
2458493.3570202 11.01 0.13
2458493.3571938 11.02 0.13
2458493.3573674 10.99 0.13
2458493.3575411 11.05 0.14
2458493.3577147 11.01 0.13
2458493.3580619 10.98 0.13
2458493.3589299 11.03 0.13
2458493.3592772 11.06 0.14
2458493.3594508 11.04 0.13
2458493.3596244 11.11 0.14
2458493.3603199 10.96 0.12
2458493.3606668 11.00 0.13
2458493.3608403 11.02 0.13
2458493.3610137 10.88 0.12
2458493.3611871 11.15 0.15
2458493.3613606 11.08 0.14
2458493.3615341 10.95 0.12
2458493.3617077 11.08 0.14
2458493.3618813 10.95 0.13
2458493.3624022 11.02 0.13
2458493.3627494 11.18 0.15
2458493.3629230 11.07 0.14
2458493.3630966 11.12 0.14
2458493.3632702 10.99 0.13
2458493.3634438 11.07 0.14
2458493.3636174 11.05 0.13
2458493.3637911 11.12 0.14
2458493.3639647 10.94 0.12
2458493.3641383 11.05 0.14
2458493.3644855 10.98 0.13
2458493.3648327 10.99 0.13
2458493.3650063 11.10 0.14
2458493.3651799 11.10 0.14
2458493.3653536 10.96 0.12
2458493.3657008 10.85 0.11
2458493.3658744 10.95 0.12
2458493.3662216 11.00 0.13
2458493.3663952 10.95 0.12
2458493.3665688 10.94 0.12
2458493.3667424 11.09 0.14
2458493.3669161 10.99 0.13
2458493.3670897 11.18 0.15
2458493.3672633 10.86 0.11
2458493.3674369 10.96 0.13
2458493.3676105 10.89 0.12
2458493.3677841 11.11 0.14
2458493.3679577 10.78 0.11
2458493.3681313 10.99 0.13
2458493.3683049 11.02 0.13
2458493.3686522 11.14 0.15
2458493.3689994 11.11 0.14
2458493.3691730 11.21 0.16
2458493.3695202 11.08 0.14
2458493.3696938 11.14 0.15
2458493.3698674 10.96 0.12
2458493.3700410 10.97 0.13
2458493.3702147 11.13 0.15
2458493.3703883 11.05 0.14
2458493.3705619 10.89 0.12
2458493.3707355 11.10 0.14
2458493.3709091 11.03 0.13
2458493.3710827 10.99 0.13
2458493.3712563 11.09 0.14
2458493.3714299 10.87 0.12
2458493.3716036 11.14 0.15
2458493.3717772 10.94 0.12
2458493.3721257 11.04 0.13
2458493.3728194 11.06 0.14
2458493.3731663 11.14 0.15
2458493.3733397 11.04 0.14
2458493.3735133 10.98 0.13
2458493.3742077 11.00 0.13
2458493.3743813 10.87 0.12
2458493.3745549 11.04 0.13
2458493.3747286 10.90 0.12
2458493.3750758 10.95 0.12
2458493.3752494 11.01 0.13
2458493.3755966 10.98 0.13
2458493.3761174 10.80 0.11
2458493.3762910 11.11 0.14
2458493.3764647 11.12 0.15
2458493.3766383 10.94 0.12
2458493.3768119 11.04 0.14
2458493.3771591 10.96 0.13
2458493.3773327 10.95 0.13
2458493.3776799 10.97 0.13
2458493.3782008 10.90 0.12
2458493.3787216 10.97 0.13
2458493.3794161 11.08 0.14
2458493.3795897 11.07 0.14
2458493.3797633 11.07 0.14
2458493.3802841 10.86 0.12
2458493.3806313 11.10 0.15
2458493.3808049 11.08 0.14
2458493.3813258 11.11 0.15
2458493.3814994 11.05 0.14
2458493.3816730 11.08 0.14
2458493.3820202 11.01 0.13
2458493.3821938 10.97 0.13
2458493.3828883 11.21 0.16
2458493.3830619 10.86 0.12
2458493.3832355 11.11 0.15
2458493.3834091 10.94 0.13
2458493.3839313 11.06 0.14
2458493.3841048 11.17 0.16
2458493.3844517 11.08 0.14
2458493.3847985 10.95 0.13
2458493.3858397 11.13 0.15
2458493.3860133 10.86 0.12
2458493.3867077 11.04 0.14
2458493.3868813 10.89 0.12
2458493.3870549 11.14 0.15
2458493.3875758 11.08 0.14
2458493.3879230 11.03 0.14
2458493.3880966 10.99 0.13
2458493.3884438 10.95 0.13
2458493.3886174 11.01 0.14
2458493.3887911 11.06 0.14
2458493.3893119 11.01 0.13
2458493.3896591 11.17 0.16
2458493.3898327 11.13 0.15
2458493.3900063 10.97 0.13
2458493.3907008 10.87 0.12
2458493.3913952 11.11 0.15
2458493.3915688 11.04 0.14
2458493.3917424 11.06 0.14
2458493.3919160 11.15 0.16
2458493.3920897 11.11 0.15
2458493.3924369 11.10 0.15
2458493.3927841 11.02 0.14
2458493.3929577 11.01 0.14
2458493.3931313 11.13 0.15
2458493.3933049 11.19 0.16
2458493.3934785 11.23 0.17
2458493.3936522 11.14 0.15
2458493.3938258 11.09 0.15
2458493.3939994 11.00 0.14
2458493.3941730 11.15 0.16
2458493.3943466 10.83 0.12
2458493.3945202 10.94 0.13
2458493.3950411 11.00 0.14
2458493.3952147 11.16 0.16
2458493.3955619 11.06 0.14
2458493.3960839 10.98 0.13
2458493.3964308 11.11 0.15
2458493.3967777 11.01 0.14
2458493.3974716 11.01 0.14
2458493.3978188 11.12 0.15
2458493.3981661 11.08 0.15
2458493.3985133 10.92 0.13
2458493.3986869 11.16 0.16
2458493.3988605 10.94 0.13
2458493.3992077 11.17 0.16
2458493.3995549 11.11 0.15
2458493.3997285 11.18 0.16
2458493.3999022 11.14 0.16
2458493.4005966 10.98 0.13
2458493.4007702 11.09 0.15
2458493.4012910 11.01 0.14
2458493.4014647 10.84 0.12
2458493.4016383 10.94 0.13
2458493.4019855 11.11 0.15
2458493.4021591 11.03 0.14
2458493.4025063 11.12 0.15
2458493.4026799 11.14 0.16
2458493.4028536 10.89 0.13
2458493.4030272 11.23 0.17
2458493.4032008 10.90 0.12
2458493.4035480 11.08 0.15
2458493.4045897 10.94 0.13
2458493.4047633 10.96 0.13
2458493.4049369 11.19 0.17
2458493.4051105 11.12 0.16
2458493.4052841 10.85 0.12
2458493.4056313 11.08 0.15
2458493.4066730 10.83 0.12
2458493.4070202 10.99 0.14
2458493.4071938 11.01 0.14
2458493.4073674 11.01 0.14
2458493.4077147 11.14 0.16
2458493.4082365 10.88 0.13
2458493.4087568 10.92 0.13
2458493.4092772 11.01 0.14
2458493.4096244 11.01 0.14
2458493.4099716 11.03 0.15
2458493.4103188 11.05 0.15
2458493.4104924 11.03 0.14
2458493.4106661 11.10 0.16
2458493.4111869 11.03 0.14
2458493.4113605 10.83 0.12
2458493.4124022 11.15 0.16
2458493.4127494 11.12 0.16
2458493.4132702 11.12 0.16
2458493.4137911 10.92 0.13
2458493.4141383 11.12 0.16
2458493.4143119 11.00 0.14
2458493.4144855 11.12 0.16
2458493.4157008 11.01 0.14
2458495.1674022 10.73 0.16
2458495.1687910 10.74 0.16
2458495.1731313 10.69 0.15
2458495.1746938 10.68 0.15
2458495.1766035 10.76 0.16
2458495.1778188 10.73 0.15
2458495.1911869 10.76 0.15
2458495.1936174 10.84 0.16
2458495.1939647 10.75 0.15
2458495.1953544 10.86 0.17
2458495.1960481 10.68 0.14
2458495.1979577 10.68 0.14
2458495.2019508 10.72 0.14
2458495.2028188 10.73 0.15
2458495.2090688 10.82 0.16
2458495.2101105 10.87 0.17
2458495.2111522 10.78 0.15
2458495.2137563 10.94 0.18
2458495.2168813 10.77 0.15
2458495.2286869 10.91 0.17
2458495.2349369 10.95 0.17
2458495.2389299 10.78 0.14
2458495.2509091 10.89 0.16
2458495.2587216 10.92 0.16
2458495.2609786 10.83 0.14
2458495.2613258 10.86 0.15
2458495.2628883 10.94 0.16
2458495.2724369 10.87 0.15
2458495.2750411 10.91 0.16
2458495.2755619 10.83 0.15
2458495.2766036 10.92 0.16
2458495.2779924 10.89 0.15
2458495.2786869 10.90 0.15
2458495.2830272 10.92 0.15
2458495.2878883 10.91 0.15
2458495.2901452 10.90 0.15
2458495.2951799 10.87 0.15
2458495.2953535 10.91 0.15
2458495.2988258 10.98 0.16
2458495.2989994 10.92 0.15
2458495.3000411 10.94 0.16
2458495.3026452 10.88 0.15
2458495.3087216 10.91 0.15
2458495.3097633 10.93 0.16
2458495.3101105 10.94 0.16
2458495.3147980 11.02 0.17
2458498.1755503 10.97 0.15
2458498.1779809 10.82 0.13
2458498.1821475 10.81 0.13
2458498.1824948 11.00 0.15
2458498.1842309 11.07 0.16
2458498.1850989 10.89 0.14
2458498.1854461 11.01 0.15
2458498.1863142 10.98 0.15
2458498.1864878 10.93 0.14
2458498.1868350 11.04 0.16
2458498.1890920 10.88 0.14
2458498.1894392 10.97 0.15
2458498.1903073 10.93 0.14
2458498.1904809 11.06 0.16
2458498.1920434 10.85 0.13
2458498.1937795 10.87 0.13
2458498.1941267 10.98 0.14
2458498.1955156 11.11 0.16
2458498.1972519 11.12 0.16
2458498.1977725 11.18 0.17
2458498.2002031 10.90 0.13
2458498.2021128 11.13 0.16
2458498.2022864 10.97 0.14
2458498.2024600 10.80 0.12
2458498.2028072 11.04 0.15
2458498.2029809 10.97 0.14
2458498.2033281 11.16 0.16
2458498.2035017 10.94 0.13
2458498.2040225 11.13 0.16
2458498.2041961 11.13 0.16
2458498.2043698 11.01 0.14
2458498.2048906 10.99 0.14
2458498.2052378 10.98 0.14
2458498.2055850 11.05 0.15
2458498.2057586 10.80 0.12
2458498.2064531 10.92 0.13
2458498.2066267 11.05 0.15
2458498.2069739 10.79 0.11
2458498.2073211 10.86 0.12
2458498.2074947 10.89 0.12
2458498.2078420 10.86 0.12
2458498.2085373 11.15 0.16
2458498.2090576 11.08 0.15
2458498.2092310 11.09 0.15
2458498.2095781 11.17 0.16
2458498.2100989 10.97 0.13
2458498.2111406 11.12 0.15
2458498.2114878 11.22 0.17
2458498.2120086 11.03 0.14
2458498.2125295 11.11 0.15
2458498.2140920 11.09 0.15
2458498.2144392 11.06 0.15
2458498.2146128 11.06 0.14
2458498.2147864 11.04 0.14
2458498.2151336 11.16 0.16
2458498.2153072 11.12 0.15
2458498.2154809 10.90 0.12
2458498.2168697 11.13 0.16
2458498.2173906 11.14 0.16
2458498.2187795 11.08 0.15
2458498.2198225 11.00 0.14
2458498.2203429 10.99 0.13
2458498.2205163 10.98 0.13
2458498.2225989 11.09 0.15
2458498.2236406 11.05 0.14
2458498.2239878 10.95 0.13
2458498.2241614 11.11 0.15
2458498.2243350 11.21 0.16
2458498.2245086 11.07 0.14
2458498.2250295 10.97 0.13
2458498.2255503 11.09 0.14
2458498.2258975 10.97 0.13
2458498.2260711 11.13 0.15
2458498.2262447 11.08 0.14
2458498.2264184 11.05 0.14
2458498.2267656 10.98 0.13
2458498.2269392 11.01 0.13
2458498.2271128 11.01 0.14
2458498.2274600 11.16 0.16
2458498.2276336 11.00 0.14
2458498.2278073 10.97 0.13
2458498.2279809 10.92 0.13
2458498.2281545 11.06 0.14
2458498.2285017 11.02 0.14
2458498.2293698 11.08 0.14
2458498.2297170 10.99 0.13
2458498.2298906 11.03 0.14
2458498.2307586 10.90 0.13
2458498.2309322 11.04 0.14
2458498.2314531 11.09 0.15
2458498.2321485 11.17 0.16
2458498.2324954 10.93 0.13
2458498.2326688 10.80 0.12
2458498.2328422 10.97 0.13
2458498.2330157 11.14 0.16
2458498.2333628 10.87 0.12
2458498.2344045 11.03 0.14
2458498.2349253 11.08 0.15
2458498.2350989 10.76 0.11
2458498.2354461 11.04 0.15
2458498.2356198 11.05 0.14
2458498.2359670 10.99 0.14
2458498.2361406 10.92 0.13
2458498.2363142 11.10 0.15
2458498.2364878 11.07 0.15
2458498.2366614 10.94 0.13
2458498.2370086 10.99 0.14
2458498.2377031 10.98 0.14
2458498.2378767 11.06 0.15
2458498.2387447 11.01 0.15
2458498.2396128 11.17 0.17
2458498.2399600 10.88 0.13
2458498.2403072 11.00 0.14
2458498.2408281 10.97 0.14
2458498.2411753 11.15 0.16
2458498.2413489 11.03 0.15
2458498.2416961 11.14 0.16
2458498.2432586 11.06 0.15
2458498.2436073 11.00 0.14
2458498.2439541 11.17 0.16
2458498.2446479 11.13 0.16
2458498.2453420 11.18 0.17
2458498.2456892 10.88 0.13
2458498.2463836 11.04 0.15
2458498.2469045 11.04 0.15
2458498.2470781 10.99 0.14
2458498.2472517 11.00 0.14
2458498.2479461 11.00 0.14
2458498.2491614 11.09 0.15
2458498.2496822 11.02 0.14
2458498.2505503 10.93 0.13
2458498.2507239 10.86 0.13
2458498.2510711 11.02 0.15
2458498.2521128 11.07 0.16
2458498.2526336 11.12 0.16
2458498.2529809 11.01 0.15
2458498.2535017 11.00 0.14
2458498.2540225 10.78 0.12
2458498.2541961 10.99 0.14
2458498.2545434 11.15 0.17
2458498.2566270 10.81 0.13
2458498.2576684 10.96 0.14
2458498.2578420 11.12 0.16
2458498.2594045 10.91 0.14
2458498.2595781 11.08 0.16
2458498.2597517 11.10 0.16
2458498.2599253 11.12 0.17
2458498.2609670 11.08 0.16
2458498.2613142 11.18 0.17
2458498.2614878 11.04 0.15
2458498.2616614 10.93 0.14
2458498.2620086 11.02 0.15
2458498.2623559 10.92 0.14
2458498.2630503 11.12 0.13
2458498.2632239 11.09 0.13
2458498.2633975 10.99 0.12
2458498.2635711 11.13 0.14
2458498.2637447 11.15 0.14
2458498.2639184 11.19 0.14
2458498.2640920 11.20 0.14
2458498.2642656 11.11 0.13
2458498.2644392 11.00 0.12
2458498.2646128 11.16 0.14
2458498.2649600 10.96 0.12
2458498.2651336 11.02 0.13
2458498.2653072 11.10 0.13
2458498.2654809 11.13 0.14
2458498.2656545 11.08 0.13
2458498.2658281 11.10 0.14
2458498.2660017 11.06 0.13
2458498.2661753 11.09 0.13
2458498.2668698 11.11 0.13
2458498.2670434 11.22 0.15
2458498.2673906 11.16 0.14
2458498.2675655 11.13 0.14
2458498.2677389 10.98 0.12
2458498.2680858 11.10 0.13
2458498.2682593 11.14 0.14
2458498.2684327 11.14 0.14
2458498.2686062 10.99 0.12
2458498.2689531 11.17 0.14
2458498.2691267 11.18 0.14
2458498.2693003 11.05 0.12
2458498.2696475 11.09 0.13
2458498.2698211 11.09 0.13
2458498.2699947 11.35 0.16
2458498.2701684 11.14 0.13
2458498.2703420 10.88 0.11
2458498.2705156 10.89 0.11
2458498.2706892 11.10 0.13
2458498.2712100 11.00 0.12
2458498.2717309 11.03 0.12
2458498.2720781 11.05 0.13
2458498.2722517 11.12 0.13
2458498.2724253 11.02 0.12
2458498.2725989 11.21 0.14
2458498.2727725 10.98 0.12
2458498.2729461 11.19 0.14
2458498.2731197 11.17 0.14
2458498.2732934 11.14 0.13
2458498.2734670 11.04 0.12
2458498.2736406 10.79 0.10
2458498.2738142 11.08 0.13
2458498.2739878 11.03 0.12
2458498.2741614 11.19 0.14
2458498.2743350 11.04 0.12
2458498.2745086 10.98 0.12
2458498.2746823 11.01 0.12
2458498.2748559 11.23 0.15
2458498.2750295 11.00 0.12
2458498.2755503 11.05 0.12
2458498.2757239 10.96 0.11
2458498.2758975 11.00 0.12
2458498.2762448 11.33 0.16
2458498.2764184 11.11 0.13
2458498.2765920 11.18 0.14
2458498.2771128 11.17 0.14
2458498.2774600 11.07 0.13
2458498.2778072 11.11 0.13
2458498.2781545 11.14 0.13
2458498.2783281 10.94 0.11
2458498.2785017 11.12 0.13
2458498.2786753 11.11 0.13
2458498.2788489 11.08 0.13
2458498.2790225 11.24 0.15
2458498.2791961 11.02 0.12
2458498.2793697 10.95 0.11
2458498.2795448 11.08 0.13
2458498.2797182 10.97 0.11
2458498.2798916 11.03 0.12
2458498.2800651 10.94 0.11
2458498.2802385 11.14 0.14
2458498.2804120 11.17 0.14
2458498.2807589 11.03 0.13
2458498.2809323 11.09 0.13
2458498.2811059 11.15 0.14
2458498.2812795 11.01 0.12
2458498.2814531 10.93 0.11
2458498.2816267 11.07 0.13
2458498.2818003 10.97 0.12
2458498.2819739 11.03 0.12
2458498.2823211 11.20 0.14
2458498.2824948 11.09 0.13
2458498.2826684 11.23 0.15
2458498.2828420 11.07 0.13
2458498.2830156 10.98 0.12
2458498.2831892 10.98 0.12
2458498.2833628 11.11 0.13
2458498.2837100 11.12 0.13
2458498.2838836 11.11 0.13
2458498.2840573 11.07 0.13
2458498.2842309 11.27 0.15
2458498.2844045 11.25 0.15
2458498.2845781 11.13 0.13
2458498.2847517 10.85 0.11
2458498.2849253 11.25 0.15
2458498.2850989 11.19 0.14
2458498.2852725 11.16 0.14
2458498.2854461 11.08 0.13
2458498.2856197 11.03 0.12
2458498.2857934 11.22 0.15
2458498.2859670 11.07 0.13
2458498.2861406 10.95 0.12
2458498.2863142 11.31 0.16
2458498.2864878 11.09 0.13
2458498.2866614 11.30 0.16
2458498.2868350 11.06 0.13
2458498.2870086 11.27 0.16
2458498.2873559 11.13 0.14
2458498.2875295 11.08 0.13
2458498.2877031 10.88 0.11
2458498.2878767 11.14 0.14
2458498.2880503 10.98 0.12
2458498.2882239 11.28 0.16
2458498.2883975 11.11 0.14
2458498.2887447 10.84 0.10
2458498.2889184 11.24 0.15
2458498.2894392 11.20 0.15
2458498.2896128 10.96 0.12
2458498.2897864 11.09 0.13
2458498.2901336 10.96 0.12
2458498.2903073 11.10 0.13
2458498.2904809 11.11 0.13
2458498.2906545 11.10 0.13
2458498.2908281 11.11 0.14
2458498.2911753 11.25 0.15
2458498.2913489 11.13 0.14
2458498.2915239 10.99 0.12
2458498.2918708 11.05 0.13
2458498.2922177 11.03 0.13
2458498.2923912 11.00 0.13
2458498.2925646 10.99 0.13
2458498.2929115 11.02 0.13
2458498.2930850 11.01 0.12
2458498.2932586 10.99 0.12
2458498.2943003 11.16 0.15
2458498.2944739 11.04 0.15
2458498.2948211 11.18 0.16
2458498.2949947 11.08 0.14
2458498.2953420 11.11 0.13
2458498.2955156 11.13 0.14
2458498.2958628 10.99 0.12
2458498.2960364 11.07 0.13
2458498.2962100 11.03 0.13
2458498.2963836 11.12 0.14
2458498.2965572 11.05 0.13
2458498.2969045 11.00 0.12
2458498.2972517 11.02 0.12
2458498.2974253 11.07 0.13
2458498.2975989 11.01 0.12
2458498.2977725 11.07 0.13
2458498.2979461 11.07 0.13
2458498.2982934 11.07 0.13
2458498.2984670 10.98 0.12
2458498.2986406 10.97 0.12
2458498.2988142 11.24 0.16
2458498.2989878 11.24 0.15
2458498.2998559 11.02 0.13
2458498.3000295 10.95 0.12
2458498.3002031 11.10 0.14
2458498.3003767 10.92 0.12
2458498.3005503 11.08 0.13
2458498.3007239 11.08 0.13
2458498.3008975 11.08 0.13
2458498.3010711 10.93 0.12
2458498.3012447 11.06 0.13
2458498.3014184 11.13 0.14
2458498.3015920 11.01 0.12
2458498.3017656 11.05 0.13
2458498.3019392 11.05 0.13
2458498.3021128 11.16 0.14
2458498.3022864 11.23 0.15
2458498.3024600 11.14 0.14
2458498.3026336 11.18 0.14
2458498.3028072 11.20 0.15
2458498.3029809 11.24 0.15
2458498.3031545 11.31 0.16
2458498.3033281 11.09 0.13
2458498.3035017 11.14 0.14
2458498.3038500 11.03 0.12
2458498.3040235 11.05 0.13
2458498.3041969 11.05 0.13
2458498.3043703 11.07 0.13
2458498.3045438 11.28 0.16
2458498.3047172 11.04 0.13
2458498.3048907 11.10 0.14
2458498.3050642 11.00 0.12
2458498.3052378 11.12 0.14
2458498.3055850 10.92 0.11
2458498.3061059 11.06 0.13
2458498.3062795 11.03 0.13
2458498.3064531 11.05 0.13
2458498.3066267 11.19 0.15
2458498.3069739 11.15 0.14
2458498.3071475 11.06 0.13
2458498.3073211 10.95 0.12
2458498.3074948 11.03 0.13
2458498.3076684 10.89 0.11
2458498.3080156 11.02 0.12
2458498.3083628 11.07 0.13
2458498.3085364 11.06 0.13
2458498.3088836 11.10 0.14
2458498.3090572 11.10 0.14
2458498.3092309 10.84 0.11
2458498.3094045 11.15 0.14
2458498.3095781 11.24 0.15
2458498.3097517 11.14 0.14
2458498.3099253 10.97 0.12
2458498.3100989 11.16 0.14
2458498.3102725 11.05 0.13
2458498.3104461 11.22 0.15
2458498.3106197 11.14 0.14
2458498.3109670 11.11 0.14
2458498.3111406 11.07 0.13
2458498.3114878 11.00 0.13
2458498.3116614 10.93 0.12
2458498.3118350 11.14 0.14
2458498.3123559 10.98 0.12
2458498.3127031 11.06 0.13
2458498.3132239 10.97 0.13
2458498.3137448 11.06 0.13
2458498.3142656 11.06 0.13
2458498.3144392 11.03 0.13
2458498.3149600 11.13 0.14
2458498.3151336 11.23 0.15
2458498.3156558 11.03 0.13
2458498.3158292 11.13 0.14
2458498.3166965 11.08 0.14
2458498.3170434 11.07 0.13
2458498.3175642 11.04 0.13
2458498.3177378 10.99 0.12
2458498.3180850 10.98 0.12
2458500.2352494 10.79 0.14
2458500.2378536 10.99 0.17
2458500.2388952 10.86 0.15
2458500.2442772 10.96 0.15
2458500.2446255 10.99 0.16
2458500.2500063 11.02 0.16
2458500.2501799 10.99 0.16
2458500.2517424 10.94 0.15
2458500.2519160 10.97 0.15
2458500.2522633 10.63 0.11
2458500.2564312 10.94 0.15
2458500.2566046 10.93 0.15
2458500.2590341 10.95 0.15
2458500.2592077 10.99 0.16
2458500.2605966 10.91 0.14
2458500.2621591 10.97 0.15
2458500.2644160 10.86 0.13
2458500.2656313 10.86 0.13
2458500.2668466 11.06 0.16
2458500.2684104 10.99 0.15
2458500.2689307 10.85 0.13
2458500.2703188 10.89 0.13
2458500.2710133 10.93 0.14
2458500.2711869 10.93 0.14
2458500.2715341 10.99 0.15
2458500.2727494 11.12 0.16
2458500.2741383 11.06 0.16
2458500.2743119 10.95 0.14
2458500.2744855 10.97 0.14
2458500.2760480 11.09 0.16
2458500.2763952 11.07 0.15
2458500.2769161 11.00 0.15
2458500.2770897 10.96 0.14
2458500.2781313 11.02 0.15
2458500.2783049 10.95 0.14
2458500.2784786 10.82 0.13
2458500.2795202 11.10 0.16
2458500.2800410 11.00 0.15
2458500.2802147 11.09 0.16
2458500.2812568 10.92 0.14
2458500.2822980 10.93 0.14
2458500.2829924 11.06 0.15
2458500.2833397 11.06 0.15
2458500.2835133 10.91 0.13
2458500.2836869 10.84 0.13
2458500.2843813 10.94 0.14
2458500.2847286 11.08 0.16
2458500.2854230 10.99 0.14
2458500.2855966 10.92 0.13
2458500.2857702 10.98 0.14
2458500.2861174 11.02 0.15
2458500.2866383 10.96 0.14
2458500.2873327 10.97 0.14
2458500.2880272 11.09 0.16
2458500.2887216 11.02 0.15
2458500.2888952 10.95 0.14
2458500.2890688 11.01 0.15
2458500.2892424 11.02 0.15
2458500.2894160 10.96 0.14
2458500.2895897 10.87 0.13
2458500.2897633 11.06 0.15
2458500.2899369 10.97 0.14
2458500.2901105 11.20 0.17
2458500.2902841 11.10 0.16
2458500.2906313 11.01 0.14
2458500.2909785 11.06 0.15
2458500.2911522 10.84 0.12
2458500.2914994 11.03 0.14
2458500.2920202 11.11 0.15
2458500.2921938 11.13 0.15
2458500.2925423 11.27 0.18
2458500.2930626 11.14 0.16
2458500.2934095 10.95 0.13