2458467.3675459 10.95 0.14
2458467.3680667 10.80 0.12
2458467.3682403 11.04 0.15
2458467.3684139 11.11 0.16
2458467.3685875 10.99 0.15
2458467.3692820 10.93 0.14
2458467.3696292 11.03 0.15
2458467.3720598 10.96 0.14
2458467.3729278 10.92 0.14
2458467.3739695 11.19 0.18
2458467.3741431 10.77 0.12
2458467.3758801 10.96 0.14
2458467.3764005 11.02 0.15
2458467.3765739 11.00 0.15
2458467.3767473 10.91 0.14
2458467.3776153 11.00 0.15
2458467.3795250 11.00 0.15
2458467.3810875 10.89 0.14
2458467.3817820 10.88 0.14
2458467.3824764 11.00 0.15
2458467.3836917 10.91 0.14
2458467.3849070 10.98 0.15
2458467.3875123 10.86 0.14
2458467.3876858 10.91 0.14
2458467.3887264 10.86 0.13
2458467.3890736 10.88 0.14
2458467.3894209 11.08 0.16
2458467.3899417 10.95 0.15
2458467.3901153 10.81 0.13
2458467.3904625 10.94 0.14
2458467.3909834 11.04 0.16
2458467.3913306 11.05 0.16
2458467.3916778 11.05 0.16
2458467.3920250 11.01 0.15
2458467.3935875 10.83 0.13
2458467.3937611 11.09 0.17
2458467.3941084 10.88 0.14
2458467.3942820 11.04 0.16
2458467.3948028 11.09 0.17
2458467.3954973 11.09 0.17
2458467.3965389 11.06 0.16
2458467.3967125 11.00 0.15
2458467.3982750 10.99 0.15
2458467.3986223 11.01 0.15
2458467.3987959 11.02 0.16
2458467.4001852 10.98 0.15
2458467.4003586 10.95 0.15
2458467.4007056 10.99 0.15
2458467.4012264 11.02 0.16
2458467.4019209 11.11 0.17
2458467.4026153 10.98 0.15
2458467.4052195 10.98 0.15
2458467.4059139 10.96 0.15
2458467.4067820 10.92 0.14
2458467.4088653 10.72 0.12
2458467.4111236 10.96 0.15
2458467.4130320 11.12 0.18
2458467.4145945 11.00 0.16
2458467.4151153 10.87 0.14
2458467.4175459 10.96 0.15
2458469.3667865 11.14 0.12
2458469.3670135 11.07 0.12
2458469.3671871 11.05 0.11
2458469.3673607 11.15 0.12
2458469.3675343 10.98 0.11
2458469.3677079 10.99 0.11
2458469.3678815 10.95 0.10
2458469.3680551 11.08 0.12
2458469.3682287 11.12 0.12
2458469.3685760 10.99 0.11
2458469.3687496 11.11 0.12
2458469.3689232 10.92 0.10
2458469.3690968 11.12 0.12
2458469.3692704 11.17 0.13
2458469.3694440 11.02 0.11
2458469.3696176 10.95 0.11
2458469.3697912 11.25 0.14
2458469.3699648 10.94 0.10
2458469.3701384 11.05 0.11
2458469.3703121 11.06 0.12
2458469.3704857 11.10 0.12
2458469.3708329 11.13 0.12
2458469.3710065 11.17 0.13
2458469.3711801 11.12 0.12
2458469.3713537 11.08 0.12
2458469.3715273 11.09 0.12
2458469.3717009 11.16 0.12
2458469.3720482 11.13 0.12
2458469.3722218 11.26 0.14
2458469.3723954 11.10 0.12
2458469.3725690 10.97 0.11
2458469.3729162 11.09 0.12
2458469.3730898 11.10 0.12
2458469.3732635 10.98 0.11
2458469.3734371 11.21 0.13
2458469.3736107 10.97 0.11
2458469.3737843 11.08 0.12
2458469.3739579 11.02 0.11
2458469.3741315 11.04 0.11
2458469.3743051 11.05 0.12
2458469.3744787 10.95 0.10
2458469.3746524 11.06 0.11
2458469.3748260 11.17 0.13
2458469.3751732 10.92 0.10
2458469.3753468 11.11 0.12
2458469.3755204 11.21 0.13
2458469.3756940 11.19 0.13
2458469.3758676 11.32 0.15
2458469.3760425 11.01 0.11
2458469.3762159 11.15 0.13
2458469.3763894 10.94 0.10
2458469.3765628 11.11 0.12
2458469.3767363 11.21 0.13
2458469.3769097 10.95 0.10
2458469.3770832 11.12 0.12
2458469.3772566 11.01 0.11
2458469.3774301 11.04 0.11
2458469.3776037 11.41 0.16
2458469.3777773 11.12 0.12
2458469.3779510 11.11 0.12
2458469.3781246 11.12 0.12
2458469.3782982 11.00 0.11
2458469.3784718 11.09 0.12
2458469.3786454 11.35 0.15
2458488.3045899 10.99 0.13
2458488.3049371 11.03 0.14
2458488.3059788 11.08 0.15
2458488.3063260 11.12 0.15
2458488.3066732 11.01 0.14
2458488.3077149 10.95 0.13
2458488.3082357 10.99 0.14
2458488.3091038 11.15 0.16
2458488.3092788 11.01 0.14
2458488.3110135 10.95 0.13
2458488.3113607 11.09 0.15
2458488.3115344 11.03 0.14
2458488.3118816 10.96 0.14
2458488.3124024 11.15 0.16
2458488.3125760 11.13 0.16
2458488.3129232 11.05 0.15
2458488.3144857 11.01 0.14
2458488.3146593 11.00 0.14
2458488.3148330 11.04 0.15
2458488.3150066 11.02 0.14
2458488.3151802 11.03 0.15
2458488.3155274 11.03 0.15
2458488.3160482 11.02 0.14
2458488.3169163 11.03 0.15
2458488.3172635 11.01 0.14
2458488.3186524 10.92 0.13
2458488.3217783 10.99 0.14
2458488.3221252 10.89 0.13
2458488.3226455 11.01 0.15
2458488.3228191 10.88 0.13
2458488.3238607 11.05 0.15
2458488.3254232 10.88 0.13
2458488.3257705 10.99 0.14
2458488.3261177 11.08 0.16
2458488.3266385 11.04 0.15
2458488.3273330 10.98 0.14
2458488.3278538 11.03 0.15
2458488.3283746 10.77 0.12
2458488.3287218 10.90 0.13
2458488.3306316 11.11 0.16
2458488.3316732 10.90 0.13
2458488.3327149 11.14 0.17
2458488.3341043 11.00 0.15
2458488.3347982 10.96 0.14
2458488.3349719 11.01 0.15
2458488.3351455 10.91 0.14
2458488.3365344 11.04 0.15
2458488.3374024 10.94 0.14
2458488.3386177 11.00 0.15
2458488.3393121 11.01 0.15
2458488.3400066 11.02 0.15
2458488.3405274 11.03 0.16
2458488.3455631 11.06 0.16
2458488.3459100 10.99 0.15
2458488.3462569 11.03 0.16
2458488.3472982 11.01 0.15
2458488.3485135 10.92 0.14
2458488.3488607 10.79 0.12
2458488.3511177 10.91 0.14
2458488.3521594 10.98 0.15
2458488.3535482 11.03 0.15
2458488.3537218 11.12 0.17
2458488.3545899 11.14 0.17
2458488.3551107 10.93 0.14
2458488.3552843 11.06 0.16
2458488.3577156 10.99 0.15
2458488.3582360 11.05 0.15
2458488.3589302 11.02 0.15
2458488.3591038 10.94 0.14
2458488.3599718 10.92 0.14
2458488.3604927 11.07 0.16
2458488.3617080 10.94 0.14
2458488.3625760 11.00 0.15
2458488.3653538 10.90 0.14
2458488.3672635 11.02 0.15
2458488.3686524 11.02 0.15
2458488.3690010 10.98 0.15
2458488.3693479 11.01 0.15
2458488.3698682 11.14 0.17
2458488.3709093 10.97 0.15
2458488.3712566 10.95 0.15
2458488.3716038 10.99 0.15
2458493.2526684 10.99 0.13
2458493.2528420 11.00 0.14
2458493.2535364 11.06 0.14
2458493.2537100 10.98 0.13
2458493.2538836 10.93 0.13
2458493.2540586 11.04 0.14
2458493.2542320 11.02 0.14
2458493.2544055 11.10 0.15
2458493.2545789 11.02 0.13
2458493.2547524 11.08 0.14
2458493.2549258 10.95 0.13
2458493.2550993 11.03 0.14
2458493.2552727 11.04 0.14
2458493.2556198 11.12 0.15
2458493.2557934 11.03 0.14
2458493.2561406 11.06 0.14
2458493.2564878 10.97 0.13
2458493.2566614 11.07 0.14
2458493.2568350 11.13 0.15
2458493.2570086 10.92 0.12
2458493.2571823 10.97 0.13
2458493.2573559 11.02 0.13
2458493.2575295 10.95 0.13
2458493.2577031 11.10 0.14
2458493.2578767 10.98 0.13
2458493.2580503 10.93 0.12
2458493.2583975 10.95 0.13
2458493.2589184 11.06 0.14
2458493.2594392 11.01 0.14
2458493.2597864 11.04 0.14
2458493.2599600 11.05 0.14
2458493.2603072 11.06 0.14
2458493.2610017 10.88 0.12
2458493.2613489 10.98 0.13
2458493.2616961 11.04 0.14
2458493.2618697 10.99 0.13
2458493.2620434 10.98 0.13
2458493.2622170 10.90 0.12
2458493.2625642 11.13 0.15
2458493.2627378 10.98 0.13
2458493.2629114 10.94 0.13
2458493.2632586 10.94 0.12
2458493.2639531 10.97 0.13
2458493.2641267 10.89 0.12
2458493.2644739 10.94 0.12
2458493.2646475 11.08 0.14
2458493.2649948 10.95 0.13
2458493.2651684 10.96 0.13
2458493.2653420 10.94 0.12
2458493.2655156 11.13 0.15
2458493.2658628 10.92 0.12
2458493.2662112 11.10 0.14
2458493.2663847 11.04 0.14
2458493.2665581 10.98 0.13
2458493.2667316 11.07 0.14
2458493.2669050 10.98 0.13
2458493.2670784 10.94 0.12
2458493.2672519 10.96 0.13
2458493.2674253 11.11 0.15
2458493.2675989 11.12 0.15
2458493.2677725 11.04 0.14
2458493.2679461 10.98 0.13
2458493.2689878 11.18 0.16
2458493.2691614 11.13 0.15
2458493.2693350 11.05 0.14
2458493.2695086 10.81 0.11
2458493.2700295 11.06 0.14
2458493.2702031 11.06 0.14
2458493.2705503 11.15 0.15
2458493.2707239 11.09 0.14
2458493.2708975 11.04 0.14
2458493.2710711 11.06 0.14
2458493.2714184 11.20 0.16
2458493.2715920 10.99 0.13
2458493.2717656 10.97 0.13
2458493.2719392 10.98 0.13
2458493.2721128 11.14 0.15
2458493.2722864 11.08 0.14
2458493.2724600 11.03 0.14
2458493.2726336 11.13 0.15
2458493.2729809 11.01 0.13
2458493.2731545 11.20 0.16
2458493.2735017 11.18 0.15
2458493.2736753 11.03 0.14
2458493.2738489 11.24 0.17
2458493.2740225 11.00 0.13
2458493.2741961 10.94 0.13
2458493.2743697 10.74 0.11
2458493.2747170 11.07 0.14
2458493.2748906 10.99 0.13
2458493.2750642 10.93 0.12
2458493.2755850 11.20 0.16
2458493.2761059 10.92 0.12
2458493.2762795 10.97 0.13
2458493.2766267 11.09 0.14
2458493.2774947 11.13 0.15
2458493.2778420 10.96 0.13
2458493.2780169 10.87 0.12
2458493.2783638 11.17 0.16
2458493.2785373 10.95 0.13
2458493.2787107 10.98 0.13
2458493.2788841 11.09 0.14
2458493.2799253 10.96 0.13
2458493.2800989 11.08 0.14
2458493.2807934 11.04 0.14
2458493.2811406 11.02 0.14
2458493.2816614 11.00 0.13
2458493.2818350 10.98 0.13
2458493.2820086 11.16 0.15
2458493.2821822 11.09 0.14
2458493.2823559 11.18 0.15
2458493.2828767 11.15 0.15
2458493.2833975 11.09 0.14
2458493.2835711 11.08 0.14
2458493.2839184 10.78 0.11
2458493.2842656 11.02 0.13
2458493.2846128 11.04 0.14
2458493.2849600 10.92 0.12
2458493.2851336 11.06 0.14
2458493.2853072 11.09 0.14
2458493.2856545 11.04 0.14
2458493.2858281 11.04 0.14
2458493.2860017 10.90 0.12
2458493.2861753 11.03 0.14
2458493.2865225 11.10 0.14
2458493.2866961 11.02 0.13
2458493.2868698 11.14 0.15
2458493.2870434 11.02 0.13
2458493.2872170 10.95 0.13
2458493.2873906 10.95 0.13
2458493.2875642 10.98 0.13
2458493.2877378 11.11 0.15
2458493.2879114 11.04 0.14
2458493.2880850 11.04 0.14
2458493.2884323 11.04 0.14
2458493.2891267 11.01 0.13
2458493.2893003 11.07 0.14
2458493.2894739 11.16 0.15
2458493.2898211 10.99 0.13
2458493.2899961 11.00 0.13
2458493.2901695 11.13 0.15
2458493.2903429 11.02 0.13
2458493.2905164 11.16 0.15
2458493.2906898 11.14 0.15
2458493.2908633 11.20 0.16
2458493.2910367 11.15 0.15
2458493.2912102 11.10 0.14
2458493.2915572 11.24 0.16
2458493.2917309 11.28 0.17
2458493.2919045 11.23 0.16
2458493.2925989 11.18 0.16
2458493.2927725 11.03 0.14
2458493.2929461 11.06 0.14
2458493.2931197 10.95 0.13
2458493.2932934 10.90 0.12
2458493.2936406 11.10 0.14
2458493.2938142 11.06 0.14
2458493.2939878 11.02 0.14
2458493.2945086 11.14 0.15
2458493.2948559 11.02 0.13
2458493.2952031 10.96 0.13
2458493.2953767 11.08 0.14
2458493.2957239 11.07 0.14
2458493.2958975 11.05 0.14
2458493.2960711 10.96 0.13
2458493.2962448 10.97 0.13
2458493.2965920 11.06 0.14
2458493.2967656 10.96 0.13
2458493.2969392 11.10 0.15
2458493.2971128 10.94 0.13
2458493.2979809 10.98 0.13
2458493.2983281 11.04 0.14
2458493.2988489 11.02 0.14
2458493.2990225 11.15 0.15
2458493.2995434 11.04 0.14
2458493.2997170 11.02 0.14
2458493.2998906 10.92 0.13
2458493.3002378 10.95 0.13
2458493.3007586 11.17 0.16
2458493.3023327 10.91 0.12
2458493.3025063 10.89 0.12
2458493.3030272 11.14 0.15
2458493.3037216 10.94 0.13
2458493.3038952 10.98 0.13
2458493.3040688 10.94 0.13
2458493.3045897 10.81 0.11
2458493.3049369 11.10 0.15
2458493.3052841 11.05 0.14
2458493.3058049 11.11 0.15
2458493.3063258 11.07 0.14
2458493.3066730 11.11 0.15
2458493.3068466 11.03 0.14
2458493.3070202 11.01 0.13
2458493.3073674 10.99 0.13
2458493.3075410 11.11 0.15
2458493.3082355 11.24 0.16
2458493.3085827 11.04 0.14
2458493.3087563 10.99 0.13
2458493.3089299 11.12 0.15
2458493.3091036 11.03 0.13
2458493.3092772 10.98 0.13
2458493.3094508 10.95 0.13
2458493.3099716 10.97 0.13
2458493.3103188 11.09 0.14
2458493.3104924 11.11 0.15
2458493.3106661 11.06 0.14
2458493.3117077 11.08 0.14
2458493.3118813 11.15 0.15
2458493.3120549 11.21 0.16
2458493.3122298 11.02 0.13
2458493.3124033 11.01 0.13
2458493.3130971 11.22 0.16
2458493.3132705 11.19 0.15
2458493.3136174 11.03 0.13
2458493.3137910 11.12 0.15
2458493.3139647 11.04 0.13
2458493.3143119 11.13 0.15
2458493.3153535 10.92 0.12
2458493.3155272 10.97 0.13
2458493.3157008 11.26 0.17
2458493.3158744 11.16 0.15
2458493.3160480 11.00 0.13
2458493.3162216 11.12 0.15
2458493.3163952 11.21 0.16
2458493.3165688 10.99 0.13
2458493.3172633 11.21 0.16
2458493.3174369 11.12 0.15
2458493.3176105 11.11 0.14
2458493.3177841 11.06 0.14
2458493.3179577 11.09 0.14
2458493.3183049 10.93 0.12
2458493.3184786 11.13 0.15
2458493.3189994 11.11 0.14
2458493.3195202 11.06 0.14
2458493.3196938 11.18 0.15
2458493.3200411 11.00 0.13
2458493.3207355 11.11 0.14
2458493.3209091 11.10 0.14
2458493.3212563 11.06 0.14
2458493.3217772 11.22 0.16
2458493.3219508 11.05 0.14
2458493.3221244 11.00 0.13
2458493.3226452 11.02 0.13
2458493.3228188 10.96 0.13
2458493.3231662 11.20 0.16
2458493.3240341 11.06 0.14
2458493.3245559 11.20 0.16
2458493.3247293 11.23 0.16
2458493.3259438 11.03 0.13
2458493.3261174 10.97 0.13
2458493.3275063 11.12 0.14
2458493.3276799 11.15 0.15
2458493.3283744 10.99 0.13
2458493.3285480 11.14 0.15
2458493.3287216 11.09 0.14
2458493.3290688 11.07 0.14
2458493.3292430 11.11 0.14
2458493.3297633 11.08 0.14
2458493.3299369 11.10 0.14
2458493.3302841 11.02 0.13
2458493.3306313 10.92 0.12
2458493.3309785 11.08 0.14
2458493.3313258 11.22 0.16
2458493.3316730 11.08 0.14
2458493.3318466 11.11 0.14
2458493.3321938 11.19 0.15
2458493.3325411 11.23 0.16
2458493.3327147 10.98 0.13
2458493.3328883 11.06 0.14
2458493.3330619 10.99 0.13
2458493.3341036 11.19 0.15
2458493.3344508 11.16 0.15
2458493.3353188 11.08 0.14
2458493.3354924 10.98 0.13
2458493.3360133 11.16 0.15
2458493.3361882 11.16 0.15
2458493.3367085 11.07 0.14
2458493.3368820 11.18 0.15
2458493.3375758 10.93 0.12
2458493.3377494 11.16 0.15
2458493.3380966 11.30 0.17
2458493.3382702 11.16 0.15
2458493.3387910 11.12 0.15
2458493.3393119 11.22 0.16
2458493.3394855 11.14 0.15
2458493.3401799 11.24 0.16
2458493.3403536 11.17 0.15
2458493.3417424 11.08 0.14
2458493.3419161 11.05 0.14
2458493.3424369 11.10 0.14
2458493.3426105 11.07 0.14
2458493.3429577 11.19 0.16
2458493.3431313 11.19 0.16
2458493.3434786 11.14 0.15
2458493.3439994 11.05 0.14
2458493.3441730 11.18 0.15
2458493.3448674 11.07 0.14
2458493.3450410 11.10 0.15
2458493.3452147 11.10 0.15
2458493.3453883 11.13 0.15
2458493.3460827 11.01 0.13
2458493.3464299 11.10 0.14
2458493.3474716 11.12 0.15
2458493.3481673 11.08 0.14
2458493.3483408 11.12 0.15
2458493.3485142 10.96 0.13
2458493.3488611 11.26 0.17
2458493.3499022 11.06 0.14
2458493.3502494 11.05 0.14
2458493.3509438 11.23 0.16
2458493.3516383 11.09 0.14
2458493.3518119 11.05 0.14
2458493.3523327 11.09 0.14
2458493.3525063 10.98 0.13
2458493.3533744 11.19 0.16
2458493.3535480 11.16 0.15
2458493.3537216 11.01 0.13
2458493.3542424 11.16 0.15
2458493.3544160 10.82 0.11
2458493.3547633 11.12 0.15
2458493.3554577 11.18 0.15
2458493.3561522 11.04 0.14
2458493.3566730 11.08 0.14
2458493.3570202 10.99 0.13
2458493.3573674 10.97 0.13
2458493.3577147 11.17 0.15
2458493.3580619 11.03 0.13
2458493.3589299 11.01 0.13
2458493.3591036 11.13 0.15
2458493.3606668 11.10 0.14
2458493.3608403 11.13 0.15
2458493.3613606 10.96 0.13
2458493.3622285 11.04 0.14
2458493.3629230 11.16 0.15
2458493.3630966 11.05 0.14
2458493.3632702 11.07 0.14
2458493.3643119 11.06 0.14
2458493.3646591 11.14 0.15
2458493.3651799 10.97 0.13
2458493.3653536 11.08 0.14
2458493.3657008 11.05 0.14
2458493.3660480 11.10 0.14
2458493.3663952 11.04 0.14
2458493.3667424 11.07 0.14
2458493.3672633 11.04 0.14
2458493.3676105 11.06 0.14
2458493.3679577 11.09 0.14
2458493.3683049 11.06 0.14
2458493.3684785 11.08 0.14
2458493.3689994 11.00 0.13
2458493.3691730 11.10 0.15
2458493.3695202 10.98 0.13
2458493.3700410 11.13 0.15
2458493.3705619 11.11 0.15
2458493.3710827 11.02 0.13
2458493.3714299 11.11 0.15
2458493.3719508 11.17 0.15
2458493.3721257 11.18 0.16
2458493.3722991 11.07 0.14
2458493.3724725 10.94 0.13
2458493.3726460 11.04 0.14
2458493.3728194 11.05 0.14
2458493.3729928 11.08 0.14
2458493.3736869 10.82 0.11
2458493.3738605 11.05 0.14
2458493.3749022 11.07 0.14
2458493.3750758 11.24 0.16
2458493.3752494 11.04 0.14
2458493.3754230 11.09 0.14
2458493.3759438 11.14 0.15
2458493.3764647 11.08 0.14
2458493.3769855 11.26 0.17
2458493.3775063 11.02 0.14
2458493.3778535 11.20 0.16
2458493.3782008 10.97 0.13
2458493.3785480 11.18 0.16
2458493.3794161 11.13 0.15
2458493.3801105 11.04 0.14
2458493.3804577 11.11 0.15
2458493.3808049 11.15 0.16
2458493.3809786 11.05 0.14
2458493.3813258 11.04 0.14
2458493.3814994 11.20 0.16
2458493.3816730 11.11 0.15
2458493.3823674 11.02 0.14
2458493.3830619 11.05 0.14
2458493.3832355 11.13 0.15
2458493.3834091 11.02 0.14
2458493.3837563 11.15 0.16
2458493.3839313 11.08 0.15
2458493.3842782 11.19 0.16
2458493.3844517 10.82 0.12
2458493.3846251 11.18 0.16
2458493.3847985 11.12 0.15
2458493.3858397 10.93 0.13
2458493.3860133 11.14 0.15
2458493.3865341 11.02 0.14
2458493.3880966 11.10 0.15
2458493.3886174 10.81 0.12
2458493.3889647 11.17 0.16
2458493.3891383 11.12 0.15
2458493.3896591 10.96 0.13
2458493.3907008 10.96 0.13
2458493.3917424 11.07 0.15
2458493.3920897 11.11 0.15
2458493.3927841 11.04 0.14
2458493.3938258 10.97 0.13
2458493.3939994 10.98 0.14
2458493.3941730 10.90 0.13
2458493.3946938 11.21 0.17
2458493.3952147 10.97 0.13
2458493.3955619 11.03 0.14
2458493.3985133 10.87 0.13
2458493.3992077 11.01 0.14
2458493.3995549 11.15 0.16
2458493.4000758 11.02 0.14
2458493.4019855 10.91 0.13
2458493.4021591 11.16 0.16
2458493.4028536 11.05 0.15
2458493.4032008 11.04 0.15
2458493.4037216 11.03 0.14
2458493.4045897 11.00 0.14
2458493.4056313 10.82 0.12
2458493.4058049 10.98 0.14
2458493.4064994 10.96 0.14
2458493.4075410 10.92 0.13
2458493.4077147 10.96 0.14
2458493.4084099 10.95 0.14
2458493.4115341 11.04 0.15
2458493.4120549 11.01 0.14
2458493.4157008 11.09 0.16
2458495.1759091 10.84 0.17
2458495.1960481 10.65 0.14
2458495.2276452 10.79 0.15
2458495.2387563 10.88 0.16
2458495.2437914 10.88 0.16
2458495.2510827 10.81 0.15
2458495.2576799 10.84 0.15
2458495.2590688 10.93 0.16
2458495.2665341 10.86 0.15
2458495.2701799 10.87 0.16
2458495.2705272 10.73 0.14
2458495.2731313 10.88 0.15
2458495.2733049 10.91 0.16
2458495.2771244 10.95 0.17
2458495.2785133 10.87 0.15
2458495.2793822 10.94 0.16
2458495.2797290 10.82 0.15
2458495.2833744 10.90 0.15
2458495.2864994 10.84 0.15
2458495.2871938 11.00 0.17
2458495.2899716 10.93 0.16
2458495.2901452 10.81 0.15
2458495.2922286 10.82 0.15
2458495.2955272 10.71 0.13
2458495.2958744 10.86 0.15
2458495.2993466 10.80 0.14
2458495.2995202 10.93 0.16
2458495.3003883 10.94 0.16
2458495.3040343 10.74 0.14
2458495.3108049 10.79 0.14
2458495.3118466 10.89 0.16
2458495.3141036 10.81 0.14
2458495.3149729 10.76 0.14
2458498.1666972 11.07 0.18
2458498.1670441 10.94 0.16
2458498.1758975 10.96 0.15
2458498.1769392 10.90 0.14
2458498.1785029 10.91 0.15
2458498.1805850 10.97 0.15
2458498.1809323 10.98 0.15
2458498.1812795 11.02 0.16
2458498.1821475 10.91 0.14
2458498.1844045 10.95 0.15
2458498.1847517 10.93 0.14
2458498.1854461 10.97 0.15
2458498.1856197 10.83 0.13
2458498.1859670 10.92 0.14
2458498.1866614 10.91 0.14
2458498.1868350 10.90 0.14
2458498.1885711 10.86 0.13
2458498.1894392 10.80 0.13
2458498.1915225 10.97 0.15
2458498.1927378 11.00 0.15
2458498.1932586 10.99 0.15
2458498.1943003 10.99 0.15
2458498.1946475 11.09 0.16
2458498.1955156 10.97 0.15
2458498.1956892 10.99 0.15
2458498.1960378 11.06 0.15
2458498.1963846 11.01 0.15
2458498.1965581 11.08 0.16
2458498.1974253 10.98 0.14
2458498.1979461 11.05 0.15
2458498.1981198 10.92 0.14
2458498.1986406 11.13 0.16
2458498.1989878 11.03 0.15
2458498.2003767 10.75 0.12
2458498.2005503 11.00 0.15
2458498.2007239 10.89 0.13
2458498.2008975 10.99 0.14
2458498.2022864 10.86 0.13
2458498.2024600 10.99 0.14
2458498.2026336 10.98 0.14
2458498.2031545 11.02 0.14
2458498.2035017 10.90 0.13
2458498.2045434 11.09 0.15
2458498.2048906 11.12 0.16
2458498.2052378 10.85 0.12
2458498.2059323 10.80 0.12
2458498.2061059 10.83 0.12
2458498.2062795 10.95 0.14
2458498.2071475 11.01 0.14
2458498.2074947 11.14 0.16
2458498.2078420 10.82 0.12
2458498.2080169 10.98 0.14
2458498.2083638 11.21 0.17
2458498.2085373 11.10 0.15
2458498.2088841 11.01 0.14
2458498.2090576 11.00 0.14
2458498.2107934 10.99 0.14
2458498.2109670 11.02 0.14
2458498.2113142 11.04 0.15
2458498.2116614 11.05 0.15
2458498.2118350 11.02 0.14
2458498.2120086 11.04 0.15
2458498.2137448 11.03 0.15
2458498.2149600 10.90 0.13
2458498.2165225 11.02 0.14
2458498.2184322 10.99 0.14
2458498.2186059 11.17 0.16
2458498.2193003 10.89 0.13
2458498.2199960 10.79 0.12
2458498.2203429 11.06 0.14
2458498.2205163 11.08 0.15
2458498.2208632 11.14 0.16
2458498.2210366 11.03 0.14
2458498.2213836 11.11 0.15
2458498.2215573 11.06 0.15
2458498.2217309 11.11 0.15
2458498.2219045 10.93 0.13
2458498.2225989 11.13 0.15
2458498.2227725 11.14 0.16
2458498.2234670 11.05 0.14
2458498.2236406 10.93 0.13
2458498.2246822 11.07 0.14
2458498.2248559 11.08 0.15
2458498.2253767 11.07 0.15
2458498.2258975 11.07 0.15
2458498.2262447 11.16 0.16
2458498.2271128 11.09 0.15
2458498.2274600 11.11 0.15
2458498.2276336 11.09 0.15
2458498.2279809 11.11 0.15
2458498.2281545 10.81 0.12
2458498.2283281 11.03 0.14
2458498.2285017 10.98 0.14
2458498.2286753 11.20 0.17
2458498.2288489 11.10 0.15
2458498.2295434 11.11 0.15
2458498.2304114 10.91 0.13
2458498.2318016 11.03 0.14
2458498.2324954 10.95 0.13
2458498.2326688 10.94 0.14
2458498.2335364 11.05 0.15
2458498.2357934 11.10 0.16
2458498.2364878 10.93 0.13
2458498.2370086 10.99 0.14
2458498.2380503 11.07 0.15
2458498.2390920 11.05 0.15
2458498.2392656 10.84 0.12
2458498.2394392 10.98 0.14
2458498.2396128 11.08 0.15
2458498.2397864 10.97 0.14
2458498.2411753 11.05 0.15
2458498.2423906 11.03 0.15
2458498.2429114 11.07 0.15
2458498.2432586 11.13 0.16
2458498.2437807 11.08 0.15
2458498.2458628 11.01 0.15
2458498.2462100 10.77 0.12
2458498.2465572 11.01 0.15
2458498.2479461 10.89 0.13
2458498.2481197 10.86 0.13
2458498.2482934 10.93 0.14
2458498.2484670 11.01 0.15
2458498.2488142 11.03 0.15
2458498.2489878 10.87 0.13
2458498.2495086 11.03 0.15
2458498.2502031 11.02 0.15
2458498.2512448 10.94 0.14
2458498.2514184 10.92 0.14
2458498.2515920 11.09 0.16
2458498.2517656 11.03 0.15
2458498.2521128 11.08 0.16
2458498.2528073 10.97 0.14
2458498.2531545 11.04 0.15
2458498.2535017 11.10 0.16
2458498.2536753 10.95 0.14
2458498.2545434 10.97 0.15
2458498.2555863 10.80 0.13
2458498.2561066 11.13 0.17
2458498.2588836 11.10 0.17
2458498.2606198 10.82 0.13
2458498.2618350 10.89 0.14
2458498.2627031 10.95 0.12
2458498.2628767 11.07 0.13
2458498.2632239 11.16 0.14
2458498.2633975 10.92 0.11
2458498.2635711 11.01 0.12
2458498.2637447 11.03 0.13
2458498.2639184 11.13 0.14
2458498.2640920 11.21 0.15
2458498.2642656 11.05 0.13
2458498.2644392 10.97 0.12
2458498.2646128 10.96 0.12
2458498.2647864 10.97 0.12
2458498.2649600 11.01 0.13
2458498.2651336 10.94 0.12
2458498.2653072 11.14 0.14
2458498.2654809 11.04 0.13
2458498.2656545 10.94 0.12
2458498.2658281 11.14 0.14
2458498.2660017 11.11 0.14
2458498.2663489 11.18 0.14
2458498.2665225 11.18 0.15
2458498.2670434 11.01 0.13
2458498.2673906 11.12 0.14
2458498.2675655 11.00 0.13
2458498.2680858 11.16 0.14
2458498.2682593 10.88 0.11
2458498.2684327 10.94 0.12
2458498.2686062 11.02 0.13
2458498.2687796 11.11 0.14
2458498.2689531 11.14 0.14
2458498.2691267 11.17 0.14
2458498.2693003 11.04 0.13
2458498.2694739 11.07 0.13
2458498.2696475 10.90 0.11
2458498.2698211 11.34 0.17
2458498.2699947 10.94 0.12
2458498.2703420 10.91 0.11
2458498.2705156 10.90 0.11
2458498.2706892 10.80 0.10
2458498.2710364 11.01 0.12
2458498.2712100 11.28 0.16
2458498.2713836 11.04 0.13
2458498.2715572 11.23 0.15
2458498.2717309 11.00 0.12
2458498.2719045 11.04 0.13
2458498.2720781 11.01 0.13
2458498.2722517 11.20 0.15
2458498.2724253 11.06 0.13
2458498.2725989 11.13 0.14
2458498.2727725 11.12 0.14
2458498.2729461 11.17 0.14
2458498.2731197 11.07 0.13
2458498.2732934 11.07 0.13
2458498.2734670 11.16 0.14
2458498.2736406 10.92 0.11
2458498.2738142 11.19 0.15
2458498.2741614 10.92 0.11
2458498.2743350 11.05 0.13
2458498.2745086 11.11 0.13
2458498.2746823 10.91 0.11
2458498.2748559 10.96 0.12
2458498.2750295 11.25 0.15
2458498.2755503 11.17 0.14
2458498.2757239 11.08 0.13
2458498.2758975 11.10 0.13
2458498.2760711 11.09 0.13
2458498.2762448 11.16 0.14
2458498.2765920 10.89 0.11
2458498.2767656 11.01 0.12
2458498.2769392 11.19 0.15
2458498.2771128 11.12 0.14
2458498.2772864 11.17 0.14
2458498.2774600 11.13 0.14
2458498.2778072 11.24 0.15
2458498.2779809 10.96 0.12
2458498.2781545 11.23 0.15
2458498.2783281 11.01 0.12
2458498.2785017 11.30 0.16
2458498.2788489 11.24 0.15
2458498.2790225 11.20 0.15
2458498.2793697 11.16 0.14
2458498.2795448 11.03 0.13
2458498.2797182 11.12 0.14
2458498.2798916 11.05 0.13
2458498.2800651 10.89 0.11
2458498.2802385 10.96 0.12
2458498.2805854 11.12 0.14
2458498.2807589 11.12 0.14
2458498.2809323 11.17 0.14
2458498.2811059 10.85 0.11
2458498.2812795 11.11 0.14
2458498.2814531 10.99 0.12
2458498.2816267 11.09 0.13
2458498.2818003 11.08 0.13
2458498.2819739 11.18 0.14
2458498.2821475 10.98 0.12
2458498.2824948 11.16 0.15
2458498.2826684 10.95 0.12
2458498.2830156 11.08 0.13
2458498.2831892 11.08 0.13
2458498.2833628 11.14 0.14
2458498.2835364 11.11 0.14
2458498.2838836 11.15 0.14
2458498.2842309 11.09 0.13
2458498.2844045 11.17 0.14
2458498.2845781 11.12 0.14
2458498.2847517 11.04 0.13
2458498.2850989 11.01 0.13
2458498.2852725 10.89 0.11
2458498.2856197 11.14 0.14
2458498.2857934 11.07 0.13
2458498.2859670 10.94 0.12
2458498.2861406 11.15 0.14
2458498.2863142 10.95 0.12
2458498.2866614 11.00 0.12
2458498.2870086 10.99 0.12
2458498.2873559 11.17 0.15
2458498.2875295 11.05 0.13
2458498.2878767 11.07 0.13
2458498.2882239 11.07 0.13
2458498.2883975 10.94 0.12
2458498.2885711 10.99 0.13
2458498.2887447 11.06 0.13
2458498.2889184 11.04 0.13
2458498.2890920 11.21 0.15
2458498.2894392 11.07 0.13
2458498.2896128 11.18 0.15
2458498.2897864 11.30 0.16
2458498.2901336 11.11 0.14
2458498.2903073 11.31 0.17
2458498.2904809 11.10 0.14
2458498.2906545 10.99 0.12
2458498.2908281 10.98 0.12
2458498.2910017 11.03 0.13
2458498.2911753 11.05 0.13
2458498.2913489 10.99 0.13
2458498.2918708 11.11 0.14
2458498.2920443 10.99 0.13
2458498.2923912 11.23 0.16
2458498.2925646 10.99 0.13
2458498.2927381 11.17 0.15
2458498.2930850 10.89 0.11
2458498.2934322 11.11 0.14
2458498.2937795 11.16 0.15
2458498.2939531 11.11 0.14
2458498.2941267 10.94 0.12
2458498.2943003 11.07 0.14
2458498.2944739 10.89 0.12
2458498.2946475 11.16 0.15
2458498.2949947 10.95 0.12
2458498.2953420 11.07 0.14
2458498.2955156 11.00 0.13
2458498.2956892 11.07 0.13
2458498.2958628 11.18 0.15
2458498.2962100 11.13 0.14
2458498.2963836 11.01 0.13
2458498.2965572 11.06 0.14
2458498.2967309 11.05 0.13
2458498.2970781 11.18 0.15
2458498.2972517 11.08 0.13
2458498.2974253 11.19 0.15
2458498.2975989 11.13 0.14
2458498.2979461 11.26 0.16
2458498.2984670 11.08 0.14
2458498.2986406 10.98 0.12
2458498.2991614 11.20 0.15
2458498.2993350 11.04 0.13
2458498.2996823 11.10 0.14
2458498.3000295 10.97 0.13
2458498.3002031 11.16 0.15
2458498.3003767 11.02 0.13
2458498.3005503 11.07 0.13
2458498.3007239 11.00 0.13
2458498.3008975 11.11 0.14
2458498.3010711 11.19 0.15
2458498.3012447 10.99 0.13
2458498.3014184 10.90 0.11
2458498.3017656 11.23 0.16
2458498.3019392 11.14 0.14
2458498.3021128 11.13 0.14
2458498.3022864 11.17 0.15
2458498.3024600 11.03 0.13
2458498.3026336 11.22 0.15
2458498.3028072 11.11 0.14
2458498.3031545 10.97 0.12
2458498.3033281 11.02 0.13
2458498.3035017 11.05 0.13
2458498.3036766 11.12 0.14
2458498.3038500 11.16 0.14
2458498.3041969 11.02 0.13
2458498.3043703 10.99 0.12
2458498.3050642 10.96 0.12
2458498.3054114 11.17 0.15
2458498.3055850 11.15 0.14
2458498.3057586 11.00 0.13
2458498.3061059 11.05 0.13
2458498.3062795 11.12 0.14
2458498.3066267 11.06 0.13
2458498.3073211 11.09 0.14
2458498.3074948 11.20 0.15
2458498.3076684 11.15 0.14
2458498.3078420 11.04 0.13
2458498.3080156 11.04 0.13
2458498.3081892 10.96 0.12
2458498.3087100 11.07 0.13
2458498.3092309 10.90 0.12
2458498.3100989 10.93 0.12
2458498.3102725 11.05 0.13
2458498.3106197 11.11 0.14
2458498.3114878 11.04 0.13
2458498.3116614 11.12 0.14
2458498.3121822 11.09 0.14
2458498.3125295 11.15 0.15
2458498.3137448 11.12 0.14
2458498.3140920 11.15 0.15
2458498.3142656 11.07 0.14
2458498.3144392 11.09 0.14
2458498.3147864 11.05 0.13
2458498.3154809 11.00 0.13
2458498.3158292 11.01 0.13
2458498.3161761 11.24 0.16
2458498.3163496 11.27 0.17
2458498.3165230 11.04 0.13
2458498.3166965 10.95 0.13
2458498.3170434 11.07 0.14
2458498.3172170 11.17 0.15
2458498.3173906 11.03 0.13
2458498.3175642 11.10 0.14
2458498.3179114 11.10 0.14
2458498.3180850 11.09 0.14
2458500.2357702 10.88 0.15
2458500.2378536 10.96 0.17
2458500.2388952 10.89 0.15
2458500.2416730 10.65 0.12
2458500.2487910 10.94 0.15
2458500.2515688 11.12 0.18
2458500.2605966 10.95 0.15
2458500.2607702 10.97 0.15
2458500.2632008 10.96 0.15
2458500.2666730 11.06 0.16
2458500.2668466 11.00 0.15
2458500.2706661 11.12 0.17
2458500.2708397 10.96 0.15
2458500.2720549 11.01 0.15
2458500.2727494 11.01 0.15
2458500.2737910 11.02 0.15
2458500.2741383 11.02 0.16
2458500.2746591 10.94 0.14
2458500.2757008 10.98 0.15
2458500.2760480 10.95 0.14
2458500.2812568 10.98 0.15
2458500.2819508 10.90 0.14
2458500.2843813 10.92 0.14
2458500.2852494 11.08 0.16
2458500.2857702 11.04 0.15
2458500.2883744 10.99 0.15
2458500.2894160 11.08 0.16
2458500.2897633 11.00 0.14
2458500.2902841 11.10 0.16
2458500.2916730 11.10 0.16
2458500.2921938 10.94 0.13
2458500.2923688 11.07 0.15
2458500.2925423 11.09 0.15
2458500.2930626 10.94 0.13