2458467.3668514 10.89 0.13
2458467.3677195 10.75 0.11
2458467.3678931 10.89 0.13
2458467.3684139 10.81 0.12
2458467.3685875 10.88 0.13
2458467.3689347 10.95 0.14
2458467.3692820 10.93 0.14
2458467.3694556 11.02 0.15
2458467.3698028 11.05 0.15
2458467.3701500 10.81 0.12
2458467.3706709 10.76 0.12
2458467.3708445 10.89 0.13
2458467.3718861 10.94 0.14
2458467.3729278 10.82 0.12
2458467.3732750 10.82 0.12
2458467.3734486 10.94 0.14
2458467.3736223 10.85 0.13
2458467.3739695 10.95 0.14
2458467.3741431 10.84 0.13
2458467.3744903 10.82 0.13
2458467.3748375 10.93 0.14
2458467.3751848 10.84 0.12
2458467.3753584 11.03 0.15
2458467.3765739 10.94 0.14
2458467.3767473 10.97 0.14
2458467.3769209 10.90 0.14
2458467.3770945 10.91 0.14
2458467.3779625 10.89 0.13
2458467.3784834 10.68 0.11
2458467.3793514 10.76 0.12
2458467.3800459 10.87 0.13
2458467.3802195 10.95 0.14
2458467.3803931 10.90 0.13
2458467.3812611 10.87 0.13
2458467.3819556 10.83 0.13
2458467.3824764 11.01 0.15
2458467.3829973 11.03 0.15
2458467.3831709 10.77 0.12
2458467.3836917 10.78 0.12
2458467.3849070 10.82 0.13
2458467.3859486 10.81 0.12
2458467.3861222 10.84 0.13
2458467.3871639 10.80 0.12
2458467.3873389 10.89 0.14
2458467.3876858 10.84 0.13
2458467.3878592 10.94 0.14
2458467.3880327 10.86 0.13
2458467.3885530 10.87 0.13
2458467.3890736 10.81 0.13
2458467.3894209 10.91 0.14
2458467.3895945 10.90 0.14
2458467.3897681 11.02 0.15
2458467.3901153 10.81 0.12
2458467.3904625 10.68 0.11
2458467.3906361 11.06 0.16
2458467.3918514 10.98 0.15
2458467.3923722 10.91 0.14
2458467.3942820 10.90 0.14
2458467.3944556 10.77 0.12
2458467.3946292 11.00 0.15
2458467.3948028 11.04 0.16
2458467.3956709 10.93 0.14
2458467.3958445 10.74 0.12
2458467.3960181 10.79 0.12
2458467.3965389 10.92 0.14
2458467.3967125 10.94 0.14
2458467.3975806 10.75 0.12
2458467.3977542 10.79 0.12
2458467.3981014 10.78 0.12
2458467.3986223 10.95 0.14
2458467.3987959 10.85 0.13
2458467.3989695 10.79 0.12
2458467.3993180 10.90 0.14
2458467.3994914 10.69 0.11
2458467.3996649 10.95 0.14
2458467.4001852 10.97 0.14
2458467.4003586 10.94 0.14
2458467.4007056 10.80 0.12
2458467.4010528 10.80 0.13
2458467.4012264 10.92 0.14
2458467.4014000 10.90 0.14
2458467.4015736 10.83 0.13
2458467.4017472 10.95 0.14
2458467.4019209 10.90 0.14
2458467.4020945 10.93 0.14
2458467.4027889 10.75 0.12
2458467.4029625 10.95 0.14
2458467.4031361 10.82 0.13
2458467.4033098 11.03 0.16
2458467.4038306 11.02 0.15
2458467.4040042 10.90 0.14
2458467.4041778 10.81 0.13
2458467.4043514 10.87 0.13
2458467.4048723 10.78 0.12
2458467.4052195 10.88 0.13
2458467.4066084 10.89 0.14
2458467.4078236 10.88 0.14
2458467.4081709 10.92 0.14
2458467.4090389 10.89 0.14
2458467.4111236 10.82 0.13
2458467.4118174 10.92 0.14
2458467.4119908 10.92 0.14
2458467.4125112 10.76 0.12
2458467.4126848 10.79 0.13
2458467.4128584 10.74 0.12
2458467.4132056 10.86 0.13
2458467.4133792 10.97 0.15
2458467.4135528 10.75 0.12
2458467.4137264 10.96 0.15
2458467.4144209 10.90 0.14
2458467.4145945 10.95 0.15
2458467.4149417 10.98 0.15
2458467.4151153 10.83 0.13
2458467.4152889 10.97 0.15
2458467.4156361 10.85 0.13
2458467.4158097 10.80 0.13
2458467.4163306 11.01 0.16
2458467.4165042 10.86 0.14
2458467.4166778 10.86 0.14
2458467.4170250 10.84 0.13
2458467.4173722 10.89 0.14
2458467.4177195 10.80 0.13
2458467.4178931 10.78 0.13
2458467.4182403 10.84 0.14
2458467.4184139 10.88 0.14
2458467.4199764 10.82 0.13
2458467.4203236 10.90 0.15
2458469.3670135 10.80 0.09
2458469.3671871 10.80 0.09
2458469.3673607 10.78 0.09
2458469.3677079 10.85 0.09
2458469.3680551 10.80 0.09
2458469.3685760 10.78 0.09
2458469.3689232 10.72 0.09
2458469.3694440 10.87 0.10
2458469.3701384 10.82 0.09
2458469.3704857 10.73 0.09
2458469.3711801 10.75 0.09
2458469.3722218 10.73 0.08
2458469.3741315 10.94 0.10
2458469.3751732 10.77 0.09
2458469.3776037 10.70 0.08
2458488.3045899 10.72 0.11
2458488.3049371 10.84 0.12
2458488.3052844 10.73 0.11
2458488.3056316 10.72 0.11
2458488.3085830 10.82 0.12
2458488.3092788 10.89 0.12
2458488.3108399 10.71 0.11
2458488.3111871 10.88 0.13
2458488.3117080 10.90 0.13
2458488.3125760 10.75 0.11
2458488.3146593 10.93 0.13
2458488.3148330 10.83 0.12
2458488.3158746 10.82 0.12
2458488.3163955 10.77 0.12
2458488.3165691 10.98 0.14
2458488.3167427 10.89 0.13
2458488.3174371 10.86 0.12
2458488.3177844 10.76 0.11
2458488.3179580 10.93 0.13
2458488.3181316 10.91 0.13
2458488.3186524 10.77 0.11
2458488.3188260 10.98 0.14
2458488.3205621 10.80 0.12
2458488.3212579 10.71 0.11
2458488.3214314 10.96 0.14
2458488.3219517 10.98 0.14
2458488.3222986 10.71 0.11
2458488.3229927 10.97 0.14
2458488.3238607 10.87 0.13
2458488.3252496 10.73 0.11
2458488.3261177 10.93 0.14
2458488.3266385 10.91 0.13
2458488.3275066 10.95 0.14
2458488.3283746 10.90 0.13
2458488.3285482 10.91 0.14
2458488.3287218 10.79 0.12
2458488.3297635 10.74 0.12
2458488.3308052 10.98 0.15
2458488.3309788 10.70 0.11
2458488.3323677 10.83 0.13
2458488.3325413 10.92 0.14
2458488.3327149 10.94 0.14
2458488.3328885 10.95 0.14
2458488.3332370 10.88 0.13
2458488.3334105 10.87 0.13
2458488.3339308 10.94 0.14
2458488.3341043 10.89 0.13
2458488.3346246 10.83 0.13
2458488.3360135 10.86 0.13
2458488.3365344 10.81 0.12
2458488.3382705 10.99 0.15
2458488.3384441 11.00 0.15
2458488.3387913 10.77 0.12
2458488.3391385 10.84 0.13
2458488.3393121 11.04 0.15
2458488.3398330 10.86 0.13
2458488.3400066 11.04 0.15
2458488.3401802 10.67 0.11
2458488.3403538 10.82 0.13
2458488.3405274 10.84 0.13
2458488.3407010 10.85 0.13
2458488.3408746 10.71 0.11
2458488.3410482 11.03 0.15
2458488.3412219 10.96 0.14
2458488.3413955 10.95 0.14
2458488.3419163 10.76 0.12
2458488.3424371 10.71 0.11
2458488.3427844 11.01 0.15
2458488.3429580 10.74 0.12
2458488.3434788 10.95 0.14
2458488.3441732 10.85 0.13
2458488.3452162 10.90 0.14
2458488.3453896 10.80 0.12
2458488.3457365 10.91 0.14
2458488.3459100 10.88 0.13
2458488.3464303 10.99 0.15
2458488.3467774 10.76 0.12
2458488.3471246 10.95 0.14
2458488.3472982 10.73 0.12
2458488.3476455 11.01 0.15
2458488.3479927 10.95 0.14
2458488.3483399 10.86 0.13
2458488.3485135 10.89 0.13
2458488.3488607 10.77 0.12
2458488.3492080 10.93 0.14
2458488.3493816 10.93 0.14
2458488.3500760 10.73 0.12
2458488.3504232 11.02 0.15
2458488.3505969 11.03 0.15
2458488.3507705 10.78 0.12
2458488.3516385 10.87 0.13
2458488.3518121 10.92 0.14
2458488.3519857 10.71 0.11
2458488.3521594 10.81 0.12
2458488.3523330 10.81 0.12
2458488.3525066 10.88 0.13
2458488.3528538 10.93 0.14
2458488.3530274 10.91 0.14
2458488.3532010 10.90 0.14
2458488.3533746 10.85 0.13
2458488.3537218 10.85 0.13
2458488.3540691 10.92 0.14
2458488.3545899 10.98 0.15
2458488.3547635 10.98 0.15
2458488.3551107 10.94 0.14
2458488.3554580 10.80 0.12
2458488.3556316 10.73 0.12
2458488.3564996 10.98 0.15
2458488.3566732 10.93 0.14
2458488.3568469 10.91 0.14
2458488.3570218 10.92 0.14
2458488.3571953 10.94 0.14
2458488.3573687 10.96 0.14
2458488.3575422 11.09 0.16
2458488.3577156 10.91 0.14
2458488.3578891 10.83 0.13
2458488.3580625 10.87 0.13
2458488.3582360 10.90 0.14
2458488.3584094 10.82 0.13
2458488.3585830 10.94 0.14
2458488.3587566 10.97 0.14
2458488.3591038 10.89 0.13
2458488.3606663 10.95 0.14
2458488.3611871 10.80 0.12
2458488.3613607 10.80 0.12
2458488.3620552 10.95 0.14
2458488.3632705 11.00 0.15
2458488.3643121 10.78 0.12
2458488.3646594 10.88 0.13
2458488.3648330 10.86 0.13
2458488.3657010 10.64 0.11
2458488.3658746 10.86 0.13
2458488.3660482 10.94 0.14
2458488.3662219 10.86 0.13
2458488.3670899 10.94 0.14
2458488.3672635 10.91 0.14
2458488.3676107 10.76 0.12
2458488.3677844 10.94 0.14
2458488.3679580 10.88 0.13
2458488.3688260 11.01 0.15
2458488.3691744 11.03 0.15
2458488.3695213 10.83 0.13
2458488.3696948 10.87 0.13
2458488.3698682 10.76 0.12
2458488.3700417 10.86 0.13
2458488.3702150 10.95 0.14
2458488.3705621 10.90 0.14
2458488.3707357 10.85 0.13
2458488.3721246 10.87 0.14
2458488.3724718 10.80 0.13
2458488.3726455 10.85 0.13
2458488.3729927 10.86 0.13
2458488.3735135 10.91 0.14
2458493.2523211 10.90 0.12
2458493.2542320 10.87 0.12
2458493.2556198 11.00 0.13
2458493.2577031 10.90 0.12
2458493.2578767 10.89 0.12
2458493.2580503 10.80 0.11
2458493.2587447 10.86 0.12
2458493.2589184 10.94 0.13
2458493.2592656 10.69 0.10
2458493.2594392 10.91 0.12
2458493.2597864 10.58 0.09
2458493.2601336 10.97 0.13
2458493.2623906 11.05 0.14
2458493.2639531 10.75 0.11
2458493.2644739 10.89 0.12
2458493.2658628 10.95 0.13
2458493.2667316 10.96 0.13
2458493.2684670 10.97 0.13
2458493.2688142 10.85 0.12
2458493.2689878 10.97 0.13
2458493.2703767 10.98 0.13
2458493.2705503 10.84 0.11
2458493.2721128 10.95 0.13
2458493.2722864 10.94 0.12
2458493.2726336 10.96 0.13
2458493.2729809 10.94 0.12
2458493.2731545 11.05 0.14
2458493.2736753 10.74 0.10
2458493.2738489 10.78 0.11
2458493.2741961 10.85 0.11
2458493.2747170 10.95 0.13
2458493.2748906 10.72 0.10
2458493.2764531 10.88 0.12
2458493.2771475 10.86 0.12
2458493.2781904 11.06 0.14
2458493.2783638 11.18 0.16
2458493.2785373 10.81 0.11
2458493.2787107 11.05 0.14
2458493.2788841 10.93 0.12
2458493.2792310 11.09 0.14
2458493.2797517 10.95 0.13
2458493.2799253 10.97 0.13
2458493.2806198 10.91 0.12
2458493.2807934 11.27 0.17
2458493.2809670 10.88 0.12
2458493.2813142 10.90 0.12
2458493.2818350 10.91 0.12
2458493.2830503 10.95 0.13
2458493.2832239 11.03 0.14
2458493.2839184 10.89 0.12
2458493.2842656 11.14 0.15
2458493.2847864 10.88 0.12
2458493.2853072 10.75 0.11
2458493.2858281 10.92 0.12
2458493.2870434 10.87 0.12
2458493.2877378 10.90 0.12
2458493.2879114 10.98 0.13
2458493.2880850 10.96 0.13
2458493.2884323 11.06 0.14
2458493.2889531 10.87 0.12
2458493.2891267 11.07 0.14
2458493.2893003 10.93 0.13
2458493.2896475 11.14 0.15
2458493.2898211 11.12 0.15
2458493.2903429 10.98 0.13
2458493.2906898 11.03 0.14
2458493.2908633 11.01 0.13
2458493.2910367 11.10 0.15
2458493.2917309 11.01 0.13
2458493.2919045 10.96 0.13
2458493.2920781 11.11 0.15
2458493.2925989 10.86 0.12
2458493.2929461 10.93 0.12
2458493.2932934 10.94 0.13
2458493.2941614 10.88 0.12
2458493.2950295 10.87 0.12
2458493.2953767 11.03 0.13
2458493.2957239 10.96 0.13
2458493.2958975 10.89 0.12
2458493.2962448 10.87 0.12
2458493.2965920 10.95 0.13
2458493.2969392 11.04 0.14
2458493.2971128 10.86 0.12
2458493.2976336 10.98 0.13
2458493.2979809 10.88 0.12
2458493.2983281 11.07 0.14
2458493.2985017 10.93 0.12
2458493.2990225 11.05 0.14
2458493.3018931 11.07 0.14
2458493.3023327 11.08 0.14
2458493.3025063 10.97 0.13
2458493.3026799 10.96 0.13
2458493.3030272 11.09 0.15
2458493.3032008 11.06 0.14
2458493.3044161 10.97 0.13
2458493.3047633 10.80 0.11
2458493.3049369 10.89 0.12
2458493.3054577 10.88 0.12
2458493.3068466 11.13 0.15
2458493.3075410 10.94 0.12
2458493.3077147 11.08 0.14
2458493.3082355 10.94 0.12
2458493.3092772 10.86 0.11
2458493.3101452 11.01 0.13
2458493.3104924 10.98 0.13
2458493.3117077 11.11 0.15
2458493.3120549 11.05 0.14
2458493.3122298 10.75 0.10
2458493.3124033 10.93 0.12
2458493.3125767 10.81 0.11
2458493.3127502 10.90 0.12
2458493.3129236 10.87 0.11
2458493.3130971 10.92 0.12
2458493.3132705 10.96 0.12
2458493.3134439 11.06 0.14
2458493.3146591 11.00 0.13
2458493.3165688 10.88 0.12
2458493.3167424 11.01 0.13
2458493.3188258 10.88 0.12
2458493.3189994 10.92 0.12
2458493.3191730 11.05 0.14
2458493.3200411 10.96 0.13
2458493.3219508 10.90 0.12
2458493.3233397 10.90 0.12
2458493.3245559 10.78 0.11
2458493.3259438 10.92 0.12
2458493.3266383 11.04 0.13
2458493.3268119 10.75 0.10
2458493.3273327 10.90 0.12
2458493.3280272 10.96 0.12
2458493.3290688 10.81 0.11
2458493.3294160 11.00 0.13
2458493.3302841 10.87 0.11
2458493.3304577 10.98 0.13
2458493.3309785 10.77 0.10
2458493.3311522 10.85 0.11
2458493.3314994 10.83 0.11
2458493.3316730 11.00 0.13
2458493.3318466 11.03 0.13
2458493.3320202 11.28 0.17
2458493.3321938 10.99 0.13
2458493.3327147 10.98 0.13
2458493.3328883 10.85 0.11
2458493.3332355 10.74 0.10
2458493.3337563 10.90 0.12
2458493.3341036 10.94 0.12
2458493.3342772 10.93 0.12
2458493.3346244 10.97 0.13
2458493.3353188 10.95 0.12
2458493.3354924 10.83 0.11
2458493.3358397 10.94 0.12
2458493.3361882 10.89 0.12
2458493.3365351 10.88 0.12
2458493.3367085 10.85 0.11
2458493.3368820 10.69 0.10
2458493.3372288 10.98 0.13
2458493.3377494 10.95 0.12
2458493.3379230 10.91 0.12
2458493.3382702 10.91 0.12
2458493.3384438 10.91 0.12
2458493.3389647 10.77 0.11
2458493.3393119 10.88 0.12
2458493.3394855 10.91 0.12
2458493.3398327 10.90 0.12
2458493.3407008 10.93 0.12
2458493.3410480 10.90 0.12
2458493.3413952 10.88 0.12
2458493.3415688 11.00 0.13
2458493.3420897 10.93 0.12
2458493.3422633 10.89 0.12
2458493.3424369 10.89 0.12
2458493.3427841 10.76 0.11
2458493.3433049 11.04 0.14
2458493.3439994 10.94 0.12
2458493.3445202 10.97 0.13
2458493.3448674 11.03 0.13
2458493.3450410 10.77 0.11
2458493.3466035 10.79 0.11
2458493.3469508 10.78 0.11
2458493.3471244 10.87 0.12
2458493.3478188 10.87 0.12
2458493.3485142 10.90 0.12
2458493.3492080 10.94 0.13
2458493.3493814 10.88 0.12
2458493.3499022 10.94 0.12
2458493.3500758 10.92 0.12
2458493.3502494 10.97 0.13
2458493.3504230 10.90 0.12
2458493.3505966 10.82 0.11
2458493.3507702 10.98 0.13
2458493.3509438 10.97 0.13
2458493.3516383 10.81 0.11
2458493.3521591 10.97 0.13
2458493.3523327 11.04 0.13
2458493.3542424 11.06 0.14
2458493.3549369 10.85 0.11
2458493.3554577 10.78 0.11
2458493.3558049 10.95 0.12
2458493.3564994 10.82 0.11
2458493.3566730 11.02 0.13
2458493.3573674 10.94 0.12
2458493.3575411 10.87 0.12
2458493.3577147 10.90 0.12
2458493.3587563 10.85 0.11
2458493.3592772 10.88 0.12
2458493.3596244 10.77 0.11
2458493.3599716 10.76 0.10
2458493.3601465 10.93 0.12
2458493.3604934 10.81 0.11
2458493.3606668 10.91 0.12
2458493.3610137 10.73 0.10
2458493.3613606 10.98 0.13
2458493.3617077 10.89 0.12
2458493.3622285 10.82 0.11
2458493.3624022 10.81 0.11
2458493.3632702 10.94 0.12
2458493.3634438 10.96 0.13
2458493.3639647 10.90 0.12
2458493.3646591 10.96 0.13
2458493.3660480 10.88 0.12
2458493.3662216 10.94 0.12
2458493.3665688 10.97 0.13
2458493.3674369 10.61 0.09
2458493.3679577 10.84 0.11
2458493.3686522 10.95 0.13
2458493.3702147 10.96 0.13
2458493.3722991 10.93 0.12
2458493.3724725 10.86 0.12
2458493.3729928 10.91 0.12
2458493.3736869 10.97 0.13
2458493.3745549 10.77 0.11
2458493.3747286 10.83 0.11
2458493.3752494 10.96 0.13
2458493.3759438 10.93 0.13
2458493.3769855 10.80 0.11
2458493.3783744 10.89 0.12
2458493.3785480 10.87 0.12
2458493.3788952 11.13 0.15
2458493.3794161 10.95 0.13
2458493.3797633 10.92 0.12
2458493.3801105 10.99 0.13
2458493.3809786 10.96 0.13
2458493.3813258 10.95 0.13
2458493.3816730 10.89 0.12
2458493.3818466 10.98 0.13
2458493.3820202 10.68 0.10
2458493.3827147 10.92 0.13
2458493.3830619 10.95 0.13
2458493.3841048 10.95 0.13
2458493.3842782 10.82 0.12
2458493.3844517 10.89 0.12
2458493.3846251 10.87 0.12
2458493.3847985 10.89 0.12
2458493.3849720 10.93 0.13
2458493.3858397 10.83 0.12
2458493.3860133 10.87 0.12
2458493.3863605 10.81 0.11
2458493.3884438 11.07 0.15
2458493.3887911 10.85 0.12
2458493.3891383 10.87 0.12
2458493.3893119 10.99 0.13
2458493.3894855 10.86 0.12
2458493.3896591 10.77 0.11
2458493.3900063 10.91 0.13
2458493.3901799 10.87 0.12
2458493.3903536 10.82 0.12
2458493.3907008 11.01 0.14
2458493.3912216 10.96 0.13
2458493.3915688 10.92 0.13
2458493.3919160 10.89 0.12
2458493.3922633 10.97 0.13
2458493.3924369 10.89 0.12
2458493.3926105 10.85 0.12
2458493.3927841 10.90 0.12
2458493.3931313 11.06 0.14
2458493.3933049 10.99 0.13
2458493.3936522 10.99 0.14
2458493.3943466 11.09 0.15
2458493.3945202 10.94 0.13
2458493.3946938 10.98 0.14
2458493.3948674 10.95 0.13
2458493.3967777 10.85 0.12
2458493.3969511 10.81 0.12
2458493.3974716 10.95 0.13
2458493.3976452 11.05 0.15
2458493.3979924 10.87 0.12
2458493.3981661 10.86 0.12
2458493.3985133 11.11 0.15
2458493.3986869 10.92 0.13
2458493.3992077 10.91 0.13
2458493.3995549 10.92 0.13
2458493.3999022 10.98 0.14
2458493.4002494 11.00 0.14
2458493.4007702 10.76 0.11
2458493.4011174 10.90 0.13
2458493.4019855 10.93 0.13
2458493.4025063 10.85 0.12
2458493.4032008 10.99 0.14
2458493.4037216 10.89 0.13
2458493.4038952 11.02 0.14
2458493.4047633 10.72 0.11
2458493.4051105 10.94 0.13
2458493.4052841 10.77 0.11
2458493.4054577 10.88 0.13
2458493.4061522 10.83 0.12
2458493.4063258 10.93 0.13
2458493.4064994 10.97 0.14
2458493.4073674 10.86 0.13
2458493.4080630 10.95 0.14
2458493.4084099 11.00 0.14
2458493.4085833 10.99 0.14
2458493.4089302 10.99 0.14
2458493.4096244 10.97 0.14
2458493.4097980 10.77 0.12
2458493.4099716 10.97 0.14
2458493.4104924 10.86 0.13
2458493.4111869 10.91 0.13
2458493.4118813 10.88 0.13
2458493.4130966 10.62 0.10
2458493.4136174 10.74 0.12
2458493.4137911 10.85 0.13
2458493.4141383 10.86 0.13
2458493.4146591 10.89 0.13
2458493.4157008 10.86 0.13
2458494.3475989 10.65 0.13
2458494.3481197 10.73 0.14
2458494.3491614 10.66 0.14
2458494.3498559 10.76 0.15
2458494.3500295 10.81 0.15
2458494.3502031 10.84 0.16
2458494.3507239 10.68 0.14
2458494.3512447 10.70 0.14
2458494.3514184 10.62 0.13
2458494.3531545 10.77 0.15
2458494.3545438 10.64 0.14
2458495.1371938 10.63 0.16
2458495.1389299 10.54 0.15
2458495.1410133 10.63 0.16
2458495.1443119 10.52 0.14
2458495.1479579 10.53 0.14
2458495.1496938 10.70 0.16
2458495.1502147 10.62 0.15
2458495.1521244 10.56 0.14
2458495.1522980 10.58 0.15
2458495.1533397 10.68 0.16
2458495.1538605 10.72 0.17
2458495.1540341 10.49 0.14
2458495.1545549 10.70 0.16
2458495.1550758 10.65 0.15
2458495.1569855 10.50 0.13
2458495.1575063 10.64 0.15
2458495.1592433 10.71 0.16
2458495.1606313 10.66 0.15
2458495.1618466 10.65 0.15
2458495.1621938 10.63 0.15
2458495.1632355 10.75 0.17
2458495.1644508 10.65 0.15
2458495.1647980 10.60 0.14
2458495.1653188 10.78 0.17
2458495.1665341 10.69 0.15
2458495.1668813 10.50 0.13
2458495.1674022 10.71 0.16
2458495.1687910 10.57 0.14
2458495.1689647 10.83 0.18
2458495.1691383 10.73 0.16
2458495.1698327 10.77 0.17
2458495.1700063 10.72 0.16
2458495.1703535 10.69 0.15
2458495.1713960 10.60 0.14
2458495.1729577 10.64 0.15
2458495.1731313 10.63 0.14
2458495.1741730 10.77 0.16
2458495.1752147 10.68 0.15
2458495.1755619 10.62 0.14
2458495.1772980 10.67 0.15
2458495.1774716 10.60 0.14
2458495.1781660 10.67 0.15
2458495.1792077 10.69 0.15
2458495.1795549 10.58 0.14
2458495.1809438 10.74 0.16
2458495.1818119 10.61 0.14
2458495.1825063 10.57 0.13
2458495.1826799 10.55 0.13
2458495.1835486 10.65 0.14
2458495.1851105 10.74 0.15
2458495.1858049 10.62 0.14
2458495.1859785 10.62 0.14
2458495.1863258 10.62 0.14
2458495.1864994 10.71 0.15
2458495.1866730 10.71 0.15
2458495.1875411 10.63 0.14
2458495.1882355 10.64 0.14
2458495.1884091 10.54 0.13
2458495.1885827 10.78 0.16
2458495.1889299 10.69 0.14
2458495.1899716 10.66 0.14
2458495.1915341 10.72 0.15
2458495.1917077 10.95 0.18
2458495.1918813 10.75 0.15
2458495.1920549 10.84 0.16
2458495.1922285 10.80 0.16
2458495.1927494 10.60 0.13
2458495.1930966 10.76 0.15
2458495.1934438 10.66 0.14
2458495.1936174 10.63 0.14
2458495.1937910 10.78 0.15
2458495.1943119 10.71 0.14
2458495.1944855 10.74 0.15
2458495.1950075 10.84 0.16
2458495.1958747 10.79 0.15
2458495.1962216 10.70 0.14
2458495.1972633 10.70 0.14
2458495.1974369 10.70 0.14
2458495.1979577 10.68 0.14
2458495.1989994 10.72 0.14
2458495.1991730 10.73 0.15
2458495.2026452 10.93 0.18
2458495.2033397 10.61 0.13
2458495.2038605 10.65 0.14
2458495.2043813 10.60 0.13
2458495.2073336 10.76 0.15
2458495.2082008 10.74 0.15
2458495.2083744 10.78 0.16
2458495.2094160 10.70 0.14
2458495.2123674 10.65 0.13
2458495.2149716 10.74 0.14
2458495.2179230 10.74 0.14
2458495.2180966 10.67 0.14
2458495.2182702 10.78 0.15
2458495.2184438 10.70 0.14
2458495.2193127 10.80 0.15
2458495.2207008 10.80 0.15
2458495.2212216 10.69 0.14
2458495.2215688 10.85 0.16
2458495.2239994 10.94 0.17
2458495.2241730 10.87 0.16
2458495.2248674 10.83 0.16
2458495.2272980 10.67 0.14
2458495.2283397 10.86 0.16
2458495.2290341 10.76 0.14
2458495.2300758 10.83 0.15
2458495.2314654 10.71 0.14
2458495.2325063 10.91 0.17
2458495.2326799 10.96 0.17
2458495.2330272 10.85 0.16
2458495.2333744 10.68 0.13
2458495.2340688 10.72 0.14
2458495.2342424 10.74 0.14
2458495.2345897 10.79 0.15
2458495.2347633 10.57 0.12
2458495.2349369 10.78 0.15
2458495.2352841 10.84 0.15
2458495.2361522 10.93 0.17
2458495.2363258 10.93 0.17
2458495.2366730 10.72 0.14
2458495.2368466 10.86 0.16
2458495.2375411 10.79 0.15
2458495.2377147 10.69 0.13
2458495.2378883 10.85 0.15
2458495.2380619 10.85 0.15
2458495.2384091 10.86 0.15
2458495.2385827 10.84 0.15
2458495.2387563 10.74 0.14
2458495.2389299 10.68 0.13
2458495.2391035 10.88 0.16
2458495.2397980 10.80 0.15
2458495.2406660 10.79 0.14
2458495.2408397 10.74 0.14
2458495.2411869 10.78 0.14
2458495.2413605 10.90 0.16
2458495.2417077 10.75 0.14
2458495.2418813 10.67 0.13
2458495.2420549 10.73 0.14
2458495.2424022 10.89 0.16
2458495.2427508 10.81 0.15
2458495.2429242 10.72 0.14
2458495.2430977 10.78 0.14
2458495.2441383 10.84 0.15
2458495.2458744 10.76 0.14
2458495.2472633 10.65 0.13
2458495.2476105 10.72 0.14
2458495.2477841 10.78 0.14
2458495.2489994 10.91 0.16
2458495.2493466 10.73 0.14
2458495.2496938 10.74 0.14
2458495.2498674 10.69 0.13
2458495.2502147 10.70 0.13
2458495.2510827 10.87 0.15
2458495.2519508 10.78 0.14
2458495.2521244 10.73 0.14
2458495.2522980 10.73 0.14
2458495.2536869 10.70 0.13
2458495.2545549 10.87 0.15
2458495.2550769 10.84 0.15
2458495.2557706 10.70 0.13
2458495.2559441 10.77 0.14
2458495.2561175 10.58 0.12
2458495.2573327 10.70 0.13
2458495.2575063 10.82 0.14
2458495.2576799 10.82 0.14
2458495.2578536 10.83 0.15
2458495.2580272 10.95 0.16
2458495.2583744 10.85 0.15
2458495.2588952 10.87 0.15
2458495.2592424 10.81 0.14
2458495.2594161 10.78 0.14
2458495.2595897 10.76 0.13
2458495.2611522 10.88 0.15
2458495.2623674 10.86 0.15
2458495.2634091 10.85 0.15
2458495.2635827 10.72 0.13
2458495.2644508 10.79 0.14
2458495.2658397 10.71 0.13
2458495.2675764 10.72 0.13
2458495.2677498 10.79 0.14
2458495.2682702 10.76 0.14
2458495.2684438 10.78 0.14
2458495.2689647 10.78 0.14
2458495.2691383 10.89 0.15
2458495.2703535 10.81 0.14
2458495.2713952 10.92 0.16
2458495.2722633 10.76 0.14
2458495.2729577 10.94 0.16
2458495.2738258 10.92 0.16
2458495.2743466 10.75 0.13
2458495.2753883 10.88 0.15
2458495.2755619 10.70 0.13
2458495.2759091 10.87 0.15
2458495.2767772 10.71 0.13
2458495.2769508 10.86 0.15
2458495.2774716 10.78 0.14
2458495.2778188 10.85 0.15
2458495.2781660 10.75 0.13
2458495.2786869 10.82 0.14
2458495.2792087 10.74 0.13
2458495.2807702 10.80 0.14
2458495.2812911 10.86 0.15
2458495.2818119 10.83 0.14
2458495.2832008 10.76 0.13
2458495.2838952 10.97 0.16
2458495.2844161 10.72 0.13
2458495.2849369 10.63 0.12
2458495.2854577 10.90 0.15
2458495.2858049 10.77 0.13
2458495.2859785 10.91 0.15
2458495.2861522 10.86 0.15
2458495.2863258 10.71 0.13
2458495.2864994 10.78 0.14
2458495.2866730 10.85 0.15
2458495.2875410 10.99 0.17
2458495.2880619 10.93 0.16
2458495.2889299 10.84 0.14
2458495.2891036 10.97 0.16
2458495.2892772 10.89 0.15
2458495.2894508 10.97 0.16
2458495.2896244 10.62 0.12
2458495.2899716 10.62 0.12
2458495.2901452 10.83 0.14
2458495.2903188 10.79 0.14
2458495.2904924 10.62 0.12
2458495.2906661 10.89 0.15
2458495.2908410 10.79 0.14
2458495.2910145 10.84 0.15
2458495.2913614 10.82 0.14
2458495.2915348 10.89 0.15
2458495.2917083 10.71 0.13
2458495.2920551 10.89 0.15
2458495.2924022 10.88 0.15
2458495.2930966 10.70 0.13
2458495.2932702 10.76 0.14
2458495.2936174 10.83 0.14
2458495.2937910 10.71 0.13
2458495.2955272 10.83 0.14
2458495.2958744 10.94 0.16
2458495.2963952 10.72 0.13
2458495.2977841 10.86 0.14
2458495.2981313 10.86 0.14
2458495.2996938 10.81 0.14
2458495.3000411 10.85 0.14
2458495.3009091 10.99 0.16
2458495.3010827 10.81 0.14
2458495.3012563 10.66 0.12
2458495.3019508 10.88 0.15
2458495.3021244 10.67 0.12
2458495.3029937 10.79 0.14
2458495.3035140 10.84 0.14
2458495.3043813 10.79 0.14
2458495.3045549 10.89 0.15
2458495.3061174 10.85 0.15
2458495.3062911 10.84 0.15
2458495.3068119 10.87 0.15
2458495.3069855 10.84 0.14
2458495.3073327 10.74 0.13
2458495.3075063 10.71 0.13
2458495.3076799 10.77 0.13
2458495.3078536 10.80 0.14
2458495.3082008 10.86 0.15
2458495.3083744 10.73 0.13
2458495.3088952 10.94 0.16
2458495.3090688 10.76 0.13
2458495.3094160 10.82 0.14
2458495.3095897 10.90 0.15
2458495.3108049 10.77 0.14
2458495.3109785 10.75 0.13
2458495.3114994 10.74 0.13
2458495.3118466 10.76 0.13
2458495.3121938 10.69 0.13
2458495.3123674 10.82 0.14
2458495.3125411 10.92 0.16
2458495.3127147 10.69 0.13
2458495.3137563 10.78 0.14
2458495.3141036 10.75 0.13
2458495.3144508 10.84 0.14
2458495.3146244 10.79 0.14
2458495.3149729 10.79 0.14
2458495.3151463 10.83 0.14
2458498.1660017 10.67 0.12
2458498.1661753 10.95 0.16
2458498.1663489 10.88 0.15
2458498.1668707 10.76 0.13
2458498.1672176 10.81 0.14
2458498.1673910 10.79 0.14
2458498.1675645 10.90 0.15
2458498.1677379 10.85 0.14
2458498.1679114 10.81 0.14
2458498.1682586 11.01 0.17
2458498.1686059 10.78 0.13
2458498.1687795 10.79 0.13
2458498.1689531 10.91 0.15
2458498.1691267 10.68 0.12
2458498.1693003 10.93 0.15
2458498.1694739 10.75 0.13
2458498.1696475 10.85 0.14
2458498.1698211 10.78 0.13
2458498.1699947 10.82 0.14
2458498.1703420 10.92 0.15
2458498.1705156 10.69 0.12
2458498.1708628 10.68 0.12
2458498.1710364 10.69 0.12
2458498.1713836 10.88 0.14
2458498.1717309 10.71 0.12
2458498.1725989 10.84 0.14
2458498.1727725 10.70 0.12
2458498.1729461 10.91 0.15
2458498.1731198 10.75 0.13
2458498.1732934 10.86 0.14
2458498.1734670 10.70 0.12
2458498.1736406 10.81 0.13
2458498.1738142 10.77 0.13
2458498.1743350 10.91 0.14
2458498.1745086 10.95 0.15
2458498.1746823 10.82 0.13
2458498.1755503 10.92 0.15
2458498.1757239 10.86 0.14
2458498.1760711 10.80 0.13
2458498.1765920 10.85 0.13
2458498.1771128 10.65 0.11
2458498.1774600 10.86 0.14
2458498.1778072 10.83 0.13
2458498.1779809 10.75 0.12
2458498.1783295 10.90 0.14
2458498.1790232 10.82 0.13
2458498.1791967 10.80 0.13
2458498.1793701 10.85 0.14
2458498.1795436 10.90 0.14
2458498.1797170 10.88 0.14
2458498.1798906 10.85 0.13
2458498.1800642 10.87 0.13
2458498.1802378 10.88 0.14
2458498.1804114 10.72 0.12
2458498.1805850 10.74 0.12
2458498.1818003 10.73 0.12
2458498.1821475 10.87 0.13
2458498.1823211 10.81 0.13
2458498.1824948 10.79 0.13
2458498.1826684 10.91 0.14
2458498.1828420 10.77 0.12
2458498.1833628 10.94 0.14
2458498.1835364 10.93 0.14
2458498.1837100 10.76 0.12
2458498.1847517 10.77 0.12
2458498.1857934 10.97 0.15
2458498.1863142 10.71 0.12
2458498.1864878 10.83 0.13
2458498.1866614 10.81 0.13
2458498.1871822 10.77 0.12
2458498.1890920 10.92 0.14
2458498.1894392 10.78 0.12
2458498.1897864 11.00 0.15
2458498.1903073 10.83 0.13
2458498.1906545 10.82 0.13
2458498.1908281 10.96 0.15
2458498.1916961 10.88 0.13
2458498.1925642 10.95 0.14
2458498.1927378 10.84 0.13
2458498.1929114 10.84 0.13
2458498.1937795 10.94 0.14
2458498.1939531 10.93 0.14
2458498.1941267 10.95 0.14
2458498.1946475 10.84 0.13
2458498.1948211 11.05 0.15
2458498.1949947 10.92 0.13
2458498.1951684 10.91 0.13
2458498.1953420 10.96 0.14
2458498.1955156 10.81 0.12
2458498.1956892 11.07 0.16
2458498.1960378 10.88 0.13
2458498.1963846 10.92 0.13
2458498.1965581 10.98 0.14
2458498.1967315 10.76 0.12
2458498.1970784 10.79 0.12
2458498.1972519 10.91 0.13
2458498.1974253 10.88 0.13
2458498.1975989 10.88 0.13
2458498.1982934 10.89 0.13
2458498.1988142 10.99 0.14
2458498.2000295 11.00 0.14
2458498.2014184 10.91 0.13
2458498.2015920 10.81 0.12
2458498.2022864 11.03 0.15
2458498.2026336 10.97 0.14
2458498.2031545 10.80 0.12
2458498.2033281 10.97 0.14
2458498.2036753 10.80 0.12
2458498.2040225 10.86 0.12
2458498.2052378 10.88 0.12
2458498.2054114 10.86 0.12
2458498.2055850 10.80 0.12
2458498.2061059 10.81 0.12
2458498.2068003 10.89 0.12
2458498.2073211 10.80 0.11
2458498.2074947 11.09 0.15
2458498.2076684 11.06 0.14
2458498.2080169 10.82 0.12
2458498.2088841 10.83 0.12
2458498.2092310 10.87 0.12
2458498.2100989 10.95 0.13
2458498.2107934 10.92 0.13
2458498.2109670 10.87 0.12
2458498.2114878 10.79 0.11
2458498.2116614 10.86 0.12
2458498.2118350 10.96 0.13
2458498.2120086 10.87 0.12
2458498.2128767 10.96 0.13
2458498.2133975 10.97 0.14
2458498.2137448 10.91 0.13
2458498.2139184 10.76 0.11
2458498.2142656 10.76 0.11
2458498.2146128 10.83 0.12
2458498.2149600 10.90 0.12
2458498.2158281 10.90 0.13
2458498.2179114 10.82 0.11
2458498.2180850 10.79 0.11
2458498.2186059 10.75 0.11
2458498.2189531 10.88 0.12
2458498.2199960 10.76 0.11
2458498.2205163 10.77 0.11
2458498.2206898 10.85 0.12
2458498.2210366 10.84 0.12
2458498.2215573 10.90 0.12
2458498.2217309 10.87 0.12
2458498.2219045 10.88 0.12
2458498.2220781 10.83 0.12
2458498.2234670 10.88 0.12
2458498.2243350 10.89 0.12
2458498.2253767 10.84 0.11
2458498.2258975 10.88 0.12
2458498.2260711 10.90 0.12
2458498.2265920 10.81 0.11
2458498.2267656 10.83 0.11
2458498.2272864 10.91 0.12
2458498.2281545 10.66 0.10
2458498.2288489 10.68 0.10
2458498.2290225 10.90 0.12
2458498.2291961 10.89 0.12
2458498.2302378 10.83 0.12
2458498.2311059 10.89 0.12
2458498.2314531 11.05 0.14
2458498.2333628 10.93 0.13
2458498.2342309 10.94 0.13
2458498.2354461 10.98 0.13
2458498.2359670 10.96 0.13
2458498.2375295 10.94 0.13
2458498.2380503 10.80 0.12
2458498.2382239 10.89 0.13
2458498.2385711 10.86 0.12
2458498.2389184 10.82 0.12
2458498.2390920 10.81 0.12
2458498.2392656 10.80 0.12
2458498.2394392 10.91 0.13
2458498.2401336 10.71 0.11
2458498.2406545 10.90 0.13
2458498.2408281 10.80 0.12
2458498.2423906 10.92 0.13
2458498.2437807 10.92 0.13
2458498.2444745 11.02 0.14
2458498.2449948 11.01 0.14
2458498.2453420 10.87 0.12
2458498.2455156 10.82 0.12
2458498.2458628 10.97 0.14
2458498.2467309 10.91 0.13
2458498.2474253 10.94 0.13
2458498.2484670 10.77 0.11
2458498.2496822 11.03 0.14
2458498.2508975 10.85 0.13
2458498.2515920 10.90 0.13
2458498.2519392 10.90 0.13
2458498.2524600 10.91 0.13
2458498.2526336 10.97 0.14
2458498.2538489 11.01 0.15
2458498.2540225 10.98 0.14
2458498.2545434 10.90 0.13
2458498.2547170 10.90 0.13
2458498.2548906 10.85 0.13
2458498.2552378 10.86 0.13
2458498.2578420 10.75 0.11
2458498.2581892 10.91 0.13
2458498.2597517 11.03 0.15
2458498.2607934 10.92 0.13
2458498.2618350 11.00 0.14
2458498.2625295 10.81 0.12
2458498.2639184 10.88 0.11
2458498.2642656 10.95 0.12
2458498.2672170 11.10 0.14
2458498.2701684 10.71 0.09
2458498.2706892 10.88 0.11
2458498.2708628 10.92 0.11
2458498.2710364 10.88 0.11
2458498.2712100 11.05 0.13
2458498.2778072 11.01 0.12
2458498.2781545 11.00 0.12
2458498.2811059 10.97 0.12
2458498.2833628 10.76 0.10
2458498.2837100 10.95 0.12
2458498.2844045 10.94 0.11
2458498.2863142 10.82 0.10
2458498.2864878 10.79 0.10
2458498.2897864 10.96 0.12
2458498.2903073 11.03 0.13
2458498.2946475 10.78 0.12
2458498.2955156 10.97 0.12
2458498.2977725 10.96 0.12
2458498.2982934 11.03 0.13
2458498.2988142 10.76 0.10
2458498.2989878 11.03 0.13
2458498.2991614 10.81 0.10
2458498.2993350 11.04 0.13
2458498.2998559 10.90 0.11
2458498.3007239 10.94 0.12
2458498.3021128 10.70 0.09
2458498.3022864 10.60 0.09
2458498.3029809 10.97 0.12
2458498.3036766 10.98 0.12
2458498.3043703 10.84 0.11
2458498.3059323 10.98 0.12
2458498.3061059 10.91 0.11
2458498.3068003 10.90 0.11
2458498.3087100 10.80 0.10
2458498.3099253 11.17 0.15
2458498.3107934 10.93 0.12
2458498.3109670 10.88 0.11
2458498.3113142 10.72 0.10
2458498.3114878 10.98 0.12
2458498.3116614 10.89 0.11
2458498.3121822 10.83 0.11
2458498.3123559 10.78 0.10
2458498.3127031 10.78 0.10
2458498.3128767 10.98 0.13
2458498.3130503 10.80 0.11
2458498.3133975 10.80 0.11
2458498.3137448 11.01 0.13
2458498.3146128 11.07 0.14
2458498.3147864 10.99 0.13
2458498.3149600 10.90 0.11
2458498.3151336 10.82 0.11
2458498.3154809 10.77 0.10
2458498.3158292 10.95 0.12
2458498.3163496 10.91 0.12
2458498.3166965 10.86 0.11
2458498.3179114 10.82 0.11
2458500.2342077 10.65 0.12
2458500.2345549 10.85 0.15
2458500.2347285 10.77 0.14
2458500.2349022 10.92 0.16
2458500.2352494 10.90 0.15
2458500.2354230 11.02 0.17
2458500.2355966 10.70 0.13
2458500.2359438 10.75 0.14
2458500.2361174 10.86 0.15
2458500.2364647 10.81 0.14
2458500.2368119 10.76 0.13
2458500.2369855 10.72 0.13
2458500.2371591 10.88 0.15
2458500.2373327 10.86 0.15
2458500.2375063 10.92 0.16
2458500.2378536 10.88 0.15
2458500.2382008 10.85 0.14
2458500.2383744 10.60 0.12
2458500.2387216 10.86 0.15
2458500.2388952 10.71 0.13
2458500.2390688 10.73 0.13
2458500.2392424 10.81 0.14
2458500.2394161 10.80 0.14
2458500.2397633 10.96 0.16
2458500.2399369 10.80 0.14
2458500.2404577 10.75 0.13
2458500.2406313 10.71 0.13
2458500.2411522 10.73 0.13
2458500.2421938 10.82 0.14
2458500.2423674 10.83 0.14
2458500.2425410 10.92 0.15
2458500.2427147 10.73 0.13
2458500.2428883 10.72 0.13
2458500.2430619 10.78 0.13
2458500.2432355 10.84 0.14
2458500.2434091 10.89 0.15
2458500.2449724 10.75 0.13
2458500.2458397 10.89 0.14
2458500.2460133 10.94 0.15
2458500.2463605 10.82 0.13
2458500.2465341 10.94 0.15
2458500.2472286 10.80 0.13
2458500.2474022 10.88 0.14
2458500.2477494 10.73 0.12
2458500.2479230 10.79 0.13
2458500.2480966 10.72 0.12
2458500.2482702 10.87 0.14
2458500.2486174 10.79 0.13
2458500.2487910 10.83 0.13
2458500.2489647 10.87 0.14
2458500.2491383 10.81 0.13
2458500.2493119 10.93 0.15
2458500.2498327 10.88 0.14
2458500.2501799 10.72 0.12
2458500.2503535 10.97 0.15
2458500.2507008 10.83 0.13
2458500.2508744 10.93 0.14
2458500.2510480 10.92 0.14
2458500.2512216 10.67 0.11
2458500.2513952 10.92 0.14
2458500.2515688 10.80 0.13
2458500.2517424 10.87 0.14
2458500.2520897 10.86 0.14
2458500.2522633 10.69 0.12
2458500.2524369 10.85 0.13
2458500.2526105 10.76 0.12
2458500.2529577 10.70 0.12
2458500.2533049 10.89 0.14
2458500.2534786 10.81 0.13
2458500.2538258 10.89 0.14
2458500.2539994 10.84 0.13
2458500.2541730 10.79 0.13
2458500.2555619 10.77 0.13
2458500.2559091 10.63 0.11
2458500.2562563 10.87 0.14
2458500.2564312 10.99 0.15
2458500.2566046 10.79 0.13
2458500.2567781 10.84 0.13
2458500.2569515 10.93 0.15
2458500.2571250 10.86 0.14
2458500.2572984 10.73 0.12
2458500.2574719 10.83 0.13
2458500.2581660 10.90 0.14
2458500.2583397 10.92 0.14
2458500.2586869 10.91 0.14
2458500.2590341 10.87 0.14
2458500.2592077 10.78 0.13
2458500.2593813 10.81 0.13
2458500.2600758 10.92 0.14
2458500.2607702 10.88 0.14
2458500.2618119 10.83 0.13
2458500.2621591 10.88 0.14
2458500.2625063 10.83 0.13
2458500.2630272 10.89 0.14
2458500.2632008 10.85 0.13
2458500.2633744 10.86 0.13
2458500.2637216 10.99 0.15
2458500.2638952 10.78 0.12
2458500.2644160 10.90 0.14
2458500.2645897 10.83 0.13
2458500.2654577 10.92 0.14
2458500.2658049 10.77 0.12
2458500.2659785 10.76 0.12
2458500.2661522 10.78 0.12
2458500.2663258 10.57 0.10
2458500.2664994 10.90 0.13
2458500.2666730 10.86 0.13
2458500.2670202 11.02 0.15
2458500.2673674 10.84 0.13
2458500.2677147 10.75 0.12
2458500.2678883 10.80 0.12
2458500.2680619 10.82 0.12
2458500.2682355 10.81 0.12
2458500.2689307 10.80 0.12
2458500.2691042 10.82 0.12
2458500.2692776 10.90 0.14
2458500.2701452 10.73 0.12
2458500.2706661 10.85 0.13
2458500.2708397 10.85 0.13
2458500.2710133 10.90 0.13
2458500.2717077 10.71 0.11
2458500.2718813 10.67 0.11
2458500.2720549 10.80 0.12
2458500.2724022 10.87 0.13
2458500.2725758 10.77 0.12
2458500.2727494 10.82 0.12
2458500.2729230 10.89 0.13
2458500.2730966 10.82 0.13
2458500.2732702 10.65 0.11
2458500.2734438 10.81 0.12
2458500.2736174 10.83 0.13
2458500.2737910 10.96 0.14
2458500.2739647 10.69 0.11
2458500.2741383 10.78 0.12
2458500.2743119 10.87 0.13
2458500.2744855 10.90 0.14
2458500.2746591 10.61 0.10
2458500.2748327 10.62 0.10
2458500.2750063 10.75 0.12
2458500.2751799 10.73 0.12
2458500.2753535 10.85 0.13
2458500.2755272 10.90 0.13
2458500.2758744 10.74 0.12
2458500.2760480 10.95 0.14
2458500.2769161 10.73 0.12
2458500.2774369 10.91 0.14
2458500.2779577 11.00 0.15
2458500.2781313 10.99 0.15
2458500.2783049 10.73 0.12
2458500.2788258 10.93 0.14
2458500.2791730 10.79 0.12
2458500.2795202 10.75 0.12
2458500.2796938 11.03 0.15
2458500.2798674 10.72 0.11
2458500.2805631 10.81 0.12
2458500.2807365 10.77 0.12
2458500.2812568 10.85 0.13
2458500.2816037 11.00 0.15
2458500.2817772 10.93 0.14
2458500.2819508 10.79 0.12
2458500.2826452 10.89 0.13
2458500.2828188 10.83 0.13
2458500.2836869 10.81 0.12
2458500.2840341 10.85 0.13
2458500.2845549 10.93 0.14
2458500.2849022 10.95 0.14
2458500.2850758 10.80 0.12
2458500.2854230 10.96 0.14
2458500.2857702 10.87 0.13
2458500.2859438 10.91 0.14
2458500.2868119 10.81 0.12
2458500.2869855 10.97 0.14
2458500.2871591 10.78 0.12
2458500.2875063 10.80 0.12
2458500.2876799 11.03 0.15
2458500.2880272 10.70 0.11
2458500.2882008 10.71 0.11
2458500.2885480 10.88 0.13
2458500.2887216 10.77 0.12
2458500.2892424 10.85 0.13
2458500.2894160 10.76 0.11
2458500.2897633 10.99 0.14
2458500.2901105 10.88 0.13
2458500.2902841 10.87 0.13
2458500.2908049 10.81 0.12
2458500.2913258 10.88 0.13
2458500.2914994 11.04 0.15
2458500.2918466 11.03 0.14
2458500.2920202 10.83 0.12
2458500.2921938 10.93 0.13
2458500.2923688 10.82 0.12
2458500.2925423 10.98 0.14
2458500.2927157 10.85 0.12