2458467.3668514 10.52 0.09
2458467.3670250 10.71 0.11
2458467.3673723 10.72 0.11
2458467.3675459 10.82 0.12
2458467.3680667 10.80 0.12
2458467.3682403 10.58 0.10
2458467.3684139 10.89 0.13
2458467.3685875 10.68 0.11
2458467.3691084 11.03 0.15
2458467.3692820 10.79 0.12
2458467.3696292 10.99 0.14
2458467.3701500 10.78 0.12
2458467.3704972 10.85 0.13
2458467.3710181 10.91 0.13
2458467.3713653 10.68 0.11
2458467.3717125 10.71 0.11
2458467.3718861 10.71 0.11
2458467.3720598 10.80 0.12
2458467.3722334 10.77 0.12
2458467.3734486 10.72 0.11
2458467.3737959 10.99 0.14
2458467.3739695 10.81 0.12
2458467.3741431 10.81 0.12
2458467.3748375 10.78 0.12
2458467.3753584 10.83 0.12
2458467.3755332 10.77 0.12
2458467.3767473 10.72 0.11
2458467.3770945 10.73 0.11
2458467.3776153 10.56 0.10
2458467.3777889 10.75 0.12
2458467.3781361 10.69 0.11
2458467.3783097 10.76 0.12
2458467.3786570 10.63 0.11
2458467.3791778 10.76 0.12
2458467.3793514 10.89 0.13
2458467.3800459 10.66 0.11
2458467.3807403 10.84 0.13
2458467.3809139 10.98 0.14
2458467.3812611 10.83 0.13
2458467.3819556 10.65 0.11
2458467.3829973 10.79 0.12
2458467.3835181 10.82 0.13
2458467.3838653 10.72 0.11
2458467.3845597 10.75 0.12
2458467.3847334 10.70 0.11
2458467.3849070 10.84 0.13
2458467.3854278 10.90 0.14
2458467.3856014 10.70 0.11
2458467.3866431 10.79 0.12
2458467.3868167 10.59 0.10
2458467.3882061 10.82 0.13
2458467.3883795 10.72 0.12
2458467.3889000 10.94 0.14
2458467.3890736 10.66 0.11
2458467.3895945 10.90 0.14
2458467.3897681 11.06 0.16
2458467.3899417 10.81 0.13
2458467.3901153 10.76 0.12
2458467.3904625 10.84 0.13
2458467.3906361 10.85 0.13
2458467.3909834 10.67 0.11
2458467.3911570 10.78 0.12
2458467.3913306 10.82 0.13
2458467.3920250 10.80 0.13
2458467.3923722 10.96 0.14
2458467.3927195 10.72 0.12
2458467.3928931 10.82 0.13
2458467.3930667 10.66 0.11
2458467.3932403 10.74 0.12
2458467.3934139 10.79 0.13
2458467.3937611 10.72 0.12
2458467.3941084 10.75 0.12
2458467.3942820 10.76 0.12
2458467.3946292 10.70 0.11
2458467.3949764 10.62 0.11
2458467.3951500 10.79 0.12
2458467.3954973 10.65 0.11
2458467.3956709 10.89 0.14
2458467.3958445 10.86 0.13
2458467.3960181 10.84 0.13
2458467.3963653 10.77 0.12
2458467.3965389 10.87 0.13
2458467.3968861 10.75 0.12
2458467.3970598 10.76 0.12
2458467.3972334 10.68 0.11
2458467.3981014 10.76 0.12
2458467.3982750 10.72 0.12
2458467.3984486 10.91 0.14
2458467.3987959 10.84 0.13
2458467.3991431 10.74 0.12
2458467.3993180 10.71 0.12
2458467.3996649 10.83 0.13
2458467.3998383 10.86 0.13
2458467.4003586 10.83 0.13
2458467.4005321 10.76 0.12
2458467.4008792 10.64 0.11
2458467.4010528 10.91 0.14
2458467.4014000 10.88 0.14
2458467.4017472 10.85 0.13
2458467.4019209 10.69 0.11
2458467.4024417 10.93 0.14
2458467.4026153 10.77 0.12
2458467.4027889 11.00 0.15
2458467.4029625 10.78 0.12
2458467.4031361 10.80 0.13
2458467.4034834 10.78 0.12
2458467.4040042 10.86 0.13
2458467.4041778 10.93 0.14
2458467.4043514 10.85 0.13
2458467.4045250 10.71 0.12
2458467.4048723 10.87 0.13
2458467.4050459 10.68 0.11
2458467.4052195 10.91 0.14
2458467.4053931 10.82 0.13
2458467.4055667 10.92 0.14
2458467.4057403 10.86 0.13
2458467.4059139 10.76 0.12
2458467.4060875 10.96 0.15
2458467.4062611 10.84 0.13
2458467.4064348 10.82 0.13
2458467.4066084 10.74 0.12
2458467.4067820 10.68 0.11
2458467.4073028 10.93 0.14
2458467.4074764 10.80 0.13
2458467.4076500 10.82 0.13
2458467.4079972 10.91 0.14
2458467.4083445 10.74 0.12
2458467.4088653 10.77 0.12
2458467.4090389 10.91 0.14
2458467.4092125 10.86 0.13
2458467.4093861 11.01 0.15
2458467.4095597 10.73 0.12
2458467.4099070 10.77 0.12
2458467.4111236 10.72 0.12
2458467.4114705 10.92 0.14
2458467.4118174 10.89 0.14
2458467.4119908 10.77 0.12
2458467.4123377 10.70 0.11
2458467.4126848 10.74 0.12
2458467.4128584 10.94 0.14
2458467.4132056 10.83 0.13
2458467.4133792 10.81 0.13
2458467.4139000 10.96 0.15
2458467.4140736 10.79 0.12
2458467.4142473 10.82 0.13
2458467.4144209 10.64 0.11
2458467.4145945 10.77 0.12
2458467.4149417 10.65 0.11
2458467.4151153 10.85 0.13
2458467.4152889 10.83 0.13
2458467.4156361 10.98 0.15
2458467.4159834 10.76 0.12
2458467.4161570 10.62 0.11
2458467.4168514 10.62 0.11
2458467.4171986 10.83 0.13
2458467.4178931 10.89 0.14
2458467.4189348 10.90 0.14
2458467.4196292 10.73 0.12
2458467.4203236 10.84 0.14
2458467.4204973 10.75 0.13
2458467.4206709 10.89 0.14
2458469.3671871 10.69 0.08
2458469.3673607 10.74 0.08
2458469.3677079 10.81 0.09
2458469.3678815 10.80 0.09
2458469.3682287 10.93 0.10
2458469.3684023 10.74 0.08
2458469.3687496 10.70 0.08
2458469.3689232 10.83 0.09
2458469.3692704 10.75 0.09
2458469.3694440 10.69 0.08
2458469.3696176 10.68 0.08
2458469.3697912 10.78 0.09
2458469.3699648 10.76 0.09
2458469.3701384 10.78 0.09
2458469.3703121 10.70 0.08
2458469.3704857 10.71 0.08
2458469.3706593 10.81 0.09
2458469.3708329 10.68 0.08
2458469.3710065 10.63 0.08
2458469.3711801 10.72 0.08
2458469.3713537 10.62 0.07
2458469.3715273 10.66 0.08
2458469.3717009 10.77 0.09
2458469.3718746 10.85 0.09
2458469.3720482 10.77 0.09
2458469.3722218 10.77 0.09
2458469.3723954 10.60 0.07
2458469.3725690 10.76 0.09
2458469.3727426 10.76 0.09
2458469.3729162 10.74 0.08
2458469.3730898 10.86 0.09
2458469.3732635 10.69 0.08
2458469.3734371 10.84 0.09
2458469.3736107 10.75 0.08
2458469.3737843 10.76 0.09
2458469.3741315 10.75 0.08
2458469.3743051 10.71 0.08
2458469.3746524 10.73 0.08
2458469.3748260 10.62 0.08
2458469.3751732 10.72 0.08
2458469.3753468 10.73 0.08
2458469.3755204 10.95 0.10
2458469.3756940 10.79 0.09
2458469.3758676 10.76 0.09
2458469.3760425 10.78 0.09
2458469.3762159 10.67 0.08
2458469.3763894 10.62 0.07
2458469.3765628 10.82 0.09
2458469.3767363 10.65 0.08
2458469.3769097 10.76 0.09
2458469.3770832 10.88 0.09
2458469.3772566 10.80 0.09
2458469.3776037 10.84 0.09
2458469.3777773 10.72 0.08
2458469.3784718 10.64 0.08
2458469.3786454 10.72 0.08
2458488.3044163 11.00 0.13
2458488.3045899 10.98 0.13
2458488.3047635 10.80 0.11
2458488.3051107 10.64 0.10
2458488.3052844 10.92 0.13
2458488.3054579 10.77 0.11
2458488.3059788 10.81 0.11
2458488.3063260 10.78 0.11
2458488.3064996 10.62 0.10
2458488.3068468 10.78 0.11
2458488.3075413 10.70 0.10
2458488.3077149 10.75 0.11
2458488.3082357 10.87 0.12
2458488.3085830 10.78 0.11
2458488.3089302 10.77 0.11
2458488.3096257 10.68 0.10
2458488.3097991 10.71 0.11
2458488.3099726 10.83 0.12
2458488.3103194 10.78 0.11
2458488.3106663 10.82 0.12
2458488.3110135 10.82 0.12
2458488.3125760 10.93 0.13
2458488.3127496 10.76 0.11
2458488.3129232 10.80 0.12
2458488.3132705 10.84 0.12
2458488.3137913 10.79 0.11
2458488.3139649 10.74 0.11
2458488.3141385 10.71 0.11
2458488.3143121 10.84 0.12
2458488.3144857 10.73 0.11
2458488.3151802 10.63 0.10
2458488.3153538 10.81 0.12
2458488.3157010 10.98 0.14
2458488.3165691 10.85 0.12
2458488.3176107 10.82 0.12
2458488.3177844 10.89 0.13
2458488.3183052 10.66 0.10
2458488.3188260 10.78 0.12
2458488.3193469 10.66 0.11
2458488.3195205 10.91 0.13
2458488.3196941 10.89 0.13
2458488.3198677 10.79 0.12
2458488.3200413 10.97 0.14
2458488.3202149 10.77 0.12
2458488.3203885 10.81 0.12
2458488.3205621 10.85 0.12
2458488.3207357 10.75 0.11
2458488.3209094 10.85 0.12
2458488.3210830 10.87 0.13
2458488.3212579 10.69 0.11
2458488.3216048 10.92 0.13
2458488.3217783 10.94 0.13
2458488.3221252 10.94 0.14
2458488.3226455 10.87 0.13
2458488.3233399 10.79 0.12
2458488.3236871 10.64 0.10
2458488.3238607 10.87 0.13
2458488.3243816 10.79 0.12
2458488.3247288 10.85 0.12
2458488.3250760 10.79 0.12
2458488.3252496 10.84 0.13
2458488.3257705 10.97 0.14
2458488.3262913 10.81 0.12
2458488.3264649 10.77 0.12
2458488.3266385 10.76 0.12
2458488.3271594 10.66 0.11
2458488.3275066 10.95 0.14
2458488.3278538 10.75 0.12
2458488.3283746 10.81 0.12
2458488.3285482 10.86 0.13
2458488.3287218 10.86 0.13
2458488.3292427 10.73 0.11
2458488.3295899 10.94 0.14
2458488.3297635 10.72 0.11
2458488.3299371 10.66 0.11
2458488.3304580 10.71 0.11
2458488.3306316 10.77 0.12
2458488.3308052 10.93 0.14
2458488.3323677 10.86 0.13
2458488.3334105 10.76 0.12
2458488.3335839 10.83 0.13
2458488.3339308 10.95 0.14
2458488.3346246 10.76 0.12
2458488.3347982 10.83 0.13
2458488.3349719 10.70 0.11
2458488.3351455 10.80 0.12
2458488.3354927 10.70 0.11
2458488.3356663 10.97 0.14
2458488.3358399 10.86 0.13
2458488.3360135 10.68 0.11
2458488.3363607 10.82 0.12
2458488.3365344 10.73 0.11
2458488.3367080 10.81 0.12
2458488.3370552 10.66 0.11
2458488.3374024 10.90 0.13
2458488.3375760 10.81 0.12
2458488.3377496 10.83 0.13
2458488.3380968 10.77 0.12
2458488.3382705 10.85 0.13
2458488.3384441 10.74 0.12
2458488.3386177 10.74 0.12
2458488.3389649 10.82 0.12
2458488.3396593 10.84 0.13
2458488.3403538 10.83 0.13
2458488.3410482 10.79 0.12
2458488.3412219 10.96 0.14
2458488.3415691 10.75 0.12
2458488.3417427 10.80 0.12
2458488.3419163 10.82 0.13
2458488.3422635 10.73 0.11
2458488.3424371 10.79 0.12
2458488.3426107 10.94 0.14
2458488.3427844 10.97 0.14
2458488.3429580 10.60 0.10
2458488.3431316 10.75 0.12
2458488.3433052 10.70 0.11
2458488.3438260 10.85 0.13
2458488.3443469 10.74 0.12
2458488.3445205 10.91 0.14
2458488.3450413 10.91 0.13
2458488.3452162 10.92 0.14
2458488.3464303 10.74 0.12
2458488.3479927 10.74 0.12
2458488.3481663 10.78 0.12
2458488.3483399 10.68 0.11
2458488.3485135 10.82 0.13
2458488.3490344 10.86 0.13
2458488.3495552 10.79 0.12
2458488.3499024 10.91 0.14
2458488.3502496 10.75 0.12
2458488.3514649 10.73 0.12
2458488.3516385 10.74 0.12
2458488.3523330 10.78 0.12
2458488.3525066 10.71 0.12
2458488.3528538 10.71 0.11
2458488.3532010 10.71 0.11
2458488.3533746 10.81 0.12
2458488.3535482 10.84 0.13
2458488.3542427 10.68 0.11
2458488.3544163 10.71 0.11
2458488.3547635 10.89 0.14
2458488.3549371 10.67 0.11
2458488.3558052 10.86 0.13
2458488.3561524 10.87 0.13
2458488.3564996 10.82 0.13
2458488.3568469 10.78 0.12
2458488.3584094 10.73 0.12
2458488.3587566 10.69 0.11
2458488.3591038 10.92 0.14
2458488.3592774 10.82 0.13
2458488.3594510 10.80 0.12
2458488.3596246 10.88 0.13
2458488.3599718 10.98 0.15
2458488.3601455 10.85 0.13
2458488.3603191 10.99 0.15
2458488.3606663 10.78 0.12
2458488.3610135 10.88 0.13
2458488.3611871 10.86 0.13
2458488.3613607 10.69 0.11
2458488.3617080 10.81 0.13
2458488.3636177 10.82 0.13
2458488.3646594 10.83 0.13
2458488.3648330 10.78 0.12
2458488.3650066 10.82 0.13
2458488.3651802 11.07 0.16
2458488.3655274 10.79 0.12
2458488.3657010 10.83 0.13
2458488.3658746 10.81 0.13
2458488.3660482 10.92 0.14
2458488.3662219 10.83 0.13
2458488.3663955 10.75 0.12
2458488.3665691 10.84 0.13
2458488.3667427 10.82 0.13
2458488.3669163 10.82 0.13
2458488.3670899 11.02 0.15
2458488.3672635 10.76 0.12
2458488.3677844 10.90 0.14
2458488.3679580 10.98 0.15
2458488.3686524 10.74 0.12
2458488.3688260 10.89 0.14
2458488.3690010 10.87 0.13
2458488.3691744 10.79 0.12
2458488.3695213 10.77 0.12
2458488.3698682 10.92 0.14
2458488.3700417 10.95 0.14
2458488.3703885 10.92 0.14
2458488.3705621 10.81 0.13
2458488.3707357 10.92 0.14
2458488.3709093 10.89 0.14
2458488.3712566 10.89 0.14
2458488.3714302 11.00 0.15
2458488.3716038 10.77 0.12
2458488.3721246 10.75 0.12
2458488.3722982 10.82 0.13
2458488.3728191 10.79 0.13
2458488.3731663 10.96 0.15
2458488.3735135 10.92 0.14
2458488.3736871 10.83 0.13
2458488.3738607 10.83 0.13
2458488.3740343 10.84 0.13
2458488.3742080 10.83 0.13
2458493.2519739 10.83 0.11
2458493.2523211 10.79 0.11
2458493.2524947 10.82 0.11
2458493.2528420 10.73 0.10
2458493.2530156 10.71 0.10
2458493.2531892 10.77 0.11
2458493.2535364 10.86 0.12
2458493.2538836 10.65 0.10
2458493.2540586 10.83 0.11
2458493.2545789 10.82 0.11
2458493.2547524 10.79 0.11
2458493.2549258 10.75 0.10
2458493.2550993 10.69 0.10
2458493.2552727 10.69 0.10
2458493.2554461 10.95 0.13
2458493.2557934 10.72 0.10
2458493.2559670 10.75 0.10
2458493.2566614 10.85 0.11
2458493.2568350 10.62 0.09
2458493.2573559 10.77 0.11
2458493.2575295 10.91 0.12
2458493.2580503 10.80 0.11
2458493.2585711 10.83 0.11
2458493.2587447 10.74 0.10
2458493.2592656 10.79 0.11
2458493.2594392 10.84 0.11
2458493.2599600 10.96 0.13
2458493.2601336 10.74 0.10
2458493.2603072 10.77 0.11
2458493.2604809 10.73 0.10
2458493.2608281 10.79 0.11
2458493.2610017 10.85 0.11
2458493.2611753 10.72 0.10
2458493.2613489 10.92 0.12
2458493.2618697 10.80 0.11
2458493.2630850 10.78 0.11
2458493.2632586 10.94 0.12
2458493.2636059 10.70 0.10
2458493.2637795 10.69 0.10
2458493.2643003 10.83 0.11
2458493.2644739 10.90 0.12
2458493.2649948 10.78 0.11
2458493.2651684 10.81 0.11
2458493.2655156 10.74 0.10
2458493.2658628 10.86 0.11
2458493.2662112 10.89 0.12
2458493.2665581 10.84 0.11
2458493.2670784 10.81 0.11
2458493.2674253 10.63 0.09
2458493.2679461 10.81 0.11
2458493.2688142 10.63 0.09
2458493.2689878 10.67 0.10
2458493.2693350 10.74 0.10
2458493.2698559 10.85 0.11
2458493.2700295 10.88 0.12
2458493.2703767 10.74 0.10
2458493.2705503 10.78 0.11
2458493.2707239 10.76 0.10
2458493.2710711 10.70 0.10
2458493.2719392 10.67 0.10
2458493.2722864 10.75 0.10
2458493.2728073 10.81 0.11
2458493.2731545 10.70 0.10
2458493.2733281 10.71 0.10
2458493.2735017 10.79 0.11
2458493.2738489 10.73 0.10
2458493.2740225 10.83 0.11
2458493.2741961 10.77 0.11
2458493.2743697 10.87 0.12
2458493.2745434 10.71 0.10
2458493.2747170 10.68 0.10
2458493.2748906 10.98 0.13
2458493.2750642 10.82 0.11
2458493.2754114 10.66 0.10
2458493.2759322 10.83 0.11
2458493.2761059 10.75 0.10
2458493.2764531 11.10 0.14
2458493.2766267 10.76 0.10
2458493.2768003 10.97 0.13
2458493.2769739 10.85 0.11
2458493.2771475 10.83 0.11
2458493.2773211 10.90 0.12
2458493.2774947 10.78 0.11
2458493.2776684 10.94 0.12
2458493.2780169 10.74 0.10
2458493.2781904 10.92 0.12
2458493.2785373 10.80 0.11
2458493.2788841 10.70 0.10
2458493.2795781 10.83 0.11
2458493.2797517 10.79 0.11
2458493.2800989 10.77 0.11
2458493.2802725 11.05 0.14
2458493.2804461 10.80 0.11
2458493.2806198 10.75 0.10
2458493.2807934 10.71 0.10
2458493.2809670 10.79 0.11
2458493.2811406 10.83 0.11
2458493.2814878 10.79 0.11
2458493.2820086 10.69 0.10
2458493.2823559 10.75 0.10
2458493.2825295 10.82 0.11
2458493.2828767 10.87 0.12
2458493.2833975 10.94 0.12
2458493.2835711 10.85 0.11
2458493.2839184 10.77 0.11
2458493.2844392 10.87 0.12
2458493.2846128 10.74 0.10
2458493.2853072 10.76 0.10
2458493.2854809 10.70 0.10
2458493.2856545 10.62 0.09
2458493.2860017 10.88 0.12
2458493.2863489 10.93 0.12
2458493.2865225 10.72 0.10
2458493.2866961 10.72 0.10
2458493.2868698 10.99 0.13
2458493.2870434 10.73 0.10
2458493.2873906 10.75 0.10
2458493.2875642 10.83 0.11
2458493.2877378 10.84 0.11
2458493.2879114 10.85 0.11
2458493.2880850 10.76 0.10
2458493.2882586 10.91 0.12
2458493.2884323 10.91 0.12
2458493.2887795 10.67 0.10
2458493.2889531 10.76 0.11
2458493.2894739 10.76 0.11
2458493.2898211 10.68 0.10
2458493.2901695 10.84 0.11
2458493.2903429 10.65 0.09
2458493.2906898 10.76 0.10
2458493.2912102 10.97 0.13
2458493.2913836 10.66 0.10
2458493.2915572 10.75 0.10
2458493.2917309 10.65 0.10
2458493.2919045 10.79 0.11
2458493.2920781 10.85 0.11
2458493.2922517 10.99 0.13
2458493.2924253 10.74 0.10
2458493.2927725 10.77 0.11
2458493.2929461 10.74 0.10
2458493.2931197 10.73 0.10
2458493.2932934 10.77 0.10
2458493.2934670 10.99 0.13
2458493.2936406 10.97 0.13
2458493.2938142 10.77 0.11
2458493.2941614 10.92 0.12
2458493.2943350 11.02 0.13
2458493.2945086 10.82 0.11
2458493.2946823 10.93 0.12
2458493.2950295 10.82 0.11
2458493.2955503 10.77 0.11
2458493.2958975 10.90 0.12
2458493.2960711 10.68 0.10
2458493.2964184 10.78 0.11
2458493.2965920 10.99 0.13
2458493.2967656 10.74 0.10
2458493.2969392 10.93 0.12
2458493.2971128 10.83 0.11
2458493.2976336 10.95 0.13
2458493.2979809 10.95 0.13
2458493.2981545 10.80 0.11
2458493.2983281 11.02 0.14
2458493.2986753 10.76 0.11
2458493.2988489 10.81 0.11
2458493.2991961 10.94 0.12
2458493.2993697 10.59 0.09
2458493.2995434 10.89 0.12
2458493.2998906 10.92 0.12
2458493.3005850 10.74 0.10
2458493.3018931 10.74 0.10
2458493.3023327 10.75 0.10
2458493.3026799 10.91 0.12
2458493.3033744 10.63 0.09
2458493.3035480 10.83 0.11
2458493.3037216 10.88 0.12
2458493.3038952 10.87 0.12
2458493.3042424 10.75 0.10
2458493.3044161 10.90 0.12
2458493.3045897 10.81 0.11
2458493.3047633 10.90 0.12
2458493.3049369 10.67 0.10
2458493.3051105 10.76 0.11
2458493.3052841 10.58 0.09
2458493.3054577 10.68 0.10
2458493.3056313 10.85 0.11
2458493.3058049 10.74 0.10
2458493.3059785 10.74 0.10
2458493.3064994 10.85 0.11
2458493.3066730 10.94 0.12
2458493.3070202 10.94 0.12
2458493.3073674 10.77 0.11
2458493.3075410 10.99 0.13
2458493.3077147 10.64 0.09
2458493.3082355 10.76 0.10
2458493.3084091 10.76 0.10
2458493.3089299 10.69 0.10
2458493.3091036 10.86 0.11
2458493.3092772 10.92 0.12
2458493.3094508 10.68 0.10
2458493.3097980 10.71 0.10
2458493.3099716 10.85 0.11
2458493.3101452 10.76 0.10
2458493.3103188 10.79 0.11
2458493.3104924 10.86 0.11
2458493.3106661 10.79 0.11
2458493.3108397 10.88 0.12
2458493.3110133 10.84 0.11
2458493.3118813 10.73 0.10
2458493.3120549 10.93 0.12
2458493.3122298 10.81 0.11
2458493.3137910 10.92 0.12
2458493.3139647 10.78 0.10
2458493.3143119 10.96 0.12
2458493.3144855 10.78 0.11
2458493.3146591 10.85 0.11
2458493.3148327 10.78 0.10
2458493.3150063 10.96 0.12
2458493.3151799 10.91 0.12
2458493.3155272 10.90 0.12
2458493.3158744 11.12 0.14
2458493.3160480 10.94 0.12
2458493.3162216 10.86 0.11
2458493.3163952 10.79 0.11
2458493.3165688 10.88 0.12
2458493.3167424 10.67 0.09
2458493.3170897 10.96 0.12
2458493.3172633 11.08 0.14
2458493.3174369 10.76 0.10
2458493.3176105 10.80 0.11
2458493.3181313 10.70 0.10
2458493.3186522 10.89 0.11
2458493.3193466 10.88 0.12
2458493.3195202 10.78 0.10
2458493.3196938 10.95 0.12
2458493.3198674 10.67 0.09
2458493.3200411 10.76 0.10
2458493.3209091 10.74 0.10
2458493.3210827 10.81 0.11
2458493.3212563 10.83 0.11
2458493.3216035 10.86 0.11
2458493.3217772 10.85 0.11
2458493.3219508 10.94 0.12
2458493.3221244 10.87 0.11
2458493.3224716 10.93 0.12
2458493.3236869 10.76 0.10
2458493.3238605 10.84 0.11
2458493.3242090 10.98 0.12
2458493.3243824 10.83 0.11
2458493.3245559 10.74 0.10
2458493.3247293 10.82 0.11
2458493.3249028 10.86 0.11
2458493.3254231 10.88 0.11
2458493.3255966 10.88 0.11
2458493.3259438 10.82 0.11
2458493.3261174 10.77 0.10
2458493.3262911 10.77 0.10
2458493.3264647 10.70 0.10
2458493.3266383 10.90 0.12
2458493.3268119 10.69 0.10
2458493.3271591 10.82 0.11
2458493.3273327 10.65 0.09
2458493.3275063 10.75 0.10
2458493.3276799 10.86 0.11
2458493.3278536 10.79 0.10
2458493.3280272 10.81 0.11
2458493.3282008 10.79 0.10
2458493.3283744 10.85 0.11
2458493.3287216 10.93 0.12
2458493.3297633 10.89 0.11
2458493.3302841 11.01 0.13
2458493.3304577 10.90 0.11
2458493.3306313 10.86 0.11
2458493.3314994 10.77 0.10
2458493.3316730 10.70 0.10
2458493.3318466 10.79 0.11
2458493.3320202 10.76 0.10
2458493.3321938 10.91 0.12
2458493.3323674 10.90 0.12
2458493.3325411 10.74 0.10
2458493.3328883 10.79 0.10
2458493.3330619 10.83 0.11
2458493.3332355 10.75 0.10
2458493.3334091 10.67 0.09
2458493.3335827 10.70 0.10
2458493.3337563 10.84 0.11
2458493.3339299 10.88 0.11
2458493.3341036 10.82 0.11
2458493.3342772 10.81 0.11
2458493.3346244 10.71 0.10
2458493.3349716 10.77 0.10
2458493.3353188 10.90 0.12
2458493.3354924 10.88 0.11
2458493.3356661 10.73 0.10
2458493.3358397 11.04 0.13
2458493.3361882 10.63 0.09
2458493.3363616 10.78 0.11
2458493.3365351 10.96 0.12
2458493.3379230 10.95 0.12
2458493.3380966 10.90 0.12
2458493.3382702 10.72 0.10
2458493.3386174 10.92 0.12
2458493.3387910 10.84 0.11
2458493.3389647 10.71 0.10
2458493.3391383 10.91 0.12
2458493.3394855 10.84 0.11
2458493.3398327 10.86 0.11
2458493.3401799 10.84 0.11
2458493.3405272 10.91 0.12
2458493.3407008 10.75 0.10
2458493.3410480 10.75 0.10
2458493.3412216 10.80 0.11
2458493.3413952 10.80 0.11
2458493.3415688 10.98 0.13
2458493.3420897 10.82 0.11
2458493.3422633 10.95 0.12
2458493.3424369 10.87 0.11
2458493.3427841 10.80 0.11
2458493.3431313 10.87 0.12
2458493.3433049 10.71 0.10
2458493.3434786 10.94 0.12
2458493.3436522 10.62 0.09
2458493.3438258 10.79 0.11
2458493.3441730 10.85 0.11
2458493.3443466 10.78 0.11
2458493.3445202 10.86 0.11
2458493.3446938 10.99 0.13
2458493.3448674 10.85 0.11
2458493.3450410 10.85 0.11
2458493.3452147 10.85 0.11
2458493.3455619 10.93 0.12
2458493.3457355 10.89 0.12
2458493.3459091 10.64 0.09
2458493.3460827 10.90 0.12
2458493.3466035 10.83 0.11
2458493.3467772 10.87 0.11
2458493.3469508 10.82 0.11
2458493.3471244 10.94 0.12
2458493.3472980 10.94 0.12
2458493.3474716 10.75 0.10
2458493.3476452 10.83 0.11
2458493.3478188 10.80 0.11
2458493.3479924 10.92 0.12
2458493.3481673 10.82 0.11
2458493.3483408 10.69 0.10
2458493.3486876 10.66 0.10
2458493.3488611 11.04 0.14
2458493.3492080 11.05 0.14
2458493.3493814 10.89 0.12
2458493.3495549 10.99 0.13
2458493.3497286 10.81 0.11
2458493.3499022 10.72 0.10
2458493.3507702 10.91 0.12
2458493.3509438 10.83 0.11
2458493.3512911 10.73 0.10
2458493.3514647 10.99 0.13
2458493.3518119 10.82 0.11
2458493.3519855 10.83 0.11
2458493.3526799 10.96 0.12
2458493.3528535 10.76 0.10
2458493.3532008 10.77 0.10
2458493.3533744 10.76 0.10
2458493.3535480 10.65 0.09
2458493.3538952 10.81 0.11
2458493.3540688 10.91 0.12
2458493.3542424 10.85 0.11
2458493.3544160 10.73 0.10
2458493.3547633 10.71 0.10
2458493.3549369 10.75 0.10
2458493.3551105 10.84 0.11
2458493.3552841 10.81 0.11
2458493.3554577 10.83 0.11
2458493.3556313 10.77 0.10
2458493.3558049 10.91 0.12
2458493.3563258 10.85 0.11
2458493.3564994 10.79 0.11
2458493.3568466 10.83 0.11
2458493.3570202 10.83 0.11
2458493.3571938 10.70 0.10
2458493.3573674 11.02 0.13
2458493.3580619 10.77 0.10
2458493.3582355 10.78 0.10
2458493.3585827 10.94 0.12
2458493.3587563 10.73 0.10
2458493.3591036 10.69 0.10
2458493.3592772 10.70 0.10
2458493.3594508 10.79 0.11
2458493.3599716 10.92 0.12
2458493.3601465 10.75 0.10
2458493.3604934 10.93 0.12
2458493.3608403 10.76 0.10
2458493.3613606 10.79 0.11
2458493.3620549 10.87 0.11
2458493.3622285 10.71 0.10
2458493.3639647 10.81 0.11
2458493.3651799 10.78 0.11
2458493.3655272 10.87 0.11
2458493.3657008 10.83 0.11
2458493.3660480 10.85 0.11
2458493.3662216 10.91 0.12
2458493.3665688 10.66 0.10
2458493.3669161 10.85 0.11
2458493.3670897 10.75 0.10
2458493.3672633 10.67 0.10
2458493.3674369 10.78 0.11
2458493.3676105 10.84 0.11
2458493.3677841 10.81 0.11
2458493.3679577 10.82 0.11
2458493.3681313 10.76 0.11
2458493.3683049 10.84 0.11
2458493.3684785 10.76 0.10
2458493.3686522 10.78 0.11
2458493.3689994 10.78 0.11
2458493.3693466 10.91 0.12
2458493.3696938 10.74 0.10
2458493.3698674 10.82 0.11
2458493.3700410 10.86 0.11
2458493.3702147 10.69 0.10
2458493.3703883 10.81 0.11
2458493.3705619 10.88 0.12
2458493.3707355 10.73 0.10
2458493.3709091 10.83 0.11
2458493.3710827 10.68 0.10
2458493.3712563 10.90 0.12
2458493.3714299 10.71 0.10
2458493.3719508 10.86 0.11
2458493.3721257 10.77 0.11
2458493.3722991 10.91 0.12
2458493.3724725 10.82 0.11
2458493.3726460 10.86 0.12
2458493.3728194 10.85 0.11
2458493.3729928 10.57 0.09
2458493.3731663 10.87 0.11
2458493.3733397 10.87 0.11
2458493.3735133 10.77 0.11
2458493.3738605 10.97 0.13
2458493.3742077 10.96 0.13
2458493.3743813 11.13 0.15
2458493.3745549 10.86 0.12
2458493.3747286 10.79 0.11
2458493.3750758 10.83 0.11
2458493.3755966 10.84 0.11
2458493.3757702 10.93 0.12
2458493.3759438 10.89 0.12
2458493.3761174 10.84 0.11
2458493.3762910 10.81 0.11
2458493.3764647 10.77 0.11
2458493.3766383 11.07 0.14
2458493.3768119 10.69 0.10
2458493.3769855 10.85 0.12
2458493.3771591 10.93 0.12
2458493.3773327 10.87 0.12
2458493.3775063 10.64 0.09
2458493.3776799 10.77 0.11
2458493.3780272 10.83 0.11
2458493.3782008 10.95 0.13
2458493.3785480 10.72 0.10
2458493.3787216 11.00 0.13
2458493.3788952 10.83 0.11
2458493.3790688 10.96 0.13
2458493.3792424 10.96 0.13
2458493.3795897 10.98 0.13
2458493.3797633 10.83 0.11
2458493.3799369 10.77 0.11
2458493.3802841 10.82 0.11
2458493.3804577 10.85 0.12
2458493.3806313 10.85 0.12
2458493.3808049 10.74 0.11
2458493.3809786 10.79 0.11
2458493.3814994 10.92 0.13
2458493.3816730 10.73 0.10
2458493.3818466 10.92 0.12
2458493.3820202 10.78 0.11
2458493.3821938 10.78 0.11
2458493.3823674 10.98 0.13
2458493.3827147 10.94 0.13
2458493.3828883 10.96 0.13
2458493.3834091 10.74 0.11
2458493.3835827 10.79 0.11
2458493.3837563 11.00 0.13
2458493.3839313 11.00 0.13
2458493.3841048 10.87 0.12
2458493.3842782 10.84 0.12
2458493.3844517 11.03 0.14
2458493.3846251 10.93 0.13
2458493.3847985 10.85 0.12
2458493.3849720 10.83 0.11
2458493.3853189 10.75 0.11
2458493.3856660 10.77 0.11
2458493.3858397 10.78 0.11
2458493.3863605 10.85 0.12
2458493.3865341 10.82 0.11
2458493.3867077 10.78 0.11
2458493.3868813 10.96 0.13
2458493.3870549 10.90 0.12
2458493.3874022 10.82 0.11
2458493.3877494 10.85 0.12
2458493.3879230 10.80 0.11
2458493.3880966 10.74 0.11
2458493.3882702 10.87 0.12
2458493.3884438 10.92 0.13
2458493.3886174 10.81 0.11
2458493.3889647 11.03 0.14
2458493.3891383 10.77 0.11
2458493.3893119 10.93 0.13
2458493.3894855 10.96 0.13
2458493.3896591 11.04 0.14
2458493.3900063 10.91 0.13
2458493.3907008 10.99 0.13
2458493.3908744 10.93 0.13
2458493.3910480 10.94 0.13
2458493.3912216 10.98 0.13
2458493.3913952 10.70 0.10
2458493.3919160 10.78 0.11
2458493.3920897 10.82 0.11
2458493.3922633 10.65 0.10
2458493.3933049 10.89 0.12
2458493.3934785 10.76 0.11
2458493.3939994 10.77 0.11
2458493.3941730 10.77 0.11
2458493.3943466 11.01 0.14
2458493.3948674 10.79 0.11
2458493.3950411 10.75 0.11
2458493.3952147 10.77 0.11
2458493.3953883 10.86 0.12
2458493.3957355 10.63 0.10
2458493.3960839 10.97 0.13
2458493.3964308 10.91 0.13
2458493.3966043 10.85 0.12
2458493.3967777 10.69 0.10
2458493.3971246 10.91 0.13
2458493.3974716 10.86 0.12
2458493.3978188 10.80 0.11
2458493.3981661 10.69 0.10
2458493.3983397 11.02 0.14
2458493.3985133 10.75 0.11
2458493.3992077 11.05 0.14
2458493.3995549 10.76 0.11
2458493.3997285 10.78 0.11
2458493.4002494 10.88 0.12
2458493.4004230 10.80 0.12
2458493.4009438 10.70 0.11
2458493.4011174 10.63 0.10
2458493.4012910 10.90 0.13
2458493.4023327 10.75 0.11
2458493.4025063 10.74 0.11
2458493.4028536 10.79 0.11
2458493.4037216 10.74 0.11
2458493.4042424 10.84 0.12
2458493.4045897 10.89 0.13
2458493.4047633 10.88 0.13
2458493.4049369 10.72 0.11
2458493.4058049 10.55 0.09
2458493.4059786 10.85 0.12
2458493.4061522 11.15 0.16
2458493.4064994 10.84 0.12
2458493.4066730 10.65 0.10
2458493.4071938 10.83 0.12
2458493.4073674 10.72 0.11
2458493.4077147 10.91 0.13
2458493.4078896 10.90 0.13
2458493.4080630 10.83 0.12
2458493.4082365 10.90 0.13
2458493.4084099 10.99 0.14
2458493.4089302 10.96 0.13
2458493.4091037 10.80 0.12
2458493.4094508 10.84 0.12
2458493.4096244 10.82 0.12
2458493.4097980 10.71 0.11
2458493.4103188 10.92 0.13
2458493.4104924 10.79 0.12
2458493.4106661 10.89 0.13
2458493.4108397 10.94 0.13
2458493.4113605 10.94 0.13
2458493.4115341 10.81 0.12
2458493.4117077 10.78 0.12
2458493.4120549 11.00 0.14
2458493.4122286 10.98 0.14
2458493.4125758 10.81 0.12
2458493.4129230 10.61 0.10
2458493.4130966 10.90 0.13
2458493.4132702 10.84 0.12
2458493.4134438 10.99 0.14
2458493.4139647 10.85 0.12
2458493.4141383 10.86 0.13
2458493.4143119 10.70 0.11
2458493.4150063 10.84 0.12
2458493.4151799 10.78 0.12
2458493.4157008 10.83 0.12
2458493.4158744 10.88 0.13
2458494.3474253 10.76 0.15
2458494.3505503 10.82 0.16
2458494.3526336 10.56 0.13
2458494.3529809 10.76 0.16
2458494.3547172 10.58 0.15
2458494.3552378 10.52 0.14
2458494.3568003 10.32 0.13
2458495.1519508 10.67 0.15
2458495.1547285 10.73 0.16
2458495.1635827 10.71 0.16
2458495.1637563 10.66 0.15
2458495.1653188 10.67 0.15
2458495.1656660 10.66 0.15
2458495.1682702 10.57 0.14
2458495.1691383 10.73 0.16
2458495.1739994 10.58 0.14
2458495.1814647 10.75 0.15
2458495.1837221 10.73 0.15
2458495.1838955 10.68 0.14
2458495.1859785 10.59 0.13
2458495.1861522 10.84 0.16
2458495.1863258 10.67 0.14
2458495.1868466 10.67 0.14
2458495.1878883 10.76 0.15
2458495.1995202 10.64 0.13
2458495.2012563 10.67 0.14
2458495.2019508 10.72 0.14
2458495.2035133 10.75 0.15
2458495.2121938 10.65 0.14
2458495.2142772 10.68 0.14
2458495.2151452 10.77 0.15
2458495.2153188 10.77 0.15
2458495.2158397 10.83 0.16
2458495.2180966 10.72 0.14
2458495.2187924 10.67 0.13
2458495.2200065 10.57 0.13
2458495.2212216 10.69 0.14
2458495.2213952 10.64 0.13
2458495.2220897 10.76 0.15
2458495.2262563 10.68 0.14
2458495.2264299 10.56 0.12
2458495.2286869 10.84 0.16
2458495.2297286 10.76 0.14
2458495.2304230 10.50 0.11
2458495.2312919 10.72 0.14
2458495.2321591 10.59 0.12
2458495.2332008 10.72 0.14
2458495.2333744 10.81 0.15
2458495.2340688 10.55 0.12
2458495.2351105 10.60 0.12
2458495.2358049 10.91 0.16
2458495.2364994 10.73 0.14
2458495.2401452 10.93 0.16
2458495.2403188 10.68 0.13
2458495.2458744 10.79 0.14
2458495.2460480 10.71 0.14
2458495.2470897 10.70 0.13
2458495.2476105 10.84 0.15
2458495.2477841 10.73 0.14
2458495.2484785 10.80 0.15
2458495.2488258 10.68 0.13
2458495.2491730 10.60 0.12
2458495.2493466 10.69 0.13
2458495.2496938 10.68 0.13
2458495.2524716 10.93 0.16
2458495.2526452 10.69 0.13
2458495.2528188 10.71 0.13
2458495.2533397 10.90 0.16
2458495.2538605 10.85 0.15
2458495.2540341 10.77 0.14
2458495.2550769 10.71 0.13
2458495.2554238 10.77 0.14
2458495.2559441 10.66 0.13
2458495.2561175 10.75 0.14
2458495.2566383 10.54 0.11
2458495.2573327 10.87 0.15
2458495.2575063 10.77 0.14
2458495.2580272 10.74 0.13
2458495.2582008 10.77 0.14
2458495.2587216 10.81 0.14
2458495.2592424 10.77 0.14
2458495.2595897 10.63 0.12
2458495.2601105 10.66 0.12
2458495.2609786 10.71 0.13
2458495.2614994 10.80 0.14
2458495.2620202 10.80 0.14
2458495.2630619 10.78 0.14
2458495.2647980 10.97 0.17
2458495.2665341 10.81 0.14
2458495.2674030 10.95 0.16
2458495.2677498 10.76 0.14
2458495.2686174 10.82 0.14
2458495.2691383 10.78 0.14
2458495.2693119 10.87 0.15
2458495.2694855 10.93 0.16
2458495.2696591 10.85 0.15
2458495.2703535 10.92 0.16
2458495.2705272 10.83 0.15
2458495.2708744 10.80 0.14
2458495.2715688 10.71 0.13
2458495.2719160 10.88 0.15
2458495.2720897 10.80 0.14
2458495.2727841 10.71 0.13
2458495.2734786 10.92 0.16
2458495.2741730 10.71 0.13
2458495.2745202 10.72 0.13
2458495.2755619 10.59 0.12
2458495.2762563 10.79 0.14
2458495.2766036 10.75 0.14
2458495.2772980 10.67 0.13
2458495.2785133 10.62 0.12
2458495.2802494 10.73 0.13
2458495.2804230 10.71 0.13
2458495.2805966 10.85 0.15
2458495.2807702 10.77 0.14
2458495.2809438 11.00 0.17
2458495.2811174 10.71 0.13
2458495.2818119 10.78 0.14
2458495.2832008 10.88 0.15
2458495.2842424 10.82 0.14
2458495.2847633 10.80 0.14
2458495.2859785 10.71 0.13
2458495.2866730 10.89 0.15
2458495.2868466 10.93 0.16
2458495.2877147 10.68 0.12
2458495.2878883 10.70 0.13
2458495.2882355 10.91 0.15
2458495.2885827 10.75 0.13
2458495.2892772 10.75 0.13
2458495.2894508 10.76 0.14
2458495.2922286 10.72 0.13
2458495.2925758 10.81 0.14
2458495.2927494 10.80 0.14
2458495.2929230 10.78 0.14
2458495.2932702 10.82 0.14
2458495.2937910 10.70 0.13
2458495.2951799 10.69 0.13
2458495.2963952 10.75 0.13
2458495.2972633 10.74 0.13
2458495.2977841 10.96 0.16
2458495.2986522 10.81 0.14
2458495.2988258 10.68 0.12
2458495.3002147 10.73 0.13
2458495.3003883 10.74 0.13
2458495.3009091 10.85 0.14
2458495.3014299 10.77 0.13
2458495.3028202 10.96 0.16
2458495.3031671 10.77 0.14
2458495.3042078 10.86 0.15
2458495.3059438 10.72 0.13
2458495.3061174 10.61 0.12
2458495.3062911 10.85 0.15
2458495.3064647 10.79 0.14
2458495.3068119 10.54 0.11
2458495.3069855 10.69 0.13
2458495.3071591 10.64 0.12
2458495.3075063 10.98 0.16
2458495.3087216 10.83 0.14
2458495.3088952 10.90 0.15
2458495.3090688 10.78 0.14
2458495.3095897 10.69 0.13
2458495.3118466 10.72 0.13
2458495.3120202 10.78 0.14
2458495.3128883 10.83 0.14
2458495.3130619 10.80 0.14
2458495.3132355 10.83 0.14
2458495.3135827 10.82 0.14
2458495.3153198 10.78 0.14
2458498.1661753 10.73 0.13
2458498.1677379 10.52 0.11
2458498.1687795 10.68 0.12
2458498.1691267 10.51 0.11
2458498.1694739 10.78 0.13
2458498.1698211 10.76 0.13
2458498.1699947 10.74 0.13
2458498.1712100 10.81 0.13
2458498.1713836 10.73 0.12
2458498.1719045 10.83 0.14
2458498.1724253 10.90 0.15
2458498.1727725 10.69 0.12
2458498.1729461 10.91 0.14
2458498.1731198 10.93 0.15
2458498.1732934 10.85 0.14
2458498.1734670 10.90 0.14
2458498.1738142 10.77 0.13
2458498.1741614 10.81 0.13
2458498.1743350 10.72 0.12
2458498.1750295 10.71 0.12
2458498.1752031 10.56 0.10
2458498.1755503 10.81 0.13
2458498.1757239 10.73 0.12
2458498.1758975 10.81 0.13
2458498.1760711 10.74 0.12
2458498.1762447 10.80 0.13
2458498.1764184 10.73 0.12
2458498.1765920 10.95 0.15
2458498.1767656 10.65 0.11
2458498.1769392 10.90 0.14
2458498.1771128 11.02 0.15
2458498.1772864 10.80 0.13
2458498.1774600 10.87 0.13
2458498.1779809 10.91 0.14
2458498.1781545 10.83 0.13
2458498.1785029 10.62 0.11
2458498.1786763 10.77 0.13
2458498.1790232 10.75 0.12
2458498.1791967 10.78 0.13
2458498.1793701 10.67 0.12
2458498.1795436 10.97 0.15
2458498.1804114 10.85 0.13
2458498.1807586 10.91 0.14
2458498.1809323 10.95 0.14
2458498.1811059 10.74 0.12
2458498.1814531 10.86 0.13
2458498.1816267 10.83 0.13
2458498.1819739 10.81 0.13
2458498.1821475 10.82 0.13
2458498.1823211 10.89 0.14
2458498.1824948 10.87 0.14
2458498.1826684 10.82 0.13
2458498.1828420 10.79 0.13
2458498.1833628 10.71 0.12
2458498.1835364 10.63 0.11
2458498.1838836 10.82 0.13
2458498.1840572 10.70 0.12
2458498.1852725 10.70 0.12
2458498.1856197 11.01 0.15
2458498.1859670 10.77 0.12
2458498.1866614 10.99 0.15
2458498.1868350 10.67 0.11
2458498.1871822 10.77 0.12
2458498.1882974 10.83 0.13
2458498.1887448 10.74 0.12
2458498.1889184 10.84 0.13
2458498.1890920 10.79 0.12
2458498.1892656 10.76 0.12
2458498.1894392 10.79 0.13
2458498.1897864 10.80 0.13
2458498.1901336 10.71 0.11
2458498.1903073 10.90 0.14
2458498.1904809 10.92 0.14
2458498.1906545 10.81 0.13
2458498.1908281 10.91 0.14
2458498.1910017 10.86 0.13
2458498.1911753 10.91 0.14
2458498.1913489 10.80 0.12
2458498.1915225 10.94 0.14
2458498.1916961 10.81 0.13
2458498.1920434 10.93 0.14
2458498.1922170 10.70 0.11
2458498.1923906 10.92 0.14
2458498.1925642 10.78 0.12
2458498.1927378 10.79 0.12
2458498.1929114 10.84 0.13
2458498.1930850 10.72 0.12
2458498.1932586 10.77 0.12
2458498.1936059 10.87 0.13
2458498.1941267 10.80 0.12
2458498.1943003 10.93 0.14
2458498.1944739 10.76 0.12
2458498.1949947 10.79 0.12
2458498.1953420 10.79 0.12
2458498.1956892 10.83 0.12
2458498.1960378 10.59 0.10
2458498.1962112 10.75 0.12
2458498.1963846 10.87 0.13
2458498.1967315 10.73 0.11
2458498.1970784 10.79 0.12
2458498.1972519 10.75 0.12
2458498.1979461 10.66 0.11
2458498.1981198 10.74 0.11
2458498.1982934 10.80 0.12
2458498.1984670 10.58 0.10
2458498.1986406 10.63 0.10
2458498.1998559 10.71 0.11
2458498.2000295 10.75 0.11
2458498.2019392 10.82 0.12
2458498.2021128 10.79 0.12
2458498.2024600 10.73 0.11
2458498.2026336 10.90 0.13
2458498.2028072 10.76 0.11
2458498.2029809 10.94 0.13
2458498.2031545 10.88 0.12
2458498.2035017 10.97 0.14
2458498.2036753 10.89 0.12
2458498.2038489 10.76 0.11
2458498.2040225 10.91 0.13
2458498.2043698 10.62 0.10
2458498.2045434 10.82 0.12
2458498.2048906 10.70 0.11
2458498.2052378 10.89 0.12
2458498.2054114 10.85 0.12
2458498.2059323 11.06 0.15
2458498.2061059 11.07 0.15
2458498.2062795 10.75 0.11
2458498.2064531 10.99 0.14
2458498.2066267 10.81 0.12
2458498.2068003 10.88 0.12
2458498.2073211 10.92 0.13
2458498.2074947 10.74 0.11
2458498.2078420 10.97 0.13
2458498.2080169 10.75 0.11
2458498.2081904 10.64 0.10
2458498.2083638 10.71 0.11
2458498.2085373 10.58 0.09
2458498.2087107 11.08 0.15
2458498.2088841 10.94 0.13
2458498.2092310 10.88 0.12
2458498.2094045 10.63 0.10
2458498.2095781 10.96 0.14
2458498.2097517 10.90 0.13
2458498.2099253 10.76 0.11
2458498.2100989 10.82 0.12
2458498.2104461 11.02 0.14
2458498.2106197 10.84 0.12
2458498.2107934 10.86 0.12
2458498.2109670 10.83 0.12
2458498.2111406 10.78 0.11
2458498.2113142 11.02 0.14
2458498.2116614 10.57 0.09
2458498.2118350 10.81 0.12
2458498.2120086 10.91 0.13
2458498.2123559 10.80 0.12
2458498.2127031 10.78 0.11
2458498.2140920 10.98 0.14
2458498.2144392 10.71 0.11
2458498.2146128 10.80 0.12
2458498.2147864 10.62 0.10
2458498.2149600 10.88 0.12
2458498.2151336 10.76 0.11
2458498.2156545 10.89 0.12
2458498.2160017 10.72 0.11
2458498.2170434 10.87 0.12
2458498.2172170 10.80 0.11
2458498.2173906 10.79 0.11
2458498.2177378 10.85 0.12
2458498.2180850 10.82 0.12
2458498.2182586 10.80 0.11
2458498.2184322 10.76 0.11
2458498.2186059 10.87 0.12
2458498.2187795 10.89 0.12
2458498.2189531 10.89 0.12
2458498.2191267 10.72 0.11
2458498.2193003 10.92 0.13
2458498.2194739 10.69 0.10
2458498.2196475 10.84 0.12
2458498.2198225 10.82 0.11
2458498.2201694 11.02 0.14
2458498.2203429 10.75 0.11
2458498.2205163 10.95 0.13
2458498.2208632 10.76 0.11
2458498.2210366 10.77 0.11
2458498.2212101 10.88 0.12
2458498.2213836 10.93 0.13
2458498.2215573 10.80 0.12
2458498.2220781 11.00 0.14
2458498.2222517 10.75 0.11
2458498.2231197 10.88 0.12
2458498.2234670 10.67 0.10
2458498.2239878 10.93 0.12
2458498.2245086 10.99 0.13
2458498.2246822 10.76 0.11
2458498.2250295 10.99 0.13
2458498.2252031 11.03 0.14
2458498.2253767 10.85 0.12
2458498.2255503 10.93 0.13
2458498.2258975 10.86 0.12
2458498.2262447 10.91 0.12
2458498.2264184 10.93 0.12
2458498.2265920 10.82 0.11
2458498.2267656 10.73 0.10
2458498.2269392 10.87 0.12
2458498.2271128 10.78 0.11
2458498.2276336 10.78 0.11
2458498.2278073 10.84 0.12
2458498.2279809 11.00 0.14
2458498.2281545 10.85 0.12
2458498.2283281 10.92 0.13
2458498.2285017 10.76 0.11
2458498.2286753 10.82 0.12
2458498.2290225 10.70 0.10
2458498.2295434 10.82 0.12
2458498.2297170 10.81 0.11
2458498.2298906 10.69 0.10
2458498.2300642 10.74 0.11
2458498.2302378 10.78 0.11
2458498.2307586 10.71 0.11
2458498.2311059 10.95 0.13
2458498.2316267 10.90 0.13
2458498.2318016 10.82 0.12
2458498.2319750 10.73 0.11
2458498.2326688 10.96 0.13
2458498.2330157 10.91 0.13
2458498.2331892 10.79 0.11
2458498.2335364 10.87 0.12
2458498.2340572 10.83 0.12
2458498.2344045 10.77 0.11
2458498.2347517 10.88 0.12
2458498.2350989 10.73 0.11
2458498.2352725 10.99 0.14
2458498.2357934 10.81 0.12
2458498.2363142 10.97 0.13
2458498.2366614 10.83 0.12
2458498.2370086 10.85 0.12
2458498.2371823 10.93 0.13
2458498.2373559 10.98 0.14
2458498.2377031 10.78 0.12
2458498.2385711 10.85 0.12
2458498.2389184 10.96 0.14
2458498.2390920 10.80 0.12
2458498.2392656 11.06 0.15
2458498.2396128 10.83 0.12
2458498.2399600 10.77 0.12
2458498.2403072 10.91 0.13
2458498.2404809 10.78 0.12
2458498.2406545 10.98 0.14
2458498.2408281 10.79 0.12
2458498.2430850 10.99 0.14
2458498.2432586 10.77 0.11
2458498.2441276 10.68 0.11
2458498.2444745 10.73 0.11
2458498.2449948 10.95 0.13
2458498.2453420 10.83 0.12
2458498.2455156 10.89 0.13
2458498.2462100 10.77 0.12
2458498.2470781 10.77 0.12
2458498.2472517 10.99 0.14
2458498.2474253 10.84 0.13
2458498.2481197 10.96 0.14
2458498.2482934 10.67 0.10
2458498.2486406 10.92 0.13
2458498.2489878 10.92 0.13
2458498.2491614 10.84 0.12
2458498.2493350 10.89 0.13
2458498.2495086 10.59 0.10
2458498.2496822 10.92 0.13
2458498.2498559 10.88 0.13
2458498.2500295 10.72 0.11
2458498.2502031 10.89 0.13
2458498.2507239 10.67 0.11
2458498.2512448 10.88 0.13
2458498.2524600 10.67 0.11
2458498.2526336 10.75 0.12
2458498.2529809 10.80 0.12
2458498.2531545 10.86 0.13
2458498.2541961 10.91 0.13
2458498.2543697 10.79 0.13
2458498.2548906 10.75 0.12
2458498.2561066 10.74 0.12
2458498.2562801 10.77 0.12
2458498.2573211 10.87 0.13
2458498.2583628 10.71 0.11
2458498.2585364 10.92 0.14
2458498.2602725 10.76 0.12
2458498.2604461 10.83 0.13
2458498.2607934 10.78 0.12
2458498.2613142 11.04 0.15
2458498.2620086 10.75 0.12
2458498.2621822 10.78 0.12
2458498.2630503 10.60 0.08
2458498.2632239 10.78 0.10
2458498.2635711 10.85 0.10
2458498.2646128 10.74 0.09
2458498.2649600 10.79 0.10
2458498.2653072 11.00 0.12
2458498.2654809 10.87 0.11
2458498.2660017 10.97 0.12
2458498.2661753 10.87 0.11
2458498.2666961 10.87 0.11
2458498.2670434 10.81 0.10
2458498.2672170 10.63 0.09
2458498.2673906 10.77 0.10
2458498.2677389 10.82 0.10
2458498.2679124 10.82 0.10
2458498.2680858 10.71 0.09
2458498.2682593 10.80 0.10
2458498.2684327 10.77 0.10
2458498.2686062 10.74 0.10
2458498.2687796 10.77 0.10
2458498.2689531 10.76 0.10
2458498.2693003 10.71 0.09
2458498.2696475 10.73 0.09
2458498.2698211 10.82 0.10
2458498.2699947 10.61 0.08
2458498.2701684 10.82 0.10
2458498.2705156 10.84 0.10
2458498.2708628 10.83 0.10
2458498.2713836 10.65 0.09
2458498.2717309 10.78 0.10
2458498.2720781 10.75 0.10
2458498.2722517 10.98 0.12
2458498.2724253 10.67 0.09
2458498.2725989 10.75 0.09
2458498.2727725 10.90 0.11
2458498.2731197 10.86 0.10
2458498.2734670 10.74 0.09
2458498.2736406 10.88 0.11
2458498.2738142 10.76 0.09
2458498.2739878 10.77 0.09
2458498.2743350 11.03 0.12
2458498.2745086 10.79 0.10
2458498.2746823 10.75 0.09
2458498.2748559 10.89 0.11
2458498.2753767 10.84 0.10
2458498.2757239 10.76 0.09
2458498.2758975 10.85 0.10
2458498.2760711 10.83 0.10
2458498.2762448 10.88 0.10
2458498.2764184 10.88 0.11
2458498.2765920 10.68 0.09
2458498.2767656 10.76 0.10
2458498.2769392 10.79 0.10
2458498.2772864 10.85 0.10
2458498.2774600 10.89 0.11
2458498.2776336 10.76 0.09
2458498.2778072 10.90 0.11
2458498.2779809 10.82 0.10
2458498.2781545 10.69 0.09
2458498.2785017 10.90 0.11
2458498.2786753 10.79 0.10
2458498.2788489 10.79 0.10
2458498.2790225 10.67 0.09
2458498.2791961 10.77 0.10
2458498.2793697 10.91 0.11
2458498.2795448 11.18 0.14
2458498.2797182 10.82 0.10
2458498.2802385 10.88 0.11
2458498.2804120 10.83 0.10
2458498.2805854 10.84 0.11
2458498.2807589 10.84 0.11
2458498.2809323 10.73 0.09
2458498.2811059 10.93 0.11
2458498.2812795 10.87 0.11
2458498.2814531 10.92 0.11
2458498.2816267 10.98 0.12
2458498.2818003 10.78 0.10
2458498.2821475 10.85 0.10
2458498.2823211 10.66 0.09
2458498.2824948 10.81 0.10
2458498.2826684 11.03 0.12
2458498.2828420 10.78 0.10
2458498.2830156 10.89 0.11
2458498.2831892 10.80 0.10
2458498.2835364 10.78 0.10
2458498.2837100 10.75 0.10
2458498.2838836 10.83 0.10
2458498.2840573 10.82 0.10
2458498.2842309 10.73 0.09
2458498.2844045 10.81 0.10
2458498.2845781 10.75 0.10
2458498.2847517 10.85 0.11
2458498.2849253 10.77 0.10
2458498.2854461 10.83 0.10
2458498.2856197 10.75 0.10
2458498.2857934 10.93 0.11
2458498.2859670 10.75 0.10
2458498.2861406 10.69 0.09
2458498.2863142 10.80 0.10
2458498.2864878 10.82 0.10
2458498.2866614 10.90 0.11
2458498.2868350 10.62 0.09
2458498.2870086 10.83 0.11
2458498.2871822 10.78 0.10
2458498.2875295 10.74 0.10
2458498.2877031 10.79 0.10
2458498.2878767 10.64 0.09
2458498.2882239 10.80 0.10
2458498.2883975 10.80 0.10
2458498.2887447 10.85 0.11
2458498.2889184 10.85 0.11
2458498.2892656 10.68 0.09
2458498.2894392 10.83 0.10
2458498.2896128 10.85 0.11
2458498.2899600 10.92 0.11
2458498.2901336 10.87 0.11
2458498.2903073 10.92 0.11
2458498.2906545 10.86 0.11
2458498.2908281 10.89 0.11
2458498.2910017 10.97 0.12
2458498.2911753 10.93 0.11
2458498.2913489 10.77 0.10
2458498.2915239 10.76 0.10
2458498.2916974 10.98 0.12
2458498.2920443 10.69 0.09
2458498.2922177 10.85 0.11
2458498.2925646 10.82 0.11
2458498.2927381 10.97 0.12
2458498.2929115 10.94 0.12
2458498.2930850 10.76 0.10
2458498.2932586 10.72 0.10
2458498.2936059 11.00 0.12
2458498.2937795 10.80 0.10
2458498.2941267 10.94 0.12
2458498.2948211 10.93 0.13
2458498.2949947 10.85 0.11
2458498.2955156 10.88 0.11
2458498.2956892 10.96 0.12
2458498.2960364 10.92 0.12
2458498.2967309 10.86 0.11
2458498.2974253 10.72 0.10
2458498.2977725 10.70 0.09
2458498.2981198 10.90 0.11
2458498.2982934 10.93 0.12
2458498.2984670 10.71 0.09
2458498.2995086 10.84 0.11
2458498.2996823 10.76 0.10
2458498.3000295 10.86 0.11
2458498.3005503 10.78 0.10
2458498.3007239 10.84 0.11
2458498.3010711 10.91 0.12
2458498.3014184 10.78 0.10
2458498.3015920 10.72 0.10
2458498.3024600 10.94 0.12
2458498.3028072 10.79 0.10
2458498.3029809 10.81 0.10
2458498.3035017 10.68 0.09
2458498.3036766 10.76 0.10
2458498.3040235 10.99 0.12
2458498.3045438 10.84 0.11
2458498.3052378 10.94 0.12
2458498.3059323 11.02 0.13
2458498.3061059 10.90 0.11
2458498.3064531 10.84 0.11
2458498.3066267 10.79 0.10
2458498.3068003 10.98 0.12
2458498.3069739 10.85 0.11
2458498.3071475 10.72 0.10
2458498.3073211 11.02 0.13
2458498.3074948 10.82 0.10
2458498.3078420 10.94 0.12
2458498.3080156 10.93 0.12
2458498.3083628 11.00 0.12
2458498.3092309 11.00 0.13
2458498.3094045 10.76 0.10
2458498.3095781 10.82 0.11
2458498.3100989 10.83 0.11
2458498.3102725 10.94 0.12
2458498.3107934 10.82 0.11
2458498.3111406 11.08 0.13
2458498.3113142 10.78 0.10
2458498.3114878 10.99 0.12
2458498.3118350 10.79 0.10
2458498.3120086 10.95 0.12
2458498.3121822 10.70 0.09
2458498.3123559 11.00 0.13
2458498.3127031 10.79 0.11
2458498.3128767 10.77 0.10
2458498.3130503 10.78 0.10
2458498.3139184 10.75 0.10
2458498.3144392 10.93 0.12
2458498.3146128 10.91 0.12
2458498.3147864 10.74 0.10
2458498.3153073 10.98 0.12
2458498.3156558 10.79 0.11
2458498.3158292 10.99 0.13
2458498.3160027 10.84 0.11
2458498.3163496 10.91 0.12
2458498.3165230 10.79 0.10
2458498.3170434 10.95 0.12
2458498.3173906 10.74 0.10
2458498.3179114 10.92 0.12
2458500.2345549 10.80 0.14
2458500.2352494 10.61 0.12
2458500.2361174 10.79 0.14
2458500.2366383 10.78 0.14
2458500.2368119 10.73 0.13
2458500.2383744 10.79 0.14
2458500.2395897 10.55 0.11
2458500.2406313 10.80 0.14
2458500.2409785 10.82 0.14
2458500.2421938 10.75 0.13
2458500.2437563 10.92 0.15
2458500.2442772 10.84 0.14
2458500.2447989 10.85 0.14
2458500.2453193 10.79 0.13
2458500.2458397 10.75 0.13
2458500.2461869 10.79 0.13
2458500.2465341 10.74 0.12
2458500.2468813 10.81 0.13
2458500.2479230 10.77 0.13
2458500.2480966 10.74 0.12
2458500.2482702 10.76 0.13
2458500.2484438 10.83 0.14
2458500.2486174 10.88 0.14
2458500.2487910 10.68 0.12
2458500.2493119 10.76 0.12
2458500.2494855 11.02 0.16
2458500.2496591 10.62 0.11
2458500.2498327 10.82 0.13
2458500.2500063 10.76 0.12
2458500.2507008 10.82 0.13
2458500.2510480 10.58 0.11
2458500.2513952 10.57 0.11
2458500.2515688 10.73 0.12
2458500.2520897 10.63 0.11
2458500.2522633 10.88 0.14
2458500.2524369 10.77 0.13
2458500.2526105 10.84 0.14
2458500.2531313 10.89 0.14
2458500.2534786 10.70 0.12
2458500.2541730 10.72 0.12
2458500.2543466 10.67 0.12
2458500.2550411 10.64 0.11
2458500.2555619 10.78 0.13
2458500.2566046 10.85 0.14
2458500.2567781 10.52 0.10
2458500.2576453 10.81 0.13
2458500.2595549 10.74 0.12
2458500.2599022 10.68 0.12
2458500.2602494 10.66 0.11
2458500.2604230 10.76 0.12
2458500.2605966 10.68 0.11
2458500.2607702 10.88 0.14
2458500.2609438 10.84 0.13
2458500.2612911 10.78 0.13
2458500.2614647 10.63 0.11
2458500.2616383 10.83 0.13
2458500.2619855 10.77 0.12
2458500.2621591 10.75 0.12
2458500.2625063 10.65 0.11
2458500.2628535 10.72 0.12
2458500.2632008 10.89 0.14
2458500.2633744 10.75 0.12
2458500.2637216 10.76 0.12
2458500.2638952 10.71 0.11
2458500.2640688 10.55 0.10
2458500.2642424 10.75 0.12
2458500.2644160 10.77 0.12
2458500.2647633 10.75 0.12
2458500.2649369 10.81 0.12
2458500.2651105 10.90 0.14
2458500.2654577 10.74 0.12
2458500.2656313 10.75 0.12
2458500.2659785 10.88 0.13
2458500.2664994 10.81 0.12
2458500.2666730 10.84 0.13
2458500.2670202 10.66 0.11
2458500.2671938 10.73 0.12
2458500.2677147 10.86 0.13
2458500.2680619 10.66 0.11
2458500.2682355 10.86 0.13
2458500.2689307 10.63 0.11
2458500.2691042 10.82 0.12
2458500.2692776 10.79 0.12
2458500.2696245 10.71 0.11
2458500.2697980 10.89 0.14
2458500.2704924 10.81 0.12
2458500.2706661 10.84 0.13
2458500.2710133 10.71 0.11
2458500.2711869 10.67 0.11
2458500.2713605 10.73 0.12
2458500.2715341 10.77 0.12
2458500.2718813 10.80 0.12
2458500.2720549 10.73 0.12
2458500.2722285 10.59 0.10
2458500.2729230 10.76 0.12
2458500.2732702 10.74 0.12
2458500.2734438 10.74 0.12
2458500.2736174 10.79 0.12
2458500.2739647 10.66 0.11
2458500.2741383 10.63 0.11
2458500.2746591 10.52 0.10
2458500.2748327 10.72 0.12
2458500.2751799 11.01 0.15
2458500.2755272 10.76 0.12
2458500.2757008 10.53 0.09
2458500.2760480 10.71 0.11
2458500.2763952 10.85 0.13
2458500.2765688 10.74 0.12
2458500.2769161 10.87 0.13
2458500.2774369 10.69 0.11
2458500.2776105 10.57 0.10
2458500.2777841 10.68 0.11
2458500.2779577 10.62 0.10
2458500.2781313 10.87 0.13
2458500.2783049 10.88 0.13
2458500.2791730 10.83 0.13
2458500.2793466 10.71 0.11
2458500.2795202 10.96 0.14
2458500.2796938 10.91 0.13
2458500.2798674 10.75 0.12
2458500.2803896 10.72 0.11
2458500.2805631 10.71 0.11
2458500.2807365 10.89 0.13
2458500.2809100 10.80 0.12
2458500.2810834 10.82 0.12
2458500.2812568 10.96 0.14
2458500.2814303 10.88 0.13
2458500.2817772 10.78 0.12
2458500.2821244 10.64 0.11
2458500.2824716 10.76 0.12
2458500.2826452 10.73 0.11
2458500.2828188 10.67 0.11
2458500.2835133 10.65 0.11
2458500.2842077 11.01 0.15
2458500.2847286 10.90 0.13
2458500.2850758 10.73 0.11
2458500.2857702 10.65 0.10
2458500.2859438 10.96 0.14
2458500.2861174 10.80 0.12
2458500.2864647 10.88 0.13
2458500.2866383 10.72 0.12
2458500.2875063 10.65 0.11
2458500.2878535 10.71 0.11
2458500.2880272 10.80 0.12
2458500.2885480 10.80 0.12
2458500.2887216 10.87 0.13
2458500.2888952 10.78 0.12
2458500.2890688 10.83 0.12
2458500.2894160 10.74 0.11
2458500.2895897 10.71 0.11
2458500.2897633 10.87 0.13
2458500.2899369 10.72 0.11
2458500.2901105 10.82 0.12
2458500.2902841 10.92 0.13
2458500.2908049 10.72 0.11
2458500.2911522 10.89 0.13
2458500.2913258 10.59 0.10
2458500.2916730 10.70 0.11
2458500.2925423 10.57 0.09