2458467.3668514 8.41 0.01
2458467.3673723 8.36 0.01
2458467.3675459 8.35 0.01
2458467.3680667 8.40 0.01
2458467.3685875 8.36 0.01
2458467.3692820 8.43 0.01
2458467.3694556 8.43 0.01
2458467.3696292 8.42 0.01
2458467.3699764 8.38 0.01
2458467.3703236 8.41 0.01
2458467.3704972 8.39 0.01
2458467.3711917 8.38 0.01
2458467.3715389 8.42 0.01
2458467.3717125 8.41 0.01
2458467.3718861 8.44 0.01
2458467.3724070 8.38 0.01
2458467.3732750 8.39 0.01
2458467.3736223 8.40 0.01
2458467.3737959 8.38 0.01
2458467.3739695 8.42 0.01
2458467.3741431 8.38 0.01
2458467.3744903 8.45 0.01
2458467.3746639 8.43 0.01
2458467.3748375 8.40 0.01
2458467.3750111 8.41 0.01
2458467.3751848 8.41 0.01
2458467.3755332 8.44 0.01
2458467.3757067 8.42 0.01
2458467.3758801 8.42 0.01
2458467.3760536 8.42 0.01
2458467.3762270 8.40 0.01
2458467.3764005 8.41 0.01
2458467.3769209 8.38 0.01
2458467.3770945 8.38 0.01
2458467.3781361 8.41 0.01
2458467.3783097 8.39 0.01
2458467.3784834 8.39 0.01
2458467.3788306 8.37 0.01
2458467.3790042 8.39 0.01
2458467.3791778 8.41 0.01
2458467.3802195 8.41 0.01
2458467.3803931 8.39 0.01
2458467.3805667 8.38 0.01
2458467.3807403 8.41 0.01
2458467.3810875 8.44 0.01
2458467.3812611 8.39 0.01
2458467.3821292 8.41 0.01
2458467.3823028 8.41 0.01
2458467.3826500 8.37 0.01
2458467.3831709 8.40 0.01
2458467.3838653 8.42 0.01
2458467.3840389 8.39 0.01
2458467.3842125 8.36 0.01
2458467.3843861 8.37 0.01
2458467.3845597 8.39 0.01
2458467.3849070 8.43 0.01
2458467.3850806 8.38 0.01
2458467.3859486 8.41 0.01
2458467.3861222 8.38 0.01
2458467.3864695 8.43 0.01
2458467.3866431 8.42 0.01
2458467.3871639 8.41 0.01
2458467.3882061 8.41 0.01
2458467.3883795 8.40 0.01
2458467.3887264 8.38 0.01
2458467.3890736 8.39 0.01
2458467.3892473 8.38 0.01
2458467.3894209 8.40 0.01
2458467.3895945 8.39 0.01
2458467.3899417 8.39 0.01
2458467.3901153 8.38 0.01
2458467.3902889 8.41 0.01
2458467.3913306 8.43 0.01
2458467.3915042 8.38 0.01
2458467.3916778 8.39 0.01
2458467.3918514 8.37 0.01
2458467.3920250 8.36 0.01
2458467.3934139 8.43 0.01
2458467.3935875 8.42 0.01
2458467.3937611 8.39 0.01
2458467.3939347 8.41 0.01
2458467.3949764 8.40 0.01
2458467.3951500 8.39 0.01
2458467.3953236 8.38 0.01
2458467.3956709 8.36 0.01
2458467.3958445 8.38 0.01
2458467.3960181 8.37 0.01
2458467.3967125 8.39 0.01
2458467.3968861 8.40 0.01
2458467.3970598 8.40 0.01
2458467.3972334 8.40 0.01
2458467.3975806 8.42 0.01
2458467.3979278 8.37 0.01
2458467.3981014 8.38 0.01
2458467.3982750 8.39 0.01
2458467.3986223 8.37 0.01
2458467.3987959 8.41 0.01
2458467.3991431 8.37 0.01
2458467.3993180 8.41 0.01
2458467.3994914 8.39 0.01
2458467.3996649 8.40 0.01
2458467.3998383 8.38 0.01
2458467.4000118 8.41 0.01
2458467.4001852 8.42 0.01
2458467.4005321 8.37 0.01
2458467.4010528 8.37 0.01
2458467.4012264 8.39 0.01
2458467.4014000 8.39 0.01
2458467.4015736 8.37 0.01
2458467.4019209 8.35 0.01
2458467.4020945 8.35 0.01
2458467.4024417 8.40 0.01
2458467.4026153 8.39 0.01
2458467.4029625 8.39 0.01
2458467.4036570 8.41 0.01
2458467.4038306 8.40 0.01
2458467.4040042 8.38 0.01
2458467.4043514 8.41 0.01
2458467.4053931 8.42 0.01
2458467.4055667 8.40 0.01
2458467.4057403 8.39 0.01
2458467.4059139 8.37 0.01
2458467.4062611 8.36 0.01
2458467.4071292 8.40 0.01
2458467.4078236 8.37 0.01
2458467.4079972 8.39 0.01
2458467.4081709 8.36 0.01
2458467.4083445 8.38 0.01
2458467.4090389 8.39 0.01
2458467.4095597 8.42 0.01
2458467.4102542 8.40 0.01
2458467.4104278 8.42 0.01
2458467.4107750 8.42 0.01
2458467.4109486 8.40 0.01
2458467.4112971 8.41 0.01
2458467.4114705 8.42 0.01
2458467.4116440 8.38 0.01
2458467.4118174 8.41 0.01
2458467.4123377 8.40 0.01
2458467.4125112 8.37 0.01
2458467.4126848 8.37 0.01
2458467.4128584 8.37 0.01
2458467.4130320 8.38 0.01
2458467.4132056 8.37 0.01
2458467.4135528 8.38 0.01
2458467.4137264 8.39 0.01
2458467.4139000 8.41 0.01
2458467.4140736 8.39 0.01
2458467.4142473 8.38 0.01
2458467.4145945 8.40 0.01
2458467.4149417 8.39 0.01
2458467.4156361 8.41 0.01
2458467.4159834 8.42 0.01
2458467.4161570 8.38 0.01
2458467.4165042 8.43 0.01
2458467.4166778 8.40 0.01
2458467.4168514 8.39 0.01
2458467.4170250 8.43 0.01
2458467.4171986 8.43 0.01
2458467.4173722 8.43 0.01
2458467.4175459 8.41 0.01
2458467.4178931 8.40 0.01
2458467.4180667 8.41 0.01
2458467.4182403 8.37 0.01
2458467.4184139 8.39 0.01
2458467.4187611 8.40 0.01
2458467.4189348 8.43 0.01
2458467.4194556 8.41 0.01
2458467.4198028 8.39 0.01
2458467.4201500 8.37 0.01
2458467.4203236 8.39 0.01
2458467.4204973 8.41 0.01
2458467.4206709 8.39 0.01
2458469.3729162 8.41 0.01
2458469.3732635 8.42 0.01
2458493.2519739 8.43 0.01
2458493.2521475 8.42 0.01
2458493.2523211 8.40 0.01
2458493.2524947 8.42 0.01
2458493.2530156 8.42 0.01
2458493.2531892 8.36 0.01
2458493.2535364 8.39 0.01
2458493.2540586 8.39 0.01
2458493.2545789 8.39 0.01
2458493.2550993 8.42 0.01
2458493.2552727 8.44 0.01
2458493.2554461 8.43 0.01
2458493.2556198 8.40 0.01
2458493.2557934 8.45 0.01
2458493.2559670 8.43 0.01
2458493.2561406 8.43 0.01
2458493.2563142 8.43 0.01
2458493.2564878 8.42 0.01
2458493.2566614 8.44 0.01
2458493.2568350 8.45 0.01
2458493.2570086 8.45 0.01
2458493.2571823 8.41 0.01
2458493.2573559 8.44 0.01
2458493.2577031 8.44 0.01
2458493.2578767 8.44 0.01
2458493.2580503 8.43 0.01
2458493.2585711 8.44 0.01
2458493.2587447 8.39 0.01
2458493.2590920 8.40 0.01
2458493.2594392 8.39 0.01
2458493.2596128 8.39 0.01
2458493.2597864 8.42 0.01
2458493.2599600 8.38 0.01
2458493.2601336 8.38 0.01
2458493.2604809 8.40 0.01
2458493.2606545 8.42 0.01
2458493.2610017 8.42 0.01
2458493.2615225 8.40 0.01
2458493.2618697 8.44 0.01
2458493.2620434 8.43 0.01
2458493.2622170 8.39 0.01
2458493.2623906 8.44 0.01
2458493.2629114 8.43 0.01
2458493.2630850 8.46 0.01
2458493.2636059 8.44 0.01
2458493.2637795 8.46 0.01
2458493.2639531 8.41 0.01
2458493.2641267 8.42 0.01
2458493.2643003 8.41 0.01
2458493.2648211 8.41 0.01
2458493.2649948 8.40 0.01
2458493.2651684 8.41 0.01
2458493.2653420 8.40 0.01
2458493.2655156 8.40 0.01
2458493.2656892 8.39 0.01
2458493.2660378 8.39 0.01
2458493.2665581 8.43 0.01
2458493.2667316 8.43 0.01
2458493.2670784 8.41 0.01
2458493.2672519 8.41 0.01
2458493.2675989 8.39 0.01
2458493.2679461 8.41 0.01
2458493.2681197 8.44 0.01
2458493.2684670 8.40 0.01
2458493.2689878 8.42 0.01
2458493.2691614 8.45 0.01
2458493.2693350 8.44 0.01
2458493.2695086 8.43 0.01
2458493.2696822 8.41 0.01
2458493.2698559 8.45 0.01
2458493.2702031 8.47 0.01
2458493.2703767 8.44 0.01
2458493.2705503 8.42 0.01
2458493.2707239 8.43 0.01
2458493.2710711 8.41 0.01
2458493.2717656 8.42 0.01
2458493.2722864 8.42 0.01
2458493.2724600 8.41 0.01
2458493.2726336 8.40 0.01
2458493.2729809 8.42 0.01
2458493.2731545 8.41 0.01
2458493.2733281 8.39 0.01
2458493.2735017 8.42 0.01
2458493.2738489 8.39 0.01
2458493.2740225 8.35 0.01
2458493.2743697 8.39 0.01
2458493.2745434 8.39 0.01
2458493.2747170 8.40 0.01
2458493.2752378 8.44 0.01
2458493.2755850 8.40 0.01
2458493.2757586 8.42 0.01
2458493.2759322 8.40 0.01
2458493.2761059 8.42 0.01
2458493.2762795 8.39 0.01
2458493.2764531 8.44 0.01
2458493.2768003 8.42 0.01
2458493.2769739 8.42 0.01
2458493.2771475 8.41 0.01
2458493.2773211 8.42 0.01
2458493.2774947 8.41 0.01
2458493.2778420 8.43 0.01
2458493.2780169 8.42 0.01
2458493.2781904 8.40 0.01
2458493.2783638 8.39 0.01
2458493.2785373 8.39 0.01
2458493.2788841 8.41 0.01
2458493.2792310 8.45 0.01
2458493.2794045 8.44 0.01
2458493.2797517 8.44 0.01
2458493.2799253 8.44 0.01
2458493.2800989 8.43 0.01
2458493.2804461 8.40 0.01
2458493.2806198 8.40 0.01
2458493.2807934 8.40 0.01
2458493.2809670 8.37 0.01
2458493.2813142 8.38 0.01
2458493.2814878 8.42 0.01
2458493.2816614 8.39 0.01
2458493.2820086 8.37 0.01
2458493.2821822 8.41 0.01
2458493.2823559 8.41 0.01
2458493.2827031 8.40 0.01
2458493.2828767 8.40 0.01
2458493.2832239 8.40 0.01
2458493.2833975 8.39 0.01
2458493.2837447 8.41 0.01
2458493.2839184 8.37 0.01
2458493.2840920 8.38 0.01
2458493.2842656 8.40 0.01
2458493.2844392 8.38 0.01
2458493.2846128 8.38 0.01
2458493.2849600 8.40 0.01
2458493.2856545 8.44 0.01
2458493.2858281 8.45 0.01
2458493.2861753 8.44 0.01
2458493.2865225 8.46 0.01
2458493.2866961 8.45 0.01
2458493.2868698 8.39 0.01
2458493.2872170 8.44 0.01
2458493.2875642 8.41 0.01
2458493.2877378 8.43 0.01
2458493.2880850 8.42 0.01
2458493.2884323 8.37 0.01
2458493.2886059 8.40 0.01
2458493.2887795 8.42 0.01
2458493.2889531 8.41 0.01
2458493.2894739 8.36 0.01
2458493.2898211 8.40 0.01
2458493.2901695 8.40 0.01
2458493.2903429 8.38 0.01
2458493.2908633 8.40 0.01
2458493.2910367 8.42 0.01
2458493.2912102 8.43 0.01
2458493.2913836 8.41 0.01
2458493.2920781 8.44 0.01
2458493.2922517 8.42 0.01
2458493.2924253 8.44 0.01
2458493.2925989 8.44 0.01
2458493.2927725 8.43 0.01
2458493.2932934 8.42 0.01
2458493.2936406 8.43 0.01
2458493.2938142 8.43 0.01
2458493.2941614 8.42 0.01
2458493.2943350 8.42 0.01
2458493.2945086 8.45 0.01
2458493.2946823 8.41 0.01
2458493.2948559 8.43 0.01
2458493.2950295 8.39 0.01
2458493.2952031 8.45 0.01
2458493.2953767 8.44 0.01
2458493.2955503 8.44 0.01
2458493.2957239 8.42 0.01
2458493.2958975 8.42 0.01
2458493.2960711 8.43 0.01
2458493.2962448 8.38 0.01
2458493.2965920 8.40 0.01
2458493.2967656 8.43 0.01
2458493.2972864 8.41 0.01
2458493.2974600 8.40 0.01
2458493.2976336 8.45 0.01
2458493.2978072 8.44 0.01
2458493.2979809 8.42 0.01
2458493.2981545 8.44 0.01
2458493.2983281 8.41 0.01
2458493.2985017 8.42 0.01
2458493.2986753 8.40 0.01
2458493.2988489 8.40 0.01
2458493.2990225 8.39 0.01
2458493.2991961 8.41 0.01
2458493.2993697 8.41 0.01
2458493.2995434 8.40 0.01
2458493.2997170 8.40 0.01
2458493.2998906 8.42 0.01
2458493.3000642 8.43 0.01
2458493.3002378 8.40 0.01
2458493.3004114 8.40 0.01
2458493.3007586 8.40 0.01
2458493.3018931 8.43 0.01
2458493.3021591 8.41 0.01
2458493.3023327 8.44 0.01
2458493.3025063 8.42 0.01
2458493.3028536 8.43 0.01
2458493.3030272 8.44 0.01
2458493.3032008 8.41 0.01
2458493.3035480 8.42 0.01
2458493.3037216 8.41 0.01
2458493.3038952 8.45 0.01
2458493.3040688 8.44 0.01
2458493.3042424 8.42 0.01
2458493.3044161 8.45 0.01
2458493.3047633 8.41 0.01
2458493.3049369 8.42 0.01
2458493.3051105 8.44 0.01
2458493.3052841 8.41 0.01
2458493.3054577 8.45 0.01
2458493.3056313 8.43 0.01
2458493.3058049 8.40 0.01
2458493.3059785 8.39 0.01
2458493.3063258 8.42 0.01
2458493.3064994 8.41 0.01
2458493.3066730 8.39 0.01
2458493.3068466 8.42 0.01
2458493.3070202 8.42 0.01
2458493.3071938 8.41 0.01
2458493.3073674 8.40 0.01
2458493.3075410 8.40 0.01
2458493.3077147 8.40 0.01
2458493.3080619 8.43 0.01
2458493.3082355 8.42 0.01
2458493.3084091 8.43 0.01
2458493.3085827 8.40 0.01
2458493.3087563 8.41 0.01
2458493.3089299 8.43 0.01
2458493.3091036 8.41 0.01
2458493.3092772 8.43 0.01
2458493.3094508 8.43 0.01
2458493.3096244 8.42 0.01
2458493.3097980 8.43 0.01
2458493.3099716 8.45 0.01
2458493.3104924 8.42 0.01
2458493.3106661 8.39 0.01
2458493.3108397 8.44 0.01
2458493.3110133 8.43 0.01
2458493.3111869 8.41 0.01
2458493.3113605 8.39 0.01
2458493.3115341 8.42 0.01
2458493.3117077 8.38 0.01
2458493.3118813 8.41 0.01
2458493.3120549 8.39 0.01
2458493.3122298 8.43 0.01
2458493.3125767 8.41 0.01
2458493.3127502 8.40 0.01
2458493.3130971 8.39 0.01
2458493.3132705 8.40 0.01
2458493.3134439 8.39 0.01
2458493.3136174 8.41 0.01
2458493.3137910 8.38 0.01
2458493.3139647 8.44 0.01
2458493.3141383 8.40 0.01
2458493.3143119 8.39 0.01
2458493.3144855 8.42 0.01
2458493.3146591 8.38 0.01
2458493.3148327 8.42 0.01
2458493.3150063 8.42 0.01
2458493.3151799 8.42 0.01
2458493.3153535 8.42 0.01
2458493.3155272 8.42 0.01
2458493.3157008 8.42 0.01
2458493.3158744 8.42 0.01
2458493.3160480 8.41 0.01
2458493.3162216 8.41 0.01
2458493.3163952 8.42 0.01
2458493.3169161 8.43 0.01
2458493.3170897 8.42 0.01
2458493.3172633 8.42 0.01
2458493.3174369 8.43 0.01
2458493.3176105 8.40 0.01
2458493.3179577 8.40 0.01
2458493.3181313 8.41 0.01
2458493.3183049 8.40 0.01
2458493.3184786 8.43 0.01
2458493.3189994 8.37 0.01
2458493.3191730 8.39 0.01
2458493.3193466 8.39 0.01
2458493.3196938 8.38 0.01
2458493.3198674 8.40 0.01
2458493.3200411 8.36 0.01
2458493.3202147 8.39 0.01
2458493.3203883 8.38 0.01
2458493.3205619 8.40 0.01
2458493.3209091 8.38 0.01
2458493.3210827 8.40 0.01
2458493.3212563 8.43 0.01
2458493.3216035 8.42 0.01
2458493.3217772 8.42 0.01
2458493.3219508 8.40 0.01
2458493.3222980 8.42 0.01
2458493.3224716 8.41 0.01
2458493.3226452 8.42 0.01
2458493.3228188 8.39 0.01
2458493.3229924 8.38 0.01
2458493.3233397 8.39 0.01
2458493.3235133 8.46 0.01
2458493.3236869 8.41 0.01
2458493.3242090 8.38 0.01
2458493.3245559 8.39 0.01
2458493.3247293 8.40 0.01
2458493.3252497 8.40 0.01
2458493.3255966 8.38 0.01
2458493.3257702 8.39 0.01
2458493.3259438 8.41 0.01
2458493.3261174 8.41 0.01
2458493.3264647 8.39 0.01
2458493.3266383 8.38 0.01
2458493.3268119 8.40 0.01
2458493.3271591 8.41 0.01
2458493.3275063 8.38 0.01
2458493.3276799 8.39 0.01
2458493.3280272 8.41 0.01
2458493.3282008 8.41 0.01
2458493.3287216 8.42 0.01
2458493.3288952 8.42 0.01
2458493.3290688 8.42 0.01
2458493.3294160 8.41 0.01
2458493.3295897 8.38 0.01
2458493.3297633 8.38 0.01
2458493.3299369 8.42 0.01
2458493.3301105 8.41 0.01
2458493.3308049 8.38 0.01
2458493.3311522 8.38 0.01
2458493.3313258 8.40 0.01
2458493.3316730 8.39 0.01
2458493.3318466 8.40 0.01
2458493.3320202 8.40 0.01
2458493.3323674 8.44 0.01
2458493.3328883 8.42 0.01
2458493.3334091 8.41 0.01
2458493.3335827 8.41 0.01
2458493.3337563 8.43 0.01
2458493.3344508 8.39 0.01
2458493.3346244 8.39 0.01
2458493.3347980 8.44 0.01
2458493.3351452 8.39 0.01
2458493.3353188 8.42 0.01
2458493.3354924 8.40 0.01
2458493.3356661 8.37 0.01
2458493.3358397 8.41 0.01
2458493.3365351 8.40 0.01
2458493.3367085 8.40 0.01
2458493.3368820 8.38 0.01
2458493.3372288 8.42 0.01
2458493.3374023 8.35 0.01
2458493.3379230 8.41 0.01
2458493.3382702 8.41 0.01
2458493.3384438 8.39 0.01
2458493.3386174 8.43 0.01
2458493.3387910 8.47 0.01
2458493.3389647 8.42 0.01
2458493.3393119 8.41 0.01
2458493.3396591 8.45 0.01
2458493.3398327 8.40 0.01
2458493.3400063 8.43 0.01
2458493.3401799 8.45 0.01
2458493.3403536 8.42 0.01
2458493.3405272 8.41 0.01
2458493.3407008 8.41 0.01
2458493.3408744 8.43 0.01
2458493.3410480 8.41 0.01
2458493.3412216 8.42 0.01
2458493.3413952 8.38 0.01
2458493.3422633 8.39 0.01
2458493.3426105 8.37 0.01
2458493.3429577 8.40 0.01
2458493.3434786 8.40 0.01
2458493.3438258 8.41 0.01
2458493.3439994 8.39 0.01
2458493.3441730 8.41 0.01
2458493.3443466 8.36 0.01
2458493.3445202 8.40 0.01
2458493.3446938 8.42 0.01
2458493.3452147 8.42 0.01
2458493.3453883 8.43 0.01
2458493.3457355 8.44 0.01
2458493.3460827 8.39 0.01
2458493.3462563 8.42 0.01
2458493.3466035 8.41 0.01
2458493.3467772 8.41 0.01
2458493.3472980 8.42 0.01
2458493.3474716 8.41 0.01
2458493.3476452 8.42 0.01
2458493.3478188 8.39 0.01
2458493.3479924 8.40 0.01
2458493.3485142 8.39 0.01
2458493.3486876 8.37 0.01
2458493.3488611 8.39 0.01
2458493.3492080 8.40 0.01
2458493.3499022 8.38 0.01
2458493.3500758 8.41 0.01
2458493.3504230 8.40 0.01
2458493.3505966 8.39 0.01
2458493.3507702 8.43 0.01
2458493.3509438 8.40 0.01
2458493.3511174 8.40 0.01
2458493.3512911 8.43 0.01
2458493.3514647 8.42 0.01
2458493.3516383 8.41 0.01
2458493.3518119 8.42 0.01
2458493.3519855 8.45 0.01
2458493.3521591 8.43 0.01
2458493.3526799 8.40 0.01
2458493.3535480 8.41 0.01
2458493.3537216 8.40 0.01
2458493.3538952 8.42 0.01
2458493.3542424 8.42 0.01
2458493.3544160 8.42 0.01
2458493.3545897 8.42 0.01
2458493.3547633 8.41 0.01
2458493.3549369 8.45 0.01
2458493.3552841 8.42 0.01
2458493.3554577 8.38 0.01
2458493.3559786 8.40 0.01
2458493.3563258 8.41 0.01
2458493.3564994 8.42 0.01
2458493.3568466 8.43 0.01
2458493.3573674 8.38 0.01
2458493.3575411 8.40 0.01
2458493.3577147 8.41 0.01
2458493.3578883 8.40 0.01
2458493.3580619 8.43 0.01
2458493.3582355 8.42 0.01
2458493.3589299 8.43 0.01
2458493.3601465 8.42 0.01
2458493.3603199 8.41 0.01
2458493.3604934 8.41 0.01
2458493.3606668 8.42 0.01
2458493.3608403 8.41 0.01
2458493.3611871 8.45 0.01
2458493.3615341 8.41 0.01
2458493.3622285 8.41 0.01
2458493.3629230 8.42 0.01
2458493.3632702 8.40 0.01
2458493.3636174 8.41 0.01
2458493.3639647 8.44 0.01
2458493.3641383 8.40 0.01
2458493.3643119 8.40 0.01
2458493.3648327 8.43 0.01
2458493.3650063 8.42 0.01
2458493.3653536 8.37 0.01
2458493.3657008 8.39 0.01
2458493.3658744 8.44 0.01
2458493.3662216 8.44 0.01
2458493.3663952 8.38 0.01
2458493.3670897 8.41 0.01
2458493.3672633 8.40 0.01
2458493.3676105 8.37 0.01
2458493.3677841 8.40 0.01
2458493.3681313 8.40 0.01
2458493.3683049 8.39 0.01
2458493.3684785 8.40 0.01
2458493.3688258 8.42 0.01
2458493.3689994 8.42 0.01
2458493.3693466 8.39 0.01
2458493.3695202 8.38 0.01
2458493.3700410 8.40 0.01
2458493.3707355 8.44 0.01
2458493.3709091 8.43 0.01
2458493.3716036 8.43 0.01
2458493.3719508 8.41 0.01
2458493.3721257 8.35 0.01
2458493.3722991 8.40 0.01
2458493.3726460 8.39 0.01
2458493.3729928 8.40 0.01
2458493.3733397 8.36 0.01
2458493.3742077 8.37 0.01
2458493.3743813 8.40 0.01
2458493.3745549 8.39 0.01
2458493.3749022 8.41 0.01
2458493.3750758 8.45 0.01
2458493.3754230 8.41 0.01
2458493.3755966 8.43 0.01
2458493.3762910 8.43 0.01
2458493.3768119 8.41 0.01
2458493.3769855 8.42 0.01
2458493.3771591 8.39 0.01
2458493.3776799 8.39 0.01
2458493.3783744 8.38 0.01
2458493.3788952 8.40 0.01
2458493.3792424 8.37 0.01
2458493.3799369 8.38 0.01
2458493.3804577 8.44 0.01
2458493.3806313 8.39 0.01
2458493.3825411 8.42 0.01
2458493.3830619 8.41 0.01
2458493.3835827 8.43 0.01
2458493.3844517 8.41 0.01
2458493.3851454 8.39 0.01
2458493.3858397 8.40 0.01
2458493.3865341 8.44 0.01
2458493.3867077 8.38 0.01
2458493.3872286 8.40 0.01
2458493.3875758 8.40 0.01
2458493.3879230 8.39 0.01
2458493.3880966 8.41 0.01
2458493.3884438 8.39 0.01
2458493.3886174 8.40 0.01
2458493.3887911 8.41 0.01
2458493.3889647 8.40 0.01
2458493.3891383 8.39 0.01
2458493.3894855 8.38 0.01
2458493.3898327 8.39 0.01
2458493.3901799 8.41 0.01
2458493.3903536 8.40 0.01
2458493.3905272 8.37 0.01
2458493.3907008 8.44 0.01
2458493.3910480 8.42 0.01
2458493.3912216 8.43 0.01
2458493.3924369 8.39 0.01
2458493.3929577 8.38 0.01
2458493.3933049 8.39 0.01
2458493.3939994 8.39 0.01
2458493.3941730 8.37 0.01
2458493.3945202 8.42 0.01
2458493.3950411 8.45 0.01
2458493.3959105 8.41 0.01
2458493.3962574 8.44 0.01
2458493.3966043 8.42 0.01
2458493.3974716 8.42 0.01
2458493.3976452 8.44 0.01
2458493.3979924 8.43 0.01
2458493.3981661 8.40 0.01
2458493.3986869 8.43 0.01
2458493.3993813 8.37 0.01
2458493.4000758 8.43 0.01
2458493.4002494 8.43 0.01
2458493.4007702 8.38 0.01
2458493.4012910 8.41 0.01
2458493.4016383 8.41 0.01
2458493.4026799 8.42 0.01
2458493.4030272 8.40 0.01
2458493.4032008 8.41 0.01
2458493.4033744 8.40 0.01
2458493.4037216 8.38 0.01
2458493.4051105 8.41 0.01
2458493.4056313 8.41 0.01
2458493.4068466 8.44 0.01
2458493.4070202 8.42 0.01
2458493.4073674 8.40 0.01
2458493.4077147 8.43 0.01
2458493.4084099 8.43 0.01
2458493.4091037 8.43 0.01
2458493.4092772 8.38 0.01
2458493.4094508 8.42 0.01
2458493.4096244 8.45 0.01
2458493.4099716 8.44 0.01
2458493.4101452 8.41 0.01
2458493.4103188 8.40 0.01
2458493.4104924 8.41 0.01
2458493.4118813 8.39 0.01
2458493.4120549 8.41 0.01
2458493.4124022 8.40 0.01
2458493.4127494 8.40 0.01
2458493.4129230 8.42 0.01
2458493.4130966 8.45 0.01
2458493.4134438 8.43 0.01
2458493.4136174 8.42 0.01
2458493.4137911 8.43 0.01
2458493.4139647 8.39 0.01
2458493.4153535 8.39 0.01
2458493.4155272 8.40 0.01
2458493.4157008 8.44 0.01
2458493.4158744 8.42 0.01
2458494.3451684 8.46 0.03
2458494.3453420 8.44 0.03
2458494.3455156 8.49 0.03
2458494.3456892 8.45 0.02
2458494.3458628 8.47 0.02
2458494.3460364 8.46 0.02
2458494.3462100 8.42 0.02
2458494.3465573 8.44 0.02
2458494.3467309 8.41 0.02
2458494.3469045 8.42 0.02
2458494.3470781 8.42 0.02
2458494.3472517 8.42 0.02
2458494.3475989 8.42 0.02
2458494.3477725 8.39 0.02
2458494.3479462 8.43 0.02
2458494.3481197 8.43 0.02
2458494.3482934 8.39 0.02
2458494.3484670 8.44 0.02
2458494.3486406 8.42 0.02
2458494.3489878 8.43 0.02
2458494.3491614 8.44 0.02
2458494.3493350 8.39 0.02
2458494.3495086 8.40 0.02
2458494.3498559 8.35 0.02
2458494.3500295 8.42 0.02
2458494.3502031 8.44 0.02
2458494.3503767 8.39 0.02
2458494.3505503 8.39 0.02
2458494.3507239 8.43 0.02
2458494.3512447 8.43 0.02
2458494.3514184 8.39 0.02
2458494.3515920 8.42 0.02
2458494.3517656 8.38 0.02
2458494.3519392 8.45 0.02
2458494.3521128 8.41 0.02
2458494.3524600 8.43 0.02
2458494.3529809 8.41 0.02
2458494.3531545 8.44 0.02
2458494.3533281 8.41 0.02
2458494.3536765 8.38 0.02
2458494.3538500 8.42 0.02
2458494.3540234 8.38 0.02
2458494.3541969 8.38 0.02
2458494.3547172 8.40 0.02
2458494.3548906 8.39 0.02
2458494.3550642 8.37 0.02
2458494.3552378 8.44 0.02
2458494.3554114 8.41 0.02
2458494.3555850 8.39 0.02
2458494.3557586 8.40 0.02
2458494.3559322 8.43 0.02
2458494.3561059 8.34 0.02
2458494.3562795 8.36 0.02
2458494.3564531 8.42 0.02
2458494.3566267 8.38 0.02
2458494.3568003 8.39 0.02
2458494.3569739 8.38 0.02
2458494.3571475 8.38 0.02
2458494.3573211 8.32 0.02
2458494.3574947 8.40 0.02
2458494.3576684 8.37 0.02
2458494.3580156 8.39 0.02
2458494.3583628 8.41 0.02
2458494.3585364 8.43 0.02
2458494.3587100 8.42 0.02
2458494.3588836 8.43 0.02
2458494.3590572 8.41 0.02
2458494.3592309 8.41 0.02
2458494.3595781 8.44 0.02
2458494.3606945 8.40 0.02
2458494.3609670 8.36 0.02
2458494.3613142 8.45 0.03
2458494.3614878 8.38 0.03
2458494.3616614 8.39 0.03
2458494.3618350 8.45 0.03
2458494.3621823 8.41 0.03
2458494.3623559 8.39 0.03
2458494.3625295 8.43 0.03
2458494.3627031 8.38 0.03
2458494.3628767 8.39 0.03
2458494.3632239 8.40 0.03
2458494.3633975 8.44 0.03
2458494.3639184 8.42 0.03
2458494.3642656 8.41 0.03
2458494.3644392 8.38 0.03
2458494.3646128 8.34 0.03
2458494.3647864 8.39 0.03
2458494.3649600 8.35 0.03
2458494.3651336 8.39 0.03
2458494.3653072 8.42 0.03
2458494.3654809 8.43 0.04
2458494.3658281 8.36 0.04
2458494.3661753 8.37 0.04
2458494.3663489 8.43 0.04
2458494.3665225 8.47 0.05
2458494.3670434 8.40 0.04
2458494.3673920 8.42 0.05
2458494.3675654 8.44 0.05
2458494.3677389 8.31 0.04
2458494.3679123 8.43 0.05
2458494.3680858 8.45 0.05
2458494.3682592 8.34 0.05
2458494.3687795 8.31 0.05
2458494.3689531 8.41 0.05
2458494.3691267 8.53 0.06
2458494.3693003 8.34 0.05
2458494.3701684 8.47 0.06
2458494.3712100 8.39 0.06
2458494.3715572 8.33 0.06
2458494.3724253 8.32 0.07
2458494.3734670 8.29 0.08
2458494.3741614 8.35 0.10
2458494.3743350 8.30 0.10
2458494.3745086 8.33 0.11
2458494.3748559 8.38 0.12
2458494.3750295 8.24 0.11
2458495.1342424 8.41 0.02
2458495.1345897 8.43 0.02
2458495.1347646 8.42 0.02
2458495.1349380 8.43 0.02
2458495.1351115 8.45 0.02
2458495.1352849 8.40 0.02
2458495.1354584 8.43 0.02
2458495.1356318 8.43 0.02
2458495.1359787 8.46 0.02
2458495.1361522 8.45 0.02
2458495.1363258 8.46 0.02
2458495.1364994 8.48 0.02
2458495.1366730 8.44 0.02
2458495.1368466 8.44 0.02
2458495.1370202 8.47 0.02
2458495.1373674 8.45 0.02
2458495.1375410 8.43 0.02
2458495.1380619 8.44 0.02
2458495.1382355 8.41 0.02
2458495.1384091 8.42 0.02
2458495.1385827 8.43 0.02
2458495.1387563 8.41 0.02
2458495.1389299 8.41 0.02
2458495.1391035 8.43 0.02
2458495.1392772 8.45 0.02
2458495.1394508 8.43 0.02
2458495.1396244 8.45 0.02
2458495.1399716 8.45 0.02
2458495.1401452 8.47 0.02
2458495.1403188 8.46 0.02
2458495.1406661 8.46 0.02
2458495.1408397 8.43 0.02
2458495.1410133 8.44 0.02
2458495.1411869 8.43 0.02
2458495.1413605 8.40 0.02
2458495.1417077 8.44 0.02
2458495.1418813 8.43 0.02
2458495.1422286 8.43 0.02
2458495.1424022 8.46 0.02
2458495.1425758 8.44 0.02
2458495.1427494 8.43 0.02
2458495.1429230 8.47 0.02
2458495.1430966 8.46 0.02
2458495.1432702 8.43 0.02
2458495.1436174 8.40 0.02
2458495.1439647 8.38 0.02
2458495.1441383 8.39 0.02
2458495.1443119 8.35 0.02
2458495.1446591 8.44 0.02
2458495.1448327 8.41 0.02
2458495.1451799 8.40 0.02
2458495.1453535 8.46 0.02
2458495.1455272 8.42 0.02
2458495.1457008 8.42 0.02
2458495.1458744 8.41 0.02
2458495.1462216 8.42 0.02
2458495.1463952 8.44 0.02
2458495.1465688 8.39 0.02
2458495.1467438 8.40 0.02
2458495.1469172 8.40 0.02
2458495.1472641 8.42 0.02
2458495.1474375 8.42 0.02
2458495.1476110 8.46 0.02
2458495.1479579 8.42 0.02
2458495.1481313 8.45 0.02
2458495.1483049 8.37 0.02
2458495.1484786 8.44 0.02
2458495.1486522 8.41 0.02
2458495.1488258 8.47 0.02
2458495.1491730 8.43 0.02
2458495.1493466 8.37 0.02
2458495.1495202 8.40 0.02
2458495.1502147 8.37 0.02
2458495.1503883 8.42 0.02
2458495.1505619 8.39 0.02
2458495.1507355 8.42 0.02
2458495.1510827 8.40 0.02
2458495.1512563 8.42 0.02
2458495.1514299 8.38 0.02
2458495.1516036 8.43 0.02
2458495.1517772 8.42 0.02
2458495.1521244 8.47 0.02
2458495.1524716 8.35 0.02
2458495.1526452 8.43 0.02
2458495.1529924 8.41 0.02
2458495.1531660 8.41 0.02
2458495.1533397 8.43 0.02
2458495.1536869 8.38 0.02
2458495.1540341 8.48 0.02
2458495.1542077 8.44 0.02
2458495.1545549 8.44 0.02
2458495.1547285 8.43 0.02
2458495.1549022 8.42 0.02
2458495.1550758 8.43 0.02
2458495.1552494 8.40 0.02
2458495.1554230 8.41 0.02
2458495.1561174 8.45 0.02
2458495.1564647 8.39 0.02
2458495.1566383 8.40 0.02
2458495.1568119 8.40 0.02
2458495.1569855 8.40 0.02
2458495.1571591 8.48 0.02
2458495.1575063 8.46 0.02
2458495.1576799 8.39 0.02
2458495.1582008 8.44 0.02
2458495.1583744 8.44 0.02
2458495.1585480 8.44 0.02
2458495.1587230 8.41 0.02
2458495.1588964 8.42 0.02
2458495.1592433 8.42 0.02
2458495.1594167 8.40 0.02
2458495.1595902 8.41 0.02
2458495.1597636 8.40 0.02
2458495.1599371 8.39 0.02
2458495.1602841 8.43 0.02
2458495.1604577 8.41 0.02
2458495.1606313 8.40 0.02
2458495.1608049 8.43 0.02
2458495.1611522 8.41 0.02
2458495.1613258 8.43 0.02
2458495.1618466 8.42 0.02
2458495.1620202 8.37 0.02
2458495.1621938 8.42 0.02
2458495.1623674 8.37 0.02
2458495.1625410 8.41 0.02
2458495.1628883 8.43 0.02
2458495.1630619 8.41 0.02
2458495.1634091 8.41 0.02
2458495.1637563 8.43 0.02
2458495.1642772 8.48 0.02
2458495.1644508 8.44 0.02
2458495.1646244 8.46 0.02
2458495.1649716 8.45 0.02
2458495.1651452 8.41 0.02
2458495.1653188 8.43 0.02
2458495.1654924 8.46 0.02
2458495.1656660 8.41 0.02
2458495.1658397 8.40 0.02
2458495.1660133 8.44 0.02
2458495.1661869 8.44 0.02
2458495.1665341 8.43 0.02
2458495.1667077 8.37 0.02
2458495.1668813 8.40 0.02
2458495.1670549 8.39 0.02
2458495.1672285 8.43 0.02
2458495.1674022 8.41 0.02
2458495.1679230 8.43 0.02
2458495.1680966 8.42 0.02
2458495.1684438 8.38 0.02
2458495.1686174 8.40 0.02
2458495.1687910 8.37 0.02
2458495.1689647 8.40 0.02
2458495.1691383 8.43 0.02
2458495.1693119 8.36 0.02
2458495.1694855 8.39 0.02
2458495.1696591 8.44 0.02
2458495.1698327 8.43 0.02
2458495.1700063 8.41 0.02
2458495.1701799 8.41 0.02
2458495.1705272 8.43 0.02
2458495.1707022 8.45 0.02
2458495.1708756 8.45 0.02
2458495.1712225 8.42 0.02
2458495.1720897 8.42 0.02
2458495.1722633 8.39 0.02
2458495.1727841 8.46 0.02
2458495.1729577 8.40 0.02
2458495.1733049 8.41 0.02
2458495.1734786 8.37 0.02
2458495.1736522 8.41 0.02
2458495.1739994 8.41 0.02
2458495.1741730 8.41 0.02
2458495.1743466 8.38 0.02
2458495.1745202 8.41 0.02
2458495.1746938 8.37 0.02
2458495.1748674 8.40 0.02
2458495.1750411 8.39 0.02
2458495.1752147 8.39 0.02
2458495.1753883 8.39 0.02
2458495.1759091 8.43 0.02
2458495.1760827 8.42 0.02
2458495.1762563 8.41 0.02
2458495.1766035 8.44 0.02
2458495.1767772 8.41 0.02
2458495.1769508 8.46 0.02
2458495.1772980 8.41 0.02
2458495.1774716 8.42 0.02
2458495.1776452 8.42 0.02
2458495.1779924 8.44 0.02
2458495.1785133 8.42 0.02
2458495.1786869 8.48 0.02
2458495.1788605 8.46 0.02
2458495.1790341 8.45 0.02
2458495.1792077 8.44 0.02
2458495.1793813 8.44 0.02
2458495.1795549 8.44 0.02
2458495.1797286 8.46 0.02
2458495.1799022 8.42 0.02
2458495.1800758 8.41 0.02
2458495.1802494 8.44 0.02
2458495.1804230 8.43 0.02
2458495.1805966 8.40 0.02
2458495.1807702 8.41 0.02
2458495.1809438 8.43 0.02
2458495.1811174 8.45 0.02
2458495.1812911 8.43 0.02
2458495.1814647 8.40 0.02
2458495.1816383 8.40 0.02
2458495.1818119 8.41 0.02
2458495.1819855 8.39 0.02
2458495.1821591 8.39 0.02
2458495.1823327 8.42 0.02
2458495.1825063 8.40 0.02
2458495.1826799 8.41 0.02
2458495.1832017 8.46 0.02
2458495.1833752 8.43 0.02
2458495.1835486 8.42 0.02
2458495.1838955 8.43 0.02
2458495.1840689 8.44 0.02
2458495.1842424 8.43 0.02
2458495.1844160 8.47 0.02
2458495.1845897 8.42 0.02
2458495.1847633 8.40 0.02
2458495.1851105 8.44 0.02
2458495.1852841 8.44 0.02
2458495.1854577 8.52 0.02
2458495.1856313 8.44 0.02
2458495.1859785 8.41 0.02
2458495.1861522 8.40 0.02
2458495.1863258 8.43 0.02
2458495.1864994 8.39 0.02
2458495.1866730 8.40 0.02
2458495.1868466 8.43 0.02
2458495.1870202 8.41 0.02
2458495.1871938 8.40 0.02
2458495.1873674 8.42 0.02
2458495.1878883 8.46 0.02
2458495.1880619 8.37 0.02
2458495.1882355 8.40 0.02
2458495.1885827 8.43 0.02
2458495.1889299 8.39 0.02
2458495.1891036 8.43 0.02
2458495.1892772 8.45 0.02
2458495.1896244 8.45 0.02
2458495.1897980 8.37 0.02
2458495.1904924 8.46 0.02
2458495.1906661 8.44 0.02
2458495.1908397 8.41 0.02
2458495.1910133 8.43 0.02
2458495.1911869 8.44 0.02
2458495.1913605 8.44 0.02
2458495.1915341 8.40 0.02
2458495.1917077 8.45 0.02
2458495.1918813 8.41 0.02
2458495.1920549 8.45 0.02
2458495.1924022 8.42 0.02
2458495.1925758 8.46 0.02
2458495.1927494 8.42 0.02
2458495.1929230 8.42 0.02
2458495.1930966 8.40 0.02
2458495.1932702 8.46 0.02
2458495.1934438 8.43 0.02
2458495.1937910 8.39 0.02
2458495.1939647 8.43 0.02
2458495.1941383 8.39 0.02
2458495.1943119 8.41 0.02
2458495.1944855 8.40 0.02
2458495.1948340 8.40 0.02
2458495.1950075 8.42 0.02
2458495.1951809 8.41 0.02
2458495.1953544 8.42 0.02
2458495.1957013 8.40 0.02
2458495.1958747 8.41 0.02
2458495.1960481 8.43 0.02
2458495.1962216 8.42 0.02
2458495.1965688 8.43 0.02
2458495.1967424 8.43 0.02
2458495.1969161 8.45 0.02
2458495.1970897 8.47 0.02
2458495.1972633 8.43 0.02
2458495.1974369 8.42 0.02
2458495.1977841 8.44 0.02
2458495.1979577 8.44 0.02
2458495.1981313 8.42 0.02
2458495.1984786 8.45 0.02
2458495.1986522 8.44 0.02
2458495.1988258 8.46 0.02
2458495.1989994 8.46 0.02
2458495.1993466 8.46 0.02
2458495.1995202 8.43 0.02
2458495.1996938 8.41 0.02
2458495.1998674 8.42 0.02
2458495.2000410 8.42 0.02
2458495.2002147 8.42 0.02
2458495.2003883 8.38 0.02
2458495.2005619 8.38 0.02
2458495.2007355 8.43 0.02
2458495.2009091 8.45 0.02
2458495.2010827 8.37 0.02
2458495.2012563 8.39 0.02
2458495.2016035 8.37 0.02
2458495.2017772 8.37 0.02
2458495.2019508 8.36 0.02
2458495.2022980 8.42 0.02
2458495.2026452 8.41 0.02
2458495.2028188 8.41 0.02
2458495.2029924 8.41 0.02
2458495.2031661 8.47 0.02
2458495.2033397 8.42 0.02
2458495.2035133 8.42 0.02
2458495.2036869 8.47 0.02
2458495.2038605 8.43 0.02
2458495.2042077 8.41 0.02
2458495.2043813 8.43 0.02
2458495.2045549 8.45 0.02
2458495.2047286 8.42 0.02
2458495.2050758 8.42 0.02
2458495.2052494 8.43 0.02
2458495.2054230 8.43 0.02
2458495.2055966 8.44 0.02
2458495.2057702 8.46 0.02
2458495.2059438 8.44 0.02
2458495.2061174 8.42 0.02
2458495.2062911 8.38 0.02
2458495.2064647 8.40 0.02
2458495.2066383 8.40 0.02
2458495.2068132 8.41 0.02
2458495.2069867 8.41 0.02
2458495.2071601 8.38 0.02
2458495.2073336 8.40 0.02
2458495.2075070 8.44 0.02
2458495.2076805 8.40 0.02
2458495.2078539 8.42 0.02
2458495.2080274 8.39 0.02
2458495.2082008 8.41 0.02
2458495.2083744 8.38 0.02
2458495.2085480 8.41 0.02
2458495.2087216 8.38 0.02
2458495.2088952 8.42 0.02
2458495.2090688 8.38 0.02
2458495.2092424 8.42 0.02
2458495.2094160 8.42 0.02
2458495.2095897 8.41 0.02
2458495.2097633 8.38 0.02
2458495.2099369 8.39 0.02
2458495.2101105 8.43 0.02
2458495.2102841 8.41 0.02
2458495.2104577 8.42 0.02
2458495.2106313 8.44 0.02
2458495.2108049 8.41 0.02
2458495.2109786 8.41 0.02
2458495.2111522 8.43 0.02
2458495.2113258 8.44 0.02
2458495.2114994 8.44 0.02
2458495.2116730 8.40 0.02
2458495.2118466 8.45 0.02
2458495.2121938 8.44 0.02
2458495.2123674 8.44 0.02
2458495.2127147 8.41 0.02
2458495.2128883 8.40 0.02
2458495.2130619 8.42 0.02
2458495.2132355 8.41 0.02
2458495.2134091 8.43 0.02
2458495.2135827 8.41 0.02
2458495.2137563 8.38 0.02
2458495.2139299 8.40 0.02
2458495.2141036 8.41 0.02
2458495.2142772 8.40 0.02
2458495.2146244 8.38 0.02
2458495.2147980 8.42 0.02
2458495.2149716 8.42 0.02
2458495.2151452 8.41 0.02
2458495.2153188 8.41 0.02
2458495.2154924 8.39 0.02
2458495.2156660 8.41 0.02
2458495.2158397 8.42 0.02
2458495.2160133 8.43 0.02
2458495.2161869 8.39 0.02
2458495.2163605 8.43 0.02
2458495.2165341 8.43 0.02
2458495.2167077 8.42 0.02
2458495.2168813 8.43 0.02
2458495.2170549 8.42 0.02
2458495.2174022 8.41 0.02
2458495.2175758 8.39 0.02
2458495.2177494 8.41 0.02
2458495.2179230 8.43 0.02
2458495.2182702 8.40 0.02
2458495.2184438 8.43 0.02
2458495.2186174 8.42 0.02
2458495.2187924 8.45 0.02
2458495.2189658 8.41 0.02
2458495.2193127 8.38 0.02
2458495.2194862 8.39 0.02
2458495.2198331 8.38 0.02
2458495.2200065 8.39 0.02
2458495.2203536 8.41 0.02
2458495.2205272 8.42 0.02
2458495.2207008 8.44 0.02
2458495.2208744 8.40 0.02
2458495.2210480 8.42 0.02
2458495.2213952 8.40 0.02
2458495.2215688 8.35 0.02
2458495.2219161 8.37 0.02
2458495.2220897 8.39 0.02
2458495.2222633 8.39 0.02
2458495.2224369 8.40 0.02
2458495.2226105 8.37 0.02
2458495.2227841 8.38 0.02
2458495.2229577 8.40 0.02
2458495.2231313 8.42 0.02
2458495.2233049 8.42 0.02
2458495.2234785 8.41 0.02
2458495.2238258 8.42 0.02
2458495.2239994 8.40 0.02
2458495.2241730 8.43 0.02
2458495.2243466 8.40 0.02
2458495.2245202 8.43 0.02
2458495.2246938 8.43 0.02
2458495.2248674 8.43 0.02
2458495.2252147 8.41 0.02
2458495.2255619 8.42 0.02
2458495.2259091 8.41 0.02
2458495.2260827 8.39 0.02
2458495.2262563 8.41 0.02
2458495.2264299 8.40 0.02
2458495.2266036 8.41 0.02
2458495.2267772 8.41 0.02
2458495.2269508 8.43 0.02
2458495.2271244 8.42 0.02
2458495.2274716 8.38 0.02
2458495.2276452 8.45 0.02
2458495.2278188 8.41 0.02
2458495.2281661 8.37 0.02
2458495.2283397 8.39 0.02
2458495.2285133 8.39 0.02
2458495.2288605 8.35 0.02
2458495.2297286 8.39 0.02
2458495.2299022 8.37 0.02
2458495.2300758 8.39 0.02
2458495.2304230 8.38 0.02
2458495.2305966 8.41 0.02
2458495.2307716 8.41 0.02
2458495.2309450 8.39 0.02
2458495.2311185 8.40 0.02
2458495.2312919 8.41 0.02
2458495.2314654 8.42 0.02
2458495.2316388 8.41 0.02
2458495.2319857 8.43 0.02
2458495.2321591 8.39 0.02
2458495.2323327 8.43 0.02
2458495.2325063 8.42 0.02
2458495.2326799 8.41 0.02
2458495.2328535 8.39 0.02
2458495.2330272 8.43 0.02
2458495.2332008 8.44 0.02
2458495.2335480 8.39 0.02
2458495.2337216 8.34 0.02
2458495.2338952 8.40 0.02
2458495.2340688 8.41 0.02
2458495.2344161 8.39 0.02
2458495.2345897 8.40 0.02
2458495.2347633 8.43 0.02
2458495.2349369 8.40 0.02
2458495.2351105 8.38 0.02
2458495.2352841 8.40 0.02
2458495.2356313 8.37 0.02
2458495.2358049 8.43 0.02
2458495.2359785 8.39 0.02
2458495.2361522 8.41 0.02
2458495.2364994 8.41 0.02
2458495.2366730 8.38 0.02
2458495.2370202 8.44 0.02
2458495.2371938 8.42 0.02
2458495.2373674 8.38 0.02
2458495.2375411 8.42 0.02
2458495.2377147 8.41 0.02
2458495.2378883 8.39 0.02
2458495.2380619 8.39 0.02
2458495.2385827 8.43 0.02
2458495.2387563 8.40 0.02
2458495.2389299 8.40 0.02
2458495.2391035 8.42 0.02
2458495.2394508 8.38 0.02
2458495.2396244 8.37 0.02
2458495.2397980 8.37 0.02
2458495.2399716 8.36 0.02
2458495.2403188 8.39 0.02
2458495.2404924 8.41 0.02
2458495.2406660 8.43 0.02
2458495.2408397 8.37 0.02
2458495.2410133 8.42 0.02
2458495.2411869 8.43 0.02
2458495.2413605 8.47 0.02
2458495.2415341 8.43 0.02
2458495.2417077 8.40 0.02
2458495.2418813 8.42 0.02
2458495.2422286 8.40 0.02
2458495.2424022 8.42 0.02
2458495.2425758 8.37 0.02
2458495.2427508 8.37 0.02
2458495.2429242 8.39 0.02
2458495.2432711 8.43 0.02
2458495.2436180 8.38 0.02
2458495.2437914 8.37 0.02
2458495.2439649 8.37 0.02
2458495.2441383 8.42 0.02
2458495.2444855 8.39 0.02
2458495.2446591 8.42 0.02
2458495.2448327 8.46 0.02
2458495.2450063 8.40 0.02
2458495.2451799 8.39 0.02
2458495.2453536 8.39 0.02
2458495.2455272 8.36 0.02
2458495.2457008 8.39 0.02
2458495.2460480 8.41 0.02
2458495.2463952 8.40 0.02
2458495.2465688 8.36 0.02
2458495.2467424 8.42 0.02
2458495.2470897 8.41 0.02
2458495.2472633 8.38 0.02
2458495.2474369 8.41 0.02
2458495.2476105 8.43 0.02
2458495.2479577 8.41 0.02
2458495.2481313 8.40 0.02
2458495.2483049 8.43 0.02
2458495.2484785 8.42 0.02
2458495.2486522 8.39 0.02
2458495.2488258 8.42 0.02
2458495.2489994 8.41 0.02
2458495.2491730 8.40 0.02
2458495.2493466 8.38 0.02
2458495.2495202 8.40 0.02
2458495.2496938 8.39 0.02
2458495.2498674 8.37 0.02
2458495.2500411 8.39 0.02
2458495.2503883 8.37 0.02
2458495.2505619 8.39 0.02
2458495.2509091 8.39 0.02
2458495.2510827 8.38 0.02
2458495.2512563 8.36 0.02
2458495.2514299 8.43 0.02
2458495.2516036 8.39 0.02
2458495.2517772 8.41 0.02
2458495.2519508 8.46 0.02
2458495.2521244 8.39 0.02
2458495.2524716 8.40 0.02
2458495.2526452 8.39 0.02
2458495.2528188 8.38 0.02
2458495.2529924 8.38 0.02
2458495.2531661 8.36 0.02
2458495.2533397 8.39 0.02
2458495.2535133 8.43 0.02
2458495.2536869 8.39 0.02
2458495.2538605 8.43 0.02
2458495.2540341 8.40 0.02
2458495.2542077 8.41 0.02
2458495.2545549 8.41 0.02
2458495.2547300 8.41 0.02
2458495.2549034 8.41 0.02
2458495.2550769 8.36 0.02
2458495.2552503 8.40 0.02
2458495.2555972 8.38 0.02
2458495.2557706 8.40 0.02
2458495.2559441 8.35 0.02
2458495.2562910 8.39 0.02
2458495.2568119 8.38 0.02
2458495.2569855 8.38 0.02
2458495.2571591 8.41 0.02
2458495.2576799 8.42 0.02
2458495.2580272 8.44 0.02
2458495.2587216 8.42 0.02
2458495.2590688 8.40 0.02
2458495.2595897 8.37 0.02
2458495.2597633 8.38 0.02
2458495.2599369 8.42 0.02
2458495.2601105 8.38 0.02
2458495.2602841 8.39 0.02
2458495.2604577 8.41 0.02
2458495.2606313 8.41 0.02
2458495.2609786 8.43 0.02
2458495.2611522 8.42 0.02
2458495.2613258 8.42 0.02
2458495.2616730 8.41 0.02
2458495.2618466 8.40 0.02
2458495.2620202 8.40 0.02
2458495.2621938 8.43 0.02
2458495.2625410 8.41 0.02
2458495.2628883 8.41 0.02
2458495.2632355 8.38 0.02
2458495.2634091 8.39 0.02
2458495.2635827 8.37 0.02
2458495.2637563 8.41 0.02
2458495.2641035 8.37 0.02
2458495.2642772 8.40 0.02
2458495.2644508 8.35 0.02
2458495.2647980 8.38 0.02
2458495.2649716 8.35 0.02
2458495.2658397 8.44 0.02
2458495.2660133 8.41 0.02
2458495.2661869 8.34 0.01
2458495.2663605 8.43 0.02
2458495.2667077 8.42 0.02
2458495.2668826 8.42 0.02
2458495.2672295 8.41 0.02
2458495.2674030 8.41 0.02
2458495.2679233 8.39 0.02
2458495.2680967 8.40 0.02
2458495.2682702 8.41 0.02
2458495.2693119 8.42 0.02
2458495.2698327 8.39 0.02
2458495.2700063 8.43 0.02
2458495.2701799 8.39 0.02
2458495.2703535 8.41 0.02
2458495.2707008 8.45 0.02
2458495.2708744 8.39 0.02
2458495.2710480 8.40 0.02
2458495.2712216 8.37 0.02
2458495.2713952 8.38 0.02
2458495.2715688 8.37 0.02
2458495.2717424 8.41 0.02
2458495.2719160 8.37 0.02
2458495.2722633 8.41 0.02
2458495.2743466 8.40 0.02
2458495.2745202 8.41 0.02
2458495.2746938 8.40 0.02
2458495.2748674 8.40 0.02
2458495.2750411 8.41 0.02
2458495.2752147 8.44 0.02
2458495.2759091 8.39 0.02
2458495.2762563 8.43 0.02
2458495.2764299 8.42 0.02
2458495.2766036 8.39 0.02
2458495.2767772 8.42 0.02
2458498.1656545 8.40 0.02
2458498.1658281 8.40 0.02
2458498.1666972 8.44 0.02
2458498.1679114 8.42 0.02
2458498.1680850 8.40 0.02
2458498.1682586 8.39 0.02
2458498.1686059 8.40 0.02
2458498.1687795 8.42 0.02
2458498.1689531 8.41 0.02
2458498.1691267 8.39 0.01
2458498.1693003 8.39 0.01
2458498.1696475 8.39 0.01
2458498.1699947 8.42 0.02
2458498.1701684 8.41 0.02
2458498.1708628 8.41 0.02
2458498.1710364 8.38 0.01
2458498.1717309 8.41 0.01
2458498.1719045 8.41 0.02
2458498.1725989 8.38 0.01
2458498.1727725 8.41 0.01
2458498.1729461 8.36 0.01
2458498.1732934 8.39 0.01
2458498.1736406 8.42 0.01
2458498.1738142 8.41 0.01
2458498.1745086 8.42 0.01
2458498.1746823 8.43 0.01
2458498.1750295 8.45 0.02
2458498.1753767 8.42 0.01
2458498.1755503 8.39 0.01
2458498.1758975 8.44 0.01
2458498.1764184 8.41 0.01
2458498.1765920 8.39 0.01
2458498.1767656 8.45 0.01
2458498.1772864 8.45 0.01
2458498.1774600 8.42 0.01
2458498.1779809 8.41 0.01
2458498.1783295 8.41 0.01
2458498.1790232 8.39 0.01
2458498.1795436 8.39 0.01
2458498.1797170 8.40 0.01
2458498.1798906 8.39 0.01
2458498.1800642 8.40 0.01
2458498.1802378 8.41 0.01
2458498.1804114 8.39 0.01
2458498.1807586 8.42 0.01
2458498.1811059 8.42 0.01
2458498.1812795 8.41 0.01
2458498.1814531 8.39 0.01
2458498.1823211 8.42 0.01
2458498.1824948 8.39 0.01
2458498.1833628 8.42 0.01
2458498.1837100 8.43 0.01
2458498.1838836 8.41 0.01
2458498.1840572 8.43 0.01
2458498.1845781 8.42 0.01
2458498.1849253 8.40 0.01
2458498.1850989 8.42 0.01
2458498.1854461 8.43 0.01
2458498.1856197 8.39 0.01
2458498.1859670 8.40 0.01
2458498.1863142 8.41 0.01
2458498.1868350 8.41 0.01
2458498.1870086 8.39 0.01
2458498.1871822 8.40 0.01
2458498.1885711 8.42 0.01
2458498.1887448 8.42 0.01
2458498.1889184 8.44 0.01
2458498.1890920 8.40 0.01
2458498.1892656 8.45 0.01
2458498.1894392 8.40 0.01
2458498.1896128 8.42 0.01
2458498.1897864 8.40 0.01
2458498.1899600 8.36 0.01
2458498.1901336 8.36 0.01
2458498.1903073 8.42 0.01
2458498.1904809 8.43 0.01
2458498.1908281 8.41 0.01
2458498.1910017 8.38 0.01
2458498.1911753 8.39 0.01
2458498.1913489 8.41 0.01
2458498.1915225 8.42 0.01
2458498.1916961 8.44 0.01
2458498.1918697 8.39 0.01
2458498.1922170 8.44 0.01
2458498.1923906 8.41 0.01
2458498.1925642 8.42 0.01
2458498.1929114 8.42 0.01
2458498.1930850 8.42 0.01
2458498.1934322 8.43 0.01
2458498.1936059 8.44 0.01
2458498.1937795 8.37 0.01
2458498.1939531 8.40 0.01
2458498.1943003 8.41 0.01
2458498.1944739 8.41 0.01
2458498.1948211 8.44 0.01
2458498.1949947 8.37 0.01
2458498.1951684 8.38 0.01
2458498.1955156 8.38 0.01
2458498.1956892 8.39 0.01
2458498.1958628 8.37 0.01
2458498.1962112 8.40 0.01
2458498.1963846 8.37 0.01
2458498.1965581 8.39 0.01
2458498.1967315 8.40 0.01
2458498.1969050 8.39 0.01
2458498.1970784 8.35 0.01
2458498.1972519 8.38 0.01
2458498.1974253 8.36 0.01
2458498.1975989 8.35 0.01
2458498.1977725 8.41 0.01
2458498.1979461 8.40 0.01
2458498.1981198 8.41 0.01
2458498.1984670 8.41 0.01
2458498.1988142 8.46 0.01
2458498.1989878 8.40 0.01
2458498.1991614 8.41 0.01
2458498.1993350 8.42 0.01
2458498.1996822 8.43 0.01
2458498.1998559 8.40 0.01
2458498.2000295 8.44 0.01
2458498.2002031 8.42 0.01
2458498.2003767 8.40 0.01
2458498.2005503 8.41 0.01
2458498.2007239 8.42 0.01
2458498.2008975 8.39 0.01
2458498.2012447 8.42 0.01
2458498.2017656 8.42 0.01
2458498.2019392 8.37 0.01
2458498.2021128 8.37 0.01
2458498.2024600 8.44 0.01
2458498.2029809 8.38 0.01
2458498.2031545 8.39 0.01
2458498.2033281 8.38 0.01
2458498.2036753 8.40 0.01
2458498.2040225 8.38 0.01
2458498.2041961 8.36 0.01
2458498.2045434 8.36 0.01
2458498.2047170 8.40 0.01
2458498.2050642 8.42 0.01
2458498.2052378 8.39 0.01
2458498.2054114 8.42 0.01
2458498.2055850 8.42 0.01
2458498.2057586 8.41 0.01
2458498.2062795 8.43 0.01
2458498.2068003 8.40 0.01
2458498.2069739 8.42 0.01
2458498.2071475 8.37 0.01
2458498.2074947 8.39 0.01
2458498.2076684 8.39 0.01
2458498.2080169 8.35 0.01
2458498.2081904 8.35 0.01
2458498.2088841 8.37 0.01
2458498.2092310 8.41 0.01
2458498.2094045 8.41 0.01
2458498.2097517 8.39 0.01
2458498.2102725 8.38 0.01
2458498.2104461 8.41 0.01
2458498.2107934 8.36 0.01
2458498.2109670 8.36 0.01
2458498.2111406 8.36 0.01
2458498.2116614 8.38 0.01
2458498.2123559 8.40 0.01
2458498.2125295 8.41 0.01
2458498.2127031 8.42 0.01
2458498.2130503 8.42 0.01
2458498.2132239 8.40 0.01
2458498.2137448 8.42 0.01
2458498.2139184 8.39 0.01
2458498.2146128 8.39 0.01
2458498.2149600 8.38 0.01
2458498.2156545 8.43 0.01
2458498.2158281 8.37 0.01
2458498.2160017 8.39 0.01
2458498.2166961 8.36 0.01
2458498.2168697 8.42 0.01
2458498.2170434 8.39 0.01
2458498.2172170 8.40 0.01
2458498.2175642 8.37 0.01
2458498.2179114 8.38 0.01
2458498.2180850 8.38 0.01
2458498.2184322 8.35 0.01
2458498.2187795 8.40 0.01
2458498.2189531 8.41 0.01
2458498.2191267 8.37 0.01
2458498.2193003 8.36 0.01
2458498.2199960 8.40 0.01
2458498.2201694 8.38 0.01
2458498.2203429 8.37 0.01
2458498.2205163 8.37 0.01
2458498.2206898 8.38 0.01
2458498.2208632 8.42 0.01
2458498.2210366 8.37 0.01
2458498.2212101 8.37 0.01
2458498.2219045 8.40 0.01
2458498.2220781 8.44 0.01
2458498.2222517 8.37 0.01
2458498.2224253 8.39 0.01
2458498.2227725 8.41 0.01
2458498.2229461 8.39 0.01
2458498.2231197 8.42 0.01
2458498.2232934 8.39 0.01
2458498.2234670 8.40 0.01
2458498.2236406 8.40 0.01
2458498.2239878 8.40 0.01
2458498.2243350 8.42 0.01
2458498.2245086 8.36 0.01
2458498.2248559 8.39 0.01
2458498.2253767 8.35 0.01
2458498.2255503 8.33 0.01
2458498.2257239 8.34 0.01
2458498.2258975 8.37 0.01
2458498.2264184 8.41 0.01
2458498.2265920 8.41 0.01
2458498.2267656 8.43 0.01
2458498.2269392 8.39 0.01
2458498.2272864 8.32 0.01
2458498.2274600 8.39 0.01
2458498.2276336 8.37 0.01
2458498.2278073 8.38 0.01
2458498.2279809 8.35 0.01
2458498.2281545 8.40 0.01
2458498.2285017 8.39 0.01
2458498.2286753 8.38 0.01
2458498.2291961 8.38 0.01
2458498.2293698 8.40 0.01
2458498.2297170 8.40 0.01
2458498.2302378 8.39 0.01
2458498.2304114 8.39 0.01
2458498.2305850 8.39 0.01
2458498.2307586 8.40 0.01
2458498.2311059 8.41 0.01
2458498.2316267 8.38 0.01
2458498.2318016 8.37 0.01
2458498.2319750 8.39 0.01
2458498.2323219 8.38 0.01
2458498.2326688 8.38 0.01
2458498.2328422 8.39 0.01
2458498.2333628 8.39 0.01
2458498.2335364 8.40 0.01
2458498.2337100 8.36 0.01
2458498.2347517 8.40 0.01
2458498.2350989 8.40 0.01
2458498.2352725 8.41 0.01
2458498.2356198 8.42 0.01
2458498.2357934 8.40 0.01
2458498.2359670 8.39 0.01
2458498.2364878 8.39 0.01
2458498.2366614 8.41 0.01
2458498.2371823 8.36 0.01
2458498.2375295 8.38 0.01
2458498.2377031 8.38 0.01
2458498.2378767 8.38 0.01
2458498.2380503 8.40 0.01
2458498.2382239 8.40 0.01
2458498.2383975 8.41 0.01
2458498.2385711 8.38 0.01
2458498.2389184 8.37 0.01
2458498.2390920 8.37 0.01
2458498.2392656 8.36 0.01
2458498.2394392 8.35 0.01
2458498.2396128 8.37 0.01
2458498.2397864 8.37 0.01
2458498.2401336 8.36 0.01
2458498.2403072 8.37 0.01
2458498.2404809 8.35 0.01
2458498.2408281 8.43 0.01
2458498.2410017 8.38 0.01
2458498.2411753 8.39 0.01
2458498.2416961 8.37 0.01
2458498.2420434 8.39 0.01
2458498.2423906 8.39 0.01
2458498.2429114 8.41 0.01
2458498.2432586 8.40 0.01
2458498.2434323 8.43 0.01
2458498.2436073 8.40 0.01
2458498.2441276 8.43 0.01
2458498.2444745 8.42 0.01
2458498.2448214 8.37 0.01
2458498.2449948 8.38 0.01
2458498.2455156 8.38 0.01
2458498.2460364 8.40 0.01
2458498.2462100 8.37 0.01
2458498.2465572 8.40 0.01
2458498.2469045 8.38 0.01
2458498.2470781 8.42 0.01
2458498.2472517 8.37 0.01
2458498.2475989 8.39 0.01
2458498.2479461 8.43 0.01
2458498.2481197 8.42 0.01
2458498.2484670 8.42 0.01
2458498.2489878 8.39 0.01
2458498.2491614 8.43 0.01
2458498.2495086 8.40 0.01
2458498.2498559 8.41 0.01
2458498.2500295 8.42 0.01
2458498.2503767 8.43 0.01
2458498.2505503 8.42 0.01
2458498.2507239 8.40 0.01
2458498.2508975 8.41 0.01
2458498.2512448 8.38 0.01
2458498.2515920 8.40 0.01
2458498.2517656 8.39 0.01
2458498.2519392 8.35 0.01
2458498.2521128 8.36 0.01
2458498.2522864 8.38 0.01
2458498.2524600 8.38 0.01
2458498.2526336 8.38 0.01
2458498.2529809 8.39 0.01
2458498.2531545 8.35 0.01
2458498.2533281 8.36 0.01
2458498.2536753 8.39 0.01
2458498.2541961 8.38 0.01
2458498.2545434 8.38 0.01
2458498.2547170 8.40 0.01
2458498.2552378 8.38 0.01
2458498.2557598 8.39 0.01
2458498.2559332 8.40 0.01
2458498.2562801 8.39 0.01
2458498.2564535 8.40 0.01
2458498.2566270 8.39 0.01
2458498.2568004 8.42 0.01
2458498.2569739 8.40 0.01
2458498.2571475 8.37 0.01
2458498.2573211 8.40 0.01
2458498.2576684 8.39 0.01
2458498.2580156 8.39 0.01
2458498.2581892 8.37 0.01
2458498.2583628 8.38 0.01
2458498.2587100 8.39 0.01
2458498.2588836 8.38 0.01
2458498.2592309 8.38 0.01
2458498.2594045 8.39 0.01
2458498.2597517 8.41 0.01
2458498.2599253 8.37 0.01
2458498.2600989 8.40 0.01
2458498.2602725 8.40 0.01
2458498.2604461 8.39 0.01
2458498.2606198 8.37 0.01
2458498.2609670 8.38 0.01
2458498.2611406 8.35 0.01
2458498.2613142 8.37 0.01
2458498.2614878 8.38 0.01
2458498.2616614 8.41 0.01
2458498.2621822 8.42 0.01
2458498.2623559 8.39 0.01
2458498.2625295 8.37 0.01
2458498.2653072 8.38 0.01
2458498.2661753 8.38 0.01
2458498.2665225 8.41 0.01
2458498.2680858 8.38 0.01
2458498.2687796 8.44 0.01
2458498.2698211 8.39 0.01
2458498.2720781 8.42 0.01
2458498.2725989 8.43 0.01
2458498.2734670 8.42 0.01
2458498.2757239 8.39 0.01
2458498.2765920 8.41 0.01
2458498.2779809 8.44 0.01
2458498.2791961 8.45 0.01
2458498.2793697 8.43 0.01
2458498.2797182 8.43 0.01
2458498.2802385 8.43 0.01
2458498.2812795 8.42 0.01
2458498.2837100 8.40 0.01
2458498.2847517 8.43 0.01
2458498.2877031 8.40 0.01
2458498.2880503 8.42 0.01
2458498.2882239 8.41 0.01
2458498.2892656 8.42 0.01
2458498.2896128 8.43 0.01
2458498.2927381 8.42 0.01
2458498.2929115 8.42 0.01
2458498.2932586 8.40 0.01
2458498.2949947 8.43 0.01
2458498.2956892 8.40 0.01
2458498.2960364 8.42 0.01
2458498.2963836 8.44 0.01
2458498.2970781 8.42 0.01
2458498.3038500 8.42 0.01
2458498.3047172 8.41 0.01
2458498.3074948 8.41 0.01
2458498.3095781 8.36 0.01
2458498.3121822 8.40 0.01
2458498.3123559 8.40 0.01
2458498.3125295 8.40 0.01
2458498.3133975 8.39 0.01
2458498.3146128 8.43 0.01
2458498.3160027 8.39 0.01
2458498.3170434 8.41 0.01
2458500.2342077 8.39 0.02
2458500.2343813 8.38 0.02
2458500.2345549 8.44 0.02
2458500.2347285 8.42 0.02
2458500.2349022 8.37 0.02
2458500.2352494 8.42 0.02
2458500.2354230 8.39 0.02
2458500.2357702 8.42 0.02
2458500.2361174 8.41 0.02
2458500.2362910 8.40 0.02
2458500.2366383 8.38 0.02
2458500.2368119 8.43 0.02
2458500.2369855 8.41 0.02
2458500.2371591 8.39 0.02
2458500.2373327 8.37 0.02
2458500.2375063 8.33 0.01
2458500.2376799 8.41 0.02
2458500.2378536 8.42 0.02
2458500.2380272 8.40 0.02
2458500.2382008 8.40 0.02
2458500.2383744 8.42 0.02
2458500.2385480 8.41 0.02
2458500.2387216 8.39 0.02
2458500.2390688 8.41 0.02
2458500.2392424 8.41 0.02
2458500.2394161 8.42 0.02
2458500.2395897 8.37 0.01
2458500.2397633 8.40 0.02
2458500.2399369 8.40 0.02
2458500.2401105 8.39 0.02
2458500.2402841 8.42 0.02
2458500.2404577 8.43 0.02
2458500.2408049 8.40 0.02
2458500.2411522 8.41 0.02
2458500.2413258 8.36 0.01
2458500.2414994 8.37 0.01
2458500.2416730 8.36 0.01
2458500.2418466 8.39 0.01
2458500.2420202 8.40 0.02
2458500.2421938 8.41 0.02
2458500.2423674 8.39 0.02
2458500.2427147 8.41 0.02
2458500.2428883 8.37 0.01
2458500.2430619 8.40 0.01
2458500.2432355 8.40 0.01
2458500.2434091 8.37 0.01
2458500.2435827 8.36 0.01
2458500.2437563 8.38 0.01
2458500.2441035 8.42 0.02
2458500.2442772 8.40 0.01
2458500.2447989 8.42 0.01
2458500.2451458 8.42 0.01
2458500.2453193 8.40 0.01
2458500.2454927 8.40 0.01
2458500.2461869 8.37 0.01
2458500.2463605 8.38 0.01
2458500.2465341 8.38 0.01
2458500.2470549 8.37 0.01
2458500.2472286 8.42 0.01
2458500.2475758 8.38 0.01
2458500.2477494 8.41 0.01
2458500.2484438 8.39 0.01
2458500.2487910 8.45 0.02
2458500.2489647 8.40 0.01
2458500.2491383 8.39 0.01
2458500.2493119 8.39 0.01
2458500.2494855 8.42 0.01
2458500.2496591 8.41 0.01
2458500.2500063 8.39 0.01
2458500.2501799 8.37 0.01
2458500.2505272 8.39 0.01
2458500.2510480 8.40 0.01
2458500.2512216 8.39 0.01
2458500.2519160 8.40 0.01
2458500.2520897 8.38 0.01
2458500.2522633 8.40 0.01
2458500.2526105 8.38 0.01
2458500.2527841 8.39 0.01
2458500.2529577 8.43 0.01
2458500.2531313 8.40 0.01
2458500.2533049 8.41 0.01
2458500.2534786 8.39 0.01
2458500.2539994 8.40 0.01
2458500.2541730 8.43 0.01
2458500.2543466 8.41 0.01
2458500.2545202 8.43 0.01
2458500.2546938 8.41 0.01
2458500.2548674 8.42 0.01
2458500.2550411 8.42 0.01
2458500.2552147 8.43 0.01
2458500.2553883 8.42 0.01
2458500.2555619 8.41 0.01
2458500.2559091 8.40 0.01
2458500.2562563 8.40 0.01
2458500.2564312 8.42 0.01
2458500.2566046 8.38 0.01
2458500.2567781 8.38 0.01
2458500.2571250 8.42 0.01
2458500.2572984 8.38 0.01
2458500.2576453 8.40 0.01
2458500.2583397 8.35 0.01
2458500.2585133 8.37 0.01
2458500.2588605 8.35 0.01
2458500.2590341 8.36 0.01
2458500.2592077 8.40 0.01
2458500.2595549 8.45 0.01
2458500.2604230 8.46 0.01
2458500.2609438 8.40 0.01
2458500.2612911 8.42 0.01
2458500.2614647 8.38 0.01
2458500.2616383 8.40 0.01
2458500.2618119 8.42 0.01
2458500.2619855 8.43 0.01
2458500.2623327 8.40 0.01
2458500.2628535 8.42 0.01
2458500.2630272 8.42 0.01
2458500.2632008 8.39 0.01
2458500.2633744 8.39 0.01
2458500.2640688 8.43 0.01
2458500.2644160 8.40 0.01
2458500.2645897 8.42 0.01
2458500.2649369 8.41 0.01
2458500.2654577 8.45 0.01
2458500.2656313 8.44 0.01
2458500.2658049 8.42 0.01
2458500.2659785 8.43 0.01
2458500.2663258 8.39 0.01
2458500.2664994 8.40 0.01
2458500.2666730 8.43 0.01
2458500.2668466 8.42 0.01
2458500.2671938 8.41 0.01
2458500.2673674 8.42 0.01
2458500.2677147 8.40 0.01
2458500.2680619 8.40 0.01
2458500.2682355 8.41 0.01
2458500.2684104 8.43 0.01
2458500.2685839 8.43 0.01
2458500.2687573 8.43 0.01
2458500.2689307 8.38 0.01
2458500.2691042 8.42 0.01
2458500.2694511 8.45 0.01
2458500.2696245 8.43 0.01
2458500.2697980 8.39 0.01
2458500.2699716 8.39 0.01
2458500.2703188 8.43 0.01
2458500.2704924 8.42 0.01
2458500.2708397 8.43 0.01
2458500.2710133 8.43 0.01
2458500.2711869 8.44 0.01
2458500.2715341 8.41 0.01
2458500.2717077 8.39 0.01
2458500.2718813 8.40 0.01
2458500.2720549 8.41 0.01
2458500.2725758 8.43 0.01
2458500.2729230 8.43 0.01
2458500.2732702 8.40 0.01
2458500.2734438 8.39 0.01
2458500.2737910 8.40 0.01
2458500.2741383 8.41 0.01
2458500.2743119 8.42 0.01
2458500.2744855 8.40 0.01
2458500.2748327 8.40 0.01
2458500.2758744 8.39 0.01
2458500.2762216 8.43 0.01
2458500.2763952 8.42 0.01
2458500.2765688 8.43 0.01
2458500.2767424 8.38 0.01
2458500.2769161 8.40 0.01
2458500.2770897 8.42 0.01
2458500.2772633 8.41 0.01
2458500.2774369 8.38 0.01
2458500.2777841 8.41 0.01
2458500.2781313 8.39 0.01
2458500.2783049 8.42 0.01
2458500.2784786 8.40 0.01
2458500.2788258 8.41 0.01
2458500.2789994 8.36 0.01
2458500.2791730 8.40 0.01
2458500.2796938 8.40 0.01
2458500.2802147 8.41 0.01
2458500.2803896 8.37 0.01
2458500.2805631 8.36 0.01
2458500.2807365 8.42 0.01
2458500.2810834 8.39 0.01
2458500.2814303 8.44 0.01
2458500.2816037 8.39 0.01
2458500.2822980 8.41 0.01
2458500.2824716 8.39 0.01
2458500.2829924 8.42 0.01
2458500.2831660 8.40 0.01
2458500.2833397 8.45 0.01
2458500.2835133 8.40 0.01
2458500.2836869 8.42 0.01
2458500.2840341 8.41 0.01
2458500.2842077 8.40 0.01
2458500.2843813 8.41 0.01
2458500.2847286 8.41 0.01
2458500.2849022 8.42 0.01
2458500.2850758 8.42 0.01
2458500.2852494 8.42 0.01
2458500.2854230 8.41 0.01
2458500.2855966 8.44 0.01
2458500.2857702 8.43 0.01
2458500.2859438 8.40 0.01
2458500.2862911 8.40 0.01
2458500.2868119 8.38 0.01
2458500.2869855 8.39 0.01
2458500.2873327 8.42 0.01
2458500.2875063 8.40 0.01
2458500.2888952 8.39 0.01
2458500.2890688 8.43 0.01
2458500.2895897 8.42 0.01
2458500.2899369 8.43 0.01
2458500.2901105 8.40 0.01
2458500.2902841 8.43 0.01
2458500.2906313 8.43 0.01
2458500.2908049 8.44 0.01
2458500.2909785 8.44 0.01
2458500.2913258 8.40 0.01
2458500.2914994 8.42 0.01
2458500.2916730 8.42 0.01
2458500.2921938 8.38 0.01
2458500.2925423 8.39 0.01
2458500.2927157 8.39 0.01
2458500.2928892 8.39 0.01
2458500.2930626 8.36 0.01
2458500.2934095 8.39 0.01
2458500.2935829 8.41 0.01
2458528.2618387 8.42 0.03
2458528.2621859 8.43 0.03
2458528.2625342 8.45 0.04
2458528.2628811 8.46 0.04
2458528.2637484 8.38 0.04
2458528.2640956 8.49 0.05
2458528.2644429 8.45 0.05
2458528.2646165 8.41 0.05
2458528.2691304 8.53 0.10
2458528.2701720 8.52 0.12
2458528.2706929 8.52 0.11
2458528.2712137 8.43 0.09
2458528.2720818 8.48 0.09
2458528.2729498 8.51 0.09
2458528.2731234 8.40 0.08
2458528.2738179 8.44 0.09
2458528.2755541 8.49 0.12
2458528.2762484 8.57 0.15
2458528.2783318 8.29 0.11
2458528.2824984 8.40 0.07
2458528.2828457 8.46 0.07
2458528.2840609 8.49 0.09
2458528.2852762 8.50 0.08
2458528.2859706 8.42 0.07
2458528.2864926 8.41 0.07
2458528.2866660 8.39 0.07
2458528.2875333 8.49 0.08
2458528.2892693 8.44 0.07
2458528.2894429 8.54 0.08
2458528.2896165 8.45 0.07
2458528.2901373 8.46 0.06
2458528.2904845 8.48 0.06
2458528.2906582 8.43 0.06
2458528.2913526 8.32 0.05
2458528.2915262 8.37 0.05
2458528.2920470 8.36 0.06
2458528.2923943 8.44 0.06
2458528.2925679 8.41 0.06
2458528.2929151 8.37 0.06
2458528.2934359 8.38 0.07
2458528.2936095 8.44 0.07
2458528.2939568 8.44 0.06
2458528.2946512 8.34 0.05