2458467.3668514 11.04 0.15
2458467.3673723 11.02 0.15
2458467.3678931 10.95 0.14
2458467.3680667 10.97 0.14
2458467.3682403 10.86 0.13
2458467.3685875 10.94 0.14
2458467.3692820 10.88 0.13
2458467.3696292 10.83 0.12
2458467.3701500 11.11 0.16
2458467.3703236 11.03 0.15
2458467.3704972 10.91 0.13
2458467.3711917 11.06 0.15
2458467.3713653 10.95 0.14
2458467.3715389 11.10 0.16
2458467.3724070 10.87 0.13
2458467.3732750 10.84 0.13
2458467.3734486 10.83 0.13
2458467.3736223 10.89 0.13
2458467.3737959 10.99 0.15
2458467.3739695 10.98 0.14
2458467.3743167 10.82 0.12
2458467.3746639 10.95 0.14
2458467.3750111 10.82 0.12
2458467.3762270 10.87 0.13
2458467.3764005 10.96 0.14
2458467.3767473 11.15 0.17
2458467.3772681 10.99 0.14
2458467.3776153 10.85 0.13
2458467.3779625 10.87 0.13
2458467.3781361 10.95 0.14
2458467.3783097 11.00 0.15
2458467.3784834 10.86 0.13
2458467.3786570 10.99 0.15
2458467.3788306 10.98 0.15
2458467.3790042 10.99 0.15
2458467.3793514 11.04 0.15
2458467.3796986 10.78 0.12
2458467.3798723 11.02 0.15
2458467.3800459 11.01 0.15
2458467.3802195 11.02 0.15
2458467.3803931 10.92 0.14
2458467.3805667 11.06 0.16
2458467.3810875 10.95 0.14
2458467.3814348 11.04 0.15
2458467.3817820 11.07 0.16
2458467.3821292 10.85 0.13
2458467.3823028 11.09 0.16
2458467.3824764 11.00 0.15
2458467.3826500 10.88 0.13
2458467.3828236 10.81 0.12
2458467.3831709 11.05 0.16
2458467.3835181 10.87 0.13
2458467.3838653 10.91 0.14
2458467.3842125 10.75 0.12
2458467.3852542 10.96 0.14
2458467.3854278 10.86 0.13
2458467.3856014 10.98 0.15
2458467.3869903 10.98 0.15
2458467.3878592 10.93 0.14
2458467.3883795 10.88 0.13
2458467.3887264 10.81 0.13
2458467.3895945 10.85 0.13
2458467.3899417 10.88 0.14
2458467.3901153 10.79 0.12
2458467.3904625 10.86 0.13
2458467.3909834 10.92 0.14
2458467.3913306 11.03 0.15
2458467.3921986 11.00 0.15
2458467.3923722 10.90 0.13
2458467.3927195 10.75 0.12
2458467.3928931 10.75 0.12
2458467.3930667 10.88 0.14
2458467.3935875 10.93 0.14
2458467.3937611 11.00 0.15
2458467.3949764 10.97 0.15
2458467.3961917 10.79 0.13
2458467.3968861 11.14 0.17
2458467.3970598 10.79 0.13
2458467.3979278 11.00 0.15
2458467.3981014 10.89 0.14
2458467.3989695 10.92 0.14
2458467.3991431 10.93 0.14
2458467.3993180 10.73 0.12
2458467.4000118 10.93 0.14
2458467.4001852 10.79 0.12
2458467.4005321 11.02 0.15
2458467.4007056 11.00 0.15
2458467.4008792 10.71 0.12
2458467.4014000 11.03 0.16
2458467.4020945 10.91 0.14
2458467.4026153 11.01 0.15
2458467.4031361 11.00 0.15
2458467.4034834 10.94 0.14
2458467.4036570 11.06 0.16
2458467.4040042 10.92 0.14
2458467.4041778 10.90 0.14
2458467.4045250 10.95 0.15
2458467.4048723 10.98 0.15
2458467.4062611 10.86 0.13
2458467.4074764 10.97 0.15
2458467.4081709 10.80 0.13
2458467.4083445 11.01 0.15
2458467.4086917 10.88 0.14
2458467.4088653 11.09 0.17
2458467.4093861 11.10 0.17
2458467.4097334 11.02 0.16
2458467.4100806 10.96 0.15
2458467.4102542 10.92 0.14
2458467.4106014 10.99 0.15
2458467.4107750 11.09 0.16
2458467.4109486 11.00 0.15
2458467.4114705 10.86 0.13
2458467.4123377 10.88 0.14
2458467.4125112 10.86 0.13
2458467.4130320 10.79 0.13
2458467.4132056 11.00 0.15
2458467.4133792 10.93 0.15
2458467.4137264 10.74 0.12
2458467.4142473 10.89 0.14
2458467.4144209 10.78 0.13
2458467.4147681 11.01 0.15
2458467.4149417 10.91 0.14
2458467.4158097 10.88 0.14
2458467.4159834 11.05 0.16
2458467.4168514 10.89 0.14
2458467.4180667 10.86 0.14
2458467.4182403 10.82 0.13
2458467.4185875 10.86 0.14
2458467.4199764 10.83 0.14
2458467.4201500 10.95 0.15
2458469.3667865 10.86 0.09
2458469.3670135 11.10 0.12
2458469.3671871 10.88 0.10
2458469.3673607 10.95 0.10
2458469.3677079 11.05 0.11
2458469.3680551 11.02 0.11
2458469.3682287 11.09 0.12
2458469.3684023 11.05 0.11
2458469.3685760 10.99 0.11
2458469.3687496 10.92 0.10
2458469.3690968 10.91 0.10
2458469.3692704 10.97 0.11
2458469.3694440 10.91 0.10
2458469.3696176 10.87 0.10
2458469.3699648 11.10 0.12
2458469.3701384 10.97 0.10
2458469.3703121 10.87 0.10
2458469.3704857 11.05 0.11
2458469.3706593 10.94 0.10
2458469.3708329 11.02 0.11
2458469.3710065 11.08 0.12
2458469.3711801 11.10 0.12
2458469.3713537 11.14 0.12
2458469.3715273 11.07 0.11
2458469.3717009 11.10 0.12
2458469.3718746 10.96 0.10
2458469.3720482 11.12 0.12
2458469.3722218 11.03 0.11
2458469.3723954 11.06 0.11
2458469.3727426 10.88 0.10
2458469.3729162 10.95 0.10
2458469.3732635 11.12 0.12
2458469.3737843 11.04 0.11
2458469.3739579 10.81 0.09
2458469.3741315 11.22 0.13
2458469.3743051 10.97 0.11
2458469.3744787 10.92 0.10
2458469.3746524 11.05 0.11
2458469.3748260 11.16 0.12
2458469.3749996 10.94 0.10
2458469.3751732 10.86 0.09
2458469.3753468 11.17 0.12
2458469.3755204 11.14 0.12
2458469.3756940 10.83 0.09
2458469.3758676 11.10 0.12
2458469.3760425 11.20 0.13
2458469.3762159 11.11 0.12
2458469.3763894 10.90 0.10
2458469.3765628 10.96 0.10
2458469.3767363 11.08 0.11
2458469.3769097 10.85 0.09
2458469.3770832 10.94 0.10
2458469.3772566 10.87 0.09
2458469.3774301 10.89 0.10
2458469.3776037 11.00 0.11
2458469.3777773 10.88 0.10
2458469.3779510 11.25 0.13
2458469.3781246 11.11 0.12
2458469.3786454 10.99 0.11
2458488.3044163 11.03 0.14
2458488.3045899 11.16 0.16
2458488.3047635 11.04 0.14
2458488.3049371 10.86 0.12
2458488.3051107 11.03 0.14
2458488.3054579 10.94 0.13
2458488.3056316 11.10 0.15
2458488.3058052 10.67 0.10
2458488.3061524 10.93 0.13
2458488.3063260 11.10 0.15
2458488.3064996 10.88 0.12
2458488.3066732 10.93 0.13
2458488.3073677 10.91 0.13
2458488.3075413 10.86 0.12
2458488.3077149 10.87 0.12
2458488.3078885 11.13 0.15
2458488.3080621 11.02 0.14
2458488.3084093 10.89 0.12
2458488.3085830 10.78 0.11
2458488.3087566 10.88 0.12
2458488.3089302 11.07 0.14
2458488.3091038 10.86 0.12
2458488.3094522 11.02 0.14
2458488.3097991 10.96 0.13
2458488.3101460 11.15 0.16
2458488.3104929 10.79 0.11
2458488.3106663 10.92 0.13
2458488.3111871 11.03 0.14
2458488.3113607 10.98 0.14
2458488.3115344 10.94 0.13
2458488.3117080 10.99 0.14
2458488.3118816 10.81 0.12
2458488.3120552 11.04 0.14
2458488.3122288 10.92 0.13
2458488.3124024 11.06 0.15
2458488.3125760 11.11 0.15
2458488.3129232 10.95 0.13
2458488.3130969 10.90 0.13
2458488.3134441 10.74 0.11
2458488.3136177 10.91 0.13
2458488.3137913 10.96 0.13
2458488.3139649 10.92 0.13
2458488.3141385 10.93 0.13
2458488.3143121 10.83 0.12
2458488.3144857 10.88 0.12
2458488.3146593 10.78 0.11
2458488.3148330 11.03 0.14
2458488.3150066 11.07 0.15
2458488.3153538 10.91 0.13
2458488.3155274 10.92 0.13
2458488.3157010 10.91 0.13
2458488.3158746 10.89 0.13
2458488.3160482 11.11 0.15
2458488.3162218 11.15 0.16
2458488.3165691 11.04 0.15
2458488.3169163 10.88 0.12
2458488.3170899 10.98 0.14
2458488.3177844 11.00 0.14
2458488.3179580 10.95 0.13
2458488.3181316 10.97 0.14
2458488.3183052 11.10 0.15
2458488.3188260 11.18 0.16
2458488.3191732 11.07 0.15
2458488.3195205 10.96 0.14
2458488.3196941 11.10 0.15
2458488.3198677 10.92 0.13
2458488.3203885 10.85 0.12
2458488.3205621 10.83 0.12
2458488.3209094 10.90 0.13
2458488.3210830 10.95 0.13
2458488.3212579 11.00 0.14
2458488.3214314 10.90 0.13
2458488.3216048 10.96 0.14
2458488.3217783 11.00 0.14
2458488.3224720 10.86 0.12
2458488.3226455 11.15 0.16
2458488.3228191 11.09 0.15
2458488.3231663 10.77 0.11
2458488.3235135 10.99 0.14
2458488.3236871 10.99 0.14
2458488.3240343 10.81 0.12
2458488.3247288 10.92 0.13
2458488.3250760 10.94 0.14
2458488.3254232 11.02 0.15
2458488.3255969 10.80 0.12
2458488.3261177 10.99 0.14
2458488.3262913 10.80 0.12
2458488.3264649 10.86 0.13
2458488.3266385 10.99 0.14
2458488.3269857 10.83 0.12
2458488.3273330 10.98 0.14
2458488.3275066 10.94 0.14
2458488.3278538 10.95 0.14
2458488.3280274 11.06 0.15
2458488.3285482 10.92 0.14
2458488.3287218 10.90 0.13
2458488.3288955 11.04 0.15
2458488.3294163 11.01 0.15
2458488.3295899 11.10 0.16
2458488.3299371 10.91 0.13
2458488.3302843 11.03 0.15
2458488.3306316 10.98 0.14
2458488.3311524 10.86 0.13
2458488.3313260 10.95 0.14
2458488.3316732 10.89 0.13
2458488.3323677 10.88 0.13
2458488.3327149 11.09 0.16
2458488.3328885 10.92 0.13
2458488.3339308 11.10 0.16
2458488.3344511 10.99 0.14
2458488.3347982 10.96 0.14
2458488.3353191 10.99 0.14
2458488.3358399 11.20 0.17
2458488.3360135 11.09 0.16
2458488.3361871 11.16 0.17
2458488.3368816 10.93 0.14
2458488.3374024 11.06 0.15
2458488.3375760 10.97 0.14
2458488.3386177 11.02 0.15
2458488.3394857 10.91 0.14
2458488.3396593 11.14 0.16
2458488.3400066 11.03 0.15
2458488.3403538 10.68 0.11
2458488.3405274 10.95 0.14
2458488.3407010 11.02 0.15
2458488.3408746 11.01 0.15
2458488.3410482 11.08 0.16
2458488.3429580 11.09 0.16
2458488.3433052 11.05 0.15
2458488.3438260 10.85 0.13
2458488.3439996 11.03 0.15
2458488.3441732 10.71 0.11
2458488.3448677 11.01 0.15
2458488.3450413 10.90 0.13
2458488.3455631 10.87 0.13
2458488.3457365 11.02 0.15
2458488.3459100 11.03 0.15
2458488.3460834 10.95 0.14
2458488.3466038 11.02 0.15
2458488.3469510 10.93 0.14
2458488.3471246 10.96 0.14
2458488.3479927 11.10 0.16
2458488.3481663 11.03 0.15
2458488.3483399 10.87 0.13
2458488.3486871 11.02 0.15
2458488.3495552 10.94 0.14
2458488.3499024 10.80 0.12
2458488.3500760 10.93 0.14
2458488.3507705 10.95 0.14
2458488.3511177 10.93 0.14
2458488.3514649 10.99 0.15
2458488.3519857 10.92 0.14
2458488.3523330 11.04 0.15
2458488.3525066 10.82 0.13
2458488.3526802 10.93 0.14
2458488.3533746 11.15 0.17
2458488.3535482 10.85 0.13
2458488.3537218 11.12 0.16
2458488.3538955 11.18 0.17
2458488.3540691 11.06 0.15
2458488.3542427 11.12 0.16
2458488.3545899 10.80 0.12
2458488.3547635 11.04 0.15
2458488.3556316 10.96 0.14
2458488.3563260 11.06 0.15
2458488.3570218 11.02 0.15
2458488.3582360 11.02 0.15
2458488.3584094 10.87 0.13
2458488.3589302 10.95 0.14
2458488.3591038 10.92 0.14
2458488.3592774 10.93 0.14
2458488.3594510 10.81 0.12
2458488.3596246 10.83 0.12
2458488.3597982 10.95 0.14
2458488.3599718 10.92 0.14
2458488.3601455 11.02 0.15
2458488.3603191 10.97 0.14
2458488.3604927 10.76 0.12
2458488.3608399 10.88 0.13
2458488.3610135 10.91 0.13
2458488.3611871 11.12 0.16
2458488.3613607 10.97 0.14
2458488.3617080 10.77 0.12
2458488.3618816 11.00 0.15
2458488.3622288 10.99 0.15
2458488.3630968 11.01 0.15
2458488.3636177 11.02 0.15
2458488.3637913 10.96 0.14
2458488.3639649 10.85 0.13
2458488.3641385 10.76 0.12
2458488.3643121 10.79 0.12
2458488.3648330 10.90 0.13
2458488.3651802 10.97 0.15
2458488.3653538 10.93 0.14
2458488.3655274 10.91 0.14
2458488.3660482 10.93 0.14
2458488.3665691 10.95 0.14
2458488.3667427 10.99 0.15
2458488.3670899 10.89 0.13
2458488.3672635 11.01 0.15
2458488.3674371 10.77 0.12
2458488.3677844 10.81 0.12
2458488.3681316 10.95 0.14
2458488.3683052 10.92 0.14
2458488.3684788 10.86 0.13
2458488.3688260 10.74 0.12
2458488.3695213 10.91 0.14
2458488.3703885 10.92 0.14
2458488.3707357 10.91 0.14
2458488.3710830 10.96 0.14
2458488.3714302 10.83 0.13
2458488.3716038 10.95 0.14
2458488.3724718 10.81 0.13
2458488.3728191 10.99 0.15
2458488.3731663 11.00 0.15
2458488.3738607 10.84 0.13
2458488.3740343 10.89 0.14
2458493.2519739 11.16 0.15
2458493.2521475 11.06 0.14
2458493.2523211 10.84 0.11
2458493.2526684 10.78 0.11
2458493.2528420 10.79 0.11
2458493.2530156 11.04 0.14
2458493.2531892 10.94 0.12
2458493.2533628 10.86 0.12
2458493.2535364 10.93 0.12
2458493.2537100 10.93 0.12
2458493.2538836 11.01 0.13
2458493.2540586 11.04 0.13
2458493.2542320 11.08 0.14
2458493.2544055 11.15 0.15
2458493.2545789 11.08 0.14
2458493.2547524 11.16 0.15
2458493.2549258 11.19 0.15
2458493.2550993 11.07 0.14
2458493.2552727 11.16 0.15
2458493.2554461 11.17 0.15
2458493.2559670 11.11 0.14
2458493.2561406 10.95 0.12
2458493.2563142 11.01 0.13
2458493.2566614 11.17 0.15
2458493.2570086 11.13 0.15
2458493.2571823 10.79 0.11
2458493.2573559 11.05 0.14
2458493.2575295 11.21 0.16
2458493.2580503 11.19 0.15
2458493.2583975 10.99 0.13
2458493.2589184 10.98 0.13
2458493.2590920 11.04 0.14
2458493.2592656 11.08 0.14
2458493.2594392 11.01 0.13
2458493.2596128 10.97 0.13
2458493.2597864 10.91 0.12
2458493.2599600 11.08 0.14
2458493.2601336 11.18 0.15
2458493.2603072 11.00 0.13
2458493.2604809 11.01 0.13
2458493.2606545 10.98 0.13
2458493.2608281 11.29 0.17
2458493.2611753 11.11 0.14
2458493.2613489 11.08 0.14
2458493.2615225 11.14 0.15
2458493.2616961 10.96 0.13
2458493.2618697 10.97 0.13
2458493.2620434 11.06 0.14
2458493.2622170 10.85 0.11
2458493.2623906 11.14 0.15
2458493.2625642 11.05 0.14
2458493.2630850 10.97 0.13
2458493.2632586 11.09 0.14
2458493.2634323 11.12 0.14
2458493.2641267 11.04 0.14
2458493.2644739 11.04 0.13
2458493.2646475 11.06 0.14
2458493.2648211 10.96 0.13
2458493.2649948 11.02 0.13
2458493.2651684 10.91 0.12
2458493.2656892 11.04 0.13
2458493.2658628 11.17 0.15
2458493.2665581 11.20 0.15
2458493.2667316 11.20 0.15
2458493.2669050 11.02 0.13
2458493.2670784 11.01 0.13
2458493.2672519 11.17 0.15
2458493.2674253 11.03 0.13
2458493.2675989 11.05 0.13
2458493.2677725 11.00 0.13
2458493.2679461 10.96 0.13
2458493.2681197 11.03 0.13
2458493.2682934 11.12 0.14
2458493.2686406 10.99 0.13
2458493.2688142 11.01 0.13
2458493.2691614 10.87 0.11
2458493.2693350 11.08 0.14
2458493.2695086 11.18 0.15
2458493.2698559 10.92 0.12
2458493.2700295 11.10 0.14
2458493.2702031 11.16 0.15
2458493.2703767 11.10 0.14
2458493.2705503 10.86 0.11
2458493.2710711 11.06 0.14
2458493.2714184 10.75 0.10
2458493.2715920 11.13 0.15
2458493.2717656 11.15 0.15
2458493.2719392 10.99 0.13
2458493.2721128 11.11 0.14
2458493.2722864 11.00 0.13
2458493.2724600 10.98 0.13
2458493.2726336 11.06 0.14
2458493.2728073 10.86 0.11
2458493.2729809 10.99 0.13
2458493.2731545 10.71 0.10
2458493.2733281 11.10 0.14
2458493.2735017 11.03 0.13
2458493.2736753 11.00 0.13
2458493.2738489 11.25 0.16
2458493.2740225 11.03 0.13
2458493.2741961 10.98 0.13
2458493.2743697 11.16 0.15
2458493.2745434 11.20 0.15
2458493.2747170 11.02 0.13
2458493.2752378 10.99 0.13
2458493.2754114 11.09 0.14
2458493.2757586 11.02 0.13
2458493.2759322 11.05 0.14
2458493.2761059 11.13 0.15
2458493.2762795 11.20 0.15
2458493.2766267 10.99 0.13
2458493.2771475 11.01 0.13
2458493.2773211 11.11 0.15
2458493.2774947 11.03 0.13
2458493.2776684 10.92 0.12
2458493.2781904 11.05 0.14
2458493.2783638 11.15 0.15
2458493.2785373 10.96 0.12
2458493.2787107 11.03 0.13
2458493.2788841 10.99 0.13
2458493.2790576 11.00 0.13
2458493.2792310 11.13 0.15
2458493.2794045 11.07 0.14
2458493.2795781 11.01 0.13
2458493.2797517 10.97 0.13
2458493.2799253 10.95 0.12
2458493.2800989 10.95 0.12
2458493.2802725 10.93 0.12
2458493.2804461 11.05 0.14
2458493.2806198 11.03 0.13
2458493.2809670 11.08 0.14
2458493.2813142 11.02 0.13
2458493.2814878 11.01 0.13
2458493.2816614 10.99 0.13
2458493.2820086 10.94 0.12
2458493.2821822 10.84 0.11
2458493.2825295 11.11 0.14
2458493.2827031 11.09 0.14
2458493.2828767 11.14 0.15
2458493.2830503 10.97 0.13
2458493.2832239 11.06 0.14
2458493.2833975 10.83 0.11
2458493.2835711 10.94 0.12
2458493.2837447 11.02 0.13
2458493.2839184 11.20 0.16
2458493.2844392 11.09 0.14
2458493.2846128 11.14 0.15
2458493.2847864 10.94 0.12
2458493.2849600 10.96 0.12
2458493.2851336 10.99 0.13
2458493.2853072 10.98 0.13
2458493.2854809 11.01 0.13
2458493.2856545 11.00 0.13
2458493.2858281 11.03 0.13
2458493.2861753 10.94 0.12
2458493.2863489 11.06 0.14
2458493.2865225 10.94 0.12
2458493.2866961 11.04 0.14
2458493.2868698 11.10 0.14
2458493.2870434 10.96 0.13
2458493.2872170 10.88 0.12
2458493.2873906 11.14 0.15
2458493.2875642 11.04 0.14
2458493.2877378 11.03 0.13
2458493.2879114 10.98 0.13
2458493.2880850 10.97 0.13
2458493.2882586 10.88 0.12
2458493.2886059 10.88 0.12
2458493.2887795 10.93 0.12
2458493.2889531 11.03 0.13
2458493.2891267 11.10 0.14
2458493.2893003 11.01 0.13
2458493.2894739 10.96 0.13
2458493.2896475 11.03 0.14
2458493.2898211 11.10 0.14
2458493.2899961 10.85 0.12
2458493.2901695 11.08 0.14
2458493.2905164 11.19 0.15
2458493.2906898 11.02 0.13
2458493.2908633 10.98 0.13
2458493.2910367 10.93 0.12
2458493.2912102 10.72 0.10
2458493.2913836 10.98 0.13
2458493.2915572 10.84 0.11
2458493.2917309 11.09 0.14
2458493.2919045 11.06 0.14
2458493.2920781 10.98 0.13
2458493.2922517 11.05 0.14
2458493.2924253 10.85 0.11
2458493.2925989 11.05 0.14
2458493.2929461 10.86 0.11
2458493.2932934 10.76 0.10
2458493.2934670 10.95 0.12
2458493.2938142 11.06 0.14
2458493.2939878 11.10 0.14
2458493.2941614 11.11 0.15
2458493.2945086 11.01 0.13
2458493.2946823 11.05 0.14
2458493.2948559 10.80 0.11
2458493.2950295 10.96 0.13
2458493.2952031 11.05 0.14
2458493.2953767 11.09 0.14
2458493.2955503 11.21 0.16
2458493.2957239 11.04 0.13
2458493.2958975 11.15 0.15
2458493.2960711 10.99 0.13
2458493.2962448 11.14 0.15
2458493.2964184 10.95 0.12
2458493.2965920 10.99 0.13
2458493.2967656 11.00 0.13
2458493.2969392 10.93 0.12
2458493.2971128 10.99 0.13
2458493.2972864 10.99 0.13
2458493.2974600 10.88 0.12
2458493.2976336 11.15 0.15
2458493.2978072 11.08 0.14
2458493.2979809 10.96 0.13
2458493.2981545 10.93 0.12
2458493.2983281 10.92 0.12
2458493.2985017 11.06 0.14
2458493.2986753 11.06 0.14
2458493.2988489 11.20 0.16
2458493.2991961 11.00 0.13
2458493.2993697 11.13 0.15
2458493.2995434 11.02 0.14
2458493.2997170 10.83 0.12
2458493.2998906 10.91 0.12
2458493.3004114 11.03 0.14
2458493.3005850 10.96 0.13
2458493.3007586 11.15 0.15
2458493.3018931 10.90 0.12
2458493.3021591 11.04 0.14
2458493.3023327 10.91 0.12
2458493.3025063 10.98 0.13
2458493.3030272 10.89 0.12
2458493.3032008 11.03 0.13
2458493.3033744 10.85 0.12
2458493.3035480 11.03 0.14
2458493.3037216 11.16 0.15
2458493.3038952 11.04 0.14
2458493.3040688 10.96 0.13
2458493.3042424 10.84 0.11
2458493.3044161 10.87 0.12
2458493.3045897 11.03 0.13
2458493.3047633 10.90 0.12
2458493.3049369 11.12 0.15
2458493.3051105 10.92 0.12
2458493.3054577 10.95 0.12
2458493.3059785 11.14 0.15
2458493.3061522 11.10 0.14
2458493.3063258 10.89 0.12
2458493.3066730 10.95 0.12
2458493.3068466 10.97 0.13
2458493.3070202 10.86 0.11
2458493.3071938 10.85 0.11
2458493.3073674 11.08 0.14
2458493.3075410 11.09 0.14
2458493.3077147 11.05 0.13
2458493.3078883 10.89 0.12
2458493.3080619 11.08 0.14
2458493.3085827 11.03 0.13
2458493.3087563 11.01 0.13
2458493.3089299 11.04 0.13
2458493.3091036 11.17 0.15
2458493.3092772 11.08 0.14
2458493.3094508 11.15 0.15
2458493.3096244 11.19 0.15
2458493.3097980 11.14 0.15
2458493.3099716 11.10 0.14
2458493.3101452 10.93 0.12
2458493.3103188 11.04 0.13
2458493.3104924 10.83 0.11
2458493.3108397 10.96 0.13
2458493.3110133 11.09 0.14
2458493.3113605 10.90 0.12
2458493.3117077 11.07 0.14
2458493.3120549 11.03 0.13
2458493.3122298 11.07 0.14
2458493.3124033 11.14 0.14
2458493.3127502 11.06 0.14
2458493.3129236 10.95 0.12
2458493.3130971 10.85 0.11
2458493.3136174 11.07 0.14
2458493.3137910 11.11 0.14
2458493.3139647 11.02 0.13
2458493.3141383 10.90 0.12
2458493.3143119 11.16 0.15
2458493.3148327 10.95 0.12
2458493.3151799 11.09 0.14
2458493.3153535 11.02 0.13
2458493.3155272 11.20 0.15
2458493.3157008 11.08 0.14
2458493.3158744 11.15 0.14
2458493.3160480 11.00 0.13
2458493.3162216 11.12 0.14
2458493.3165688 10.99 0.13
2458493.3167424 11.00 0.13
2458493.3169161 10.96 0.12
2458493.3170897 10.96 0.12
2458493.3174369 11.14 0.14
2458493.3176105 11.11 0.14
2458493.3179577 11.15 0.15
2458493.3181313 10.98 0.13
2458493.3183049 11.00 0.13
2458493.3186522 11.05 0.13
2458493.3188258 11.25 0.16
2458493.3189994 10.99 0.13
2458493.3191730 11.29 0.16
2458493.3193466 11.12 0.14
2458493.3195202 11.17 0.15
2458493.3200411 11.13 0.14
2458493.3202147 11.12 0.14
2458493.3203883 11.20 0.15
2458493.3205619 11.21 0.15
2458493.3209091 10.97 0.12
2458493.3212563 10.97 0.12
2458493.3214299 10.97 0.12
2458493.3216035 11.08 0.14
2458493.3217772 10.99 0.13
2458493.3221244 11.04 0.13
2458493.3222980 11.12 0.14
2458493.3224716 11.10 0.14
2458493.3226452 10.79 0.10
2458493.3228188 11.12 0.14
2458493.3229924 11.05 0.13
2458493.3233397 11.16 0.15
2458493.3235133 11.01 0.13
2458493.3236869 11.14 0.14
2458493.3238605 11.13 0.14
2458493.3240341 11.09 0.14
2458493.3242090 11.22 0.15
2458493.3243824 11.03 0.13
2458493.3247293 10.92 0.12
2458493.3249028 10.95 0.12
2458493.3250762 11.04 0.13
2458493.3252497 11.07 0.14
2458493.3254231 11.13 0.14
2458493.3255966 11.12 0.14
2458493.3257702 11.04 0.13
2458493.3259438 10.93 0.12
2458493.3261174 10.98 0.12
2458493.3262911 11.08 0.13
2458493.3266383 10.93 0.12
2458493.3268119 10.99 0.13
2458493.3269855 10.87 0.11
2458493.3271591 11.05 0.13
2458493.3275063 11.03 0.13
2458493.3276799 11.12 0.14
2458493.3280272 10.92 0.12
2458493.3282008 11.08 0.14
2458493.3283744 10.93 0.12
2458493.3285480 11.09 0.14
2458493.3287216 10.95 0.12
2458493.3290688 11.08 0.14
2458493.3295897 11.01 0.13
2458493.3297633 11.18 0.15
2458493.3299369 11.11 0.14
2458493.3301105 11.12 0.14
2458493.3302841 11.12 0.14
2458493.3304577 11.04 0.13
2458493.3306313 11.07 0.14
2458493.3308049 11.11 0.14
2458493.3311522 11.07 0.14
2458493.3313258 11.12 0.14
2458493.3314994 11.09 0.14
2458493.3318466 10.88 0.11
2458493.3320202 10.88 0.11
2458493.3321938 10.92 0.12
2458493.3325411 11.25 0.16
2458493.3332355 11.23 0.16
2458493.3334091 11.06 0.13
2458493.3335827 11.19 0.15
2458493.3337563 11.16 0.15
2458493.3339299 11.05 0.13
2458493.3341036 10.94 0.12
2458493.3342772 11.19 0.15
2458493.3344508 11.01 0.13
2458493.3346244 11.18 0.15
2458493.3349716 11.04 0.13
2458493.3351452 11.10 0.14
2458493.3354924 11.00 0.13
2458493.3356661 10.97 0.12
2458493.3358397 11.16 0.15
2458493.3360133 10.98 0.12
2458493.3361882 11.11 0.14
2458493.3363616 11.11 0.14
2458493.3365351 10.97 0.12
2458493.3367085 11.17 0.15
2458493.3368820 11.13 0.14
2458493.3372288 11.00 0.13
2458493.3374023 11.08 0.14
2458493.3375758 11.03 0.13
2458493.3379230 11.06 0.14
2458493.3380966 11.00 0.13
2458493.3382702 11.07 0.14
2458493.3384438 11.14 0.15
2458493.3386174 11.16 0.15
2458493.3387910 11.13 0.15
2458493.3394855 11.26 0.16
2458493.3398327 11.04 0.13
2458493.3403536 10.94 0.12
2458493.3407008 11.08 0.14
2458493.3408744 11.10 0.14
2458493.3410480 11.05 0.13
2458493.3412216 10.96 0.12
2458493.3413952 11.20 0.15
2458493.3415688 10.92 0.12
2458493.3417424 11.04 0.13
2458493.3419161 10.83 0.11
2458493.3420897 10.93 0.12
2458493.3424369 11.00 0.13
2458493.3426105 11.21 0.15
2458493.3427841 11.07 0.14
2458493.3429577 11.07 0.14
2458493.3431313 11.17 0.15
2458493.3433049 11.09 0.14
2458493.3436522 11.13 0.15
2458493.3438258 10.98 0.13
2458493.3439994 11.02 0.13
2458493.3441730 11.01 0.13
2458493.3443466 11.10 0.14
2458493.3445202 11.17 0.15
2458493.3446938 11.07 0.14
2458493.3448674 11.06 0.14
2458493.3450410 10.98 0.13
2458493.3452147 11.03 0.13
2458493.3453883 11.05 0.13
2458493.3459091 11.06 0.14
2458493.3460827 11.12 0.14
2458493.3462563 10.95 0.12
2458493.3467772 10.99 0.13
2458493.3469508 11.07 0.14
2458493.3471244 11.04 0.13
2458493.3472980 11.02 0.13
2458493.3474716 11.21 0.16
2458493.3476452 11.19 0.15
2458493.3478188 11.03 0.13
2458493.3479924 11.17 0.15
2458493.3481673 10.93 0.12
2458493.3483408 11.21 0.16
2458493.3485142 11.12 0.15
2458493.3486876 10.94 0.12
2458493.3488611 11.09 0.14
2458493.3490345 11.08 0.14
2458493.3492080 10.87 0.12
2458493.3495549 11.20 0.16
2458493.3499022 11.28 0.17
2458493.3500758 11.15 0.15
2458493.3502494 11.22 0.16
2458493.3504230 11.08 0.14
2458493.3505966 10.97 0.13
2458493.3507702 11.16 0.15
2458493.3511174 11.18 0.15
2458493.3512911 11.13 0.14
2458493.3514647 11.10 0.14
2458493.3516383 11.08 0.14
2458493.3518119 10.95 0.12
2458493.3519855 11.11 0.14
2458493.3521591 11.13 0.15
2458493.3523327 11.27 0.16
2458493.3525063 11.10 0.14
2458493.3526799 10.97 0.13
2458493.3528535 10.89 0.11
2458493.3533744 10.96 0.12
2458493.3537216 11.03 0.13
2458493.3538952 10.96 0.12
2458493.3542424 11.17 0.15
2458493.3544160 11.10 0.14
2458493.3545897 11.02 0.13
2458493.3549369 10.96 0.12
2458493.3551105 11.02 0.13
2458493.3552841 11.01 0.13
2458493.3554577 10.98 0.13
2458493.3556313 11.07 0.14
2458493.3559786 10.92 0.12
2458493.3561522 11.08 0.14
2458493.3563258 11.08 0.14
2458493.3564994 11.19 0.15
2458493.3568466 10.98 0.13
2458493.3571938 10.89 0.12
2458493.3573674 11.04 0.13
2458493.3578883 10.91 0.12
2458493.3580619 10.95 0.12
2458493.3585827 11.08 0.14
2458493.3587563 11.02 0.13
2458493.3592772 11.15 0.15
2458493.3594508 10.89 0.12
2458493.3596244 10.82 0.11
2458493.3597980 11.03 0.13
2458493.3603199 11.15 0.15
2458493.3606668 11.06 0.14
2458493.3611871 11.23 0.16
2458493.3613606 11.14 0.14
2458493.3615341 10.93 0.12
2458493.3617077 10.93 0.12
2458493.3618813 10.91 0.12
2458493.3620549 10.93 0.12
2458493.3629230 11.18 0.15
2458493.3630966 11.05 0.13
2458493.3632702 11.15 0.15
2458493.3639647 11.12 0.14
2458493.3641383 11.14 0.15
2458493.3643119 11.02 0.13
2458493.3648327 11.13 0.14
2458493.3650063 11.21 0.15
2458493.3651799 10.82 0.11
2458493.3655272 11.21 0.15
2458493.3660480 11.03 0.13
2458493.3662216 10.85 0.11
2458493.3663952 10.98 0.13
2458493.3665688 11.07 0.14
2458493.3667424 11.06 0.14
2458493.3669161 10.97 0.13
2458493.3670897 11.19 0.15
2458493.3676105 10.92 0.12
2458493.3679577 11.13 0.15
2458493.3681313 11.17 0.15
2458493.3684785 11.19 0.15
2458493.3686522 10.97 0.13
2458493.3688258 10.98 0.13
2458493.3689994 11.01 0.13
2458493.3691730 11.10 0.14
2458493.3693466 11.07 0.14
2458493.3695202 10.94 0.12
2458493.3696938 11.15 0.15
2458493.3698674 11.07 0.14
2458493.3700410 11.17 0.15
2458493.3703883 11.03 0.13
2458493.3707355 11.00 0.13
2458493.3709091 11.03 0.13
2458493.3712563 11.04 0.14
2458493.3716036 11.10 0.14
2458493.3722991 11.13 0.15
2458493.3735133 11.13 0.15
2458493.3736869 11.01 0.13
2458493.3738605 11.05 0.14
2458493.3742077 10.82 0.11
2458493.3743813 11.03 0.13
2458493.3745549 11.04 0.13
2458493.3749022 11.10 0.14
2458493.3750758 10.88 0.12
2458493.3752494 11.07 0.14
2458493.3755966 11.22 0.16
2458493.3757702 11.00 0.13
2458493.3759438 10.92 0.12
2458493.3761174 11.03 0.13
2458493.3762910 11.09 0.14
2458493.3764647 10.82 0.11
2458493.3771591 11.00 0.13
2458493.3775063 11.03 0.14
2458493.3776799 10.97 0.13
2458493.3778535 11.00 0.13
2458493.3780272 10.93 0.12
2458493.3783744 11.08 0.14
2458493.3785480 11.16 0.15
2458493.3787216 11.19 0.16
2458493.3788952 11.09 0.14
2458493.3790688 11.08 0.14
2458493.3795897 11.10 0.14
2458493.3797633 10.91 0.12
2458493.3799369 11.08 0.14
2458493.3802841 11.13 0.15
2458493.3809786 11.12 0.15
2458493.3814994 10.99 0.13
2458493.3821938 11.07 0.14
2458493.3823674 10.91 0.12
2458493.3827147 10.93 0.13
2458493.3828883 10.98 0.13
2458493.3830619 11.05 0.14
2458493.3832355 11.01 0.14
2458493.3834091 11.09 0.15
2458493.3835827 11.07 0.14
2458493.3841048 10.99 0.13
2458493.3844517 11.09 0.15
2458493.3846251 10.82 0.11
2458493.3849720 11.06 0.14
2458493.3851454 11.16 0.15
2458493.3853189 11.06 0.14
2458493.3854924 10.93 0.12
2458493.3856660 11.07 0.14
2458493.3858397 10.99 0.13
2458493.3860133 10.94 0.13
2458493.3865341 11.23 0.16
2458493.3867077 11.07 0.14
2458493.3870549 11.08 0.15
2458493.3872286 10.92 0.13
2458493.3875758 11.23 0.17
2458493.3886174 10.96 0.13
2458493.3887911 11.02 0.14
2458493.3891383 10.87 0.12
2458493.3893119 10.94 0.13
2458493.3896591 11.06 0.14
2458493.3905272 10.92 0.12
2458493.3907008 11.02 0.14
2458493.3912216 11.02 0.14
2458493.3915688 10.92 0.13
2458493.3919160 11.15 0.16
2458493.3920897 10.86 0.12
2458493.3922633 11.03 0.14
2458493.3924369 11.20 0.16
2458493.3927841 11.00 0.13
2458493.3931313 10.92 0.13
2458493.3936522 10.89 0.12
2458493.3938258 11.24 0.17
2458493.3939994 11.08 0.15
2458493.3950411 10.79 0.11
2458493.3953883 10.96 0.13
2458493.3955619 11.07 0.15
2458493.3959105 10.98 0.13
2458493.3960839 11.10 0.15
2458493.3964308 10.98 0.14
2458493.3966043 10.99 0.14
2458493.3974716 11.14 0.16
2458493.3976452 11.00 0.14
2458493.3979924 10.99 0.13
2458493.3983397 10.99 0.14
2458493.3985133 10.93 0.13
2458493.3993813 11.04 0.14
2458493.3997285 10.95 0.13
2458493.3999022 11.14 0.16
2458493.4004230 10.89 0.13
2458493.4007702 10.92 0.13
2458493.4009438 11.03 0.14
2458493.4014647 10.91 0.13
2458493.4021591 11.10 0.15
2458493.4026799 10.96 0.13
2458493.4028536 11.07 0.15
2458493.4030272 11.05 0.14
2458493.4032008 10.89 0.13
2458493.4038952 11.13 0.15
2458493.4040688 11.05 0.14
2458493.4042424 11.07 0.15
2458493.4044161 10.98 0.14
2458493.4045897 11.05 0.15
2458493.4051105 11.09 0.15
2458493.4052841 11.02 0.14
2458493.4056313 11.20 0.17
2458493.4058049 10.99 0.14
2458493.4059786 10.95 0.14
2458493.4061522 11.06 0.15
2458493.4066730 10.93 0.13
2458493.4068466 10.94 0.13
2458493.4070202 11.01 0.14
2458493.4073674 10.94 0.13
2458493.4075410 11.04 0.14
2458493.4077147 10.89 0.13
2458493.4080630 10.92 0.13
2458493.4087568 11.21 0.17
2458493.4094508 10.95 0.14
2458493.4101452 10.98 0.14
2458493.4103188 11.08 0.15
2458493.4104924 11.02 0.15
2458493.4108397 10.89 0.13
2458493.4111869 11.04 0.15
2458493.4115341 11.13 0.16
2458493.4117077 11.06 0.15
2458493.4118813 11.04 0.15
2458493.4122286 11.14 0.16
2458493.4127494 10.88 0.13
2458493.4130966 11.02 0.15
2458493.4134438 10.92 0.13
2458493.4136174 10.90 0.13
2458493.4139647 10.94 0.13
2458493.4144855 10.92 0.13
2458493.4148327 10.96 0.14
2458493.4150063 11.11 0.16
2458493.4151799 11.01 0.14
2458493.4153535 10.95 0.14
2458493.4155272 10.92 0.13
2458493.4158744 10.99 0.14
2458495.1354584 10.49 0.13
2458495.1356318 10.72 0.17
2458495.1364994 10.63 0.15
2458495.1424022 10.61 0.15
2458495.1453535 10.69 0.16
2458495.1474375 10.61 0.15
2458495.1486522 10.71 0.16
2458495.1495202 10.65 0.15
2458495.1500411 10.60 0.14
2458495.1517772 10.59 0.14
2458495.1529924 10.77 0.17
2458495.1540341 10.73 0.16
2458495.1608049 10.61 0.14
2458495.1611522 10.58 0.14
2458495.1663605 10.68 0.15
2458495.1701799 10.82 0.17
2458495.1707022 10.78 0.16
2458495.1708756 10.46 0.12
2458495.1722633 10.69 0.15
2458495.1769508 10.72 0.15
2458495.1771244 10.77 0.16
2458495.1788605 10.76 0.15
2458495.1790341 10.72 0.15
2458495.1795549 10.61 0.14
2458495.1800758 10.65 0.14
2458495.1809438 10.80 0.16
2458495.1811174 10.68 0.14
2458495.1814647 10.68 0.14
2458495.1825063 10.75 0.15
2458495.1845897 10.86 0.17
2458495.1859785 10.69 0.14
2458495.1863258 10.72 0.15
2458495.1866730 10.84 0.16
2458495.1873674 10.76 0.15
2458495.1878883 10.86 0.16
2458495.1891036 10.85 0.16
2458495.1892772 10.67 0.14
2458495.1894508 10.92 0.17
2458495.1896244 10.64 0.13
2458495.1901452 10.64 0.13
2458495.1904924 10.80 0.15
2458495.1939647 10.81 0.15
2458495.1981313 10.65 0.13
2458495.1984786 10.70 0.14
2458495.1996938 10.82 0.16
2458495.2000410 10.85 0.16
2458495.2003883 10.76 0.15
2458495.2009091 10.63 0.13
2458495.2040341 10.72 0.14
2458495.2047286 10.59 0.13
2458495.2052494 10.93 0.17
2458495.2071601 10.72 0.14
2458495.2080274 10.83 0.16
2458495.2102841 10.78 0.15
2458495.2120202 10.73 0.14
2458495.2147980 10.79 0.15
2458495.2163605 10.76 0.15
2458495.2170549 10.65 0.13
2458495.2186174 10.71 0.14
2458495.2193127 10.76 0.14
2458495.2222633 10.89 0.16
2458495.2234785 10.86 0.16
2458495.2248674 10.92 0.17
2458495.2253883 10.87 0.16
2458495.2271244 10.86 0.16
2458495.2293813 10.87 0.16
2458495.2297286 10.81 0.15
2458495.2300758 10.79 0.15
2458495.2309450 10.85 0.15
2458495.2321591 10.71 0.13
2458495.2354577 10.88 0.16
2458495.2356313 10.83 0.15
2458495.2371938 10.93 0.16
2458495.2380619 10.88 0.16
2458495.2391035 10.76 0.14
2458495.2394508 10.89 0.16
2458495.2420549 10.75 0.14
2458495.2422286 10.76 0.14
2458495.2427508 10.87 0.15
2458495.2429242 10.84 0.15
2458495.2432711 10.66 0.13
2458495.2434445 10.73 0.13
2458495.2441383 10.75 0.14
2458495.2444855 10.90 0.16
2458495.2450063 10.82 0.15
2458495.2455272 10.90 0.16
2458495.2465688 10.68 0.13
2458495.2467424 10.73 0.14
2458495.2472633 10.75 0.14
2458495.2477841 10.90 0.16
2458495.2479577 10.84 0.15
2458495.2481313 10.82 0.15
2458495.2483049 10.80 0.14
2458495.2496938 10.93 0.16
2458495.2502147 10.67 0.13
2458495.2514299 10.74 0.14
2458495.2516036 10.80 0.15
2458495.2519508 10.81 0.15
2458495.2521244 10.82 0.15
2458495.2522980 10.73 0.13
2458495.2528188 10.82 0.15
2458495.2533397 10.92 0.16
2458495.2536869 10.94 0.16
2458495.2542077 10.73 0.14
2458495.2549034 10.89 0.16
2458495.2550769 10.86 0.15
2458495.2554238 10.72 0.13
2458495.2557706 10.82 0.14
2458495.2566383 10.70 0.13
2458495.2575063 10.86 0.15
2458495.2576799 10.89 0.15
2458495.2580272 10.56 0.11
2458495.2585480 10.83 0.14
2458495.2587216 10.91 0.15
2458495.2590688 10.84 0.15
2458495.2601105 10.77 0.14
2458495.2602841 10.75 0.13
2458495.2604577 10.90 0.15
2458495.2609786 10.76 0.13
2458495.2614994 10.84 0.15
2458495.2616730 10.76 0.14
2458495.2634091 10.80 0.14
2458495.2637563 10.72 0.13
2458495.2642772 10.93 0.16
2458495.2644508 10.74 0.13
2458495.2646244 10.72 0.13
2458495.2651452 10.93 0.16
2458495.2653188 10.76 0.14
2458495.2656661 10.70 0.13
2458495.2660133 10.88 0.15
2458495.2667077 10.81 0.14
2458495.2672295 10.79 0.14
2458495.2674030 10.88 0.15
2458495.2675764 10.84 0.14
2458495.2679233 10.76 0.14
2458495.2682702 10.75 0.13
2458495.2687911 10.93 0.16
2458495.2689647 10.76 0.13
2458495.2691383 11.07 0.18
2458495.2694855 10.85 0.15
2458495.2696591 10.89 0.15
2458495.2698327 10.74 0.13
2458495.2700063 10.63 0.12
2458495.2701799 10.65 0.12
2458495.2703535 10.91 0.15
2458495.2707008 10.72 0.13
2458495.2708744 10.83 0.14
2458495.2710480 10.92 0.15
2458495.2712216 10.73 0.13
2458495.2717424 10.83 0.14
2458495.2720897 10.91 0.15
2458495.2722633 10.77 0.13
2458495.2726105 10.76 0.13
2458495.2729577 10.83 0.14
2458495.2733049 10.73 0.13
2458495.2738258 10.83 0.14
2458495.2750411 10.85 0.15
2458495.2752147 10.90 0.15
2458495.2757355 10.91 0.16
2458495.2760827 10.91 0.15
2458495.2766036 10.70 0.13
2458495.2769508 10.72 0.13
2458495.2772980 10.79 0.14
2458495.2774716 10.79 0.14
2458495.2776452 10.93 0.16
2458495.2781660 10.74 0.13
2458495.2788618 10.92 0.15
2458495.2795556 10.79 0.14
2458495.2797290 10.98 0.16
2458495.2799025 10.88 0.15
2458495.2805966 10.82 0.14
2458495.2809438 10.82 0.14
2458495.2811174 10.78 0.14
2458495.2816383 10.77 0.13
2458495.2819855 10.83 0.14
2458495.2823327 11.00 0.16
2458495.2828536 10.80 0.14
2458495.2830272 10.80 0.14
2458495.2833744 10.78 0.14
2458495.2840688 10.75 0.13
2458495.2842424 11.00 0.16
2458495.2845897 10.98 0.16
2458495.2847633 10.89 0.15
2458495.2849369 10.80 0.14
2458495.2852841 10.84 0.14
2458495.2856313 10.75 0.13
2458495.2861522 10.80 0.14
2458495.2866730 10.94 0.16
2458495.2870202 10.97 0.16
2458495.2871938 10.86 0.15
2458495.2877147 10.91 0.15
2458495.2878883 10.78 0.14
2458495.2882355 10.81 0.14
2458495.2894508 10.85 0.15
2458495.2896244 10.82 0.14
2458495.2897980 10.88 0.15
2458495.2901452 11.00 0.17
2458495.2910145 10.86 0.15
2458495.2911879 10.84 0.14
2458495.2913614 10.83 0.14
2458495.2922286 10.93 0.16
2458495.2927494 10.66 0.12
2458495.2929230 10.85 0.14
2458495.2930966 10.72 0.13
2458495.2937910 10.71 0.13
2458495.2939647 10.59 0.12
2458495.2941383 10.74 0.13
2458495.2943119 10.96 0.16
2458495.2944855 10.76 0.13
2458495.2948327 10.81 0.14
2458495.2950063 10.75 0.13
2458495.2953535 10.93 0.15
2458495.2957008 10.81 0.14
2458495.2962216 10.86 0.14
2458495.2963952 10.80 0.14
2458495.2965688 10.80 0.14
2458495.2967424 10.84 0.14
2458495.2970897 10.97 0.16
2458495.2972633 10.87 0.15
2458495.2974369 10.95 0.15
2458495.2976105 10.87 0.15
2458495.2988258 10.83 0.14
2458495.2991730 10.91 0.15
2458495.2996938 10.88 0.14
2458495.2998674 10.68 0.12
2458495.3010827 10.87 0.14
2458495.3016035 10.90 0.15
2458495.3017772 10.90 0.15
2458495.3021244 10.78 0.13
2458495.3022980 10.98 0.16
2458495.3029937 10.67 0.12
2458495.3031671 10.78 0.14
2458495.3036875 10.81 0.14
2458495.3038609 10.68 0.12
2458495.3040343 10.65 0.12
2458495.3042078 10.59 0.11
2458495.3043813 10.95 0.16
2458495.3047286 10.72 0.13
2458495.3049022 10.82 0.14
2458495.3052494 10.72 0.13
2458495.3054230 10.89 0.15
2458495.3055966 10.71 0.13
2458495.3059438 10.87 0.15
2458495.3061174 10.98 0.16
2458495.3062911 10.85 0.14
2458495.3066383 10.72 0.13
2458495.3068119 10.78 0.14
2458495.3071591 10.86 0.15
2458495.3073327 10.79 0.14
2458495.3075063 10.80 0.14
2458495.3076799 10.65 0.12
2458495.3080272 10.86 0.15
2458495.3082008 10.83 0.14
2458495.3083744 10.86 0.15
2458495.3085480 10.76 0.14
2458495.3088952 10.83 0.14
2458495.3090688 10.89 0.15
2458495.3092424 10.90 0.15
2458495.3095897 10.82 0.14
2458495.3097633 10.79 0.14
2458495.3099369 10.70 0.13
2458495.3101105 10.79 0.14
2458495.3102841 10.99 0.17
2458495.3104577 11.02 0.17
2458495.3108049 10.77 0.14
2458495.3109785 10.84 0.14
2458495.3111522 10.77 0.13
2458495.3113258 10.82 0.14
2458495.3116730 10.63 0.12
2458495.3118466 10.84 0.14
2458495.3120202 10.83 0.14
2458495.3125411 10.81 0.14
2458495.3127147 10.88 0.15
2458495.3139299 10.89 0.15
2458495.3147980 10.89 0.15
2458495.3149729 10.84 0.14
2458498.1661753 10.85 0.14
2458498.1663489 10.80 0.14
2458498.1666972 10.76 0.13
2458498.1668707 11.02 0.17
2458498.1670441 10.81 0.14
2458498.1673910 10.83 0.14
2458498.1675645 10.93 0.15
2458498.1677379 10.89 0.15
2458498.1679114 10.75 0.13
2458498.1684322 10.73 0.13
2458498.1686059 10.92 0.15
2458498.1687795 10.72 0.13
2458498.1689531 10.83 0.14
2458498.1693003 10.82 0.14
2458498.1694739 10.92 0.15
2458498.1696475 10.73 0.13
2458498.1698211 10.84 0.14
2458498.1699947 10.87 0.14
2458498.1708628 10.92 0.15
2458498.1713836 10.85 0.14
2458498.1719045 10.98 0.16
2458498.1722517 10.74 0.13
2458498.1725989 10.82 0.14
2458498.1727725 10.71 0.12
2458498.1729461 10.98 0.15
2458498.1732934 10.83 0.14
2458498.1734670 11.01 0.16
2458498.1736406 10.94 0.15
2458498.1743350 10.91 0.14
2458498.1746823 10.84 0.13
2458498.1750295 10.92 0.14
2458498.1753767 10.78 0.13
2458498.1757239 10.86 0.14
2458498.1758975 10.89 0.14
2458498.1760711 10.91 0.14
2458498.1762447 10.78 0.13
2458498.1764184 10.91 0.14
2458498.1765920 10.99 0.15
2458498.1767656 10.85 0.13
2458498.1771128 10.84 0.13
2458498.1774600 10.93 0.14
2458498.1778072 10.71 0.12
2458498.1779809 10.97 0.15
2458498.1781545 10.92 0.14
2458498.1785029 10.85 0.13
2458498.1793701 10.90 0.14
2458498.1795436 11.03 0.16
2458498.1797170 10.96 0.15
2458498.1798906 10.87 0.13
2458498.1800642 10.78 0.12
2458498.1804114 10.87 0.13
2458498.1805850 11.03 0.15
2458498.1807586 10.95 0.14
2458498.1809323 10.84 0.13
2458498.1811059 10.80 0.13
2458498.1812795 10.68 0.11
2458498.1814531 10.98 0.14
2458498.1816267 11.02 0.15
2458498.1818003 10.82 0.13
2458498.1821475 10.85 0.13
2458498.1823211 10.94 0.14
2458498.1826684 10.91 0.14
2458498.1828420 11.06 0.16
2458498.1831892 10.85 0.13
2458498.1835364 10.92 0.14
2458498.1837100 10.87 0.13
2458498.1838836 10.88 0.13
2458498.1842309 10.92 0.14
2458498.1845781 10.96 0.15
2458498.1847517 10.69 0.11
2458498.1849253 10.92 0.14
2458498.1850989 10.81 0.13
2458498.1852725 10.83 0.13
2458498.1854461 10.89 0.14
2458498.1856197 11.03 0.15
2458498.1857934 11.04 0.15
2458498.1859670 11.01 0.15
2458498.1861406 10.93 0.14
2458498.1863142 11.09 0.16
2458498.1866614 10.94 0.14
2458498.1868350 10.91 0.14
2458498.1870086 10.94 0.14
2458498.1871822 11.01 0.15
2458498.1882974 10.93 0.14
2458498.1885711 10.78 0.12
2458498.1889184 10.88 0.13
2458498.1890920 10.89 0.13
2458498.1892656 10.81 0.13
2458498.1894392 10.71 0.11
2458498.1896128 10.83 0.13
2458498.1903073 10.86 0.13
2458498.1904809 10.96 0.14
2458498.1906545 10.76 0.12
2458498.1908281 10.96 0.14
2458498.1910017 10.84 0.13
2458498.1911753 11.05 0.15
2458498.1916961 10.86 0.13
2458498.1918697 11.01 0.15
2458498.1920434 10.99 0.14
2458498.1925642 11.02 0.15
2458498.1927378 10.98 0.14
2458498.1932586 10.96 0.14
2458498.1934322 10.99 0.14
2458498.1936059 10.93 0.14
2458498.1937795 11.03 0.15
2458498.1943003 10.87 0.13
2458498.1946475 10.83 0.12
2458498.1948211 10.93 0.14
2458498.1949947 10.82 0.12
2458498.1951684 10.88 0.13
2458498.1953420 10.87 0.13
2458498.1955156 10.89 0.13
2458498.1958628 10.97 0.14
2458498.1960378 11.08 0.15
2458498.1962112 10.97 0.14
2458498.1965581 11.02 0.15
2458498.1969050 10.93 0.13
2458498.1972519 10.84 0.12
2458498.1974253 10.87 0.12
2458498.1975989 11.02 0.14
2458498.1977725 10.94 0.14
2458498.1979461 11.05 0.15
2458498.1982934 11.00 0.14
2458498.1984670 11.14 0.16
2458498.1986406 10.94 0.13
2458498.1988142 10.99 0.14
2458498.1989878 11.01 0.14
2458498.1991614 10.88 0.12
2458498.1993350 10.89 0.12
2458498.1995086 11.05 0.15
2458498.1996822 11.03 0.14
2458498.1998559 10.87 0.12
2458498.2000295 11.08 0.15
2458498.2002031 11.01 0.14
2458498.2003767 10.95 0.13
2458498.2005503 11.03 0.14
2458498.2007239 11.10 0.15
2458498.2008975 10.73 0.11
2458498.2010711 10.93 0.13
2458498.2012447 10.98 0.14
2458498.2014184 11.02 0.14
2458498.2015920 10.82 0.12
2458498.2019392 10.96 0.13
2458498.2021128 10.77 0.11
2458498.2022864 10.97 0.14
2458498.2024600 10.89 0.12
2458498.2028072 10.78 0.11
2458498.2029809 10.93 0.13
2458498.2033281 11.00 0.14
2458498.2035017 10.86 0.12
2458498.2036753 11.03 0.14
2458498.2038489 11.01 0.14
2458498.2041961 10.92 0.13
2458498.2043698 10.95 0.13
2458498.2045434 10.94 0.13
2458498.2047170 11.04 0.14
2458498.2048906 11.00 0.14
2458498.2052378 10.92 0.13
2458498.2054114 10.99 0.14
2458498.2055850 10.88 0.12
2458498.2057586 10.81 0.12
2458498.2059323 11.02 0.14
2458498.2061059 10.98 0.13
2458498.2062795 11.04 0.14
2458498.2064531 10.81 0.12
2458498.2066267 10.85 0.12
2458498.2068003 10.90 0.12
2458498.2069739 10.99 0.14
2458498.2071475 10.97 0.13
2458498.2073211 10.96 0.13
2458498.2074947 10.71 0.11
2458498.2076684 10.98 0.14
2458498.2078420 10.97 0.13
2458498.2080169 10.82 0.12
2458498.2081904 10.91 0.12
2458498.2083638 10.95 0.13
2458498.2088841 10.82 0.12
2458498.2090576 10.86 0.12
2458498.2092310 10.96 0.13
2458498.2094045 10.94 0.13
2458498.2097517 10.84 0.12
2458498.2099253 10.92 0.13
2458498.2100989 11.12 0.15
2458498.2102725 10.80 0.11
2458498.2104461 10.82 0.11
2458498.2106197 10.97 0.13
2458498.2107934 10.92 0.13
2458498.2111406 10.90 0.12
2458498.2113142 11.00 0.14
2458498.2114878 10.99 0.14
2458498.2116614 10.80 0.11
2458498.2118350 11.05 0.14
2458498.2123559 10.94 0.13
2458498.2125295 11.01 0.14
2458498.2127031 10.90 0.12
2458498.2128767 10.74 0.11
2458498.2132239 10.75 0.11
2458498.2133975 10.97 0.13
2458498.2135711 10.83 0.12
2458498.2137448 10.96 0.13
2458498.2139184 10.86 0.12
2458498.2140920 10.81 0.11
2458498.2142656 10.86 0.12
2458498.2144392 10.83 0.12
2458498.2146128 10.59 0.09
2458498.2147864 11.01 0.14
2458498.2149600 11.07 0.14
2458498.2151336 10.90 0.12
2458498.2153072 10.84 0.12
2458498.2154809 11.02 0.14
2458498.2156545 10.79 0.11
2458498.2158281 10.76 0.11
2458498.2160017 10.81 0.11
2458498.2161753 10.86 0.12
2458498.2163489 11.11 0.15
2458498.2166961 10.81 0.11
2458498.2168697 10.89 0.12
2458498.2170434 10.90 0.12
2458498.2172170 10.81 0.11
2458498.2173906 10.87 0.12
2458498.2175642 11.11 0.15
2458498.2177378 10.96 0.13
2458498.2179114 10.96 0.13
2458498.2180850 10.95 0.13
2458498.2182586 11.08 0.14
2458498.2189531 11.00 0.14
2458498.2193003 10.76 0.11
2458498.2194739 10.91 0.12
2458498.2196475 10.98 0.13
2458498.2198225 11.03 0.14
2458498.2199960 11.20 0.16
2458498.2201694 10.94 0.13
2458498.2203429 11.02 0.14
2458498.2205163 10.85 0.12
2458498.2206898 11.04 0.14
2458498.2208632 10.69 0.10
2458498.2212101 10.82 0.12
2458498.2213836 10.77 0.11
2458498.2215573 10.86 0.12
2458498.2217309 11.01 0.14
2458498.2219045 10.99 0.13
2458498.2220781 10.89 0.12
2458498.2222517 11.19 0.16
2458498.2224253 10.80 0.12
2458498.2227725 10.99 0.13
2458498.2229461 11.02 0.14
2458498.2231197 10.96 0.13
2458498.2232934 10.85 0.12
2458498.2234670 10.77 0.11
2458498.2236406 10.95 0.13
2458498.2238142 10.78 0.11
2458498.2239878 11.00 0.13
2458498.2241614 10.98 0.13
2458498.2243350 11.01 0.13
2458498.2245086 10.85 0.11
2458498.2246822 10.97 0.13
2458498.2248559 10.99 0.13
2458498.2250295 10.92 0.12
2458498.2252031 10.89 0.12
2458498.2253767 11.02 0.13
2458498.2255503 11.00 0.13
2458498.2257239 11.08 0.14
2458498.2258975 11.05 0.14
2458498.2260711 10.74 0.10
2458498.2262447 11.00 0.13
2458498.2264184 10.87 0.12
2458498.2265920 11.06 0.14
2458498.2267656 10.70 0.10
2458498.2269392 10.93 0.12
2458498.2271128 11.17 0.15
2458498.2272864 10.99 0.13
2458498.2274600 10.76 0.11
2458498.2279809 10.88 0.12
2458498.2281545 11.00 0.13
2458498.2283281 10.90 0.12
2458498.2286753 10.91 0.12
2458498.2288489 10.75 0.11
2458498.2290225 10.87 0.12
2458498.2291961 11.06 0.14
2458498.2293698 11.04 0.14
2458498.2295434 10.96 0.13
2458498.2297170 10.94 0.13
2458498.2298906 11.02 0.13
2458498.2300642 10.83 0.11
2458498.2302378 10.99 0.13
2458498.2304114 10.89 0.12
2458498.2305850 10.87 0.12
2458498.2307586 11.09 0.15
2458498.2309322 10.84 0.12
2458498.2311059 10.94 0.13
2458498.2312795 10.96 0.13
2458498.2316267 10.87 0.12
2458498.2319750 11.06 0.14
2458498.2321485 10.86 0.12
2458498.2323219 11.00 0.14
2458498.2324954 11.03 0.14
2458498.2326688 10.87 0.12
2458498.2328422 10.82 0.12
2458498.2330157 11.08 0.15
2458498.2337100 11.06 0.14
2458498.2338836 10.88 0.12
2458498.2340572 11.05 0.14
2458498.2342309 10.85 0.12
2458498.2344045 10.79 0.11
2458498.2345781 10.88 0.12
2458498.2347517 10.92 0.13
2458498.2349253 11.16 0.16
2458498.2350989 10.88 0.12
2458498.2352725 10.95 0.13
2458498.2354461 10.90 0.13
2458498.2356198 10.82 0.12
2458498.2357934 11.02 0.14
2458498.2359670 10.81 0.11
2458498.2361406 10.98 0.13
2458498.2363142 10.78 0.11
2458498.2364878 11.05 0.14
2458498.2366614 10.81 0.11
2458498.2368350 10.79 0.11
2458498.2370086 10.98 0.13
2458498.2373559 10.83 0.12
2458498.2375295 10.89 0.13
2458498.2377031 10.99 0.14
2458498.2378767 10.90 0.13
2458498.2383975 10.95 0.13
2458498.2387447 10.93 0.13
2458498.2390920 11.01 0.14
2458498.2392656 10.91 0.13
2458498.2394392 10.89 0.13
2458498.2396128 10.88 0.13
2458498.2397864 10.99 0.14
2458498.2399600 10.89 0.13
2458498.2403072 11.01 0.14
2458498.2404809 11.06 0.15
2458498.2406545 10.71 0.11
2458498.2410017 10.82 0.12
2458498.2411753 10.94 0.13
2458498.2413489 11.07 0.15
2458498.2415225 10.93 0.13
2458498.2416961 11.07 0.15
2458498.2418697 10.92 0.13
2458498.2420434 11.04 0.14
2458498.2422170 10.96 0.13
2458498.2423906 11.03 0.14
2458498.2425642 11.02 0.14
2458498.2427378 11.06 0.15
2458498.2429114 10.91 0.13
2458498.2430850 11.12 0.15
2458498.2432586 10.96 0.13
2458498.2434323 11.14 0.16
2458498.2436073 10.88 0.12
2458498.2437807 11.00 0.14
2458498.2439541 11.21 0.17
2458498.2441276 10.88 0.12
2458498.2443010 10.95 0.13
2458498.2446479 11.05 0.15
2458498.2448214 10.95 0.13
2458498.2449948 11.04 0.14
2458498.2451684 11.00 0.14
2458498.2453420 10.79 0.12
2458498.2462100 10.79 0.12
2458498.2465572 11.01 0.14
2458498.2469045 11.09 0.15
2458498.2477725 11.08 0.15
2458498.2481197 10.97 0.13
2458498.2482934 11.14 0.16
2458498.2488142 11.07 0.15
2458498.2489878 10.90 0.13
2458498.2491614 11.07 0.15
2458498.2493350 10.98 0.14
2458498.2495086 10.86 0.12
2458498.2496822 10.92 0.13
2458498.2498559 10.90 0.13
2458498.2502031 10.82 0.12
2458498.2505503 11.10 0.15
2458498.2507239 10.97 0.14
2458498.2508975 10.88 0.13
2458498.2510711 10.96 0.14
2458498.2514184 11.24 0.18
2458498.2517656 10.89 0.13
2458498.2519392 10.90 0.13
2458498.2521128 10.98 0.14
2458498.2533281 11.10 0.15
2458498.2536753 11.14 0.16
2458498.2540225 10.94 0.14
2458498.2543697 11.18 0.17
2458498.2545434 11.17 0.17
2458498.2547170 10.76 0.12
2458498.2557598 11.05 0.15
2458498.2559332 10.93 0.13
2458498.2561066 11.11 0.16
2458498.2562801 11.09 0.15
2458498.2568004 10.93 0.13
2458498.2573211 10.98 0.14
2458498.2576684 10.98 0.14
2458498.2578420 10.95 0.13
2458498.2580156 10.85 0.13
2458498.2581892 10.92 0.13
2458498.2587100 10.92 0.14
2458498.2590573 10.99 0.14
2458498.2594045 10.97 0.14
2458498.2597517 10.94 0.14
2458498.2599253 10.87 0.13
2458498.2602725 10.96 0.14
2458498.2611406 11.07 0.15
2458498.2613142 11.00 0.14
2458498.2614878 11.03 0.15
2458498.2620086 10.82 0.12
2458498.2623559 10.96 0.14
2458498.2627031 11.17 0.14
2458498.2628767 11.09 0.13
2458498.2630503 11.15 0.14
2458498.2635711 11.04 0.12
2458498.2637447 11.08 0.13
2458498.2640920 10.95 0.12
2458498.2642656 10.93 0.11
2458498.2646128 11.09 0.13
2458498.2649600 10.86 0.11
2458498.2651336 11.03 0.13
2458498.2653072 11.24 0.15
2458498.2654809 11.08 0.13
2458498.2656545 11.18 0.15
2458498.2660017 10.99 0.12
2458498.2661753 11.02 0.12
2458498.2663489 10.92 0.12
2458498.2668698 11.03 0.12
2458498.2670434 10.77 0.10
2458498.2672170 11.09 0.13
2458498.2673906 11.08 0.13
2458498.2675655 10.79 0.10
2458498.2677389 10.79 0.10
2458498.2679124 10.89 0.11
2458498.2682593 10.93 0.12
2458498.2684327 11.15 0.14
2458498.2686062 11.15 0.14
2458498.2687796 10.99 0.12
2458498.2689531 11.10 0.13
2458498.2691267 11.19 0.14
2458498.2694739 11.09 0.13
2458498.2696475 11.15 0.14
2458498.2698211 11.05 0.12
2458498.2701684 10.96 0.11
2458498.2705156 11.07 0.13
2458498.2713836 10.91 0.11
2458498.2715572 11.06 0.13
2458498.2719045 11.13 0.13
2458498.2720781 10.96 0.12
2458498.2722517 10.95 0.11
2458498.2724253 11.11 0.13
2458498.2725989 11.05 0.12
2458498.2727725 11.07 0.13
2458498.2729461 11.08 0.13
2458498.2732934 11.03 0.12
2458498.2734670 10.97 0.12
2458498.2736406 11.30 0.16
2458498.2738142 11.13 0.13
2458498.2739878 10.97 0.12
2458498.2741614 11.12 0.13
2458498.2743350 11.08 0.13
2458498.2745086 11.06 0.12
2458498.2746823 11.12 0.13
2458498.2748559 11.10 0.13
2458498.2750295 10.96 0.11
2458498.2752031 10.97 0.11
2458498.2753767 11.09 0.13
2458498.2755503 10.99 0.12
2458498.2757239 11.06 0.13
2458498.2760711 10.95 0.11
2458498.2764184 10.85 0.10
2458498.2765920 11.11 0.13
2458498.2767656 10.99 0.12
2458498.2769392 10.84 0.10
2458498.2771128 11.06 0.12
2458498.2772864 11.13 0.13
2458498.2774600 11.07 0.13
2458498.2776336 10.93 0.11
2458498.2778072 11.06 0.13
2458498.2779809 11.08 0.13
2458498.2781545 10.94 0.11
2458498.2786753 11.11 0.13
2458498.2790225 11.06 0.13
2458498.2791961 10.96 0.12
2458498.2793697 10.99 0.12
2458498.2795448 10.78 0.10
2458498.2797182 11.04 0.12
2458498.2798916 10.81 0.10
2458498.2802385 11.11 0.13
2458498.2804120 11.11 0.13
2458498.2805854 10.82 0.10
2458498.2807589 11.06 0.13
2458498.2809323 11.01 0.12
2458498.2811059 10.94 0.11
2458498.2812795 11.07 0.13
2458498.2816267 11.16 0.14
2458498.2818003 11.00 0.12
2458498.2821475 10.97 0.12
2458498.2823211 10.93 0.11
2458498.2826684 11.06 0.13
2458498.2828420 10.84 0.11
2458498.2830156 11.09 0.13
2458498.2831892 11.26 0.15
2458498.2833628 11.13 0.14
2458498.2835364 10.93 0.11
2458498.2837100 11.25 0.15
2458498.2838836 11.09 0.13
2458498.2840573 11.04 0.12
2458498.2842309 11.08 0.13
2458498.2844045 11.27 0.15
2458498.2845781 10.86 0.10
2458498.2847517 11.06 0.13
2458498.2850989 10.95 0.11
2458498.2852725 10.99 0.12
2458498.2854461 10.89 0.11
2458498.2857934 11.13 0.14
2458498.2859670 11.06 0.13
2458498.2863142 11.11 0.14
2458498.2864878 11.12 0.13
2458498.2866614 11.03 0.12
2458498.2868350 11.01 0.12
2458498.2870086 11.03 0.13
2458498.2871822 11.10 0.13
2458498.2873559 10.92 0.11
2458498.2875295 11.06 0.13
2458498.2877031 10.92 0.11
2458498.2878767 10.70 0.09
2458498.2880503 11.09 0.13
2458498.2882239 10.99 0.12
2458498.2883975 10.91 0.11
2458498.2885711 11.01 0.12
2458498.2887447 11.11 0.13
2458498.2889184 11.20 0.15
2458498.2890920 10.95 0.12
2458498.2892656 11.05 0.13
2458498.2894392 11.04 0.13
2458498.2896128 11.14 0.14
2458498.2897864 11.01 0.12
2458498.2901336 11.02 0.12
2458498.2903073 10.93 0.11
2458498.2904809 11.09 0.13
2458498.2906545 11.20 0.14
2458498.2908281 10.98 0.12
2458498.2910017 10.90 0.11
2458498.2911753 10.98 0.12
2458498.2913489 11.03 0.12
2458498.2915239 10.97 0.12
2458498.2916974 10.88 0.11
2458498.2918708 10.92 0.11
2458498.2920443 10.99 0.12
2458498.2922177 11.00 0.12
2458498.2923912 10.97 0.12
2458498.2925646 10.98 0.12
2458498.2929115 11.06 0.13
2458498.2930850 10.98 0.12
2458498.2932586 11.02 0.12
2458498.2934322 10.93 0.12
2458498.2936059 11.02 0.13
2458498.2937795 11.04 0.13
2458498.2939531 11.02 0.13
2458498.2943003 11.20 0.15
2458498.2944739 10.91 0.12
2458498.2946475 10.88 0.12
2458498.2948211 10.98 0.13
2458498.2951684 11.06 0.13
2458498.2953420 11.16 0.14
2458498.2955156 10.87 0.11
2458498.2956892 10.96 0.12
2458498.2958628 11.13 0.14
2458498.2960364 10.91 0.11
2458498.2962100 11.12 0.14
2458498.2963836 10.99 0.12
2458498.2965572 11.09 0.13
2458498.2967309 10.92 0.11
2458498.2970781 10.81 0.10
2458498.2972517 11.09 0.13
2458498.2974253 10.95 0.12
2458498.2975989 10.99 0.12
2458498.2977725 10.99 0.12
2458498.2979461 11.10 0.13
2458498.2982934 10.78 0.10
2458498.2984670 11.06 0.13
2458498.2986406 10.91 0.11
2458498.2988142 11.05 0.13
2458498.2989878 11.01 0.12
2458498.2991614 11.04 0.13
2458498.2993350 10.98 0.12
2458498.2995086 10.84 0.11
2458498.2996823 11.10 0.14
2458498.2998559 10.97 0.12
2458498.3000295 11.09 0.14
2458498.3002031 11.14 0.14
2458498.3005503 11.12 0.14
2458498.3008975 10.82 0.11
2458498.3010711 10.94 0.12
2458498.3012447 11.00 0.13
2458498.3014184 10.90 0.11
2458498.3015920 11.11 0.14
2458498.3017656 10.99 0.12
2458498.3019392 11.05 0.13
2458498.3021128 10.80 0.10
2458498.3022864 10.94 0.12
2458498.3024600 10.88 0.11
2458498.3026336 10.96 0.12
2458498.3028072 10.92 0.11
2458498.3029809 10.97 0.12
2458498.3031545 11.03 0.13
2458498.3033281 11.05 0.13
2458498.3035017 11.11 0.13
2458498.3036766 10.94 0.12
2458498.3038500 10.81 0.10
2458498.3040235 11.15 0.14
2458498.3041969 10.76 0.10
2458498.3043703 10.90 0.11
2458498.3045438 10.92 0.11
2458498.3047172 11.16 0.14
2458498.3048907 11.15 0.14
2458498.3050642 11.06 0.13
2458498.3052378 11.11 0.14
2458498.3054114 10.89 0.11
2458498.3055850 10.93 0.11
2458498.3057586 11.19 0.14
2458498.3059323 10.94 0.12
2458498.3061059 10.96 0.12
2458498.3062795 11.07 0.13
2458498.3064531 10.69 0.09
2458498.3066267 10.85 0.11
2458498.3069739 10.95 0.12
2458498.3071475 11.01 0.13
2458498.3073211 11.09 0.13
2458498.3074948 10.96 0.12
2458498.3076684 10.90 0.11
2458498.3078420 10.93 0.12
2458498.3080156 10.97 0.12
2458498.3081892 10.90 0.11
2458498.3083628 11.09 0.13
2458498.3085364 11.00 0.12
2458498.3087100 10.94 0.12
2458498.3088836 10.93 0.12
2458498.3092309 10.96 0.12
2458498.3094045 10.82 0.11
2458498.3095781 10.95 0.12
2458498.3097517 10.94 0.12
2458498.3099253 11.01 0.13
2458498.3100989 10.95 0.12
2458498.3102725 10.86 0.11
2458498.3104461 11.15 0.14
2458498.3106197 10.73 0.10
2458498.3107934 11.01 0.13
2458498.3109670 10.82 0.11
2458498.3113142 10.99 0.12
2458498.3114878 11.11 0.14
2458498.3116614 10.83 0.11
2458498.3118350 10.96 0.12
2458498.3120086 11.00 0.13
2458498.3121822 11.07 0.13
2458498.3123559 10.99 0.12
2458498.3125295 10.90 0.11
2458498.3127031 10.94 0.12
2458498.3128767 10.94 0.12
2458498.3130503 10.99 0.12
2458498.3132239 10.85 0.11
2458498.3133975 10.91 0.12
2458498.3135711 11.07 0.13
2458498.3139184 11.07 0.13
2458498.3142656 10.97 0.12
2458498.3144392 11.09 0.14
2458498.3147864 10.79 0.10
2458498.3151336 10.94 0.12
2458498.3153073 11.01 0.13
2458498.3154809 11.10 0.14
2458498.3156558 10.90 0.11
2458498.3158292 11.11 0.14
2458498.3160027 11.01 0.13
2458498.3161761 10.88 0.11
2458498.3163496 10.89 0.11
2458498.3166965 10.96 0.12
2458498.3168699 11.17 0.15
2458498.3170434 11.02 0.13
2458498.3172170 10.95 0.12
2458498.3173906 10.71 0.10
2458498.3175642 10.98 0.12
2458498.3177378 11.03 0.13
2458498.3179114 10.98 0.13
2458498.3180850 10.70 0.10
2458500.2340341 10.82 0.14
2458500.2342077 10.85 0.15
2458500.2355966 10.88 0.15
2458500.2361174 10.78 0.14
2458500.2401105 10.77 0.13
2458500.2402841 10.86 0.14
2458500.2404577 10.83 0.14
2458500.2408049 10.88 0.15
2458500.2413258 10.91 0.15
2458500.2430619 10.76 0.13
2458500.2442772 10.95 0.15
2458500.2449724 10.92 0.15
2458500.2454927 10.78 0.13
2458500.2458397 10.89 0.14
2458500.2468813 11.07 0.17
2458500.2470549 10.94 0.15
2458500.2474022 11.07 0.17
2458500.2475758 10.88 0.14
2458500.2477494 10.89 0.14
2458500.2479230 10.97 0.15
2458500.2486174 11.00 0.15
2458500.2487910 10.96 0.15
2458500.2489647 10.96 0.15
2458500.2498327 10.92 0.14
2458500.2517424 10.98 0.15
2458500.2519160 11.05 0.16
2458500.2524369 11.00 0.15
2458500.2531313 10.87 0.14
2458500.2539994 11.06 0.16
2458500.2545202 10.80 0.13
2458500.2546938 10.78 0.13
2458500.2550411 10.99 0.15
2458500.2560827 10.71 0.12
2458500.2562563 10.94 0.15
2458500.2567781 10.96 0.15
2458500.2571250 11.01 0.16
2458500.2576453 10.91 0.14
2458500.2581660 10.96 0.15
2458500.2585133 10.98 0.15
2458500.2588605 10.87 0.14
2458500.2593813 10.86 0.14
2458500.2605966 10.87 0.14
2458500.2612911 10.91 0.14
2458500.2614647 10.83 0.13
2458500.2618119 11.01 0.15
2458500.2621591 10.93 0.14
2458500.2625063 10.98 0.15
2458500.2626799 10.88 0.13
2458500.2628535 11.02 0.15
2458500.2630272 11.02 0.15
2458500.2632008 10.86 0.13
2458500.2633744 10.96 0.14
2458500.2637216 10.97 0.14
2458500.2638952 10.90 0.13
2458500.2640688 11.11 0.16
2458500.2642424 10.84 0.13
2458500.2645897 10.94 0.14
2458500.2647633 10.92 0.14
2458500.2649369 10.79 0.12
2458500.2656313 10.96 0.14
2458500.2659785 11.02 0.15
2458500.2661522 11.00 0.15
2458500.2663258 11.00 0.15
2458500.2664994 10.90 0.13
2458500.2666730 10.94 0.14
2458500.2668466 10.96 0.14
2458500.2673674 10.72 0.11
2458500.2675410 10.76 0.12
2458500.2677147 10.82 0.13
2458500.2678883 10.93 0.14
2458500.2682355 11.00 0.15
2458500.2684104 10.88 0.13
2458500.2685839 11.09 0.16
2458500.2687573 11.01 0.15
2458500.2689307 10.93 0.14
2458500.2691042 11.14 0.17
2458500.2692776 11.03 0.15
2458500.2694511 11.02 0.15
2458500.2696245 11.03 0.15
2458500.2699716 10.94 0.14
2458500.2703188 10.85 0.13
2458500.2710133 10.92 0.14
2458500.2711869 11.00 0.15
2458500.2713605 11.11 0.16
2458500.2715341 10.96 0.14
2458500.2717077 10.95 0.14
2458500.2722285 10.90 0.13
2458500.2727494 10.87 0.13
2458500.2730966 10.95 0.14
2458500.2732702 10.89 0.13
2458500.2739647 10.79 0.12
2458500.2741383 10.90 0.13
2458500.2751799 10.88 0.13
2458500.2753535 10.83 0.13
2458500.2757008 11.01 0.15
2458500.2758744 11.01 0.15
2458500.2760480 10.85 0.13
2458500.2762216 10.89 0.13
2458500.2767424 11.07 0.15
2458500.2770897 11.01 0.15
2458500.2777841 11.01 0.15
2458500.2779577 11.00 0.15
2458500.2781313 10.87 0.13
2458500.2784786 11.13 0.17
2458500.2789994 11.09 0.16
2458500.2791730 10.69 0.11
2458500.2795202 11.05 0.15
2458500.2796938 10.80 0.12
2458500.2798674 10.87 0.13
2458500.2800410 10.93 0.14
2458500.2802147 11.03 0.15
2458500.2803896 10.92 0.14
2458500.2805631 10.93 0.14
2458500.2807365 11.03 0.15
2458500.2809100 10.91 0.13
2458500.2812568 10.86 0.13
2458500.2814303 10.95 0.14
2458500.2817772 10.98 0.14
2458500.2819508 10.97 0.14
2458500.2821244 10.96 0.14
2458500.2822980 10.94 0.14
2458500.2824716 10.98 0.14
2458500.2829924 10.88 0.13
2458500.2835133 11.01 0.15
2458500.2836869 10.95 0.14
2458500.2842077 10.98 0.14
2458500.2843813 10.67 0.11
2458500.2845549 10.92 0.13
2458500.2847286 10.91 0.13
2458500.2850758 11.01 0.15
2458500.2852494 10.92 0.14
2458500.2855966 11.02 0.15
2458500.2857702 11.02 0.15
2458500.2859438 10.84 0.13
2458500.2861174 10.94 0.14
2458500.2862911 10.86 0.12
2458500.2866383 10.98 0.14
2458500.2868119 11.01 0.15
2458500.2869855 11.07 0.15
2458500.2871591 11.06 0.15
2458500.2875063 11.02 0.15
2458500.2880272 10.87 0.13
2458500.2892424 10.81 0.12
2458500.2894160 10.85 0.13
2458500.2897633 10.98 0.14
2458500.2901105 10.70 0.11
2458500.2902841 10.83 0.12
2458500.2904577 10.97 0.14
2458500.2906313 10.90 0.13
2458500.2908049 10.77 0.11
2458500.2909785 10.90 0.13
2458500.2913258 11.02 0.14
2458500.2914994 10.99 0.14
2458500.2920202 10.97 0.13
2458500.2923688 10.91 0.13
2458500.2925423 10.93 0.13
2458500.2927157 11.00 0.14
2458500.2928892 11.04 0.14
2458500.2930626 10.91 0.12