2458467.3670250 11.01 0.15
2458467.3673723 10.91 0.13
2458467.3678931 10.95 0.14
2458467.3680667 11.08 0.16
2458467.3685875 11.01 0.15
2458467.3694556 11.12 0.16
2458467.3696292 11.08 0.16
2458467.3698028 10.98 0.14
2458467.3704972 10.96 0.14
2458467.3710181 10.95 0.14
2458467.3711917 11.13 0.17
2458467.3736223 10.70 0.11
2458467.3758801 11.00 0.15
2458467.3777889 10.88 0.13
2458467.3779625 10.92 0.14
2458467.3781361 10.90 0.13
2458467.3784834 11.03 0.15
2458467.3788306 11.07 0.16
2458467.3798723 11.02 0.15
2458467.3802195 10.96 0.14
2458467.3803931 10.99 0.15
2458467.3809139 10.84 0.13
2458467.3810875 10.98 0.14
2458467.3812611 10.97 0.15
2458467.3817820 11.05 0.16
2458467.3819556 11.07 0.16
2458467.3826500 10.93 0.14
2458467.3831709 11.11 0.16
2458467.3835181 11.10 0.16
2458467.3836917 11.05 0.16
2458467.3842125 10.98 0.15
2458467.3849070 11.12 0.17
2458467.3852542 11.01 0.15
2458467.3856014 11.13 0.17
2458467.3859486 10.82 0.13
2458467.3861222 11.00 0.15
2458467.3868167 10.91 0.14
2458467.3869903 10.94 0.14
2458467.3871639 10.98 0.15
2458467.3878592 10.79 0.12
2458467.3885530 11.02 0.15
2458467.3889000 10.78 0.12
2458467.3890736 11.05 0.16
2458467.3892473 11.08 0.16
2458467.3901153 10.83 0.13
2458467.3902889 11.06 0.16
2458467.3906361 10.86 0.13
2458467.3909834 10.87 0.13
2458467.3915042 10.98 0.15
2458467.3918514 10.83 0.13
2458467.3920250 10.95 0.14
2458467.3925459 10.79 0.12
2458467.3927195 10.96 0.14
2458467.3934139 11.07 0.16
2458467.3937611 10.97 0.15
2458467.3967125 10.91 0.14
2458467.3979278 10.87 0.13
2458467.3981014 10.89 0.14
2458467.3982750 10.90 0.14
2458467.4000118 11.00 0.15
2458467.4001852 11.02 0.15
2458467.4007056 10.95 0.14
2458467.4015736 11.00 0.15
2458467.4024417 10.92 0.14
2458467.4029625 11.08 0.16
2458467.4031361 10.88 0.14
2458467.4033098 10.94 0.14
2458467.4036570 10.93 0.14
2458467.4040042 11.00 0.15
2458467.4041778 11.08 0.16
2458467.4043514 10.94 0.14
2458467.4046986 10.98 0.15
2458467.4048723 10.92 0.14
2458467.4055667 10.93 0.14
2458467.4076500 10.98 0.15
2458467.4079972 10.70 0.11
2458467.4086917 10.99 0.15
2458467.4088653 10.94 0.14
2458467.4095597 11.17 0.18
2458467.4097334 11.02 0.15
2458467.4109486 11.14 0.17
2458467.4116440 10.93 0.14
2458467.4125112 10.93 0.14
2458467.4126848 10.91 0.14
2458467.4139000 11.01 0.15
2458467.4142473 10.99 0.15
2458467.4149417 10.89 0.14
2458467.4156361 10.94 0.15
2458467.4159834 10.93 0.15
2458467.4163306 10.94 0.15
2458467.4180667 10.94 0.15
2458467.4184139 10.97 0.15
2458467.4189348 10.94 0.15
2458467.4198028 10.90 0.15
2458467.4199764 11.05 0.17
2458469.3667865 11.28 0.14
2458469.3670135 11.09 0.12
2458469.3671871 10.90 0.10
2458469.3673607 11.09 0.12
2458469.3675343 11.04 0.11
2458469.3677079 11.10 0.12
2458469.3678815 11.09 0.12
2458469.3680551 11.16 0.13
2458469.3682287 11.11 0.12
2458469.3684023 11.17 0.13
2458469.3685760 11.22 0.13
2458469.3687496 11.19 0.13
2458469.3690968 11.15 0.13
2458469.3692704 11.01 0.11
2458469.3694440 11.03 0.12
2458469.3697912 11.14 0.13
2458469.3699648 11.15 0.13
2458469.3701384 10.97 0.11
2458469.3703121 11.09 0.12
2458469.3704857 10.84 0.10
2458469.3706593 11.05 0.12
2458469.3708329 11.00 0.11
2458469.3710065 10.99 0.11
2458469.3711801 11.17 0.13
2458469.3713537 11.14 0.13
2458469.3715273 11.08 0.12
2458469.3717009 10.98 0.11
2458469.3718746 11.08 0.12
2458469.3720482 11.04 0.11
2458469.3722218 11.09 0.12
2458469.3723954 10.93 0.10
2458469.3725690 11.00 0.11
2458469.3727426 10.98 0.11
2458469.3729162 10.96 0.11
2458469.3730898 10.95 0.11
2458469.3732635 11.05 0.12
2458469.3734371 11.07 0.12
2458469.3736107 10.98 0.11
2458469.3737843 10.96 0.11
2458469.3739579 11.07 0.12
2458469.3741315 10.94 0.10
2458469.3743051 10.88 0.10
2458469.3744787 11.04 0.12
2458469.3746524 10.89 0.10
2458469.3748260 11.25 0.14
2458469.3749996 11.00 0.11
2458469.3751732 11.24 0.14
2458469.3753468 11.19 0.13
2458469.3755204 10.99 0.11
2458469.3756940 11.09 0.12
2458469.3758676 11.14 0.13
2458469.3760425 10.84 0.10
2458469.3762159 11.10 0.12
2458469.3763894 11.20 0.13
2458469.3765628 11.20 0.13
2458469.3767363 10.94 0.10
2458469.3769097 11.00 0.11
2458469.3770832 11.14 0.12
2458469.3772566 11.18 0.13
2458469.3774301 11.15 0.13
2458469.3776037 10.99 0.11
2458469.3777773 10.97 0.11
2458469.3779510 11.11 0.12
2458469.3781246 11.22 0.14
2458469.3782982 10.85 0.10
2458469.3784718 10.95 0.11
2458469.3786454 10.98 0.11
2458488.3049371 11.12 0.15
2458488.3054579 11.09 0.15
2458488.3056316 11.02 0.14
2458488.3059788 11.02 0.14
2458488.3061524 11.05 0.14
2458488.3066732 11.06 0.14
2458488.3068468 11.07 0.15
2458488.3071941 11.01 0.14
2458488.3075413 10.95 0.13
2458488.3078885 11.15 0.16
2458488.3080621 11.11 0.15
2458488.3089302 10.90 0.13
2458488.3103194 10.86 0.12
2458488.3104929 11.02 0.14
2458488.3108399 11.00 0.14
2458488.3111871 11.04 0.15
2458488.3113607 11.02 0.14
2458488.3115344 10.90 0.13
2458488.3118816 10.98 0.14
2458488.3120552 11.14 0.16
2458488.3122288 11.02 0.15
2458488.3124024 10.98 0.14
2458488.3125760 11.03 0.15
2458488.3127496 10.91 0.13
2458488.3136177 10.93 0.13
2458488.3137913 11.12 0.16
2458488.3146593 10.99 0.14
2458488.3148330 11.21 0.17
2458488.3153538 11.00 0.14
2458488.3157010 11.01 0.15
2458488.3158746 11.09 0.15
2458488.3162218 10.94 0.14
2458488.3177844 11.02 0.15
2458488.3179580 11.08 0.15
2458488.3183052 11.07 0.15
2458488.3188260 10.93 0.14
2458488.3191732 11.10 0.16
2458488.3202149 10.94 0.14
2458488.3216048 11.02 0.15
2458488.3222986 11.05 0.15
2458488.3228191 10.97 0.14
2458488.3229927 11.10 0.16
2458488.3235135 11.00 0.15
2458488.3238607 11.07 0.16
2458488.3242080 10.96 0.14
2458488.3243816 11.12 0.16
2458488.3245552 11.11 0.16
2458488.3266385 10.99 0.14
2458488.3271594 10.97 0.14
2458488.3273330 10.99 0.15
2458488.3280274 11.06 0.15
2458488.3285482 11.01 0.15
2458488.3288955 11.08 0.16
2458488.3294163 11.15 0.17
2458488.3295899 11.08 0.16
2458488.3302843 11.01 0.15
2458488.3304580 11.11 0.16
2458488.3308052 11.11 0.16
2458488.3311524 11.05 0.15
2458488.3313260 10.98 0.15
2458488.3318468 10.89 0.13
2458488.3341043 11.07 0.16
2458488.3353191 11.08 0.16
2458488.3363607 11.11 0.16
2458488.3370552 11.04 0.15
2458488.3386177 10.94 0.14
2458488.3410482 10.85 0.13
2458488.3415691 10.85 0.13
2458488.3422635 10.90 0.14
2458488.3427844 10.96 0.14
2458488.3438260 10.92 0.14
2458488.3445205 10.94 0.14
2458488.3459100 11.02 0.16
2458488.3460834 10.85 0.13
2458488.3483399 11.10 0.17
2458488.3497288 11.07 0.16
2458488.3502496 10.99 0.15
2458488.3504232 11.08 0.16
2458488.3516385 11.03 0.15
2458488.3521594 11.13 0.17
2458488.3523330 11.05 0.16
2458488.3532010 10.96 0.14
2458488.3547635 10.79 0.12
2458488.3552843 11.00 0.15
2458488.3578891 10.95 0.14
2458488.3604927 11.03 0.15
2458488.3634441 11.03 0.15
2458488.3648330 11.03 0.15
2458488.3674371 10.93 0.14
2458488.3676107 10.98 0.15
2458488.3677844 10.97 0.15
2458488.3684788 11.02 0.16
2458488.3691744 10.99 0.15
2458488.3700417 11.10 0.17
2458488.3709093 11.08 0.16
2458488.3728191 11.00 0.15
2458488.3729927 11.01 0.15
2458488.3733399 10.94 0.15
2458488.3735135 10.89 0.14
2458488.3738607 10.94 0.15
2458488.3742080 10.87 0.14
2458493.2521475 11.12 0.15
2458493.2523211 11.01 0.14
2458493.2524947 11.12 0.15
2458493.2530156 11.08 0.15
2458493.2531892 11.01 0.14
2458493.2533628 11.09 0.15
2458493.2535364 11.06 0.14
2458493.2537100 11.00 0.14
2458493.2538836 11.06 0.14
2458493.2540586 11.10 0.15
2458493.2542320 10.95 0.13
2458493.2545789 11.07 0.14
2458493.2549258 11.07 0.14
2458493.2554461 11.04 0.14
2458493.2557934 10.94 0.13
2458493.2559670 10.92 0.13
2458493.2566614 11.13 0.15
2458493.2568350 10.98 0.13
2458493.2570086 10.99 0.13
2458493.2571823 10.83 0.12
2458493.2580503 10.94 0.13
2458493.2582239 10.88 0.12
2458493.2583975 10.96 0.13
2458493.2587447 11.10 0.15
2458493.2594392 10.96 0.13
2458493.2596128 11.04 0.14
2458493.2597864 11.01 0.14
2458493.2599600 11.12 0.15
2458493.2601336 11.07 0.14
2458493.2603072 10.99 0.13
2458493.2606545 11.07 0.14
2458493.2608281 10.91 0.13
2458493.2610017 10.96 0.13
2458493.2613489 11.08 0.15
2458493.2615225 11.03 0.14
2458493.2620434 11.20 0.16
2458493.2622170 10.95 0.13
2458493.2623906 11.10 0.15
2458493.2627378 11.06 0.14
2458493.2629114 10.93 0.13
2458493.2630850 11.23 0.16
2458493.2632586 11.03 0.14
2458493.2634323 11.12 0.15
2458493.2639531 10.98 0.13
2458493.2641267 10.97 0.13
2458493.2643003 11.04 0.14
2458493.2644739 11.12 0.15
2458493.2646475 11.00 0.14
2458493.2649948 11.00 0.13
2458493.2651684 10.85 0.12
2458493.2653420 11.01 0.14
2458493.2655156 10.96 0.13
2458493.2656892 10.90 0.12
2458493.2658628 11.02 0.14
2458493.2660378 11.12 0.15
2458493.2662112 10.90 0.12
2458493.2663847 11.05 0.14
2458493.2667316 10.96 0.13
2458493.2669050 11.25 0.17
2458493.2670784 11.09 0.14
2458493.2674253 11.22 0.16
2458493.2677725 11.11 0.15
2458493.2682934 11.04 0.14
2458493.2684670 11.04 0.14
2458493.2688142 11.03 0.14
2458493.2689878 10.95 0.13
2458493.2691614 10.95 0.13
2458493.2693350 11.04 0.14
2458493.2695086 11.13 0.15
2458493.2698559 11.09 0.14
2458493.2700295 11.12 0.15
2458493.2702031 11.16 0.15
2458493.2703767 11.20 0.16
2458493.2708975 10.93 0.13
2458493.2710711 11.05 0.14
2458493.2712448 11.05 0.14
2458493.2714184 11.09 0.15
2458493.2721128 11.00 0.13
2458493.2724600 10.98 0.13
2458493.2728073 11.14 0.15
2458493.2729809 11.09 0.14
2458493.2733281 11.10 0.15
2458493.2738489 11.09 0.15
2458493.2743697 11.02 0.14
2458493.2745434 10.92 0.13
2458493.2747170 10.99 0.13
2458493.2748906 10.95 0.13
2458493.2752378 10.90 0.12
2458493.2754114 11.08 0.14
2458493.2757586 10.82 0.11
2458493.2759322 11.03 0.14
2458493.2761059 11.12 0.15
2458493.2768003 10.98 0.13
2458493.2783638 11.19 0.16
2458493.2787107 11.12 0.15
2458493.2797517 11.08 0.14
2458493.2800989 11.20 0.16
2458493.2811406 11.15 0.16
2458493.2813142 11.07 0.14
2458493.2820086 11.19 0.16
2458493.2825295 11.00 0.14
2458493.2832239 11.08 0.15
2458493.2839184 11.10 0.15
2458493.2840920 11.06 0.14
2458493.2849600 11.12 0.15
2458493.2853072 11.01 0.14
2458493.2854809 11.05 0.14
2458493.2856545 10.95 0.13
2458493.2863489 11.00 0.14
2458493.2865225 11.12 0.15
2458493.2866961 11.23 0.17
2458493.2870434 11.06 0.14
2458493.2872170 11.03 0.14
2458493.2877378 10.99 0.13
2458493.2884323 11.00 0.13
2458493.2889531 11.13 0.15
2458493.2893003 11.07 0.14
2458493.2903429 10.95 0.13
2458493.2910367 11.10 0.15
2458493.2913836 11.21 0.16
2458493.2917309 11.12 0.15
2458493.2929461 11.30 0.18
2458493.2936406 10.90 0.12
2458493.2941614 11.08 0.14
2458493.2943350 11.16 0.16
2458493.2948559 11.04 0.14
2458493.2950295 10.89 0.12
2458493.2957239 11.10 0.15
2458493.2958975 10.91 0.13
2458493.2960711 10.98 0.13
2458493.2965920 11.08 0.14
2458493.2967656 10.90 0.12
2458493.2971128 10.94 0.13
2458493.2976336 11.08 0.15
2458493.2981545 10.94 0.13
2458493.2983281 11.17 0.16
2458493.2985017 11.01 0.14
2458493.2986753 10.99 0.13
2458493.2995434 11.01 0.14
2458493.3000642 11.09 0.15
2458493.3004114 11.07 0.15
2458493.3007586 10.97 0.13
2458493.3018931 11.19 0.16
2458493.3021591 11.13 0.15
2458493.3025063 11.05 0.14
2458493.3028536 11.04 0.14
2458493.3030272 11.16 0.16
2458493.3032008 11.16 0.16
2458493.3040688 11.10 0.15
2458493.3042424 10.95 0.13
2458493.3044161 11.10 0.15
2458493.3045897 10.92 0.12
2458493.3047633 11.09 0.15
2458493.3049369 11.10 0.15
2458493.3051105 11.11 0.15
2458493.3054577 10.91 0.12
2458493.3056313 11.14 0.15
2458493.3059785 11.13 0.15
2458493.3061522 11.22 0.16
2458493.3064994 11.16 0.16
2458493.3073674 10.95 0.13
2458493.3075410 11.19 0.16
2458493.3077147 11.13 0.15
2458493.3080619 11.03 0.14
2458493.3082355 10.90 0.12
2458493.3084091 11.17 0.16
2458493.3087563 10.99 0.13
2458493.3091036 11.20 0.16
2458493.3092772 11.17 0.16
2458493.3094508 11.13 0.15
2458493.3101452 10.90 0.12
2458493.3103188 11.04 0.14
2458493.3122298 11.09 0.14
2458493.3125767 11.00 0.13
2458493.3129236 10.89 0.12
2458493.3132705 11.12 0.15
2458493.3134439 11.24 0.16
2458493.3137910 11.07 0.14
2458493.3143119 10.90 0.12
2458493.3151799 11.05 0.14
2458493.3153535 11.16 0.15
2458493.3155272 11.08 0.14
2458493.3165688 10.91 0.12
2458493.3167424 11.19 0.16
2458493.3170897 11.10 0.14
2458493.3172633 11.09 0.14
2458493.3177841 11.09 0.14
2458493.3184786 11.03 0.14
2458493.3189994 10.92 0.12
2458493.3193466 11.04 0.14
2458493.3195202 11.02 0.13
2458493.3198674 10.96 0.13
2458493.3210827 11.12 0.15
2458493.3212563 11.04 0.14
2458493.3214299 11.04 0.14
2458493.3219508 11.04 0.14
2458493.3222980 10.90 0.12
2458493.3224716 11.09 0.14
2458493.3226452 11.07 0.14
2458493.3231662 11.02 0.13
2458493.3233397 11.00 0.13
2458493.3238605 10.97 0.13
2458493.3240341 11.07 0.14
2458493.3242090 11.18 0.15
2458493.3247293 11.02 0.13
2458493.3254231 10.98 0.13
2458493.3261174 11.03 0.13
2458493.3262911 11.12 0.15
2458493.3264647 11.08 0.14
2458493.3269855 11.19 0.15
2458493.3271591 11.10 0.14
2458493.3276799 10.99 0.13
2458493.3283744 11.15 0.15
2458493.3290688 10.90 0.12
2458493.3292430 11.07 0.14
2458493.3297633 11.11 0.14
2458493.3301105 10.95 0.12
2458493.3302841 11.07 0.14
2458493.3304577 10.96 0.12
2458493.3311522 11.20 0.16
2458493.3318466 11.03 0.14
2458493.3320202 11.02 0.13
2458493.3327147 11.06 0.14
2458493.3328883 10.99 0.13
2458493.3330619 11.12 0.15
2458493.3332355 11.00 0.13
2458493.3337563 10.94 0.12
2458493.3342772 10.88 0.12
2458493.3353188 11.04 0.14
2458493.3354924 11.02 0.13
2458493.3356661 11.06 0.14
2458493.3367085 10.93 0.12
2458493.3372288 10.99 0.13
2458493.3377494 11.09 0.14
2458493.3380966 11.00 0.13
2458493.3382702 10.91 0.12
2458493.3386174 10.84 0.11
2458493.3391383 11.19 0.16
2458493.3394855 11.08 0.14
2458493.3398327 11.10 0.15
2458493.3400063 10.81 0.11
2458493.3401799 11.00 0.13
2458493.3405272 11.11 0.15
2458493.3407008 11.08 0.14
2458493.3408744 11.13 0.15
2458493.3410480 11.07 0.14
2458493.3412216 11.11 0.15
2458493.3413952 11.12 0.15
2458493.3417424 10.87 0.12
2458493.3420897 11.01 0.13
2458493.3424369 10.96 0.13
2458493.3431313 11.07 0.14
2458493.3433049 11.02 0.14
2458493.3439994 10.93 0.13
2458493.3441730 11.19 0.16
2458493.3443466 11.13 0.15
2458493.3448674 11.10 0.14
2458493.3450410 11.11 0.15
2458493.3452147 11.04 0.14
2458493.3453883 11.24 0.17
2458493.3455619 11.12 0.15
2458493.3459091 10.88 0.12
2458493.3460827 10.99 0.13
2458493.3464299 11.03 0.14
2458493.3466035 11.14 0.15
2458493.3467772 10.99 0.13
2458493.3471244 11.00 0.13
2458493.3472980 11.08 0.14
2458493.3474716 11.14 0.15
2458493.3478188 10.99 0.13
2458493.3479924 10.94 0.13
2458493.3481673 11.09 0.15
2458493.3483408 11.17 0.16
2458493.3485142 11.01 0.14
2458493.3486876 11.20 0.16
2458493.3488611 11.11 0.15
2458493.3492080 10.96 0.13
2458493.3493814 11.17 0.16
2458493.3495549 11.01 0.14
2458493.3499022 11.09 0.14
2458493.3500758 11.11 0.15
2458493.3502494 11.12 0.15
2458493.3504230 11.07 0.14
2458493.3507702 11.00 0.13
2458493.3509438 11.19 0.16
2458493.3511174 10.89 0.12
2458493.3512911 11.06 0.14
2458493.3516383 10.98 0.13
2458493.3518119 11.03 0.14
2458493.3528535 10.89 0.12
2458493.3530272 10.94 0.13
2458493.3532008 10.99 0.13
2458493.3533744 10.85 0.12
2458493.3535480 11.02 0.13
2458493.3538952 11.01 0.13
2458493.3545897 11.04 0.14
2458493.3547633 11.12 0.15
2458493.3549369 11.01 0.13
2458493.3551105 11.13 0.15
2458493.3552841 11.10 0.14
2458493.3554577 11.05 0.14
2458493.3556313 11.11 0.15
2458493.3559786 11.14 0.15
2458493.3561522 11.04 0.14
2458493.3568466 10.99 0.13
2458493.3577147 11.13 0.15
2458493.3580619 11.01 0.13
2458493.3582355 11.06 0.14
2458493.3584091 11.04 0.14
2458493.3585827 11.09 0.14
2458493.3592772 11.08 0.14
2458493.3594508 11.00 0.13
2458493.3596244 11.00 0.13
2458493.3597980 10.98 0.13
2458493.3603199 11.00 0.13
2458493.3610137 11.11 0.15
2458493.3611871 10.92 0.12
2458493.3615341 11.10 0.14
2458493.3617077 10.97 0.13
2458493.3627494 10.93 0.13
2458493.3629230 11.03 0.14
2458493.3630966 11.09 0.14
2458493.3634438 10.99 0.13
2458493.3641383 11.09 0.14
2458493.3643119 11.01 0.13
2458493.3651799 11.08 0.14
2458493.3653536 11.06 0.14
2458493.3655272 10.98 0.13
2458493.3657008 11.11 0.15
2458493.3658744 10.99 0.13
2458493.3660480 11.04 0.14
2458493.3662216 11.05 0.14
2458493.3663952 10.96 0.13
2458493.3665688 10.92 0.12
2458493.3667424 10.95 0.13
2458493.3669161 11.09 0.14
2458493.3670897 11.03 0.14
2458493.3672633 10.99 0.13
2458493.3674369 11.09 0.14
2458493.3676105 11.13 0.15
2458493.3679577 10.93 0.13
2458493.3681313 11.03 0.14
2458493.3683049 10.92 0.12
2458493.3684785 11.16 0.15
2458493.3691730 10.79 0.11
2458493.3693466 11.10 0.15
2458493.3702147 11.02 0.14
2458493.3709091 10.94 0.13
2458493.3712563 11.07 0.14
2458493.3714299 11.05 0.14
2458493.3716036 11.21 0.16
2458493.3719508 11.12 0.15
2458493.3721257 11.09 0.14
2458493.3722991 11.11 0.15
2458493.3724725 11.09 0.14
2458493.3728194 11.07 0.14
2458493.3729928 11.12 0.15
2458493.3731663 11.05 0.14
2458493.3733397 11.21 0.16
2458493.3735133 11.07 0.14
2458493.3736869 11.18 0.16
2458493.3742077 11.13 0.15
2458493.3743813 11.17 0.15
2458493.3745549 11.11 0.15
2458493.3749022 11.14 0.15
2458493.3752494 11.20 0.16
2458493.3754230 11.14 0.15
2458493.3755966 10.90 0.12
2458493.3757702 11.00 0.14
2458493.3759438 11.07 0.14
2458493.3762910 11.29 0.17
2458493.3764647 11.19 0.16
2458493.3769855 11.05 0.14
2458493.3771591 11.05 0.14
2458493.3773327 11.07 0.14
2458493.3775063 11.10 0.15
2458493.3776799 11.14 0.15
2458493.3778535 11.27 0.17
2458493.3780272 11.06 0.14
2458493.3782008 10.86 0.12
2458493.3783744 11.00 0.13
2458493.3785480 11.10 0.15
2458493.3787216 11.02 0.14
2458493.3790688 10.85 0.12
2458493.3795897 10.78 0.11
2458493.3799369 11.11 0.15
2458493.3801105 10.96 0.13
2458493.3802841 10.85 0.12
2458493.3804577 11.08 0.15
2458493.3808049 11.02 0.14
2458493.3809786 11.01 0.14
2458493.3811522 11.04 0.14
2458493.3813258 11.01 0.14
2458493.3814994 11.06 0.14
2458493.3816730 11.01 0.14
2458493.3820202 11.12 0.15
2458493.3823674 11.14 0.16
2458493.3827147 10.88 0.12
2458493.3828883 11.03 0.14
2458493.3830619 10.96 0.13
2458493.3832355 10.99 0.14
2458493.3837563 11.02 0.14
2458493.3839313 10.95 0.13
2458493.3844517 11.00 0.14
2458493.3846251 11.05 0.14
2458493.3854924 10.89 0.13
2458493.3858397 11.04 0.14
2458493.3868813 11.08 0.15
2458493.3870549 10.95 0.13
2458493.3872286 11.00 0.14
2458493.3875758 11.04 0.14
2458493.3877494 11.05 0.14
2458493.3880966 11.05 0.15
2458493.3884438 11.14 0.16
2458493.3886174 10.99 0.14
2458493.3887911 10.96 0.13
2458493.3891383 10.95 0.13
2458493.3894855 10.97 0.14
2458493.3900063 11.01 0.14
2458493.3908744 10.97 0.13
2458493.3912216 11.01 0.14
2458493.3919160 11.11 0.15
2458493.3922633 11.07 0.15
2458493.3924369 11.00 0.14
2458493.3933049 11.02 0.14
2458493.3945202 11.09 0.15
2458493.3946938 11.15 0.16
2458493.3948674 11.12 0.15
2458493.3950411 11.06 0.15
2458493.3952147 11.10 0.15
2458493.3953883 11.06 0.15
2458493.3955619 10.98 0.14
2458493.3957355 11.00 0.14
2458493.3962574 10.80 0.12
2458493.3964308 11.00 0.14
2458493.3966043 10.89 0.13
2458493.3967777 11.02 0.14
2458493.3969511 11.00 0.14
2458493.3971246 11.05 0.15
2458493.3972980 10.89 0.13
2458493.3976452 11.10 0.15
2458493.3978188 11.13 0.16
2458493.3979924 10.96 0.14
2458493.3981661 11.11 0.15
2458493.3985133 11.10 0.15
2458493.3986869 10.97 0.14
2458493.3988605 11.07 0.15
2458493.3990341 10.92 0.13
2458493.3995549 10.99 0.14
2458493.3999022 10.93 0.13
2458493.4000758 11.15 0.16
2458493.4002494 11.10 0.15
2458493.4004230 10.95 0.14
2458493.4005966 11.02 0.14
2458493.4007702 11.15 0.16
2458493.4009438 10.99 0.14
2458493.4011174 11.17 0.17
2458493.4012910 10.90 0.13
2458493.4018119 11.14 0.16
2458493.4021591 11.14 0.16
2458493.4023327 10.96 0.14
2458493.4025063 11.12 0.16
2458493.4026799 10.93 0.13
2458493.4030272 11.11 0.16
2458493.4032008 11.07 0.15
2458493.4033744 10.96 0.14
2458493.4035480 11.01 0.14
2458493.4037216 10.97 0.14
2458493.4038952 10.86 0.12
2458493.4040688 11.00 0.14
2458493.4042424 10.94 0.13
2458493.4045897 11.12 0.16
2458493.4047633 10.94 0.13
2458493.4049369 11.14 0.16
2458493.4058049 11.07 0.15
2458493.4059786 11.07 0.15
2458493.4063258 10.95 0.14
2458493.4064994 11.00 0.14
2458493.4071938 11.06 0.15
2458493.4073674 11.01 0.15
2458493.4075410 11.08 0.15
2458493.4077147 10.98 0.14
2458493.4078896 11.03 0.15
2458493.4080630 11.07 0.15
2458493.4082365 11.05 0.15
2458493.4085833 11.07 0.15
2458493.4087568 11.04 0.15
2458493.4089302 10.94 0.14
2458493.4091037 10.97 0.14
2458493.4094508 11.02 0.15
2458493.4096244 10.92 0.13
2458493.4099716 11.04 0.15
2458493.4101452 11.03 0.15
2458493.4103188 10.89 0.13
2458493.4104924 11.02 0.15
2458493.4108397 11.17 0.17
2458493.4111869 11.19 0.17
2458493.4122286 11.14 0.16
2458493.4125758 10.95 0.14
2458493.4137911 10.97 0.14
2458493.4139647 11.03 0.15
2458493.4141383 10.97 0.14
2458493.4143119 10.93 0.14
2458493.4148327 10.89 0.13
2458495.1762563 10.80 0.17
2458495.1906661 10.77 0.16
2458495.1988258 10.83 0.16
2458495.2114994 10.70 0.15
2458495.2172285 10.81 0.16
2458495.2182702 10.74 0.15
2458495.2203536 10.78 0.15
2458495.2210480 10.80 0.16
2458495.2219161 10.88 0.17
2458495.2269508 10.79 0.16
2458495.2325063 10.78 0.15
2458495.2338952 10.82 0.16
2458495.2347633 10.84 0.16
2458495.2359785 10.81 0.15
2458495.2396244 10.84 0.15
2458495.2458744 10.99 0.18
2458495.2503883 10.66 0.13
2458495.2507355 10.74 0.14
2458495.2529924 10.80 0.15
2458495.2540341 10.84 0.15
2458495.2550769 10.93 0.17
2458495.2568119 10.76 0.14
2458495.2587216 10.91 0.16
2458495.2665341 10.81 0.15
2458495.2680967 10.92 0.16
2458495.2722633 10.83 0.15
2458495.3002147 10.94 0.16
2458495.3031671 10.85 0.15
2458495.3033406 10.87 0.15
2458495.3055966 10.93 0.16
2458495.3062911 11.00 0.17
2458495.3064647 10.97 0.17
2458495.3094160 10.70 0.13
2458495.3111522 10.80 0.14
2458498.1666972 10.93 0.16
2458498.1694739 10.90 0.16
2458498.1703420 10.93 0.16
2458498.1706892 10.90 0.15
2458498.1713836 10.88 0.15
2458498.1727725 10.87 0.15
2458498.1732934 11.06 0.17
2458498.1750295 10.91 0.15
2458498.1764184 10.96 0.15
2458498.1767656 10.95 0.15
2458498.1785029 10.73 0.13
2458498.1847517 10.97 0.15
2458498.1849253 10.98 0.15
2458498.1866614 10.90 0.14
2458498.1868350 10.78 0.13
2458498.1870086 11.10 0.17
2458498.1887448 10.96 0.15
2458498.1889184 11.07 0.16
2458498.1903073 11.00 0.15
2458498.1920434 11.03 0.16
2458498.1925642 10.99 0.15
2458498.1930850 11.01 0.15
2458498.1932586 10.97 0.15
2458498.1936059 10.77 0.12
2458498.1982934 10.93 0.14
2458498.1986406 11.10 0.16
2458498.1993350 10.99 0.14
2458498.1995086 11.10 0.16
2458498.1998559 11.12 0.16
2458498.2002031 11.05 0.15
2458498.2003767 10.95 0.14
2458498.2010711 11.06 0.15
2458498.2021128 10.94 0.14
2458498.2029809 10.94 0.14
2458498.2031545 11.05 0.15
2458498.2033281 10.96 0.14
2458498.2036753 11.02 0.14
2458498.2041961 10.98 0.14
2458498.2045434 11.17 0.17
2458498.2048906 10.78 0.12
2458498.2050642 10.87 0.13
2458498.2057586 11.12 0.16
2458498.2069739 11.09 0.15
2458498.2071475 11.05 0.15
2458498.2074947 11.03 0.14
2458498.2076684 10.94 0.14
2458498.2080169 11.20 0.17
2458498.2085373 10.99 0.14
2458498.2087107 11.06 0.15
2458498.2088841 11.02 0.14
2458498.2095781 11.06 0.15
2458498.2097517 10.91 0.13
2458498.2107934 10.84 0.12
2458498.2116614 10.92 0.13
2458498.2120086 10.90 0.13
2458498.2123559 10.91 0.13
2458498.2130503 11.12 0.16
2458498.2137448 10.95 0.14
2458498.2142656 10.88 0.13
2458498.2151336 10.83 0.12
2458498.2153072 11.09 0.15
2458498.2156545 11.01 0.14
2458498.2158281 11.02 0.14
2458498.2160017 11.13 0.16
2458498.2161753 11.01 0.14
2458498.2163489 10.88 0.12
2458498.2165225 10.97 0.14
2458498.2170434 11.14 0.16
2458498.2172170 10.95 0.13
2458498.2173906 11.02 0.14
2458498.2175642 11.07 0.15
2458498.2177378 10.99 0.14
2458498.2179114 11.07 0.15
2458498.2196475 10.95 0.13
2458498.2201694 11.11 0.15
2458498.2203429 11.13 0.16
2458498.2205163 11.22 0.17
2458498.2206898 10.92 0.13
2458498.2208632 10.93 0.13
2458498.2213836 11.00 0.14
2458498.2219045 11.00 0.14
2458498.2220781 10.88 0.13
2458498.2227725 11.04 0.14
2458498.2231197 11.03 0.14
2458498.2232934 11.06 0.15
2458498.2236406 11.02 0.14
2458498.2238142 11.02 0.14
2458498.2239878 11.06 0.14
2458498.2253767 11.11 0.15
2458498.2262447 11.00 0.13
2458498.2264184 11.11 0.15
2458498.2265920 11.18 0.16
2458498.2267656 11.06 0.14
2458498.2269392 11.16 0.16
2458498.2271128 11.01 0.14
2458498.2272864 11.09 0.15
2458498.2274600 11.08 0.15
2458498.2276336 11.00 0.14
2458498.2281545 11.02 0.14
2458498.2283281 10.86 0.12
2458498.2286753 10.90 0.13
2458498.2288489 11.02 0.14
2458498.2290225 11.06 0.15
2458498.2293698 11.07 0.15
2458498.2295434 10.98 0.13
2458498.2297170 11.08 0.15
2458498.2300642 10.88 0.12
2458498.2302378 11.00 0.14
2458498.2304114 11.04 0.14
2458498.2305850 11.12 0.15
2458498.2307586 11.08 0.15
2458498.2309322 11.03 0.14
2458498.2311059 10.99 0.14
2458498.2316267 11.12 0.15
2458498.2318016 10.91 0.13
2458498.2319750 11.03 0.14
2458498.2324954 10.85 0.12
2458498.2331892 11.06 0.15
2458498.2333628 11.00 0.14
2458498.2335364 10.94 0.13
2458498.2337100 11.06 0.15
2458498.2340572 10.88 0.13
2458498.2342309 11.09 0.15
2458498.2344045 11.09 0.15
2458498.2349253 10.98 0.14
2458498.2352725 11.12 0.16
2458498.2354461 11.04 0.14
2458498.2356198 11.15 0.16
2458498.2357934 11.03 0.14
2458498.2364878 11.05 0.15
2458498.2370086 11.15 0.16
2458498.2371823 11.01 0.14
2458498.2373559 11.02 0.14
2458498.2375295 11.16 0.17
2458498.2378767 11.04 0.15
2458498.2380503 11.08 0.15
2458498.2404809 11.02 0.14
2458498.2411753 11.10 0.16
2458498.2416961 10.94 0.14
2458498.2420434 11.08 0.16
2458498.2425642 10.90 0.13
2458498.2429114 11.05 0.15
2458498.2432586 11.11 0.16
2458498.2434323 10.99 0.14
2458498.2437807 10.76 0.12
2458498.2439541 11.04 0.15
2458498.2448214 11.02 0.14
2458498.2449948 11.02 0.14
2458498.2451684 11.02 0.15
2458498.2458628 10.98 0.14
2458498.2465572 10.97 0.14
2458498.2467309 10.67 0.11
2458498.2477725 11.11 0.16
2458498.2482934 11.09 0.15
2458498.2486406 11.08 0.15
2458498.2496822 10.96 0.14
2458498.2498559 11.04 0.15
2458498.2500295 11.10 0.16
2458498.2502031 11.14 0.16
2458498.2503767 11.12 0.16
2458498.2505503 11.08 0.16
2458498.2507239 11.00 0.15
2458498.2508975 11.10 0.16
2458498.2515920 10.84 0.13
2458498.2524600 10.98 0.14
2458498.2533281 11.00 0.15
2458498.2559332 11.00 0.15
2458498.2574947 11.00 0.15
2458498.2578420 10.97 0.14
2458498.2585364 10.98 0.15
2458498.2588836 11.01 0.15
2458498.2592309 10.93 0.14
2458498.2594045 10.92 0.14
2458498.2607934 10.88 0.13
2458498.2613142 10.98 0.14
2458498.2621822 11.12 0.17
2458498.2627031 11.17 0.15
2458498.2628767 10.86 0.11
2458498.2630503 10.97 0.12
2458498.2632239 10.97 0.12
2458498.2633975 10.94 0.12
2458498.2635711 10.99 0.12
2458498.2637447 11.06 0.13
2458498.2639184 11.11 0.14
2458498.2640920 10.97 0.12
2458498.2642656 11.05 0.13
2458498.2644392 10.93 0.12
2458498.2646128 10.98 0.12
2458498.2649600 10.93 0.13
2458498.2651336 11.02 0.13
2458498.2653072 10.92 0.12
2458498.2656545 11.11 0.14
2458498.2660017 11.03 0.13
2458498.2661753 10.87 0.11
2458498.2665225 11.02 0.13
2458498.2666961 11.00 0.13
2458498.2668698 10.99 0.13
2458498.2673906 11.02 0.13
2458498.2677389 11.02 0.13
2458498.2679124 10.97 0.12
2458498.2680858 11.18 0.15
2458498.2682593 11.04 0.13
2458498.2684327 10.93 0.12
2458498.2686062 11.01 0.13
2458498.2689531 11.06 0.13
2458498.2693003 11.22 0.15
2458498.2694739 11.14 0.14
2458498.2696475 10.90 0.11
2458498.2698211 11.06 0.13
2458498.2699947 11.06 0.13
2458498.2701684 11.11 0.14
2458498.2705156 10.99 0.12
2458498.2706892 10.86 0.11
2458498.2712100 11.01 0.13
2458498.2713836 10.94 0.12
2458498.2717309 11.17 0.15
2458498.2719045 11.16 0.14
2458498.2720781 11.06 0.13
2458498.2722517 11.00 0.12
2458498.2724253 11.30 0.16
2458498.2725989 11.00 0.12
2458498.2727725 10.99 0.12
2458498.2729461 11.28 0.16
2458498.2731197 11.09 0.14
2458498.2732934 11.13 0.14
2458498.2734670 11.02 0.13
2458498.2738142 11.04 0.13
2458498.2739878 11.23 0.15
2458498.2741614 11.02 0.13
2458498.2746823 10.91 0.11
2458498.2748559 10.94 0.12
2458498.2752031 11.08 0.13
2458498.2753767 11.04 0.13
2458498.2755503 11.10 0.14
2458498.2757239 11.01 0.12
2458498.2758975 11.00 0.12
2458498.2760711 11.06 0.13
2458498.2762448 11.10 0.13
2458498.2764184 11.02 0.13
2458498.2765920 11.03 0.13
2458498.2767656 11.15 0.14
2458498.2769392 10.83 0.11
2458498.2771128 10.98 0.12
2458498.2774600 11.07 0.13
2458498.2776336 10.94 0.12
2458498.2779809 10.89 0.11
2458498.2781545 11.18 0.15
2458498.2783281 10.77 0.10
2458498.2785017 11.14 0.14
2458498.2786753 10.83 0.11
2458498.2788489 10.88 0.11
2458498.2790225 11.19 0.15
2458498.2791961 10.98 0.12
2458498.2793697 11.01 0.13
2458498.2795448 11.06 0.13
2458498.2798916 10.87 0.11
2458498.2804120 10.98 0.12
2458498.2805854 10.99 0.13
2458498.2807589 11.03 0.13
2458498.2809323 11.21 0.15
2458498.2811059 11.08 0.14
2458498.2812795 11.08 0.13
2458498.2814531 10.90 0.11
2458498.2816267 10.98 0.12
2458498.2818003 11.01 0.12
2458498.2823211 11.10 0.14
2458498.2824948 11.06 0.13
2458498.2826684 11.03 0.13
2458498.2828420 11.14 0.14
2458498.2830156 10.94 0.12
2458498.2831892 10.92 0.12
2458498.2833628 11.06 0.13
2458498.2835364 11.15 0.14
2458498.2837100 10.88 0.11
2458498.2838836 11.08 0.13
2458498.2840573 11.16 0.14
2458498.2842309 11.15 0.14
2458498.2844045 11.03 0.13
2458498.2845781 11.10 0.14
2458498.2847517 11.12 0.14
2458498.2849253 10.97 0.12
2458498.2850989 10.88 0.11
2458498.2852725 11.06 0.13
2458498.2856197 11.21 0.15
2458498.2857934 11.26 0.16
2458498.2859670 10.90 0.12
2458498.2861406 11.11 0.14
2458498.2863142 11.14 0.14
2458498.2864878 11.18 0.15
2458498.2866614 10.92 0.12
2458498.2868350 11.02 0.13
2458498.2870086 11.00 0.13
2458498.2871822 11.08 0.14
2458498.2873559 11.26 0.16
2458498.2875295 11.06 0.13
2458498.2877031 11.06 0.13
2458498.2878767 11.04 0.13
2458498.2880503 10.99 0.13
2458498.2882239 11.15 0.14
2458498.2885711 11.21 0.16
2458498.2887447 10.78 0.10
2458498.2889184 11.20 0.15
2458498.2890920 11.08 0.14
2458498.2892656 11.00 0.12
2458498.2894392 11.03 0.13
2458498.2896128 11.07 0.14
2458498.2897864 10.96 0.12
2458498.2899600 10.89 0.11
2458498.2901336 10.98 0.12
2458498.2904809 11.09 0.14
2458498.2906545 11.12 0.14
2458498.2908281 10.95 0.12
2458498.2910017 10.87 0.11
2458498.2911753 11.14 0.14
2458498.2913489 10.96 0.12
2458498.2916974 10.91 0.12
2458498.2918708 11.06 0.14
2458498.2922177 10.88 0.11
2458498.2923912 11.03 0.13
2458498.2925646 11.07 0.14
2458498.2927381 11.11 0.14
2458498.2929115 11.04 0.13
2458498.2930850 11.06 0.13
2458498.2932586 11.07 0.14
2458498.2934322 10.86 0.11
2458498.2936059 11.25 0.16
2458498.2939531 11.05 0.13
2458498.2941267 11.00 0.13
2458498.2943003 10.85 0.12
2458498.2944739 11.04 0.15
2458498.2949947 10.86 0.11
2458498.2953420 11.04 0.13
2458498.2956892 11.01 0.13
2458498.2958628 10.93 0.12
2458498.2962100 10.71 0.10
2458498.2963836 10.79 0.11
2458498.2965572 11.05 0.13
2458498.2969045 11.05 0.13
2458498.2970781 11.21 0.15
2458498.2972517 11.24 0.16
2458498.2974253 10.83 0.11
2458498.2975989 11.04 0.13
2458498.2979461 10.95 0.12
2458498.2981198 11.13 0.14
2458498.2982934 11.18 0.15
2458498.2986406 10.99 0.13
2458498.2988142 11.16 0.15
2458498.2989878 11.19 0.15
2458498.2991614 10.90 0.12
2458498.2993350 10.93 0.12
2458498.2995086 11.12 0.14
2458498.3000295 11.09 0.14
2458498.3002031 10.77 0.11
2458498.3003767 11.16 0.15
2458498.3005503 11.07 0.14
2458498.3008975 11.03 0.13
2458498.3010711 11.16 0.15
2458498.3012447 10.91 0.12
2458498.3014184 10.82 0.11
2458498.3015920 10.90 0.12
2458498.3017656 10.99 0.13
2458498.3019392 11.03 0.13
2458498.3021128 11.19 0.15
2458498.3022864 10.92 0.12
2458498.3024600 11.00 0.13
2458498.3026336 11.04 0.13
2458498.3028072 10.92 0.12
2458498.3029809 11.25 0.16
2458498.3031545 11.00 0.13
2458498.3038500 11.18 0.15
2458498.3040235 11.17 0.15
2458498.3041969 11.12 0.14
2458498.3045438 11.05 0.13
2458498.3047172 11.06 0.13
2458498.3048907 11.07 0.14
2458498.3052378 11.08 0.14
2458498.3054114 11.17 0.15
2458498.3055850 10.80 0.11
2458498.3057586 11.18 0.15
2458498.3061059 11.12 0.14
2458498.3066267 11.16 0.15
2458498.3071475 11.05 0.14
2458498.3073211 11.10 0.14
2458498.3076684 11.19 0.15
2458498.3078420 10.93 0.12
2458498.3081892 11.12 0.14
2458498.3083628 11.01 0.13
2458498.3087100 11.08 0.14
2458498.3090572 11.04 0.14
2458498.3094045 11.07 0.14
2458498.3095781 10.95 0.12
2458498.3100989 11.22 0.16
2458498.3102725 10.99 0.13
2458498.3106197 11.06 0.14
2458498.3109670 10.96 0.13
2458498.3111406 11.04 0.13
2458498.3118350 10.98 0.13
2458498.3120086 11.11 0.14
2458498.3121822 11.31 0.17
2458498.3123559 10.89 0.12
2458498.3125295 11.03 0.13
2458498.3127031 11.05 0.14
2458498.3128767 11.13 0.15
2458498.3133975 11.06 0.14
2458498.3135711 11.16 0.15
2458498.3140920 11.08 0.14
2458498.3144392 11.13 0.15
2458498.3146128 11.11 0.14
2458498.3147864 11.12 0.15
2458498.3149600 11.13 0.14
2458498.3151336 11.08 0.14
2458498.3154809 10.96 0.12
2458498.3156558 11.06 0.14
2458498.3158292 11.09 0.14
2458498.3166965 11.19 0.16
2458498.3170434 11.07 0.14
2458498.3173906 11.03 0.13
2458498.3175642 11.03 0.13
2458498.3177378 11.29 0.17
2458498.3179114 11.26 0.16
2458498.3180850 10.93 0.12
2458500.2413258 10.87 0.15
2458500.2421938 10.75 0.13
2458500.2425410 10.91 0.15
2458500.2434091 10.73 0.13
2458500.2439299 10.86 0.15
2458500.2442772 10.96 0.16
2458500.2447989 10.89 0.15
2458500.2451458 10.82 0.14
2458500.2468813 10.86 0.14
2458500.2510480 10.99 0.16
2458500.2520897 11.02 0.16
2458500.2526105 10.75 0.13
2458500.2536522 10.93 0.15
2458500.2541730 10.96 0.15
2458500.2543466 11.04 0.17
2458500.2550411 10.80 0.13
2458500.2562563 10.85 0.14
2458500.2571250 10.81 0.14
2458500.2574719 10.90 0.15
2458500.2576453 10.95 0.15
2458500.2585133 11.02 0.16
2458500.2597285 10.92 0.15
2458500.2600758 10.91 0.14
2458500.2605966 10.94 0.15
2458500.2609438 11.01 0.16
2458500.2614647 10.94 0.15
2458500.2623327 10.87 0.14
2458500.2628535 10.97 0.15
2458500.2635480 10.86 0.14
2458500.2637216 10.99 0.15
2458500.2642424 10.93 0.14
2458500.2644160 10.99 0.15
2458500.2645897 10.89 0.14
2458500.2671938 10.97 0.15
2458500.2685839 11.01 0.15
2458500.2727494 11.09 0.17
2458500.2736174 10.97 0.15
2458500.2746591 11.10 0.17
2458500.2753535 11.09 0.16
2458500.2755272 10.93 0.14
2458500.2757008 11.07 0.16
2458500.2769161 11.01 0.15
2458500.2772633 10.95 0.14
2458500.2774369 11.02 0.15
2458500.2776105 10.91 0.14
2458500.2779577 10.82 0.13
2458500.2786522 11.03 0.16
2458500.2788258 10.95 0.14
2458500.2789994 10.96 0.15
2458500.2791730 11.19 0.18
2458500.2793466 11.09 0.16
2458500.2798674 10.85 0.13
2458500.2802147 11.02 0.15
2458500.2829924 10.90 0.14
2458500.2835133 10.92 0.14
2458500.2855966 10.94 0.14
2458500.2862911 10.95 0.14
2458500.2864647 10.72 0.12
2458500.2878535 11.00 0.15
2458500.2883744 10.89 0.13
2458500.2890688 10.95 0.14
2458500.2892424 10.87 0.13
2458500.2895897 10.99 0.15
2458500.2901105 11.01 0.15
2458500.2911522 10.97 0.14
2458500.2913258 10.89 0.13
2458500.2918466 10.91 0.13