2458467.3673723 11.13 0.16
2458467.3682403 11.20 0.17
2458467.3687611 11.01 0.15
2458467.3694556 11.00 0.14
2458467.3696292 10.93 0.14
2458467.3701500 11.08 0.16
2458467.3703236 11.09 0.16
2458467.3706709 10.91 0.13
2458467.3713653 11.17 0.17
2458467.3729278 10.98 0.15
2458467.3732750 10.92 0.14
2458467.3746639 11.00 0.15
2458467.3765739 10.99 0.15
2458467.3774417 10.96 0.14
2458467.3783097 10.91 0.14
2458467.3784834 11.10 0.16
2458467.3793514 10.91 0.14
2458467.3798723 11.01 0.15
2458467.3800459 10.97 0.15
2458467.3816084 10.96 0.14
2458467.3826500 10.94 0.14
2458467.3838653 11.00 0.15
2458467.3842125 10.98 0.15
2458467.3854278 10.95 0.14
2458467.3857750 10.98 0.15
2458467.3868167 11.11 0.17
2458467.3869903 10.95 0.14
2458467.3871639 11.03 0.15
2458467.3876858 11.00 0.15
2458467.3883795 10.89 0.14
2458467.3887264 11.02 0.15
2458467.3889000 11.00 0.15
2458467.3899417 11.07 0.16
2458467.3953236 11.02 0.15
2458467.3961917 11.05 0.16
2458467.3989695 11.08 0.16
2458467.3993180 11.05 0.16
2458467.3996649 10.97 0.15
2458467.4014000 10.89 0.14
2458467.4020945 11.07 0.16
2458467.4038306 10.90 0.14
2458467.4043514 11.04 0.16
2458467.4050459 11.01 0.15
2458467.4052195 11.02 0.15
2458467.4097334 11.04 0.16
2458467.4106014 10.94 0.14
2458467.4107750 11.04 0.16
2458467.4111236 11.13 0.17
2458467.4158097 11.01 0.16
2458467.4161570 11.08 0.17
2458467.4163306 10.96 0.15
2458467.4180667 10.97 0.15
2458467.4184139 10.84 0.13
2458467.4185875 11.00 0.16
2458467.4192820 10.94 0.15
2458469.3667865 11.06 0.11
2458469.3670135 11.06 0.11
2458469.3671871 11.19 0.13
2458469.3673607 11.16 0.13
2458469.3675343 10.96 0.10
2458469.3677079 11.13 0.12
2458469.3678815 11.02 0.11
2458469.3682287 11.06 0.12
2458469.3684023 11.19 0.13
2458469.3685760 10.88 0.10
2458469.3687496 11.13 0.12
2458469.3689232 11.09 0.12
2458469.3692704 11.02 0.11
2458469.3694440 11.15 0.13
2458469.3696176 11.24 0.14
2458469.3699648 11.11 0.12
2458469.3701384 11.12 0.12
2458469.3703121 11.20 0.13
2458469.3706593 11.07 0.12
2458469.3708329 11.27 0.14
2458469.3710065 11.18 0.13
2458469.3711801 11.29 0.14
2458469.3713537 10.97 0.11
2458469.3715273 11.16 0.12
2458469.3717009 11.08 0.12
2458469.3718746 10.98 0.11
2458469.3720482 11.02 0.11
2458469.3722218 11.13 0.12
2458469.3723954 11.23 0.13
2458469.3725690 10.94 0.10
2458469.3727426 11.22 0.13
2458469.3729162 11.17 0.13
2458469.3730898 11.07 0.12
2458469.3732635 11.02 0.11
2458469.3734371 10.98 0.11
2458469.3736107 11.11 0.12
2458469.3737843 11.04 0.11
2458469.3739579 11.07 0.12
2458469.3741315 11.16 0.13
2458469.3743051 11.38 0.15
2458469.3744787 11.04 0.11
2458469.3746524 11.26 0.14
2458469.3748260 11.35 0.15
2458469.3749996 10.88 0.10
2458469.3751732 11.35 0.15
2458469.3753468 11.25 0.14
2458469.3755204 11.16 0.13
2458469.3756940 11.26 0.14
2458469.3760425 11.15 0.13
2458469.3762159 11.16 0.13
2458469.3763894 11.17 0.13
2458469.3765628 11.09 0.12
2458469.3767363 11.00 0.11
2458469.3769097 11.31 0.14
2458469.3770832 11.06 0.11
2458469.3772566 11.09 0.12
2458469.3774301 11.30 0.14
2458469.3776037 11.17 0.13
2458469.3777773 11.12 0.12
2458469.3779510 11.19 0.13
2458469.3781246 11.15 0.12
2458469.3782982 11.00 0.11
2458469.3784718 11.06 0.11
2458469.3786454 11.17 0.13
2458488.3044163 10.97 0.13
2458488.3047635 11.00 0.14
2458488.3056316 11.22 0.17
2458488.3058052 11.24 0.17
2458488.3059788 10.88 0.12
2458488.3061524 11.09 0.15
2458488.3064996 11.11 0.15
2458488.3066732 10.96 0.13
2458488.3068468 11.05 0.14
2458488.3070205 10.98 0.14
2458488.3071941 10.94 0.13
2458488.3073677 11.14 0.16
2458488.3077149 10.93 0.13
2458488.3078885 11.12 0.15
2458488.3080621 11.04 0.14
2458488.3082357 10.85 0.12
2458488.3085830 11.12 0.15
2458488.3087566 10.93 0.13
2458488.3089302 10.97 0.13
2458488.3096257 10.99 0.14
2458488.3097991 11.03 0.14
2458488.3099726 10.97 0.14
2458488.3103194 10.94 0.13
2458488.3104929 11.15 0.16
2458488.3110135 11.16 0.16
2458488.3111871 11.00 0.14
2458488.3120552 11.13 0.16
2458488.3122288 11.18 0.16
2458488.3125760 11.08 0.15
2458488.3127496 11.10 0.15
2458488.3129232 10.99 0.14
2458488.3130969 10.99 0.14
2458488.3134441 11.11 0.15
2458488.3136177 11.05 0.15
2458488.3137913 11.05 0.15
2458488.3139649 11.14 0.16
2458488.3148330 11.10 0.15
2458488.3151802 11.00 0.14
2458488.3153538 11.09 0.15
2458488.3158746 11.07 0.15
2458488.3163955 11.01 0.14
2458488.3165691 11.08 0.15
2458488.3177844 10.99 0.14
2458488.3183052 11.08 0.15
2458488.3188260 11.10 0.15
2458488.3189996 10.91 0.13
2458488.3191732 11.15 0.17
2458488.3193469 10.95 0.14
2458488.3195205 10.93 0.14
2458488.3207357 11.01 0.14
2458488.3209094 10.96 0.14
2458488.3217783 11.04 0.15
2458488.3221252 10.96 0.14
2458488.3224720 10.96 0.14
2458488.3231663 10.97 0.14
2458488.3235135 11.19 0.17
2458488.3236871 10.96 0.14
2458488.3242080 11.00 0.14
2458488.3249024 11.01 0.15
2458488.3250760 11.01 0.15
2458488.3255969 11.08 0.16
2458488.3259441 11.12 0.16
2458488.3261177 10.99 0.14
2458488.3262913 11.12 0.16
2458488.3264649 11.07 0.16
2458488.3268121 10.98 0.14
2458488.3273330 10.73 0.12
2458488.3275066 11.04 0.15
2458488.3278538 10.97 0.14
2458488.3285482 11.02 0.15
2458488.3287218 11.02 0.15
2458488.3290691 11.05 0.15
2458488.3292427 10.97 0.14
2458488.3299371 11.06 0.16
2458488.3306316 10.96 0.14
2458488.3308052 11.11 0.16
2458488.3309788 11.07 0.16
2458488.3311524 11.07 0.15
2458488.3314996 11.10 0.16
2458488.3316732 10.90 0.13
2458488.3321941 10.93 0.14
2458488.3325413 10.89 0.13
2458488.3328885 10.98 0.14
2458488.3335839 11.00 0.15
2458488.3339308 10.73 0.11
2458488.3342777 10.93 0.14
2458488.3347982 10.90 0.14
2458488.3353191 10.97 0.14
2458488.3354927 11.08 0.16
2458488.3361871 11.13 0.17
2458488.3363607 11.03 0.15
2458488.3382705 11.08 0.16
2458488.3387913 10.83 0.13
2458488.3393121 10.77 0.12
2458488.3396593 10.88 0.14
2458488.3398330 10.99 0.15
2458488.3405274 10.78 0.12
2458488.3412219 10.85 0.13
2458488.3417427 11.07 0.16
2458488.3420899 11.07 0.16
2458488.3422635 10.89 0.13
2458488.3426107 11.00 0.15
2458488.3427844 10.90 0.14
2458488.3431316 11.06 0.16
2458488.3433052 10.80 0.13
2458488.3434788 10.93 0.14
2458488.3436524 10.93 0.14
2458488.3438260 11.04 0.16
2458488.3439996 10.92 0.14
2458488.3441732 10.91 0.14
2458488.3446941 11.05 0.16
2458488.3448677 10.98 0.15
2458488.3450413 10.97 0.15
2458488.3452162 11.04 0.16
2458488.3455631 10.98 0.15
2458488.3459100 11.04 0.16
2458488.3467774 10.88 0.14
2458488.3478191 10.93 0.14
2458488.3479927 10.95 0.14
2458488.3481663 10.95 0.14
2458488.3488607 11.10 0.16
2458488.3490344 10.82 0.13
2458488.3492080 10.85 0.13
2458488.3497288 11.02 0.15
2458488.3499024 11.05 0.15
2458488.3507705 10.95 0.14
2458488.3512913 10.97 0.14
2458488.3516385 10.92 0.14
2458488.3521594 10.99 0.15
2458488.3523330 10.90 0.14
2458488.3526802 10.96 0.14
2458488.3535482 10.89 0.13
2458488.3542427 11.01 0.15
2458488.3544163 10.95 0.14
2458488.3545899 10.93 0.14
2458488.3549371 11.07 0.16
2458488.3551107 10.91 0.14
2458488.3552843 10.83 0.13
2458488.3554580 10.85 0.13
2458488.3568469 11.01 0.15
2458488.3571953 10.93 0.14
2458488.3582360 10.71 0.11
2458488.3587566 10.88 0.13
2458488.3594510 11.07 0.16
2458488.3596246 10.91 0.14
2458488.3597982 10.89 0.14
2458488.3599718 10.95 0.14
2458488.3604927 10.91 0.14
2458488.3608399 10.90 0.14
2458488.3615343 10.95 0.14
2458488.3617080 10.90 0.14
2458488.3618816 10.97 0.15
2458488.3620552 10.83 0.13
2458488.3624024 10.98 0.15
2458488.3625760 11.00 0.15
2458488.3627496 11.00 0.15
2458488.3637913 10.99 0.15
2458488.3643121 10.83 0.13
2458488.3644857 10.92 0.14
2458488.3655274 10.79 0.13
2458488.3662219 11.07 0.16
2458488.3665691 10.96 0.15
2458488.3667427 11.01 0.15
2458488.3669163 11.08 0.16
2458488.3674371 11.06 0.16
2458488.3677844 10.83 0.13
2458488.3679580 10.98 0.15
2458488.3688260 11.03 0.16
2458488.3696948 10.82 0.13
2458488.3698682 11.03 0.16
2458488.3702150 10.99 0.15
2458488.3703885 10.89 0.14
2458488.3707357 10.80 0.13
2458488.3710830 10.96 0.15
2458488.3716038 10.87 0.14
2458488.3719510 10.98 0.15
2458488.3721246 10.92 0.14
2458488.3722982 10.89 0.14
2458488.3726455 10.99 0.15
2458488.3731663 10.92 0.14
2458488.3736871 11.07 0.16
2458488.3740343 10.98 0.15
2458493.2519739 11.13 0.15
2458493.2521475 11.08 0.14
2458493.2523211 11.16 0.16
2458493.2526684 11.12 0.15
2458493.2531892 11.12 0.15
2458493.2533628 11.26 0.17
2458493.2535364 10.91 0.12
2458493.2538836 11.15 0.15
2458493.2540586 10.91 0.12
2458493.2542320 11.08 0.14
2458493.2544055 11.13 0.15
2458493.2545789 11.20 0.16
2458493.2547524 11.18 0.16
2458493.2549258 10.99 0.13
2458493.2550993 10.95 0.13
2458493.2552727 11.14 0.15
2458493.2554461 11.13 0.15
2458493.2561406 11.19 0.16
2458493.2575295 11.07 0.14
2458493.2577031 11.10 0.15
2458493.2580503 11.08 0.14
2458493.2582239 11.15 0.15
2458493.2585711 11.09 0.15
2458493.2590920 10.98 0.13
2458493.2597864 11.08 0.14
2458493.2608281 11.07 0.14
2458493.2610017 10.96 0.13
2458493.2618697 11.00 0.13
2458493.2620434 11.04 0.14
2458493.2627378 10.90 0.12
2458493.2629114 10.91 0.12
2458493.2634323 10.92 0.12
2458493.2641267 11.10 0.14
2458493.2644739 11.04 0.14
2458493.2646475 10.87 0.12
2458493.2648211 11.16 0.15
2458493.2653420 11.24 0.16
2458493.2655156 10.88 0.12
2458493.2656892 11.14 0.15
2458493.2660378 11.19 0.16
2458493.2665581 10.87 0.12
2458493.2669050 11.05 0.14
2458493.2670784 11.08 0.14
2458493.2672519 10.95 0.13
2458493.2674253 11.11 0.15
2458493.2677725 11.16 0.15
2458493.2679461 11.02 0.13
2458493.2681197 10.95 0.13
2458493.2682934 11.00 0.13
2458493.2686406 11.01 0.13
2458493.2688142 11.10 0.15
2458493.2689878 10.99 0.13
2458493.2691614 11.19 0.16
2458493.2693350 10.92 0.12
2458493.2698559 11.00 0.13
2458493.2700295 11.16 0.15
2458493.2702031 10.95 0.13
2458493.2707239 11.05 0.14
2458493.2708975 11.18 0.16
2458493.2710711 11.28 0.17
2458493.2712448 11.16 0.15
2458493.2714184 11.10 0.14
2458493.2715920 11.20 0.16
2458493.2717656 11.01 0.13
2458493.2719392 11.11 0.15
2458493.2722864 11.07 0.14
2458493.2731545 10.98 0.13
2458493.2733281 11.14 0.15
2458493.2735017 10.96 0.13
2458493.2736753 11.16 0.15
2458493.2745434 11.09 0.14
2458493.2747170 11.14 0.15
2458493.2752378 11.10 0.14
2458493.2755850 10.97 0.13
2458493.2757586 11.22 0.16
2458493.2762795 11.03 0.13
2458493.2764531 11.13 0.15
2458493.2768003 11.04 0.14
2458493.2771475 11.07 0.14
2458493.2773211 10.88 0.12
2458493.2774947 10.97 0.13
2458493.2781904 11.06 0.14
2458493.2795781 11.12 0.15
2458493.2797517 11.06 0.14
2458493.2799253 11.07 0.14
2458493.2807934 11.14 0.15
2458493.2809670 10.93 0.12
2458493.2811406 11.05 0.14
2458493.2818350 11.14 0.15
2458493.2820086 11.04 0.14
2458493.2823559 11.12 0.15
2458493.2825295 11.24 0.17
2458493.2828767 11.08 0.14
2458493.2832239 11.17 0.15
2458493.2835711 11.11 0.15
2458493.2837447 11.18 0.16
2458493.2840920 10.99 0.13
2458493.2842656 11.14 0.15
2458493.2844392 10.95 0.13
2458493.2846128 11.18 0.16
2458493.2847864 10.95 0.13
2458493.2849600 11.07 0.14
2458493.2853072 11.06 0.14
2458493.2854809 11.13 0.15
2458493.2856545 10.97 0.13
2458493.2858281 11.07 0.14
2458493.2860017 11.02 0.13
2458493.2861753 11.17 0.15
2458493.2863489 11.12 0.15
2458493.2870434 11.01 0.13
2458493.2872170 11.08 0.14
2458493.2875642 11.09 0.14
2458493.2882586 11.08 0.14
2458493.2891267 11.16 0.15
2458493.2898211 11.06 0.14
2458493.2903429 11.21 0.16
2458493.2905164 10.91 0.12
2458493.2915572 11.16 0.15
2458493.2919045 11.02 0.13
2458493.2920781 11.06 0.14
2458493.2922517 11.10 0.14
2458493.2924253 11.08 0.14
2458493.2925989 11.10 0.15
2458493.2929461 11.04 0.14
2458493.2932934 11.17 0.15
2458493.2939878 10.96 0.13
2458493.2943350 11.05 0.14
2458493.2946823 11.05 0.14
2458493.2950295 11.04 0.14
2458493.2957239 11.09 0.14
2458493.2962448 11.06 0.14
2458493.2964184 10.85 0.12
2458493.2971128 10.93 0.13
2458493.2972864 11.14 0.15
2458493.2978072 10.93 0.13
2458493.2983281 11.07 0.14
2458493.2986753 11.01 0.13
2458493.2993697 11.01 0.14
2458493.2995434 11.22 0.16
2458493.2997170 11.06 0.14
2458493.3002378 11.21 0.16
2458493.3004114 11.21 0.16
2458493.3005850 10.99 0.13
2458493.3026799 10.90 0.12
2458493.3037216 11.19 0.16
2458493.3038952 10.99 0.13
2458493.3040688 11.11 0.15
2458493.3042424 11.06 0.14
2458493.3045897 11.06 0.14
2458493.3049369 11.09 0.14
2458493.3051105 11.12 0.15
2458493.3052841 11.04 0.14
2458493.3059785 11.15 0.15
2458493.3061522 11.21 0.16
2458493.3063258 11.08 0.14
2458493.3066730 11.19 0.16
2458493.3070202 11.22 0.16
2458493.3071938 11.10 0.14
2458493.3078883 11.14 0.15
2458493.3080619 11.24 0.16
2458493.3085827 10.96 0.13
2458493.3089299 10.89 0.12
2458493.3097980 10.92 0.12
2458493.3104924 11.02 0.13
2458493.3108397 11.10 0.14
2458493.3113605 11.00 0.13
2458493.3115341 11.03 0.14
2458493.3117077 11.17 0.15
2458493.3120549 11.25 0.16
2458493.3124033 11.12 0.15
2458493.3125767 11.16 0.15
2458493.3130971 11.08 0.14
2458493.3132705 11.02 0.13
2458493.3134439 11.12 0.15
2458493.3136174 11.12 0.15
2458493.3137910 11.03 0.13
2458493.3143119 10.95 0.12
2458493.3160480 11.03 0.13
2458493.3162216 11.15 0.15
2458493.3167424 11.14 0.15
2458493.3169161 11.14 0.15
2458493.3172633 11.00 0.13
2458493.3181313 11.10 0.14
2458493.3183049 11.16 0.15
2458493.3196938 11.12 0.14
2458493.3200411 11.00 0.13
2458493.3203883 11.07 0.14
2458493.3207355 10.98 0.13
2458493.3209091 10.96 0.13
2458493.3210827 11.21 0.16
2458493.3212563 11.07 0.14
2458493.3214299 10.93 0.12
2458493.3216035 11.24 0.16
2458493.3221244 10.97 0.13
2458493.3224716 11.26 0.16
2458493.3226452 11.07 0.14
2458493.3228188 11.17 0.15
2458493.3229924 11.07 0.14
2458493.3231662 11.15 0.15
2458493.3236869 10.99 0.13
2458493.3238605 11.05 0.14
2458493.3240341 11.12 0.14
2458493.3243824 10.92 0.12
2458493.3245559 11.11 0.14
2458493.3247293 11.15 0.15
2458493.3249028 11.15 0.15
2458493.3252497 11.27 0.17
2458493.3254231 11.13 0.15
2458493.3261174 11.21 0.16
2458493.3262911 11.04 0.13
2458493.3268119 11.13 0.15
2458493.3275063 11.04 0.13
2458493.3276799 11.13 0.15
2458493.3280272 11.19 0.15
2458493.3282008 11.14 0.14
2458493.3283744 11.06 0.13
2458493.3285480 11.26 0.16
2458493.3287216 11.15 0.15
2458493.3292430 11.13 0.14
2458493.3297633 11.18 0.15
2458493.3299369 11.26 0.16
2458493.3301105 11.03 0.13
2458493.3302841 10.92 0.12
2458493.3304577 10.93 0.12
2458493.3306313 11.07 0.14
2458493.3308049 11.01 0.13
2458493.3311522 11.19 0.15
2458493.3313258 11.10 0.14
2458493.3314994 11.16 0.15
2458493.3318466 11.04 0.13
2458493.3321938 11.04 0.13
2458493.3330619 10.94 0.12
2458493.3334091 10.97 0.13
2458493.3339299 10.96 0.13
2458493.3341036 11.07 0.14
2458493.3346244 11.06 0.14
2458493.3347980 11.20 0.16
2458493.3349716 11.09 0.14
2458493.3354924 11.10 0.14
2458493.3356661 11.18 0.15
2458493.3365351 11.06 0.14
2458493.3367085 10.93 0.12
2458493.3370554 11.07 0.14
2458493.3374023 10.89 0.12
2458493.3375758 11.16 0.15
2458493.3377494 11.04 0.14
2458493.3379230 11.12 0.15
2458493.3389647 10.95 0.13
2458493.3398327 11.16 0.15
2458493.3400063 11.31 0.17
2458493.3403536 11.04 0.14
2458493.3410480 11.14 0.15
2458493.3417424 10.93 0.12
2458493.3422633 11.09 0.14
2458493.3429577 11.18 0.15
2458493.3433049 11.08 0.14
2458493.3436522 11.05 0.14
2458493.3446938 10.93 0.12
2458493.3453883 11.21 0.16
2458493.3457355 11.01 0.13
2458493.3459091 11.21 0.16
2458493.3464299 10.97 0.13
2458493.3469508 11.01 0.13
2458493.3474716 11.12 0.15
2458493.3476452 11.18 0.15
2458493.3483408 11.05 0.14
2458493.3485142 11.07 0.14
2458493.3486876 11.05 0.14
2458493.3490345 10.94 0.12
2458493.3495549 11.13 0.15
2458493.3504230 11.09 0.14
2458493.3507702 11.23 0.16
2458493.3518119 11.20 0.16
2458493.3519855 11.07 0.14
2458493.3521591 11.12 0.15
2458493.3523327 11.16 0.15
2458493.3525063 11.21 0.16
2458493.3526799 11.30 0.17
2458493.3528535 11.00 0.13
2458493.3530272 11.11 0.14
2458493.3533744 11.18 0.15
2458493.3538952 11.18 0.15
2458493.3545897 11.06 0.14
2458493.3549369 11.16 0.15
2458493.3556313 10.91 0.12
2458493.3558049 11.18 0.15
2458493.3561522 11.15 0.15
2458493.3563258 10.96 0.13
2458493.3570202 11.07 0.14
2458493.3577147 11.13 0.15
2458493.3578883 11.08 0.14
2458493.3580619 11.03 0.13
2458493.3584091 11.00 0.13
2458493.3591036 11.19 0.15
2458493.3592772 11.00 0.13
2458493.3594508 11.19 0.16
2458493.3596244 11.17 0.15
2458493.3597980 11.08 0.14
2458493.3601465 11.12 0.15
2458493.3603199 11.16 0.15
2458493.3610137 11.11 0.14
2458493.3611871 11.09 0.14
2458493.3615341 11.02 0.13
2458493.3617077 10.99 0.13
2458493.3622285 11.11 0.15
2458493.3624022 11.02 0.13
2458493.3629230 11.13 0.15
2458493.3639647 11.17 0.15
2458493.3643119 10.93 0.12
2458493.3644855 10.99 0.13
2458493.3648327 10.98 0.13
2458493.3650063 11.02 0.13
2458493.3653536 11.03 0.13
2458493.3655272 10.96 0.13
2458493.3658744 11.08 0.14
2458493.3670897 10.92 0.12
2458493.3672633 10.98 0.13
2458493.3674369 11.07 0.14
2458493.3677841 11.04 0.14
2458493.3684785 11.00 0.13
2458493.3686522 11.03 0.14
2458493.3689994 11.01 0.13
2458493.3695202 10.96 0.13
2458493.3696938 11.01 0.13
2458493.3703883 11.02 0.13
2458493.3705619 11.07 0.14
2458493.3709091 11.03 0.14
2458493.3716036 11.11 0.15
2458493.3719508 11.00 0.13
2458493.3721257 10.88 0.12
2458493.3724725 11.11 0.15
2458493.3729928 11.21 0.16
2458493.3731663 11.11 0.15
2458493.3733397 11.03 0.14
2458493.3736869 10.94 0.13
2458493.3742077 11.17 0.15
2458493.3743813 10.96 0.13
2458493.3745549 10.91 0.12
2458493.3747286 11.18 0.15
2458493.3749022 11.09 0.14
2458493.3750758 11.17 0.15
2458493.3752494 10.97 0.13
2458493.3754230 11.06 0.14
2458493.3755966 11.14 0.15
2458493.3757702 11.08 0.14
2458493.3761174 11.19 0.16
2458493.3762910 10.96 0.13
2458493.3766383 11.20 0.16
2458493.3768119 10.89 0.12
2458493.3769855 11.05 0.14
2458493.3771591 10.93 0.12
2458493.3773327 11.03 0.14
2458493.3775063 11.17 0.16
2458493.3776799 11.17 0.16
2458493.3778535 11.04 0.14
2458493.3783744 11.21 0.16
2458493.3785480 11.10 0.15
2458493.3794161 11.03 0.14
2458493.3795897 11.14 0.15
2458493.3797633 10.93 0.13
2458493.3804577 11.21 0.16
2458493.3809786 10.98 0.13
2458493.3811522 11.11 0.15
2458493.3814994 11.26 0.17
2458493.3816730 10.89 0.12
2458493.3818466 11.09 0.15
2458493.3820202 11.07 0.14
2458493.3821938 11.13 0.15
2458493.3823674 11.17 0.16
2458493.3825411 10.97 0.13
2458493.3828883 11.08 0.15
2458493.3830619 11.11 0.15
2458493.3832355 11.08 0.15
2458493.3834091 10.84 0.12
2458493.3835827 11.03 0.14
2458493.3837563 10.92 0.13
2458493.3846251 11.05 0.14
2458493.3849720 10.95 0.13
2458493.3854924 11.07 0.15
2458493.3858397 11.03 0.14
2458493.3870549 11.05 0.14
2458493.3879230 11.00 0.14
2458493.3880966 11.12 0.15
2458493.3884438 11.08 0.15
2458493.3887911 11.11 0.15
2458493.3889647 11.14 0.15
2458493.3907008 10.99 0.14
2458493.3913952 11.16 0.16
2458493.3929577 11.00 0.14
2458493.3931313 11.11 0.15
2458493.3945202 11.10 0.15
2458493.3960839 10.96 0.13
2458493.3985133 11.12 0.15
2458493.4007702 10.92 0.13
2458493.4016383 10.99 0.14
2458493.4019855 11.11 0.15
2458493.4023327 11.03 0.14
2458493.4026799 11.09 0.15
2458493.4032008 10.93 0.13
2458493.4040688 11.07 0.15
2458493.4047633 11.06 0.15
2458493.4051105 11.03 0.15
2458493.4059786 11.23 0.17
2458493.4078896 10.85 0.13
2458493.4085833 11.08 0.15
2458493.4115341 11.06 0.15
2458493.4117077 11.10 0.16
2458493.4127494 10.90 0.13
2458493.4130966 11.02 0.15
2458493.4132702 11.02 0.15
2458493.4146591 11.01 0.15
2458493.4148327 10.99 0.14
2458493.4157008 10.96 0.14
2458494.3446475 10.27 0.16
2458494.3453420 10.38 0.15
2458494.3456892 10.44 0.14
2458494.3462100 10.79 0.16
2458494.3467309 10.44 0.11
2458494.3470781 10.79 0.15
2458494.3474253 10.63 0.13
2458494.3479462 10.84 0.16
2458494.3481197 10.73 0.14
2458494.3486406 10.73 0.14
2458494.3493350 10.73 0.14
2458494.3498559 10.80 0.15
2458494.3503767 10.69 0.14
2458494.3508975 10.65 0.13
2458494.3529809 10.62 0.13
2458494.3535031 10.79 0.15
2458494.3536765 10.80 0.16
2458494.3548906 10.64 0.14
2458494.3552378 10.71 0.16
2458494.3559322 10.58 0.15
2458494.3562795 10.58 0.16
2458494.3574947 10.55 0.16
2458494.3576684 10.57 0.16
2458494.3592309 10.44 0.15
2458494.3620086 10.25 0.14
2458495.1972633 10.81 0.16
2458495.1976105 10.83 0.16
2458495.2120202 10.89 0.17
2458495.2170549 10.87 0.16
2458495.2186174 10.79 0.15
2458495.2224369 10.73 0.14
2458495.2300758 10.74 0.14
2458495.2304230 10.88 0.16
2458495.2354577 10.94 0.17
2458495.2377147 10.87 0.16
2458495.2399716 10.85 0.15
2458495.2425758 10.86 0.15
2458495.2427508 10.93 0.17
2458495.2457008 10.75 0.14
2458495.2458744 10.77 0.14
2458495.2467424 10.83 0.15
2458495.2469160 10.84 0.15
2458495.2486522 10.86 0.15
2458495.2531661 10.95 0.17
2458495.2566383 11.01 0.17
2458495.2590688 10.96 0.16
2458495.2601105 10.81 0.14
2458495.2604577 10.86 0.15
2458495.2611522 10.93 0.16
2458495.2613258 10.86 0.15
2458495.2658397 10.93 0.16
2458495.2705272 10.85 0.15
2458495.2722633 10.96 0.16
2458495.2741730 10.83 0.15
2458495.2767772 10.85 0.15
2458495.2771244 11.01 0.17
2458495.2785133 10.83 0.14
2458495.2828536 10.92 0.15
2458495.2840688 10.87 0.15
2458495.2915348 10.95 0.16
2458495.2960480 10.83 0.14
2458495.2965688 10.85 0.14
2458495.2972633 10.98 0.16
2458495.3031671 10.98 0.16
2458495.3047286 10.93 0.16
2458495.3076799 10.86 0.15
2458498.1710364 11.01 0.16
2458498.1729461 10.99 0.16
2458498.1732934 10.92 0.15
2458498.1750295 10.95 0.15
2458498.1752031 11.10 0.17
2458498.1757239 10.99 0.16
2458498.1760711 10.96 0.15
2458498.1762447 11.02 0.16
2458498.1767656 10.97 0.15
2458498.1779809 10.86 0.13
2458498.1781545 11.00 0.15
2458498.1788498 10.99 0.16
2458498.1805850 11.00 0.15
2458498.1807586 10.99 0.15
2458498.1809323 10.98 0.15
2458498.1835364 10.88 0.14
2458498.1840572 10.94 0.14
2458498.1854461 11.11 0.17
2458498.1856197 10.98 0.15
2458498.1857934 11.03 0.16
2458498.1871822 10.98 0.15
2458498.1882974 11.05 0.16
2458498.1894392 10.86 0.13
2458498.1916961 11.04 0.15
2458498.1918697 10.94 0.14
2458498.1932586 10.98 0.14
2458498.1941267 11.11 0.16
2458498.1943003 11.05 0.15
2458498.1948211 10.98 0.14
2458498.1951684 10.83 0.13
2458498.1955156 10.94 0.14
2458498.1962112 10.99 0.14
2458498.1972519 10.96 0.14
2458498.1977725 10.89 0.13
2458498.1979461 11.01 0.14
2458498.1993350 11.12 0.16
2458498.1995086 11.04 0.14
2458498.1996822 11.05 0.14
2458498.2000295 11.13 0.16
2458498.2005503 11.10 0.15
2458498.2010711 10.95 0.14
2458498.2012447 10.99 0.14
2458498.2015920 11.00 0.14
2458498.2019392 10.94 0.13
2458498.2022864 11.00 0.14
2458498.2029809 11.19 0.17
2458498.2031545 11.05 0.15
2458498.2033281 11.06 0.15
2458498.2035017 11.16 0.16
2458498.2036753 11.01 0.14
2458498.2043698 11.09 0.15
2458498.2048906 11.09 0.15
2458498.2050642 10.94 0.13
2458498.2052378 11.15 0.16
2458498.2055850 11.13 0.15
2458498.2059323 11.02 0.14
2458498.2061059 11.14 0.16
2458498.2068003 10.98 0.14
2458498.2069739 11.07 0.15
2458498.2071475 10.75 0.11
2458498.2073211 11.01 0.14
2458498.2076684 11.11 0.15
2458498.2080169 10.97 0.13
2458498.2081904 10.86 0.12
2458498.2087107 11.08 0.15
2458498.2088841 11.05 0.14
2458498.2092310 11.11 0.15
2458498.2094045 11.10 0.15
2458498.2095781 10.93 0.13
2458498.2099253 11.08 0.15
2458498.2100989 11.00 0.14
2458498.2102725 11.06 0.14
2458498.2106197 11.05 0.14
2458498.2114878 11.09 0.15
2458498.2120086 10.92 0.13
2458498.2127031 11.07 0.15
2458498.2128767 10.95 0.13
2458498.2130503 10.97 0.13
2458498.2132239 11.06 0.15
2458498.2137448 10.99 0.14
2458498.2139184 11.12 0.15
2458498.2140920 10.99 0.14
2458498.2142656 11.04 0.14
2458498.2144392 10.98 0.13
2458498.2146128 10.99 0.13
2458498.2147864 10.98 0.13
2458498.2151336 10.95 0.13
2458498.2153072 10.95 0.13
2458498.2154809 11.02 0.14
2458498.2158281 11.01 0.14
2458498.2160017 11.09 0.15
2458498.2161753 11.00 0.14
2458498.2163489 11.02 0.14
2458498.2166961 10.84 0.12
2458498.2168697 10.91 0.13
2458498.2170434 10.96 0.13
2458498.2173906 11.02 0.14
2458498.2175642 11.12 0.15
2458498.2177378 11.05 0.14
2458498.2179114 10.87 0.12
2458498.2180850 11.00 0.13
2458498.2186059 11.04 0.14
2458498.2187795 10.98 0.13
2458498.2189531 10.97 0.13
2458498.2191267 11.05 0.14
2458498.2193003 10.89 0.12
2458498.2196475 10.88 0.12
2458498.2205163 11.00 0.13
2458498.2206898 10.98 0.13
2458498.2208632 11.16 0.15
2458498.2212101 11.11 0.15
2458498.2213836 11.10 0.15
2458498.2217309 11.05 0.14
2458498.2219045 11.03 0.14
2458498.2220781 10.94 0.13
2458498.2222517 10.88 0.12
2458498.2225989 11.08 0.15
2458498.2227725 11.00 0.13
2458498.2229461 10.98 0.13
2458498.2232934 11.10 0.15
2458498.2234670 10.99 0.13
2458498.2236406 11.03 0.14
2458498.2238142 10.93 0.12
2458498.2239878 10.91 0.12
2458498.2241614 11.10 0.14
2458498.2243350 11.09 0.14
2458498.2245086 11.07 0.14
2458498.2246822 11.12 0.14
2458498.2248559 11.11 0.14
2458498.2255503 10.85 0.12
2458498.2257239 11.10 0.15
2458498.2258975 10.88 0.12
2458498.2262447 10.87 0.12
2458498.2264184 11.11 0.14
2458498.2269392 11.03 0.14
2458498.2271128 11.04 0.14
2458498.2272864 10.87 0.12
2458498.2274600 11.03 0.14
2458498.2276336 11.01 0.13
2458498.2278073 10.85 0.12
2458498.2279809 10.99 0.13
2458498.2281545 11.15 0.15
2458498.2285017 10.97 0.13
2458498.2286753 10.89 0.12
2458498.2291961 11.03 0.14
2458498.2295434 11.04 0.14
2458498.2297170 11.00 0.13
2458498.2300642 10.88 0.12
2458498.2302378 11.13 0.15
2458498.2305850 11.01 0.14
2458498.2307586 11.01 0.14
2458498.2309322 10.98 0.13
2458498.2311059 11.05 0.14
2458498.2312795 11.17 0.16
2458498.2319750 11.21 0.16
2458498.2321485 10.95 0.13
2458498.2324954 11.10 0.15
2458498.2326688 10.99 0.14
2458498.2328422 10.94 0.13
2458498.2331892 10.98 0.14
2458498.2333628 11.01 0.14
2458498.2338836 10.90 0.13
2458498.2340572 10.94 0.13
2458498.2342309 11.00 0.14
2458498.2345781 11.05 0.14
2458498.2347517 11.08 0.15
2458498.2349253 11.08 0.15
2458498.2350989 10.88 0.12
2458498.2354461 10.92 0.13
2458498.2361406 11.01 0.14
2458498.2363142 11.21 0.16
2458498.2364878 10.93 0.13
2458498.2366614 11.07 0.14
2458498.2370086 10.89 0.12
2458498.2373559 11.03 0.14
2458498.2375295 11.06 0.15
2458498.2377031 11.14 0.16
2458498.2378767 10.94 0.13
2458498.2382239 10.86 0.12
2458498.2385711 10.84 0.12
2458498.2399600 11.00 0.14
2458498.2401336 11.04 0.14
2458498.2406545 11.05 0.15
2458498.2411753 10.80 0.12
2458498.2416961 10.98 0.14
2458498.2420434 10.83 0.12
2458498.2422170 10.78 0.12
2458498.2429114 11.06 0.15
2458498.2432586 11.09 0.15
2458498.2434323 11.15 0.16
2458498.2441276 10.87 0.12
2458498.2446479 11.07 0.15
2458498.2448214 11.10 0.15
2458498.2453420 11.04 0.14
2458498.2455156 10.95 0.13
2458498.2456892 11.05 0.15
2458498.2458628 11.00 0.14
2458498.2460364 10.95 0.14
2458498.2462100 11.00 0.14
2458498.2463836 10.95 0.14
2458498.2465572 11.10 0.16
2458498.2472517 11.05 0.15
2458498.2477725 11.01 0.14
2458498.2481197 10.97 0.14
2458498.2482934 11.10 0.15
2458498.2484670 11.04 0.14
2458498.2488142 10.98 0.14
2458498.2491614 11.02 0.14
2458498.2493350 10.97 0.14
2458498.2495086 11.17 0.16
2458498.2496822 11.13 0.16
2458498.2498559 11.10 0.15
2458498.2502031 11.01 0.14
2458498.2503767 11.23 0.17
2458498.2508975 11.17 0.17
2458498.2512448 11.10 0.16
2458498.2515920 11.04 0.15
2458498.2522864 10.96 0.14
2458498.2533281 11.10 0.16
2458498.2535017 11.07 0.15
2458498.2543697 10.99 0.15
2458498.2554114 11.09 0.16
2458498.2574947 11.05 0.15
2458498.2583628 10.87 0.13
2458498.2606198 10.98 0.14
2458498.2607934 10.99 0.14
2458498.2620086 11.11 0.16
2458498.2627031 11.15 0.14
2458498.2628767 11.14 0.14
2458498.2630503 11.23 0.15
2458498.2632239 11.23 0.15
2458498.2635711 11.13 0.14
2458498.2637447 11.06 0.13
2458498.2642656 11.23 0.15
2458498.2644392 11.30 0.16
2458498.2646128 11.10 0.13
2458498.2647864 11.13 0.14
2458498.2651336 11.13 0.14
2458498.2653072 11.11 0.14
2458498.2654809 11.32 0.17
2458498.2661753 11.13 0.14
2458498.2663489 11.23 0.15
2458498.2665225 11.08 0.13
2458498.2666961 11.17 0.14
2458498.2670434 11.03 0.13
2458498.2672170 11.10 0.14
2458498.2673906 11.00 0.13
2458498.2675655 11.07 0.13
2458498.2677389 11.23 0.15
2458498.2679124 11.15 0.14
2458498.2682593 10.97 0.12
2458498.2684327 11.13 0.14
2458498.2686062 11.07 0.13
2458498.2694739 11.19 0.14
2458498.2698211 11.19 0.14
2458498.2699947 11.26 0.15
2458498.2705156 11.17 0.14
2458498.2710364 11.06 0.13
2458498.2713836 11.05 0.13
2458498.2720781 11.20 0.15
2458498.2722517 11.21 0.15
2458498.2724253 11.03 0.12
2458498.2725989 11.08 0.13
2458498.2727725 11.14 0.14
2458498.2731197 11.08 0.13
2458498.2732934 11.34 0.16
2458498.2734670 11.20 0.14
2458498.2736406 11.03 0.12
2458498.2738142 11.11 0.13
2458498.2745086 11.04 0.12
2458498.2752031 11.10 0.13
2458498.2753767 11.10 0.13
2458498.2755503 11.28 0.15
2458498.2757239 11.11 0.13
2458498.2758975 10.95 0.11
2458498.2760711 11.16 0.14
2458498.2762448 11.13 0.13
2458498.2764184 11.17 0.14
2458498.2767656 11.09 0.13
2458498.2772864 11.00 0.12
2458498.2774600 11.10 0.13
2458498.2778072 11.15 0.14
2458498.2779809 11.09 0.13
2458498.2781545 11.04 0.12
2458498.2785017 10.98 0.12
2458498.2786753 11.19 0.14
2458498.2788489 11.10 0.13
2458498.2790225 11.22 0.15
2458498.2795448 11.09 0.13
2458498.2798916 11.17 0.14
2458498.2800651 10.98 0.12
2458498.2802385 11.30 0.16
2458498.2804120 11.11 0.13
2458498.2805854 11.09 0.13
2458498.2811059 11.04 0.13
2458498.2812795 11.17 0.14
2458498.2814531 11.10 0.13
2458498.2818003 11.21 0.15
2458498.2821475 11.17 0.14
2458498.2823211 11.16 0.14
2458498.2828420 11.14 0.14
2458498.2830156 11.09 0.13
2458498.2833628 11.07 0.13
2458498.2835364 11.02 0.12
2458498.2837100 11.05 0.13
2458498.2840573 11.08 0.13
2458498.2842309 11.04 0.13
2458498.2845781 11.20 0.14
2458498.2847517 11.12 0.14
2458498.2850989 11.12 0.14
2458498.2852725 11.09 0.13
2458498.2861406 10.98 0.12
2458498.2864878 11.15 0.14
2458498.2870086 11.30 0.16
2458498.2873559 11.13 0.14
2458498.2875295 11.09 0.14
2458498.2877031 11.02 0.13
2458498.2878767 11.17 0.14
2458498.2880503 11.23 0.15
2458498.2882239 11.03 0.13
2458498.2885711 11.20 0.15
2458498.2887447 10.99 0.12
2458498.2890920 11.09 0.13
2458498.2892656 11.35 0.17
2458498.2896128 11.01 0.12
2458498.2899600 11.05 0.13
2458498.2901336 11.08 0.13
2458498.2903073 11.26 0.16
2458498.2904809 11.26 0.15
2458498.2906545 11.21 0.15
2458498.2908281 11.14 0.14
2458498.2911753 11.13 0.14
2458498.2915239 11.11 0.14
2458498.2916974 11.12 0.14
2458498.2918708 11.02 0.13
2458498.2920443 11.11 0.14
2458498.2923912 11.27 0.16
2458498.2927381 11.03 0.13
2458498.2930850 11.21 0.15
2458498.2932586 11.03 0.13
2458498.2934322 11.24 0.15
2458498.2936059 11.06 0.13
2458498.2937795 11.09 0.14
2458498.2939531 11.16 0.14
2458498.2941267 11.11 0.14
2458498.2943003 11.21 0.15
2458498.2944739 11.22 0.16
2458498.2953420 11.15 0.14
2458498.2958628 11.13 0.14
2458498.2963836 11.01 0.13
2458498.2965572 11.11 0.14
2458498.2969045 11.25 0.15
2458498.2970781 11.09 0.13
2458498.2972517 11.06 0.13
2458498.2974253 10.98 0.12
2458498.2975989 11.30 0.16
2458498.2977725 11.17 0.14
2458498.2981198 11.01 0.13
2458498.2982934 11.17 0.15
2458498.2986406 11.10 0.14
2458498.2988142 11.05 0.13
2458498.2991614 11.10 0.14
2458498.2998559 11.16 0.15
2458498.3005503 11.06 0.13
2458498.3007239 11.10 0.14
2458498.3008975 11.13 0.14
2458498.3019392 10.97 0.12
2458498.3021128 10.95 0.12
2458498.3022864 11.07 0.13
2458498.3026336 11.20 0.15
2458498.3028072 11.07 0.13
2458498.3029809 11.07 0.13
2458498.3031545 10.93 0.12
2458498.3033281 11.01 0.13
2458498.3035017 10.98 0.12
2458498.3036766 11.11 0.14
2458498.3043703 11.36 0.17
2458498.3045438 11.23 0.15
2458498.3047172 11.06 0.13
2458498.3048907 11.24 0.15
2458498.3050642 11.22 0.15
2458498.3052378 11.15 0.14
2458498.3054114 11.23 0.15
2458498.3055850 11.12 0.14
2458498.3057586 11.17 0.14
2458498.3059323 11.14 0.14
2458498.3061059 11.25 0.16
2458498.3066267 11.02 0.13
2458498.3068003 11.24 0.16
2458498.3069739 11.05 0.13
2458498.3071475 11.04 0.13
2458498.3074948 11.22 0.15
2458498.3076684 11.17 0.15
2458498.3078420 11.11 0.14
2458498.3081892 11.13 0.14
2458498.3083628 11.18 0.15
2458498.3088836 11.20 0.15
2458498.3090572 11.21 0.15
2458498.3092309 11.19 0.15
2458498.3095781 11.24 0.16
2458498.3099253 11.23 0.16
2458498.3100989 11.17 0.15
2458498.3102725 11.31 0.17
2458498.3104461 11.23 0.16
2458498.3106197 11.13 0.14
2458498.3107934 11.12 0.14
2458498.3109670 11.03 0.13
2458498.3120086 11.16 0.15
2458498.3128767 11.12 0.14
2458498.3132239 11.09 0.14
2458498.3133975 11.08 0.14
2458498.3144392 11.20 0.15
2458498.3149600 11.29 0.16
2458498.3151336 11.17 0.15
2458498.3153073 11.13 0.14
2458498.3154809 11.05 0.13
2458498.3158292 11.09 0.14
2458498.3173906 11.16 0.15
2458498.3179114 11.10 0.14
2458498.3180850 11.18 0.15
2458500.2359438 10.79 0.14
2458500.2382008 10.89 0.15
2458500.2413258 10.90 0.15
2458500.2418466 10.82 0.14
2458500.2474022 11.02 0.16
2458500.2479230 10.94 0.15
2458500.2480966 11.05 0.16
2458500.2500063 10.96 0.15
2458500.2512216 10.91 0.14
2458500.2526105 10.98 0.15
2458500.2534786 10.99 0.15
2458500.2541730 10.99 0.15
2458500.2543466 10.91 0.14
2458500.2553883 10.83 0.13
2458500.2557355 10.80 0.13
2458500.2559091 10.98 0.15
2458500.2566046 10.88 0.14
2458500.2567781 10.85 0.14
2458500.2569515 10.74 0.12
2458500.2572984 10.89 0.14
2458500.2583397 10.99 0.15
2458500.2593813 10.99 0.15
2458500.2602494 10.91 0.14
2458500.2605966 11.06 0.16
2458500.2609438 10.99 0.15
2458500.2616383 10.89 0.14
2458500.2618119 10.94 0.14
2458500.2621591 11.00 0.15
2458500.2623327 10.94 0.14
2458500.2628535 10.89 0.14
2458500.2638952 10.97 0.15
2458500.2640688 10.74 0.12
2458500.2644160 10.95 0.14
2458500.2656313 10.99 0.15
2458500.2661522 10.92 0.14
2458500.2664994 11.06 0.15
2458500.2666730 11.06 0.16
2458500.2670202 11.06 0.16
2458500.2671938 10.78 0.12
2458500.2675410 10.85 0.13
2458500.2684104 11.07 0.16
2458500.2685839 10.97 0.14
2458500.2696245 10.98 0.14
2458500.2697980 10.80 0.12
2458500.2704924 11.01 0.15
2458500.2706661 10.93 0.14
2458500.2708397 10.79 0.12
2458500.2710133 10.94 0.14
2458500.2711869 10.93 0.14
2458500.2713605 11.01 0.15
2458500.2718813 10.99 0.15
2458500.2727494 10.98 0.14
2458500.2730966 10.95 0.14
2458500.2734438 11.07 0.16
2458500.2748327 10.86 0.13
2458500.2753535 11.02 0.15
2458500.2757008 10.92 0.14
2458500.2762216 10.96 0.14
2458500.2763952 10.91 0.13
2458500.2770897 11.02 0.15
2458500.2772633 10.93 0.14
2458500.2774369 10.74 0.12
2458500.2783049 10.89 0.14
2458500.2786522 11.02 0.15
2458500.2788258 11.05 0.16
2458500.2793466 11.00 0.15
2458500.2796938 10.82 0.12
2458500.2800410 11.06 0.15
2458500.2805631 10.99 0.15
2458500.2810834 11.05 0.15
2458500.2812568 11.13 0.17
2458500.2816037 11.11 0.16
2458500.2821244 10.89 0.13
2458500.2826452 10.99 0.14
2458500.2828188 11.14 0.17
2458500.2829924 11.07 0.16
2458500.2831660 10.98 0.14
2458500.2833397 10.95 0.14
2458500.2835133 10.94 0.14
2458500.2843813 11.01 0.15
2458500.2845549 11.08 0.16
2458500.2847286 11.15 0.17
2458500.2850758 11.06 0.15
2458500.2852494 10.97 0.14
2458500.2854230 11.04 0.15
2458500.2864647 10.87 0.13
2458500.2866383 10.86 0.13
2458500.2871591 11.12 0.16
2458500.2875063 10.91 0.14
2458500.2878535 11.01 0.15
2458500.2880272 10.96 0.14
2458500.2885480 11.00 0.15
2458500.2887216 11.04 0.15
2458500.2888952 10.98 0.14
2458500.2890688 11.10 0.16
2458500.2895897 10.80 0.12
2458500.2901105 10.97 0.14
2458500.2904577 11.06 0.15
2458500.2906313 10.91 0.13
2458500.2909785 10.93 0.13
2458500.2913258 11.09 0.15
2458500.2921938 11.00 0.14
2458500.2923688 11.03 0.14
2458500.2928892 10.83 0.12
2458500.2932360 11.01 0.14