2458467.3699764 8.46 0.01
2458467.3715389 8.50 0.01
2458467.3772681 8.51 0.02
2458467.3972334 8.51 0.02
2458467.4041778 8.54 0.02
2458467.4043514 8.52 0.02
2458467.4053931 8.48 0.02
2458467.4079972 8.52 0.02
2458467.4109486 8.53 0.02
2458467.4137264 8.51 0.02
2458493.2521475 8.52 0.01
2458493.2523211 8.54 0.01
2458493.2524947 8.50 0.01
2458493.2526684 8.54 0.01
2458493.2528420 8.50 0.01
2458493.2530156 8.50 0.01
2458493.2535364 8.52 0.01
2458493.2540586 8.57 0.01
2458493.2545789 8.50 0.01
2458493.2549258 8.52 0.01
2458493.2552727 8.51 0.01
2458493.2556198 8.53 0.01
2458493.2561406 8.53 0.01
2458493.2563142 8.51 0.01
2458493.2564878 8.54 0.01
2458493.2566614 8.54 0.01
2458493.2568350 8.50 0.01
2458493.2571823 8.53 0.01
2458493.2573559 8.54 0.01
2458493.2577031 8.50 0.01
2458493.2578767 8.52 0.01
2458493.2587447 8.51 0.01
2458493.2589184 8.54 0.01
2458493.2594392 8.51 0.01
2458493.2596128 8.49 0.01
2458493.2597864 8.52 0.01
2458493.2601336 8.50 0.01
2458493.2603072 8.47 0.01
2458493.2604809 8.48 0.01
2458493.2606545 8.55 0.01
2458493.2611753 8.52 0.01
2458493.2616961 8.51 0.01
2458493.2618697 8.51 0.01
2458493.2623906 8.54 0.01
2458493.2625642 8.53 0.01
2458493.2627378 8.54 0.01
2458493.2629114 8.50 0.01
2458493.2632586 8.53 0.01
2458493.2639531 8.51 0.01
2458493.2641267 8.50 0.01
2458493.2643003 8.52 0.01
2458493.2646475 8.53 0.01
2458493.2649948 8.51 0.01
2458493.2651684 8.52 0.01
2458493.2655156 8.49 0.01
2458493.2656892 8.50 0.01
2458493.2658628 8.50 0.01
2458493.2662112 8.50 0.01
2458493.2663847 8.49 0.01
2458493.2665581 8.49 0.01
2458493.2672519 8.53 0.01
2458493.2674253 8.50 0.01
2458493.2679461 8.50 0.01
2458493.2682934 8.51 0.01
2458493.2684670 8.48 0.01
2458493.2688142 8.51 0.01
2458493.2689878 8.51 0.01
2458493.2691614 8.53 0.01
2458493.2700295 8.53 0.01
2458493.2705503 8.56 0.01
2458493.2707239 8.50 0.01
2458493.2708975 8.51 0.01
2458493.2712448 8.52 0.01
2458493.2717656 8.51 0.01
2458493.2721128 8.53 0.01
2458493.2722864 8.50 0.01
2458493.2726336 8.51 0.01
2458493.2731545 8.50 0.01
2458493.2738489 8.52 0.01
2458493.2740225 8.52 0.01
2458493.2743697 8.52 0.01
2458493.2745434 8.50 0.01
2458493.2747170 8.52 0.01
2458493.2748906 8.49 0.01
2458493.2755850 8.50 0.01
2458493.2757586 8.53 0.01
2458493.2759322 8.50 0.01
2458493.2761059 8.49 0.01
2458493.2762795 8.51 0.01
2458493.2768003 8.54 0.01
2458493.2769739 8.52 0.01
2458493.2771475 8.51 0.01
2458493.2778420 8.51 0.01
2458493.2780169 8.48 0.01
2458493.2783638 8.49 0.01
2458493.2787107 8.52 0.01
2458493.2792310 8.52 0.01
2458493.2802725 8.53 0.01
2458493.2806198 8.50 0.01
2458493.2807934 8.52 0.01
2458493.2814878 8.51 0.01
2458493.2825295 8.52 0.01
2458493.2827031 8.53 0.01
2458493.2833975 8.51 0.01
2458493.2835711 8.50 0.01
2458493.2837447 8.53 0.01
2458493.2840920 8.50 0.01
2458493.2849600 8.54 0.01
2458493.2851336 8.49 0.01
2458493.2856545 8.55 0.01
2458493.2861753 8.52 0.01
2458493.2868698 8.49 0.01
2458493.2873906 8.51 0.01
2458493.2877378 8.52 0.01
2458493.2880850 8.49 0.01
2458493.2882586 8.52 0.01
2458493.2886059 8.55 0.01
2458493.2887795 8.51 0.01
2458493.2891267 8.49 0.01
2458493.2901695 8.46 0.01
2458493.2910367 8.51 0.01
2458493.2913836 8.50 0.01
2458493.2915572 8.50 0.01
2458493.2919045 8.50 0.01
2458493.2920781 8.52 0.01
2458493.2925989 8.49 0.01
2458493.2931197 8.51 0.01
2458493.2934670 8.51 0.01
2458493.2936406 8.54 0.01
2458493.2938142 8.51 0.01
2458493.2941614 8.52 0.01
2458493.2952031 8.53 0.01
2458493.2962448 8.52 0.01
2458493.2964184 8.52 0.01
2458493.2972864 8.51 0.01
2458493.2974600 8.53 0.01
2458493.2979809 8.52 0.01
2458493.2981545 8.51 0.01
2458493.2985017 8.53 0.01
2458493.2988489 8.52 0.01
2458493.2990225 8.52 0.01
2458493.2993697 8.49 0.01
2458493.2997170 8.50 0.01
2458493.3000642 8.51 0.01
2458493.3005850 8.55 0.01
2458493.3021591 8.53 0.01
2458493.3023327 8.52 0.01
2458493.3025063 8.51 0.01
2458493.3030272 8.54 0.01
2458493.3044161 8.52 0.01
2458493.3054577 8.50 0.01
2458493.3058049 8.51 0.01
2458493.3059785 8.50 0.01
2458493.3064994 8.52 0.01
2458493.3068466 8.51 0.01
2458493.3071938 8.53 0.01
2458493.3078883 8.52 0.01
2458493.3080619 8.52 0.01
2458493.3085827 8.55 0.01
2458493.3091036 8.53 0.01
2458493.3094508 8.52 0.01
2458493.3096244 8.52 0.01
2458493.3099716 8.54 0.01
2458493.3104924 8.55 0.01
2458493.3108397 8.50 0.01
2458493.3113605 8.51 0.01
2458493.3115341 8.54 0.01
2458493.3117077 8.52 0.01
2458493.3120549 8.53 0.01
2458493.3127502 8.49 0.01
2458493.3129236 8.51 0.01
2458493.3130971 8.52 0.01
2458493.3132705 8.53 0.01
2458493.3137910 8.52 0.01
2458493.3139647 8.50 0.01
2458493.3141383 8.55 0.01
2458493.3143119 8.51 0.01
2458493.3144855 8.49 0.01
2458493.3146591 8.54 0.01
2458493.3148327 8.52 0.01
2458493.3151799 8.51 0.01
2458493.3157008 8.50 0.01
2458493.3160480 8.48 0.01
2458493.3162216 8.55 0.01
2458493.3169161 8.50 0.01
2458493.3170897 8.53 0.01
2458493.3172633 8.53 0.01
2458493.3174369 8.51 0.01
2458493.3176105 8.53 0.01
2458493.3177841 8.53 0.01
2458493.3183049 8.53 0.01
2458493.3186522 8.48 0.01
2458493.3188258 8.54 0.01
2458493.3191730 8.52 0.01
2458493.3198674 8.53 0.01
2458493.3200411 8.50 0.01
2458493.3202147 8.53 0.01
2458493.3203883 8.53 0.01
2458493.3205619 8.51 0.01
2458493.3207355 8.54 0.01
2458493.3209091 8.55 0.01
2458493.3210827 8.52 0.01
2458493.3212563 8.53 0.01
2458493.3217772 8.53 0.01
2458493.3221244 8.53 0.01
2458493.3222980 8.52 0.01
2458493.3226452 8.50 0.01
2458493.3229924 8.52 0.01
2458493.3231662 8.49 0.01
2458493.3233397 8.52 0.01
2458493.3240341 8.52 0.01
2458493.3243824 8.52 0.01
2458493.3249028 8.53 0.01
2458493.3250762 8.51 0.01
2458493.3255966 8.52 0.01
2458493.3257702 8.53 0.01
2458493.3266383 8.51 0.01
2458493.3268119 8.54 0.01
2458493.3269855 8.51 0.01
2458493.3280272 8.53 0.01
2458493.3282008 8.52 0.01
2458493.3287216 8.54 0.01
2458493.3288952 8.50 0.01
2458493.3290688 8.53 0.01
2458493.3292430 8.51 0.01
2458493.3294160 8.56 0.01
2458493.3297633 8.52 0.01
2458493.3301105 8.52 0.01
2458493.3302841 8.48 0.01
2458493.3304577 8.49 0.01
2458493.3308049 8.52 0.01
2458493.3309785 8.51 0.01
2458493.3311522 8.52 0.01
2458493.3314994 8.51 0.01
2458493.3321938 8.52 0.01
2458493.3323674 8.53 0.01
2458493.3325411 8.52 0.01
2458493.3327147 8.52 0.01
2458493.3332355 8.51 0.01
2458493.3334091 8.54 0.01
2458493.3337563 8.48 0.01
2458493.3341036 8.52 0.01
2458493.3346244 8.51 0.01
2458493.3347980 8.51 0.01
2458493.3353188 8.50 0.01
2458493.3354924 8.52 0.01
2458493.3356661 8.54 0.01
2458493.3358397 8.53 0.01
2458493.3361882 8.52 0.01
2458493.3370554 8.54 0.01
2458493.3374023 8.52 0.01
2458493.3375758 8.51 0.01
2458493.3382702 8.50 0.01
2458493.3389647 8.50 0.01
2458493.3391383 8.51 0.01
2458493.3393119 8.51 0.01
2458493.3394855 8.48 0.01
2458493.3398327 8.52 0.01
2458493.3400063 8.55 0.01
2458493.3405272 8.53 0.01
2458493.3407008 8.52 0.01
2458493.3410480 8.50 0.01
2458493.3413952 8.50 0.01
2458493.3415688 8.56 0.01
2458493.3419161 8.52 0.01
2458493.3427841 8.52 0.01
2458493.3429577 8.53 0.01
2458493.3433049 8.50 0.01
2458493.3434786 8.55 0.01
2458493.3436522 8.52 0.01
2458493.3438258 8.54 0.01
2458493.3441730 8.53 0.01
2458493.3445202 8.51 0.01
2458493.3452147 8.50 0.01
2458493.3453883 8.54 0.01
2458493.3455619 8.50 0.01
2458493.3457355 8.51 0.01
2458493.3459091 8.51 0.01
2458493.3460827 8.51 0.01
2458493.3462563 8.50 0.01
2458493.3466035 8.51 0.01
2458493.3472980 8.50 0.01
2458493.3474716 8.51 0.01
2458493.3476452 8.52 0.01
2458493.3478188 8.51 0.01
2458493.3481673 8.51 0.01
2458493.3483408 8.54 0.01
2458493.3492080 8.54 0.01
2458493.3493814 8.53 0.01
2458493.3499022 8.52 0.01
2458493.3500758 8.52 0.01
2458493.3502494 8.52 0.01
2458493.3507702 8.54 0.01
2458493.3512911 8.50 0.01
2458493.3514647 8.47 0.01
2458493.3518119 8.50 0.01
2458493.3519855 8.52 0.01
2458493.3521591 8.52 0.01
2458493.3538952 8.53 0.01
2458493.3542424 8.54 0.01
2458493.3544160 8.49 0.01
2458493.3545897 8.51 0.01
2458493.3547633 8.50 0.01
2458493.3551105 8.52 0.01
2458493.3552841 8.51 0.01
2458493.3559786 8.53 0.01
2458493.3561522 8.51 0.01
2458493.3563258 8.53 0.01
2458493.3566730 8.51 0.01
2458493.3568466 8.52 0.01
2458493.3570202 8.53 0.01
2458493.3571938 8.51 0.01
2458493.3575411 8.52 0.01
2458493.3577147 8.50 0.01
2458493.3578883 8.51 0.01
2458493.3580619 8.52 0.01
2458493.3584091 8.54 0.01
2458493.3585827 8.52 0.01
2458493.3587563 8.52 0.01
2458493.3591036 8.53 0.01
2458493.3594508 8.53 0.01
2458493.3596244 8.51 0.01
2458493.3601465 8.51 0.01
2458493.3603199 8.52 0.01
2458493.3604934 8.53 0.01
2458493.3610137 8.49 0.01
2458493.3611871 8.49 0.01
2458493.3613606 8.50 0.01
2458493.3615341 8.52 0.01
2458493.3617077 8.53 0.01
2458493.3618813 8.50 0.01
2458493.3622285 8.51 0.01
2458493.3624022 8.52 0.01
2458493.3625758 8.49 0.01
2458493.3627494 8.51 0.01
2458493.3629230 8.49 0.01
2458493.3630966 8.50 0.01
2458493.3634438 8.50 0.01
2458493.3637911 8.50 0.01
2458493.3639647 8.51 0.01
2458493.3641383 8.53 0.01
2458493.3643119 8.51 0.01
2458493.3646591 8.51 0.01
2458493.3651799 8.49 0.01
2458493.3653536 8.54 0.01
2458493.3657008 8.51 0.01
2458493.3662216 8.55 0.01
2458493.3663952 8.49 0.01
2458493.3665688 8.50 0.01
2458493.3672633 8.52 0.01
2458493.3676105 8.49 0.01
2458493.3677841 8.48 0.01
2458493.3683049 8.51 0.01
2458493.3686522 8.51 0.01
2458493.3688258 8.47 0.01
2458493.3691730 8.51 0.01
2458493.3695202 8.51 0.01
2458493.3698674 8.50 0.01
2458493.3700410 8.51 0.01
2458493.3707355 8.51 0.01
2458493.3709091 8.51 0.01
2458493.3714299 8.50 0.01
2458493.3716036 8.51 0.01
2458493.3719508 8.51 0.01
2458493.3726460 8.51 0.01
2458493.3731663 8.51 0.01
2458493.3738605 8.51 0.01
2458493.3749022 8.51 0.01
2458493.3754230 8.52 0.01
2458493.3761174 8.50 0.01
2458493.3762910 8.52 0.01
2458493.3764647 8.52 0.01
2458493.3766383 8.50 0.01
2458493.3773327 8.54 0.01
2458493.3775063 8.50 0.01
2458493.3778535 8.52 0.01
2458493.3782008 8.51 0.01
2458493.3783744 8.49 0.01
2458493.3787216 8.49 0.01
2458493.3790688 8.51 0.01
2458493.3792424 8.50 0.01
2458493.3794161 8.51 0.01
2458493.3797633 8.53 0.01
2458493.3802841 8.48 0.01
2458493.3804577 8.47 0.01
2458493.3808049 8.48 0.01
2458493.3818466 8.50 0.01
2458493.3830619 8.51 0.01
2458493.3835827 8.51 0.01
2458493.3841048 8.53 0.01
2458493.3842782 8.51 0.01
2458493.3844517 8.55 0.01
2458493.3851454 8.51 0.01
2458493.3854924 8.51 0.01
2458493.3860133 8.52 0.01
2458493.3861869 8.50 0.01
2458493.3863605 8.52 0.01
2458493.3865341 8.51 0.01
2458493.3868813 8.50 0.01
2458493.3875758 8.52 0.01
2458493.3877494 8.51 0.01
2458493.3880966 8.52 0.01
2458493.3884438 8.50 0.01
2458493.3886174 8.52 0.01
2458493.3898327 8.52 0.01
2458493.3901799 8.53 0.01
2458493.3905272 8.52 0.01
2458493.3915688 8.48 0.01
2458493.3917424 8.50 0.01
2458493.3920897 8.49 0.01
2458493.3924369 8.52 0.01
2458493.3926105 8.51 0.01
2458493.3929577 8.53 0.01
2458493.3931313 8.54 0.01
2458493.3933049 8.54 0.01
2458493.3936522 8.52 0.01
2458493.3939994 8.51 0.01
2458493.3941730 8.48 0.01
2458493.3945202 8.51 0.01
2458493.3950411 8.53 0.01
2458493.3952147 8.53 0.01
2458493.3955619 8.49 0.01
2458493.3957355 8.51 0.01
2458493.3962574 8.49 0.01
2458493.3967777 8.50 0.01
2458493.3969511 8.52 0.01
2458493.3971246 8.52 0.01
2458493.3974716 8.53 0.01
2458493.3976452 8.53 0.01
2458493.3979924 8.49 0.01
2458493.3983397 8.52 0.01
2458493.3985133 8.50 0.01
2458493.3986869 8.52 0.01
2458493.3988605 8.51 0.01
2458493.4007702 8.50 0.01
2458493.4009438 8.55 0.01
2458493.4011174 8.51 0.01
2458493.4012910 8.53 0.01
2458493.4023327 8.51 0.01
2458493.4025063 8.54 0.01
2458493.4028536 8.52 0.01
2458493.4030272 8.52 0.01
2458493.4033744 8.54 0.01
2458493.4035480 8.50 0.01
2458493.4037216 8.48 0.01
2458493.4040688 8.54 0.01
2458493.4042424 8.48 0.01
2458493.4044161 8.52 0.01
2458493.4045897 8.54 0.01
2458493.4047633 8.51 0.01
2458493.4051105 8.51 0.01
2458493.4052841 8.51 0.01
2458493.4056313 8.50 0.01
2458493.4063258 8.49 0.01
2458493.4070202 8.51 0.01
2458493.4073674 8.52 0.01
2458493.4075410 8.51 0.01
2458493.4077147 8.50 0.01
2458493.4078896 8.53 0.01
2458493.4080630 8.55 0.02
2458493.4087568 8.50 0.01
2458493.4092772 8.52 0.01
2458493.4094508 8.54 0.02
2458493.4096244 8.50 0.01
2458493.4097980 8.47 0.01
2458493.4101452 8.50 0.01
2458493.4104924 8.53 0.01
2458493.4108397 8.52 0.01
2458493.4111869 8.52 0.01
2458493.4113605 8.50 0.01
2458493.4115341 8.53 0.01
2458493.4117077 8.48 0.01
2458493.4118813 8.50 0.01
2458493.4120549 8.51 0.01
2458493.4125758 8.54 0.02
2458493.4134438 8.50 0.01
2458493.4137911 8.50 0.01
2458493.4139647 8.54 0.02
2458493.4143119 8.51 0.01
2458493.4148327 8.52 0.01
2458493.4153535 8.52 0.02
2458493.4158744 8.52 0.01
2458494.3446475 8.54 0.03
2458494.3451684 8.52 0.02
2458494.3455156 8.54 0.02
2458494.3458628 8.52 0.02
2458494.3462100 8.51 0.02
2458494.3463836 8.50 0.02
2458494.3469045 8.51 0.02
2458494.3470781 8.54 0.02
2458494.3475989 8.52 0.02
2458494.3477725 8.48 0.02
2458494.3479462 8.53 0.02
2458494.3481197 8.50 0.02
2458494.3482934 8.53 0.02
2458494.3484670 8.50 0.02
2458494.3486406 8.53 0.02
2458494.3489878 8.51 0.02
2458494.3491614 8.51 0.02
2458494.3493350 8.50 0.02
2458494.3496822 8.54 0.02
2458494.3498559 8.51 0.02
2458494.3500295 8.52 0.02
2458494.3502031 8.56 0.02
2458494.3503767 8.54 0.02
2458494.3505503 8.51 0.02
2458494.3507239 8.56 0.02
2458494.3508975 8.49 0.02
2458494.3510711 8.54 0.02
2458494.3512447 8.53 0.02
2458494.3515920 8.56 0.02
2458494.3517656 8.52 0.02
2458494.3521128 8.51 0.02
2458494.3522864 8.50 0.02
2458494.3524600 8.52 0.02
2458494.3528073 8.53 0.02
2458494.3529809 8.55 0.02
2458494.3531545 8.54 0.02
2458494.3533281 8.53 0.02
2458494.3535031 8.52 0.02
2458494.3538500 8.52 0.02
2458494.3540234 8.51 0.02
2458494.3541969 8.52 0.02
2458494.3548906 8.55 0.02
2458494.3550642 8.55 0.02
2458494.3552378 8.56 0.02
2458494.3554114 8.56 0.02
2458494.3557586 8.56 0.03
2458494.3559322 8.57 0.03
2458494.3561059 8.57 0.03
2458494.3562795 8.57 0.03
2458494.3564531 8.50 0.03
2458494.3566267 8.55 0.03
2458494.3569739 8.56 0.03
2458494.3571475 8.57 0.03
2458494.3573211 8.52 0.03
2458494.3574947 8.52 0.03
2458494.3576684 8.56 0.03
2458494.3578420 8.50 0.03
2458494.3580156 8.54 0.03
2458494.3583628 8.50 0.03
2458494.3585364 8.56 0.03
2458494.3587100 8.51 0.03
2458494.3588836 8.47 0.03
2458494.3590572 8.46 0.03
2458494.3594045 8.55 0.03
2458494.3595781 8.56 0.03
2458494.3606945 8.56 0.03
2458494.3611406 8.59 0.03
2458494.3614878 8.61 0.03
2458494.3616614 8.48 0.03
2458494.3618350 8.54 0.03
2458494.3620086 8.54 0.03
2458494.3621823 8.57 0.03
2458494.3623559 8.52 0.03
2458494.3625295 8.59 0.04
2458494.3630503 8.53 0.04
2458494.3632239 8.59 0.04
2458494.3633975 8.52 0.04
2458494.3642656 8.52 0.04
2458494.3644392 8.54 0.04
2458494.3646128 8.55 0.04
2458494.3649600 8.57 0.04
2458494.3653072 8.59 0.05
2458494.3658281 8.61 0.05
2458494.3661753 8.46 0.05
2458494.3663489 8.55 0.05
2458494.3668697 8.55 0.06
2458494.3670434 8.69 0.07
2458494.3677389 8.68 0.07
2458494.3679123 8.64 0.07
2458494.3680858 8.67 0.07
2458494.3684327 8.55 0.07
2458494.3687795 8.62 0.07
2458494.3691267 8.54 0.07
2458494.3693003 8.55 0.07
2458494.3696475 8.57 0.07
2458494.3699948 8.45 0.07
2458494.3701684 8.45 0.07
2458494.3703420 8.44 0.07
2458494.3705156 8.67 0.09
2458494.3706892 8.54 0.08
2458494.3710364 8.63 0.09
2458494.3712100 8.44 0.08
2458494.3717309 8.66 0.10
2458494.3719045 8.58 0.10
2458494.3720781 8.70 0.12
2458494.3722517 8.43 0.10
2458494.3724253 8.52 0.11
2458494.3725989 8.68 0.13
2458494.3734670 8.55 0.13
2458494.3741614 8.59 0.14
2458494.3743350 8.54 0.14
2458495.1344161 8.51 0.02
2458495.1347646 8.52 0.02
2458495.1349380 8.51 0.02
2458495.1351115 8.55 0.02
2458495.1352849 8.47 0.02
2458495.1354584 8.50 0.02
2458495.1356318 8.48 0.02
2458495.1358052 8.50 0.02
2458495.1359787 8.47 0.02
2458495.1361522 8.50 0.02
2458495.1363258 8.50 0.02
2458495.1364994 8.50 0.02
2458495.1366730 8.54 0.02
2458495.1368466 8.54 0.02
2458495.1370202 8.52 0.02
2458495.1371938 8.48 0.02
2458495.1373674 8.49 0.02
2458495.1375410 8.49 0.02
2458495.1377147 8.53 0.02
2458495.1378883 8.50 0.02
2458495.1382355 8.50 0.02
2458495.1384091 8.54 0.02
2458495.1385827 8.52 0.02
2458495.1387563 8.52 0.02
2458495.1389299 8.52 0.02
2458495.1391035 8.50 0.02
2458495.1392772 8.49 0.02
2458495.1394508 8.51 0.02
2458495.1396244 8.52 0.02
2458495.1397980 8.53 0.02
2458495.1401452 8.54 0.02
2458495.1403188 8.50 0.02
2458495.1406661 8.52 0.02
2458495.1410133 8.52 0.02
2458495.1411869 8.53 0.02
2458495.1413605 8.49 0.02
2458495.1417077 8.49 0.02
2458495.1418813 8.49 0.02
2458495.1420549 8.51 0.02
2458495.1422286 8.51 0.02
2458495.1424022 8.52 0.02
2458495.1425758 8.55 0.02
2458495.1427494 8.54 0.02
2458495.1429230 8.59 0.02
2458495.1430966 8.49 0.02
2458495.1432702 8.48 0.02
2458495.1434438 8.51 0.02
2458495.1436174 8.50 0.02
2458495.1439647 8.53 0.02
2458495.1443119 8.55 0.02
2458495.1444855 8.51 0.02
2458495.1446591 8.51 0.02
2458495.1448327 8.52 0.02
2458495.1450063 8.54 0.02
2458495.1451799 8.49 0.02
2458495.1453535 8.54 0.02
2458495.1455272 8.53 0.02
2458495.1457008 8.54 0.02
2458495.1458744 8.51 0.02
2458495.1460480 8.50 0.02
2458495.1463952 8.53 0.02
2458495.1467438 8.56 0.02
2458495.1469172 8.55 0.02
2458495.1470907 8.52 0.02
2458495.1472641 8.52 0.02
2458495.1474375 8.57 0.02
2458495.1476110 8.51 0.02
2458495.1477844 8.53 0.02
2458495.1479579 8.48 0.02
2458495.1481313 8.50 0.02
2458495.1483049 8.46 0.02
2458495.1484786 8.50 0.02
2458495.1488258 8.55 0.02
2458495.1489994 8.54 0.02
2458495.1491730 8.51 0.02
2458495.1493466 8.53 0.02
2458495.1495202 8.50 0.02
2458495.1496938 8.43 0.02
2458495.1500411 8.51 0.02
2458495.1502147 8.49 0.02
2458495.1503883 8.54 0.02
2458495.1505619 8.52 0.02
2458495.1507355 8.53 0.02
2458495.1510827 8.48 0.02
2458495.1512563 8.50 0.02
2458495.1514299 8.52 0.02
2458495.1516036 8.50 0.02
2458495.1517772 8.53 0.02
2458495.1521244 8.50 0.02
2458495.1522980 8.52 0.02
2458495.1524716 8.47 0.02
2458495.1529924 8.51 0.02
2458495.1531660 8.52 0.02
2458495.1533397 8.51 0.02
2458495.1535133 8.50 0.02
2458495.1536869 8.49 0.02
2458495.1538605 8.50 0.02
2458495.1540341 8.53 0.02
2458495.1542077 8.51 0.02
2458495.1543813 8.53 0.02
2458495.1545549 8.47 0.02
2458495.1549022 8.48 0.02
2458495.1550758 8.54 0.02
2458495.1552494 8.51 0.02
2458495.1554230 8.52 0.02
2458495.1555966 8.52 0.02
2458495.1557702 8.54 0.02
2458495.1561174 8.54 0.02
2458495.1566383 8.51 0.02
2458495.1568119 8.53 0.02
2458495.1569855 8.51 0.02
2458495.1571591 8.51 0.02
2458495.1573327 8.52 0.02
2458495.1575063 8.54 0.02
2458495.1576799 8.52 0.02
2458495.1578536 8.53 0.02
2458495.1580272 8.51 0.02
2458495.1582008 8.55 0.02
2458495.1583744 8.50 0.02
2458495.1585480 8.49 0.02
2458495.1587230 8.51 0.02
2458495.1588964 8.50 0.02
2458495.1590699 8.52 0.02
2458495.1592433 8.51 0.02
2458495.1594167 8.53 0.02
2458495.1595902 8.53 0.02
2458495.1597636 8.51 0.02
2458495.1599371 8.51 0.02
2458495.1601105 8.48 0.02
2458495.1602841 8.50 0.02
2458495.1604577 8.54 0.02
2458495.1609785 8.51 0.02
2458495.1611522 8.50 0.02
2458495.1613258 8.52 0.02
2458495.1614994 8.52 0.02
2458495.1616730 8.55 0.02
2458495.1618466 8.54 0.02
2458495.1620202 8.53 0.02
2458495.1621938 8.53 0.02
2458495.1623674 8.50 0.02
2458495.1627147 8.52 0.02
2458495.1628883 8.49 0.02
2458495.1630619 8.52 0.02
2458495.1632355 8.52 0.02
2458495.1634091 8.53 0.02
2458495.1637563 8.49 0.02
2458495.1639299 8.51 0.02
2458495.1641036 8.51 0.02
2458495.1644508 8.53 0.02
2458495.1646244 8.58 0.02
2458495.1649716 8.53 0.02
2458495.1651452 8.50 0.02
2458495.1653188 8.52 0.02
2458495.1654924 8.48 0.02
2458495.1656660 8.53 0.02
2458495.1660133 8.50 0.02
2458495.1663605 8.50 0.02
2458495.1667077 8.51 0.02
2458495.1668813 8.50 0.02
2458495.1670549 8.56 0.02
2458495.1674022 8.48 0.02
2458495.1677494 8.51 0.02
2458495.1679230 8.50 0.02
2458495.1680966 8.51 0.02
2458495.1689647 8.49 0.02
2458495.1691383 8.52 0.02
2458495.1693119 8.52 0.02
2458495.1696591 8.56 0.02
2458495.1698327 8.52 0.02
2458495.1700063 8.52 0.02
2458495.1701799 8.54 0.02
2458495.1703535 8.49 0.02
2458495.1707022 8.54 0.02
2458495.1708756 8.53 0.02
2458495.1712225 8.52 0.02
2458495.1713960 8.54 0.02
2458495.1715694 8.50 0.02
2458495.1717428 8.51 0.02
2458495.1719163 8.49 0.02
2458495.1720897 8.49 0.02
2458495.1722633 8.51 0.02
2458495.1724369 8.50 0.02
2458495.1726105 8.47 0.02
2458495.1727841 8.52 0.02
2458495.1729577 8.51 0.02
2458495.1731313 8.51 0.02
2458495.1733049 8.47 0.02
2458495.1736522 8.49 0.02
2458495.1738258 8.53 0.02
2458495.1739994 8.48 0.02
2458495.1743466 8.46 0.02
2458495.1752147 8.49 0.02
2458495.1753883 8.53 0.02
2458495.1755619 8.50 0.02
2458495.1757355 8.46 0.02
2458495.1759091 8.54 0.02
2458495.1760827 8.53 0.02
2458495.1762563 8.50 0.02
2458495.1764299 8.53 0.02
2458495.1766035 8.54 0.02
2458495.1767772 8.53 0.02
2458495.1769508 8.52 0.02
2458495.1771244 8.48 0.02
2458495.1774716 8.49 0.02
2458495.1776452 8.53 0.02
2458495.1778188 8.51 0.02
2458495.1779924 8.51 0.02
2458495.1783397 8.52 0.02
2458495.1785133 8.47 0.02
2458495.1786869 8.50 0.02
2458495.1788605 8.50 0.02
2458495.1790341 8.53 0.02
2458495.1792077 8.50 0.02
2458495.1793813 8.56 0.02
2458495.1795549 8.52 0.02
2458495.1799022 8.54 0.02
2458495.1800758 8.51 0.02
2458495.1802494 8.53 0.02
2458495.1804230 8.50 0.02
2458495.1805966 8.54 0.02
2458495.1807702 8.52 0.02
2458495.1809438 8.52 0.02
2458495.1812911 8.48 0.02
2458495.1818119 8.49 0.02
2458495.1819855 8.51 0.02
2458495.1823327 8.50 0.02
2458495.1825063 8.51 0.02
2458495.1826799 8.50 0.02
2458495.1828548 8.54 0.02
2458495.1832017 8.48 0.02
2458495.1833752 8.49 0.02
2458495.1835486 8.53 0.02
2458495.1837221 8.51 0.02
2458495.1840689 8.51 0.02
2458495.1842424 8.47 0.02
2458495.1844160 8.52 0.02
2458495.1849369 8.51 0.02
2458495.1851105 8.51 0.02
2458495.1856313 8.53 0.02
2458495.1858049 8.52 0.02
2458495.1859785 8.53 0.02
2458495.1861522 8.51 0.02
2458495.1864994 8.51 0.02
2458495.1866730 8.50 0.02
2458495.1871938 8.49 0.02
2458495.1873674 8.51 0.02
2458495.1877147 8.55 0.02
2458495.1878883 8.50 0.02
2458495.1880619 8.59 0.02
2458495.1884091 8.50 0.02
2458495.1885827 8.51 0.02
2458495.1887563 8.50 0.02
2458495.1891036 8.51 0.02
2458495.1892772 8.52 0.02
2458495.1894508 8.55 0.02
2458495.1896244 8.47 0.02
2458495.1897980 8.53 0.02
2458495.1901452 8.51 0.02
2458495.1904924 8.55 0.02
2458495.1908397 8.52 0.02
2458495.1910133 8.53 0.02
2458495.1911869 8.55 0.02
2458495.1913605 8.48 0.02
2458495.1915341 8.49 0.02
2458495.1918813 8.50 0.02
2458495.1925758 8.54 0.02
2458495.1927494 8.54 0.02
2458495.1929230 8.48 0.02
2458495.1932702 8.49 0.02
2458495.1934438 8.49 0.02
2458495.1937910 8.52 0.02
2458495.1941383 8.49 0.02
2458495.1944855 8.50 0.02
2458495.1946591 8.51 0.02
2458495.1948340 8.55 0.02
2458495.1953544 8.54 0.02
2458495.1955278 8.53 0.02
2458495.1958747 8.52 0.02
2458495.1962216 8.47 0.02
2458495.1963952 8.53 0.02
2458495.1967424 8.51 0.02
2458495.1969161 8.53 0.02
2458495.1970897 8.50 0.02
2458495.1972633 8.46 0.02
2458495.1977841 8.49 0.02
2458495.1979577 8.47 0.02
2458495.1981313 8.48 0.02
2458495.1986522 8.54 0.02
2458495.1993466 8.51 0.02
2458495.1995202 8.49 0.02
2458495.1996938 8.48 0.02
2458495.2002147 8.50 0.02
2458495.2003883 8.51 0.02
2458495.2007355 8.49 0.02
2458495.2009091 8.51 0.02
2458495.2010827 8.49 0.02
2458495.2012563 8.53 0.02
2458495.2014299 8.51 0.02
2458495.2016035 8.51 0.02
2458495.2019508 8.52 0.02
2458495.2024716 8.50 0.02
2458495.2026452 8.51 0.02
2458495.2029924 8.52 0.02
2458495.2031661 8.54 0.02
2458495.2033397 8.52 0.02
2458495.2035133 8.49 0.02
2458495.2036869 8.56 0.02
2458495.2045549 8.54 0.02
2458495.2047286 8.48 0.02
2458495.2049022 8.50 0.02
2458495.2050758 8.51 0.02
2458495.2052494 8.50 0.02
2458495.2054230 8.55 0.02
2458495.2055966 8.49 0.02
2458495.2057702 8.52 0.02
2458495.2059438 8.53 0.02
2458495.2061174 8.52 0.02
2458495.2066383 8.53 0.02
2458495.2075070 8.46 0.02
2458495.2078539 8.49 0.02
2458495.2080274 8.51 0.02
2458495.2083744 8.53 0.02
2458495.2085480 8.49 0.02
2458495.2087216 8.54 0.02
2458495.2088952 8.53 0.02
2458495.2090688 8.50 0.02
2458495.2092424 8.51 0.02
2458495.2097633 8.52 0.02
2458495.2099369 8.49 0.02
2458495.2101105 8.58 0.02
2458495.2102841 8.51 0.02
2458495.2104577 8.50 0.02
2458495.2106313 8.54 0.02
2458495.2108049 8.50 0.02
2458495.2109786 8.54 0.02
2458495.2111522 8.53 0.02
2458495.2113258 8.53 0.02
2458495.2116730 8.51 0.02
2458495.2118466 8.50 0.02
2458495.2120202 8.55 0.02
2458495.2121938 8.50 0.02
2458495.2123674 8.51 0.02
2458495.2125411 8.52 0.02
2458495.2128883 8.52 0.02
2458495.2134091 8.54 0.02
2458495.2135827 8.48 0.02
2458495.2137563 8.52 0.02
2458495.2139299 8.49 0.02
2458495.2142772 8.49 0.02
2458495.2144508 8.52 0.02
2458495.2146244 8.52 0.02
2458495.2147980 8.57 0.02
2458495.2151452 8.47 0.02
2458495.2153188 8.54 0.02
2458495.2154924 8.51 0.02
2458495.2156660 8.53 0.02
2458495.2158397 8.52 0.02
2458495.2160133 8.48 0.02
2458495.2161869 8.55 0.02
2458495.2163605 8.51 0.02
2458495.2167077 8.51 0.02
2458495.2168813 8.49 0.02
2458495.2170549 8.52 0.02
2458495.2172285 8.53 0.02
2458495.2175758 8.51 0.02
2458495.2177494 8.53 0.02
2458495.2179230 8.51 0.02
2458495.2180966 8.51 0.02
2458495.2182702 8.52 0.02
2458495.2184438 8.53 0.02
2458495.2186174 8.49 0.02
2458495.2187924 8.53 0.02
2458495.2189658 8.53 0.02
2458495.2191393 8.51 0.02
2458495.2193127 8.52 0.02
2458495.2194862 8.53 0.02
2458495.2196596 8.49 0.02
2458495.2198331 8.53 0.02
2458495.2203536 8.46 0.02
2458495.2205272 8.50 0.02
2458495.2207008 8.46 0.02
2458495.2208744 8.51 0.02
2458495.2210480 8.52 0.02
2458495.2212216 8.53 0.02
2458495.2213952 8.55 0.02
2458495.2215688 8.50 0.02
2458495.2219161 8.50 0.02
2458495.2222633 8.48 0.02
2458495.2224369 8.49 0.02
2458495.2226105 8.50 0.02
2458495.2227841 8.54 0.02
2458495.2229577 8.50 0.02
2458495.2231313 8.53 0.02
2458495.2234785 8.54 0.02
2458495.2238258 8.49 0.02
2458495.2239994 8.54 0.02
2458495.2243466 8.51 0.02
2458495.2245202 8.51 0.02
2458495.2246938 8.49 0.02
2458495.2248674 8.50 0.02
2458495.2250410 8.51 0.02
2458495.2252147 8.54 0.02
2458495.2253883 8.49 0.02
2458495.2255619 8.56 0.02
2458495.2257355 8.52 0.02
2458495.2259091 8.50 0.02
2458495.2262563 8.51 0.02
2458495.2264299 8.51 0.02
2458495.2266036 8.50 0.02
2458495.2267772 8.52 0.02
2458495.2271244 8.51 0.02
2458495.2274716 8.52 0.02
2458495.2276452 8.52 0.02
2458495.2278188 8.51 0.02
2458495.2279924 8.54 0.02
2458495.2283397 8.54 0.02
2458495.2286869 8.46 0.02
2458495.2288605 8.53 0.02
2458495.2290341 8.46 0.02
2458495.2292077 8.50 0.02
2458495.2293813 8.55 0.02
2458495.2297286 8.50 0.02
2458495.2299022 8.52 0.02
2458495.2300758 8.54 0.02
2458495.2307716 8.50 0.02
2458495.2309450 8.53 0.02
2458495.2311185 8.52 0.02
2458495.2312919 8.54 0.02
2458495.2314654 8.54 0.02
2458495.2316388 8.50 0.02
2458495.2318122 8.50 0.02
2458495.2319857 8.53 0.02
2458495.2321591 8.52 0.02
2458495.2323327 8.50 0.02
2458495.2325063 8.46 0.02
2458495.2328535 8.57 0.02
2458495.2332008 8.51 0.02
2458495.2335480 8.49 0.02
2458495.2338952 8.50 0.02
2458495.2340688 8.51 0.02
2458495.2342424 8.52 0.02
2458495.2344161 8.53 0.02
2458495.2345897 8.52 0.02
2458495.2347633 8.53 0.02
2458495.2351105 8.48 0.02
2458495.2352841 8.49 0.02
2458495.2356313 8.48 0.02
2458495.2359785 8.51 0.02
2458495.2361522 8.50 0.02
2458495.2363258 8.54 0.02
2458495.2364994 8.52 0.02
2458495.2366730 8.50 0.02
2458495.2368466 8.50 0.02
2458495.2371938 8.52 0.02
2458495.2375411 8.54 0.02
2458495.2377147 8.49 0.02
2458495.2378883 8.52 0.02
2458495.2380619 8.50 0.02
2458495.2382355 8.52 0.02
2458495.2384091 8.48 0.02
2458495.2385827 8.53 0.02
2458495.2391035 8.53 0.02
2458495.2396244 8.54 0.02
2458495.2399716 8.49 0.02
2458495.2401452 8.51 0.02
2458495.2410133 8.51 0.02
2458495.2411869 8.54 0.02
2458495.2413605 8.53 0.02
2458495.2418813 8.52 0.02
2458495.2422286 8.55 0.02
2458495.2425758 8.50 0.02
2458495.2429242 8.50 0.02
2458495.2430977 8.51 0.02
2458495.2432711 8.50 0.02
2458495.2436180 8.48 0.02
2458495.2439649 8.51 0.02
2458495.2441383 8.51 0.02
2458495.2443119 8.51 0.02
2458495.2444855 8.50 0.02
2458495.2446591 8.53 0.02
2458495.2448327 8.50 0.02
2458495.2451799 8.51 0.02
2458495.2458744 8.52 0.02
2458495.2460480 8.50 0.02
2458495.2462216 8.51 0.02
2458495.2465688 8.56 0.02
2458495.2467424 8.51 0.02
2458495.2469160 8.50 0.02
2458495.2474369 8.52 0.02
2458495.2477841 8.51 0.02
2458495.2479577 8.51 0.02
2458495.2483049 8.55 0.02
2458495.2484785 8.52 0.02
2458495.2486522 8.52 0.02
2458495.2488258 8.52 0.02
2458495.2491730 8.55 0.02
2458495.2496938 8.51 0.02
2458495.2498674 8.54 0.02
2458495.2500411 8.51 0.02
2458495.2502147 8.49 0.02
2458495.2503883 8.53 0.02
2458495.2505619 8.53 0.02
2458495.2507355 8.51 0.02
2458495.2509091 8.51 0.02
2458495.2514299 8.50 0.02
2458495.2516036 8.51 0.02
2458495.2522980 8.51 0.02
2458495.2524716 8.51 0.02
2458495.2528188 8.53 0.02
2458495.2531661 8.50 0.02
2458495.2533397 8.51 0.02
2458495.2536869 8.56 0.02
2458495.2538605 8.52 0.02
2458495.2540341 8.55 0.02
2458495.2545549 8.52 0.02
2458495.2547300 8.51 0.02
2458495.2550769 8.51 0.02
2458495.2552503 8.51 0.02
2458495.2554238 8.50 0.02
2458495.2555972 8.50 0.02
2458495.2557706 8.54 0.02
2458495.2559441 8.51 0.02
2458495.2562910 8.54 0.02
2458495.2564647 8.52 0.02
2458495.2566383 8.53 0.02
2458495.2571591 8.51 0.02
2458495.2573327 8.50 0.02
2458495.2575063 8.49 0.02
2458495.2576799 8.52 0.02
2458495.2582008 8.49 0.02
2458495.2583744 8.49 0.02
2458495.2585480 8.52 0.02
2458495.2588952 8.54 0.02
2458495.2595897 8.53 0.02
2458495.2599369 8.53 0.02
2458495.2604577 8.50 0.02
2458495.2608049 8.54 0.02
2458495.2611522 8.53 0.02
2458495.2613258 8.52 0.02
2458495.2616730 8.52 0.02
2458495.2618466 8.52 0.02
2458495.2621938 8.53 0.02
2458495.2623674 8.53 0.02
2458495.2628883 8.53 0.02
2458495.2634091 8.54 0.02
2458495.2635827 8.49 0.02
2458495.2637563 8.54 0.02
2458495.2639299 8.53 0.02
2458495.2644508 8.53 0.02
2458495.2646244 8.51 0.02
2458495.2649716 8.54 0.02
2458495.2651452 8.52 0.02
2458495.2653188 8.55 0.02
2458495.2654924 8.52 0.02
2458495.2656661 8.53 0.02
2458495.2658397 8.54 0.02
2458495.2665341 8.49 0.02
2458495.2667077 8.51 0.02
2458495.2668826 8.51 0.02
2458495.2672295 8.52 0.02
2458495.2674030 8.51 0.02
2458495.2677498 8.56 0.02
2458495.2679233 8.52 0.02
2458495.2680967 8.51 0.02
2458495.2682702 8.48 0.02
2458495.2686174 8.52 0.02
2458495.2687911 8.53 0.02
2458495.2691383 8.54 0.02
2458495.2693119 8.52 0.02
2458495.2694855 8.50 0.02
2458495.2698327 8.53 0.02
2458495.2700063 8.51 0.02
2458495.2701799 8.53 0.02
2458495.2703535 8.53 0.02
2458495.2705272 8.53 0.02
2458495.2707008 8.52 0.02
2458495.2708744 8.53 0.02
2458495.2710480 8.50 0.02
2458495.2712216 8.53 0.02
2458495.2717424 8.52 0.02
2458495.2719160 8.53 0.02
2458495.2720897 8.54 0.02
2458495.2743466 8.51 0.02
2458495.2746938 8.50 0.02
2458495.2748674 8.52 0.02
2458495.2752147 8.51 0.02
2458495.2753883 8.49 0.02
2458495.2757355 8.50 0.02
2458495.2759091 8.51 0.02
2458495.2760827 8.51 0.02
2458495.2762563 8.50 0.02
2458495.2764299 8.50 0.02
2458495.2766036 8.53 0.02
2458495.2767772 8.53 0.02
2458498.1654809 8.49 0.02
2458498.1656545 8.56 0.02
2458498.1660017 8.57 0.02
2458498.1661753 8.50 0.02
2458498.1663489 8.50 0.02
2458498.1666972 8.49 0.02
2458498.1670441 8.51 0.02
2458498.1672176 8.51 0.02
2458498.1673910 8.52 0.02
2458498.1677379 8.50 0.02
2458498.1679114 8.47 0.02
2458498.1682586 8.52 0.02
2458498.1689531 8.51 0.02
2458498.1693003 8.53 0.02
2458498.1696475 8.53 0.02
2458498.1699947 8.52 0.02
2458498.1701684 8.54 0.02
2458498.1703420 8.49 0.02
2458498.1706892 8.51 0.02
2458498.1712100 8.47 0.02
2458498.1715572 8.51 0.02
2458498.1719045 8.53 0.02
2458498.1720781 8.53 0.02
2458498.1722517 8.48 0.02
2458498.1724253 8.53 0.02
2458498.1725989 8.50 0.02
2458498.1729461 8.55 0.02
2458498.1732934 8.48 0.02
2458498.1734670 8.52 0.02
2458498.1738142 8.49 0.02
2458498.1745086 8.54 0.02
2458498.1750295 8.52 0.02
2458498.1752031 8.50 0.02
2458498.1753767 8.53 0.02
2458498.1758975 8.51 0.02
2458498.1762447 8.54 0.02
2458498.1764184 8.55 0.02
2458498.1767656 8.50 0.02
2458498.1769392 8.47 0.02
2458498.1772864 8.51 0.02
2458498.1774600 8.52 0.02
2458498.1776336 8.50 0.02
2458498.1778072 8.50 0.02
2458498.1783295 8.51 0.02
2458498.1785029 8.51 0.02
2458498.1786763 8.49 0.02
2458498.1788498 8.49 0.02
2458498.1790232 8.54 0.02
2458498.1791967 8.52 0.02
2458498.1797170 8.50 0.02
2458498.1800642 8.52 0.02
2458498.1805850 8.50 0.02
2458498.1809323 8.48 0.02
2458498.1812795 8.51 0.02
2458498.1816267 8.50 0.02
2458498.1818003 8.52 0.02
2458498.1819739 8.51 0.02
2458498.1821475 8.50 0.02
2458498.1826684 8.51 0.02
2458498.1828420 8.51 0.02
2458498.1831892 8.54 0.02
2458498.1835364 8.52 0.02
2458498.1840572 8.51 0.02
2458498.1842309 8.53 0.02
2458498.1844045 8.52 0.02
2458498.1850989 8.52 0.02
2458498.1852725 8.53 0.02
2458498.1854461 8.56 0.02
2458498.1856197 8.48 0.02
2458498.1859670 8.47 0.02
2458498.1861406 8.51 0.02
2458498.1863142 8.52 0.02
2458498.1866614 8.54 0.02
2458498.1868350 8.51 0.02
2458498.1870086 8.51 0.02
2458498.1871822 8.53 0.02
2458498.1882974 8.53 0.02
2458498.1885711 8.52 0.02
2458498.1889184 8.48 0.02
2458498.1892656 8.55 0.02
2458498.1894392 8.54 0.02
2458498.1896128 8.57 0.02
2458498.1897864 8.50 0.02
2458498.1899600 8.57 0.02
2458498.1906545 8.55 0.02
2458498.1910017 8.53 0.02
2458498.1915225 8.50 0.02
2458498.1916961 8.52 0.02
2458498.1918697 8.53 0.02
2458498.1925642 8.49 0.02
2458498.1927378 8.52 0.02
2458498.1930850 8.50 0.02
2458498.1934322 8.56 0.02
2458498.1936059 8.50 0.02
2458498.1937795 8.53 0.02
2458498.1939531 8.53 0.02
2458498.1941267 8.48 0.01
2458498.1949947 8.58 0.02
2458498.1951684 8.49 0.02
2458498.1953420 8.54 0.02
2458498.1958628 8.56 0.02
2458498.1960378 8.55 0.02
2458498.1962112 8.52 0.02
2458498.1969050 8.49 0.01
2458498.1977725 8.50 0.01
2458498.1981198 8.51 0.01
2458498.1984670 8.57 0.02
2458498.1986406 8.52 0.01
2458498.1991614 8.57 0.02
2458498.1995086 8.54 0.01
2458498.1996822 8.55 0.02
2458498.1998559 8.50 0.01
2458498.2000295 8.54 0.01
2458498.2002031 8.51 0.01
2458498.2005503 8.54 0.02
2458498.2007239 8.54 0.01
2458498.2008975 8.48 0.01
2458498.2010711 8.52 0.01
2458498.2012447 8.51 0.01
2458498.2019392 8.52 0.01
2458498.2021128 8.50 0.01
2458498.2024600 8.50 0.01
2458498.2026336 8.54 0.01
2458498.2031545 8.51 0.01
2458498.2035017 8.53 0.01
2458498.2036753 8.54 0.01
2458498.2038489 8.50 0.01
2458498.2040225 8.54 0.01
2458498.2047170 8.52 0.01
2458498.2050642 8.54 0.01
2458498.2052378 8.53 0.01
2458498.2054114 8.52 0.01
2458498.2055850 8.54 0.01
2458498.2057586 8.56 0.02
2458498.2059323 8.51 0.01
2458498.2061059 8.52 0.01
2458498.2064531 8.53 0.01
2458498.2066267 8.54 0.01
2458498.2069739 8.51 0.01
2458498.2071475 8.48 0.01
2458498.2076684 8.53 0.01
2458498.2083638 8.53 0.01
2458498.2085373 8.53 0.01
2458498.2087107 8.53 0.01
2458498.2088841 8.53 0.01
2458498.2092310 8.56 0.01
2458498.2097517 8.52 0.01
2458498.2100989 8.53 0.01
2458498.2102725 8.51 0.01
2458498.2104461 8.51 0.01
2458498.2106197 8.54 0.01
2458498.2107934 8.52 0.01
2458498.2109670 8.50 0.01
2458498.2111406 8.54 0.01
2458498.2113142 8.52 0.01
2458498.2114878 8.55 0.01
2458498.2116614 8.53 0.01
2458498.2120086 8.51 0.01
2458498.2128767 8.54 0.01
2458498.2132239 8.50 0.01
2458498.2133975 8.51 0.01
2458498.2135711 8.53 0.01
2458498.2137448 8.55 0.01
2458498.2139184 8.55 0.01
2458498.2142656 8.53 0.01
2458498.2144392 8.54 0.01
2458498.2147864 8.50 0.01
2458498.2149600 8.54 0.01
2458498.2151336 8.52 0.01
2458498.2154809 8.50 0.01
2458498.2156545 8.53 0.01
2458498.2160017 8.49 0.01
2458498.2163489 8.50 0.01
2458498.2165225 8.51 0.01
2458498.2166961 8.50 0.01
2458498.2170434 8.53 0.01
2458498.2172170 8.53 0.01
2458498.2175642 8.54 0.01
2458498.2177378 8.54 0.01
2458498.2180850 8.53 0.01
2458498.2184322 8.56 0.01
2458498.2186059 8.53 0.01
2458498.2189531 8.51 0.01
2458498.2191267 8.53 0.01
2458498.2194739 8.52 0.01
2458498.2196475 8.52 0.01
2458498.2198225 8.53 0.01
2458498.2199960 8.53 0.01
2458498.2203429 8.49 0.01
2458498.2206898 8.53 0.01
2458498.2208632 8.53 0.01
2458498.2213836 8.50 0.01
2458498.2215573 8.53 0.01
2458498.2219045 8.55 0.01
2458498.2222517 8.51 0.01
2458498.2224253 8.53 0.02
2458498.2225989 8.52 0.01
2458498.2227725 8.51 0.01
2458498.2234670 8.47 0.01
2458498.2241614 8.49 0.01
2458498.2243350 8.56 0.01
2458498.2245086 8.51 0.01
2458498.2250295 8.50 0.01
2458498.2257239 8.52 0.01
2458498.2258975 8.54 0.01
2458498.2260711 8.54 0.01
2458498.2262447 8.49 0.01
2458498.2265920 8.50 0.01
2458498.2271128 8.50 0.01
2458498.2274600 8.51 0.01
2458498.2276336 8.55 0.01
2458498.2278073 8.51 0.01
2458498.2283281 8.50 0.01
2458498.2286753 8.55 0.01
2458498.2288489 8.47 0.01
2458498.2290225 8.51 0.01
2458498.2291961 8.49 0.01
2458498.2293698 8.52 0.01
2458498.2295434 8.53 0.01
2458498.2297170 8.51 0.01
2458498.2298906 8.52 0.01
2458498.2300642 8.48 0.01
2458498.2302378 8.51 0.01
2458498.2304114 8.53 0.01
2458498.2305850 8.52 0.01
2458498.2307586 8.54 0.01
2458498.2311059 8.50 0.01
2458498.2312795 8.51 0.01
2458498.2316267 8.52 0.01
2458498.2318016 8.51 0.01
2458498.2321485 8.50 0.01
2458498.2323219 8.52 0.01
2458498.2326688 8.54 0.01
2458498.2328422 8.51 0.01
2458498.2330157 8.52 0.01
2458498.2331892 8.51 0.01
2458498.2333628 8.50 0.01
2458498.2335364 8.53 0.01
2458498.2338836 8.50 0.01
2458498.2344045 8.52 0.01
2458498.2345781 8.53 0.01
2458498.2352725 8.51 0.01
2458498.2354461 8.51 0.01
2458498.2356198 8.47 0.01
2458498.2357934 8.52 0.01
2458498.2359670 8.53 0.01
2458498.2361406 8.54 0.01
2458498.2363142 8.48 0.01
2458498.2364878 8.52 0.01
2458498.2366614 8.55 0.01
2458498.2368350 8.51 0.01
2458498.2371823 8.50 0.01
2458498.2373559 8.47 0.01
2458498.2375295 8.48 0.01
2458498.2377031 8.49 0.01
2458498.2378767 8.49 0.01
2458498.2383975 8.55 0.02
2458498.2387447 8.52 0.01
2458498.2390920 8.54 0.02
2458498.2396128 8.51 0.01
2458498.2401336 8.52 0.01
2458498.2403072 8.48 0.01
2458498.2404809 8.52 0.01
2458498.2406545 8.51 0.01
2458498.2408281 8.53 0.01
2458498.2410017 8.53 0.01
2458498.2411753 8.49 0.01
2458498.2415225 8.53 0.01
2458498.2416961 8.51 0.01
2458498.2418697 8.52 0.01
2458498.2422170 8.50 0.01
2458498.2423906 8.52 0.01
2458498.2427378 8.50 0.01
2458498.2430850 8.52 0.01
2458498.2432586 8.53 0.02
2458498.2434323 8.51 0.01
2458498.2436073 8.51 0.01
2458498.2437807 8.50 0.01
2458498.2441276 8.54 0.02
2458498.2444745 8.48 0.01
2458498.2446479 8.52 0.01
2458498.2448214 8.52 0.01
2458498.2449948 8.54 0.02
2458498.2453420 8.54 0.02
2458498.2456892 8.50 0.01
2458498.2460364 8.50 0.01
2458498.2465572 8.50 0.01
2458498.2470781 8.55 0.02
2458498.2475989 8.49 0.01
2458498.2477725 8.52 0.01
2458498.2479461 8.51 0.01
2458498.2482934 8.48 0.01
2458498.2484670 8.51 0.01
2458498.2486406 8.49 0.01
2458498.2488142 8.53 0.02
2458498.2489878 8.52 0.01
2458498.2491614 8.50 0.01
2458498.2493350 8.51 0.01
2458498.2500295 8.55 0.02
2458498.2502031 8.50 0.01
2458498.2503767 8.57 0.02
2458498.2505503 8.50 0.01
2458498.2508975 8.47 0.01
2458498.2510711 8.54 0.02
2458498.2514184 8.54 0.02
2458498.2517656 8.52 0.02
2458498.2522864 8.53 0.02
2458498.2526336 8.49 0.01
2458498.2528073 8.52 0.02
2458498.2529809 8.50 0.01
2458498.2531545 8.57 0.02
2458498.2535017 8.53 0.02
2458498.2536753 8.51 0.01
2458498.2538489 8.50 0.01
2458498.2541961 8.49 0.02
2458498.2543697 8.50 0.02
2458498.2545434 8.53 0.02
2458498.2547170 8.53 0.02
2458498.2548906 8.54 0.02
2458498.2552378 8.54 0.02
2458498.2554114 8.52 0.02
2458498.2555863 8.49 0.01
2458498.2561066 8.50 0.02
2458498.2562801 8.51 0.02
2458498.2564535 8.49 0.01
2458498.2566270 8.49 0.02
2458498.2568004 8.52 0.02
2458498.2569739 8.48 0.01
2458498.2571475 8.51 0.01
2458498.2573211 8.52 0.02
2458498.2574947 8.49 0.01
2458498.2576684 8.50 0.01
2458498.2578420 8.54 0.02
2458498.2580156 8.53 0.02
2458498.2581892 8.54 0.02
2458498.2587100 8.52 0.02
2458498.2588836 8.53 0.02
2458498.2590573 8.54 0.02
2458498.2592309 8.52 0.02
2458498.2594045 8.52 0.02
2458498.2595781 8.50 0.02
2458498.2597517 8.51 0.02
2458498.2599253 8.55 0.02
2458498.2606198 8.53 0.02
2458498.2607934 8.52 0.02
2458498.2609670 8.50 0.02
2458498.2611406 8.49 0.01
2458498.2613142 8.49 0.01
2458498.2614878 8.52 0.02
2458498.2616614 8.53 0.02
2458498.2618350 8.55 0.02
2458498.2620086 8.49 0.01
2458498.2621822 8.53 0.02
2458498.2625295 8.55 0.02
2458498.2628767 8.51 0.01
2458498.2630503 8.49 0.01
2458498.2632239 8.52 0.01
2458498.2635711 8.48 0.01
2458498.2637447 8.51 0.01
2458498.2642656 8.51 0.01
2458498.2646128 8.50 0.01
2458498.2651336 8.51 0.01
2458498.2653072 8.53 0.01
2458498.2656545 8.47 0.01
2458498.2658281 8.49 0.01
2458498.2660017 8.51 0.01
2458498.2663489 8.48 0.01
2458498.2666961 8.54 0.01
2458498.2672170 8.53 0.01
2458498.2673906 8.50 0.01
2458498.2675655 8.53 0.01
2458498.2679124 8.53 0.01
2458498.2686062 8.49 0.01
2458498.2691267 8.52 0.01
2458498.2693003 8.50 0.01
2458498.2701684 8.51 0.01
2458498.2712100 8.51 0.01
2458498.2725989 8.49 0.01
2458498.2731197 8.52 0.01
2458498.2739878 8.53 0.01
2458498.2741614 8.52 0.01
2458498.2743350 8.51 0.01
2458498.2746823 8.51 0.01
2458498.2750295 8.51 0.01
2458498.2755503 8.54 0.01
2458498.2757239 8.56 0.01
2458498.2767656 8.51 0.01
2458498.2772864 8.52 0.01
2458498.2783281 8.49 0.01
2458498.2785017 8.50 0.01
2458498.2795448 8.49 0.01
2458498.2797182 8.49 0.01
2458498.2798916 8.50 0.01
2458498.2802385 8.49 0.01
2458498.2807589 8.54 0.01
2458498.2809323 8.48 0.01
2458498.2811059 8.51 0.01
2458498.2819739 8.51 0.01
2458498.2833628 8.50 0.01
2458498.2835364 8.54 0.01
2458498.2840573 8.53 0.01
2458498.2863142 8.49 0.01
2458498.2870086 8.51 0.01
2458498.2873559 8.49 0.01
2458498.2880503 8.50 0.01
2458498.2882239 8.53 0.01
2458498.2885711 8.51 0.01
2458498.2887447 8.53 0.01
2458498.2890920 8.51 0.01
2458498.2894392 8.51 0.01
2458498.2901336 8.49 0.01
2458498.2911753 8.53 0.01
2458498.2915239 8.51 0.01
2458498.2916974 8.48 0.01
2458498.2927381 8.51 0.01
2458498.2929115 8.49 0.01
2458498.2930850 8.46 0.01
2458498.2944739 8.50 0.01
2458498.2953420 8.54 0.01
2458498.2982934 8.49 0.01
2458498.2989878 8.51 0.01
2458498.3000295 8.51 0.01
2458498.3002031 8.51 0.01
2458498.3003767 8.50 0.01
2458498.3005503 8.52 0.01
2458498.3007239 8.50 0.01
2458498.3012447 8.50 0.01
2458498.3019392 8.52 0.01
2458498.3024600 8.50 0.01
2458498.3026336 8.49 0.01
2458498.3031545 8.53 0.01
2458498.3033281 8.52 0.01
2458498.3035017 8.47 0.01
2458498.3036766 8.53 0.01
2458498.3041969 8.53 0.01
2458498.3043703 8.53 0.01
2458498.3055850 8.54 0.01
2458498.3057586 8.53 0.01
2458498.3064531 8.53 0.01
2458498.3066267 8.49 0.01
2458498.3069739 8.52 0.01
2458498.3083628 8.52 0.01
2458498.3088836 8.50 0.01
2458498.3094045 8.53 0.01
2458498.3097517 8.54 0.01
2458498.3099253 8.52 0.01
2458498.3104461 8.53 0.01
2458498.3111406 8.52 0.01
2458498.3114878 8.53 0.01
2458498.3118350 8.52 0.01
2458498.3121822 8.50 0.01
2458498.3130503 8.56 0.01
2458498.3132239 8.51 0.01
2458498.3133975 8.53 0.01
2458498.3142656 8.51 0.01
2458498.3146128 8.49 0.01
2458498.3149600 8.53 0.01
2458498.3153073 8.49 0.01
2458498.3154809 8.50 0.01
2458498.3156558 8.53 0.01
2458498.3160027 8.51 0.01
2458498.3163496 8.56 0.01
2458498.3170434 8.50 0.01
2458498.3172170 8.52 0.01
2458498.3175642 8.50 0.01
2458498.3177378 8.52 0.01
2458500.2340341 8.51 0.02
2458500.2342077 8.48 0.02
2458500.2343813 8.52 0.02
2458500.2349022 8.50 0.02
2458500.2350758 8.54 0.02
2458500.2354230 8.54 0.02
2458500.2355966 8.50 0.02
2458500.2359438 8.50 0.02
2458500.2361174 8.56 0.02
2458500.2364647 8.54 0.02
2458500.2366383 8.52 0.02
2458500.2368119 8.49 0.02
2458500.2369855 8.54 0.02
2458500.2371591 8.50 0.02
2458500.2375063 8.51 0.02
2458500.2376799 8.52 0.02
2458500.2380272 8.53 0.02
2458500.2382008 8.51 0.02
2458500.2383744 8.48 0.02
2458500.2392424 8.51 0.02
2458500.2394161 8.50 0.02
2458500.2395897 8.54 0.02
2458500.2397633 8.50 0.02
2458500.2401105 8.50 0.02
2458500.2402841 8.54 0.02
2458500.2404577 8.50 0.02
2458500.2406313 8.51 0.02
2458500.2408049 8.51 0.02
2458500.2411522 8.53 0.02
2458500.2413258 8.51 0.02
2458500.2414994 8.52 0.02
2458500.2418466 8.51 0.02
2458500.2421938 8.49 0.02
2458500.2423674 8.52 0.02
2458500.2425410 8.55 0.02
2458500.2428883 8.51 0.02
2458500.2430619 8.52 0.02
2458500.2434091 8.51 0.02
2458500.2437563 8.53 0.02
2458500.2439299 8.53 0.02
2458500.2446255 8.51 0.02
2458500.2447989 8.50 0.02
2458500.2449724 8.51 0.02
2458500.2453193 8.53 0.02
2458500.2456661 8.52 0.02
2458500.2458397 8.53 0.02
2458500.2460133 8.53 0.02
2458500.2461869 8.50 0.02
2458500.2463605 8.49 0.02
2458500.2465341 8.50 0.02
2458500.2467077 8.51 0.02
2458500.2468813 8.51 0.02
2458500.2470549 8.53 0.02
2458500.2472286 8.51 0.02
2458500.2474022 8.53 0.02
2458500.2475758 8.48 0.02
2458500.2480966 8.51 0.02
2458500.2482702 8.49 0.02
2458500.2484438 8.51 0.02
2458500.2486174 8.53 0.02
2458500.2487910 8.54 0.02
2458500.2489647 8.48 0.02
2458500.2493119 8.50 0.02
2458500.2496591 8.54 0.02
2458500.2501799 8.48 0.02
2458500.2503535 8.54 0.02
2458500.2505272 8.53 0.02
2458500.2508744 8.52 0.02
2458500.2513952 8.55 0.02
2458500.2515688 8.54 0.02
2458500.2517424 8.53 0.02
2458500.2519160 8.49 0.02
2458500.2520897 8.50 0.02
2458500.2522633 8.50 0.02
2458500.2524369 8.49 0.02
2458500.2526105 8.47 0.02
2458500.2527841 8.51 0.02
2458500.2531313 8.51 0.02
2458500.2533049 8.52 0.02
2458500.2534786 8.53 0.02
2458500.2539994 8.51 0.02
2458500.2543466 8.53 0.02
2458500.2546938 8.51 0.02
2458500.2553883 8.53 0.02
2458500.2555619 8.52 0.02
2458500.2557355 8.50 0.02
2458500.2560827 8.51 0.02
2458500.2564312 8.52 0.02
2458500.2569515 8.51 0.02
2458500.2571250 8.51 0.02
2458500.2576453 8.52 0.02
2458500.2581660 8.51 0.02
2458500.2588605 8.52 0.02
2458500.2590341 8.51 0.02
2458500.2592077 8.49 0.02
2458500.2604230 8.52 0.02
2458500.2605966 8.49 0.02
2458500.2607702 8.52 0.02
2458500.2609438 8.49 0.02
2458500.2611174 8.52 0.02
2458500.2614647 8.50 0.02
2458500.2619855 8.51 0.02
2458500.2621591 8.52 0.02
2458500.2623327 8.50 0.02
2458500.2625063 8.55 0.02
2458500.2626799 8.49 0.02
2458500.2630272 8.53 0.02
2458500.2632008 8.50 0.02
2458500.2633744 8.49 0.02
2458500.2635480 8.55 0.02
2458500.2637216 8.52 0.02
2458500.2640688 8.49 0.02
2458500.2642424 8.55 0.02
2458500.2644160 8.54 0.02
2458500.2647633 8.54 0.02
2458500.2649369 8.52 0.02
2458500.2654577 8.54 0.02
2458500.2656313 8.51 0.02
2458500.2658049 8.53 0.02
2458500.2661522 8.49 0.02
2458500.2664994 8.56 0.02
2458500.2666730 8.50 0.02
2458500.2668466 8.49 0.02
2458500.2670202 8.50 0.02
2458500.2671938 8.49 0.02
2458500.2673674 8.48 0.01
2458500.2675410 8.49 0.02
2458500.2680619 8.51 0.02
2458500.2689307 8.49 0.02
2458500.2691042 8.53 0.02
2458500.2692776 8.53 0.02
2458500.2694511 8.50 0.02
2458500.2704924 8.52 0.02
2458500.2706661 8.51 0.02
2458500.2708397 8.49 0.02
2458500.2710133 8.52 0.02
2458500.2711869 8.53 0.02
2458500.2713605 8.51 0.02
2458500.2718813 8.52 0.02
2458500.2725758 8.49 0.02
2458500.2727494 8.48 0.02
2458500.2729230 8.52 0.02
2458500.2732702 8.50 0.02
2458500.2736174 8.47 0.01
2458500.2753535 8.51 0.02
2458500.2757008 8.53 0.02
2458500.2758744 8.52 0.02
2458500.2767424 8.48 0.01
2458500.2777841 8.53 0.02
2458500.2781313 8.51 0.02
2458500.2784786 8.52 0.02
2458500.2789994 8.53 0.02
2458500.2791730 8.53 0.02
2458500.2795202 8.54 0.02
2458500.2796938 8.48 0.01
2458500.2798674 8.52 0.02
2458500.2800410 8.50 0.02
2458500.2803896 8.50 0.02
2458500.2805631 8.53 0.02
2458500.2809100 8.50 0.02
2458500.2810834 8.48 0.02
2458500.2814303 8.53 0.02
2458500.2816037 8.51 0.02
2458500.2817772 8.51 0.02
2458500.2819508 8.50 0.02
2458500.2821244 8.51 0.02
2458500.2829924 8.52 0.02
2458500.2833397 8.49 0.02
2458500.2835133 8.50 0.02
2458500.2840341 8.50 0.02
2458500.2842077 8.54 0.02
2458500.2845549 8.50 0.02
2458500.2847286 8.51 0.02
2458500.2849022 8.51 0.02
2458500.2854230 8.53 0.02
2458500.2859438 8.51 0.02
2458500.2861174 8.53 0.02
2458500.2866383 8.51 0.02
2458500.2868119 8.50 0.02
2458500.2873327 8.53 0.02
2458500.2875063 8.52 0.02
2458500.2878535 8.50 0.02
2458500.2880272 8.55 0.02
2458500.2882008 8.49 0.01
2458500.2885480 8.54 0.02
2458500.2887216 8.53 0.02
2458500.2902841 8.52 0.01
2458500.2921938 8.50 0.01
2458500.2925423 8.51 0.01
2458500.2928892 8.50 0.01
2458500.2930626 8.53 0.01
2458500.2934095 8.50 0.01
2458528.2613179 8.52 0.03
2458528.2618387 8.51 0.04
2458528.2625342 8.55 0.04
2458528.2627077 8.52 0.04
2458528.2630546 8.63 0.05
2458528.2634015 8.45 0.04
2458528.2637484 8.45 0.04
2458528.2639220 8.50 0.05
2458528.2640956 8.52 0.05
2458528.2644429 8.48 0.05
2458528.2647901 8.55 0.06
2458528.2661790 8.42 0.07
2458528.2670470 8.52 0.08
2458528.2675679 8.54 0.09
2458528.2677415 8.54 0.09
2458528.2684359 8.41 0.08
2458528.2689568 8.56 0.10
2458528.2691304 8.50 0.10
2458528.2696512 8.46 0.10
2458528.2705193 8.60 0.12
2458528.2708665 8.47 0.10
2458528.2710401 8.51 0.10
2458528.2719081 8.59 0.09
2458528.2724290 8.56 0.08
2458528.2727762 8.46 0.08
2458528.2729498 8.52 0.09
2458528.2743400 8.71 0.17
2458528.2764220 8.81 0.16
2458528.2765957 8.46 0.12
2458528.2767693 8.58 0.13
2458528.2769429 8.48 0.12
2458528.2774637 8.56 0.11
2458528.2776373 8.48 0.11
2458528.2781581 8.53 0.11
2458528.2786790 8.60 0.12
2458528.2795470 8.49 0.10
2458528.2800679 8.34 0.09
2458528.2809359 8.56 0.08
2458528.2812831 8.45 0.08
2458528.2814568 8.54 0.09
2458528.2816304 8.58 0.09
2458528.2818040 8.37 0.08
2458528.2823248 8.49 0.09
2458528.2833665 8.71 0.11
2458528.2842345 8.54 0.09
2458528.2861443 8.48 0.09
2458528.2878804 8.54 0.08
2458528.2885748 8.35 0.06
2458528.2899637 8.64 0.08
2458528.2908318 8.52 0.07
2458528.2916998 8.45 0.07
2458528.2923943 8.46 0.07
2458528.2932623 8.48 0.06