2458467.3668514 11.09 0.16
2458467.3685875 11.02 0.15
2458467.3687611 10.91 0.14
2458467.3689347 10.95 0.14
2458467.3692820 10.98 0.15
2458467.3696292 10.92 0.14
2458467.3698028 11.00 0.15
2458467.3708445 11.01 0.15
2458467.3711917 10.99 0.15
2458467.3715389 11.01 0.15
2458467.3734486 10.99 0.15
2458467.3746639 10.74 0.12
2458467.3760536 11.02 0.15
2458467.3762270 11.14 0.17
2458467.3764005 10.95 0.14
2458467.3779625 11.04 0.16
2458467.3784834 11.00 0.15
2458467.3810875 11.06 0.16
2458467.3845597 11.04 0.16
2458467.3852542 10.92 0.14
2458467.3869903 10.99 0.15
2458467.3889000 10.95 0.15
2458467.3916778 10.87 0.14
2458467.3928931 10.98 0.15
2458467.3970598 10.95 0.15
2458467.3975806 10.99 0.15
2458467.3986223 10.99 0.15
2458467.3987959 11.04 0.16
2458467.3993180 10.99 0.15
2458467.4007056 11.07 0.17
2458467.4043514 10.87 0.14
2458467.4064348 10.94 0.15
2458467.4081709 10.98 0.15
2458467.4147681 10.89 0.14
2458467.4152889 10.77 0.13
2458467.4201500 10.86 0.14
2458469.3667865 11.02 0.11
2458469.3670135 10.95 0.10
2458469.3671871 11.26 0.14
2458469.3673607 10.91 0.10
2458469.3675343 11.16 0.13
2458469.3677079 11.22 0.13
2458469.3678815 11.01 0.11
2458469.3680551 11.23 0.14
2458469.3682287 11.03 0.11
2458469.3684023 11.19 0.13
2458469.3685760 11.21 0.13
2458469.3687496 11.15 0.13
2458469.3689232 11.08 0.12
2458469.3690968 10.97 0.11
2458469.3692704 11.08 0.12
2458469.3694440 10.95 0.10
2458469.3696176 11.17 0.13
2458469.3697912 11.02 0.11
2458469.3699648 11.03 0.11
2458469.3701384 11.17 0.13
2458469.3703121 11.14 0.13
2458469.3704857 11.10 0.12
2458469.3706593 11.11 0.12
2458469.3708329 11.11 0.12
2458469.3710065 11.22 0.13
2458469.3711801 11.17 0.13
2458469.3713537 11.12 0.12
2458469.3715273 11.25 0.14
2458469.3717009 11.03 0.11
2458469.3718746 11.00 0.11
2458469.3720482 11.14 0.12
2458469.3722218 11.08 0.12
2458469.3723954 11.26 0.14
2458469.3725690 11.23 0.13
2458469.3727426 11.18 0.13
2458469.3729162 10.89 0.10
2458469.3730898 11.06 0.12
2458469.3732635 10.98 0.11
2458469.3734371 11.20 0.13
2458469.3736107 11.08 0.12
2458469.3737843 10.96 0.11
2458469.3739579 11.20 0.13
2458469.3743051 11.02 0.11
2458469.3744787 11.12 0.12
2458469.3746524 11.01 0.11
2458469.3748260 11.03 0.11
2458469.3749996 10.84 0.09
2458469.3751732 10.97 0.11
2458469.3753468 11.07 0.12
2458469.3755204 10.96 0.11
2458469.3756940 11.13 0.12
2458469.3758676 11.15 0.12
2458469.3760425 11.10 0.12
2458469.3762159 10.93 0.10
2458469.3763894 11.10 0.12
2458469.3765628 11.06 0.12
2458469.3767363 11.14 0.12
2458469.3769097 11.07 0.12
2458469.3770832 10.94 0.10
2458469.3772566 11.05 0.11
2458469.3774301 11.07 0.12
2458469.3776037 10.88 0.10
2458469.3777773 11.10 0.12
2458469.3779510 11.13 0.12
2458469.3781246 11.22 0.13
2458469.3782982 11.07 0.12
2458469.3784718 11.04 0.11
2458469.3786454 11.10 0.12
2458488.3047635 11.06 0.15
2458488.3049371 11.18 0.16
2458488.3051107 11.11 0.15
2458488.3066732 11.09 0.15
2458488.3082357 11.01 0.14
2458488.3111871 11.07 0.15
2458488.3143121 11.03 0.15
2458488.3146593 10.92 0.13
2458488.3160482 11.06 0.15
2458488.3165691 11.00 0.14
2458488.3167427 11.08 0.15
2458488.3172635 10.85 0.12
2458488.3179580 10.96 0.14
2458488.3183052 10.88 0.13
2458488.3200413 11.02 0.15
2458488.3228191 11.05 0.15
2458488.3229927 11.08 0.16
2458488.3250760 10.91 0.13
2458488.3264649 11.01 0.15
2458488.3283746 11.00 0.15
2458488.3325413 10.86 0.13
2458488.3337574 10.89 0.13
2458488.3341043 11.06 0.16
2458488.3353191 11.00 0.15
2458488.3375760 11.05 0.16
2458488.3398330 11.05 0.16
2458488.3407010 10.72 0.12
2458488.3410482 11.06 0.16
2458488.3488607 10.90 0.14
2458488.3493816 11.07 0.16
2458488.3502496 10.98 0.15
2458488.3544163 11.12 0.17
2458488.3556316 11.00 0.15
2458488.3561524 11.00 0.15
2458488.3589302 10.94 0.14
2458488.3597982 10.99 0.15
2458488.3599718 10.93 0.14
2458488.3636177 11.17 0.18
2458488.3637913 10.96 0.15
2458488.3662219 10.99 0.15
2458488.3726455 11.02 0.16
2458488.3728191 10.98 0.15
2458493.2519739 10.96 0.13
2458493.2523211 11.05 0.14
2458493.2531892 10.94 0.13
2458493.2533628 11.08 0.14
2458493.2537100 11.06 0.14
2458493.2538836 11.13 0.15
2458493.2540586 10.99 0.13
2458493.2542320 10.97 0.13
2458493.2544055 10.94 0.13
2458493.2556198 11.02 0.13
2458493.2559670 11.18 0.16
2458493.2561406 10.99 0.13
2458493.2566614 11.04 0.14
2458493.2577031 11.13 0.15
2458493.2578767 11.17 0.15
2458493.2580503 10.85 0.12
2458493.2583975 11.13 0.15
2458493.2585711 11.09 0.14
2458493.2587447 11.04 0.14
2458493.2589184 11.17 0.16
2458493.2590920 11.01 0.13
2458493.2592656 10.94 0.12
2458493.2594392 11.23 0.16
2458493.2599600 10.91 0.12
2458493.2603072 11.15 0.15
2458493.2604809 10.97 0.13
2458493.2606545 10.98 0.13
2458493.2608281 10.90 0.12
2458493.2611753 11.02 0.14
2458493.2613489 10.97 0.13
2458493.2615225 11.14 0.15
2458493.2620434 11.14 0.15
2458493.2623906 11.04 0.14
2458493.2625642 10.92 0.12
2458493.2627378 10.97 0.13
2458493.2630850 11.06 0.14
2458493.2634323 11.14 0.15
2458493.2636059 11.09 0.14
2458493.2637795 10.97 0.13
2458493.2646475 11.08 0.14
2458493.2649948 11.10 0.14
2458493.2656892 11.13 0.15
2458493.2662112 10.98 0.13
2458493.2663847 11.19 0.16
2458493.2665581 10.99 0.13
2458493.2677725 11.06 0.14
2458493.2679461 11.10 0.15
2458493.2682934 11.11 0.14
2458493.2684670 11.11 0.15
2458493.2688142 11.05 0.14
2458493.2691614 11.06 0.14
2458493.2695086 11.18 0.16
2458493.2700295 10.99 0.13
2458493.2702031 11.20 0.16
2458493.2703767 11.21 0.16
2458493.2708975 11.05 0.14
2458493.2710711 11.09 0.14
2458493.2714184 11.04 0.14
2458493.2717656 11.12 0.15
2458493.2722864 11.08 0.14
2458493.2724600 11.07 0.14
2458493.2729809 10.98 0.13
2458493.2733281 10.96 0.13
2458493.2735017 11.13 0.15
2458493.2738489 11.23 0.16
2458493.2740225 11.16 0.15
2458493.2741961 11.03 0.14
2458493.2745434 11.06 0.14
2458493.2747170 11.03 0.14
2458493.2748906 11.19 0.16
2458493.2750642 11.07 0.14
2458493.2752378 11.07 0.14
2458493.2754114 11.08 0.14
2458493.2759322 11.10 0.14
2458493.2762795 11.24 0.16
2458493.2764531 11.03 0.14
2458493.2766267 11.06 0.14
2458493.2769739 11.00 0.13
2458493.2773211 11.08 0.14
2458493.2774947 11.23 0.16
2458493.2776684 11.12 0.15
2458493.2785373 10.97 0.13
2458493.2787107 11.08 0.14
2458493.2794045 10.99 0.13
2458493.2795781 11.06 0.14
2458493.2797517 11.21 0.16
2458493.2799253 11.07 0.14
2458493.2802725 10.97 0.13
2458493.2806198 11.05 0.14
2458493.2813142 11.19 0.16
2458493.2827031 11.02 0.14
2458493.2828767 11.17 0.15
2458493.2842656 11.12 0.15
2458493.2844392 11.03 0.13
2458493.2849600 11.09 0.14
2458493.2856545 11.11 0.15
2458493.2858281 11.15 0.15
2458493.2860017 11.02 0.14
2458493.2861753 10.97 0.13
2458493.2866961 10.92 0.12
2458493.2870434 11.12 0.15
2458493.2872170 11.13 0.15
2458493.2879114 11.08 0.14
2458493.2882586 11.17 0.15
2458493.2886059 11.03 0.14
2458493.2893003 11.02 0.14
2458493.2917309 10.94 0.13
2458493.2919045 11.15 0.15
2458493.2922517 11.16 0.15
2458493.2925989 10.99 0.13
2458493.2927725 11.08 0.14
2458493.2929461 11.05 0.14
2458493.2931197 11.06 0.14
2458493.2934670 11.20 0.16
2458493.2943350 10.93 0.12
2458493.2946823 11.19 0.16
2458493.2948559 11.12 0.15
2458493.2955503 11.03 0.14
2458493.2958975 11.04 0.14
2458493.2972864 10.99 0.13
2458493.2974600 10.99 0.13
2458493.2976336 11.09 0.15
2458493.2985017 11.14 0.15
2458493.2986753 10.99 0.13
2458493.2990225 11.21 0.16
2458493.2993697 10.87 0.12
2458493.3002378 10.94 0.13
2458493.3018931 10.92 0.12
2458493.3023327 10.95 0.13
2458493.3033744 10.97 0.13
2458493.3037216 11.12 0.15
2458493.3038952 11.06 0.14
2458493.3047633 11.20 0.16
2458493.3049369 10.92 0.12
2458493.3051105 11.07 0.14
2458493.3061522 11.06 0.14
2458493.3066730 11.03 0.14
2458493.3077147 11.07 0.14
2458493.3078883 11.10 0.14
2458493.3080619 11.02 0.13
2458493.3085827 11.16 0.15
2458493.3087563 10.92 0.12
2458493.3096244 11.03 0.13
2458493.3097980 10.93 0.12
2458493.3099716 10.90 0.12
2458493.3101452 11.14 0.15
2458493.3103188 11.05 0.14
2458493.3104924 11.12 0.15
2458493.3115341 11.23 0.16
2458493.3117077 11.19 0.16
2458493.3118813 11.11 0.14
2458493.3120549 11.31 0.17
2458493.3125767 11.02 0.13
2458493.3129236 11.07 0.14
2458493.3130971 10.91 0.12
2458493.3132705 10.94 0.12
2458493.3134439 10.99 0.13
2458493.3136174 11.07 0.14
2458493.3137910 11.00 0.13
2458493.3141383 11.24 0.16
2458493.3143119 11.16 0.15
2458493.3144855 10.93 0.12
2458493.3146591 10.97 0.13
2458493.3148327 10.93 0.12
2458493.3150063 11.14 0.15
2458493.3151799 11.20 0.16
2458493.3155272 11.13 0.15
2458493.3157008 11.12 0.15
2458493.3160480 11.03 0.13
2458493.3162216 11.14 0.15
2458493.3167424 11.03 0.14
2458493.3170897 11.13 0.15
2458493.3172633 11.14 0.15
2458493.3174369 10.87 0.11
2458493.3176105 11.05 0.14
2458493.3177841 11.16 0.15
2458493.3179577 11.02 0.13
2458493.3181313 10.99 0.13
2458493.3183049 10.97 0.13
2458493.3184786 11.10 0.14
2458493.3186522 10.96 0.12
2458493.3188258 10.98 0.13
2458493.3191730 11.06 0.14
2458493.3193466 10.95 0.12
2458493.3195202 11.19 0.15
2458493.3198674 11.05 0.14
2458493.3200411 10.97 0.13
2458493.3202147 10.93 0.12
2458493.3203883 10.92 0.12
2458493.3207355 11.05 0.13
2458493.3209091 10.90 0.12
2458493.3210827 11.26 0.17
2458493.3214299 11.14 0.15
2458493.3219508 11.16 0.15
2458493.3221244 11.08 0.14
2458493.3222980 11.08 0.14
2458493.3224716 10.93 0.12
2458493.3228188 11.04 0.13
2458493.3229924 11.10 0.14
2458493.3231662 11.10 0.14
2458493.3233397 11.17 0.15
2458493.3235133 10.98 0.13
2458493.3236869 11.25 0.16
2458493.3238605 10.97 0.13
2458493.3242090 10.94 0.12
2458493.3243824 10.86 0.12
2458493.3245559 11.04 0.13
2458493.3247293 10.92 0.12
2458493.3250762 10.84 0.11
2458493.3254231 11.13 0.15
2458493.3255966 10.99 0.13
2458493.3257702 10.95 0.13
2458493.3264647 11.20 0.16
2458493.3269855 11.09 0.14
2458493.3271591 11.10 0.14
2458493.3280272 11.12 0.14
2458493.3282008 11.04 0.13
2458493.3285480 11.04 0.13
2458493.3287216 10.93 0.12
2458493.3290688 11.05 0.14
2458493.3295897 11.13 0.15
2458493.3299369 11.12 0.14
2458493.3301105 11.04 0.13
2458493.3306313 11.08 0.14
2458493.3309785 11.17 0.15
2458493.3311522 11.11 0.14
2458493.3316730 10.88 0.12
2458493.3320202 10.91 0.12
2458493.3321938 11.01 0.13
2458493.3323674 11.21 0.16
2458493.3328883 11.09 0.14
2458493.3330619 11.15 0.15
2458493.3332355 11.21 0.16
2458493.3337563 11.01 0.13
2458493.3341036 11.12 0.14
2458493.3342772 11.04 0.13
2458493.3344508 10.91 0.12
2458493.3346244 11.02 0.13
2458493.3347980 10.96 0.13
2458493.3349716 11.13 0.15
2458493.3354924 10.89 0.12
2458493.3361882 11.12 0.14
2458493.3365351 11.03 0.13
2458493.3367085 10.82 0.11
2458493.3372288 11.04 0.14
2458493.3374023 10.91 0.12
2458493.3375758 11.11 0.14
2458493.3377494 11.11 0.15
2458493.3379230 11.05 0.14
2458493.3382702 11.12 0.15
2458493.3386174 10.96 0.13
2458493.3389647 11.05 0.14
2458493.3391383 11.25 0.17
2458493.3394855 10.99 0.13
2458493.3400063 11.01 0.13
2458493.3408744 11.08 0.14
2458493.3412216 11.09 0.14
2458493.3415688 11.16 0.15
2458493.3417424 11.00 0.13
2458493.3422633 11.21 0.16
2458493.3424369 10.91 0.12
2458493.3426105 11.01 0.13
2458493.3427841 11.10 0.14
2458493.3431313 11.17 0.15
2458493.3434786 11.09 0.14
2458493.3436522 11.04 0.14
2458493.3439994 11.16 0.15
2458493.3446938 10.99 0.13
2458493.3448674 11.02 0.13
2458493.3453883 11.23 0.16
2458493.3457355 10.99 0.13
2458493.3462563 11.14 0.15
2458493.3464299 11.09 0.14
2458493.3466035 11.07 0.14
2458493.3471244 11.15 0.15
2458493.3476452 11.05 0.14
2458493.3478188 10.91 0.12
2458493.3479924 11.15 0.15
2458493.3483408 11.06 0.14
2458493.3486876 11.06 0.14
2458493.3490345 11.09 0.14
2458493.3492080 11.19 0.16
2458493.3493814 11.24 0.17
2458493.3497286 11.09 0.14
2458493.3499022 11.01 0.13
2458493.3504230 11.06 0.14
2458493.3505966 11.18 0.16
2458493.3507702 11.23 0.16
2458493.3509438 11.20 0.16
2458493.3511174 11.18 0.15
2458493.3516383 11.08 0.14
2458493.3519855 10.96 0.13
2458493.3521591 11.09 0.14
2458493.3523327 10.96 0.13
2458493.3525063 11.14 0.15
2458493.3526799 11.05 0.14
2458493.3530272 11.17 0.15
2458493.3537216 11.23 0.16
2458493.3540688 11.15 0.15
2458493.3542424 11.14 0.15
2458493.3545897 11.01 0.13
2458493.3547633 10.94 0.12
2458493.3549369 11.32 0.17
2458493.3551105 11.04 0.14
2458493.3554577 11.17 0.15
2458493.3556313 11.01 0.13
2458493.3558049 11.07 0.14
2458493.3561522 11.02 0.13
2458493.3564994 11.05 0.14
2458493.3566730 10.88 0.12
2458493.3570202 11.19 0.16
2458493.3575411 11.15 0.15
2458493.3577147 11.14 0.15
2458493.3580619 11.13 0.15
2458493.3584091 11.22 0.16
2458493.3585827 11.13 0.15
2458493.3589299 10.95 0.13
2458493.3591036 11.08 0.14
2458493.3592772 10.88 0.12
2458493.3599716 11.05 0.14
2458493.3603199 11.18 0.16
2458493.3608403 11.11 0.14
2458493.3610137 11.17 0.15
2458493.3611871 11.06 0.14
2458493.3617077 11.02 0.14
2458493.3618813 11.25 0.17
2458493.3625758 10.90 0.12
2458493.3630966 11.07 0.14
2458493.3634438 11.09 0.14
2458493.3636174 10.98 0.13
2458493.3637911 11.05 0.14
2458493.3646591 10.85 0.12
2458493.3648327 11.00 0.13
2458493.3651799 10.89 0.12
2458493.3653536 10.92 0.12
2458493.3655272 11.03 0.13
2458493.3658744 10.99 0.13
2458493.3674369 10.99 0.13
2458493.3676105 10.99 0.13
2458493.3686522 11.17 0.15
2458493.3689994 11.02 0.13
2458493.3691730 11.04 0.14
2458493.3696938 11.00 0.13
2458493.3700410 11.14 0.15
2458493.3702147 11.09 0.14
2458493.3717772 10.88 0.12
2458493.3721257 11.18 0.16
2458493.3722991 10.98 0.13
2458493.3728194 11.10 0.15
2458493.3729928 11.03 0.14
2458493.3736869 11.09 0.14
2458493.3742077 11.10 0.15
2458493.3745549 11.07 0.14
2458493.3749022 11.05 0.14
2458493.3750758 11.18 0.16
2458493.3755966 10.87 0.12
2458493.3757702 10.97 0.13
2458493.3759438 10.92 0.12
2458493.3764647 11.21 0.16
2458493.3766383 10.97 0.13
2458493.3775063 11.12 0.15
2458493.3776799 10.96 0.13
2458493.3780272 11.01 0.14
2458493.3782008 10.98 0.13
2458493.3785480 10.84 0.12
2458493.3795897 11.13 0.15
2458493.3802841 11.10 0.15
2458493.3804577 10.97 0.13
2458493.3813258 11.08 0.14
2458493.3816730 11.01 0.14
2458493.3818466 11.12 0.15
2458493.3820202 11.14 0.15
2458493.3823674 11.16 0.16
2458493.3825411 10.99 0.14
2458493.3834091 11.01 0.14
2458493.3837563 10.97 0.13
2458493.3842782 10.96 0.13
2458493.3846251 10.88 0.12
2458493.3847985 11.02 0.14
2458493.3854924 10.96 0.13
2458493.3858397 10.92 0.13
2458493.3863605 11.19 0.16
2458493.3865341 11.02 0.14
2458493.3868813 11.18 0.16
2458493.3870549 11.11 0.15
2458493.3872286 11.26 0.17
2458493.3875758 10.98 0.13
2458493.3879230 10.94 0.13
2458493.3889647 11.10 0.15
2458493.3891383 11.15 0.16
2458493.3893119 11.07 0.14
2458493.3898327 11.09 0.15
2458493.3901799 11.15 0.16
2458493.3903536 11.05 0.14
2458493.3907008 11.20 0.17
2458493.3913952 11.06 0.15
2458493.3920897 11.12 0.15
2458493.3922633 11.05 0.14
2458493.3924369 11.08 0.15
2458493.3926105 11.16 0.16
2458493.3929577 10.99 0.14
2458493.3936522 11.06 0.15
2458493.3938258 11.03 0.14
2458493.3939994 11.05 0.15
2458493.3943466 11.12 0.15
2458493.3945202 11.00 0.14
2458493.3946938 11.12 0.16
2458493.3950411 11.02 0.14
2458493.3953883 11.01 0.14
2458493.3957355 10.93 0.13
2458493.3959105 11.17 0.16
2458493.3960839 10.92 0.13
2458493.3962574 10.96 0.13
2458493.3964308 11.09 0.15
2458493.3967777 10.85 0.12
2458493.3971246 11.04 0.14
2458493.3972980 11.14 0.16
2458493.3974716 11.05 0.15
2458493.3976452 10.92 0.13
2458493.3979924 10.98 0.14
2458493.3986869 11.10 0.15
2458493.3990341 10.97 0.14
2458493.3997285 11.15 0.16
2458493.4000758 11.06 0.15
2458493.4002494 10.99 0.14
2458493.4004230 11.13 0.16
2458493.4011174 11.07 0.15
2458493.4016383 11.08 0.15
2458493.4018119 11.12 0.16
2458493.4021591 11.06 0.15
2458493.4025063 11.08 0.15
2458493.4026799 11.06 0.15
2458493.4028536 11.02 0.14
2458493.4040688 11.05 0.15
2458493.4042424 11.05 0.15
2458493.4045897 10.96 0.14
2458493.4047633 11.00 0.14
2458493.4049369 10.98 0.14
2458493.4051105 10.90 0.13
2458493.4059786 10.91 0.13
2458493.4063258 10.80 0.12
2458493.4075410 10.96 0.14
2458493.4084099 10.97 0.14
2458493.4087568 11.00 0.14
2458493.4091037 10.99 0.14
2458493.4097980 11.06 0.15
2458493.4110133 11.02 0.15
2458493.4120549 10.97 0.14
2458493.4143119 11.08 0.16
2458493.4155272 11.14 0.17
2458493.4157008 11.12 0.16
2458495.1658397 10.66 0.15
2458495.1854577 10.72 0.15
2458495.2220897 10.83 0.16
2458495.2227841 10.85 0.16
2458495.2535133 10.80 0.15
2458495.2561175 10.95 0.17
2458495.2672295 10.89 0.16
2458495.2679233 10.85 0.15
2458495.2682702 10.97 0.17
2458495.2778188 10.91 0.16
2458495.2779924 10.79 0.14
2458495.2781660 10.83 0.15
2458495.2809438 10.93 0.16
2458495.2814647 10.90 0.16
2458495.2823327 10.94 0.16
2458495.2825063 10.98 0.17
2458495.2828536 10.89 0.15
2458495.2832008 10.86 0.15
2458495.2833744 10.97 0.17
2458495.2837216 10.85 0.15
2458495.2885827 10.73 0.13
2458495.2930966 10.90 0.16
2458495.2969160 10.76 0.14
2458495.2983049 10.64 0.12
2458495.2995202 10.97 0.16
2458495.3007355 10.97 0.17
2458495.3016035 10.89 0.15
2458495.3017772 10.80 0.14
2458495.3021244 10.71 0.13
2458495.3028202 10.94 0.16
2458495.3035140 10.88 0.15
2458495.3038609 10.88 0.16
2458495.3057702 10.87 0.15
2458495.3061174 10.90 0.16
2458495.3076799 10.85 0.15
2458495.3085480 10.82 0.15
2458495.3108049 10.84 0.15
2458495.3111522 10.98 0.17
2458498.1660017 10.96 0.16
2458498.1672176 10.79 0.14
2458498.1677379 10.98 0.17
2458498.1712100 10.90 0.15
2458498.1734670 10.98 0.16
2458498.1795436 11.01 0.16
2458498.1804114 10.98 0.15
2458498.1809323 11.04 0.16
2458498.1823211 10.92 0.14
2458498.1918697 11.06 0.16
2458498.1923906 10.99 0.15
2458498.1930850 10.93 0.14
2458498.1943003 11.08 0.16
2458498.1946475 10.93 0.14
2458498.1951684 11.01 0.15
2458498.1970784 11.05 0.15
2458498.2007239 11.05 0.15
2458498.2021128 11.03 0.15
2458498.2028072 11.00 0.14
2458498.2040225 10.92 0.13
2458498.2041961 10.98 0.14
2458498.2047170 10.93 0.13
2458498.2059323 10.92 0.13
2458498.2061059 11.04 0.15
2458498.2064531 11.10 0.15
2458498.2068003 11.05 0.15
2458498.2080169 11.08 0.15
2458498.2081904 11.07 0.15
2458498.2087107 11.11 0.16
2458498.2094045 11.14 0.16
2458498.2097517 11.07 0.15
2458498.2099253 11.03 0.15
2458498.2102725 11.11 0.15
2458498.2104461 11.11 0.15
2458498.2111406 11.06 0.15
2458498.2114878 11.12 0.16
2458498.2116614 10.92 0.13
2458498.2118350 11.07 0.15
2458498.2127031 10.89 0.13
2458498.2128767 11.16 0.16
2458498.2135711 11.06 0.15
2458498.2137448 11.08 0.15
2458498.2139184 11.08 0.15
2458498.2140920 11.03 0.15
2458498.2144392 11.03 0.14
2458498.2146128 11.01 0.14
2458498.2153072 11.06 0.15
2458498.2154809 11.12 0.16
2458498.2170434 10.97 0.14
2458498.2182586 10.97 0.13
2458498.2184322 10.94 0.13
2458498.2187795 10.91 0.13
2458498.2198225 10.90 0.13
2458498.2205163 10.99 0.14
2458498.2212101 11.07 0.15
2458498.2215573 10.96 0.14
2458498.2229461 11.20 0.16
2458498.2236406 11.05 0.14
2458498.2239878 10.94 0.13
2458498.2243350 10.96 0.13
2458498.2245086 11.25 0.17
2458498.2248559 11.08 0.14
2458498.2253767 11.18 0.16
2458498.2255503 11.02 0.14
2458498.2258975 10.94 0.13
2458498.2260711 10.97 0.13
2458498.2262447 11.12 0.15
2458498.2265920 10.98 0.13
2458498.2269392 11.07 0.15
2458498.2271128 10.88 0.12
2458498.2272864 10.96 0.13
2458498.2274600 11.01 0.14
2458498.2276336 11.09 0.15
2458498.2279809 11.04 0.14
2458498.2283281 11.09 0.15
2458498.2285017 11.04 0.14
2458498.2286753 11.03 0.14
2458498.2288489 11.24 0.17
2458498.2290225 10.96 0.13
2458498.2295434 11.03 0.14
2458498.2305850 11.03 0.14
2458498.2311059 10.93 0.13
2458498.2319750 11.06 0.15
2458498.2321485 11.02 0.14
2458498.2326688 10.99 0.14
2458498.2328422 10.98 0.14
2458498.2337100 11.00 0.14
2458498.2338836 11.06 0.15
2458498.2344045 10.95 0.14
2458498.2349253 10.80 0.12
2458498.2350989 10.95 0.14
2458498.2354461 10.93 0.13
2458498.2357934 11.06 0.15
2458498.2363142 10.89 0.13
2458498.2380503 10.97 0.14
2458498.2382239 10.98 0.14
2458498.2389184 11.06 0.16
2458498.2392656 11.00 0.15
2458498.2394392 11.11 0.16
2458498.2396128 10.99 0.14
2458498.2397864 11.04 0.15
2458498.2401336 11.07 0.15
2458498.2403072 11.12 0.16
2458498.2406545 10.99 0.14
2458498.2408281 10.92 0.14
2458498.2410017 10.88 0.13
2458498.2423906 10.87 0.13
2458498.2427378 11.09 0.16
2458498.2429114 11.00 0.14
2458498.2432586 11.07 0.15
2458498.2434323 11.05 0.15
2458498.2437807 11.01 0.15
2458498.2444745 11.06 0.15
2458498.2446479 11.01 0.15
2458498.2449948 10.94 0.14
2458498.2453420 11.08 0.16
2458498.2458628 11.03 0.15
2458498.2462100 10.85 0.13
2458498.2463836 10.99 0.14
2458498.2465572 11.01 0.15
2458498.2467309 10.78 0.12
2458498.2472517 11.05 0.15
2458498.2479461 10.98 0.14
2458498.2484670 11.00 0.14
2458498.2486406 11.02 0.15
2458498.2489878 10.93 0.14
2458498.2493350 11.14 0.17
2458498.2500295 11.08 0.15
2458498.2502031 10.94 0.14
2458498.2505503 11.08 0.16
2458498.2515920 10.96 0.14
2458498.2517656 10.96 0.14
2458498.2521128 10.88 0.13
2458498.2524600 10.94 0.14
2458498.2526336 11.00 0.15
2458498.2528073 10.93 0.14
2458498.2531545 10.89 0.13
2458498.2535017 10.87 0.13
2458498.2541961 10.82 0.13
2458498.2543697 11.02 0.15
2458498.2548906 10.89 0.13
2458498.2552378 11.07 0.16
2458498.2554114 11.04 0.15
2458498.2568004 10.94 0.14
2458498.2574947 11.06 0.16
2458498.2576684 10.94 0.14
2458498.2578420 11.03 0.15
2458498.2583628 11.11 0.16
2458498.2585364 10.95 0.14
2458498.2587100 10.96 0.15
2458498.2588836 11.04 0.16
2458498.2592309 10.99 0.15
2458498.2594045 10.98 0.15
2458498.2604461 10.99 0.15
2458498.2607934 10.90 0.14
2458498.2609670 10.84 0.13
2458498.2613142 10.96 0.14
2458498.2614878 11.07 0.16
2458498.2618350 11.01 0.15
2458498.2620086 11.09 0.16
2458498.2625295 10.97 0.15
2458498.2627031 10.99 0.12
2458498.2630503 11.15 0.14
2458498.2632239 11.05 0.13
2458498.2633975 10.98 0.12
2458498.2635711 11.01 0.12
2458498.2637447 11.03 0.13
2458498.2639184 11.08 0.13
2458498.2640920 10.97 0.12
2458498.2642656 10.82 0.11
2458498.2647864 11.04 0.13
2458498.2649600 11.03 0.13
2458498.2651336 11.07 0.13
2458498.2653072 10.95 0.12
2458498.2654809 11.14 0.14
2458498.2656545 11.12 0.14
2458498.2658281 10.91 0.12
2458498.2660017 10.99 0.12
2458498.2661753 10.92 0.12
2458498.2663489 11.23 0.15
2458498.2665225 11.00 0.12
2458498.2666961 10.97 0.12
2458498.2670434 11.09 0.13
2458498.2672170 10.93 0.12
2458498.2673906 11.10 0.14
2458498.2677389 11.04 0.13
2458498.2679124 10.91 0.11
2458498.2680858 10.99 0.12
2458498.2682593 10.95 0.12
2458498.2686062 10.96 0.12
2458498.2687796 11.03 0.13
2458498.2689531 11.09 0.13
2458498.2691267 11.02 0.13
2458498.2693003 11.15 0.14
2458498.2696475 11.03 0.13
2458498.2698211 11.02 0.13
2458498.2699947 11.12 0.14
2458498.2701684 11.29 0.16
2458498.2703420 11.06 0.13
2458498.2705156 11.16 0.14
2458498.2706892 11.16 0.14
2458498.2708628 10.97 0.12
2458498.2710364 11.18 0.14
2458498.2712100 11.03 0.12
2458498.2713836 11.07 0.13
2458498.2715572 11.02 0.12
2458498.2717309 10.96 0.12
2458498.2719045 11.00 0.12
2458498.2720781 11.04 0.13
2458498.2722517 11.07 0.13
2458498.2724253 11.17 0.14
2458498.2725989 11.03 0.12
2458498.2727725 11.25 0.15
2458498.2729461 11.15 0.14
2458498.2731197 11.04 0.13
2458498.2732934 11.10 0.13
2458498.2734670 10.95 0.12
2458498.2736406 11.03 0.12
2458498.2738142 11.03 0.13
2458498.2739878 11.02 0.12
2458498.2741614 10.89 0.11
2458498.2743350 10.85 0.11
2458498.2745086 10.99 0.12
2458498.2746823 11.02 0.12
2458498.2748559 11.24 0.15
2458498.2750295 10.86 0.11
2458498.2752031 11.00 0.12
2458498.2753767 11.12 0.13
2458498.2755503 11.26 0.15
2458498.2757239 11.24 0.15
2458498.2758975 11.02 0.12
2458498.2760711 11.08 0.13
2458498.2762448 10.99 0.12
2458498.2764184 10.99 0.12
2458498.2765920 11.18 0.14
2458498.2767656 11.02 0.12
2458498.2776336 10.91 0.11
2458498.2778072 11.04 0.13
2458498.2779809 11.03 0.13
2458498.2781545 11.00 0.12
2458498.2783281 11.20 0.15
2458498.2785017 11.11 0.13
2458498.2786753 11.04 0.13
2458498.2790225 11.18 0.14
2458498.2793697 10.98 0.12
2458498.2795448 11.02 0.13
2458498.2797182 11.13 0.14
2458498.2798916 10.87 0.11
2458498.2800651 10.94 0.11
2458498.2802385 11.05 0.13
2458498.2804120 10.93 0.11
2458498.2807589 11.20 0.15
2458498.2809323 11.16 0.14
2458498.2811059 11.25 0.15
2458498.2812795 10.92 0.11
2458498.2814531 11.06 0.13
2458498.2816267 11.00 0.12
2458498.2818003 11.00 0.12
2458498.2819739 11.01 0.12
2458498.2824948 11.07 0.13
2458498.2826684 11.17 0.15
2458498.2828420 10.93 0.12
2458498.2830156 11.09 0.14
2458498.2831892 10.95 0.12
2458498.2837100 10.92 0.12
2458498.2838836 11.03 0.13
2458498.2840573 10.99 0.12
2458498.2842309 11.00 0.12
2458498.2844045 11.14 0.14
2458498.2845781 10.82 0.10
2458498.2847517 11.12 0.14
2458498.2849253 11.03 0.13
2458498.2850989 11.07 0.13
2458498.2854461 11.08 0.13
2458498.2856197 11.22 0.15
2458498.2859670 11.09 0.14
2458498.2861406 11.12 0.14
2458498.2863142 10.83 0.11
2458498.2866614 11.03 0.13
2458498.2870086 11.08 0.14
2458498.2871822 11.29 0.16
2458498.2877031 10.90 0.11
2458498.2878767 11.13 0.14
2458498.2883975 11.15 0.14
2458498.2885711 10.83 0.11
2458498.2887447 10.97 0.12
2458498.2889184 11.19 0.15
2458498.2890920 10.99 0.13
2458498.2892656 11.05 0.13
2458498.2894392 11.17 0.15
2458498.2896128 11.09 0.14
2458498.2897864 11.12 0.14
2458498.2899600 11.15 0.14
2458498.2903073 11.19 0.15
2458498.2904809 11.13 0.14
2458498.2906545 10.95 0.12
2458498.2908281 10.91 0.12
2458498.2910017 10.99 0.12
2458498.2911753 11.02 0.13
2458498.2913489 11.16 0.15
2458498.2915239 11.11 0.14
2458498.2920443 11.04 0.13
2458498.2923912 11.06 0.13
2458498.2925646 11.16 0.15
2458498.2929115 10.98 0.13
2458498.2930850 11.10 0.14
2458498.2932586 10.98 0.13
2458498.2934322 11.13 0.14
2458498.2936059 11.10 0.14
2458498.2937795 11.20 0.15
2458498.2939531 11.05 0.13
2458498.2941267 10.94 0.12
2458498.2943003 11.05 0.14
2458498.2944739 10.96 0.13
2458498.2946475 11.03 0.14
2458498.2948211 10.88 0.12
2458498.2949947 11.14 0.15
2458498.2951684 11.12 0.14
2458498.2955156 10.80 0.11
2458498.2956892 11.07 0.14
2458498.2958628 11.16 0.15
2458498.2960364 11.06 0.13
2458498.2963836 11.11 0.14
2458498.2965572 11.01 0.13
2458498.2967309 11.11 0.14
2458498.2969045 11.01 0.13
2458498.2970781 10.99 0.12
2458498.2974253 11.21 0.15
2458498.2975989 11.06 0.13
2458498.2977725 11.17 0.15
2458498.2982934 10.83 0.11
2458498.2988142 10.96 0.12
2458498.2989878 11.12 0.14
2458498.2993350 11.01 0.13
2458498.2995086 11.01 0.13
2458498.2996823 10.96 0.12
2458498.2998559 11.12 0.14
2458498.3000295 11.06 0.14
2458498.3002031 10.91 0.12
2458498.3003767 11.21 0.15
2458498.3005503 11.07 0.14
2458498.3007239 11.00 0.13
2458498.3010711 10.97 0.12
2458498.3012447 11.08 0.14
2458498.3015920 10.99 0.13
2458498.3017656 11.12 0.14
2458498.3021128 10.88 0.11
2458498.3022864 10.97 0.12
2458498.3024600 10.93 0.12
2458498.3026336 10.99 0.12
2458498.3029809 10.96 0.12
2458498.3031545 10.94 0.12
2458498.3033281 11.04 0.13
2458498.3035017 11.12 0.14
2458498.3036766 11.16 0.15
2458498.3038500 11.00 0.12
2458498.3040235 10.94 0.12
2458498.3041969 11.19 0.15
2458498.3043703 10.98 0.12
2458498.3045438 11.04 0.13
2458498.3047172 10.95 0.12
2458498.3048907 11.06 0.13
2458498.3050642 11.07 0.14
2458498.3052378 10.84 0.11
2458498.3054114 11.12 0.14
2458498.3055850 11.06 0.13
2458498.3059323 11.02 0.13
2458498.3062795 11.16 0.15
2458498.3064531 11.25 0.16
2458498.3066267 11.11 0.14
2458498.3068003 11.00 0.13
2458498.3069739 11.07 0.14
2458498.3071475 11.04 0.13
2458498.3073211 11.15 0.15
2458498.3074948 11.18 0.15
2458498.3076684 10.97 0.12
2458498.3080156 10.87 0.11
2458498.3081892 11.06 0.13
2458498.3083628 11.03 0.13
2458498.3085364 11.22 0.15
2458498.3090572 11.10 0.14
2458498.3092309 11.02 0.13
2458498.3094045 11.12 0.14
2458498.3095781 11.13 0.14
2458498.3097517 11.01 0.13
2458498.3099253 11.17 0.15
2458498.3102725 10.93 0.12
2458498.3106197 11.18 0.15
2458498.3107934 11.12 0.14
2458498.3109670 11.05 0.14
2458498.3111406 11.03 0.13
2458498.3114878 11.07 0.14
2458498.3116614 11.02 0.13
2458498.3120086 11.05 0.14
2458498.3123559 10.98 0.13
2458498.3133975 11.18 0.15
2458498.3135711 11.08 0.14
2458498.3137448 11.07 0.14
2458498.3139184 10.89 0.12
2458498.3140920 11.25 0.16
2458498.3144392 10.78 0.11
2458498.3146128 10.96 0.12
2458498.3147864 11.04 0.13
2458498.3151336 11.05 0.13
2458498.3153073 11.05 0.14
2458498.3154809 11.13 0.15
2458498.3156558 10.88 0.12
2458498.3158292 10.93 0.12
2458498.3160027 10.94 0.13
2458498.3161761 11.13 0.15
2458498.3166965 10.93 0.12
2458498.3170434 10.98 0.13
2458498.3172170 11.18 0.15
2458498.3173906 10.95 0.12
2458498.3175642 10.89 0.12
2458498.3177378 11.05 0.14
2458498.3179114 11.02 0.13
2458498.3180850 11.06 0.14
2458500.2460133 11.02 0.16
2458500.2463605 10.80 0.13
2458500.2493119 10.92 0.15
2458500.2507008 10.84 0.14
2458500.2520897 10.97 0.16
2458500.2522633 10.98 0.15
2458500.2534786 11.03 0.16
2458500.2538258 10.95 0.15
2458500.2539994 10.91 0.15
2458500.2546938 10.97 0.16
2458500.2548674 11.04 0.17
2458500.2550411 10.79 0.13
2458500.2553883 10.98 0.16
2458500.2557355 11.01 0.16
2458500.2559091 11.02 0.16
2458500.2578188 11.01 0.16
2458500.2604230 10.92 0.14
2458500.2612911 10.96 0.15
2458500.2630272 10.94 0.14
2458500.2684104 11.00 0.15
2458500.2696245 11.04 0.16
2458500.2713605 10.96 0.15
2458500.2715341 10.81 0.13
2458500.2717077 11.03 0.15
2458500.2725758 11.11 0.17
2458500.2734438 10.90 0.14
2458500.2743119 10.86 0.13
2458500.2746591 10.91 0.14
2458500.2751799 10.97 0.14
2458500.2758744 10.97 0.14
2458500.2760480 11.08 0.16
2458500.2772633 10.97 0.15
2458500.2812568 10.98 0.15
2458500.2875063 11.01 0.15
2458500.2878535 10.89 0.14
2458500.2880272 10.93 0.14
2458500.2883744 11.09 0.16
2458500.2885480 11.08 0.16
2458500.2890688 10.86 0.13
2458500.2897633 11.07 0.16
2458500.2901105 10.84 0.13
2458500.2904577 10.96 0.14
2458500.2908049 11.00 0.14
2458500.2911522 10.84 0.12
2458500.2925423 11.17 0.16
2458500.2930626 11.17 0.16