2458467.3670250 10.57 0.10
2458467.3682403 10.75 0.12
2458467.3687611 10.88 0.13
2458467.3691084 10.93 0.14
2458467.3694556 10.94 0.14
2458467.3698028 10.82 0.12
2458467.3699764 10.79 0.12
2458467.3701500 10.89 0.13
2458467.3703236 10.73 0.11
2458467.3706709 10.80 0.12
2458467.3708445 10.96 0.14
2458467.3711917 10.88 0.13
2458467.3715389 10.81 0.12
2458467.3717125 10.88 0.13
2458467.3718861 10.72 0.11
2458467.3732750 10.93 0.14
2458467.3741431 10.82 0.13
2458467.3746639 10.84 0.13
2458467.3753584 10.93 0.14
2458467.3755332 10.92 0.13
2458467.3758801 10.84 0.13
2458467.3760536 10.93 0.14
2458467.3762270 10.88 0.13
2458467.3765739 11.14 0.17
2458467.3767473 10.95 0.14
2458467.3774417 10.74 0.12
2458467.3776153 10.86 0.13
2458467.3783097 10.90 0.14
2458467.3790042 11.04 0.15
2458467.3795250 10.88 0.13
2458467.3796986 11.10 0.16
2458467.3803931 10.95 0.14
2458467.3805667 10.88 0.13
2458467.3807403 10.79 0.12
2458467.3809139 10.87 0.13
2458467.3812611 10.90 0.14
2458467.3817820 10.82 0.13
2458467.3819556 11.02 0.15
2458467.3821292 10.95 0.14
2458467.3824764 10.99 0.15
2458467.3836917 10.82 0.13
2458467.3842125 10.78 0.12
2458467.3843861 10.87 0.13
2458467.3847334 10.92 0.14
2458467.3849070 10.77 0.12
2458467.3852542 10.67 0.11
2458467.3859486 11.01 0.15
2458467.3864695 10.86 0.13
2458467.3866431 10.78 0.12
2458467.3875123 10.86 0.13
2458467.3876858 10.81 0.13
2458467.3878592 10.97 0.14
2458467.3880327 10.97 0.15
2458467.3882061 10.95 0.14
2458467.3902889 10.91 0.14
2458467.3904625 10.83 0.13
2458467.3906361 10.77 0.12
2458467.3916778 10.98 0.15
2458467.3932403 10.74 0.12
2458467.3935875 10.79 0.12
2458467.3937611 10.96 0.14
2458467.3941084 10.84 0.13
2458467.3944556 10.91 0.14
2458467.3948028 10.94 0.14
2458467.3949764 10.93 0.14
2458467.3951500 11.06 0.16
2458467.3953236 10.76 0.12
2458467.3954973 10.77 0.12
2458467.3958445 10.94 0.14
2458467.3967125 10.85 0.13
2458467.3972334 10.72 0.12
2458467.3975806 10.85 0.13
2458467.3977542 10.99 0.15
2458467.3979278 10.67 0.11
2458467.3982750 10.84 0.13
2458467.3984486 10.86 0.13
2458467.3986223 10.85 0.13
2458467.3987959 10.88 0.13
2458467.3989695 10.73 0.12
2458467.3991431 10.95 0.14
2458467.3993180 10.97 0.15
2458467.3994914 10.86 0.13
2458467.3996649 10.82 0.13
2458467.4001852 10.91 0.14
2458467.4008792 10.75 0.12
2458467.4010528 10.90 0.14
2458467.4012264 10.88 0.14
2458467.4015736 10.95 0.14
2458467.4017472 10.95 0.14
2458467.4020945 10.92 0.14
2458467.4026153 10.89 0.14
2458467.4027889 10.70 0.12
2458467.4031361 10.86 0.13
2458467.4033098 10.83 0.13
2458467.4034834 10.93 0.14
2458467.4036570 10.93 0.14
2458467.4040042 10.92 0.14
2458467.4041778 10.73 0.12
2458467.4045250 10.98 0.15
2458467.4050459 10.85 0.13
2458467.4057403 10.84 0.13
2458467.4059139 10.98 0.15
2458467.4066084 10.83 0.13
2458467.4067820 11.00 0.15
2458467.4069556 10.88 0.14
2458467.4071292 10.95 0.14
2458467.4074764 10.94 0.14
2458467.4076500 10.75 0.12
2458467.4083445 10.87 0.14
2458467.4086917 10.87 0.14
2458467.4088653 10.67 0.11
2458467.4090389 10.92 0.14
2458467.4092125 10.93 0.14
2458467.4095597 10.94 0.14
2458467.4097334 10.92 0.14
2458467.4099070 10.91 0.14
2458467.4100806 10.96 0.15
2458467.4102542 10.83 0.13
2458467.4114705 10.69 0.12
2458467.4116440 10.73 0.12
2458467.4119908 10.96 0.15
2458467.4121643 10.70 0.12
2458467.4123377 10.87 0.14
2458467.4125112 10.62 0.11
2458467.4126848 10.84 0.13
2458467.4130320 10.68 0.12
2458467.4137264 10.95 0.15
2458467.4142473 10.92 0.14
2458467.4145945 10.87 0.14
2458467.4149417 11.01 0.15
2458467.4154625 10.82 0.13
2458467.4156361 10.75 0.12
2458467.4158097 10.78 0.13
2458467.4159834 10.96 0.15
2458467.4163306 10.85 0.13
2458467.4171986 10.88 0.14
2458467.4178931 10.93 0.15
2458467.4180667 10.97 0.15
2458467.4184139 10.80 0.13
2458467.4185875 10.94 0.15
2458467.4189348 10.77 0.13
2458467.4196292 10.83 0.14
2458467.4199764 10.81 0.13
2458467.4203236 10.58 0.11
2458467.4206709 10.88 0.14
2458469.3670135 10.90 0.10
2458469.3675343 10.85 0.09
2458469.3677079 10.76 0.09
2458469.3678815 10.66 0.08
2458469.3680551 10.80 0.09
2458469.3682287 10.82 0.09
2458469.3684023 10.86 0.10
2458469.3685760 10.83 0.09
2458469.3692704 10.88 0.10
2458469.3694440 10.72 0.08
2458469.3696176 10.97 0.10
2458469.3697912 10.87 0.10
2458469.3699648 10.83 0.09
2458469.3703121 10.76 0.09
2458469.3704857 10.79 0.09
2458469.3710065 10.74 0.08
2458469.3715273 10.84 0.09
2458469.3717009 10.84 0.09
2458469.3718746 10.77 0.09
2458469.3720482 10.83 0.09
2458469.3722218 10.93 0.10
2458469.3723954 10.91 0.10
2458469.3725690 10.83 0.09
2458469.3727426 10.75 0.09
2458469.3729162 10.78 0.09
2458469.3730898 10.86 0.10
2458469.3734371 10.82 0.09
2458469.3736107 10.73 0.08
2458469.3739579 10.79 0.09
2458469.3741315 10.92 0.10
2458469.3743051 10.83 0.09
2458469.3748260 10.75 0.09
2458469.3749996 10.92 0.10
2458469.3753468 10.78 0.09
2458469.3755204 10.95 0.10
2458469.3756940 10.87 0.10
2458469.3762159 10.90 0.10
2458469.3765628 10.90 0.10
2458469.3767363 10.78 0.09
2458469.3770832 10.79 0.09
2458469.3776037 10.85 0.09
2458469.3777773 10.71 0.08
2458469.3779510 10.79 0.09
2458469.3781246 10.78 0.09
2458469.3784718 10.81 0.09
2458469.3786454 10.74 0.08
2458488.3044163 10.99 0.13
2458488.3045899 10.91 0.12
2458488.3047635 10.90 0.12
2458488.3051107 10.95 0.13
2458488.3056316 10.75 0.11
2458488.3058052 10.83 0.12
2458488.3059788 10.90 0.12
2458488.3061524 10.88 0.12
2458488.3063260 10.82 0.11
2458488.3064996 10.80 0.11
2458488.3066732 10.97 0.13
2458488.3068468 10.84 0.12
2458488.3070205 10.80 0.11
2458488.3071941 10.94 0.13
2458488.3073677 10.94 0.13
2458488.3075413 10.78 0.11
2458488.3077149 10.85 0.12
2458488.3078885 10.85 0.12
2458488.3080621 10.88 0.12
2458488.3082357 10.87 0.12
2458488.3085830 10.82 0.12
2458488.3089302 10.63 0.10
2458488.3092788 10.81 0.11
2458488.3094522 10.74 0.11
2458488.3097991 10.83 0.12
2458488.3101460 11.01 0.14
2458488.3103194 10.83 0.12
2458488.3104929 10.75 0.11
2458488.3106663 10.70 0.10
2458488.3108399 10.76 0.11
2458488.3111871 10.85 0.12
2458488.3113607 10.69 0.10
2458488.3117080 10.89 0.12
2458488.3118816 10.85 0.12
2458488.3120552 10.80 0.11
2458488.3122288 10.75 0.11
2458488.3124024 10.92 0.13
2458488.3125760 10.75 0.11
2458488.3130969 10.93 0.13
2458488.3132705 10.88 0.12
2458488.3134441 10.75 0.11
2458488.3136177 10.78 0.11
2458488.3137913 10.87 0.12
2458488.3141385 10.79 0.11
2458488.3143121 10.78 0.11
2458488.3144857 10.89 0.13
2458488.3146593 10.67 0.10
2458488.3148330 10.66 0.10
2458488.3153538 10.64 0.10
2458488.3158746 10.75 0.11
2458488.3160482 10.93 0.13
2458488.3163955 10.85 0.12
2458488.3167427 10.83 0.12
2458488.3170899 10.95 0.13
2458488.3172635 10.80 0.12
2458488.3174371 10.81 0.12
2458488.3176107 10.80 0.12
2458488.3177844 10.83 0.12
2458488.3179580 10.76 0.11
2458488.3181316 10.75 0.11
2458488.3183052 10.71 0.11
2458488.3186524 10.77 0.11
2458488.3189996 10.80 0.12
2458488.3191732 10.86 0.12
2458488.3195205 10.82 0.12
2458488.3196941 10.97 0.14
2458488.3200413 10.99 0.14
2458488.3203885 10.74 0.11
2458488.3207357 10.84 0.12
2458488.3210830 11.02 0.14
2458488.3212579 11.09 0.15
2458488.3217783 10.73 0.11
2458488.3219517 10.76 0.11
2458488.3226455 10.86 0.12
2458488.3228191 10.69 0.11
2458488.3229927 10.69 0.11
2458488.3233399 10.85 0.13
2458488.3235135 10.89 0.13
2458488.3236871 10.78 0.12
2458488.3238607 10.85 0.13
2458488.3240343 10.77 0.12
2458488.3242080 10.87 0.13
2458488.3243816 10.78 0.12
2458488.3249024 10.65 0.10
2458488.3250760 10.92 0.13
2458488.3252496 10.72 0.11
2458488.3254232 10.93 0.13
2458488.3255969 10.71 0.11
2458488.3257705 10.77 0.12
2458488.3261177 10.64 0.10
2458488.3262913 10.83 0.12
2458488.3266385 10.61 0.10
2458488.3269857 10.77 0.12
2458488.3271594 10.89 0.13
2458488.3273330 10.65 0.10
2458488.3276802 10.74 0.11
2458488.3280274 10.88 0.13
2458488.3282010 10.94 0.14
2458488.3287218 10.90 0.13
2458488.3288955 10.72 0.11
2458488.3290691 10.80 0.12
2458488.3292427 10.79 0.12
2458488.3294163 10.61 0.10
2458488.3295899 10.83 0.12
2458488.3297635 10.68 0.11
2458488.3301107 10.70 0.11
2458488.3304580 10.74 0.11
2458488.3308052 10.63 0.10
2458488.3309788 10.90 0.13
2458488.3311524 10.63 0.10
2458488.3314996 10.75 0.11
2458488.3316732 10.86 0.13
2458488.3320205 10.69 0.11
2458488.3323677 10.81 0.12
2458488.3328885 10.81 0.12
2458488.3332370 10.88 0.13
2458488.3334105 10.82 0.12
2458488.3335839 10.60 0.10
2458488.3337574 10.87 0.13
2458488.3339308 10.69 0.11
2458488.3341043 10.87 0.13
2458488.3342777 11.04 0.15
2458488.3347982 10.89 0.13
2458488.3349719 10.75 0.12
2458488.3356663 10.75 0.12
2458488.3358399 10.67 0.11
2458488.3360135 10.61 0.10
2458488.3363607 10.75 0.12
2458488.3367080 10.85 0.13
2458488.3368816 10.84 0.13
2458488.3377496 10.75 0.12
2458488.3379232 10.74 0.12
2458488.3382705 10.73 0.11
2458488.3384441 10.79 0.12
2458488.3387913 10.80 0.12
2458488.3389649 10.70 0.11
2458488.3391385 10.78 0.12
2458488.3393121 10.83 0.13
2458488.3398330 10.45 0.09
2458488.3403538 10.74 0.12
2458488.3407010 11.02 0.15
2458488.3408746 10.83 0.13
2458488.3410482 10.82 0.12
2458488.3412219 10.82 0.12
2458488.3413955 10.78 0.12
2458488.3415691 11.10 0.16
2458488.3417427 10.78 0.12
2458488.3419163 10.83 0.13
2458488.3420899 10.68 0.11
2458488.3422635 10.83 0.13
2458488.3424371 10.82 0.12
2458488.3426107 10.95 0.14
2458488.3427844 10.78 0.12
2458488.3434788 10.90 0.13
2458488.3436524 10.86 0.13
2458488.3438260 10.66 0.11
2458488.3439996 10.80 0.12
2458488.3443469 10.77 0.12
2458488.3445205 11.09 0.16
2458488.3446941 10.80 0.12
2458488.3448677 10.74 0.12
2458488.3453896 10.98 0.14
2458488.3455631 10.87 0.13
2458488.3457365 10.95 0.14
2458488.3460834 10.86 0.13
2458488.3462569 10.76 0.12
2458488.3466038 10.69 0.11
2458488.3471246 10.72 0.11
2458488.3472982 10.90 0.14
2458488.3474718 10.66 0.11
2458488.3476455 11.02 0.15
2458488.3479927 10.74 0.12
2458488.3483399 10.88 0.13
2458488.3486871 10.73 0.11
2458488.3488607 10.88 0.13
2458488.3490344 10.68 0.11
2458488.3493816 10.73 0.12
2458488.3497288 10.77 0.12
2458488.3499024 10.82 0.13
2458488.3500760 10.89 0.13
2458488.3502496 10.72 0.11
2458488.3504232 10.77 0.12
2458488.3505969 10.90 0.13
2458488.3507705 10.77 0.12
2458488.3509441 10.81 0.12
2458488.3512913 10.69 0.11
2458488.3514649 10.82 0.12
2458488.3519857 10.68 0.11
2458488.3521594 10.86 0.13
2458488.3523330 10.77 0.12
2458488.3525066 10.72 0.11
2458488.3526802 10.79 0.12
2458488.3530274 10.76 0.12
2458488.3533746 10.98 0.14
2458488.3535482 10.82 0.12
2458488.3537218 10.90 0.13
2458488.3540691 10.94 0.14
2458488.3542427 10.74 0.12
2458488.3549371 10.62 0.10
2458488.3551107 10.90 0.13
2458488.3552843 10.63 0.10
2458488.3554580 10.72 0.11
2458488.3556316 10.72 0.11
2458488.3559788 10.97 0.14
2458488.3561524 10.88 0.13
2458488.3564996 10.86 0.13
2458488.3568469 10.74 0.12
2458488.3570218 10.76 0.12
2458488.3571953 10.82 0.12
2458488.3573687 10.95 0.14
2458488.3575422 10.87 0.13
2458488.3577156 10.82 0.13
2458488.3580625 10.89 0.13
2458488.3582360 11.00 0.15
2458488.3584094 10.70 0.11
2458488.3585830 10.85 0.13
2458488.3587566 10.86 0.13
2458488.3589302 10.93 0.14
2458488.3591038 11.02 0.15
2458488.3594510 10.86 0.13
2458488.3596246 10.90 0.14
2458488.3597982 10.95 0.14
2458488.3599718 10.99 0.14
2458488.3601455 10.68 0.11
2458488.3603191 10.61 0.10
2458488.3606663 10.80 0.12
2458488.3608399 10.75 0.12
2458488.3611871 10.71 0.11
2458488.3613607 10.77 0.12
2458488.3615343 10.89 0.13
2458488.3617080 11.02 0.15
2458488.3620552 10.72 0.11
2458488.3622288 10.59 0.10
2458488.3625760 10.70 0.11
2458488.3627496 10.89 0.13
2458488.3630968 10.73 0.12
2458488.3632705 10.73 0.12
2458488.3637913 10.84 0.13
2458488.3641385 10.80 0.12
2458488.3646594 10.85 0.13
2458488.3648330 10.81 0.12
2458488.3650066 10.65 0.11
2458488.3651802 10.85 0.13
2458488.3655274 10.68 0.11
2458488.3657010 10.74 0.12
2458488.3658746 10.86 0.13
2458488.3660482 10.88 0.13
2458488.3662219 10.92 0.14
2458488.3663955 10.99 0.15
2458488.3665691 10.78 0.12
2458488.3667427 10.80 0.12
2458488.3669163 10.84 0.13
2458488.3686524 10.71 0.11
2458488.3688260 10.92 0.14
2458488.3693479 10.79 0.12
2458488.3698682 10.53 0.10
2458488.3700417 10.73 0.12
2458488.3710830 10.78 0.12
2458488.3712566 10.81 0.13
2458488.3714302 11.00 0.15
2458488.3716038 10.77 0.12
2458488.3717774 10.93 0.14
2458488.3719510 10.81 0.13
2458488.3722982 10.87 0.13
2458488.3726455 10.88 0.13
2458488.3728191 10.95 0.14
2458488.3729927 10.94 0.14
2458488.3733399 10.85 0.13
2458488.3735135 10.92 0.14
2458488.3738607 10.84 0.13
2458488.3740343 10.89 0.13
2458493.2519739 10.89 0.12
2458493.2521475 10.71 0.10
2458493.2523211 10.79 0.11
2458493.2528420 10.84 0.11
2458493.2530156 10.76 0.11
2458493.2533628 10.76 0.11
2458493.2538836 10.73 0.10
2458493.2540586 10.74 0.10
2458493.2542320 10.72 0.10
2458493.2547524 10.86 0.11
2458493.2550993 10.65 0.09
2458493.2554461 10.87 0.11
2458493.2556198 10.78 0.11
2458493.2557934 10.73 0.10
2458493.2563142 10.82 0.11
2458493.2566614 10.68 0.10
2458493.2568350 10.93 0.12
2458493.2570086 10.65 0.10
2458493.2577031 10.95 0.12
2458493.2580503 10.71 0.10
2458493.2585711 10.77 0.11
2458493.2587447 10.80 0.11
2458493.2589184 10.95 0.12
2458493.2594392 10.78 0.11
2458493.2597864 10.87 0.12
2458493.2601336 10.81 0.11
2458493.2611753 11.01 0.13
2458493.2620434 10.86 0.11
2458493.2623906 10.97 0.12
2458493.2625642 10.95 0.12
2458493.2627378 10.70 0.10
2458493.2629114 10.81 0.11
2458493.2630850 10.78 0.11
2458493.2634323 10.71 0.10
2458493.2636059 10.90 0.12
2458493.2644739 10.76 0.10
2458493.2648211 10.79 0.11
2458493.2651684 11.05 0.14
2458493.2653420 10.73 0.10
2458493.2655156 10.77 0.11
2458493.2658628 10.74 0.10
2458493.2663847 10.89 0.12
2458493.2672519 10.69 0.10
2458493.2674253 10.81 0.11
2458493.2681197 10.81 0.11
2458493.2682934 10.79 0.11
2458493.2684670 10.82 0.11
2458493.2686406 10.81 0.11
2458493.2689878 10.78 0.10
2458493.2691614 10.64 0.09
2458493.2693350 10.76 0.10
2458493.2695086 10.80 0.11
2458493.2696822 10.78 0.11
2458493.2698559 10.93 0.12
2458493.2700295 10.71 0.10
2458493.2702031 10.74 0.10
2458493.2703767 10.75 0.10
2458493.2705503 10.84 0.11
2458493.2707239 10.81 0.11
2458493.2708975 10.75 0.10
2458493.2712448 10.93 0.12
2458493.2715920 10.96 0.13
2458493.2717656 10.77 0.11
2458493.2719392 10.69 0.10
2458493.2724600 10.78 0.11
2458493.2726336 10.82 0.11
2458493.2729809 10.91 0.12
2458493.2731545 10.77 0.10
2458493.2735017 10.93 0.12
2458493.2736753 10.88 0.12
2458493.2738489 10.86 0.12
2458493.2740225 10.81 0.11
2458493.2743697 10.91 0.12
2458493.2745434 10.88 0.12
2458493.2747170 10.85 0.11
2458493.2748906 10.74 0.10
2458493.2750642 10.71 0.10
2458493.2752378 10.65 0.09
2458493.2754114 10.75 0.10
2458493.2755850 10.91 0.12
2458493.2757586 10.82 0.11
2458493.2759322 10.79 0.11
2458493.2761059 10.72 0.10
2458493.2764531 10.88 0.12
2458493.2768003 10.94 0.12
2458493.2769739 10.82 0.11
2458493.2774947 10.72 0.10
2458493.2781904 10.91 0.12
2458493.2785373 10.78 0.11
2458493.2788841 10.87 0.11
2458493.2790576 10.99 0.13
2458493.2795781 10.91 0.12
2458493.2797517 10.81 0.11
2458493.2799253 10.77 0.10
2458493.2800989 10.71 0.10
2458493.2802725 10.70 0.10
2458493.2804461 10.90 0.12
2458493.2806198 10.85 0.11
2458493.2807934 10.81 0.11
2458493.2816614 10.87 0.12
2458493.2818350 10.86 0.12
2458493.2825295 10.82 0.11
2458493.2827031 10.85 0.11
2458493.2828767 10.79 0.11
2458493.2830503 10.78 0.11
2458493.2837447 10.75 0.10
2458493.2840920 10.80 0.11
2458493.2846128 10.84 0.11
2458493.2847864 10.82 0.11
2458493.2849600 10.65 0.09
2458493.2853072 10.78 0.11
2458493.2856545 10.77 0.10
2458493.2858281 10.87 0.12
2458493.2860017 11.01 0.13
2458493.2861753 10.86 0.11
2458493.2863489 10.98 0.13
2458493.2865225 10.98 0.13
2458493.2866961 10.90 0.12
2458493.2868698 10.72 0.10
2458493.2872170 10.76 0.10
2458493.2873906 10.77 0.11
2458493.2877378 10.75 0.10
2458493.2879114 10.66 0.10
2458493.2880850 10.87 0.12
2458493.2882586 10.72 0.10
2458493.2887795 10.78 0.11
2458493.2891267 10.90 0.12
2458493.2893003 10.67 0.10
2458493.2894739 10.72 0.10
2458493.2896475 11.12 0.15
2458493.2898211 10.97 0.13
2458493.2901695 10.66 0.10
2458493.2912102 10.67 0.10
2458493.2913836 10.77 0.11
2458493.2917309 10.67 0.10
2458493.2919045 10.71 0.10
2458493.2922517 10.81 0.11
2458493.2924253 10.71 0.10
2458493.2925989 10.84 0.11
2458493.2927725 11.17 0.15
2458493.2929461 10.79 0.11
2458493.2936406 10.84 0.11
2458493.2938142 10.86 0.11
2458493.2939878 10.93 0.12
2458493.2941614 10.72 0.10
2458493.2943350 11.15 0.15
2458493.2948559 10.88 0.12
2458493.2953767 10.85 0.11
2458493.2955503 10.71 0.10
2458493.2957239 10.83 0.11
2458493.2958975 10.75 0.10
2458493.2964184 10.80 0.11
2458493.2969392 10.71 0.10
2458493.2972864 10.76 0.10
2458493.2974600 10.77 0.11
2458493.2976336 10.83 0.11
2458493.2979809 10.72 0.10
2458493.2981545 10.72 0.10
2458493.2983281 10.71 0.10
2458493.2986753 10.62 0.09
2458493.2988489 10.78 0.11
2458493.2990225 10.86 0.11
2458493.2993697 10.91 0.12
2458493.2997170 10.76 0.11
2458493.2998906 10.78 0.11
2458493.3000642 10.76 0.11
2458493.3002378 10.80 0.11
2458493.3004114 10.96 0.13
2458493.3005850 10.95 0.13
2458493.3021591 10.71 0.10
2458493.3023327 10.67 0.10
2458493.3026799 10.73 0.10
2458493.3030272 10.80 0.11
2458493.3035480 10.68 0.10
2458493.3037216 10.85 0.11
2458493.3038952 10.90 0.12
2458493.3040688 10.75 0.10
2458493.3042424 10.77 0.11
2458493.3045897 10.81 0.11
2458493.3047633 10.69 0.10
2458493.3049369 10.93 0.12
2458493.3051105 10.90 0.12
2458493.3052841 10.67 0.10
2458493.3054577 10.68 0.10
2458493.3056313 11.00 0.13
2458493.3058049 10.87 0.11
2458493.3059785 10.75 0.10
2458493.3061522 10.82 0.11
2458493.3063258 10.85 0.11
2458493.3064994 10.90 0.12
2458493.3066730 10.80 0.11
2458493.3068466 10.76 0.10
2458493.3070202 10.80 0.11
2458493.3071938 10.96 0.13
2458493.3073674 10.81 0.11
2458493.3075410 10.65 0.09
2458493.3077147 11.10 0.14
2458493.3080619 10.77 0.10
2458493.3082355 10.87 0.11
2458493.3084091 10.88 0.12
2458493.3091036 10.74 0.10
2458493.3092772 10.80 0.11
2458493.3094508 10.63 0.09
2458493.3097980 10.85 0.11
2458493.3099716 10.76 0.10
2458493.3101452 10.67 0.09
2458493.3104924 10.70 0.10
2458493.3106661 10.70 0.10
2458493.3108397 10.77 0.10
2458493.3110133 10.79 0.11
2458493.3111869 10.64 0.09
2458493.3115341 10.64 0.09
2458493.3118813 10.66 0.09
2458493.3120549 10.80 0.11
2458493.3122298 10.78 0.10
2458493.3125767 10.64 0.09
2458493.3129236 10.77 0.10
2458493.3130971 10.79 0.10
2458493.3132705 11.02 0.13
2458493.3134439 10.80 0.11
2458493.3136174 10.86 0.11
2458493.3137910 10.92 0.12
2458493.3139647 10.87 0.11
2458493.3141383 10.74 0.10
2458493.3143119 10.66 0.09
2458493.3146591 10.83 0.11
2458493.3153535 10.78 0.11
2458493.3155272 10.73 0.10
2458493.3163952 10.75 0.10
2458493.3165688 10.75 0.10
2458493.3169161 10.72 0.10
2458493.3170897 10.83 0.11
2458493.3176105 10.78 0.11
2458493.3177841 10.82 0.11
2458493.3181313 10.76 0.10
2458493.3183049 10.76 0.10
2458493.3184786 10.73 0.10
2458493.3188258 10.59 0.09
2458493.3196938 10.78 0.10
2458493.3198674 10.84 0.11
2458493.3205619 10.68 0.09
2458493.3207355 10.71 0.10
2458493.3209091 10.80 0.11
2458493.3212563 10.67 0.09
2458493.3217772 10.88 0.11
2458493.3221244 10.99 0.13
2458493.3226452 10.83 0.11
2458493.3229924 10.65 0.09
2458493.3233397 10.79 0.10
2458493.3235133 10.81 0.11
2458493.3238605 10.76 0.10
2458493.3242090 10.86 0.11
2458493.3247293 10.88 0.11
2458493.3249028 10.73 0.10
2458493.3252497 10.69 0.09
2458493.3255966 10.72 0.10
2458493.3259438 10.90 0.11
2458493.3261174 10.79 0.11
2458493.3262911 10.86 0.11
2458493.3264647 10.78 0.10
2458493.3266383 10.73 0.10
2458493.3268119 10.82 0.11
2458493.3269855 10.67 0.09
2458493.3276799 10.81 0.11
2458493.3278536 10.70 0.10
2458493.3282008 10.67 0.09
2458493.3283744 10.74 0.10
2458493.3287216 10.83 0.11
2458493.3288952 10.83 0.11
2458493.3290688 10.81 0.11
2458493.3292430 10.76 0.10
2458493.3294160 10.86 0.11
2458493.3295897 10.79 0.10
2458493.3297633 10.74 0.10
2458493.3299369 10.84 0.11
2458493.3301105 10.80 0.10
2458493.3302841 10.76 0.10
2458493.3304577 10.82 0.11
2458493.3309785 10.93 0.12
2458493.3313258 10.79 0.10
2458493.3314994 10.80 0.11
2458493.3323674 10.70 0.10
2458493.3325411 10.72 0.10
2458493.3327147 10.77 0.10
2458493.3328883 10.80 0.11
2458493.3334091 10.67 0.09
2458493.3335827 10.74 0.10
2458493.3337563 10.72 0.10
2458493.3339299 10.73 0.10
2458493.3341036 10.76 0.10
2458493.3342772 10.79 0.11
2458493.3344508 10.74 0.10
2458493.3347980 10.76 0.10
2458493.3349716 10.74 0.10
2458493.3353188 10.82 0.11
2458493.3354924 10.96 0.12
2458493.3356661 10.64 0.09
2458493.3358397 10.86 0.11
2458493.3361882 10.76 0.10
2458493.3363616 10.74 0.10
2458493.3365351 10.63 0.09
2458493.3367085 10.74 0.10
2458493.3370554 10.72 0.10
2458493.3375758 10.78 0.10
2458493.3377494 10.95 0.12
2458493.3380966 10.72 0.10
2458493.3382702 10.83 0.11
2458493.3384438 10.80 0.11
2458493.3386174 10.63 0.09
2458493.3389647 10.84 0.11
2458493.3391383 10.70 0.10
2458493.3393119 10.82 0.11
2458493.3394855 10.78 0.10
2458493.3396591 10.69 0.10
2458493.3398327 10.66 0.09
2458493.3400063 10.83 0.11
2458493.3401799 10.82 0.11
2458493.3403536 10.92 0.12
2458493.3405272 10.66 0.09
2458493.3407008 10.84 0.11
2458493.3408744 10.76 0.10
2458493.3410480 10.79 0.11
2458493.3412216 10.73 0.10
2458493.3413952 10.71 0.10
2458493.3415688 10.61 0.09
2458493.3417424 10.76 0.10
2458493.3419161 10.88 0.12
2458493.3420897 10.68 0.10
2458493.3424369 10.86 0.11
2458493.3429577 10.99 0.13
2458493.3431313 10.66 0.09
2458493.3433049 10.65 0.09
2458493.3434786 10.79 0.11
2458493.3436522 10.80 0.11
2458493.3438258 10.84 0.11
2458493.3439994 10.78 0.11
2458493.3441730 10.74 0.10
2458493.3443466 10.79 0.11
2458493.3445202 10.68 0.10
2458493.3448674 10.70 0.10
2458493.3450410 10.49 0.08
2458493.3452147 10.71 0.10
2458493.3457355 10.65 0.09
2458493.3459091 10.80 0.11
2458493.3460827 10.56 0.09
2458493.3462563 10.79 0.11
2458493.3467772 10.92 0.12
2458493.3469508 10.60 0.09
2458493.3471244 10.87 0.12
2458493.3472980 10.80 0.11
2458493.3474716 10.75 0.10
2458493.3476452 10.65 0.09
2458493.3479924 10.65 0.09
2458493.3483408 10.71 0.10
2458493.3485142 10.79 0.11
2458493.3486876 10.70 0.10
2458493.3488611 10.85 0.11
2458493.3490345 10.78 0.11
2458493.3492080 10.81 0.11
2458493.3493814 10.74 0.10
2458493.3497286 10.75 0.10
2458493.3499022 10.81 0.11
2458493.3500758 10.71 0.10
2458493.3502494 10.65 0.09
2458493.3504230 10.74 0.10
2458493.3507702 10.79 0.11
2458493.3511174 10.83 0.11
2458493.3512911 10.73 0.10
2458493.3516383 10.63 0.09
2458493.3518119 10.72 0.10
2458493.3519855 10.69 0.10
2458493.3521591 10.66 0.09
2458493.3525063 10.62 0.09
2458493.3526799 10.66 0.09
2458493.3528535 10.84 0.11
2458493.3530272 10.73 0.10
2458493.3532008 10.75 0.10
2458493.3533744 10.81 0.11
2458493.3535480 10.70 0.10
2458493.3538952 10.67 0.10
2458493.3540688 10.66 0.09
2458493.3542424 10.75 0.10
2458493.3545897 10.75 0.10
2458493.3547633 10.87 0.11
2458493.3549369 10.71 0.10
2458493.3552841 10.70 0.10
2458493.3554577 10.66 0.09
2458493.3556313 10.69 0.10
2458493.3558049 10.66 0.09
2458493.3561522 10.82 0.11
2458493.3566730 10.81 0.11
2458493.3568466 10.61 0.09
2458493.3570202 10.70 0.10
2458493.3571938 10.60 0.09
2458493.3573674 10.77 0.10
2458493.3575411 10.92 0.12
2458493.3577147 10.73 0.10
2458493.3580619 10.77 0.10
2458493.3582355 10.88 0.11
2458493.3584091 10.70 0.10
2458493.3585827 10.77 0.10
2458493.3587563 10.65 0.09
2458493.3589299 10.71 0.10
2458493.3591036 10.66 0.09
2458493.3592772 10.77 0.11
2458493.3594508 10.75 0.10
2458493.3596244 10.88 0.11
2458493.3597980 10.80 0.11
2458493.3599716 10.71 0.10
2458493.3601465 10.68 0.10
2458493.3603199 10.75 0.10
2458493.3608403 10.60 0.09
2458493.3610137 10.63 0.09
2458493.3613606 10.79 0.11
2458493.3618813 10.84 0.11
2458493.3620549 10.64 0.09
2458493.3622285 10.79 0.11
2458493.3624022 10.67 0.09
2458493.3625758 10.78 0.11
2458493.3627494 10.84 0.11
2458493.3632702 10.95 0.12
2458493.3636174 10.96 0.13
2458493.3637911 10.74 0.10
2458493.3639647 10.88 0.12
2458493.3641383 10.73 0.10
2458493.3644855 10.65 0.09
2458493.3646591 10.75 0.10
2458493.3651799 10.75 0.10
2458493.3655272 10.81 0.11
2458493.3657008 10.73 0.10
2458493.3658744 10.81 0.11
2458493.3660480 10.75 0.10
2458493.3662216 10.71 0.10
2458493.3665688 10.66 0.09
2458493.3667424 10.75 0.10
2458493.3669161 10.64 0.09
2458493.3670897 10.81 0.11
2458493.3672633 10.83 0.11
2458493.3674369 10.96 0.13
2458493.3676105 10.73 0.10
2458493.3677841 10.70 0.10
2458493.3679577 10.81 0.11
2458493.3681313 10.93 0.12
2458493.3683049 10.73 0.10
2458493.3684785 10.62 0.09
2458493.3686522 10.83 0.11
2458493.3688258 10.79 0.11
2458493.3689994 10.81 0.11
2458493.3693466 10.83 0.11
2458493.3695202 10.71 0.10
2458493.3696938 10.70 0.10
2458493.3698674 10.75 0.10
2458493.3700410 10.93 0.12
2458493.3702147 10.81 0.11
2458493.3703883 10.75 0.10
2458493.3705619 10.62 0.09
2458493.3709091 10.82 0.11
2458493.3710827 10.86 0.11
2458493.3712563 10.75 0.10
2458493.3716036 10.76 0.10
2458493.3724725 10.67 0.10
2458493.3726460 10.83 0.11
2458493.3728194 10.75 0.10
2458493.3729928 10.91 0.12
2458493.3735133 10.75 0.10
2458493.3736869 10.83 0.11
2458493.3738605 10.77 0.11
2458493.3743813 10.80 0.11
2458493.3745549 10.82 0.11
2458493.3749022 11.01 0.13
2458493.3752494 10.82 0.11
2458493.3754230 10.71 0.10
2458493.3755966 10.71 0.10
2458493.3757702 10.70 0.10
2458493.3761174 10.68 0.10
2458493.3762910 10.89 0.12
2458493.3764647 10.75 0.10
2458493.3766383 10.78 0.11
2458493.3768119 10.79 0.11
2458493.3769855 10.70 0.10
2458493.3771591 10.82 0.11
2458493.3775063 10.77 0.11
2458493.3776799 10.81 0.11
2458493.3778535 10.73 0.10
2458493.3780272 10.80 0.11
2458493.3782008 10.80 0.11
2458493.3783744 10.83 0.11
2458493.3787216 10.78 0.11
2458493.3788952 10.67 0.10
2458493.3790688 10.76 0.11
2458493.3792424 10.75 0.11
2458493.3794161 10.80 0.11
2458493.3795897 10.70 0.10
2458493.3799369 10.76 0.11
2458493.3802841 10.79 0.11
2458493.3806313 10.85 0.12
2458493.3808049 10.84 0.12
2458493.3809786 10.78 0.11
2458493.3811522 10.76 0.11
2458493.3813258 10.77 0.11
2458493.3816730 10.82 0.11
2458493.3818466 10.80 0.11
2458493.3820202 10.76 0.11
2458493.3821938 10.79 0.11
2458493.3823674 10.73 0.10
2458493.3825411 10.74 0.11
2458493.3827147 10.68 0.10
2458493.3828883 10.76 0.11
2458493.3830619 10.83 0.12
2458493.3832355 10.63 0.10
2458493.3834091 10.76 0.11
2458493.3835827 10.86 0.12
2458493.3837563 10.65 0.10
2458493.3839313 10.61 0.09
2458493.3841048 10.80 0.11
2458493.3844517 10.71 0.10
2458493.3849720 10.72 0.10
2458493.3851454 10.85 0.12
2458493.3854924 10.97 0.13
2458493.3856660 10.66 0.10
2458493.3860133 10.63 0.10
2458493.3861869 10.73 0.11
2458493.3863605 10.86 0.12
2458493.3865341 10.77 0.11
2458493.3868813 10.74 0.11
2458493.3872286 10.93 0.13
2458493.3874022 10.85 0.12
2458493.3875758 10.56 0.09
2458493.3877494 10.75 0.11
2458493.3880966 10.73 0.10
2458493.3882702 10.69 0.10
2458493.3886174 10.80 0.11
2458493.3887911 10.85 0.12
2458493.3889647 10.78 0.11
2458493.3891383 10.84 0.12
2458493.3893119 10.77 0.11
2458493.3894855 10.89 0.12
2458493.3896591 10.92 0.13
2458493.3898327 10.82 0.11
2458493.3900063 10.78 0.11
2458493.3901799 10.79 0.11
2458493.3903536 10.69 0.10
2458493.3908744 10.86 0.12
2458493.3915688 10.81 0.11
2458493.3917424 10.77 0.11
2458493.3919160 10.71 0.10
2458493.3920897 10.81 0.11
2458493.3924369 10.81 0.11
2458493.3926105 10.76 0.11
2458493.3927841 10.90 0.12
2458493.3929577 10.65 0.10
2458493.3931313 10.83 0.12
2458493.3933049 10.64 0.10
2458493.3936522 10.74 0.11
2458493.3938258 10.65 0.10
2458493.3939994 10.82 0.12
2458493.3941730 10.73 0.11
2458493.3943466 10.70 0.10
2458493.3945202 10.90 0.12
2458493.3948674 10.85 0.12
2458493.3950411 10.81 0.11
2458493.3952147 11.08 0.15
2458493.3955619 10.81 0.12
2458493.3959105 10.67 0.10
2458493.3960839 10.83 0.12
2458493.3962574 10.85 0.12
2458493.3964308 10.95 0.13
2458493.3966043 10.69 0.10
2458493.3967777 11.15 0.16
2458493.3969511 10.68 0.10
2458493.3971246 10.75 0.11
2458493.3974716 11.03 0.14
2458493.3976452 10.81 0.11
2458493.3979924 10.82 0.12
2458493.3981661 10.89 0.12
2458493.3985133 10.83 0.12
2458493.3986869 10.76 0.11
2458493.3988605 10.78 0.11
2458493.3990341 10.79 0.11
2458493.3992077 10.95 0.13
2458493.3993813 10.97 0.13
2458493.3995549 10.81 0.12
2458493.3997285 10.93 0.13
2458493.3999022 10.68 0.10
2458493.4000758 10.83 0.12
2458493.4002494 10.76 0.11
2458493.4004230 10.90 0.13
2458493.4005966 10.88 0.12
2458493.4007702 10.63 0.10
2458493.4009438 10.96 0.13
2458493.4011174 10.64 0.10
2458493.4012910 10.80 0.12
2458493.4014647 10.89 0.12
2458493.4016383 10.72 0.11
2458493.4019855 10.91 0.13
2458493.4021591 10.69 0.10
2458493.4023327 10.76 0.11
2458493.4025063 10.68 0.10
2458493.4026799 10.79 0.11
2458493.4028536 10.84 0.12
2458493.4030272 10.67 0.10
2458493.4033744 10.97 0.13
2458493.4035480 10.83 0.12
2458493.4037216 10.98 0.14
2458493.4038952 10.86 0.12
2458493.4040688 10.81 0.12
2458493.4042424 10.73 0.11
2458493.4049369 10.80 0.12
2458493.4051105 10.73 0.11
2458493.4052841 10.74 0.11
2458493.4054577 10.80 0.12
2458493.4058049 10.69 0.11
2458493.4059786 10.86 0.12
2458493.4061522 11.00 0.14
2458493.4063258 10.99 0.14
2458493.4066730 10.63 0.10
2458493.4068466 10.93 0.13
2458493.4070202 10.76 0.11
2458493.4071938 10.90 0.13
2458493.4075410 10.78 0.11
2458493.4077147 10.67 0.11
2458493.4080630 10.87 0.13
2458493.4082365 10.90 0.13
2458493.4084099 10.70 0.11
2458493.4085833 10.83 0.12
2458493.4087568 10.61 0.10
2458493.4089302 10.82 0.12
2458493.4091037 10.85 0.12
2458493.4092772 10.67 0.10
2458493.4094508 10.72 0.11
2458493.4097980 10.59 0.10
2458493.4099716 10.89 0.13
2458493.4101452 10.83 0.12
2458493.4103188 10.75 0.11
2458493.4104924 10.69 0.11
2458493.4106661 10.73 0.11
2458493.4108397 10.84 0.12
2458493.4110133 10.68 0.11
2458493.4111869 10.87 0.12
2458493.4113605 10.72 0.11
2458493.4115341 10.78 0.12
2458493.4118813 11.02 0.14
2458493.4120549 10.94 0.13
2458493.4122286 10.82 0.12
2458493.4124022 10.61 0.10
2458493.4125758 10.78 0.12
2458493.4127494 10.66 0.10
2458493.4129230 10.79 0.12
2458493.4130966 10.89 0.13
2458493.4132702 10.94 0.14
2458493.4134438 10.89 0.13
2458493.4136174 10.78 0.12
2458493.4137911 10.66 0.10
2458493.4139647 10.80 0.12
2458493.4141383 10.76 0.12
2458493.4143119 10.86 0.13
2458493.4146591 10.78 0.12
2458493.4148327 10.65 0.10
2458493.4150063 10.84 0.12
2458493.4151799 11.03 0.15
2458493.4153535 10.75 0.11
2458493.4155272 10.77 0.12
2458493.4157008 10.81 0.12
2458493.4158744 10.86 0.13
2458494.3460364 10.85 0.16
2458494.3467309 10.77 0.15
2458494.3469045 10.65 0.14
2458494.3482934 10.64 0.13
2458494.3493350 10.81 0.15
2458494.3528073 10.75 0.15
2458494.3562795 10.52 0.15
2458495.1510827 10.81 0.17
2458495.1595902 10.73 0.16
2458495.1630619 10.70 0.15
2458495.1649716 10.65 0.14
2458495.1689647 10.69 0.15
2458495.1698327 10.70 0.15
2458495.1710491 10.73 0.15
2458495.1753883 10.72 0.15
2458495.1757355 10.72 0.15
2458495.1762563 10.75 0.15
2458495.1769508 10.69 0.15
2458495.1788605 10.86 0.17
2458495.1795549 10.75 0.15
2458495.1800758 10.86 0.17
2458495.1807702 10.79 0.16
2458495.1830283 10.79 0.16
2458495.1837221 10.74 0.15
2458495.1844160 10.64 0.14
2458495.1861522 10.70 0.14
2458495.1887563 10.75 0.15
2458495.1892772 10.86 0.16
2458495.1911869 10.78 0.15
2458495.1953544 10.67 0.14
2458495.1958747 10.69 0.14
2458495.1960481 10.79 0.15
2458495.1965688 10.50 0.12
2458495.1972633 10.57 0.12
2458495.1991730 10.75 0.15
2458495.1993466 10.86 0.16
2458495.1995202 10.69 0.14
2458495.1996938 10.81 0.15
2458495.1998674 10.95 0.18
2458495.2003883 10.81 0.16
2458495.2010827 10.61 0.13
2458495.2028188 10.74 0.15
2458495.2040341 10.73 0.14
2458495.2050758 10.70 0.14
2458495.2059438 10.68 0.14
2458495.2073336 10.76 0.15
2458495.2082008 10.55 0.12
2458495.2083744 10.65 0.13
2458495.2088952 10.62 0.13
2458495.2090688 10.69 0.14
2458495.2094160 10.72 0.14
2458495.2095897 10.88 0.17
2458495.2102841 10.69 0.14
2458495.2104577 10.76 0.15
2458495.2106313 10.67 0.14
2458495.2111522 10.70 0.14
2458495.2114994 10.76 0.15
2458495.2123674 10.82 0.15
2458495.2127147 10.61 0.13
2458495.2132355 10.79 0.15
2458495.2142772 10.91 0.17
2458495.2144508 10.70 0.14
2458495.2151452 10.74 0.14
2458495.2160133 10.72 0.14
2458495.2165341 10.68 0.13
2458495.2168813 10.72 0.14
2458495.2172285 10.77 0.15
2458495.2175758 10.55 0.12
2458495.2177494 10.87 0.16
2458495.2186174 10.82 0.15
2458495.2187924 10.80 0.15
2458495.2189658 10.88 0.16
2458495.2200065 10.55 0.12
2458495.2201799 10.80 0.15
2458495.2212216 10.86 0.16
2458495.2219161 10.71 0.14
2458495.2229577 10.82 0.15
2458495.2231313 10.75 0.14
2458495.2236522 10.67 0.14
2458495.2238258 10.78 0.15
2458495.2252147 10.72 0.14
2458495.2255619 10.73 0.14
2458495.2259091 10.76 0.14
2458495.2272980 10.78 0.15
2458495.2279924 10.88 0.16
2458495.2283397 10.94 0.17
2458495.2288605 10.79 0.15
2458495.2297286 10.73 0.14
2458495.2300758 10.76 0.14
2458495.2302494 10.73 0.14
2458495.2304230 10.77 0.14
2458495.2305966 10.74 0.14
2458495.2311185 10.71 0.14
2458495.2312919 10.89 0.16
2458495.2314654 10.80 0.15
2458495.2316388 10.48 0.11
2458495.2319857 10.80 0.15
2458495.2321591 10.82 0.15
2458495.2325063 10.90 0.16
2458495.2326799 10.77 0.14
2458495.2330272 10.57 0.12
2458495.2332008 10.67 0.13
2458495.2335480 10.85 0.15
2458495.2337216 10.91 0.16
2458495.2338952 10.82 0.15
2458495.2342424 10.80 0.15
2458495.2345897 10.91 0.16
2458495.2349369 10.82 0.15
2458495.2351105 10.94 0.17
2458495.2352841 10.77 0.14
2458495.2356313 10.77 0.14
2458495.2366730 10.87 0.15
2458495.2373674 10.82 0.15
2458495.2375411 10.76 0.14
2458495.2384091 10.79 0.14
2458495.2399716 10.71 0.13
2458495.2406660 10.74 0.14
2458495.2422286 10.75 0.14
2458495.2425758 10.94 0.16
2458495.2430977 10.91 0.16
2458495.2434445 10.90 0.16
2458495.2441383 10.70 0.13
2458495.2443119 10.59 0.12
2458495.2446591 10.83 0.15
2458495.2450063 10.62 0.12
2458495.2451799 10.78 0.14
2458495.2453536 10.81 0.15
2458495.2457008 10.71 0.13
2458495.2458744 10.69 0.13
2458495.2460480 10.74 0.14
2458495.2462216 10.82 0.15
2458495.2465688 10.89 0.16
2458495.2469160 10.73 0.13
2458495.2470897 10.93 0.16
2458495.2474369 10.75 0.14
2458495.2477841 10.81 0.14
2458495.2479577 10.77 0.14
2458495.2481313 10.83 0.15
2458495.2486522 10.80 0.14
2458495.2489994 10.74 0.14
2458495.2495202 10.85 0.15
2458495.2502147 10.73 0.14
2458495.2505619 10.79 0.14
2458495.2509091 10.82 0.15
2458495.2521244 10.68 0.13
2458495.2522980 10.89 0.16
2458495.2524716 10.93 0.16
2458495.2531661 10.76 0.14
2458495.2536869 10.84 0.15
2458495.2538605 10.98 0.17
2458495.2540341 10.80 0.14
2458495.2549034 10.82 0.15
2458495.2554238 10.87 0.15
2458495.2557706 10.85 0.15
2458495.2559441 10.83 0.14
2458495.2566383 10.79 0.14
2458495.2571591 10.71 0.13
2458495.2583744 10.80 0.14
2458495.2588952 10.98 0.17
2458495.2594161 10.78 0.14
2458495.2595897 10.69 0.13
2458495.2601105 10.81 0.14
2458495.2602841 10.66 0.12
2458495.2604577 10.78 0.13
2458495.2606313 10.78 0.14
2458495.2608049 10.87 0.15
2458495.2614994 10.73 0.13
2458495.2618466 10.77 0.14
2458495.2620202 10.56 0.11
2458495.2625410 10.86 0.15
2458495.2628883 10.71 0.13
2458495.2630619 10.71 0.13
2458495.2632355 10.79 0.14
2458495.2641035 10.78 0.14
2458495.2646244 10.81 0.14
2458495.2649716 10.77 0.14
2458495.2651452 10.86 0.15
2458495.2653188 10.82 0.14
2458495.2654924 10.85 0.15
2458495.2661869 10.70 0.13
2458495.2663605 10.88 0.15
2458495.2665341 10.82 0.14
2458495.2668826 10.84 0.15
2458495.2670561 10.68 0.13
2458495.2677498 10.83 0.14
2458495.2679233 10.71 0.13
2458495.2680967 10.43 0.10
2458495.2682702 10.68 0.13
2458495.2684438 10.92 0.16
2458495.2686174 10.91 0.15
2458495.2687911 10.54 0.11
2458495.2689647 10.89 0.15
2458495.2693119 10.85 0.15
2458495.2700063 10.87 0.15
2458495.2701799 10.83 0.14
2458495.2707008 10.98 0.16
2458495.2708744 10.60 0.12
2458495.2712216 10.93 0.16
2458495.2715688 10.92 0.16
2458495.2717424 10.72 0.13
2458495.2719160 10.81 0.14
2458495.2722633 10.91 0.15
2458495.2731313 10.79 0.14
2458495.2733049 10.88 0.15
2458495.2734786 10.67 0.12
2458495.2736522 10.82 0.14
2458495.2739994 10.59 0.12
2458495.2741730 10.80 0.14
2458495.2745202 10.67 0.12
2458495.2752147 10.80 0.14
2458495.2753883 10.75 0.13
2458495.2757355 10.83 0.14
2458495.2759091 10.86 0.15
2458495.2762563 10.67 0.12
2458495.2766036 10.67 0.12
2458495.2767772 10.85 0.15
2458495.2783397 10.85 0.15
2458495.2790353 10.74 0.13
2458495.2793822 10.79 0.14
2458495.2797290 10.68 0.12
2458495.2800759 10.76 0.13
2458495.2805966 10.72 0.13
2458495.2807702 10.80 0.14
2458495.2811174 10.83 0.14
2458495.2816383 10.49 0.10
2458495.2819855 10.77 0.13
2458495.2821591 10.80 0.14
2458495.2825063 10.75 0.13
2458495.2828536 10.86 0.15
2458495.2830272 10.89 0.15
2458495.2840688 10.81 0.14
2458495.2842424 10.86 0.14
2458495.2852841 10.78 0.13
2458495.2854577 10.87 0.15
2458495.2856313 10.81 0.14
2458495.2858049 10.76 0.13
2458495.2864994 10.70 0.13
2458495.2868466 10.93 0.16
2458495.2870202 10.73 0.13
2458495.2871938 10.87 0.15
2458495.2873674 10.64 0.12
2458495.2877147 10.67 0.12
2458495.2878883 10.74 0.13
2458495.2882355 10.72 0.13
2458495.2887563 10.66 0.12
2458495.2889299 10.65 0.12
2458495.2891036 10.73 0.13
2458495.2892772 10.66 0.12
2458495.2896244 10.77 0.14
2458495.2903188 10.84 0.14
2458495.2906661 10.86 0.15
2458495.2908410 10.66 0.12
2458495.2910145 10.86 0.15
2458495.2911879 10.57 0.11
2458495.2913614 10.67 0.12
2458495.2915348 10.68 0.12
2458495.2920551 10.56 0.11
2458495.2925758 10.76 0.13
2458495.2927494 10.80 0.14
2458495.2929230 10.85 0.14
2458495.2934438 10.96 0.16
2458495.2936174 10.65 0.12
2458495.2937910 10.78 0.14
2458495.2939647 10.76 0.13
2458495.2943119 10.73 0.13
2458495.2944855 10.84 0.14
2458495.2946591 10.71 0.13
2458495.2948327 10.57 0.11
2458495.2951799 10.95 0.16
2458495.2953535 10.90 0.15
2458495.2955272 10.75 0.13
2458495.2960480 10.74 0.13
2458495.2962216 10.97 0.16
2458495.2969160 10.81 0.14
2458495.2972633 10.70 0.12
2458495.2976105 10.65 0.12
2458495.2977841 10.82 0.14
2458495.2979577 10.87 0.14
2458495.2983049 10.75 0.13
2458495.2984785 10.81 0.14
2458495.2986522 10.76 0.13
2458495.2988258 10.83 0.14
2458495.2989994 10.76 0.13
2458495.2991730 10.70 0.12
2458495.2995202 10.77 0.13
2458495.3000411 10.70 0.12
2458495.3002147 10.79 0.14
2458495.3003883 10.69 0.12
2458495.3005619 10.86 0.14
2458495.3007355 10.61 0.12
2458495.3009091 10.82 0.14
2458495.3010827 10.57 0.11
2458495.3014299 10.62 0.12
2458495.3016035 10.72 0.13
2458495.3022980 10.76 0.13
2458495.3024716 10.74 0.13
2458495.3026452 10.77 0.14
2458495.3028202 10.79 0.14
2458495.3029937 10.57 0.11
2458495.3031671 10.84 0.14
2458495.3035140 10.73 0.13
2458495.3038609 10.97 0.16
2458495.3040343 10.73 0.13
2458495.3042078 10.80 0.14
2458495.3043813 11.00 0.17
2458495.3047286 10.77 0.13
2458495.3049022 10.75 0.13
2458495.3050758 10.72 0.13
2458495.3052494 10.78 0.14
2458495.3054230 10.87 0.15
2458495.3057702 10.74 0.13
2458495.3061174 10.85 0.14
2458495.3064647 10.67 0.12
2458495.3068119 10.75 0.13
2458495.3073327 10.76 0.13
2458495.3076799 10.67 0.12
2458495.3087216 10.76 0.13
2458495.3090688 10.85 0.15
2458495.3092424 10.49 0.10
2458495.3094160 10.86 0.15
2458495.3099369 10.74 0.13
2458495.3101105 10.81 0.14
2458495.3106313 10.68 0.13
2458495.3108049 10.83 0.14
2458495.3109785 10.78 0.14
2458495.3111522 10.73 0.13
2458495.3113258 10.83 0.14
2458495.3114994 10.89 0.15
2458495.3116730 10.76 0.13
2458495.3118466 10.84 0.14
2458495.3120202 10.73 0.13
2458495.3121938 10.84 0.14
2458495.3123674 10.78 0.14
2458495.3128883 10.77 0.13
2458495.3132355 10.68 0.13
2458495.3134091 10.73 0.13
2458495.3141036 10.85 0.14
2458495.3142772 10.79 0.14
2458495.3147980 10.78 0.14
2458498.1660017 10.79 0.13
2458498.1661753 10.75 0.13
2458498.1663489 10.81 0.14
2458498.1665238 10.59 0.11
2458498.1666972 10.84 0.14
2458498.1668707 10.73 0.13
2458498.1672176 10.74 0.13
2458498.1673910 10.75 0.13
2458498.1677379 10.61 0.12
2458498.1679114 10.80 0.14
2458498.1680850 10.67 0.12
2458498.1682586 10.75 0.13
2458498.1684322 10.89 0.15
2458498.1686059 10.72 0.13
2458498.1687795 10.78 0.13
2458498.1689531 10.60 0.11
2458498.1694739 10.77 0.13
2458498.1696475 10.71 0.12
2458498.1698211 10.89 0.14
2458498.1699947 10.81 0.13
2458498.1701684 10.57 0.11
2458498.1703420 10.80 0.13
2458498.1705156 10.73 0.12
2458498.1706892 10.93 0.15
2458498.1708628 10.76 0.13
2458498.1712100 10.76 0.13
2458498.1713836 10.71 0.12
2458498.1715572 10.73 0.12
2458498.1720781 10.77 0.13
2458498.1724253 10.69 0.12
2458498.1725989 10.85 0.14
2458498.1731198 10.78 0.13
2458498.1732934 10.63 0.11
2458498.1734670 10.91 0.14
2458498.1736406 10.71 0.12
2458498.1739878 10.68 0.12
2458498.1743350 10.61 0.11
2458498.1746823 10.75 0.12
2458498.1750295 10.62 0.11
2458498.1752031 10.69 0.11
2458498.1753767 10.81 0.13
2458498.1755503 10.97 0.15
2458498.1757239 10.97 0.15
2458498.1760711 10.79 0.13
2458498.1762447 10.84 0.13
2458498.1764184 10.62 0.11
2458498.1765920 10.93 0.14
2458498.1767656 10.62 0.11
2458498.1769392 10.69 0.11
2458498.1772864 10.97 0.15
2458498.1774600 10.63 0.11
2458498.1779809 10.84 0.13
2458498.1781545 10.81 0.13
2458498.1783295 10.51 0.10
2458498.1788498 10.80 0.13
2458498.1791967 10.79 0.13
2458498.1793701 10.80 0.13
2458498.1797170 10.65 0.11
2458498.1800642 10.83 0.13
2458498.1805850 10.83 0.13
2458498.1809323 10.83 0.13
2458498.1811059 10.82 0.13
2458498.1812795 10.79 0.12
2458498.1814531 10.62 0.11
2458498.1816267 10.71 0.12
2458498.1818003 10.83 0.13
2458498.1819739 10.81 0.13
2458498.1821475 10.84 0.13
2458498.1826684 10.78 0.12
2458498.1828420 10.78 0.12
2458498.1830156 10.61 0.11
2458498.1831892 10.80 0.13
2458498.1833628 10.84 0.13
2458498.1835364 10.72 0.12
2458498.1838836 10.74 0.12
2458498.1844045 10.93 0.14
2458498.1845781 10.85 0.13
2458498.1847517 10.80 0.12
2458498.1849253 10.94 0.14
2458498.1850989 10.84 0.13
2458498.1852725 10.84 0.13
2458498.1857934 10.85 0.13
2458498.1864878 10.76 0.12
2458498.1866614 10.61 0.10
2458498.1868350 10.84 0.13
2458498.1885711 10.73 0.12
2458498.1887448 10.98 0.14
2458498.1889184 10.78 0.12
2458498.1894392 10.75 0.12
2458498.1896128 10.82 0.13
2458498.1897864 10.93 0.14
2458498.1899600 10.63 0.11
2458498.1901336 10.65 0.11
2458498.1903073 10.95 0.14
2458498.1908281 10.65 0.11
2458498.1910017 10.69 0.11
2458498.1911753 10.71 0.11
2458498.1913489 10.86 0.13
2458498.1915225 10.95 0.14
2458498.1916961 10.85 0.13
2458498.1920434 11.00 0.15
2458498.1922170 10.69 0.11
2458498.1923906 10.84 0.13
2458498.1925642 10.74 0.11
2458498.1929114 10.73 0.11
2458498.1930850 10.94 0.14
2458498.1932586 10.86 0.13
2458498.1934322 10.97 0.14
2458498.1936059 10.80 0.12
2458498.1937795 10.80 0.12
2458498.1939531 10.98 0.14
2458498.1941267 11.02 0.15
2458498.1955156 10.84 0.12
2458498.1956892 10.65 0.10
2458498.1958628 10.80 0.12
2458498.1960378 10.73 0.11
2458498.1962112 10.70 0.11
2458498.1963846 10.88 0.13
2458498.1965581 10.70 0.11
2458498.1967315 10.80 0.12
2458498.1969050 10.82 0.12
2458498.1970784 10.89 0.13
2458498.1972519 10.89 0.13
2458498.1979461 10.86 0.13
2458498.1981198 10.70 0.11
2458498.1982934 10.93 0.13
2458498.1984670 11.01 0.14
2458498.1988142 10.74 0.11
2458498.1989878 10.71 0.11
2458498.1991614 10.84 0.12
2458498.1993350 10.91 0.13
2458498.1995086 10.76 0.11
2458498.1996822 11.01 0.14
2458498.1998559 10.80 0.12
2458498.2002031 10.85 0.12
2458498.2005503 10.78 0.11
2458498.2008975 10.82 0.12
2458498.2010711 10.87 0.12
2458498.2012447 10.83 0.12
2458498.2014184 10.73 0.11
2458498.2017656 10.88 0.13
2458498.2019392 10.65 0.10
2458498.2022864 10.72 0.11
2458498.2024600 10.63 0.10
2458498.2026336 10.84 0.12
2458498.2029809 10.79 0.11
2458498.2031545 10.81 0.12
2458498.2033281 10.86 0.12
2458498.2036753 10.86 0.12
2458498.2040225 10.82 0.12
2458498.2041961 10.75 0.11
2458498.2043698 10.68 0.10
2458498.2045434 10.71 0.10
2458498.2047170 10.80 0.12
2458498.2048906 10.84 0.12
2458498.2050642 10.89 0.12
2458498.2052378 10.76 0.11
2458498.2054114 10.82 0.12
2458498.2055850 10.68 0.10
2458498.2061059 10.83 0.12
2458498.2062795 10.71 0.11
2458498.2064531 10.74 0.11
2458498.2069739 10.73 0.11
2458498.2071475 10.82 0.12
2458498.2073211 10.73 0.11
2458498.2074947 10.74 0.11
2458498.2078420 10.94 0.13
2458498.2085373 10.75 0.11
2458498.2090576 10.71 0.10
2458498.2092310 10.78 0.11
2458498.2094045 10.85 0.12
2458498.2097517 10.85 0.12
2458498.2099253 11.05 0.14
2458498.2100989 10.98 0.13
2458498.2102725 10.74 0.11
2458498.2106197 10.87 0.12
2458498.2107934 10.73 0.10
2458498.2109670 10.81 0.11
2458498.2113142 10.66 0.10
2458498.2114878 10.64 0.10
2458498.2118350 10.66 0.10
2458498.2123559 10.77 0.11
2458498.2125295 10.70 0.10
2458498.2127031 10.98 0.13
2458498.2130503 10.72 0.11
2458498.2132239 10.78 0.11
2458498.2133975 10.84 0.12
2458498.2137448 10.93 0.13
2458498.2140920 10.84 0.12
2458498.2142656 10.79 0.11
2458498.2144392 10.79 0.11
2458498.2147864 10.80 0.11
2458498.2149600 10.69 0.10
2458498.2151336 10.89 0.12
2458498.2153072 10.99 0.13
2458498.2154809 10.74 0.11
2458498.2156545 10.61 0.09
2458498.2158281 10.82 0.12
2458498.2160017 10.72 0.10
2458498.2161753 10.99 0.13
2458498.2163489 10.61 0.09
2458498.2165225 11.01 0.13
2458498.2166961 10.71 0.10
2458498.2168697 10.85 0.12
2458498.2170434 10.85 0.12
2458498.2172170 10.91 0.13
2458498.2175642 10.84 0.12
2458498.2177378 10.75 0.11
2458498.2179114 10.78 0.11
2458498.2182586 10.82 0.11
2458498.2184322 11.01 0.14
2458498.2186059 10.82 0.11
2458498.2187795 10.74 0.11
2458498.2194739 10.69 0.10
2458498.2198225 10.55 0.09
2458498.2199960 10.87 0.12
2458498.2203429 10.98 0.13
2458498.2205163 10.89 0.12
2458498.2210366 10.90 0.12
2458498.2213836 10.96 0.13
2458498.2217309 10.67 0.10
2458498.2220781 10.74 0.11
2458498.2222517 11.05 0.14
2458498.2224253 10.73 0.11
2458498.2225989 10.82 0.11
2458498.2227725 10.84 0.11
2458498.2229461 10.90 0.12
2458498.2231197 10.91 0.12
2458498.2232934 10.68 0.10
2458498.2236406 10.87 0.12
2458498.2238142 10.90 0.12
2458498.2239878 10.80 0.11
2458498.2252031 10.78 0.11
2458498.2253767 10.89 0.12
2458498.2255503 10.66 0.10
2458498.2257239 10.92 0.12
2458498.2258975 10.77 0.11
2458498.2260711 10.99 0.13
2458498.2262447 10.78 0.11
2458498.2265920 10.94 0.12
2458498.2267656 10.72 0.10
2458498.2274600 10.87 0.12
2458498.2276336 11.01 0.14
2458498.2278073 10.87 0.12
2458498.2279809 10.80 0.11
2458498.2281545 10.85 0.12
2458498.2283281 10.84 0.11
2458498.2285017 10.91 0.12
2458498.2288489 10.77 0.11
2458498.2290225 10.78 0.11
2458498.2291961 10.83 0.12
2458498.2293698 10.91 0.12
2458498.2297170 10.69 0.10
2458498.2298906 10.90 0.12
2458498.2300642 10.86 0.12
2458498.2302378 10.94 0.13
2458498.2304114 10.88 0.12
2458498.2305850 10.84 0.12
2458498.2307586 10.86 0.12
2458498.2309322 10.75 0.11
2458498.2311059 10.81 0.11
2458498.2312795 10.90 0.12
2458498.2319750 10.85 0.12
2458498.2321485 10.85 0.12
2458498.2323219 10.85 0.12
2458498.2330157 11.02 0.14
2458498.2331892 10.85 0.12
2458498.2335364 10.90 0.12
2458498.2337100 11.01 0.14
2458498.2338836 11.05 0.14
2458498.2340572 11.12 0.15
2458498.2347517 10.68 0.10
2458498.2356198 10.90 0.13
2458498.2363142 10.98 0.13
2458498.2370086 10.90 0.12
2458498.2371823 10.83 0.12
2458498.2377031 10.70 0.10
2458498.2378767 10.71 0.11
2458498.2382239 10.96 0.14
2458498.2383975 10.72 0.11
2458498.2390920 10.95 0.13
2458498.2394392 10.81 0.12
2458498.2396128 11.09 0.15
2458498.2397864 10.95 0.13
2458498.2399600 10.97 0.13
2458498.2401336 11.00 0.14
2458498.2403072 10.97 0.13
2458498.2404809 10.90 0.13
2458498.2406545 10.66 0.10
2458498.2408281 10.99 0.14
2458498.2410017 10.87 0.12
2458498.2411753 10.86 0.12
2458498.2413489 11.03 0.14
2458498.2418697 10.86 0.12
2458498.2420434 10.86 0.12
2458498.2423906 10.75 0.11
2458498.2427378 10.77 0.11
2458498.2429114 10.96 0.13
2458498.2430850 10.96 0.13
2458498.2432586 10.93 0.13
2458498.2436073 10.87 0.12
2458498.2439541 10.72 0.11
2458498.2441276 10.75 0.11
2458498.2443010 10.96 0.13
2458498.2446479 10.77 0.11
2458498.2448214 10.85 0.12
2458498.2449948 10.85 0.12
2458498.2455156 11.03 0.14
2458498.2458628 10.74 0.11
2458498.2465572 10.96 0.14
2458498.2467309 10.91 0.13
2458498.2469045 11.05 0.15
2458498.2470781 10.80 0.12
2458498.2472517 10.79 0.12
2458498.2475989 10.87 0.13
2458498.2484670 10.92 0.13
2458498.2488142 11.02 0.14
2458498.2496822 10.91 0.13
2458498.2498559 10.92 0.13
2458498.2502031 10.94 0.13
2458498.2505503 10.68 0.11
2458498.2507239 10.99 0.14
2458498.2508975 10.97 0.14
2458498.2515920 10.92 0.13
2458498.2517656 10.62 0.10
2458498.2519392 10.92 0.13
2458498.2521128 11.05 0.15
2458498.2522864 10.87 0.13
2458498.2524600 10.86 0.13
2458498.2529809 10.75 0.11
2458498.2531545 10.68 0.11
2458498.2533281 11.04 0.15
2458498.2535017 10.78 0.11
2458498.2538489 10.94 0.13
2458498.2540225 10.97 0.14
2458498.2543697 11.04 0.15
2458498.2545434 10.99 0.14
2458498.2547170 10.76 0.12
2458498.2550642 10.94 0.14
2458498.2552378 10.63 0.10
2458498.2554114 10.86 0.13
2458498.2555863 10.82 0.13
2458498.2557598 10.75 0.12
2458498.2559332 10.90 0.13
2458498.2561066 10.96 0.14
2458498.2562801 10.82 0.12
2458498.2564535 10.83 0.12
2458498.2566270 10.86 0.13
2458498.2568004 10.88 0.13
2458498.2569739 10.88 0.13
2458498.2571475 11.02 0.14
2458498.2573211 10.81 0.12
2458498.2574947 10.99 0.14
2458498.2578420 10.97 0.14
2458498.2580156 11.00 0.14
2458498.2581892 10.80 0.12
2458498.2583628 10.90 0.13
2458498.2587100 10.71 0.11
2458498.2590573 10.96 0.14
2458498.2592309 10.74 0.11
2458498.2594045 10.81 0.12
2458498.2599253 10.80 0.12
2458498.2600989 10.84 0.13
2458498.2602725 10.89 0.13
2458498.2607934 10.67 0.11
2458498.2609670 10.95 0.14
2458498.2611406 10.84 0.12
2458498.2616614 10.93 0.14
2458498.2621822 10.78 0.12
2458498.2623559 10.89 0.13
2458498.2625295 10.82 0.12
2458498.2628767 10.78 0.10
2458498.2633975 10.86 0.10
2458498.2635711 10.84 0.10
2458498.2637447 10.80 0.10
2458498.2639184 10.89 0.11
2458498.2640920 10.81 0.10
2458498.2647864 10.91 0.11
2458498.2651336 10.82 0.11
2458498.2653072 10.84 0.10
2458498.2654809 10.74 0.10
2458498.2656545 10.79 0.10
2458498.2661753 10.83 0.10
2458498.2663489 10.86 0.11
2458498.2668698 10.84 0.10
2458498.2670434 10.92 0.11
2458498.2672170 10.97 0.12
2458498.2673906 10.96 0.12
2458498.2675655 10.76 0.10
2458498.2677389 10.89 0.11
2458498.2679124 10.68 0.09
2458498.2680858 10.94 0.11
2458498.2682593 10.78 0.10
2458498.2686062 10.80 0.10
2458498.2689531 10.77 0.10
2458498.2693003 10.82 0.10
2458498.2694739 10.82 0.10
2458498.2696475 10.95 0.11
2458498.2701684 10.78 0.10
2458498.2703420 10.88 0.11
2458498.2705156 10.94 0.11
2458498.2708628 11.04 0.12
2458498.2710364 10.87 0.11
2458498.2712100 10.87 0.11
2458498.2715572 10.80 0.10
2458498.2717309 11.10 0.13
2458498.2719045 10.83 0.10
2458498.2724253 10.82 0.10
2458498.2725989 11.03 0.12
2458498.2727725 10.85 0.10
2458498.2731197 10.92 0.11
2458498.2732934 10.76 0.09
2458498.2734670 10.77 0.10
2458498.2738142 10.75 0.09
2458498.2743350 10.86 0.10
2458498.2748559 10.96 0.11
2458498.2750295 10.84 0.10
2458498.2752031 10.74 0.09
2458498.2753767 10.74 0.09
2458498.2760711 10.99 0.12
2458498.2762448 10.92 0.11
2458498.2764184 10.80 0.10
2458498.2765920 10.85 0.10
2458498.2767656 10.79 0.10
2458498.2771128 10.90 0.11
2458498.2772864 10.89 0.11
2458498.2774600 10.94 0.11
2458498.2779809 10.96 0.11
2458498.2785017 10.73 0.09
2458498.2788489 10.73 0.09
2458498.2791961 10.74 0.09
2458498.2793697 10.77 0.10
2458498.2797182 10.88 0.11
2458498.2800651 10.97 0.11
2458498.2805854 10.80 0.10
2458498.2811059 10.85 0.11
2458498.2814531 10.86 0.11
2458498.2819739 10.81 0.10
2458498.2826684 10.88 0.11
2458498.2828420 10.91 0.11
2458498.2831892 10.72 0.09
2458498.2835364 10.78 0.10
2458498.2837100 10.91 0.11
2458498.2838836 10.72 0.09
2458498.2840573 10.77 0.10
2458498.2844045 10.81 0.10
2458498.2849253 10.87 0.11
2458498.2854461 10.90 0.11
2458498.2857934 10.80 0.10
2458498.2861406 10.88 0.11
2458498.2863142 10.86 0.11
2458498.2866614 10.70 0.09
2458498.2868350 10.62 0.09
2458498.2871822 10.71 0.09
2458498.2873559 10.76 0.10
2458498.2875295 11.06 0.13
2458498.2877031 10.79 0.10
2458498.2880503 10.84 0.11
2458498.2885711 10.81 0.10
2458498.2887447 10.95 0.12
2458498.2890920 10.83 0.11
2458498.2892656 10.69 0.09
2458498.2894392 10.80 0.10
2458498.2896128 10.67 0.09
2458498.2897864 10.87 0.11
2458498.2899600 10.90 0.11
2458498.2901336 10.76 0.10
2458498.2903073 10.70 0.09
2458498.2904809 10.90 0.11
2458498.2906545 10.95 0.11
2458498.2908281 10.69 0.09
2458498.2910017 10.86 0.11
2458498.2911753 10.86 0.11
2458498.2913489 10.73 0.09
2458498.2915239 10.92 0.11
2458498.2916974 10.70 0.09
2458498.2925646 10.81 0.10
2458498.2927381 10.72 0.10
2458498.2929115 10.77 0.10
2458498.2934322 10.70 0.09
2458498.2936059 10.83 0.11
2458498.2937795 10.74 0.10
2458498.2944739 10.88 0.12
2458498.2946475 10.90 0.12
2458498.2949947 10.98 0.13
2458498.2951684 10.71 0.10
2458498.2953420 10.84 0.10
2458498.2962100 10.75 0.10
2458498.2967309 10.69 0.09
2458498.2969045 10.90 0.11
2458498.2979461 10.78 0.10
2458498.2984670 10.89 0.11
2458498.2986406 10.81 0.10
2458498.2989878 10.81 0.10
2458498.2991614 10.67 0.09
2458498.2996823 10.69 0.09
2458498.2998559 10.70 0.09
2458498.3000295 10.81 0.10
2458498.3002031 10.79 0.10
2458498.3005503 10.78 0.10
2458498.3007239 10.83 0.11
2458498.3008975 10.65 0.09
2458498.3014184 10.75 0.10
2458498.3021128 10.89 0.11
2458498.3022864 10.92 0.11
2458498.3024600 10.65 0.09
2458498.3026336 10.89 0.11
2458498.3028072 10.84 0.10
2458498.3029809 10.74 0.10
2458498.3035017 10.75 0.10
2458498.3040235 10.73 0.09
2458498.3041969 10.65 0.09
2458498.3045438 10.79 0.10
2458498.3050642 10.72 0.10
2458498.3052378 10.86 0.11
2458498.3054114 10.67 0.09
2458498.3055850 10.72 0.09
2458498.3057586 10.83 0.10
2458498.3059323 10.78 0.10
2458498.3062795 10.73 0.09
2458498.3064531 10.85 0.11
2458498.3066267 10.72 0.10
2458498.3068003 10.80 0.10
2458498.3071475 10.74 0.10
2458498.3073211 10.84 0.11
2458498.3076684 10.75 0.10
2458498.3078420 10.87 0.11
2458498.3080156 10.94 0.12
2458498.3081892 10.65 0.09
2458498.3083628 10.74 0.10
2458498.3085364 10.80 0.10
2458498.3087100 10.75 0.10
2458498.3088836 10.73 0.10
2458498.3094045 10.88 0.11
2458498.3095781 10.81 0.10
2458498.3097517 10.73 0.10
2458498.3099253 10.76 0.10
2458498.3102725 10.70 0.10
2458498.3109670 10.70 0.09
2458498.3111406 10.80 0.10
2458498.3114878 10.75 0.10
2458498.3118350 10.74 0.10
2458498.3125295 10.79 0.10
2458498.3128767 10.69 0.09
2458498.3130503 10.70 0.10
2458498.3135711 10.72 0.10
2458498.3137448 10.67 0.09
2458498.3139184 10.70 0.10
2458498.3142656 10.76 0.10
2458498.3146128 10.69 0.09
2458498.3154809 10.80 0.10
2458498.3156558 10.75 0.10
2458498.3158292 10.83 0.11
2458498.3160027 10.66 0.09
2458498.3163496 10.71 0.10
2458498.3165230 10.71 0.10
2458498.3170434 10.65 0.09
2458498.3172170 10.89 0.11
2458498.3175642 10.87 0.11
2458498.3177378 10.81 0.11
2458498.3179114 10.61 0.09
2458500.2342077 10.65 0.12
2458500.2343813 10.70 0.13
2458500.2349022 10.79 0.14
2458500.2350758 10.74 0.13
2458500.2361174 10.86 0.15
2458500.2362910 10.72 0.13
2458500.2368119 10.79 0.14
2458500.2369855 10.77 0.13
2458500.2380272 10.84 0.14
2458500.2387216 10.66 0.12
2458500.2399369 10.85 0.14
2458500.2402841 10.76 0.13
2458500.2404577 10.80 0.14
2458500.2406313 10.90 0.15
2458500.2408049 10.78 0.13
2458500.2409785 10.65 0.12
2458500.2416730 10.85 0.14
2458500.2418466 10.69 0.12
2458500.2428883 10.72 0.13
2458500.2430619 10.77 0.13
2458500.2432355 10.82 0.14
2458500.2435827 10.72 0.12
2458500.2437563 10.68 0.12
2458500.2439299 10.90 0.14
2458500.2447989 10.76 0.13
2458500.2449724 10.72 0.12
2458500.2454927 10.94 0.15
2458500.2460133 10.83 0.14
2458500.2463605 10.69 0.12
2458500.2465341 10.77 0.13
2458500.2467077 10.64 0.11
2458500.2474022 10.79 0.13
2458500.2475758 10.95 0.15
2458500.2479230 10.83 0.13
2458500.2480966 11.01 0.16
2458500.2484438 10.69 0.12
2458500.2486174 10.87 0.14
2458500.2487910 10.77 0.13
2458500.2494855 10.77 0.12
2458500.2496591 10.75 0.12
2458500.2501799 10.82 0.13
2458500.2503535 10.84 0.13
2458500.2510480 10.65 0.11
2458500.2512216 10.83 0.13
2458500.2513952 10.75 0.12
2458500.2519160 10.63 0.11
2458500.2520897 10.92 0.14
2458500.2524369 10.79 0.13
2458500.2526105 10.76 0.12
2458500.2527841 10.96 0.15
2458500.2529577 10.91 0.14
2458500.2531313 10.93 0.15
2458500.2533049 10.86 0.14
2458500.2536522 10.83 0.13
2458500.2538258 10.78 0.13
2458500.2539994 10.78 0.13
2458500.2545202 10.86 0.14
2458500.2546938 10.90 0.14
2458500.2548674 10.66 0.11
2458500.2550411 10.88 0.14
2458500.2555619 10.74 0.12
2458500.2566046 10.88 0.14
2458500.2574719 10.93 0.15
2458500.2581660 10.86 0.14
2458500.2585133 10.67 0.11
2458500.2588605 10.84 0.13
2458500.2590341 10.92 0.14
2458500.2593813 10.93 0.14
2458500.2597285 10.83 0.13
2458500.2599022 10.80 0.13
2458500.2600758 10.72 0.12
2458500.2604230 10.99 0.15
2458500.2605966 10.90 0.14
2458500.2607702 10.83 0.13
2458500.2611174 10.70 0.12
2458500.2614647 10.63 0.11
2458500.2619855 10.77 0.12
2458500.2623327 10.73 0.12
2458500.2628535 10.91 0.14
2458500.2632008 10.99 0.15
2458500.2635480 10.59 0.10
2458500.2637216 10.93 0.14
2458500.2640688 10.83 0.13
2458500.2642424 10.88 0.13
2458500.2644160 10.98 0.14
2458500.2645897 10.93 0.14
2458500.2647633 10.72 0.11
2458500.2649369 10.60 0.10
2458500.2651105 10.97 0.14
2458500.2654577 10.91 0.13
2458500.2658049 10.75 0.12
2458500.2661522 10.82 0.12
2458500.2663258 10.88 0.13
2458500.2668466 10.66 0.11
2458500.2670202 10.81 0.12
2458500.2675410 10.91 0.13
2458500.2678883 10.78 0.12
2458500.2680619 10.77 0.12
2458500.2689307 10.79 0.12
2458500.2691042 10.99 0.14
2458500.2697980 10.71 0.11
2458500.2699716 10.73 0.11
2458500.2701452 10.85 0.13
2458500.2704924 10.74 0.12
2458500.2706661 10.89 0.13
2458500.2711869 10.99 0.14
2458500.2713605 10.76 0.12
2458500.2715341 10.79 0.12
2458500.2717077 10.63 0.10
2458500.2718813 10.87 0.13
2458500.2720549 10.73 0.11
2458500.2722285 10.92 0.14
2458500.2725758 10.74 0.12
2458500.2727494 10.92 0.14
2458500.2729230 10.83 0.13
2458500.2730966 10.67 0.11
2458500.2734438 10.74 0.12
2458500.2739647 10.79 0.12
2458500.2743119 10.67 0.11
2458500.2746591 10.83 0.13
2458500.2748327 10.85 0.13
2458500.2750063 10.88 0.13
2458500.2751799 10.80 0.12
2458500.2753535 10.74 0.12
2458500.2755272 10.94 0.14
2458500.2757008 11.04 0.15
2458500.2758744 11.05 0.15
2458500.2760480 11.08 0.16
2458500.2763952 11.05 0.15
2458500.2765688 10.76 0.12
2458500.2767424 10.88 0.13
2458500.2769161 10.73 0.11
2458500.2770897 10.80 0.12
2458500.2772633 10.79 0.12
2458500.2774369 10.89 0.13
2458500.2776105 10.72 0.11
2458500.2777841 10.74 0.12
2458500.2781313 10.88 0.14
2458500.2783049 10.75 0.12
2458500.2784786 10.81 0.12
2458500.2788258 10.92 0.14
2458500.2789994 10.74 0.12
2458500.2793466 10.87 0.13
2458500.2796938 10.69 0.11
2458500.2798674 10.82 0.12
2458500.2800410 10.89 0.13
2458500.2805631 10.85 0.13
2458500.2807365 10.75 0.12
2458500.2809100 10.87 0.13
2458500.2810834 10.80 0.12
2458500.2812568 10.75 0.12
2458500.2817772 10.77 0.12
2458500.2822980 10.96 0.14
2458500.2828188 10.83 0.12
2458500.2831660 10.86 0.13
2458500.2833397 10.76 0.12
2458500.2836869 10.82 0.12
2458500.2838605 11.09 0.16
2458500.2840341 10.71 0.11
2458500.2842077 10.75 0.12
2458500.2843813 10.96 0.14
2458500.2845549 11.03 0.15
2458500.2849022 10.69 0.11
2458500.2850758 10.90 0.13
2458500.2852494 10.88 0.13
2458500.2859438 11.07 0.15
2458500.2861174 10.76 0.12
2458500.2866383 10.80 0.12
2458500.2868119 10.94 0.14
2458500.2871591 10.94 0.14
2458500.2873327 10.66 0.11
2458500.2883744 10.82 0.12
2458500.2885480 10.96 0.14
2458500.2887216 10.86 0.13
2458500.2888952 10.90 0.13
2458500.2890688 10.66 0.10
2458500.2899369 10.82 0.12
2458500.2901105 10.95 0.13
2458500.2906313 10.78 0.11
2458500.2908049 10.81 0.12
2458500.2913258 10.76 0.11
2458500.2914994 10.84 0.12
2458500.2920202 10.86 0.12
2458500.2925423 10.79 0.11
2458500.2927157 10.87 0.12