2458467.3670250 10.56 0.10
2458467.3673723 10.77 0.12
2458467.3675459 10.58 0.10
2458467.3677195 10.87 0.13
2458467.3682403 10.76 0.12
2458467.3684139 10.61 0.10
2458467.3685875 10.79 0.12
2458467.3691084 10.55 0.10
2458467.3694556 10.72 0.11
2458467.3699764 10.65 0.11
2458467.3701500 10.68 0.11
2458467.3703236 10.51 0.10
2458467.3717125 10.79 0.12
2458467.3718861 10.65 0.11
2458467.3720598 10.50 0.09
2458467.3725806 10.53 0.10
2458467.3729278 10.65 0.11
2458467.3732750 10.58 0.10
2458467.3741431 10.47 0.09
2458467.3743167 10.56 0.10
2458467.3746639 10.73 0.12
2458467.3753584 10.59 0.10
2458467.3757067 10.64 0.11
2458467.3758801 10.62 0.11
2458467.3760536 10.57 0.10
2458467.3762270 10.53 0.10
2458467.3764005 10.80 0.12
2458467.3767473 10.69 0.11
2458467.3770945 10.60 0.10
2458467.3777889 10.52 0.10
2458467.3779625 10.60 0.10
2458467.3786570 10.60 0.11
2458467.3790042 10.70 0.12
2458467.3803931 10.84 0.13
2458467.3805667 10.69 0.11
2458467.3807403 10.69 0.11
2458467.3809139 10.65 0.11
2458467.3812611 10.66 0.11
2458467.3814348 10.71 0.12
2458467.3816084 10.71 0.12
2458467.3817820 10.72 0.12
2458467.3819556 10.68 0.11
2458467.3823028 10.72 0.12
2458467.3829973 10.78 0.12
2458467.3831709 10.77 0.12
2458467.3835181 10.87 0.14
2458467.3838653 10.84 0.13
2458467.3840389 10.71 0.12
2458467.3842125 10.81 0.13
2458467.3843861 10.63 0.11
2458467.3845597 10.63 0.11
2458467.3850806 10.66 0.11
2458467.3852542 10.66 0.11
2458467.3856014 10.83 0.13
2458467.3857750 10.87 0.13
2458467.3859486 10.60 0.11
2458467.3861222 10.53 0.10
2458467.3862959 10.63 0.11
2458467.3864695 10.74 0.12
2458467.3869903 10.80 0.13
2458467.3871639 10.85 0.13
2458467.3882061 10.51 0.10
2458467.3885530 10.82 0.13
2458467.3892473 10.88 0.14
2458467.3897681 10.87 0.14
2458467.3899417 10.70 0.12
2458467.3902889 10.66 0.11
2458467.3908098 10.66 0.11
2458467.3909834 10.78 0.13
2458467.3911570 10.53 0.10
2458467.3915042 10.52 0.10
2458467.3916778 10.72 0.12
2458467.3918514 10.61 0.11
2458467.3920250 10.72 0.12
2458467.3921986 10.71 0.12
2458467.3923722 10.59 0.11
2458467.3928931 10.86 0.14
2458467.3932403 10.71 0.12
2458467.3935875 10.66 0.11
2458467.3941084 10.88 0.14
2458467.3946292 10.58 0.10
2458467.3949764 10.71 0.12
2458467.3951500 10.67 0.11
2458467.3961917 10.66 0.12
2458467.3963653 10.68 0.12
2458467.3968861 10.51 0.10
2458467.3974070 10.76 0.12
2458467.3977542 10.64 0.11
2458467.3981014 10.71 0.12
2458467.3982750 10.69 0.12
2458467.3986223 10.60 0.11
2458467.3989695 10.65 0.11
2458467.3993180 10.61 0.11
2458467.3998383 10.68 0.11
2458467.4001852 10.56 0.10
2458467.4008792 10.59 0.11
2458467.4010528 10.62 0.11
2458467.4040042 10.74 0.12
2458467.4043514 10.86 0.14
2458467.4046986 10.70 0.12
2458467.4059139 10.73 0.12
2458467.4062611 10.62 0.11
2458467.4064348 10.63 0.11
2458467.4066084 10.83 0.13
2458467.4069556 10.68 0.11
2458467.4071292 10.73 0.12
2458467.4073028 10.63 0.11
2458467.4078236 10.65 0.11
2458467.4079972 10.88 0.14
2458467.4081709 10.77 0.13
2458467.4088653 10.78 0.13
2458467.4090389 10.53 0.10
2458467.4097334 10.68 0.12
2458467.4102542 10.52 0.10
2458467.4104278 10.58 0.11
2458467.4106014 10.59 0.11
2458467.4109486 10.63 0.11
2458467.4111236 10.62 0.11
2458467.4116440 10.74 0.12
2458467.4119908 10.54 0.10
2458467.4125112 10.85 0.13
2458467.4126848 10.67 0.11
2458467.4128584 10.64 0.11
2458467.4132056 10.77 0.13
2458467.4133792 10.54 0.10
2458467.4135528 10.76 0.13
2458467.4137264 10.60 0.11
2458467.4139000 10.77 0.13
2458467.4142473 10.53 0.10
2458467.4144209 10.79 0.13
2458467.4147681 10.64 0.11
2458467.4151153 10.63 0.11
2458467.4154625 10.54 0.10
2458467.4156361 10.61 0.11
2458467.4159834 10.47 0.10
2458467.4161570 10.77 0.13
2458467.4163306 10.61 0.11
2458467.4165042 10.76 0.13
2458467.4166778 10.79 0.13
2458467.4171986 10.73 0.12
2458467.4173722 10.68 0.12
2458467.4175459 10.66 0.12
2458467.4178931 10.87 0.14
2458467.4182403 10.64 0.12
2458467.4184139 10.81 0.13
2458467.4189348 10.69 0.12
2458467.4192820 10.72 0.13
2458467.4201500 10.72 0.13
2458467.4203236 10.79 0.13
2458467.4206709 10.78 0.13
2458469.3667865 10.76 0.09
2458469.3670135 10.62 0.08
2458469.3671871 10.67 0.08
2458469.3673607 10.72 0.08
2458469.3677079 10.65 0.08
2458469.3678815 10.65 0.08
2458469.3680551 10.86 0.10
2458469.3682287 10.68 0.08
2458469.3689232 10.73 0.09
2458469.3690968 10.57 0.07
2458469.3699648 10.88 0.10
2458469.3703121 10.72 0.09
2458469.3718746 10.85 0.10
2458469.3725690 10.63 0.08
2458469.3729162 10.70 0.08
2458469.3736107 10.66 0.08
2458469.3737843 10.69 0.08
2458469.3739579 10.68 0.08
2458469.3744787 10.60 0.08
2458469.3746524 10.80 0.09
2458469.3749996 10.77 0.09
2458469.3753468 10.51 0.07
2458469.3756940 10.75 0.09
2458469.3760425 10.74 0.09
2458469.3762159 10.68 0.08
2458469.3769097 10.77 0.09
2458469.3770832 10.73 0.09
2458469.3772566 10.45 0.07
2458469.3774301 10.66 0.08
2458469.3776037 10.64 0.08
2458469.3777773 10.70 0.08
2458469.3779510 10.71 0.08
2458469.3781246 10.68 0.08
2458469.3782982 10.81 0.09
2458469.3784718 10.70 0.08
2458469.3786454 10.76 0.09
2458493.2535364 10.57 0.09
2458493.2556198 10.68 0.10
2458493.2563142 11.07 0.14
2458493.2575295 10.65 0.10
2458493.2606545 10.73 0.10
2458493.2610017 10.94 0.13
2458493.2629114 10.66 0.10
2458493.2632586 10.83 0.11
2458493.2672519 10.68 0.10
2458493.2677725 10.65 0.10
2458493.2702031 10.67 0.10
2458493.2705503 10.69 0.10
2458493.2722864 10.67 0.10
2458493.2729809 10.62 0.09
2458493.2755850 10.71 0.10
2458493.2757586 10.73 0.10
2458493.2769739 10.73 0.10
2458493.2771475 10.81 0.11
2458493.2799253 10.68 0.10
2458493.2820086 10.68 0.10
2458493.2825295 10.54 0.09
2458493.2835711 10.65 0.10
2458493.2844392 10.58 0.09
2458493.2846128 10.64 0.09
2458493.2861753 10.75 0.11
2458493.2866961 10.55 0.09
2458493.2870434 10.96 0.13
2458493.2880850 10.86 0.12
2458493.2889531 10.69 0.10
2458493.2903429 10.74 0.11
2458493.2908633 10.71 0.10
2458493.2915572 10.69 0.10
2458493.2927725 10.79 0.11
2458493.2932934 10.71 0.10
2458493.2943350 10.66 0.10
2458493.2957239 10.58 0.09
2458493.2958975 10.64 0.10
2458493.2960711 10.69 0.10
2458493.2962448 10.76 0.11
2458493.2964184 10.56 0.09
2458493.2965920 10.63 0.10
2458493.2967656 10.74 0.11
2458493.2979809 10.65 0.10
2458493.2981545 10.75 0.11
2458493.2986753 10.66 0.10
2458493.2991961 10.70 0.10
2458493.2993697 10.66 0.10
2458493.2998906 10.75 0.11
2458493.3002378 10.76 0.11
2458493.3018931 10.50 0.09
2458493.3023327 10.76 0.11
2458493.3025063 10.71 0.10
2458493.3033744 10.72 0.10
2458493.3042424 10.76 0.11
2458493.3047633 10.84 0.12
2458493.3049369 10.68 0.10
2458493.3058049 10.77 0.11
2458493.3063258 10.72 0.10
2458493.3066730 10.69 0.10
2458493.3070202 10.73 0.10
2458493.3075410 10.54 0.09
2458493.3078883 10.65 0.10
2458493.3080619 10.68 0.10
2458493.3085827 10.67 0.10
2458493.3092772 10.84 0.11
2458493.3094508 10.85 0.11
2458493.3096244 10.72 0.10
2458493.3097980 10.51 0.08
2458493.3099716 10.65 0.10
2458493.3101452 10.64 0.10
2458493.3104924 10.66 0.10
2458493.3106661 10.69 0.10
2458493.3108397 10.82 0.11
2458493.3117077 10.78 0.11
2458493.3120549 10.77 0.11
2458493.3122298 10.75 0.11
2458493.3124033 10.66 0.10
2458493.3141383 10.63 0.09
2458493.3174369 10.71 0.10
2458493.3177841 10.80 0.11
2458493.3205619 10.82 0.11
2458493.3210827 10.66 0.10
2458493.3217772 10.68 0.10
2458493.3221244 10.70 0.10
2458493.3222980 10.73 0.10
2458493.3226452 10.69 0.10
2458493.3238605 10.62 0.09
2458493.3255966 10.68 0.10
2458493.3257702 10.94 0.12
2458493.3271591 10.95 0.12
2458493.3283744 10.96 0.12
2458493.3287216 10.65 0.09
2458493.3288952 10.70 0.10
2458493.3292430 10.70 0.10
2458493.3294160 10.72 0.10
2458493.3304577 10.73 0.10
2458493.3314994 10.56 0.09
2458493.3316730 10.70 0.10
2458493.3330619 10.75 0.10
2458493.3334091 10.70 0.10
2458493.3339299 10.64 0.09
2458493.3344508 10.70 0.10
2458493.3356661 10.87 0.12
2458493.3361882 10.66 0.10
2458493.3379230 10.60 0.09
2458493.3382702 10.68 0.10
2458493.3386174 10.69 0.10
2458493.3396591 10.77 0.11
2458493.3405272 10.77 0.11
2458493.3415688 10.59 0.09
2458493.3417424 10.67 0.10
2458493.3419161 10.53 0.09
2458493.3422633 10.70 0.10
2458493.3426105 10.76 0.11
2458493.3427841 10.76 0.11
2458493.3434786 10.57 0.09
2458493.3438258 10.76 0.11
2458493.3445202 10.69 0.10
2458493.3446938 10.65 0.10
2458493.3459091 10.61 0.09
2458493.3486876 10.79 0.11
2458493.3495549 10.52 0.09
2458493.3499022 10.68 0.10
2458493.3502494 10.64 0.10
2458493.3505966 10.74 0.11
2458493.3507702 10.59 0.09
2458493.3521591 10.73 0.10
2458493.3523327 10.76 0.11
2458493.3526799 10.68 0.10
2458493.3556313 10.75 0.10
2458493.3563258 10.75 0.11
2458493.3571938 10.65 0.10
2458493.3578883 10.72 0.10
2458493.3584091 10.55 0.09
2458493.3587563 10.71 0.10
2458493.3599716 10.70 0.10
2458493.3620549 10.80 0.11
2458493.3622285 10.71 0.10
2458493.3672633 10.58 0.09
2458493.3722991 10.68 0.10
2458493.3729928 10.84 0.11
2458493.3759438 10.60 0.09
2458493.3762910 10.51 0.09
2458493.3778535 10.55 0.09
2458493.3783744 10.57 0.09
2458493.3790688 10.51 0.09
2458493.3794161 10.70 0.10
2458493.3802841 10.70 0.10
2458493.3804577 10.59 0.09
2458493.3811522 10.60 0.09
2458493.3813258 10.63 0.10
2458493.3814994 10.73 0.11
2458493.3820202 10.74 0.11
2458493.3823674 10.64 0.10
2458493.3841048 10.56 0.09
2458493.3847985 10.60 0.10
2458493.3861869 10.45 0.08
2458493.3868813 10.53 0.09
2458493.3870549 10.63 0.10
2458493.3875758 10.55 0.09
2458493.3900063 10.49 0.09
2458493.3905272 10.62 0.10
2458493.3919160 10.69 0.10
2458493.3924369 10.45 0.08
2458493.3927841 10.57 0.09
2458493.3929577 10.55 0.09
2458493.3933049 10.67 0.10
2458493.3934785 10.78 0.11
2458493.3939994 10.71 0.11
2458493.3941730 10.64 0.10
2458493.3943466 10.64 0.10
2458493.3945202 10.60 0.10
2458493.3952147 10.62 0.10
2458493.3953883 10.58 0.10
2458493.3957355 10.53 0.09
2458493.3959105 10.59 0.10
2458493.3969511 10.57 0.09
2458493.3979924 10.81 0.12
2458493.3981661 10.70 0.11
2458493.3986869 10.69 0.11
2458493.3992077 10.74 0.11
2458493.3999022 10.73 0.11
2458493.4000758 10.75 0.11
2458493.4002494 10.62 0.10
2458493.4004230 10.80 0.12
2458493.4005966 10.65 0.10
2458493.4012910 10.63 0.10
2458493.4016383 10.62 0.10
2458493.4018119 10.62 0.10
2458493.4019855 10.54 0.09
2458493.4023327 10.52 0.09
2458493.4028536 10.70 0.11
2458493.4032008 10.65 0.10
2458493.4035480 10.55 0.09
2458493.4038952 10.69 0.11
2458493.4044161 10.73 0.11
2458493.4045897 10.70 0.11
2458493.4049369 10.70 0.11
2458493.4052841 10.66 0.11
2458493.4054577 10.80 0.12
2458493.4056313 10.66 0.10
2458493.4061522 10.65 0.10
2458493.4066730 10.63 0.10
2458493.4068466 10.72 0.11
2458493.4070202 10.57 0.10
2458493.4073674 10.54 0.09
2458493.4075410 10.70 0.11
2458493.4078896 10.63 0.10
2458493.4082365 10.74 0.11
2458493.4084099 10.63 0.10
2458493.4085833 10.49 0.09
2458493.4094508 10.59 0.10
2458493.4097980 10.66 0.11
2458493.4101452 10.68 0.11
2458493.4104924 10.56 0.10
2458493.4106661 10.55 0.10
2458493.4108397 10.59 0.10
2458493.4110133 10.72 0.11
2458493.4111869 10.62 0.10
2458493.4115341 10.73 0.11
2458493.4117077 10.76 0.11
2458493.4127494 10.77 0.12
2458493.4129230 10.64 0.10
2458493.4130966 10.53 0.09
2458493.4134438 10.60 0.10
2458493.4143119 10.54 0.10
2458493.4144855 10.73 0.11
2458493.4146591 10.56 0.10
2458493.4148327 10.59 0.10
2458493.4150063 10.66 0.11
2458493.4153535 10.64 0.11
2458494.3455156 10.60 0.14
2458494.3456892 10.79 0.16
2458494.3458628 10.65 0.14
2458494.3462100 10.66 0.14
2458494.3463836 10.58 0.13
2458494.3465573 10.58 0.13
2458494.3477725 10.64 0.14
2458494.3481197 10.65 0.14
2458494.3486406 10.61 0.14
2458494.3489878 10.66 0.14
2458494.3498559 10.58 0.14
2458494.3510711 10.57 0.14
2458494.3528073 10.61 0.15
2458494.3545438 10.46 0.14
2458495.1351115 10.61 0.15
2458495.1359787 10.55 0.14
2458495.1361522 10.61 0.15
2458495.1363258 10.66 0.16
2458495.1377147 10.59 0.15
2458495.1392772 10.59 0.14
2458495.1394508 10.47 0.13
2458495.1396244 10.65 0.15
2458495.1404924 10.59 0.14
2458495.1424022 10.45 0.13
2458495.1441383 10.55 0.14
2458495.1448327 10.59 0.14
2458495.1458744 10.62 0.15
2458495.1462216 10.50 0.13
2458495.1505619 10.54 0.14
2458495.1519508 10.70 0.16
2458495.1538605 10.63 0.15
2458495.1540341 10.77 0.17
2458495.1549022 10.53 0.13
2458495.1562911 10.65 0.15
2458495.1566383 10.57 0.14
2458495.1592433 10.69 0.15
2458495.1599371 10.47 0.13
2458495.1608049 10.69 0.15
2458495.1639299 10.56 0.14
2458495.1646244 10.63 0.14
2458495.1647980 10.69 0.15
2458495.1660133 10.59 0.14
2458495.1667077 10.74 0.16
2458495.1672285 10.58 0.14
2458495.1675758 10.82 0.17
2458495.1682702 10.61 0.14
2458495.1684438 10.73 0.16
2458495.1689647 10.62 0.14
2458495.1691383 10.66 0.15
2458495.1694855 10.65 0.15
2458495.1698327 10.55 0.13
2458495.1705272 10.42 0.12
2458495.1708756 10.60 0.14
2458495.1712225 10.60 0.14
2458495.1720897 10.60 0.14
2458495.1731313 10.67 0.15
2458495.1733049 10.40 0.12
2458495.1748674 10.49 0.13
2458495.1753883 10.53 0.13
2458495.1769508 10.47 0.12
2458495.1774716 10.46 0.12
2458495.1790341 10.54 0.13
2458495.1816383 10.74 0.15
2458495.1837221 10.52 0.13
2458495.1840689 10.54 0.13
2458495.1861522 10.65 0.14
2458495.1863258 10.41 0.11
2458495.1864994 10.72 0.15
2458495.1868466 10.67 0.14
2458495.1889299 10.64 0.14
2458495.1891036 10.62 0.14
2458495.1908397 10.73 0.15
2458495.1915341 10.46 0.12
2458495.1944855 10.71 0.15
2458495.1946591 10.56 0.13
2458495.1950075 10.67 0.14
2458495.1967424 10.47 0.12
2458495.1995202 10.53 0.12
2458495.2002147 10.69 0.14
2458495.2005619 10.57 0.13
2458495.2007355 10.70 0.15
2458495.2010827 10.66 0.14
2458495.2016035 10.62 0.13
2458495.2017772 10.59 0.13
2458495.2019508 10.55 0.13
2458495.2021244 10.58 0.13
2458495.2022980 10.60 0.13
2458495.2026452 10.55 0.13
2458495.2028188 10.47 0.12
2458495.2029924 10.62 0.14
2458495.2031661 10.60 0.13
2458495.2033397 10.78 0.16
2458495.2035133 10.75 0.15
2458495.2036869 10.53 0.13
2458495.2040341 10.65 0.14
2458495.2043813 10.83 0.16
2458495.2045549 10.54 0.13
2458495.2047286 10.32 0.10
2458495.2055966 10.62 0.14
2458495.2062911 10.66 0.14
2458495.2120202 10.58 0.13
2458495.2134091 10.69 0.14
2458495.2141036 10.57 0.13
2458495.2144508 10.54 0.12
2458495.2146244 10.48 0.12
2458495.2149716 10.68 0.14
2458495.2153188 10.65 0.14
2458495.2161869 10.71 0.14
2458495.2172285 10.59 0.13
2458495.2175758 10.63 0.13
2458495.2177494 10.83 0.16
2458495.2179230 10.57 0.13
2458495.2187924 10.59 0.13
2458495.2191393 10.60 0.13
2458495.2193127 10.74 0.15
2458495.2198331 10.70 0.14
2458495.2201799 10.78 0.16
2458495.2207008 10.75 0.15
2458495.2208744 10.74 0.15
2458495.2210480 10.86 0.17
2458495.2227841 10.72 0.15
2458495.2243466 10.64 0.14
2458495.2248674 10.60 0.13
2458495.2250410 10.63 0.13
2458495.2264299 10.71 0.15
2458495.2272980 10.59 0.13
2458495.2276452 10.81 0.16
2458495.2281661 10.83 0.16
2458495.2285133 10.75 0.15
2458495.2288605 10.64 0.14
2458495.2292077 10.85 0.16
2458495.2295549 10.55 0.12
2458495.2297286 10.69 0.14
2458495.2299022 10.60 0.13
2458495.2300758 10.78 0.15
2458495.2307716 10.90 0.17
2458495.2316388 10.79 0.15
2458495.2318122 10.69 0.14
2458495.2321591 10.86 0.16
2458495.2323327 10.84 0.16
2458495.2325063 10.65 0.13
2458495.2330272 10.65 0.13
2458495.2332008 10.74 0.15
2458495.2338952 10.75 0.15
2458495.2344161 10.75 0.14
2458495.2356313 10.58 0.13
2458495.2361522 10.64 0.13
2458495.2368466 10.69 0.14
2458495.2371938 10.91 0.17
2458495.2377147 10.62 0.13
2458495.2389299 10.61 0.13
2458495.2406660 10.56 0.12
2458495.2413605 10.73 0.14
2458495.2418813 10.50 0.11
2458495.2422286 10.57 0.12
2458495.2429242 10.53 0.12
2458495.2439649 10.79 0.15
2458495.2446591 10.79 0.15
2458495.2450063 10.80 0.15
2458495.2451799 10.76 0.15
2458495.2496938 10.61 0.13
2458495.2502147 10.77 0.15
2458495.2505619 10.75 0.15
2458495.2514299 10.79 0.15
2458495.2521244 10.47 0.11
2458495.2522980 10.89 0.16
2458495.2533397 10.79 0.15
2458495.2535133 10.89 0.16
2458495.2540341 10.69 0.14
2458495.2561175 10.56 0.12
2458495.2575063 10.74 0.14
2458495.2578536 10.69 0.13
2458495.2594161 10.78 0.14
2458495.2611522 10.56 0.12
2458495.2665341 10.88 0.16
2458495.2670561 10.65 0.13
2458495.2672295 10.67 0.13
2458495.2674030 10.78 0.15
2458495.2675764 10.68 0.13
2458495.2677498 10.63 0.12
2458495.2682702 10.63 0.13
2458495.2684438 10.85 0.15
2458495.2686174 10.69 0.13
2458495.2687911 10.83 0.15
2458495.2689647 10.67 0.13
2458495.2691383 10.67 0.13
2458495.2700063 10.64 0.13
2458495.2707008 10.74 0.14
2458495.2710480 10.74 0.14
2458495.2712216 10.81 0.15
2458495.2713952 10.59 0.12
2458495.2715688 10.67 0.13
2458495.2717424 10.63 0.13
2458495.2722633 10.77 0.14
2458495.2753883 10.72 0.13
2458495.2766036 10.72 0.14
2458498.1665238 10.70 0.13
2458498.1682586 10.82 0.14
2458498.1708628 10.78 0.14
2458498.1712100 10.57 0.11
2458498.1713836 10.77 0.13
2458498.1727725 10.78 0.13
2458498.1729461 10.59 0.11
2458498.1731198 10.51 0.10
2458498.1732934 10.58 0.11
2458498.1736406 10.67 0.12
2458498.1738142 10.62 0.11
2458498.1745086 10.69 0.12
2458498.1750295 10.57 0.11
2458498.1760711 10.76 0.13
2458498.1764184 10.83 0.14
2458498.1767656 10.74 0.12
2458498.1769392 10.49 0.10
2458498.1774600 10.82 0.13
2458498.1779809 10.73 0.12
2458498.1781545 10.76 0.13
2458498.1793701 10.61 0.11
2458498.1805850 10.71 0.12
2458498.1809323 10.80 0.13
2458498.1812795 10.61 0.11
2458498.1821475 10.61 0.11
2458498.1824948 10.53 0.10
2458498.1833628 10.54 0.10
2458498.1840572 10.53 0.10
2458498.1849253 10.53 0.10
2458498.1863142 10.67 0.12
2458498.1889184 10.81 0.13
2458498.1896128 10.72 0.12
2458498.1901336 10.73 0.12
2458498.1910017 10.80 0.13
2458498.1923906 10.66 0.11
2458498.1925642 10.61 0.11
2458498.1927378 10.67 0.11
2458498.1930850 10.72 0.12
2458498.1943003 10.69 0.11
2458498.1948211 10.69 0.11
2458498.1951684 10.52 0.10
2458498.1963846 10.54 0.10
2458498.1975989 10.68 0.11
2458498.1977725 10.58 0.10
2458498.1979461 10.67 0.11
2458498.1988142 10.64 0.10
2458498.1989878 10.68 0.11
2458498.1993350 10.57 0.10
2458498.2012447 10.65 0.10
2458498.2019392 10.67 0.11
2458498.2026336 10.76 0.12
2458498.2029809 10.68 0.11
2458498.2031545 10.83 0.12
2458498.2038489 10.67 0.11
2458498.2040225 10.75 0.11
2458498.2041961 10.79 0.12
2458498.2043698 10.68 0.11
2458498.2047170 10.69 0.11
2458498.2048906 10.69 0.11
2458498.2052378 10.65 0.10
2458498.2061059 10.67 0.10
2458498.2064531 10.58 0.10
2458498.2071475 10.71 0.11
2458498.2076684 10.89 0.13
2458498.2080169 10.64 0.10
2458498.2083638 10.98 0.14
2458498.2092310 10.60 0.10
2458498.2095781 10.67 0.10
2458498.2097517 10.68 0.11
2458498.2099253 10.82 0.12
2458498.2104461 10.68 0.11
2458498.2107934 10.83 0.12
2458498.2120086 10.72 0.11
2458498.2123559 10.45 0.09
2458498.2127031 10.48 0.09
2458498.2135711 10.56 0.09
2458498.2139184 10.54 0.09
2458498.2142656 10.61 0.10
2458498.2144392 10.60 0.10
2458498.2146128 10.66 0.10
2458498.2161753 10.69 0.10
2458498.2170434 10.56 0.09
2458498.2173906 10.66 0.10
2458498.2177378 10.82 0.12
2458498.2179114 10.66 0.10
2458498.2180850 10.50 0.09
2458498.2182586 10.70 0.11
2458498.2187795 10.60 0.10
2458498.2189531 10.69 0.11
2458498.2191267 10.60 0.10
2458498.2193003 10.62 0.10
2458498.2194739 10.83 0.12
2458498.2196475 10.63 0.10
2458498.2198225 10.56 0.09
2458498.2201694 10.64 0.10
2458498.2203429 10.65 0.10
2458498.2208632 10.57 0.10
2458498.2212101 10.73 0.11
2458498.2213836 10.68 0.11
2458498.2224253 10.69 0.11
2458498.2232934 10.64 0.10
2458498.2234670 10.61 0.10
2458498.2241614 10.60 0.09
2458498.2243350 10.73 0.11
2458498.2255503 10.85 0.12
2458498.2257239 10.66 0.10
2458498.2258975 10.63 0.10
2458498.2264184 10.63 0.10
2458498.2265920 10.68 0.10
2458498.2269392 10.63 0.10
2458498.2271128 10.72 0.11
2458498.2272864 10.67 0.10
2458498.2274600 10.58 0.09
2458498.2278073 10.62 0.10
2458498.2279809 10.61 0.10
2458498.2285017 10.59 0.10
2458498.2286753 10.76 0.11
2458498.2304114 10.65 0.10
2458498.2305850 10.60 0.10
2458498.2307586 10.63 0.10
2458498.2314531 10.66 0.10
2458498.2318016 10.73 0.11
2458498.2323219 10.77 0.11
2458498.2328422 10.49 0.09
2458498.2330157 10.88 0.13
2458498.2335364 10.74 0.11
2458498.2337100 10.74 0.11
2458498.2338836 10.66 0.10
2458498.2347517 10.81 0.12
2458498.2354461 10.65 0.10
2458498.2359670 10.76 0.11
2458498.2364878 10.77 0.12
2458498.2368350 10.86 0.12
2458498.2370086 10.77 0.12
2458498.2371823 10.68 0.11
2458498.2375295 10.86 0.13
2458498.2382239 10.65 0.10
2458498.2383975 10.58 0.10
2458498.2389184 10.80 0.12
2458498.2392656 10.70 0.11
2458498.2396128 10.61 0.10
2458498.2397864 10.76 0.12
2458498.2401336 10.50 0.09
2458498.2403072 10.74 0.11
2458498.2406545 10.63 0.11
2458498.2411753 10.75 0.12
2458498.2415225 10.48 0.09
2458498.2416961 10.73 0.11
2458498.2422170 10.74 0.12
2458498.2427378 10.76 0.12
2458498.2429114 10.54 0.09
2458498.2434323 10.63 0.10
2458498.2437807 10.64 0.10
2458498.2448214 10.69 0.11
2458498.2451684 10.66 0.11
2458498.2456892 10.70 0.11
2458498.2467309 10.58 0.10
2458498.2472517 10.78 0.12
2458498.2477725 10.92 0.13
2458498.2481197 10.85 0.13
2458498.2484670 10.92 0.13
2458498.2486406 10.69 0.11
2458498.2493350 10.72 0.11
2458498.2500295 10.74 0.11
2458498.2514184 10.67 0.11
2458498.2522864 10.58 0.10
2458498.2524600 10.79 0.12
2458498.2536753 10.99 0.15
2458498.2547170 10.78 0.12
2458498.2554114 10.78 0.12
2458498.2561066 10.68 0.11
2458498.2562801 10.68 0.11
2458498.2564535 10.73 0.12
2458498.2569739 10.67 0.11
2458498.2594045 10.58 0.10
2458498.2599253 10.64 0.11
2458498.2614878 10.49 0.09
2458498.2620086 10.59 0.10
2458498.2637447 10.79 0.10
2458498.2642656 10.62 0.09
2458498.2661753 10.87 0.11
2458498.2670434 10.52 0.08
2458498.2699947 10.68 0.09
2458498.2705156 10.69 0.09
2458498.2706892 10.73 0.09
2458498.2710364 10.62 0.09
2458498.2722517 10.81 0.10
2458498.2725989 10.71 0.09
2458498.2727725 10.81 0.10
2458498.2750295 10.71 0.09
2458498.2752031 10.84 0.11
2458498.2753767 10.58 0.08
2458498.2757239 10.70 0.09
2458498.2764184 10.77 0.10
2458498.2772864 10.78 0.10
2458498.2776336 10.73 0.10
2458498.2779809 10.85 0.11
2458498.2781545 10.65 0.09
2458498.2805854 10.59 0.08
2458498.2814531 10.67 0.09
2458498.2816267 10.59 0.09
2458498.2818003 10.72 0.10
2458498.2823211 10.71 0.10
2458498.2826684 10.71 0.10
2458498.2828420 10.59 0.09
2458498.2831892 10.68 0.09
2458498.2833628 10.67 0.09
2458498.2835364 10.68 0.09
2458498.2837100 10.67 0.09
2458498.2844045 10.55 0.08
2458498.2845781 10.54 0.08
2458498.2850989 10.83 0.11
2458498.2856197 10.67 0.09
2458498.2861406 10.70 0.10
2458498.2864878 10.72 0.10
2458498.2880503 10.66 0.09
2458498.2887447 10.77 0.10
2458498.2894392 10.65 0.09
2458498.2897864 10.77 0.10
2458498.2904809 10.69 0.09
2458498.2906545 10.68 0.09
2458498.2908281 10.73 0.10
2458498.2910017 10.69 0.09
2458498.2913489 10.63 0.09
2458498.2916974 10.86 0.11
2458498.2925646 10.83 0.11
2458498.2937795 10.52 0.08
2458498.2946475 10.60 0.09
2458498.2949947 10.69 0.10
2458498.2969045 10.81 0.10
2458498.2977725 10.84 0.11
2458498.2981198 10.72 0.10
2458498.2982934 10.80 0.11
2458498.2995086 10.52 0.08
2458498.3002031 10.64 0.09
2458498.3007239 10.70 0.10
2458498.3012447 10.63 0.09
2458498.3019392 10.51 0.08
2458498.3021128 10.68 0.09
2458498.3024600 10.75 0.10
2458498.3026336 10.88 0.11
2458498.3029809 10.82 0.11
2458498.3040235 10.74 0.10
2458498.3043703 10.62 0.09
2458498.3052378 10.69 0.10
2458498.3055850 10.71 0.10
2458498.3057586 10.66 0.09
2458498.3059323 10.81 0.11
2458498.3061059 10.73 0.10
2458498.3068003 10.56 0.09
2458498.3069739 10.80 0.11
2458498.3071475 10.66 0.09
2458498.3081892 10.67 0.09
2458498.3087100 10.83 0.11
2458498.3088836 10.48 0.08
2458498.3111406 10.73 0.10
2458498.3118350 10.65 0.09
2458498.3120086 10.72 0.10
2458498.3132239 10.78 0.11
2458498.3137448 10.62 0.09
2458498.3142656 10.72 0.10
2458498.3147864 10.59 0.09
2458498.3151336 10.57 0.09
2458498.3158292 10.64 0.09
2458498.3161761 10.70 0.10
2458498.3165230 10.68 0.10
2458498.3166965 10.62 0.10
2458498.3179114 10.83 0.11
2458500.2340341 10.55 0.12
2458500.2343813 10.64 0.13
2458500.2350758 10.72 0.13
2458500.2354230 10.57 0.12
2458500.2366383 10.50 0.11
2458500.2368119 10.67 0.13
2458500.2385480 10.76 0.14
2458500.2390688 10.92 0.16
2458500.2395897 10.73 0.13
2458500.2397633 10.69 0.13
2458500.2399369 10.71 0.13
2458500.2401105 10.78 0.14
2458500.2404577 10.66 0.13
2458500.2406313 10.62 0.12
2458500.2408049 10.71 0.13
2458500.2411522 10.69 0.13
2458500.2413258 10.62 0.12
2458500.2416730 10.71 0.13
2458500.2418466 10.70 0.13
2458500.2425410 10.76 0.13
2458500.2427147 10.59 0.11
2458500.2428883 10.71 0.13
2458500.2430619 10.84 0.14
2458500.2435827 10.76 0.13
2458500.2437563 10.64 0.12
2458500.2441035 10.56 0.11
2458500.2442772 10.85 0.14
2458500.2446255 10.74 0.13
2458500.2447989 10.56 0.11
2458500.2449724 10.56 0.11
2458500.2453193 10.73 0.13
2458500.2454927 10.67 0.12
2458500.2456661 10.76 0.13
2458500.2458397 10.71 0.13
2458500.2460133 10.80 0.14
2458500.2461869 10.89 0.15
2458500.2463605 10.60 0.11
2458500.2465341 10.71 0.12
2458500.2468813 10.68 0.12
2458500.2470549 10.80 0.13
2458500.2472286 10.56 0.11
2458500.2475758 10.72 0.13
2458500.2486174 10.88 0.14
2458500.2487910 10.63 0.12
2458500.2489647 10.68 0.12
2458500.2493119 10.89 0.14
2458500.2496591 10.66 0.12
2458500.2503535 10.53 0.10
2458500.2508744 10.59 0.11
2458500.2513952 10.67 0.12
2458500.2515688 10.62 0.11
2458500.2517424 10.67 0.12
2458500.2519160 10.54 0.11
2458500.2522633 10.59 0.11
2458500.2541730 10.65 0.12
2458500.2552147 10.54 0.11
2458500.2553883 10.72 0.12
2458500.2555619 10.57 0.11
2458500.2559091 10.67 0.12
2458500.2560827 10.75 0.13
2458500.2562563 10.75 0.13
2458500.2567781 10.76 0.13
2458500.2571250 10.62 0.12
2458500.2576453 10.78 0.13
2458500.2583397 10.87 0.14
2458500.2585133 10.67 0.12
2458500.2590341 10.61 0.11
2458500.2593813 10.62 0.11
2458500.2595549 10.80 0.13
2458500.2597285 10.65 0.12
2458500.2600758 10.65 0.11
2458500.2602494 10.74 0.12
2458500.2604230 10.76 0.13
2458500.2605966 10.53 0.10
2458500.2607702 10.68 0.12
2458500.2609438 10.73 0.12
2458500.2611174 10.70 0.12
2458500.2612911 10.91 0.14
2458500.2614647 10.86 0.14
2458500.2616383 10.76 0.13
2458500.2618119 10.71 0.12
2458500.2625063 10.81 0.13
2458500.2628535 10.67 0.11
2458500.2630272 10.79 0.13
2458500.2635480 10.67 0.11
2458500.2640688 10.70 0.12
2458500.2644160 10.69 0.12
2458500.2649369 10.80 0.13
2458500.2659785 10.66 0.11
2458500.2661522 10.68 0.11
2458500.2664994 10.71 0.12
2458500.2666730 10.60 0.10
2458500.2689307 10.58 0.10
2458500.2704924 10.75 0.12
2458500.2713605 10.66 0.11
2458500.2718813 10.87 0.14
2458500.2725758 10.55 0.10
2458500.2739647 10.76 0.12
2458500.2746591 10.78 0.12
2458500.2750063 10.76 0.12
2458500.2751799 10.83 0.13
2458500.2753535 10.73 0.12
2458500.2762216 10.61 0.10
2458500.2763952 10.83 0.13
2458500.2769161 10.76 0.12
2458500.2770897 10.84 0.13
2458500.2772633 10.77 0.12
2458500.2779577 10.79 0.13
2458500.2781313 10.66 0.11
2458500.2788258 10.72 0.12
2458500.2789994 10.66 0.11
2458500.2793466 10.64 0.11
2458500.2803896 10.58 0.10
2458500.2809100 10.53 0.10
2458500.2817772 10.82 0.13
2458500.2821244 10.79 0.13
2458500.2822980 10.61 0.11
2458500.2829924 10.72 0.12
2458500.2831660 10.70 0.11
2458500.2836869 10.61 0.11
2458500.2840341 10.59 0.10
2458500.2852494 10.67 0.11
2458500.2861174 10.63 0.11
2458500.2862911 10.65 0.11
2458500.2864647 10.55 0.10
2458500.2866383 10.87 0.14
2458500.2871591 10.73 0.12
2458500.2876799 10.48 0.09
2458500.2882008 10.73 0.12
2458500.2885480 10.81 0.13
2458500.2901105 10.51 0.09