2458467.3668514 10.42 0.09
2458467.3670250 10.32 0.08
2458467.3680667 10.13 0.07
2458467.3685875 10.22 0.07
2458467.3691084 10.26 0.07
2458467.3699764 10.28 0.08
2458467.3703236 10.28 0.08
2458467.3704972 10.38 0.08
2458467.3708445 10.37 0.08
2458467.3713653 10.22 0.07
2458467.3715389 10.23 0.07
2458467.3718861 10.31 0.08
2458467.3722334 10.26 0.07
2458467.3725806 10.39 0.08
2458467.3727542 10.16 0.07
2458467.3732750 10.22 0.07
2458467.3734486 10.29 0.08
2458467.3739695 10.37 0.08
2458467.3748375 10.37 0.08
2458467.3750111 10.26 0.07
2458467.3751848 10.28 0.08
2458467.3753584 10.38 0.08
2458467.3755332 10.37 0.08
2458467.3757067 10.28 0.08
2458467.3758801 10.35 0.08
2458467.3772681 10.18 0.07
2458467.3776153 10.37 0.08
2458467.3783097 10.19 0.07
2458467.3784834 10.29 0.08
2458467.3791778 10.30 0.08
2458467.3793514 10.27 0.08
2458467.3795250 10.33 0.08
2458467.3796986 10.35 0.08
2458467.3802195 10.19 0.07
2458467.3803931 10.34 0.08
2458467.3807403 10.19 0.07
2458467.3809139 10.32 0.08
2458467.3810875 10.28 0.08
2458467.3812611 10.21 0.07
2458467.3814348 10.31 0.08
2458467.3816084 10.33 0.08
2458467.3817820 10.20 0.07
2458467.3819556 10.50 0.09
2458467.3821292 10.21 0.07
2458467.3823028 10.22 0.07
2458467.3828236 10.46 0.09
2458467.3829973 10.32 0.08
2458467.3833445 10.26 0.07
2458467.3842125 10.23 0.07
2458467.3843861 10.29 0.08
2458467.3852542 10.31 0.08
2458467.3857750 10.13 0.07
2458467.3862959 10.36 0.08
2458467.3864695 10.36 0.08
2458467.3866431 10.25 0.08
2458467.3868167 10.42 0.09
2458467.3871639 10.27 0.08
2458467.3873389 10.29 0.08
2458467.3878592 10.27 0.08
2458467.3882061 10.33 0.08
2458467.3883795 10.43 0.09
2458467.3885530 10.39 0.09
2458467.3887264 10.48 0.09
2458467.3892473 10.25 0.08
2458467.3894209 10.24 0.08
2458467.3911570 10.26 0.08
2458467.3918514 10.27 0.08
2458467.3923722 10.25 0.08
2458467.3927195 10.31 0.08
2458467.3928931 10.36 0.08
2458467.3934139 10.24 0.08
2458467.3935875 10.27 0.08
2458467.3937611 10.34 0.08
2458467.3942820 10.18 0.07
2458467.3944556 10.30 0.08
2458467.3956709 10.26 0.08
2458467.3960181 10.35 0.08
2458467.3963653 10.44 0.09
2458467.3965389 10.36 0.08
2458467.3974070 10.23 0.08
2458467.3975806 10.24 0.07
2458467.3979278 10.27 0.08
2458467.3981014 10.24 0.07
2458467.3991431 10.21 0.07
2458467.3993180 10.33 0.08
2458467.3994914 10.18 0.07
2458467.4001852 10.19 0.07
2458467.4010528 10.25 0.08
2458467.4012264 10.35 0.08
2458467.4014000 10.21 0.07
2458467.4017472 10.26 0.08
2458467.4019209 10.38 0.09
2458467.4020945 10.34 0.08
2458467.4022681 10.31 0.08
2458467.4024417 10.26 0.08
2458467.4026153 10.21 0.07
2458467.4027889 10.27 0.08
2458467.4029625 10.41 0.09
2458467.4036570 10.23 0.08
2458467.4038306 10.32 0.08
2458467.4040042 10.25 0.08
2458467.4043514 10.23 0.08
2458467.4045250 10.25 0.08
2458467.4046986 10.32 0.08
2458467.4048723 10.24 0.08
2458467.4050459 10.34 0.08
2458467.4055667 10.25 0.08
2458467.4057403 10.35 0.08
2458467.4060875 10.14 0.07
2458467.4067820 10.13 0.07
2458467.4069556 10.31 0.08
2458467.4071292 10.38 0.09
2458467.4073028 10.27 0.08
2458467.4078236 10.26 0.08
2458467.4079972 10.20 0.07
2458467.4081709 10.27 0.08
2458467.4088653 10.34 0.08
2458467.4090389 10.29 0.08
2458467.4093861 10.29 0.08
2458467.4095597 10.24 0.08
2458467.4097334 10.28 0.08
2458467.4099070 10.18 0.07
2458467.4100806 10.25 0.08
2458467.4102542 10.23 0.08
2458467.4104278 10.35 0.09
2458467.4107750 10.29 0.08
2458467.4109486 10.29 0.08
2458467.4118174 10.27 0.08
2458467.4121643 10.38 0.09
2458467.4128584 10.31 0.08
2458467.4130320 10.26 0.08
2458467.4132056 10.30 0.08
2458467.4140736 10.30 0.08
2458467.4151153 10.30 0.08
2458467.4152889 10.23 0.08
2458467.4154625 10.21 0.08
2458467.4159834 10.32 0.08
2458467.4177195 10.28 0.08
2458467.4182403 10.20 0.07
2458467.4184139 10.16 0.07
2458467.4189348 10.28 0.08
2458467.4191084 10.27 0.08
2458467.4192820 10.34 0.09
2458467.4194556 10.25 0.08
2458467.4201500 10.29 0.08
2458469.3667865 10.33 0.06
2458469.3670135 10.37 0.06
2458469.3671871 10.36 0.06
2458469.3673607 10.29 0.06
2458469.3675343 10.30 0.06
2458469.3678815 10.30 0.06
2458469.3680551 10.33 0.06
2458469.3684023 10.34 0.06
2458469.3685760 10.26 0.06
2458469.3690968 10.33 0.06
2458469.3692704 10.32 0.06
2458469.3694440 10.30 0.06
2458469.3696176 10.25 0.05
2458469.3697912 10.37 0.06
2458469.3699648 10.20 0.05
2458469.3701384 10.28 0.06
2458469.3704857 10.15 0.05
2458469.3708329 10.21 0.05
2458469.3711801 10.24 0.05
2458469.3715273 10.28 0.06
2458469.3717009 10.26 0.05
2458469.3718746 10.30 0.06
2458469.3720482 10.29 0.06
2458469.3723954 10.26 0.06
2458469.3725690 10.22 0.05
2458469.3727426 10.33 0.06
2458469.3732635 10.29 0.06
2458469.3734371 10.28 0.06
2458469.3736107 10.31 0.06
2458469.3739579 10.32 0.06
2458469.3741315 10.33 0.06
2458469.3743051 10.19 0.05
2458469.3746524 10.30 0.06
2458469.3748260 10.32 0.06
2458469.3749996 10.33 0.06
2458469.3751732 10.38 0.06
2458469.3753468 10.25 0.05
2458469.3755204 10.30 0.06
2458469.3756940 10.21 0.05
2458469.3758676 10.31 0.06
2458469.3760425 10.25 0.05
2458469.3762159 10.24 0.05
2458469.3763894 10.28 0.06
2458469.3765628 10.23 0.05
2458469.3767363 10.27 0.06
2458469.3769097 10.23 0.05
2458469.3774301 10.31 0.06
2458469.3776037 10.27 0.06
2458469.3779510 10.30 0.06
2458469.3781246 10.24 0.05
2458469.3784718 10.30 0.06
2458469.3786454 10.41 0.06
2458488.3045899 10.32 0.07
2458488.3049371 10.20 0.07
2458488.3051107 10.26 0.07
2458488.3052844 10.25 0.07
2458488.3054579 10.22 0.07
2458488.3056316 10.14 0.06
2458488.3059788 10.22 0.07
2458488.3063260 10.27 0.07
2458488.3068468 10.23 0.07
2458488.3070205 10.28 0.07
2458488.3071941 10.31 0.07
2458488.3077149 10.30 0.07
2458488.3078885 10.28 0.07
2458488.3084093 10.23 0.07
2458488.3089302 10.26 0.07
2458488.3097991 10.31 0.07
2458488.3104929 10.32 0.07
2458488.3120552 10.30 0.07
2458488.3122288 10.26 0.07
2458488.3134441 10.27 0.07
2458488.3136177 10.23 0.07
2458488.3137913 10.38 0.08
2458488.3143121 10.38 0.08
2458488.3144857 10.21 0.07
2458488.3146593 10.32 0.08
2458488.3151802 10.24 0.07
2458488.3153538 10.37 0.08
2458488.3155274 10.28 0.07
2458488.3158746 10.37 0.08
2458488.3163955 10.33 0.08
2458488.3170899 10.31 0.08
2458488.3172635 10.32 0.08
2458488.3184788 10.25 0.07
2458488.3186524 10.25 0.07
2458488.3191732 10.36 0.08
2458488.3196941 10.24 0.07
2458488.3205621 10.31 0.08
2458488.3209094 10.17 0.07
2458488.3216048 10.20 0.07
2458488.3219517 10.27 0.07
2458488.3222986 10.31 0.08
2458488.3226455 10.33 0.08
2458488.3228191 10.31 0.08
2458488.3229927 10.31 0.08
2458488.3233399 10.39 0.08
2458488.3235135 10.21 0.07
2458488.3236871 10.34 0.08
2458488.3240343 10.28 0.08
2458488.3242080 10.25 0.07
2458488.3249024 10.22 0.07
2458488.3250760 10.36 0.08
2458488.3259441 10.23 0.07
2458488.3266385 10.24 0.07
2458488.3276802 10.28 0.08
2458488.3308052 10.31 0.08
2458488.3316732 10.25 0.07
2458488.3320205 10.29 0.08
2458488.3327149 10.35 0.08
2458488.3332370 10.36 0.08
2458488.3334105 10.20 0.07
2458488.3337574 10.28 0.08
2458488.3346246 10.23 0.07
2458488.3353191 10.34 0.08
2458488.3368816 10.21 0.07
2458488.3375760 10.28 0.08
2458488.3382705 10.30 0.08
2458488.3413955 10.31 0.08
2458488.3422635 10.26 0.08
2458488.3429580 10.25 0.07
2458488.3431316 10.34 0.08
2458488.3434788 10.25 0.08
2458488.3439996 10.36 0.08
2458488.3441732 10.35 0.08
2458488.3443469 10.50 0.10
2458488.3445205 10.29 0.08
2458488.3446941 10.29 0.08
2458488.3462569 10.28 0.08
2458488.3467774 10.48 0.09
2458488.3481663 10.34 0.08
2458488.3483399 10.28 0.08
2458488.3490344 10.48 0.09
2458488.3499024 10.35 0.08
2458488.3511177 10.40 0.09
2458488.3519857 10.28 0.08
2458488.3526802 10.33 0.08
2458488.3532010 10.42 0.09
2458488.3533746 10.35 0.08
2458488.3538955 10.23 0.07
2458488.3542427 10.36 0.08
2458488.3544163 10.47 0.09
2458488.3545899 10.28 0.08
2458488.3549371 10.36 0.08
2458488.3561524 10.37 0.08
2458488.3563260 10.38 0.08
2458488.3568469 10.26 0.08
2458488.3571953 10.26 0.08
2458488.3578891 10.33 0.08
2458488.3580625 10.38 0.08
2458488.3582360 10.29 0.08
2458488.3585830 10.27 0.08
2458488.3592774 10.31 0.08
2458488.3599718 10.30 0.08
2458488.3601455 10.33 0.08
2458488.3604927 10.28 0.08
2458488.3606663 10.36 0.08
2458488.3608399 10.27 0.08
2458488.3613607 10.26 0.08
2458488.3615343 10.43 0.09
2458488.3618816 10.20 0.07
2458488.3620552 10.35 0.08
2458488.3622288 10.30 0.08
2458488.3624024 10.35 0.08
2458488.3625760 10.26 0.08
2458488.3632705 10.37 0.08
2458488.3634441 10.19 0.07
2458488.3644857 10.31 0.08
2458488.3650066 10.50 0.10
2458488.3651802 10.49 0.09
2458488.3653538 10.21 0.07
2458488.3657010 10.39 0.09
2458488.3662219 10.23 0.07
2458488.3663955 10.19 0.07
2458488.3665691 10.36 0.08
2458488.3667427 10.28 0.08
2458488.3669163 10.29 0.08
2458488.3670899 10.37 0.09
2458488.3676107 10.42 0.09
2458488.3677844 10.41 0.09
2458488.3684788 10.43 0.09
2458488.3696948 10.23 0.07
2458488.3714302 10.26 0.08
2458488.3716038 10.36 0.08
2458488.3717774 10.35 0.08
2458488.3722982 10.38 0.09
2458488.3726455 10.34 0.08
2458488.3728191 10.33 0.08
2458488.3729927 10.23 0.08
2458488.3733399 10.37 0.09
2458488.3735135 10.18 0.07
2458488.3742080 10.26 0.08
2458493.2519739 10.24 0.07
2458493.2524947 10.22 0.07
2458493.2526684 10.29 0.07
2458493.2528420 10.27 0.07
2458493.2531892 10.25 0.07
2458493.2533628 10.33 0.07
2458493.2535364 10.30 0.07
2458493.2538836 10.33 0.07
2458493.2540586 10.18 0.06
2458493.2544055 10.12 0.06
2458493.2545789 10.38 0.08
2458493.2549258 10.29 0.07
2458493.2550993 10.39 0.08
2458493.2552727 10.30 0.07
2458493.2554461 10.25 0.07
2458493.2556198 10.37 0.07
2458493.2557934 10.29 0.07
2458493.2559670 10.29 0.07
2458493.2564878 10.20 0.06
2458493.2566614 10.32 0.07
2458493.2568350 10.32 0.07
2458493.2570086 10.36 0.07
2458493.2571823 10.38 0.07
2458493.2575295 10.28 0.07
2458493.2577031 10.31 0.07
2458493.2578767 10.25 0.07
2458493.2580503 10.16 0.06
2458493.2585711 10.23 0.07
2458493.2587447 10.35 0.07
2458493.2592656 10.22 0.07
2458493.2594392 10.29 0.07
2458493.2599600 10.24 0.07
2458493.2601336 10.24 0.07
2458493.2603072 10.19 0.06
2458493.2606545 10.14 0.06
2458493.2610017 10.37 0.07
2458493.2611753 10.25 0.07
2458493.2613489 10.31 0.07
2458493.2616961 10.28 0.07
2458493.2618697 10.21 0.06
2458493.2622170 10.27 0.07
2458493.2625642 10.36 0.07
2458493.2627378 10.24 0.07
2458493.2629114 10.30 0.07
2458493.2630850 10.27 0.07
2458493.2632586 10.35 0.07
2458493.2634323 10.29 0.07
2458493.2637795 10.36 0.07
2458493.2641267 10.27 0.07
2458493.2644739 10.36 0.07
2458493.2646475 10.32 0.07
2458493.2649948 10.23 0.07
2458493.2651684 10.29 0.07
2458493.2653420 10.27 0.07
2458493.2655156 10.27 0.07
2458493.2656892 10.26 0.07
2458493.2660378 10.31 0.07
2458493.2662112 10.26 0.07
2458493.2663847 10.21 0.06
2458493.2665581 10.16 0.06
2458493.2667316 10.22 0.06
2458493.2669050 10.19 0.06
2458493.2674253 10.30 0.07
2458493.2677725 10.35 0.07
2458493.2679461 10.31 0.07
2458493.2681197 10.42 0.08
2458493.2682934 10.28 0.07
2458493.2684670 10.35 0.07
2458493.2686406 10.32 0.07
2458493.2688142 10.31 0.07
2458493.2689878 10.27 0.07
2458493.2691614 10.35 0.07
2458493.2693350 10.29 0.07
2458493.2695086 10.31 0.07
2458493.2698559 10.45 0.08
2458493.2700295 10.35 0.07
2458493.2702031 10.29 0.07
2458493.2703767 10.30 0.07
2458493.2705503 10.33 0.07
2458493.2707239 10.40 0.08
2458493.2708975 10.36 0.07
2458493.2710711 10.42 0.08
2458493.2712448 10.36 0.07
2458493.2715920 10.21 0.06
2458493.2717656 10.41 0.08
2458493.2719392 10.28 0.07
2458493.2724600 10.33 0.07
2458493.2726336 10.31 0.07
2458493.2728073 10.26 0.07
2458493.2735017 10.17 0.06
2458493.2736753 10.22 0.06
2458493.2738489 10.40 0.08
2458493.2754114 10.30 0.07
2458493.2755850 10.34 0.07
2458493.2759322 10.29 0.07
2458493.2761059 10.27 0.07
2458493.2764531 10.43 0.08
2458493.2766267 10.27 0.07
2458493.2771475 10.16 0.06
2458493.2783638 10.25 0.07
2458493.2788841 10.32 0.07
2458493.2792310 10.32 0.07
2458493.2794045 10.37 0.07
2458493.2795781 10.28 0.07
2458493.2797517 10.31 0.07
2458493.2800989 10.27 0.07
2458493.2802725 10.37 0.07
2458493.2804461 10.31 0.07
2458493.2806198 10.19 0.06
2458493.2807934 10.33 0.07
2458493.2811406 10.23 0.07
2458493.2813142 10.35 0.07
2458493.2818350 10.41 0.08
2458493.2821822 10.25 0.07
2458493.2827031 10.20 0.06
2458493.2828767 10.33 0.07
2458493.2830503 10.19 0.06
2458493.2832239 10.23 0.07
2458493.2833975 10.43 0.08
2458493.2835711 10.26 0.07
2458493.2839184 10.29 0.07
2458493.2840920 10.27 0.07
2458493.2844392 10.22 0.06
2458493.2849600 10.22 0.07
2458493.2853072 10.36 0.07
2458493.2863489 10.35 0.07
2458493.2865225 10.29 0.07
2458493.2873906 10.25 0.07
2458493.2880850 10.30 0.07
2458493.2882586 10.29 0.07
2458493.2886059 10.34 0.07
2458493.2889531 10.31 0.07
2458493.2901695 10.24 0.07
2458493.2903429 10.37 0.07
2458493.2905164 10.34 0.07
2458493.2917309 10.41 0.08
2458493.2919045 10.32 0.07
2458493.2920781 10.32 0.07
2458493.2922517 10.30 0.07
2458493.2929461 10.38 0.07
2458493.2931197 10.32 0.07
2458493.2932934 10.33 0.07
2458493.2938142 10.44 0.08
2458493.2943350 10.29 0.07
2458493.2945086 10.22 0.06
2458493.2948559 10.27 0.07
2458493.2953767 10.28 0.07
2458493.2955503 10.29 0.07
2458493.2960711 10.23 0.07
2458493.2969392 10.26 0.07
2458493.2971128 10.33 0.07
2458493.2972864 10.24 0.07
2458493.2974600 10.27 0.07
2458493.2976336 10.29 0.07
2458493.2978072 10.21 0.07
2458493.2985017 10.29 0.07
2458493.2986753 10.28 0.07
2458493.2988489 10.31 0.07
2458493.2991961 10.38 0.08
2458493.2995434 10.27 0.07
2458493.2997170 10.36 0.08
2458493.2998906 10.29 0.07
2458493.3000642 10.39 0.08
2458493.3023327 10.35 0.07
2458493.3025063 10.28 0.07
2458493.3026799 10.38 0.08
2458493.3028536 10.24 0.07
2458493.3030272 10.31 0.07
2458493.3033744 10.40 0.08
2458493.3042424 10.32 0.07
2458493.3044161 10.32 0.07
2458493.3051105 10.44 0.08
2458493.3052841 10.31 0.07
2458493.3059785 10.41 0.08
2458493.3061522 10.31 0.07
2458493.3063258 10.40 0.08
2458493.3064994 10.32 0.07
2458493.3066730 10.29 0.07
2458493.3068466 10.28 0.07
2458493.3073674 10.31 0.07
2458493.3075410 10.29 0.07
2458493.3078883 10.25 0.07
2458493.3080619 10.35 0.07
2458493.3089299 10.31 0.07
2458493.3096244 10.36 0.07
2458493.3097980 10.41 0.08
2458493.3101452 10.42 0.08
2458493.3104924 10.33 0.07
2458493.3111869 10.32 0.07
2458493.3113605 10.28 0.07
2458493.3115341 10.29 0.07
2458493.3117077 10.36 0.07
2458493.3118813 10.42 0.08
2458493.3122298 10.26 0.07
2458493.3125767 10.34 0.07
2458493.3127502 10.34 0.07
2458493.3129236 10.46 0.08
2458493.3132705 10.37 0.07
2458493.3134439 10.31 0.07
2458493.3137910 10.26 0.07
2458493.3141383 10.38 0.07
2458493.3143119 10.44 0.08
2458493.3144855 10.31 0.07
2458493.3146591 10.19 0.06
2458493.3148327 10.26 0.07
2458493.3150063 10.20 0.06
2458493.3155272 10.45 0.08
2458493.3157008 10.26 0.07
2458493.3158744 10.41 0.08
2458493.3162216 10.27 0.07
2458493.3165688 10.30 0.07
2458493.3169161 10.31 0.07
2458493.3170897 10.49 0.08
2458493.3174369 10.37 0.07
2458493.3176105 10.37 0.07
2458493.3177841 10.23 0.06
2458493.3179577 10.37 0.07
2458493.3181313 10.41 0.08
2458493.3183049 10.30 0.07
2458493.3184786 10.39 0.07
2458493.3186522 10.35 0.07
2458493.3188258 10.17 0.06
2458493.3189994 10.29 0.07
2458493.3191730 10.36 0.07
2458493.3196938 10.31 0.07
2458493.3198674 10.36 0.07
2458493.3202147 10.35 0.07
2458493.3203883 10.32 0.07
2458493.3205619 10.40 0.07
2458493.3207355 10.31 0.07
2458493.3209091 10.24 0.06
2458493.3210827 10.43 0.08
2458493.3212563 10.32 0.07
2458493.3214299 10.38 0.07
2458493.3216035 10.42 0.08
2458493.3217772 10.32 0.07
2458493.3219508 10.25 0.07
2458493.3221244 10.35 0.07
2458493.3222980 10.21 0.06
2458493.3224716 10.31 0.07
2458493.3226452 10.30 0.07
2458493.3228188 10.34 0.07
2458493.3229924 10.25 0.07
2458493.3231662 10.21 0.06
2458493.3233397 10.27 0.07
2458493.3235133 10.31 0.07
2458493.3236869 10.31 0.07
2458493.3238605 10.33 0.07
2458493.3240341 10.29 0.07
2458493.3242090 10.42 0.08
2458493.3243824 10.34 0.07
2458493.3247293 10.40 0.08
2458493.3249028 10.31 0.07
2458493.3250762 10.29 0.07
2458493.3252497 10.33 0.07
2458493.3254231 10.21 0.06
2458493.3255966 10.29 0.07
2458493.3259438 10.29 0.07
2458493.3261174 10.40 0.08
2458493.3262911 10.40 0.08
2458493.3264647 10.30 0.07
2458493.3266383 10.37 0.07
2458493.3268119 10.35 0.07
2458493.3269855 10.33 0.07
2458493.3273327 10.28 0.07
2458493.3275063 10.34 0.07
2458493.3276799 10.26 0.07
2458493.3278536 10.31 0.07
2458493.3280272 10.38 0.07
2458493.3283744 10.32 0.07
2458493.3285480 10.27 0.07
2458493.3287216 10.26 0.06
2458493.3288952 10.30 0.07
2458493.3290688 10.32 0.07
2458493.3294160 10.22 0.06
2458493.3297633 10.41 0.08
2458493.3299369 10.29 0.07
2458493.3301105 10.23 0.06
2458493.3302841 10.27 0.07
2458493.3308049 10.22 0.06
2458493.3309785 10.42 0.08
2458493.3311522 10.38 0.07
2458493.3313258 10.22 0.06
2458493.3318466 10.39 0.07
2458493.3320202 10.36 0.07
2458493.3323674 10.29 0.07
2458493.3325411 10.41 0.08
2458493.3327147 10.30 0.07
2458493.3334091 10.37 0.07
2458493.3335827 10.25 0.07
2458493.3342772 10.40 0.07
2458493.3344508 10.41 0.08
2458493.3347980 10.30 0.07
2458493.3349716 10.27 0.07
2458493.3351452 10.25 0.07
2458493.3353188 10.29 0.07
2458493.3358397 10.28 0.07
2458493.3360133 10.30 0.07
2458493.3361882 10.28 0.07
2458493.3363616 10.30 0.07
2458493.3367085 10.42 0.08
2458493.3370554 10.24 0.06
2458493.3374023 10.30 0.07
2458493.3375758 10.34 0.07
2458493.3377494 10.30 0.07
2458493.3379230 10.39 0.07
2458493.3380966 10.24 0.06
2458493.3384438 10.34 0.07
2458493.3386174 10.39 0.07
2458493.3389647 10.25 0.07
2458493.3391383 10.33 0.07
2458493.3394855 10.17 0.06
2458493.3400063 10.31 0.07
2458493.3403536 10.26 0.07
2458493.3405272 10.28 0.07
2458493.3407008 10.27 0.07
2458493.3410480 10.33 0.07
2458493.3412216 10.32 0.07
2458493.3415688 10.36 0.07
2458493.3417424 10.31 0.07
2458493.3419161 10.28 0.07
2458493.3420897 10.29 0.07
2458493.3422633 10.32 0.07
2458493.3424369 10.25 0.07
2458493.3426105 10.35 0.07
2458493.3427841 10.27 0.07
2458493.3429577 10.32 0.07
2458493.3431313 10.40 0.08
2458493.3434786 10.17 0.06
2458493.3436522 10.21 0.06
2458493.3438258 10.32 0.07
2458493.3439994 10.33 0.07
2458493.3441730 10.27 0.07
2458493.3443466 10.14 0.06
2458493.3445202 10.24 0.06
2458493.3446938 10.26 0.07
2458493.3448674 10.28 0.07
2458493.3452147 10.31 0.07
2458493.3453883 10.23 0.07
2458493.3455619 10.36 0.07
2458493.3457355 10.23 0.07
2458493.3459091 10.27 0.07
2458493.3460827 10.30 0.07
2458493.3462563 10.48 0.08
2458493.3464299 10.26 0.07
2458493.3466035 10.24 0.06
2458493.3469508 10.28 0.07
2458493.3474716 10.24 0.07
2458493.3476452 10.35 0.07
2458493.3478188 10.28 0.07
2458493.3479924 10.23 0.07
2458493.3481673 10.35 0.07
2458493.3483408 10.21 0.06
2458493.3490345 10.28 0.07
2458493.3492080 10.27 0.07
2458493.3493814 10.30 0.07
2458493.3495549 10.31 0.07
2458493.3497286 10.31 0.07
2458493.3499022 10.27 0.07
2458493.3500758 10.24 0.07
2458493.3504230 10.37 0.07
2458493.3505966 10.25 0.07
2458493.3507702 10.29 0.07
2458493.3512911 10.28 0.07
2458493.3516383 10.29 0.07
2458493.3518119 10.42 0.08
2458493.3519855 10.26 0.07
2458493.3521591 10.37 0.07
2458493.3523327 10.24 0.07
2458493.3532008 10.32 0.07
2458493.3535480 10.35 0.07
2458493.3538952 10.33 0.07
2458493.3540688 10.26 0.07
2458493.3544160 10.38 0.07
2458493.3545897 10.34 0.07
2458493.3549369 10.36 0.07
2458493.3554577 10.28 0.07
2458493.3556313 10.26 0.07
2458493.3568466 10.40 0.07
2458493.3571938 10.39 0.07
2458493.3575411 10.33 0.07
2458493.3577147 10.24 0.06
2458493.3578883 10.33 0.07
2458493.3580619 10.37 0.07
2458493.3587563 10.34 0.07
2458493.3589299 10.25 0.07
2458493.3591036 10.32 0.07
2458493.3592772 10.34 0.07
2458493.3594508 10.25 0.07
2458493.3596244 10.39 0.07
2458493.3597980 10.31 0.07
2458493.3599716 10.40 0.07
2458493.3603199 10.35 0.07
2458493.3606668 10.37 0.07
2458493.3611871 10.30 0.07
2458493.3613606 10.34 0.07
2458493.3615341 10.33 0.07
2458493.3617077 10.30 0.07
2458493.3620549 10.24 0.06
2458493.3625758 10.36 0.07
2458493.3627494 10.33 0.07
2458493.3629230 10.34 0.07
2458493.3630966 10.26 0.07
2458493.3632702 10.26 0.07
2458493.3634438 10.29 0.07
2458493.3636174 10.39 0.08
2458493.3637911 10.36 0.07
2458493.3639647 10.35 0.07
2458493.3644855 10.29 0.07
2458493.3646591 10.35 0.07
2458493.3650063 10.28 0.07
2458493.3651799 10.28 0.07
2458493.3653536 10.33 0.07
2458493.3655272 10.25 0.06
2458493.3660480 10.26 0.07
2458493.3662216 10.29 0.07
2458493.3669161 10.29 0.07
2458493.3670897 10.30 0.07
2458493.3676105 10.39 0.07
2458493.3679577 10.28 0.07
2458493.3681313 10.19 0.06
2458493.3683049 10.31 0.07
2458493.3684785 10.31 0.07
2458493.3688258 10.28 0.07
2458493.3689994 10.27 0.07
2458493.3691730 10.26 0.07
2458493.3693466 10.18 0.06
2458493.3696938 10.38 0.08
2458493.3698674 10.22 0.07
2458493.3700410 10.26 0.07
2458493.3702147 10.32 0.07
2458493.3705619 10.25 0.07
2458493.3707355 10.27 0.07
2458493.3709091 10.33 0.07
2458493.3710827 10.33 0.07
2458493.3712563 10.28 0.07
2458493.3714299 10.30 0.07
2458493.3716036 10.47 0.08
2458493.3717772 10.31 0.07
2458493.3719508 10.40 0.08
2458493.3721257 10.27 0.07
2458493.3724725 10.31 0.07
2458493.3726460 10.30 0.07
2458493.3728194 10.19 0.06
2458493.3729928 10.32 0.07
2458493.3731663 10.21 0.06
2458493.3733397 10.42 0.08
2458493.3735133 10.23 0.06
2458493.3736869 10.23 0.07
2458493.3738605 10.28 0.07
2458493.3742077 10.36 0.07
2458493.3743813 10.36 0.07
2458493.3747286 10.20 0.06
2458493.3749022 10.28 0.07
2458493.3752494 10.14 0.06
2458493.3754230 10.27 0.07
2458493.3755966 10.35 0.07
2458493.3757702 10.25 0.07
2458493.3759438 10.21 0.06
2458493.3761174 10.23 0.07
2458493.3762910 10.30 0.07
2458493.3764647 10.22 0.07
2458493.3766383 10.30 0.07
2458493.3768119 10.32 0.07
2458493.3769855 10.32 0.07
2458493.3771591 10.19 0.06
2458493.3773327 10.32 0.07
2458493.3776799 10.35 0.07
2458493.3778535 10.23 0.07
2458493.3782008 10.26 0.07
2458493.3783744 10.33 0.07
2458493.3785480 10.29 0.07
2458493.3787216 10.33 0.07
2458493.3788952 10.31 0.07
2458493.3790688 10.33 0.07
2458493.3792424 10.33 0.07
2458493.3794161 10.28 0.07
2458493.3797633 10.26 0.07
2458493.3799369 10.29 0.07
2458493.3801105 10.30 0.07
2458493.3802841 10.33 0.07
2458493.3804577 10.34 0.07
2458493.3808049 10.34 0.07
2458493.3809786 10.42 0.08
2458493.3811522 10.30 0.07
2458493.3813258 10.31 0.07
2458493.3816730 10.32 0.07
2458493.3818466 10.34 0.07
2458493.3821938 10.37 0.08
2458493.3825411 10.21 0.07
2458493.3827147 10.34 0.07
2458493.3830619 10.28 0.07
2458493.3832355 10.33 0.07
2458493.3834091 10.32 0.07
2458493.3835827 10.37 0.08
2458493.3837563 10.30 0.07
2458493.3839313 10.37 0.08
2458493.3841048 10.29 0.07
2458493.3842782 10.31 0.07
2458493.3846251 10.28 0.07
2458493.3847985 10.25 0.07
2458493.3849720 10.29 0.07
2458493.3851454 10.35 0.08
2458493.3854924 10.26 0.07
2458493.3858397 10.48 0.09
2458493.3860133 10.25 0.07
2458493.3865341 10.31 0.07
2458493.3867077 10.19 0.07
2458493.3868813 10.33 0.07
2458493.3870549 10.23 0.07
2458493.3872286 10.32 0.07
2458493.3875758 10.38 0.08
2458493.3882702 10.34 0.08
2458493.3886174 10.38 0.08
2458493.3889647 10.24 0.07
2458493.3893119 10.33 0.07
2458493.3898327 10.47 0.08
2458493.3900063 10.27 0.07
2458493.3905272 10.42 0.08
2458493.3907008 10.38 0.08
2458493.3908744 10.25 0.07
2458493.3917424 10.33 0.07
2458493.3920897 10.35 0.07
2458493.3922633 10.38 0.08
2458493.3924369 10.26 0.07
2458493.3926105 10.24 0.07
2458493.3927841 10.26 0.07
2458493.3933049 10.49 0.09
2458493.3934785 10.38 0.08
2458493.3938258 10.28 0.07
2458493.3939994 10.33 0.07
2458493.3941730 10.33 0.07
2458493.3943466 10.35 0.08
2458493.3948674 10.30 0.07
2458493.3959105 10.40 0.08
2458493.3971246 10.27 0.07
2458493.3972980 10.41 0.08
2458493.3974716 10.41 0.08
2458493.3976452 10.42 0.08
2458493.3981661 10.38 0.08
2458493.3983397 10.21 0.07
2458493.3985133 10.46 0.08
2458493.3990341 10.40 0.08
2458493.3992077 10.27 0.07
2458493.3993813 10.34 0.08
2458493.3995549 10.33 0.08
2458493.3997285 10.25 0.07
2458493.3999022 10.24 0.07
2458493.4000758 10.44 0.08
2458493.4002494 10.47 0.09
2458493.4004230 10.34 0.08
2458493.4007702 10.22 0.07
2458493.4009438 10.31 0.07
2458493.4011174 10.30 0.07
2458493.4012910 10.28 0.07
2458493.4016383 10.27 0.07
2458493.4018119 10.25 0.07
2458493.4019855 10.19 0.07
2458493.4021591 10.25 0.07
2458493.4023327 10.20 0.07
2458493.4025063 10.42 0.08
2458493.4026799 10.33 0.08
2458493.4028536 10.24 0.07
2458493.4030272 10.44 0.08
2458493.4032008 10.35 0.08
2458493.4033744 10.24 0.07
2458493.4035480 10.27 0.07
2458493.4037216 10.27 0.07
2458493.4038952 10.29 0.07
2458493.4040688 10.30 0.07
2458493.4042424 10.22 0.07
2458493.4044161 10.26 0.07
2458493.4045897 10.31 0.08
2458493.4047633 10.34 0.08
2458493.4049369 10.32 0.08
2458493.4051105 10.27 0.07
2458493.4052841 10.31 0.08
2458493.4056313 10.46 0.09
2458493.4058049 10.27 0.07
2458493.4061522 10.27 0.07
2458493.4063258 10.30 0.07
2458493.4064994 10.25 0.07
2458493.4066730 10.34 0.08
2458493.4070202 10.32 0.08
2458493.4071938 10.43 0.08
2458493.4073674 10.36 0.08
2458493.4075410 10.41 0.08
2458493.4077147 10.38 0.08
2458493.4078896 10.26 0.07
2458493.4080630 10.25 0.07
2458493.4082365 10.33 0.08
2458493.4085833 10.29 0.07
2458493.4087568 10.37 0.08
2458493.4089302 10.40 0.08
2458493.4094508 10.23 0.07
2458493.4097980 10.30 0.08
2458493.4099716 10.29 0.08
2458493.4101452 10.28 0.07
2458493.4103188 10.37 0.08
2458493.4104924 10.25 0.07
2458493.4108397 10.30 0.08
2458493.4110133 10.40 0.08
2458493.4111869 10.30 0.08
2458493.4113605 10.19 0.07
2458493.4115341 10.33 0.08
2458493.4120549 10.22 0.07
2458493.4122286 10.39 0.08
2458493.4124022 10.46 0.09
2458493.4125758 10.38 0.08
2458493.4127494 10.30 0.08
2458493.4129230 10.28 0.08
2458493.4130966 10.32 0.08
2458493.4132702 10.35 0.08
2458493.4134438 10.26 0.07
2458493.4137911 10.38 0.08
2458493.4139647 10.35 0.08
2458493.4144855 10.43 0.09
2458493.4146591 10.34 0.08
2458493.4148327 10.36 0.08
2458493.4150063 10.27 0.08
2458493.4151799 10.36 0.08
2458493.4153535 10.27 0.07
2458493.4157008 10.36 0.08
2458493.4158744 10.45 0.09
2458494.3448211 10.14 0.13
2458494.3453420 10.44 0.15
2458494.3455156 10.20 0.11
2458494.3463836 10.20 0.09
2458494.3488142 10.43 0.11
2458494.3538500 10.33 0.11
2458494.3566267 10.40 0.14
2458494.3581892 10.30 0.13
2458494.3592309 10.40 0.14
2458494.3606945 10.15 0.12
2458494.3609670 10.39 0.15
2458494.3613142 10.21 0.14
2458494.3647864 10.18 0.16
2458495.1349380 10.31 0.12
2458495.1356318 10.29 0.12
2458495.1358052 10.23 0.11
2458495.1363258 10.33 0.12
2458495.1364994 10.34 0.12
2458495.1366730 10.38 0.13
2458495.1370202 10.27 0.11
2458495.1371938 10.22 0.11
2458495.1378883 10.38 0.12
2458495.1382355 10.28 0.11
2458495.1384091 10.42 0.13
2458495.1387563 10.20 0.10
2458495.1391035 10.41 0.13
2458495.1411869 10.07 0.09
2458495.1425758 10.32 0.12
2458495.1441383 10.24 0.11
2458495.1467438 10.29 0.11
2458495.1486522 10.25 0.11
2458495.1502147 10.41 0.13
2458495.1517772 10.20 0.10
2458495.1533397 10.40 0.12
2458495.1542077 10.40 0.12
2458495.1609785 10.32 0.11
2458495.1632355 10.17 0.10
2458495.1635827 10.24 0.10
2458495.1689647 10.44 0.12
2458495.1696591 10.30 0.11
2458495.1701799 10.30 0.11
2458495.1708756 10.44 0.12
2458495.1713960 10.36 0.11
2458495.1717428 10.43 0.12
2458495.1719163 10.14 0.09
2458495.1724369 10.43 0.12
2458495.1767772 10.11 0.09
2458495.1785133 10.12 0.09
2458495.1864994 10.34 0.11
2458495.1885827 10.30 0.10
2458495.1887563 10.25 0.10
2458495.1889299 10.31 0.10
2458495.1891036 10.28 0.10
2458495.2026452 10.20 0.09
2458495.2040341 10.12 0.09
2458495.2057702 10.19 0.09
2458495.2092424 10.16 0.09
2458495.2099369 10.18 0.09
2458495.2109786 10.13 0.08
2458495.2156660 10.17 0.09
2458495.2160133 10.20 0.09
2458495.2177494 10.28 0.09
2458495.2227841 10.25 0.09
2458495.2229577 10.16 0.09
2458495.2238258 10.28 0.10
2458495.2243466 10.21 0.09
2458495.2252147 10.14 0.08
2458495.2266036 10.22 0.09
2458495.2267772 10.16 0.09
2458495.2281661 10.17 0.09
2458495.2305966 10.40 0.10
2458495.2318122 10.45 0.11
2458495.2344161 10.42 0.10
2458495.2364994 10.20 0.09
2458495.2375411 10.23 0.09
2458495.2377147 10.28 0.09
2458495.2378883 10.18 0.08
2458495.2380619 10.19 0.08
2458495.2385827 10.31 0.09
2458495.2394508 10.39 0.10
2458495.2413605 10.29 0.09
2458495.2437914 10.21 0.09
2458495.2439649 10.30 0.09
2458495.2441383 10.37 0.10
2458495.2443119 10.24 0.09
2458495.2444855 10.22 0.09
2458495.2453536 10.15 0.08
2458495.2458744 10.32 0.09
2458495.2465688 10.19 0.08
2458495.2472633 10.37 0.10
2458495.2495202 10.30 0.09
2458495.2512563 10.45 0.11
2458495.2516036 10.23 0.09
2458495.2522980 10.23 0.09
2458495.2536869 10.47 0.11
2458495.2538605 10.40 0.10
2458495.2540341 10.25 0.09
2458495.2543813 10.11 0.08
2458495.2554238 10.46 0.11
2458495.2564647 10.38 0.10
2458495.2569855 10.35 0.10
2458495.2575063 10.30 0.09
2458495.2578536 10.27 0.09
2458495.2580272 10.22 0.08
2458495.2585480 10.41 0.10
2458495.2587216 10.26 0.09
2458495.2588952 10.24 0.09
2458495.2594161 10.17 0.08
2458495.2595897 10.34 0.09
2458495.2597633 10.39 0.10
2458495.2601105 10.35 0.09
2458495.2608049 10.31 0.09
2458495.2609786 10.43 0.10
2458495.2611522 10.37 0.10
2458495.2613258 10.22 0.08
2458495.2623674 10.26 0.09
2458495.2630619 10.30 0.09
2458495.2635827 10.28 0.09
2458495.2644508 10.31 0.09
2458495.2647980 10.21 0.08
2458495.2654924 10.34 0.09
2458495.2656661 10.36 0.10
2458495.2661869 10.35 0.10
2458495.2672295 10.31 0.09
2458495.2696591 10.26 0.09
2458495.2707008 10.18 0.08
2458495.2719160 10.33 0.09
2458495.2724369 10.20 0.08
2458495.2727841 10.39 0.10
2458495.2745202 10.14 0.08
2458495.2753883 10.17 0.08
2458495.2755619 10.21 0.08
2458495.2757355 10.26 0.09
2458495.2759091 10.30 0.09
2458495.2766036 10.29 0.09
2458495.2772980 10.46 0.10
2458495.2776452 10.17 0.08
2458495.2779924 10.25 0.08
2458495.2781660 10.28 0.09
2458495.2797290 10.18 0.08
2458495.2799025 10.23 0.08
2458495.2811174 10.43 0.10
2458495.2821591 10.36 0.09
2458495.2826799 10.48 0.10
2458495.2852841 10.43 0.10
2458495.2859785 10.28 0.09
2458495.2863258 10.31 0.09
2458495.2864994 10.27 0.09
2458495.2880619 10.41 0.10
2458495.2896244 10.27 0.09
2458495.2897980 10.23 0.08
2458495.2901452 10.29 0.09
2458495.2904924 10.24 0.08
2458495.2913614 10.31 0.09
2458495.2915348 10.26 0.09
2458495.2944855 10.39 0.10
2458495.2965688 10.27 0.08
2458495.2972633 10.29 0.09
2458495.2974369 10.21 0.08
2458495.2977841 10.35 0.09
2458495.2979577 10.12 0.07
2458495.2983049 10.28 0.09
2458495.2986522 10.35 0.09
2458495.2993466 10.35 0.09
2458495.2995202 10.33 0.09
2458495.3007355 10.27 0.08
2458495.3012563 10.25 0.08
2458495.3033406 10.52 0.11
2458495.3035140 10.20 0.08
2458495.3038609 10.28 0.09
2458495.3043813 10.46 0.10
2458495.3054230 10.38 0.09
2458495.3057702 10.27 0.09
2458495.3062911 10.33 0.09
2458495.3064647 10.35 0.09
2458495.3066383 10.43 0.10
2458495.3073327 10.23 0.08
2458495.3090688 10.35 0.09
2458495.3092424 10.35 0.09
2458495.3095897 10.33 0.09
2458495.3101105 10.25 0.09
2458495.3102841 10.33 0.09
2458495.3113258 10.22 0.08
2458495.3116730 10.26 0.09
2458495.3121938 10.22 0.08
2458495.3130619 10.33 0.09
2458495.3137563 10.36 0.09
2458495.3147980 10.22 0.08
2458498.1660017 10.19 0.08
2458498.1661753 10.36 0.09
2458498.1668707 10.33 0.09
2458498.1670441 10.29 0.09
2458498.1672176 10.25 0.08
2458498.1675645 10.24 0.08
2458498.1682586 10.62 0.12
2458498.1686059 10.17 0.08
2458498.1698211 10.32 0.09
2458498.1703420 10.29 0.08
2458498.1705156 10.27 0.08
2458498.1706892 10.28 0.08
2458498.1713836 10.28 0.08
2458498.1715572 10.23 0.08
2458498.1717309 10.29 0.08
2458498.1719045 10.27 0.08
2458498.1720781 10.38 0.09
2458498.1724253 10.33 0.09
2458498.1727725 10.21 0.08
2458498.1729461 10.36 0.09
2458498.1731198 10.25 0.08
2458498.1732934 10.31 0.08
2458498.1734670 10.29 0.08
2458498.1736406 10.32 0.08
2458498.1738142 10.28 0.08
2458498.1739878 10.33 0.09
2458498.1743350 10.35 0.09
2458498.1752031 10.31 0.08
2458498.1755503 10.22 0.08
2458498.1757239 10.34 0.09
2458498.1762447 10.33 0.08
2458498.1764184 10.31 0.08
2458498.1765920 10.17 0.07
2458498.1771128 10.35 0.08
2458498.1779809 10.49 0.10
2458498.1785029 10.36 0.09
2458498.1786763 10.48 0.10
2458498.1791967 10.34 0.09
2458498.1793701 10.44 0.09
2458498.1795436 10.36 0.08
2458498.1798906 10.31 0.08
2458498.1811059 10.36 0.09
2458498.1812795 10.36 0.08
2458498.1814531 10.30 0.08
2458498.1826684 10.30 0.08
2458498.1828420 10.23 0.08
2458498.1831892 10.33 0.08
2458498.1838836 10.33 0.08
2458498.1840572 10.33 0.08
2458498.1842309 10.30 0.08
2458498.1844045 10.36 0.09
2458498.1845781 10.20 0.07
2458498.1847517 10.29 0.08
2458498.1850989 10.33 0.08
2458498.1852725 10.32 0.08
2458498.1854461 10.19 0.07
2458498.1857934 10.41 0.09
2458498.1859670 10.36 0.09
2458498.1863142 10.41 0.09
2458498.1864878 10.30 0.08
2458498.1866614 10.32 0.08
2458498.1868350 10.33 0.08
2458498.1870086 10.22 0.07
2458498.1871822 10.27 0.08
2458498.1885711 10.37 0.08
2458498.1887448 10.26 0.08
2458498.1892656 10.26 0.08
2458498.1896128 10.36 0.08
2458498.1899600 10.28 0.08
2458498.1903073 10.27 0.08
2458498.1904809 10.27 0.08
2458498.1908281 10.48 0.09
2458498.1920434 10.32 0.08
2458498.1922170 10.40 0.09
2458498.1925642 10.40 0.09
2458498.1930850 10.34 0.08
2458498.1932586 10.41 0.09
2458498.1936059 10.35 0.08
2458498.1939531 10.29 0.08
2458498.1941267 10.38 0.08
2458498.1944739 10.34 0.08
2458498.1949947 10.27 0.08
2458498.1951684 10.39 0.08
2458498.1958628 10.33 0.08
2458498.1962112 10.32 0.08
2458498.1963846 10.25 0.07
2458498.1965581 10.34 0.08
2458498.1967315 10.26 0.07
2458498.1969050 10.26 0.07
2458498.1972519 10.37 0.08
2458498.1975989 10.35 0.08
2458498.1977725 10.21 0.07
2458498.1979461 10.26 0.07
2458498.1982934 10.29 0.08
2458498.1984670 10.28 0.07
2458498.1988142 10.25 0.07
2458498.1989878 10.35 0.08
2458498.1993350 10.36 0.08
2458498.1995086 10.34 0.08
2458498.1996822 10.36 0.08
2458498.1998559 10.24 0.07
2458498.2000295 10.32 0.08
2458498.2003767 10.28 0.07
2458498.2005503 10.22 0.07
2458498.2007239 10.36 0.08
2458498.2008975 10.32 0.08
2458498.2010711 10.23 0.07
2458498.2012447 10.34 0.08
2458498.2014184 10.32 0.08
2458498.2015920 10.15 0.06
2458498.2017656 10.35 0.08
2458498.2019392 10.29 0.07
2458498.2021128 10.36 0.08
2458498.2022864 10.38 0.08
2458498.2026336 10.29 0.07
2458498.2028072 10.35 0.08
2458498.2029809 10.27 0.07
2458498.2031545 10.35 0.08
2458498.2035017 10.34 0.08
2458498.2036753 10.23 0.07
2458498.2038489 10.37 0.08
2458498.2040225 10.34 0.08
2458498.2041961 10.21 0.07
2458498.2043698 10.37 0.08
2458498.2047170 10.24 0.07
2458498.2048906 10.34 0.08
2458498.2050642 10.39 0.08
2458498.2052378 10.34 0.08
2458498.2054114 10.20 0.07
2458498.2059323 10.30 0.07
2458498.2062795 10.30 0.07
2458498.2068003 10.35 0.08
2458498.2073211 10.38 0.08
2458498.2078420 10.30 0.07
2458498.2085373 10.23 0.07
2458498.2087107 10.33 0.08
2458498.2088841 10.25 0.07
2458498.2090576 10.27 0.07
2458498.2092310 10.43 0.08
2458498.2094045 10.33 0.08
2458498.2095781 10.20 0.07
2458498.2097517 10.21 0.07
2458498.2099253 10.19 0.07
2458498.2102725 10.26 0.07
2458498.2104461 10.38 0.08
2458498.2106197 10.23 0.07
2458498.2107934 10.26 0.07
2458498.2109670 10.33 0.07
2458498.2111406 10.22 0.07
2458498.2113142 10.23 0.07
2458498.2114878 10.28 0.07
2458498.2116614 10.41 0.08
2458498.2118350 10.27 0.07
2458498.2120086 10.25 0.07
2458498.2121823 10.22 0.07
2458498.2123559 10.36 0.08
2458498.2125295 10.40 0.08
2458498.2128767 10.40 0.08
2458498.2130503 10.30 0.07
2458498.2132239 10.27 0.07
2458498.2133975 10.27 0.07
2458498.2135711 10.26 0.07
2458498.2137448 10.25 0.07
2458498.2139184 10.31 0.07
2458498.2140920 10.31 0.07
2458498.2142656 10.14 0.06
2458498.2144392 10.36 0.08
2458498.2146128 10.19 0.06
2458498.2147864 10.33 0.07
2458498.2151336 10.30 0.07
2458498.2153072 10.12 0.06
2458498.2154809 10.35 0.08
2458498.2156545 10.24 0.07
2458498.2158281 10.27 0.07
2458498.2161753 10.34 0.08
2458498.2165225 10.24 0.07
2458498.2166961 10.21 0.07
2458498.2168697 10.28 0.07
2458498.2172170 10.26 0.07
2458498.2175642 10.32 0.07
2458498.2177378 10.21 0.07
2458498.2179114 10.25 0.07
2458498.2180850 10.20 0.06
2458498.2182586 10.22 0.07
2458498.2184322 10.31 0.07
2458498.2187795 10.20 0.07
2458498.2189531 10.25 0.07
2458498.2191267 10.21 0.07
2458498.2198225 10.38 0.08
2458498.2203429 10.28 0.07
2458498.2205163 10.36 0.08
2458498.2206898 10.27 0.07
2458498.2208632 10.25 0.07
2458498.2210366 10.40 0.08
2458498.2212101 10.34 0.07
2458498.2213836 10.25 0.07
2458498.2217309 10.31 0.07
2458498.2220781 10.35 0.08
2458498.2222517 10.32 0.07
2458498.2225989 10.25 0.07
2458498.2227725 10.23 0.07
2458498.2238142 10.18 0.06
2458498.2239878 10.23 0.07
2458498.2241614 10.22 0.07
2458498.2243350 10.32 0.07
2458498.2248559 10.15 0.06
2458498.2250295 10.20 0.06
2458498.2252031 10.31 0.07
2458498.2253767 10.23 0.07
2458498.2255503 10.27 0.07
2458498.2257239 10.26 0.07
2458498.2258975 10.22 0.06
2458498.2262447 10.28 0.07
2458498.2264184 10.25 0.07
2458498.2265920 10.18 0.06
2458498.2267656 10.25 0.07
2458498.2271128 10.24 0.07
2458498.2279809 10.20 0.06
2458498.2290225 10.23 0.07
2458498.2295434 10.31 0.07
2458498.2300642 10.36 0.08
2458498.2302378 10.30 0.07
2458498.2304114 10.28 0.07
2458498.2305850 10.28 0.07
2458498.2307586 10.13 0.06
2458498.2314531 10.25 0.07
2458498.2316267 10.17 0.06
2458498.2318016 10.22 0.07
2458498.2319750 10.25 0.07
2458498.2321485 10.36 0.08
2458498.2326688 10.32 0.07
2458498.2328422 10.31 0.07
2458498.2333628 10.20 0.07
2458498.2338836 10.27 0.07
2458498.2352725 10.30 0.07
2458498.2354461 10.29 0.07
2458498.2356198 10.23 0.07
2458498.2361406 10.27 0.07
2458498.2364878 10.31 0.07
2458498.2366614 10.28 0.07
2458498.2368350 10.13 0.06
2458498.2370086 10.29 0.07
2458498.2380503 10.24 0.07
2458498.2382239 10.30 0.07
2458498.2383975 10.29 0.08
2458498.2385711 10.22 0.07
2458498.2389184 10.26 0.07
2458498.2390920 10.20 0.07
2458498.2392656 10.27 0.07
2458498.2394392 10.21 0.07
2458498.2396128 10.23 0.07
2458498.2399600 10.45 0.08
2458498.2401336 10.23 0.07
2458498.2404809 10.19 0.07
2458498.2413489 10.25 0.07
2458498.2425642 10.20 0.07
2458498.2434323 10.27 0.07
2458498.2437807 10.25 0.07
2458498.2439541 10.22 0.07
2458498.2444745 10.32 0.08
2458498.2448214 10.24 0.07
2458498.2451684 10.23 0.07
2458498.2456892 10.28 0.07
2458498.2463836 10.31 0.08
2458498.2470781 10.39 0.08
2458498.2472517 10.24 0.07
2458498.2474253 10.28 0.07
2458498.2475989 10.41 0.08
2458498.2477725 10.32 0.08
2458498.2481197 10.28 0.07
2458498.2482934 10.21 0.07
2458498.2491614 10.35 0.08
2458498.2493350 10.14 0.06
2458498.2496822 10.28 0.07
2458498.2500295 10.33 0.08
2458498.2503767 10.27 0.07
2458498.2505503 10.32 0.08
2458498.2517656 10.46 0.09
2458498.2521128 10.28 0.07
2458498.2529809 10.31 0.08
2458498.2535017 10.24 0.07
2458498.2536753 10.19 0.07
2458498.2538489 10.28 0.07
2458498.2541961 10.41 0.09
2458498.2547170 10.35 0.08
2458498.2552378 10.22 0.07
2458498.2561066 10.38 0.08
2458498.2562801 10.26 0.07
2458498.2568004 10.38 0.08
2458498.2574947 10.25 0.07
2458498.2578420 10.23 0.07
2458498.2580156 10.27 0.07
2458498.2581892 10.24 0.07
2458498.2585364 10.30 0.08
2458498.2587100 10.25 0.08
2458498.2590573 10.24 0.07
2458498.2592309 10.28 0.08
2458498.2594045 10.25 0.07
2458498.2602725 10.34 0.08
2458498.2607934 10.26 0.07
2458498.2609670 10.27 0.08
2458498.2614878 10.16 0.07
2458498.2627031 10.37 0.07
2458498.2635711 10.33 0.07
2458498.2637447 10.40 0.07
2458498.2639184 10.25 0.06
2458498.2642656 10.29 0.06
2458498.2649600 10.23 0.06
2458498.2651336 10.26 0.06
2458498.2653072 10.30 0.07
2458498.2656545 10.25 0.06
2458498.2660017 10.32 0.07
2458498.2661753 10.19 0.06
2458498.2663489 10.23 0.06
2458498.2665225 10.34 0.07
2458498.2666961 10.32 0.07
2458498.2668698 10.33 0.07
2458498.2670434 10.27 0.06
2458498.2672170 10.31 0.07
2458498.2675655 10.34 0.07
2458498.2677389 10.20 0.06
2458498.2679124 10.32 0.07
2458498.2682593 10.35 0.07
2458498.2684327 10.32 0.07
2458498.2686062 10.31 0.07
2458498.2689531 10.31 0.06
2458498.2693003 10.34 0.07
2458498.2694739 10.20 0.06
2458498.2698211 10.33 0.06
2458498.2701684 10.34 0.07
2458498.2705156 10.34 0.07
2458498.2706892 10.31 0.06
2458498.2708628 10.31 0.06
2458498.2710364 10.29 0.06
2458498.2712100 10.32 0.06
2458498.2713836 10.23 0.06
2458498.2719045 10.32 0.06
2458498.2720781 10.27 0.06
2458498.2722517 10.33 0.07
2458498.2724253 10.34 0.07
2458498.2727725 10.33 0.07
2458498.2729461 10.30 0.06
2458498.2732934 10.31 0.06
2458498.2734670 10.28 0.06
2458498.2736406 10.33 0.06
2458498.2738142 10.42 0.07
2458498.2741614 10.34 0.06
2458498.2743350 10.36 0.07
2458498.2745086 10.40 0.07
2458498.2746823 10.26 0.06
2458498.2748559 10.27 0.06
2458498.2750295 10.30 0.06
2458498.2752031 10.33 0.06
2458498.2753767 10.37 0.07
2458498.2757239 10.22 0.06
2458498.2758975 10.28 0.06
2458498.2760711 10.26 0.06
2458498.2762448 10.34 0.06
2458498.2764184 10.26 0.06
2458498.2765920 10.42 0.07
2458498.2769392 10.32 0.06
2458498.2771128 10.36 0.07
2458498.2772864 10.31 0.07
2458498.2774600 10.33 0.07
2458498.2778072 10.26 0.06
2458498.2779809 10.24 0.06
2458498.2781545 10.25 0.06
2458498.2786753 10.36 0.07
2458498.2791961 10.26 0.06
2458498.2793697 10.30 0.06
2458498.2795448 10.33 0.07
2458498.2798916 10.19 0.06
2458498.2802385 10.29 0.06
2458498.2807589 10.30 0.07
2458498.2809323 10.24 0.06
2458498.2811059 10.26 0.06
2458498.2812795 10.33 0.07
2458498.2814531 10.30 0.06
2458498.2816267 10.30 0.06
2458498.2819739 10.34 0.06
2458498.2821475 10.28 0.06
2458498.2823211 10.45 0.07
2458498.2824948 10.34 0.07
2458498.2826684 10.30 0.06
2458498.2828420 10.32 0.07
2458498.2830156 10.27 0.06
2458498.2831892 10.36 0.07
2458498.2833628 10.38 0.07
2458498.2835364 10.35 0.07
2458498.2837100 10.26 0.06
2458498.2838836 10.33 0.06
2458498.2840573 10.30 0.06
2458498.2842309 10.17 0.06
2458498.2844045 10.23 0.06
2458498.2845781 10.33 0.07
2458498.2847517 10.47 0.07
2458498.2849253 10.31 0.07
2458498.2854461 10.23 0.06
2458498.2857934 10.27 0.06
2458498.2859670 10.30 0.06
2458498.2866614 10.29 0.06
2458498.2875295 10.34 0.07
2458498.2877031 10.30 0.07
2458498.2880503 10.35 0.07
2458498.2882239 10.21 0.06
2458498.2883975 10.27 0.06
2458498.2887447 10.25 0.06
2458498.2889184 10.23 0.06
2458498.2890920 10.35 0.07
2458498.2892656 10.25 0.06
2458498.2894392 10.24 0.06
2458498.2896128 10.29 0.06
2458498.2897864 10.36 0.07
2458498.2899600 10.30 0.06
2458498.2901336 10.29 0.06
2458498.2903073 10.32 0.07
2458498.2904809 10.28 0.06
2458498.2906545 10.38 0.07
2458498.2908281 10.27 0.06
2458498.2910017 10.32 0.07
2458498.2911753 10.33 0.07
2458498.2916974 10.24 0.06
2458498.2918708 10.40 0.07
2458498.2920443 10.27 0.06
2458498.2922177 10.29 0.07
2458498.2923912 10.22 0.06
2458498.2927381 10.30 0.07
2458498.2929115 10.30 0.07
2458498.2930850 10.35 0.07
2458498.2934322 10.35 0.07
2458498.2936059 10.27 0.06
2458498.2939531 10.28 0.06
2458498.2941267 10.44 0.08
2458498.2943003 10.25 0.07
2458498.2951684 10.35 0.07
2458498.2953420 10.34 0.07
2458498.2955156 10.26 0.06
2458498.2958628 10.33 0.07
2458498.2960364 10.27 0.06
2458498.2962100 10.33 0.07
2458498.2965572 10.24 0.06
2458498.2970781 10.33 0.07
2458498.2974253 10.30 0.07
2458498.2975989 10.25 0.06
2458498.2977725 10.26 0.06
2458498.2981198 10.43 0.07
2458498.2984670 10.27 0.06
2458498.2986406 10.45 0.08
2458498.2989878 10.36 0.07
2458498.2991614 10.39 0.07
2458498.2993350 10.43 0.07
2458498.2995086 10.24 0.06
2458498.2996823 10.32 0.07
2458498.2998559 10.36 0.07
2458498.3000295 10.33 0.07
2458498.3002031 10.38 0.07
2458498.3005503 10.27 0.06
2458498.3008975 10.34 0.07
2458498.3015920 10.26 0.06
2458498.3017656 10.26 0.06
2458498.3021128 10.49 0.08
2458498.3024600 10.31 0.07
2458498.3026336 10.25 0.06
2458498.3028072 10.35 0.07
2458498.3029809 10.30 0.07
2458498.3040235 10.28 0.06
2458498.3041969 10.31 0.07
2458498.3043703 10.34 0.07
2458498.3045438 10.40 0.07
2458498.3047172 10.20 0.06
2458498.3048907 10.18 0.06
2458498.3050642 10.24 0.06
2458498.3057586 10.33 0.07
2458498.3061059 10.25 0.06
2458498.3062795 10.24 0.06
2458498.3064531 10.24 0.06
2458498.3066267 10.38 0.07
2458498.3068003 10.38 0.07
2458498.3069739 10.35 0.07
2458498.3071475 10.45 0.08
2458498.3074948 10.33 0.07
2458498.3076684 10.32 0.07
2458498.3080156 10.21 0.06
2458498.3081892 10.36 0.07
2458498.3087100 10.32 0.07
2458498.3099253 10.25 0.06
2458498.3100989 10.31 0.07
2458498.3104461 10.36 0.07
2458498.3106197 10.26 0.07
2458498.3109670 10.31 0.07
2458498.3121822 10.36 0.07
2458498.3125295 10.30 0.07
2458498.3128767 10.26 0.06
2458498.3133975 10.46 0.08
2458498.3137448 10.28 0.07
2458498.3139184 10.35 0.07
2458498.3140920 10.34 0.07
2458498.3142656 10.22 0.06
2458498.3146128 10.22 0.06
2458498.3147864 10.38 0.07
2458498.3149600 10.27 0.07
2458498.3151336 10.36 0.07
2458498.3156558 10.28 0.07
2458498.3158292 10.38 0.07
2458498.3160027 10.26 0.06
2458498.3161761 10.33 0.07
2458498.3163496 10.30 0.07
2458498.3165230 10.41 0.07
2458498.3166965 10.27 0.07
2458498.3168699 10.28 0.07
2458498.3180850 10.23 0.06
2458500.2355966 10.39 0.10
2458500.2361174 10.36 0.09
2458500.2364647 10.33 0.09
2458500.2371591 10.33 0.09
2458500.2373327 10.36 0.10
2458500.2375063 10.29 0.09
2458500.2378536 10.22 0.08
2458500.2380272 10.36 0.09
2458500.2383744 10.25 0.08
2458500.2385480 10.29 0.09
2458500.2390688 10.27 0.09
2458500.2394161 10.31 0.09
2458500.2397633 10.25 0.08
2458500.2401105 10.24 0.08
2458500.2402841 10.40 0.10
2458500.2404577 10.27 0.09
2458500.2406313 10.27 0.09
2458500.2409785 10.38 0.09
2458500.2413258 10.29 0.09
2458500.2414994 10.20 0.08
2458500.2416730 10.19 0.08
2458500.2421938 10.20 0.08
2458500.2423674 10.31 0.09
2458500.2425410 10.26 0.08
2458500.2427147 10.35 0.09
2458500.2430619 10.25 0.08
2458500.2434091 10.29 0.09
2458500.2435827 10.28 0.08
2458500.2437563 10.25 0.08
2458500.2442772 10.35 0.09
2458500.2446255 10.29 0.08
2458500.2447989 10.28 0.08
2458500.2449724 10.31 0.09
2458500.2451458 10.30 0.09
2458500.2453193 10.31 0.09
2458500.2456661 10.28 0.08
2458500.2458397 10.32 0.09
2458500.2460133 10.23 0.08
2458500.2461869 10.37 0.09
2458500.2467077 10.30 0.08
2458500.2470549 10.35 0.09
2458500.2472286 10.21 0.08
2458500.2474022 10.21 0.08
2458500.2475758 10.20 0.08
2458500.2479230 10.19 0.08
2458500.2480966 10.31 0.08
2458500.2482702 10.22 0.08
2458500.2484438 10.23 0.08
2458500.2491383 10.19 0.07
2458500.2508744 10.35 0.09
2458500.2512216 10.38 0.09
2458500.2515688 10.18 0.07
2458500.2517424 10.20 0.08
2458500.2526105 10.37 0.09
2458500.2529577 10.24 0.08
2458500.2533049 10.37 0.09
2458500.2534786 10.35 0.09
2458500.2538258 10.23 0.08
2458500.2545202 10.30 0.08
2458500.2546938 10.38 0.09
2458500.2548674 10.37 0.09
2458500.2552147 10.38 0.09
2458500.2553883 10.24 0.08
2458500.2557355 10.24 0.08
2458500.2559091 10.43 0.09
2458500.2564312 10.38 0.09
2458500.2566046 10.30 0.08
2458500.2567781 10.27 0.08
2458500.2569515 10.33 0.08
2458500.2571250 10.25 0.08
2458500.2578188 10.26 0.08
2458500.2581660 10.33 0.08
2458500.2585133 10.28 0.08
2458500.2586869 10.26 0.08
2458500.2588605 10.29 0.08
2458500.2590341 10.20 0.07
2458500.2592077 10.35 0.09
2458500.2595549 10.36 0.09
2458500.2599022 10.28 0.08
2458500.2600758 10.39 0.09
2458500.2602494 10.29 0.08
2458500.2604230 10.39 0.09
2458500.2609438 10.19 0.07
2458500.2611174 10.35 0.08
2458500.2616383 10.24 0.08
2458500.2618119 10.26 0.08
2458500.2619855 10.25 0.08
2458500.2621591 10.25 0.08
2458500.2623327 10.33 0.08
2458500.2630272 10.29 0.08
2458500.2632008 10.23 0.08
2458500.2633744 10.32 0.08
2458500.2635480 10.43 0.09
2458500.2638952 10.20 0.07
2458500.2640688 10.24 0.08
2458500.2645897 10.22 0.07
2458500.2647633 10.34 0.08
2458500.2649369 10.25 0.07
2458500.2651105 10.43 0.09
2458500.2656313 10.16 0.07
2458500.2658049 10.26 0.08
2458500.2664994 10.30 0.08
2458500.2666730 10.36 0.08
2458500.2668466 10.26 0.08
2458500.2673674 10.35 0.08
2458500.2677147 10.33 0.08
2458500.2682355 10.38 0.08
2458500.2685839 10.37 0.08
2458500.2691042 10.31 0.08
2458500.2696245 10.34 0.08
2458500.2697980 10.36 0.08
2458500.2699716 10.30 0.08
2458500.2701452 10.36 0.08
2458500.2703188 10.26 0.08
2458500.2708397 10.35 0.08
2458500.2713605 10.39 0.09
2458500.2717077 10.29 0.08
2458500.2718813 10.25 0.07
2458500.2720549 10.34 0.08
2458500.2722285 10.20 0.07
2458500.2727494 10.33 0.08
2458500.2730966 10.23 0.07
2458500.2732702 10.27 0.07
2458500.2734438 10.45 0.09
2458500.2736174 10.32 0.08
2458500.2737910 10.32 0.08
2458500.2741383 10.26 0.08
2458500.2743119 10.18 0.07
2458500.2744855 10.33 0.08
2458500.2746591 10.24 0.07
2458500.2748327 10.28 0.08
2458500.2750063 10.20 0.07
2458500.2751799 10.30 0.08
2458500.2755272 10.36 0.08
2458500.2757008 10.31 0.08
2458500.2760480 10.22 0.07
2458500.2762216 10.27 0.08
2458500.2763952 10.41 0.09
2458500.2765688 10.26 0.08
2458500.2769161 10.26 0.07
2458500.2770897 10.41 0.09
2458500.2772633 10.30 0.08
2458500.2774369 10.44 0.09
2458500.2776105 10.27 0.08
2458500.2777841 10.37 0.08
2458500.2779577 10.23 0.08
2458500.2781313 10.26 0.08
2458500.2783049 10.27 0.08
2458500.2784786 10.39 0.09
2458500.2786522 10.28 0.08
2458500.2789994 10.30 0.08
2458500.2791730 10.25 0.07
2458500.2793466 10.39 0.08
2458500.2803896 10.27 0.08
2458500.2805631 10.36 0.08
2458500.2810834 10.28 0.08
2458500.2816037 10.20 0.07
2458500.2817772 10.31 0.08
2458500.2822980 10.40 0.08
2458500.2824716 10.34 0.08
2458500.2829924 10.32 0.08
2458500.2831660 10.47 0.09
2458500.2833397 10.25 0.07
2458500.2835133 10.31 0.08
2458500.2838605 10.43 0.09
2458500.2847286 10.37 0.08
2458500.2859438 10.30 0.08
2458500.2862911 10.26 0.07
2458500.2864647 10.37 0.08
2458500.2875063 10.43 0.09
2458500.2876799 10.20 0.07
2458500.2878535 10.24 0.07
2458500.2880272 10.31 0.08
2458500.2882008 10.38 0.08
2458500.2883744 10.27 0.08
2458500.2885480 10.36 0.08
2458500.2887216 10.32 0.08
2458500.2892424 10.28 0.07
2458500.2894160 10.43 0.08
2458500.2895897 10.40 0.08
2458500.2897633 10.34 0.08
2458500.2899369 10.33 0.08
2458500.2902841 10.45 0.09
2458500.2904577 10.29 0.07
2458500.2909785 10.26 0.07
2458500.2911522 10.22 0.07
2458500.2913258 10.23 0.07
2458500.2914994 10.17 0.07
2458500.2916730 10.19 0.07
2458500.2923688 10.27 0.07
2458500.2925423 10.19 0.07
2458500.2927157 10.29 0.07
2458500.2928892 10.36 0.08
2458500.2932360 10.37 0.08
2458500.2934095 10.33 0.07
2458528.2627077 10.16 0.16