2458467.3670250 10.73 0.11
2458467.3675459 11.04 0.15
2458467.3680667 11.07 0.15
2458467.3682403 10.94 0.14
2458467.3684139 10.92 0.13
2458467.3687611 10.86 0.13
2458467.3701500 10.91 0.13
2458467.3703236 10.87 0.13
2458467.3704972 10.98 0.14
2458467.3708445 10.98 0.14
2458467.3718861 10.88 0.13
2458467.3720598 10.90 0.13
2458467.3725806 10.93 0.14
2458467.3729278 10.77 0.12
2458467.3731014 10.87 0.13
2458467.3734486 11.00 0.15
2458467.3736223 10.91 0.13
2458467.3737959 10.91 0.13
2458467.3739695 11.01 0.15
2458467.3743167 11.07 0.16
2458467.3744903 10.79 0.12
2458467.3746639 10.81 0.12
2458467.3748375 10.94 0.14
2458467.3753584 10.96 0.14
2458467.3755332 11.14 0.17
2458467.3757067 10.93 0.14
2458467.3758801 11.11 0.16
2458467.3760536 10.94 0.14
2458467.3762270 11.05 0.15
2458467.3764005 10.91 0.14
2458467.3769209 10.92 0.14
2458467.3777889 11.15 0.17
2458467.3783097 10.88 0.13
2458467.3788306 10.77 0.12
2458467.3795250 11.18 0.17
2458467.3798723 10.98 0.14
2458467.3802195 11.05 0.16
2458467.3803931 10.84 0.13
2458467.3805667 10.93 0.14
2458467.3807403 11.04 0.15
2458467.3809139 11.05 0.15
2458467.3810875 10.93 0.14
2458467.3812611 11.03 0.15
2458467.3814348 11.10 0.16
2458467.3816084 10.90 0.14
2458467.3819556 10.94 0.14
2458467.3824764 10.94 0.14
2458467.3826500 10.81 0.12
2458467.3828236 10.75 0.12
2458467.3831709 10.78 0.12
2458467.3833445 11.07 0.16
2458467.3836917 10.79 0.12
2458467.3840389 11.01 0.15
2458467.3843861 11.05 0.16
2458467.3845597 10.88 0.13
2458467.3847334 10.99 0.15
2458467.3849070 10.93 0.14
2458467.3856014 10.96 0.14
2458467.3861222 10.77 0.12
2458467.3864695 10.74 0.12
2458467.3871639 11.04 0.15
2458467.3876858 10.82 0.13
2458467.3878592 10.99 0.15
2458467.3882061 10.75 0.12
2458467.3885530 10.98 0.15
2458467.3889000 10.97 0.14
2458467.3890736 10.97 0.14
2458467.3892473 10.88 0.13
2458467.3897681 10.98 0.15
2458467.3899417 10.77 0.12
2458467.3911570 10.94 0.14
2458467.3915042 10.92 0.14
2458467.3916778 10.75 0.12
2458467.3923722 10.92 0.14
2458467.3928931 10.91 0.14
2458467.3930667 10.80 0.13
2458467.3932403 10.89 0.14
2458467.3935875 10.84 0.13
2458467.3942820 10.89 0.14
2458467.3948028 10.95 0.14
2458467.3954973 11.11 0.17
2458467.3958445 11.07 0.16
2458467.3960181 11.01 0.15
2458467.3963653 10.97 0.15
2458467.3965389 11.16 0.17
2458467.3967125 11.02 0.15
2458467.3970598 11.08 0.16
2458467.3979278 10.99 0.15
2458467.3981014 11.03 0.15
2458467.3982750 10.73 0.12
2458467.3984486 10.96 0.14
2458467.3986223 10.92 0.14
2458467.4007056 10.88 0.14
2458467.4008792 10.98 0.15
2458467.4012264 10.98 0.15
2458467.4022681 10.98 0.15
2458467.4026153 10.77 0.12
2458467.4027889 10.90 0.14
2458467.4034834 10.82 0.13
2458467.4036570 11.06 0.16
2458467.4038306 10.84 0.13
2458467.4040042 11.00 0.15
2458467.4043514 10.98 0.15
2458467.4046986 10.84 0.13
2458467.4048723 10.99 0.15
2458467.4050459 11.05 0.16
2458467.4052195 10.99 0.15
2458467.4055667 10.87 0.13
2458467.4062611 10.98 0.15
2458467.4064348 10.80 0.13
2458467.4073028 11.05 0.16
2458467.4078236 10.76 0.12
2458467.4079972 10.86 0.13
2458467.4086917 11.03 0.15
2458467.4097334 10.98 0.15
2458467.4099070 11.13 0.17
2458467.4107750 11.09 0.16
2458467.4114705 10.76 0.12
2458467.4116440 11.02 0.16
2458467.4121643 10.96 0.15
2458467.4123377 11.10 0.17
2458467.4133792 10.84 0.13
2458467.4137264 10.99 0.15
2458467.4142473 10.96 0.15
2458467.4152889 10.95 0.15
2458467.4154625 10.99 0.15
2458467.4158097 10.93 0.14
2458467.4165042 10.87 0.14
2458467.4166778 10.95 0.15
2458467.4171986 10.91 0.14
2458467.4173722 10.99 0.15
2458467.4192820 10.90 0.14
2458467.4194556 11.01 0.16
2458467.4198028 10.99 0.16
2458469.3667865 11.05 0.11
2458469.3670135 11.06 0.11
2458469.3671871 11.11 0.12
2458469.3673607 11.00 0.11
2458469.3675343 10.99 0.10
2458469.3677079 11.20 0.13
2458469.3678815 11.06 0.11
2458469.3680551 11.11 0.12
2458469.3682287 11.12 0.12
2458469.3684023 11.10 0.12
2458469.3685760 11.34 0.14
2458469.3687496 11.10 0.12
2458469.3689232 11.05 0.11
2458469.3690968 11.06 0.11
2458469.3692704 11.06 0.11
2458469.3694440 11.02 0.11
2458469.3696176 11.02 0.11
2458469.3697912 11.14 0.12
2458469.3699648 11.10 0.12
2458469.3701384 11.09 0.12
2458469.3703121 11.13 0.12
2458469.3704857 11.10 0.12
2458469.3706593 11.09 0.12
2458469.3708329 11.34 0.15
2458469.3710065 11.00 0.11
2458469.3711801 10.97 0.10
2458469.3713537 11.03 0.11
2458469.3715273 11.03 0.11
2458469.3717009 11.01 0.11
2458469.3718746 11.15 0.12
2458469.3720482 10.90 0.10
2458469.3722218 11.06 0.11
2458469.3723954 11.21 0.13
2458469.3725690 11.02 0.11
2458469.3727426 10.98 0.11
2458469.3729162 11.16 0.12
2458469.3730898 11.10 0.12
2458469.3732635 11.00 0.11
2458469.3734371 11.13 0.12
2458469.3736107 11.26 0.14
2458469.3737843 11.01 0.11
2458469.3739579 11.14 0.12
2458469.3741315 11.10 0.12
2458469.3743051 11.16 0.12
2458469.3744787 11.31 0.14
2458469.3746524 11.06 0.11
2458469.3748260 10.99 0.11
2458469.3749996 11.02 0.11
2458469.3751732 11.06 0.11
2458469.3753468 11.14 0.12
2458469.3755204 11.03 0.11
2458469.3756940 11.23 0.13
2458469.3758676 10.93 0.10
2458469.3760425 11.15 0.12
2458469.3762159 11.08 0.12
2458469.3763894 10.99 0.11
2458469.3765628 11.13 0.12
2458469.3767363 11.03 0.11
2458469.3769097 10.93 0.10
2458469.3770832 10.98 0.11
2458469.3772566 10.96 0.10
2458469.3774301 11.14 0.12
2458469.3776037 11.08 0.11
2458469.3777773 11.05 0.11
2458469.3779510 11.10 0.12
2458469.3781246 11.00 0.11
2458469.3782982 11.00 0.11
2458469.3784718 11.11 0.12
2458469.3786454 10.94 0.10
2458488.3049371 10.92 0.13
2458488.3054579 11.03 0.14
2458488.3056316 10.95 0.13
2458488.3059788 11.06 0.14
2458488.3061524 11.11 0.15
2458488.3063260 11.02 0.14
2458488.3071941 11.07 0.14
2458488.3073677 10.95 0.13
2458488.3075413 11.04 0.14
2458488.3077149 11.03 0.14
2458488.3078885 11.04 0.14
2458488.3085830 10.93 0.13
2458488.3087566 10.84 0.12
2458488.3096257 10.98 0.13
2458488.3099726 10.94 0.13
2458488.3103194 10.98 0.13
2458488.3106663 11.08 0.15
2458488.3113607 10.95 0.13
2458488.3115344 10.90 0.13
2458488.3118816 11.02 0.14
2458488.3120552 11.11 0.15
2458488.3124024 11.05 0.15
2458488.3132705 10.94 0.13
2458488.3136177 11.04 0.14
2458488.3137913 11.05 0.14
2458488.3139649 10.98 0.14
2458488.3143121 10.96 0.13
2458488.3144857 10.96 0.13
2458488.3146593 10.98 0.14
2458488.3148330 10.93 0.13
2458488.3151802 10.88 0.13
2458488.3153538 11.00 0.14
2458488.3155274 11.00 0.14
2458488.3160482 11.00 0.14
2458488.3162218 11.10 0.16
2458488.3177844 10.96 0.14
2458488.3179580 11.16 0.16
2458488.3184788 11.10 0.15
2458488.3188260 11.06 0.15
2458488.3191732 11.11 0.16
2458488.3193469 10.98 0.14
2458488.3203885 11.00 0.14
2458488.3207357 11.01 0.14
2458488.3222986 11.07 0.15
2458488.3226455 11.02 0.15
2458488.3231663 11.20 0.17
2458488.3249024 10.97 0.14
2458488.3252496 11.01 0.15
2458488.3254232 11.00 0.14
2458488.3257705 11.08 0.16
2458488.3261177 11.01 0.15
2458488.3264649 11.10 0.16
2458488.3266385 11.02 0.15
2458488.3275066 11.08 0.15
2458488.3276802 11.06 0.15
2458488.3282010 11.00 0.14
2458488.3287218 10.91 0.13
2458488.3288955 11.09 0.16
2458488.3290691 10.92 0.14
2458488.3292427 11.10 0.16
2458488.3294163 10.98 0.14
2458488.3295899 11.00 0.15
2458488.3299371 10.96 0.14
2458488.3302843 11.06 0.15
2458488.3306316 10.88 0.13
2458488.3308052 11.02 0.15
2458488.3309788 11.10 0.16
2458488.3314996 10.97 0.14
2458488.3316732 11.03 0.15
2458488.3318468 11.01 0.15
2458488.3320205 11.09 0.16
2458488.3321941 11.09 0.16
2458488.3330621 11.06 0.15
2458488.3337574 10.97 0.14
2458488.3342777 10.98 0.14
2458488.3353191 10.91 0.14
2458488.3356663 10.94 0.14
2458488.3365344 10.92 0.14
2458488.3372288 11.01 0.15
2458488.3377496 10.89 0.13
2458488.3382705 10.92 0.14
2458488.3391385 10.90 0.14
2458488.3407010 10.91 0.13
2458488.3408746 10.78 0.12
2458488.3413955 10.97 0.14
2458488.3420899 10.83 0.13
2458488.3429580 10.95 0.14
2458488.3431316 10.98 0.14
2458488.3433052 10.95 0.14
2458488.3434788 10.97 0.14
2458488.3439996 11.00 0.15
2458488.3448677 10.91 0.14
2458488.3450413 10.97 0.15
2458488.3453896 10.86 0.13
2458488.3472982 10.96 0.14
2458488.3486871 10.88 0.13
2458488.3490344 11.01 0.15
2458488.3493816 10.81 0.12
2458488.3495552 10.91 0.14
2458488.3499024 11.04 0.15
2458488.3504232 10.92 0.14
2458488.3505969 10.73 0.12
2458488.3511177 10.77 0.12
2458488.3514649 10.96 0.14
2458488.3523330 10.73 0.12
2458488.3530274 10.83 0.13
2458488.3537218 10.88 0.13
2458488.3542427 10.79 0.12
2458488.3545899 11.04 0.15
2458488.3554580 10.91 0.14
2458488.3566732 10.93 0.14
2458488.3570218 11.09 0.16
2458488.3571953 10.91 0.14
2458488.3585830 11.03 0.15
2458488.3587566 10.96 0.14
2458488.3594510 11.06 0.16
2458488.3603191 10.97 0.14
2458488.3611871 10.95 0.14
2458488.3624024 10.90 0.13
2458488.3629232 10.85 0.13
2458488.3648330 10.93 0.14
2458488.3651802 10.83 0.13
2458488.3653538 11.04 0.15
2458488.3660482 10.94 0.14
2458488.3669163 10.91 0.14
2458488.3683052 10.95 0.14
2458488.3686524 10.85 0.13
2458488.3690010 10.90 0.14
2458488.3698682 10.91 0.14
2458488.3702150 10.81 0.13
2458488.3709093 10.97 0.15
2458488.3710830 11.04 0.16
2458488.3712566 10.96 0.14
2458488.3722982 11.10 0.17
2458488.3726455 10.87 0.13
2458488.3735135 10.98 0.15
2458488.3740343 10.97 0.15
2458493.2519739 11.01 0.13
2458493.2521475 10.87 0.12
2458493.2524947 10.89 0.12
2458493.2526684 11.12 0.15
2458493.2528420 10.85 0.12
2458493.2530156 11.09 0.14
2458493.2531892 10.94 0.13
2458493.2533628 10.99 0.13
2458493.2535364 10.94 0.12
2458493.2537100 11.13 0.15
2458493.2538836 10.88 0.12
2458493.2540586 10.94 0.12
2458493.2542320 11.05 0.14
2458493.2544055 11.11 0.15
2458493.2547524 10.95 0.13
2458493.2549258 10.83 0.11
2458493.2550993 10.94 0.13
2458493.2552727 11.04 0.13
2458493.2554461 10.82 0.11
2458493.2556198 10.99 0.13
2458493.2557934 10.87 0.12
2458493.2559670 10.95 0.13
2458493.2561406 10.96 0.13
2458493.2563142 10.93 0.12
2458493.2564878 11.09 0.14
2458493.2566614 11.14 0.15
2458493.2568350 10.92 0.12
2458493.2570086 11.05 0.14
2458493.2571823 11.04 0.14
2458493.2573559 10.81 0.11
2458493.2575295 10.94 0.12
2458493.2577031 10.97 0.13
2458493.2578767 10.95 0.13
2458493.2580503 10.89 0.12
2458493.2582239 10.98 0.13
2458493.2585711 10.95 0.13
2458493.2587447 11.09 0.14
2458493.2590920 11.14 0.15
2458493.2592656 10.91 0.12
2458493.2594392 10.93 0.12
2458493.2597864 10.87 0.12
2458493.2603072 11.05 0.14
2458493.2604809 10.86 0.11
2458493.2606545 10.77 0.11
2458493.2610017 10.86 0.11
2458493.2613489 10.91 0.12
2458493.2615225 11.01 0.13
2458493.2616961 11.09 0.14
2458493.2618697 10.88 0.12
2458493.2620434 11.00 0.13
2458493.2622170 10.85 0.11
2458493.2625642 10.84 0.11
2458493.2627378 10.93 0.12
2458493.2629114 11.06 0.14
2458493.2630850 10.95 0.12
2458493.2632586 10.86 0.11
2458493.2634323 10.92 0.12
2458493.2636059 10.97 0.13
2458493.2637795 11.08 0.14
2458493.2639531 11.06 0.14
2458493.2641267 10.98 0.13
2458493.2643003 11.13 0.15
2458493.2644739 10.89 0.12
2458493.2648211 10.95 0.12
2458493.2649948 11.04 0.13
2458493.2651684 10.81 0.11
2458493.2653420 10.92 0.12
2458493.2655156 11.10 0.14
2458493.2656892 11.14 0.15
2458493.2658628 10.82 0.11
2458493.2660378 11.00 0.13
2458493.2662112 11.18 0.15
2458493.2663847 11.03 0.13
2458493.2665581 10.97 0.13
2458493.2667316 10.91 0.12
2458493.2670784 10.92 0.12
2458493.2672519 10.84 0.11
2458493.2674253 11.17 0.15
2458493.2675989 11.05 0.14
2458493.2679461 11.06 0.14
2458493.2681197 10.84 0.11
2458493.2682934 10.95 0.12
2458493.2686406 11.07 0.14
2458493.2688142 11.18 0.15
2458493.2689878 11.00 0.13
2458493.2691614 10.80 0.11
2458493.2693350 10.72 0.10
2458493.2695086 11.06 0.14
2458493.2696822 11.13 0.14
2458493.2698559 10.97 0.13
2458493.2700295 11.00 0.13
2458493.2702031 11.11 0.14
2458493.2703767 10.92 0.12
2458493.2705503 10.97 0.12
2458493.2707239 11.01 0.13
2458493.2708975 11.09 0.14
2458493.2710711 11.04 0.13
2458493.2712448 10.89 0.12
2458493.2714184 11.04 0.13
2458493.2715920 11.12 0.14
2458493.2717656 10.92 0.12
2458493.2719392 11.06 0.14
2458493.2724600 11.20 0.16
2458493.2726336 11.15 0.15
2458493.2728073 11.23 0.16
2458493.2729809 11.00 0.13
2458493.2735017 10.90 0.12
2458493.2738489 11.12 0.14
2458493.2740225 10.83 0.11
2458493.2743697 11.06 0.14
2458493.2745434 11.04 0.14
2458493.2747170 11.01 0.13
2458493.2748906 10.95 0.12
2458493.2750642 11.04 0.14
2458493.2754114 10.93 0.12
2458493.2757586 10.93 0.12
2458493.2759322 11.05 0.14
2458493.2761059 10.96 0.13
2458493.2762795 11.07 0.14
2458493.2768003 10.94 0.12
2458493.2769739 10.97 0.12
2458493.2773211 10.88 0.12
2458493.2774947 11.05 0.14
2458493.2776684 10.99 0.13
2458493.2778420 11.02 0.13
2458493.2780169 11.04 0.14
2458493.2783638 11.08 0.14
2458493.2785373 11.01 0.13
2458493.2787107 11.14 0.15
2458493.2790576 10.91 0.12
2458493.2792310 10.88 0.12
2458493.2794045 11.18 0.15
2458493.2795781 10.91 0.12
2458493.2797517 11.02 0.13
2458493.2799253 11.07 0.14
2458493.2800989 10.92 0.12
2458493.2802725 10.99 0.13
2458493.2804461 11.18 0.15
2458493.2806198 10.80 0.11
2458493.2807934 10.99 0.13
2458493.2809670 10.90 0.12
2458493.2811406 11.06 0.14
2458493.2813142 11.02 0.13
2458493.2814878 11.10 0.14
2458493.2816614 10.99 0.13
2458493.2818350 11.12 0.15
2458493.2820086 10.96 0.13
2458493.2821822 10.90 0.12
2458493.2823559 11.14 0.15
2458493.2825295 11.10 0.14
2458493.2827031 10.90 0.12
2458493.2828767 11.09 0.14
2458493.2830503 11.22 0.16
2458493.2832239 11.06 0.14
2458493.2833975 11.08 0.14
2458493.2835711 10.91 0.12
2458493.2837447 11.12 0.14
2458493.2839184 10.87 0.12
2458493.2842656 10.93 0.12
2458493.2844392 11.04 0.14
2458493.2847864 11.04 0.14
2458493.2853072 10.96 0.13
2458493.2854809 11.05 0.14
2458493.2856545 11.08 0.14
2458493.2860017 11.20 0.16
2458493.2861753 10.99 0.13
2458493.2863489 11.06 0.14
2458493.2865225 10.85 0.11
2458493.2868698 11.16 0.15
2458493.2872170 11.04 0.13
2458493.2875642 11.00 0.13
2458493.2877378 10.98 0.13
2458493.2879114 10.91 0.12
2458493.2880850 11.00 0.13
2458493.2882586 11.06 0.14
2458493.2884323 10.81 0.11
2458493.2886059 11.03 0.13
2458493.2893003 11.06 0.14
2458493.2898211 11.05 0.14
2458493.2899961 11.16 0.15
2458493.2901695 11.05 0.14
2458493.2903429 11.05 0.14
2458493.2905164 11.26 0.16
2458493.2906898 11.02 0.13
2458493.2908633 10.95 0.13
2458493.2912102 11.09 0.14
2458493.2913836 11.04 0.14
2458493.2920781 11.03 0.13
2458493.2922517 11.01 0.13
2458493.2924253 11.09 0.14
2458493.2925989 11.13 0.15
2458493.2929461 10.87 0.12
2458493.2931197 10.97 0.13
2458493.2934670 11.10 0.14
2458493.2938142 11.07 0.14
2458493.2943350 10.98 0.13
2458493.2945086 11.16 0.15
2458493.2948559 11.08 0.14
2458493.2952031 11.09 0.14
2458493.2955503 11.18 0.15
2458493.2957239 10.89 0.12
2458493.2964184 11.03 0.13
2458493.2967656 11.09 0.14
2458493.2969392 11.02 0.13
2458493.2971128 11.13 0.15
2458493.2974600 10.98 0.13
2458493.2976336 11.19 0.16
2458493.2978072 11.10 0.14
2458493.2985017 11.15 0.15
2458493.2990225 11.06 0.14
2458493.2993697 10.99 0.13
2458493.2995434 11.21 0.16
2458493.2997170 11.09 0.15
2458493.2998906 11.15 0.15
2458493.3000642 11.12 0.15
2458493.3004114 11.00 0.13
2458493.3021591 11.14 0.15
2458493.3025063 11.17 0.15
2458493.3026799 11.19 0.15
2458493.3030272 11.07 0.14
2458493.3035480 11.18 0.15
2458493.3037216 11.07 0.14
2458493.3038952 11.02 0.13
2458493.3045897 11.23 0.16
2458493.3047633 11.20 0.16
2458493.3049369 11.20 0.16
2458493.3052841 11.10 0.14
2458493.3054577 11.08 0.14
2458493.3056313 10.91 0.12
2458493.3059785 11.13 0.14
2458493.3061522 11.09 0.14
2458493.3070202 10.98 0.13
2458493.3071938 11.04 0.14
2458493.3075410 10.89 0.12
2458493.3077147 11.12 0.14
2458493.3078883 10.96 0.12
2458493.3080619 11.18 0.15
2458493.3082355 11.16 0.15
2458493.3084091 11.03 0.13
2458493.3085827 11.02 0.13
2458493.3087563 11.16 0.15
2458493.3091036 11.21 0.16
2458493.3092772 11.24 0.16
2458493.3096244 11.14 0.15
2458493.3097980 11.08 0.14
2458493.3101452 10.87 0.11
2458493.3103188 11.09 0.14
2458493.3106661 10.96 0.12
2458493.3108397 11.11 0.14
2458493.3110133 11.10 0.14
2458493.3111869 11.01 0.13
2458493.3113605 10.92 0.12
2458493.3115341 11.03 0.13
2458493.3117077 10.95 0.12
2458493.3118813 11.16 0.15
2458493.3120549 11.06 0.13
2458493.3122298 11.00 0.13
2458493.3125767 11.03 0.13
2458493.3127502 11.11 0.14
2458493.3129236 10.92 0.12
2458493.3132705 10.95 0.12
2458493.3134439 11.09 0.14
2458493.3137910 11.08 0.14
2458493.3143119 10.91 0.12
2458493.3151799 11.08 0.14
2458493.3153535 11.04 0.13
2458493.3155272 11.17 0.15
2458493.3157008 11.05 0.13
2458493.3158744 10.98 0.13
2458493.3160480 11.07 0.14
2458493.3162216 11.01 0.13
2458493.3165688 11.11 0.14
2458493.3170897 11.08 0.14
2458493.3172633 11.23 0.16
2458493.3176105 11.01 0.13
2458493.3179577 10.98 0.12
2458493.3181313 11.09 0.14
2458493.3186522 10.98 0.13
2458493.3188258 11.05 0.13
2458493.3189994 10.98 0.13
2458493.3191730 11.06 0.14
2458493.3193466 10.84 0.11
2458493.3195202 10.98 0.13
2458493.3196938 11.02 0.13
2458493.3198674 11.04 0.13
2458493.3200411 10.78 0.10
2458493.3202147 11.06 0.14
2458493.3203883 10.95 0.12
2458493.3205619 11.09 0.14
2458493.3207355 11.00 0.13
2458493.3209091 11.03 0.13
2458493.3212563 11.14 0.15
2458493.3219508 10.90 0.12
2458493.3222980 10.95 0.12
2458493.3224716 10.85 0.11
2458493.3226452 11.02 0.13
2458493.3229924 11.06 0.13
2458493.3233397 11.00 0.13
2458493.3240341 11.22 0.16
2458493.3242090 11.00 0.13
2458493.3243824 11.13 0.14
2458493.3245559 11.04 0.13
2458493.3247293 11.03 0.13
2458493.3249028 10.99 0.13
2458493.3250762 11.03 0.13
2458493.3254231 10.98 0.13
2458493.3255966 11.01 0.13
2458493.3257702 11.08 0.14
2458493.3262911 10.97 0.12
2458493.3264647 11.06 0.13
2458493.3268119 11.14 0.14
2458493.3269855 11.07 0.14
2458493.3273327 11.09 0.14
2458493.3275063 11.04 0.13
2458493.3276799 10.95 0.12
2458493.3278536 11.00 0.13
2458493.3283744 11.04 0.13
2458493.3287216 11.13 0.14
2458493.3288952 11.10 0.14
2458493.3290688 10.99 0.13
2458493.3292430 10.93 0.12
2458493.3295897 10.99 0.12
2458493.3301105 11.09 0.14
2458493.3304577 10.94 0.12
2458493.3306313 10.96 0.12
2458493.3313258 10.99 0.12
2458493.3316730 11.00 0.13
2458493.3318466 11.19 0.15
2458493.3320202 11.30 0.17
2458493.3321938 11.04 0.13
2458493.3323674 11.00 0.13
2458493.3325411 10.94 0.12
2458493.3327147 10.93 0.12
2458493.3328883 11.08 0.14
2458493.3330619 10.93 0.12
2458493.3332355 11.11 0.14
2458493.3334091 10.92 0.12
2458493.3335827 11.18 0.15
2458493.3337563 11.20 0.15
2458493.3339299 10.98 0.12
2458493.3341036 11.16 0.15
2458493.3342772 11.06 0.13
2458493.3344508 11.06 0.14
2458493.3346244 10.95 0.12
2458493.3347980 10.90 0.12
2458493.3349716 11.10 0.14
2458493.3353188 10.98 0.13
2458493.3354924 11.08 0.14
2458493.3356661 10.89 0.12
2458493.3360133 10.94 0.12
2458493.3361882 10.95 0.12
2458493.3363616 11.02 0.13
2458493.3365351 11.02 0.13
2458493.3367085 11.30 0.17
2458493.3370554 10.89 0.12
2458493.3372288 10.90 0.12
2458493.3374023 10.85 0.11
2458493.3375758 11.01 0.13
2458493.3380966 11.01 0.13
2458493.3382702 11.07 0.14
2458493.3384438 11.05 0.14
2458493.3386174 11.17 0.15
2458493.3389647 11.06 0.14
2458493.3393119 10.82 0.11
2458493.3398327 11.01 0.13
2458493.3400063 10.82 0.11
2458493.3401799 11.02 0.13
2458493.3407008 10.91 0.12
2458493.3408744 10.95 0.12
2458493.3412216 11.04 0.13
2458493.3415688 11.01 0.13
2458493.3417424 10.89 0.12
2458493.3419161 11.21 0.16
2458493.3424369 10.99 0.13
2458493.3426105 11.06 0.14
2458493.3427841 10.95 0.12
2458493.3429577 11.03 0.13
2458493.3433049 10.93 0.12
2458493.3436522 11.06 0.14
2458493.3439994 10.95 0.12
2458493.3443466 11.08 0.14
2458493.3446938 10.96 0.13
2458493.3453883 10.98 0.13
2458493.3455619 10.91 0.12
2458493.3466035 11.14 0.15
2458493.3467772 10.79 0.11
2458493.3471244 10.99 0.13
2458493.3472980 11.10 0.14
2458493.3474716 11.13 0.15
2458493.3478188 11.01 0.13
2458493.3479924 11.11 0.14
2458493.3481673 11.09 0.14
2458493.3485142 11.24 0.16
2458493.3488611 11.10 0.14
2458493.3492080 11.12 0.14
2458493.3495549 10.98 0.13
2458493.3499022 11.07 0.14
2458493.3500758 11.08 0.14
2458493.3502494 11.13 0.14
2458493.3507702 10.93 0.12
2458493.3509438 11.10 0.14
2458493.3511174 11.09 0.14
2458493.3512911 11.12 0.14
2458493.3514647 10.94 0.12
2458493.3516383 11.05 0.13
2458493.3518119 11.15 0.15
2458493.3525063 11.05 0.14
2458493.3526799 11.07 0.14
2458493.3530272 11.21 0.16
2458493.3532008 11.19 0.15
2458493.3537216 11.12 0.14
2458493.3538952 10.99 0.13
2458493.3540688 11.10 0.14
2458493.3542424 11.06 0.14
2458493.3544160 11.16 0.15
2458493.3545897 11.13 0.14
2458493.3547633 11.12 0.14
2458493.3549369 10.98 0.13
2458493.3551105 10.91 0.12
2458493.3552841 11.04 0.13
2458493.3554577 11.08 0.14
2458493.3556313 11.24 0.16
2458493.3559786 10.85 0.11
2458493.3561522 11.06 0.14
2458493.3563258 11.10 0.14
2458493.3564994 11.03 0.13
2458493.3566730 10.97 0.12
2458493.3568466 10.90 0.12
2458493.3573674 10.98 0.12
2458493.3575411 10.95 0.12
2458493.3577147 11.11 0.14
2458493.3578883 11.10 0.14
2458493.3580619 11.03 0.13
2458493.3582355 10.92 0.12
2458493.3584091 10.95 0.12
2458493.3585827 10.98 0.13
2458493.3587563 11.06 0.14
2458493.3589299 10.95 0.12
2458493.3591036 10.98 0.13
2458493.3596244 11.09 0.14
2458493.3601465 10.97 0.13
2458493.3603199 10.87 0.12
2458493.3604934 11.04 0.14
2458493.3608403 10.99 0.13
2458493.3611871 11.19 0.15
2458493.3613606 11.10 0.14
2458493.3615341 11.05 0.14
2458493.3617077 11.15 0.15
2458493.3618813 11.16 0.15
2458493.3620549 11.00 0.13
2458493.3622285 11.12 0.14
2458493.3624022 10.98 0.13
2458493.3625758 11.14 0.15
2458493.3630966 11.01 0.13
2458493.3636174 11.03 0.13
2458493.3637911 11.07 0.14
2458493.3639647 10.92 0.12
2458493.3641383 11.18 0.15
2458493.3643119 11.06 0.14
2458493.3648327 10.96 0.12
2458493.3651799 10.94 0.12
2458493.3655272 10.87 0.11
2458493.3657008 10.93 0.12
2458493.3658744 11.05 0.13
2458493.3662216 11.03 0.13
2458493.3663952 11.01 0.13
2458493.3665688 10.92 0.12
2458493.3667424 11.04 0.13
2458493.3669161 11.11 0.14
2458493.3670897 10.99 0.13
2458493.3674369 11.03 0.13
2458493.3676105 11.08 0.14
2458493.3679577 10.94 0.12
2458493.3681313 11.06 0.14
2458493.3684785 11.08 0.14
2458493.3688258 11.10 0.14
2458493.3689994 11.00 0.13
2458493.3691730 11.04 0.14
2458493.3693466 11.02 0.13
2458493.3695202 11.12 0.15
2458493.3696938 11.12 0.15
2458493.3698674 10.94 0.12
2458493.3700410 11.21 0.16
2458493.3707355 10.93 0.12
2458493.3710827 10.83 0.11
2458493.3712563 11.05 0.14
2458493.3714299 11.04 0.14
2458493.3717772 10.96 0.13
2458493.3721257 10.87 0.12
2458493.3722991 11.02 0.13
2458493.3724725 11.16 0.15
2458493.3726460 10.97 0.13
2458493.3731663 11.06 0.14
2458493.3736869 11.08 0.14
2458493.3738605 10.82 0.11
2458493.3742077 11.08 0.14
2458493.3743813 11.16 0.15
2458493.3747286 11.06 0.14
2458493.3749022 11.07 0.14
2458493.3752494 11.21 0.16
2458493.3754230 11.00 0.13
2458493.3755966 11.01 0.13
2458493.3757702 11.04 0.14
2458493.3759438 11.09 0.14
2458493.3761174 11.08 0.14
2458493.3766383 10.87 0.12
2458493.3768119 11.02 0.13
2458493.3771591 10.95 0.13
2458493.3773327 10.87 0.12
2458493.3775063 10.85 0.12
2458493.3776799 11.04 0.14
2458493.3778535 11.11 0.14
2458493.3783744 10.87 0.12
2458493.3788952 10.97 0.13
2458493.3790688 10.98 0.13
2458493.3792424 11.00 0.13
2458493.3794161 10.95 0.13
2458493.3795897 11.05 0.14
2458493.3799369 11.01 0.13
2458493.3801105 10.97 0.13
2458493.3802841 10.93 0.12
2458493.3804577 11.12 0.15
2458493.3808049 11.17 0.15
2458493.3811522 10.92 0.12
2458493.3825411 11.08 0.14
2458493.3832355 11.07 0.14
2458493.3837563 11.13 0.15
2458493.3842782 11.02 0.14
2458493.3846251 10.97 0.13
2458493.3847985 10.89 0.12
2458493.3851454 11.10 0.15
2458493.3854924 11.06 0.14
2458493.3856660 11.18 0.16
2458493.3858397 11.07 0.14
2458493.3863605 11.13 0.15
2458493.3865341 11.03 0.14
2458493.3867077 11.08 0.14
2458493.3868813 11.07 0.14
2458493.3874022 11.17 0.16
2458493.3875758 11.13 0.15
2458493.3879230 11.01 0.14
2458493.3882702 11.05 0.14
2458493.3886174 10.95 0.13
2458493.3887911 11.16 0.16
2458493.3889647 11.08 0.14
2458493.3893119 11.10 0.15
2458493.3894855 11.04 0.14
2458493.3898327 11.07 0.14
2458493.3900063 10.88 0.12
2458493.3903536 10.95 0.13
2458493.3907008 11.24 0.17
2458493.3910480 11.07 0.14
2458493.3915688 11.14 0.15
2458493.3917424 10.97 0.13
2458493.3919160 10.98 0.14
2458493.3920897 11.04 0.14
2458493.3926105 11.08 0.14
2458493.3927841 11.20 0.16
2458493.3929577 11.11 0.15
2458493.3931313 11.08 0.15
2458493.3933049 11.12 0.15
2458493.3939994 10.95 0.13
2458493.3941730 11.11 0.15
2458493.3943466 10.92 0.13
2458493.3948674 11.05 0.14
2458493.3955619 11.08 0.15
2458493.3959105 11.09 0.15
2458493.3962574 11.10 0.15
2458493.3964308 10.99 0.13
2458493.3971246 11.06 0.14
2458493.3972980 11.16 0.16
2458493.3974716 10.98 0.13
2458493.3978188 11.11 0.15
2458493.3983397 11.03 0.14
2458493.3985133 11.07 0.15
2458493.3988605 11.04 0.14
2458493.3992077 11.09 0.15
2458493.3993813 11.06 0.14
2458493.3999022 11.06 0.15
2458493.4000758 10.93 0.13
2458493.4004230 11.16 0.16
2458493.4007702 11.04 0.14
2458493.4009438 10.88 0.12
2458493.4014647 10.98 0.13
2458493.4016383 11.07 0.15
2458493.4023327 11.07 0.15
2458493.4032008 11.05 0.14
2458493.4033744 10.73 0.11
2458493.4037216 10.82 0.12
2458493.4038952 11.14 0.16
2458493.4042424 10.87 0.12
2458493.4044161 11.01 0.14
2458493.4049369 11.02 0.14
2458493.4051105 11.04 0.14
2458493.4052841 10.91 0.13
2458493.4054577 10.91 0.13
2458493.4058049 11.02 0.14
2458493.4061522 11.08 0.15
2458493.4064994 11.02 0.14
2458493.4066730 10.90 0.13
2458493.4071938 11.07 0.15
2458493.4073674 11.11 0.15
2458493.4077147 10.89 0.13
2458493.4080630 11.05 0.15
2458493.4089302 10.89 0.13
2458493.4091037 11.03 0.14
2458493.4092772 10.95 0.13
2458493.4097980 11.08 0.15
2458493.4101452 11.17 0.16
2458493.4104924 11.07 0.15
2458493.4106661 10.95 0.14
2458493.4108397 11.01 0.14
2458493.4111869 11.12 0.16
2458493.4113605 11.11 0.16
2458493.4118813 11.08 0.15
2458493.4120549 11.14 0.16
2458493.4124022 11.06 0.15
2458493.4125758 11.03 0.15
2458493.4127494 10.87 0.13
2458493.4144855 11.08 0.15
2458493.4150063 10.92 0.13
2458494.3475989 10.82 0.16
2458495.1637563 10.82 0.17
2458495.1981313 10.82 0.16
2458495.2005619 10.72 0.15
2458495.2082008 10.82 0.16
2458495.2134091 10.72 0.14
2458495.2219161 10.76 0.15
2458495.2262563 10.91 0.17
2458495.2274716 10.91 0.17
2458495.2281661 10.78 0.15
2458495.2295549 10.83 0.15
2458495.2300758 10.76 0.14
2458495.2325063 10.85 0.16
2458495.2363258 10.64 0.13
2458495.2399716 10.86 0.15
2458495.2401452 10.85 0.15
2458495.2422286 10.92 0.16
2458495.2432711 10.87 0.16
2458495.2437914 10.86 0.15
2458495.2439649 10.75 0.14
2458495.2443119 10.75 0.14
2458495.2453536 10.76 0.14
2458495.2458744 10.90 0.16
2458495.2481313 10.84 0.15
2458495.2495202 10.92 0.16
2458495.2528188 10.97 0.17
2458495.2545549 10.86 0.15
2458495.2552503 10.81 0.15
2458495.2601105 10.62 0.12
2458495.2602841 10.93 0.16
2458495.2608049 10.89 0.15
2458495.2613258 10.85 0.15
2458495.2620202 10.80 0.14
2458495.2630619 10.85 0.15
2458495.2632355 10.89 0.15
2458495.2646244 10.97 0.16
2458495.2654924 11.05 0.18
2458495.2656661 10.92 0.16
2458495.2658397 10.85 0.15
2458495.2677498 10.92 0.16
2458495.2691383 10.89 0.15
2458495.2715688 10.73 0.13
2458495.2720897 10.71 0.13
2458495.2731313 10.84 0.14
2458495.2741730 10.88 0.15
2458495.2752147 10.92 0.16
2458495.2800759 11.03 0.17
2458495.2809438 10.86 0.15
2458495.2811174 10.90 0.15
2458495.2812911 10.88 0.15
2458495.2844161 10.96 0.16
2458495.2851105 10.88 0.15
2458495.2861522 11.01 0.17
2458495.2866730 10.79 0.14
2458495.2887563 10.98 0.16
2458495.2915348 10.77 0.13
2458495.2948327 10.83 0.14
2458495.2960480 10.91 0.15
2458495.2981313 11.01 0.16
2458495.2986522 10.66 0.12
2458495.2998674 10.90 0.15
2458495.3010827 10.91 0.15
2458495.3055966 10.93 0.16
2458495.3097633 10.76 0.14
2458495.3104577 10.80 0.14
2458495.3121938 11.03 0.17
2458495.3128883 10.88 0.15
2458495.3132355 11.08 0.18
2458495.3137563 10.94 0.16
2458495.3141036 10.90 0.15
2458495.3151463 10.98 0.16
2458498.1658281 10.91 0.15
2458498.1663489 11.00 0.16
2458498.1666972 10.97 0.16
2458498.1675645 11.03 0.17
2458498.1686059 10.82 0.14
2458498.1708628 10.87 0.14
2458498.1712100 10.96 0.15
2458498.1720781 10.83 0.14
2458498.1727725 10.89 0.14
2458498.1752031 10.76 0.13
2458498.1753767 10.88 0.14
2458498.1778072 10.86 0.13
2458498.1781545 10.82 0.13
2458498.1791967 10.90 0.14
2458498.1793701 11.07 0.16
2458498.1798906 11.00 0.15
2458498.1800642 10.91 0.14
2458498.1818003 10.90 0.14
2458498.1819739 10.88 0.14
2458498.1823211 10.97 0.15
2458498.1828420 10.89 0.14
2458498.1835364 11.01 0.15
2458498.1842309 10.98 0.15
2458498.1849253 11.08 0.16
2458498.1854461 10.75 0.12
2458498.1859670 10.85 0.13
2458498.1861406 10.88 0.13
2458498.1866614 10.88 0.13
2458498.1870086 10.97 0.15
2458498.1871822 10.83 0.13
2458498.1890920 11.04 0.16
2458498.1903073 10.91 0.14
2458498.1913489 11.02 0.15
2458498.1915225 10.87 0.13
2458498.1922170 10.91 0.14
2458498.1927378 10.92 0.14
2458498.1943003 10.98 0.14
2458498.1949947 11.01 0.15
2458498.1951684 11.01 0.15
2458498.1958628 11.08 0.16
2458498.1965581 11.14 0.16
2458498.1972519 11.07 0.15
2458498.1975989 11.02 0.15
2458498.1977725 11.13 0.16
2458498.1979461 11.09 0.16
2458498.1981198 11.17 0.17
2458498.1984670 11.06 0.15
2458498.1989878 10.93 0.13
2458498.1991614 11.01 0.14
2458498.1995086 11.15 0.16
2458498.2000295 11.16 0.16
2458498.2003767 11.07 0.15
2458498.2008975 11.06 0.15
2458498.2012447 11.15 0.16
2458498.2014184 10.83 0.12
2458498.2015920 11.03 0.15
2458498.2019392 11.03 0.15
2458498.2021128 10.99 0.14
2458498.2022864 10.86 0.13
2458498.2026336 10.96 0.14
2458498.2028072 11.05 0.15
2458498.2029809 11.10 0.15
2458498.2036753 10.90 0.13
2458498.2038489 11.18 0.16
2458498.2043698 11.12 0.15
2458498.2048906 10.99 0.14
2458498.2050642 11.12 0.16
2458498.2064531 11.03 0.14
2458498.2069739 11.01 0.14
2458498.2073211 10.91 0.13
2458498.2074947 10.96 0.13
2458498.2090576 11.01 0.14
2458498.2094045 11.01 0.14
2458498.2099253 11.14 0.16
2458498.2102725 10.84 0.12
2458498.2107934 11.03 0.14
2458498.2109670 10.88 0.12
2458498.2111406 11.09 0.15
2458498.2114878 11.00 0.14
2458498.2116614 11.08 0.15
2458498.2120086 10.96 0.13
2458498.2121823 10.99 0.14
2458498.2125295 11.10 0.15
2458498.2127031 11.00 0.14
2458498.2128767 11.05 0.14
2458498.2132239 11.06 0.15
2458498.2133975 10.96 0.13
2458498.2140920 10.88 0.12
2458498.2147864 11.03 0.14
2458498.2153072 10.85 0.12
2458498.2156545 10.88 0.12
2458498.2161753 11.00 0.14
2458498.2165225 11.00 0.14
2458498.2168697 11.04 0.15
2458498.2170434 10.90 0.13
2458498.2172170 10.97 0.13
2458498.2175642 11.07 0.15
2458498.2187795 10.96 0.13
2458498.2193003 11.06 0.14
2458498.2194739 11.02 0.14
2458498.2196475 11.14 0.15
2458498.2203429 11.09 0.15
2458498.2210366 11.03 0.14
2458498.2212101 10.88 0.12
2458498.2213836 11.03 0.14
2458498.2215573 11.08 0.15
2458498.2217309 10.97 0.13
2458498.2222517 11.01 0.14
2458498.2225989 11.05 0.14
2458498.2227725 10.96 0.13
2458498.2229461 11.13 0.15
2458498.2231197 11.06 0.14
2458498.2238142 10.93 0.12
2458498.2241614 11.06 0.14
2458498.2243350 10.92 0.12
2458498.2245086 10.87 0.12
2458498.2246822 10.98 0.13
2458498.2250295 11.20 0.16
2458498.2255503 11.23 0.16
2458498.2257239 11.02 0.14
2458498.2260711 11.17 0.15
2458498.2262447 10.95 0.13
2458498.2264184 11.17 0.15
2458498.2265920 11.14 0.15
2458498.2267656 10.88 0.12
2458498.2271128 11.08 0.14
2458498.2274600 10.94 0.13
2458498.2276336 10.84 0.12
2458498.2279809 11.00 0.14
2458498.2283281 10.93 0.13
2458498.2285017 10.93 0.13
2458498.2286753 10.97 0.13
2458498.2288489 10.93 0.13
2458498.2290225 11.11 0.15
2458498.2291961 10.97 0.13
2458498.2293698 10.91 0.12
2458498.2295434 11.09 0.15
2458498.2297170 10.94 0.13
2458498.2298906 11.11 0.15
2458498.2300642 10.97 0.13
2458498.2307586 10.91 0.13
2458498.2309322 11.03 0.14
2458498.2316267 10.88 0.12
2458498.2318016 11.03 0.14
2458498.2321485 10.85 0.12
2458498.2323219 10.99 0.14
2458498.2324954 11.01 0.14
2458498.2330157 11.12 0.15
2458498.2333628 11.05 0.15
2458498.2337100 10.95 0.13
2458498.2338836 11.00 0.14
2458498.2342309 10.97 0.13
2458498.2344045 10.76 0.11
2458498.2345781 11.04 0.14
2458498.2349253 10.99 0.14
2458498.2352725 10.83 0.12
2458498.2357934 11.02 0.14
2458498.2359670 10.99 0.14
2458498.2370086 10.97 0.14
2458498.2373559 10.99 0.14
2458498.2375295 10.89 0.13
2458498.2377031 10.80 0.12
2458498.2382239 10.88 0.13
2458498.2383975 10.91 0.13
2458498.2389184 11.12 0.16
2458498.2390920 10.90 0.13
2458498.2392656 10.96 0.14
2458498.2394392 10.90 0.13
2458498.2396128 11.00 0.14
2458498.2399600 10.85 0.13
2458498.2403072 10.85 0.12
2458498.2404809 10.93 0.13
2458498.2406545 11.00 0.14
2458498.2408281 11.01 0.14
2458498.2410017 11.05 0.15
2458498.2411753 11.03 0.15
2458498.2415225 10.85 0.12
2458498.2416961 10.94 0.13
2458498.2418697 10.90 0.13
2458498.2420434 11.11 0.16
2458498.2422170 11.14 0.16
2458498.2425642 10.89 0.13
2458498.2427378 10.92 0.13
2458498.2429114 10.72 0.11
2458498.2430850 10.90 0.13
2458498.2432586 10.99 0.14
2458498.2434323 10.98 0.14
2458498.2437807 10.91 0.13
2458498.2441276 10.96 0.14
2458498.2444745 11.05 0.15
2458498.2448214 10.78 0.12
2458498.2449948 10.90 0.13
2458498.2453420 11.03 0.14
2458498.2455156 11.09 0.15
2458498.2456892 10.93 0.13
2458498.2462100 11.10 0.15
2458498.2465572 10.90 0.13
2458498.2467309 10.86 0.13
2458498.2472517 10.85 0.13
2458498.2475989 10.99 0.14
2458498.2477725 11.05 0.15
2458498.2481197 10.86 0.13
2458498.2482934 11.02 0.14
2458498.2484670 10.90 0.13
2458498.2486406 10.99 0.14
2458498.2488142 11.05 0.15
2458498.2489878 10.87 0.13
2458498.2493350 10.88 0.13
2458498.2498559 10.98 0.14
2458498.2500295 11.08 0.15
2458498.2503767 10.91 0.13
2458498.2512448 10.85 0.13
2458498.2519392 11.07 0.16
2458498.2526336 10.94 0.14
2458498.2528073 10.90 0.13
2458498.2529809 11.03 0.15
2458498.2536753 10.82 0.12
2458498.2540225 10.94 0.14
2458498.2543697 11.09 0.16
2458498.2548906 10.97 0.14
2458498.2550642 10.87 0.13
2458498.2555863 10.92 0.14
2458498.2559332 10.99 0.14
2458498.2561066 10.94 0.14
2458498.2562801 11.05 0.15
2458498.2574947 11.03 0.15
2458498.2583628 10.93 0.14
2458498.2585364 11.04 0.15
2458498.2588836 11.04 0.15
2458498.2590573 10.96 0.14
2458498.2592309 11.02 0.15
2458498.2595781 10.93 0.14
2458498.2600989 11.11 0.16
2458498.2602725 10.90 0.13
2458498.2606198 11.01 0.15
2458498.2607934 10.93 0.14
2458498.2609670 11.00 0.15
2458498.2611406 11.06 0.15
2458498.2625295 10.91 0.13
2458498.2627031 10.99 0.12
2458498.2628767 10.97 0.11
2458498.2630503 11.13 0.13
2458498.2632239 11.02 0.12
2458498.2633975 11.03 0.12
2458498.2635711 10.97 0.12
2458498.2637447 11.19 0.14
2458498.2639184 11.18 0.14
2458498.2642656 11.20 0.14
2458498.2647864 11.18 0.14
2458498.2649600 11.13 0.14
2458498.2651336 10.93 0.12
2458498.2654809 11.06 0.13
2458498.2656545 11.21 0.15
2458498.2658281 11.19 0.15
2458498.2660017 11.12 0.13
2458498.2661753 10.98 0.12
2458498.2663489 11.11 0.13
2458498.2665225 11.04 0.13
2458498.2666961 11.23 0.15
2458498.2668698 11.05 0.13
2458498.2670434 11.09 0.13
2458498.2672170 11.04 0.13
2458498.2673906 11.01 0.13
2458498.2675655 11.18 0.14
2458498.2677389 11.24 0.15
2458498.2679124 11.23 0.15
2458498.2680858 11.24 0.15
2458498.2682593 11.21 0.15
2458498.2684327 11.09 0.13
2458498.2686062 11.10 0.13
2458498.2687796 11.00 0.12
2458498.2689531 11.24 0.15
2458498.2691267 11.05 0.13
2458498.2693003 11.12 0.13
2458498.2694739 11.20 0.14
2458498.2696475 11.19 0.14
2458498.2698211 11.37 0.17
2458498.2699947 11.33 0.16
2458498.2701684 11.16 0.14
2458498.2703420 11.12 0.13
2458498.2705156 11.00 0.12
2458498.2708628 11.08 0.13
2458498.2710364 11.18 0.14
2458498.2712100 11.16 0.14
2458498.2715572 11.12 0.13
2458498.2717309 11.04 0.13
2458498.2725989 11.17 0.14
2458498.2727725 11.14 0.13
2458498.2729461 11.25 0.15
2458498.2731197 11.15 0.14
2458498.2732934 11.19 0.14
2458498.2734670 10.93 0.11
2458498.2736406 11.20 0.14
2458498.2738142 11.19 0.14
2458498.2743350 11.06 0.12
2458498.2745086 11.11 0.13
2458498.2748559 11.02 0.12
2458498.2750295 11.00 0.12
2458498.2752031 11.30 0.15
2458498.2755503 10.99 0.12
2458498.2757239 11.00 0.12
2458498.2758975 11.05 0.12
2458498.2760711 10.91 0.11
2458498.2762448 11.14 0.13
2458498.2764184 11.13 0.13
2458498.2765920 11.17 0.14
2458498.2767656 11.10 0.13
2458498.2769392 11.00 0.12
2458498.2771128 11.07 0.13
2458498.2772864 11.04 0.13
2458498.2774600 11.22 0.14
2458498.2776336 11.24 0.15
2458498.2778072 11.09 0.13
2458498.2779809 11.12 0.13
2458498.2781545 11.09 0.13
2458498.2783281 10.91 0.11
2458498.2785017 10.98 0.12
2458498.2786753 11.02 0.12
2458498.2788489 10.95 0.11
2458498.2790225 11.10 0.13
2458498.2791961 11.05 0.13
2458498.2800651 11.09 0.13
2458498.2802385 11.17 0.14
2458498.2805854 10.84 0.11
2458498.2807589 11.05 0.13
2458498.2809323 11.01 0.12
2458498.2811059 11.18 0.14
2458498.2812795 10.97 0.12
2458498.2814531 11.15 0.14
2458498.2818003 11.10 0.13
2458498.2821475 11.13 0.14
2458498.2823211 11.12 0.13
2458498.2824948 11.02 0.13
2458498.2828420 11.03 0.12
2458498.2830156 11.19 0.14
2458498.2831892 11.19 0.14
2458498.2837100 11.10 0.13
2458498.2838836 11.14 0.14
2458498.2840573 11.04 0.12
2458498.2842309 11.11 0.13
2458498.2845781 10.98 0.12
2458498.2849253 11.06 0.13
2458498.2852725 11.04 0.12
2458498.2854461 11.07 0.13
2458498.2856197 11.11 0.13
2458498.2857934 11.10 0.13
2458498.2859670 11.06 0.13
2458498.2861406 11.11 0.13
2458498.2863142 11.20 0.15
2458498.2864878 11.04 0.13
2458498.2868350 11.00 0.12
2458498.2870086 11.03 0.13
2458498.2873559 11.14 0.14
2458498.2875295 11.06 0.13
2458498.2877031 11.01 0.12
2458498.2878767 10.88 0.11
2458498.2880503 11.13 0.14
2458498.2882239 11.11 0.14
2458498.2883975 11.14 0.14
2458498.2885711 11.12 0.14
2458498.2887447 11.19 0.14
2458498.2889184 10.99 0.12
2458498.2890920 11.08 0.13
2458498.2894392 11.07 0.13
2458498.2896128 11.12 0.14
2458498.2899600 11.18 0.14
2458498.2901336 11.04 0.13
2458498.2908281 10.94 0.12
2458498.2910017 11.08 0.13
2458498.2911753 10.94 0.11
2458498.2913489 11.06 0.13
2458498.2915239 11.07 0.13
2458498.2916974 11.21 0.15
2458498.2920443 10.94 0.12
2458498.2922177 11.23 0.15
2458498.2923912 10.96 0.12
2458498.2927381 10.90 0.11
2458498.2929115 11.09 0.14
2458498.2930850 11.12 0.14
2458498.2932586 11.11 0.14
2458498.2934322 11.17 0.14
2458498.2937795 11.00 0.12
2458498.2939531 11.12 0.14
2458498.2941267 11.06 0.13
2458498.2946475 11.06 0.14
2458498.2948211 11.08 0.15
2458498.2949947 11.09 0.14
2458498.2951684 11.22 0.15
2458498.2953420 11.03 0.13
2458498.2955156 11.09 0.13
2458498.2956892 10.85 0.11
2458498.2958628 10.95 0.12
2458498.2962100 11.12 0.14
2458498.2963836 11.03 0.13
2458498.2965572 10.92 0.11
2458498.2967309 11.03 0.13
2458498.2969045 10.99 0.12
2458498.2970781 11.16 0.14
2458498.2972517 10.92 0.11
2458498.2975989 11.01 0.12
2458498.2977725 11.07 0.13
2458498.2979461 11.06 0.13
2458498.2981198 10.91 0.11
2458498.2984670 11.18 0.14
2458498.2986406 11.19 0.15
2458498.2988142 10.89 0.11
2458498.2989878 11.18 0.15
2458498.2991614 11.00 0.12
2458498.2993350 11.06 0.13
2458498.2995086 11.05 0.13
2458498.2996823 10.86 0.11
2458498.2998559 11.11 0.13
2458498.3002031 11.18 0.15
2458498.3003767 11.16 0.15
2458498.3005503 11.16 0.14
2458498.3007239 11.09 0.14
2458498.3008975 11.11 0.14
2458498.3012447 11.01 0.13
2458498.3014184 10.91 0.12
2458498.3015920 11.10 0.14
2458498.3017656 11.01 0.13
2458498.3019392 10.94 0.12
2458498.3021128 11.14 0.14
2458498.3022864 11.07 0.13
2458498.3024600 11.13 0.14
2458498.3026336 11.25 0.15
2458498.3028072 11.04 0.13
2458498.3029809 11.18 0.15
2458498.3031545 10.89 0.11
2458498.3033281 11.06 0.13
2458498.3035017 10.95 0.12
2458498.3036766 10.93 0.11
2458498.3038500 10.89 0.11
2458498.3041969 11.16 0.14
2458498.3043703 11.09 0.13
2458498.3047172 11.08 0.13
2458498.3048907 11.09 0.13
2458498.3050642 10.91 0.11
2458498.3052378 11.18 0.14
2458498.3054114 11.08 0.13
2458498.3055850 11.06 0.13
2458498.3057586 11.07 0.13
2458498.3059323 10.94 0.12
2458498.3061059 11.14 0.14
2458498.3062795 11.16 0.14
2458498.3064531 10.96 0.12
2458498.3066267 11.15 0.14
2458498.3068003 10.97 0.12
2458498.3069739 11.12 0.14
2458498.3071475 11.14 0.14
2458498.3073211 10.83 0.11
2458498.3074948 11.07 0.13
2458498.3076684 11.18 0.15
2458498.3078420 10.93 0.12
2458498.3081892 11.04 0.13
2458498.3085364 11.00 0.12
2458498.3087100 11.06 0.13
2458498.3092309 10.80 0.11
2458498.3094045 10.91 0.11
2458498.3099253 11.08 0.13
2458498.3102725 11.09 0.14
2458498.3104461 11.03 0.13
2458498.3106197 10.92 0.12
2458498.3109670 11.00 0.13
2458498.3111406 11.03 0.13
2458498.3114878 10.89 0.11
2458498.3116614 11.15 0.14
2458498.3118350 10.92 0.12
2458498.3120086 11.09 0.14
2458498.3121822 11.05 0.13
2458498.3123559 11.19 0.15
2458498.3125295 11.03 0.13
2458498.3127031 10.97 0.12
2458498.3128767 10.82 0.11
2458498.3130503 11.08 0.14
2458498.3132239 10.76 0.10
2458498.3135711 10.96 0.12
2458498.3137448 11.12 0.14
2458498.3140920 11.02 0.13
2458498.3142656 11.16 0.15
2458498.3144392 11.00 0.13
2458498.3146128 11.14 0.14
2458498.3147864 11.11 0.14
2458498.3149600 11.12 0.14
2458498.3151336 11.02 0.13
2458498.3153073 11.07 0.13
2458498.3154809 10.92 0.12
2458498.3156558 11.09 0.14
2458498.3158292 11.06 0.13
2458498.3160027 10.96 0.12
2458498.3161761 11.07 0.13
2458498.3163496 10.89 0.12
2458498.3165230 10.94 0.12
2458498.3168699 11.11 0.14
2458498.3170434 11.25 0.16
2458498.3172170 11.20 0.15
2458498.3173906 11.06 0.14
2458498.3175642 11.25 0.16
2458498.3177378 10.98 0.12
2458498.3179114 11.00 0.13
2458498.3180850 11.09 0.14
2458500.2409785 10.87 0.15
2458500.2447989 10.96 0.15
2458500.2510480 11.11 0.17
2458500.2526105 11.01 0.16
2458500.2527841 11.04 0.16
2458500.2545202 10.86 0.14
2458500.2552147 10.90 0.14
2458500.2569515 10.95 0.15
2458500.2583397 11.11 0.17
2458500.2585133 10.99 0.15
2458500.2600758 11.01 0.16
2458500.2623327 11.00 0.15
2458500.2632008 11.07 0.16
2458500.2633744 10.92 0.14
2458500.2642424 10.89 0.13
2458500.2649369 11.01 0.15
2458500.2656313 10.88 0.13
2458500.2659785 10.86 0.13
2458500.2663258 10.96 0.14
2458500.2670202 10.96 0.14
2458500.2673674 10.90 0.13
2458500.2675410 10.72 0.11
2458500.2677147 10.79 0.12
2458500.2687573 11.04 0.15
2458500.2689307 11.16 0.17
2458500.2694511 10.85 0.13
2458500.2706661 11.03 0.15
2458500.2708397 10.86 0.13
2458500.2713605 10.72 0.11
2458500.2717077 10.98 0.14
2458500.2724022 10.71 0.11
2458500.2725758 10.92 0.14
2458500.2727494 10.94 0.14
2458500.2729230 10.86 0.13
2458500.2732702 11.07 0.16
2458500.2734438 11.05 0.15
2458500.2736174 11.12 0.16
2458500.2737910 11.00 0.15
2458500.2739647 11.12 0.16
2458500.2741383 10.95 0.14
2458500.2748327 10.90 0.13
2458500.2750063 10.78 0.12
2458500.2751799 10.95 0.14
2458500.2755272 10.76 0.12
2458500.2757008 10.88 0.13
2458500.2762216 10.88 0.13
2458500.2765688 10.90 0.13
2458500.2767424 10.91 0.13
2458500.2770897 10.82 0.12
2458500.2772633 10.99 0.15
2458500.2776105 10.75 0.12
2458500.2777841 10.91 0.14
2458500.2779577 10.67 0.11
2458500.2788258 10.87 0.13
2458500.2793466 10.73 0.12
2458500.2800410 10.95 0.14
2458500.2803896 10.85 0.13
2458500.2805631 10.97 0.14
2458500.2807365 10.91 0.14
2458500.2810834 10.92 0.14
2458500.2812568 10.91 0.14
2458500.2814303 10.92 0.14
2458500.2817772 10.94 0.14
2458500.2819508 10.85 0.13
2458500.2822980 10.86 0.13
2458500.2826452 10.94 0.14
2458500.2828188 10.94 0.14
2458500.2829924 10.83 0.12
2458500.2833397 10.97 0.14
2458500.2835133 10.84 0.12
2458500.2836869 10.78 0.12
2458500.2840341 11.01 0.15
2458500.2843813 11.10 0.16
2458500.2845549 10.97 0.14
2458500.2849022 10.92 0.14
2458500.2850758 10.91 0.13
2458500.2852494 10.98 0.14
2458500.2854230 10.91 0.13
2458500.2855966 10.79 0.12
2458500.2857702 11.02 0.15
2458500.2859438 10.92 0.13
2458500.2861174 10.96 0.14
2458500.2862911 10.84 0.13
2458500.2866383 10.86 0.13
2458500.2869855 10.93 0.14
2458500.2873327 11.12 0.17
2458500.2875063 10.96 0.14
2458500.2876799 10.84 0.13
2458500.2878535 10.86 0.13
2458500.2880272 10.78 0.12
2458500.2882008 10.91 0.14
2458500.2883744 11.04 0.15
2458500.2888952 10.94 0.14
2458500.2890688 10.90 0.13
2458500.2892424 11.04 0.15
2458500.2894160 10.93 0.13
2458500.2895897 10.79 0.12
2458500.2897633 10.93 0.14
2458500.2899369 11.04 0.15
2458500.2902841 10.95 0.14
2458500.2904577 11.00 0.14
2458500.2906313 10.97 0.14
2458500.2909785 11.00 0.14
2458500.2911522 11.07 0.15
2458500.2913258 11.06 0.15
2458500.2914994 10.97 0.14
2458500.2916730 10.99 0.14
2458500.2918466 10.79 0.11
2458500.2920202 10.98 0.14
2458500.2921938 11.02 0.14
2458500.2923688 10.95 0.13
2458500.2925423 10.98 0.14
2458500.2927157 10.93 0.13
2458500.2928892 11.02 0.14
2458500.2930626 10.94 0.13
2458500.2932360 10.92 0.13
2458500.2934095 10.76 0.11