2458493.2519739 10.49 0.08
2458493.2537100 10.30 0.07
2458493.2544055 10.45 0.08
2458493.2563142 10.37 0.07
2458493.2566614 10.40 0.08
2458493.2575295 10.37 0.07
2458493.2582239 10.38 0.07
2458493.2606545 10.26 0.07
2458493.2611753 10.31 0.07
2458493.2622170 10.28 0.07
2458493.2632586 10.37 0.07
2458493.2646475 10.45 0.08
2458493.2653420 10.34 0.07
2458493.2656892 10.29 0.07
2458493.2660378 10.37 0.07
2458493.2662112 10.37 0.07
2458493.2667316 10.31 0.07
2458493.2695086 10.28 0.07
2458493.2715920 10.27 0.07
2458493.2722864 10.28 0.07
2458493.2754114 10.28 0.07
2458493.2764531 10.25 0.07
2458493.2769739 10.25 0.07
2458493.2780169 10.25 0.07
2458493.2781904 10.36 0.07
2458493.2792310 10.27 0.07
2458493.2794045 10.20 0.06
2458493.2797517 10.30 0.07
2458493.2799253 10.26 0.07
2458493.2804461 10.32 0.07
2458493.2807934 10.29 0.07
2458493.2809670 10.23 0.07
2458493.2811406 10.28 0.07
2458493.2814878 10.36 0.07
2458493.2823559 10.21 0.06
2458493.2830503 10.33 0.07
2458493.2833975 10.20 0.06
2458493.2835711 10.18 0.06
2458493.2837447 10.36 0.07
2458493.2840920 10.30 0.07
2458493.2844392 10.31 0.07
2458493.2849600 10.37 0.07
2458493.2854809 10.34 0.07
2458493.2858281 10.19 0.06
2458493.2861753 10.32 0.07
2458493.2863489 10.33 0.07
2458493.2866961 10.24 0.07
2458493.2868698 10.24 0.07
2458493.2870434 10.35 0.07
2458493.2884323 10.27 0.07
2458493.2893003 10.35 0.07
2458493.2898211 10.15 0.06
2458493.2908633 10.20 0.06
2458493.2920781 10.39 0.07
2458493.2931197 10.26 0.07
2458493.2934670 10.29 0.07
2458493.2938142 10.32 0.07
2458493.2939878 10.37 0.07
2458493.2941614 10.20 0.06
2458493.2946823 10.20 0.06
2458493.2952031 10.27 0.07
2458493.2958975 10.36 0.07
2458493.2971128 10.13 0.06
2458493.2972864 10.25 0.07
2458493.2976336 10.22 0.07
2458493.2985017 10.31 0.07
2458493.2986753 10.24 0.07
2458493.2988489 10.36 0.07
2458493.2990225 10.29 0.07
2458493.2998906 10.23 0.07
2458493.3004114 10.22 0.07
2458493.3005850 10.22 0.07
2458493.3018931 10.24 0.07
2458493.3021591 10.23 0.07
2458493.3026799 10.24 0.07
2458493.3030272 10.30 0.07
2458493.3032008 10.29 0.07
2458493.3035480 10.20 0.06
2458493.3038952 10.24 0.07
2458493.3040688 10.32 0.07
2458493.3045897 10.29 0.07
2458493.3047633 10.28 0.07
2458493.3049369 10.28 0.07
2458493.3054577 10.29 0.07
2458493.3068466 10.27 0.07
2458493.3070202 10.32 0.07
2458493.3075410 10.32 0.07
2458493.3077147 10.34 0.07
2458493.3082355 10.28 0.07
2458493.3087563 10.21 0.06
2458493.3089299 10.26 0.07
2458493.3091036 10.28 0.07
2458493.3096244 10.23 0.06
2458493.3097980 10.28 0.07
2458493.3099716 10.25 0.07
2458493.3110133 10.35 0.07
2458493.3111869 10.26 0.07
2458493.3129236 10.23 0.06
2458493.3132705 10.33 0.07
2458493.3148327 10.32 0.07
2458493.3150063 10.32 0.07
2458493.3151799 10.30 0.07
2458493.3155272 10.42 0.08
2458493.3158744 10.32 0.07
2458493.3165688 10.40 0.08
2458493.3169161 10.29 0.07
2458493.3177841 10.26 0.07
2458493.3179577 10.28 0.07
2458493.3186522 10.20 0.06
2458493.3188258 10.29 0.07
2458493.3189994 10.24 0.06
2458493.3196938 10.38 0.07
2458493.3198674 10.25 0.06
2458493.3200411 10.36 0.07
2458493.3202147 10.37 0.07
2458493.3203883 10.30 0.07
2458493.3214299 10.36 0.07
2458493.3217772 10.24 0.06
2458493.3221244 10.24 0.06
2458493.3224716 10.31 0.07
2458493.3233397 10.20 0.06
2458493.3238605 10.37 0.07
2458493.3247293 10.38 0.07
2458493.3249028 10.27 0.07
2458493.3250762 10.31 0.07
2458493.3254231 10.33 0.07
2458493.3257702 10.39 0.07
2458493.3261174 10.37 0.07
2458493.3262911 10.35 0.07
2458493.3264647 10.27 0.07
2458493.3269855 10.34 0.07
2458493.3276799 10.50 0.08
2458493.3282008 10.41 0.08
2458493.3288952 10.36 0.07
2458493.3301105 10.29 0.07
2458493.3302841 10.26 0.07
2458493.3306313 10.34 0.07
2458493.3308049 10.23 0.06
2458493.3309785 10.27 0.07
2458493.3314994 10.29 0.07
2458493.3316730 10.39 0.07
2458493.3320202 10.26 0.07
2458493.3321938 10.30 0.07
2458493.3323674 10.30 0.07
2458493.3327147 10.27 0.07
2458493.3328883 10.30 0.07
2458493.3332355 10.26 0.07
2458493.3334091 10.15 0.06
2458493.3339299 10.31 0.07
2458493.3341036 10.27 0.07
2458493.3344508 10.34 0.07
2458493.3353188 10.31 0.07
2458493.3356661 10.25 0.07
2458493.3360133 10.36 0.07
2458493.3370554 10.21 0.06
2458493.3375758 10.29 0.07
2458493.3379230 10.33 0.07
2458493.3382702 10.27 0.07
2458493.3384438 10.28 0.07
2458493.3386174 10.25 0.07
2458493.3401799 10.22 0.06
2458493.3405272 10.25 0.07
2458493.3407008 10.27 0.07
2458493.3408744 10.33 0.07
2458493.3413952 10.31 0.07
2458493.3415688 10.36 0.07
2458493.3417424 10.32 0.07
2458493.3422633 10.30 0.07
2458493.3424369 10.28 0.07
2458493.3433049 10.29 0.07
2458493.3450410 10.41 0.08
2458493.3453883 10.34 0.07
2458493.3462563 10.22 0.06
2458493.3466035 10.35 0.07
2458493.3467772 10.26 0.07
2458493.3471244 10.25 0.07
2458493.3472980 10.41 0.08
2458493.3474716 10.39 0.07
2458493.3481673 10.23 0.06
2458493.3483408 10.23 0.07
2458493.3499022 10.37 0.07
2458493.3502494 10.33 0.07
2458493.3505966 10.38 0.07
2458493.3509438 10.28 0.07
2458493.3516383 10.49 0.08
2458493.3521591 10.38 0.07
2458493.3538952 10.18 0.06
2458493.3544160 10.23 0.06
2458493.3545897 10.44 0.08
2458493.3547633 10.35 0.07
2458493.3551105 10.23 0.06
2458493.3552841 10.34 0.07
2458493.3568466 10.40 0.07
2458493.3570202 10.31 0.07
2458493.3571938 10.30 0.07
2458493.3577147 10.25 0.07
2458493.3578883 10.21 0.06
2458493.3580619 10.32 0.07
2458493.3585827 10.30 0.07
2458493.3587563 10.24 0.07
2458493.3591036 10.32 0.07
2458493.3596244 10.36 0.07
2458493.3601465 10.39 0.07
2458493.3606668 10.43 0.08
2458493.3618813 10.30 0.07
2458493.3620549 10.41 0.08
2458493.3622285 10.25 0.07
2458493.3625758 10.34 0.07
2458493.3630966 10.38 0.07
2458493.3632702 10.37 0.07
2458493.3636174 10.30 0.07
2458493.3637911 10.38 0.07
2458493.3641383 10.23 0.06
2458493.3644855 10.40 0.08
2458493.3648327 10.35 0.07
2458493.3650063 10.28 0.07
2458493.3651799 10.26 0.07
2458493.3658744 10.34 0.07
2458493.3662216 10.24 0.06
2458493.3663952 10.30 0.07
2458493.3670897 10.27 0.07
2458493.3679577 10.31 0.07
2458493.3681313 10.26 0.07
2458493.3688258 10.32 0.07
2458493.3695202 10.20 0.06
2458493.3696938 10.27 0.07
2458493.3698674 10.26 0.07
2458493.3700410 10.36 0.07
2458493.3703883 10.38 0.07
2458493.3705619 10.22 0.07
2458493.3707355 10.14 0.06
2458493.3709091 10.38 0.08
2458493.3712563 10.38 0.08
2458493.3714299 10.29 0.07
2458493.3716036 10.30 0.07
2458493.3717772 10.33 0.07
2458493.3719508 10.28 0.07
2458493.3721257 10.28 0.07
2458493.3722991 10.36 0.07
2458493.3729928 10.22 0.06
2458493.3733397 10.20 0.06
2458493.3745549 10.31 0.07
2458493.3749022 10.17 0.06
2458493.3757702 10.38 0.08
2458493.3761174 10.31 0.07
2458493.3762910 10.23 0.06
2458493.3766383 10.26 0.07
2458493.3769855 10.36 0.07
2458493.3771591 10.32 0.07
2458493.3780272 10.34 0.07
2458493.3782008 10.25 0.07
2458493.3792424 10.23 0.07
2458493.3809786 10.32 0.07
2458493.3816730 10.32 0.07
2458493.3821938 10.30 0.07
2458493.3830619 10.31 0.07
2458493.3834091 10.35 0.07
2458493.3841048 10.37 0.08
2458493.3858397 10.27 0.07
2458493.3865341 10.29 0.07
2458493.3884438 10.21 0.07
2458493.3889647 10.28 0.07
2458493.3898327 10.41 0.08
2458493.3900063 10.24 0.07
2458493.3905272 10.22 0.07
2458493.3908744 10.25 0.07
2458493.3912216 10.23 0.07
2458493.3913952 10.22 0.07
2458493.3917424 10.19 0.07
2458493.3919160 10.45 0.08
2458493.3924369 10.39 0.08
2458493.3943466 10.39 0.08
2458493.3959105 10.29 0.07
2458493.3962574 10.30 0.07
2458493.3964308 10.32 0.08
2458493.3967777 10.32 0.07
2458493.3971246 10.26 0.07
2458493.3974716 10.41 0.08
2458493.3981661 10.29 0.07
2458493.3983397 10.26 0.07
2458493.3997285 10.17 0.07
2458493.3999022 10.23 0.07
2458493.4005966 10.33 0.08
2458493.4007702 10.35 0.08
2458493.4009438 10.32 0.07
2458493.4011174 10.23 0.07
2458493.4018119 10.37 0.08
2458493.4030272 10.29 0.07
2458493.4037216 10.29 0.07
2458493.4056313 10.35 0.08
2458493.4059786 10.22 0.07
2458493.4061522 10.29 0.07
2458493.4066730 10.34 0.08
2458493.4073674 10.29 0.08
2458493.4084099 10.25 0.07
2458493.4091037 10.34 0.08
2458493.4101452 10.25 0.07
2458493.4108397 10.37 0.08
2458493.4111869 10.27 0.07
2458493.4115341 10.29 0.08
2458493.4127494 10.36 0.08
2458493.4130966 10.28 0.07
2458493.4132702 10.29 0.08
2458493.4139647 10.40 0.09
2458493.4146591 10.33 0.08
2458493.4148327 10.31 0.08
2458493.4150063 10.22 0.07
2458493.4158744 10.35 0.08
2458494.3448211 10.20 0.13
2458494.3449948 10.17 0.12
2458494.3451684 10.22 0.12
2458494.3453420 10.13 0.10
2458494.3455156 10.28 0.11
2458494.3456892 10.22 0.10
2458494.3458628 10.31 0.10
2458494.3460364 10.19 0.09
2458494.3462100 10.28 0.10
2458494.3463836 10.37 0.11
2458494.3465573 10.44 0.12
2458494.3467309 10.28 0.10
2458494.3469045 10.10 0.08
2458494.3470781 10.25 0.10
2458494.3472517 10.41 0.11
2458494.3474253 10.24 0.10
2458494.3475989 10.26 0.10
2458494.3481197 10.31 0.10
2458494.3484670 10.15 0.09
2458494.3486406 10.26 0.10
2458494.3488142 10.22 0.09
2458494.3489878 10.19 0.09
2458494.3491614 10.24 0.10
2458494.3493350 10.16 0.09
2458494.3496822 10.20 0.09
2458494.3498559 10.29 0.10
2458494.3500295 10.28 0.10
2458494.3502031 10.33 0.11
2458494.3503767 10.21 0.09
2458494.3505503 10.26 0.10
2458494.3507239 10.25 0.10
2458494.3508975 10.19 0.09
2458494.3512447 10.41 0.12
2458494.3514184 10.28 0.10
2458494.3515920 10.22 0.10
2458494.3517656 10.33 0.11
2458494.3519392 10.32 0.11
2458494.3521128 10.23 0.10
2458494.3522864 10.30 0.10
2458494.3524600 10.28 0.10
2458494.3526336 10.18 0.09
2458494.3528073 10.21 0.10
2458494.3529809 10.28 0.10
2458494.3531545 10.18 0.09
2458494.3533281 10.31 0.11
2458494.3535031 10.23 0.10
2458494.3538500 10.31 0.11
2458494.3540234 10.13 0.10
2458494.3541969 10.24 0.11
2458494.3543703 10.22 0.11
2458494.3545438 10.28 0.11
2458494.3548906 10.42 0.13
2458494.3550642 10.23 0.11
2458494.3552378 10.06 0.09
2458494.3554114 10.21 0.11
2458494.3555850 10.25 0.12
2458494.3557586 10.40 0.14
2458494.3559322 10.22 0.12
2458494.3561059 10.31 0.13
2458494.3562795 10.33 0.13
2458494.3566267 10.14 0.11
2458494.3569739 10.39 0.14
2458494.3573211 10.34 0.14
2458494.3574947 10.23 0.13
2458494.3576684 10.18 0.12
2458494.3578420 10.33 0.14
2458494.3581892 10.35 0.15
2458494.3583628 10.33 0.14
2458494.3585364 10.13 0.12
2458494.3587100 10.38 0.15
2458494.3588836 10.27 0.13
2458494.3590572 10.31 0.14
2458494.3592309 10.32 0.14
2458494.3594045 10.27 0.13
2458494.3595781 10.28 0.13
2458494.3609670 10.21 0.14
2458494.3614878 10.25 0.15
2458494.3616614 10.28 0.15
2458494.3618350 10.22 0.15
2458494.3625295 9.95 0.12
2458494.3632239 10.16 0.15
2458494.3640920 10.04 0.14
2458495.1342424 10.32 0.12
2458495.1344161 10.12 0.10
2458495.1345897 10.40 0.13
2458495.1347646 10.46 0.13
2458495.1349380 10.17 0.10
2458495.1351115 10.29 0.11
2458495.1352849 10.29 0.11
2458495.1356318 10.20 0.10
2458495.1358052 10.50 0.14
2458495.1359787 10.20 0.10
2458495.1361522 10.29 0.11
2458495.1363258 10.26 0.11
2458495.1364994 10.20 0.10
2458495.1366730 10.15 0.10
2458495.1368466 10.33 0.12
2458495.1371938 10.14 0.10
2458495.1373674 10.43 0.13
2458495.1375410 10.30 0.11
2458495.1377147 10.19 0.10
2458495.1378883 10.35 0.12
2458495.1380619 10.29 0.11
2458495.1385827 10.16 0.10
2458495.1387563 10.35 0.12
2458495.1389299 10.35 0.12
2458495.1391035 10.35 0.12
2458495.1392772 10.18 0.10
2458495.1394508 10.17 0.10
2458495.1396244 10.36 0.12
2458495.1397980 10.26 0.11
2458495.1399716 10.45 0.13
2458495.1401452 10.15 0.10
2458495.1403188 10.21 0.10
2458495.1404924 10.24 0.10
2458495.1408397 10.17 0.10
2458495.1410133 10.22 0.10
2458495.1411869 10.38 0.12
2458495.1413605 10.42 0.13
2458495.1417077 10.48 0.13
2458495.1420549 10.21 0.10
2458495.1424022 10.17 0.10
2458495.1425758 10.21 0.10
2458495.1427494 10.38 0.12
2458495.1430966 10.49 0.13
2458495.1434438 10.25 0.11
2458495.1436174 10.21 0.10
2458495.1437911 10.48 0.13
2458495.1439647 10.20 0.10
2458495.1441383 10.29 0.11
2458495.1443119 10.28 0.11
2458495.1444855 10.47 0.13
2458495.1446591 10.25 0.11
2458495.1448327 10.24 0.10
2458495.1450063 10.17 0.10
2458495.1453535 10.18 0.10
2458495.1455272 10.19 0.10
2458495.1457008 10.13 0.09
2458495.1458744 10.32 0.11
2458495.1460480 10.19 0.10
2458495.1462216 10.08 0.09
2458495.1463952 10.36 0.12
2458495.1465688 10.31 0.11
2458495.1467438 10.25 0.11
2458495.1469172 10.21 0.10
2458495.1470907 10.24 0.10
2458495.1472641 10.36 0.12
2458495.1474375 10.13 0.09
2458495.1476110 10.27 0.11
2458495.1477844 10.34 0.11
2458495.1479579 10.45 0.13
2458495.1481313 10.30 0.11
2458495.1483049 10.45 0.13
2458495.1484786 10.35 0.12
2458495.1486522 10.33 0.11
2458495.1488258 10.30 0.11
2458495.1489994 10.33 0.11
2458495.1491730 10.27 0.11
2458495.1493466 10.53 0.14
2458495.1495202 10.26 0.11
2458495.1496938 10.26 0.11
2458495.1498674 10.28 0.11
2458495.1500411 10.13 0.09
2458495.1502147 10.25 0.11
2458495.1503883 10.21 0.10
2458495.1505619 10.21 0.10
2458495.1507355 10.30 0.11
2458495.1510827 10.41 0.12
2458495.1514299 10.21 0.10
2458495.1516036 10.18 0.10
2458495.1517772 10.29 0.11
2458495.1519508 10.32 0.11
2458495.1522980 10.40 0.12
2458495.1524716 10.37 0.12
2458495.1526452 10.32 0.11
2458495.1529924 10.28 0.11
2458495.1531660 10.18 0.10
2458495.1533397 10.39 0.12
2458495.1535133 10.14 0.09
2458495.1536869 10.34 0.11
2458495.1538605 10.26 0.11
2458495.1540341 10.19 0.10
2458495.1542077 10.10 0.09
2458495.1543813 10.40 0.12
2458495.1545549 10.24 0.10
2458495.1547285 10.17 0.10
2458495.1549022 10.28 0.11
2458495.1550758 10.24 0.10
2458495.1552494 10.48 0.13
2458495.1555966 10.20 0.10
2458495.1557702 10.21 0.10
2458495.1559438 10.33 0.11
2458495.1561174 10.15 0.09
2458495.1562911 10.22 0.10
2458495.1564647 10.18 0.10
2458495.1566383 10.12 0.09
2458495.1569855 10.52 0.13
2458495.1571591 10.26 0.10
2458495.1573327 10.32 0.11
2458495.1575063 10.32 0.11
2458495.1576799 10.19 0.10
2458495.1578536 10.23 0.10
2458495.1582008 10.29 0.11
2458495.1583744 10.27 0.10
2458495.1585480 10.17 0.10
2458495.1587230 10.29 0.11
2458495.1588964 10.20 0.10
2458495.1590699 10.27 0.10
2458495.1592433 10.47 0.12
2458495.1594167 10.24 0.10
2458495.1595902 10.27 0.10
2458495.1597636 10.14 0.09
2458495.1599371 10.27 0.10
2458495.1601105 10.24 0.10
2458495.1602841 10.23 0.10
2458495.1606313 10.30 0.11
2458495.1608049 10.21 0.10
2458495.1609785 10.26 0.10
2458495.1611522 10.21 0.10
2458495.1613258 10.08 0.09
2458495.1614994 10.35 0.11
2458495.1616730 10.23 0.10
2458495.1618466 10.25 0.10
2458495.1620202 10.14 0.09
2458495.1621938 10.30 0.11
2458495.1623674 10.29 0.11
2458495.1625410 10.30 0.11
2458495.1627147 10.41 0.12
2458495.1628883 10.23 0.10
2458495.1630619 10.12 0.09
2458495.1632355 10.37 0.12
2458495.1634091 10.30 0.11
2458495.1635827 10.36 0.11
2458495.1637563 10.24 0.10
2458495.1639299 10.26 0.10
2458495.1641036 10.14 0.09
2458495.1642772 10.22 0.10
2458495.1644508 10.48 0.13
2458495.1646244 10.35 0.11
2458495.1647980 10.21 0.10
2458495.1649716 10.38 0.11
2458495.1651452 10.40 0.12
2458495.1653188 10.17 0.09
2458495.1654924 10.25 0.10
2458495.1656660 10.31 0.11
2458495.1658397 10.28 0.11
2458495.1660133 10.09 0.09
2458495.1661869 10.28 0.10
2458495.1663605 10.26 0.10
2458495.1665341 10.30 0.11
2458495.1667077 10.23 0.10
2458495.1668813 10.17 0.09
2458495.1670549 10.31 0.11
2458495.1672285 10.25 0.10
2458495.1674022 10.36 0.11
2458495.1675758 10.29 0.10
2458495.1677494 10.26 0.10
2458495.1680966 10.50 0.13
2458495.1682702 10.22 0.10
2458495.1684438 10.28 0.10
2458495.1686174 10.36 0.11
2458495.1687910 10.23 0.10
2458495.1689647 10.34 0.11
2458495.1691383 10.33 0.11
2458495.1693119 10.38 0.11
2458495.1694855 10.31 0.11
2458495.1696591 10.27 0.10
2458495.1698327 10.37 0.11
2458495.1700063 10.22 0.10
2458495.1701799 10.41 0.12
2458495.1703535 10.31 0.11
2458495.1705272 10.25 0.10
2458495.1707022 10.38 0.11
2458495.1710491 10.27 0.10
2458495.1712225 10.32 0.11
2458495.1713960 10.25 0.10
2458495.1715694 10.20 0.10
2458495.1717428 10.22 0.10
2458495.1719163 10.27 0.10
2458495.1720897 10.32 0.11
2458495.1722633 10.38 0.11
2458495.1724369 10.35 0.11
2458495.1727841 10.20 0.09
2458495.1729577 10.26 0.10
2458495.1733049 10.26 0.10
2458495.1734786 10.36 0.11
2458495.1736522 10.21 0.10
2458495.1738258 10.41 0.11
2458495.1739994 10.26 0.10
2458495.1741730 10.36 0.11
2458495.1743466 10.25 0.10
2458495.1745202 10.23 0.10
2458495.1746938 10.28 0.10
2458495.1750411 10.29 0.10
2458495.1752147 10.15 0.09
2458495.1753883 10.28 0.10
2458495.1757355 10.36 0.11
2458495.1759091 10.36 0.11
2458495.1760827 10.31 0.10
2458495.1762563 10.43 0.12
2458495.1764299 10.40 0.11
2458495.1766035 10.37 0.11
2458495.1767772 10.47 0.12
2458495.1769508 10.16 0.09
2458495.1771244 10.31 0.10
2458495.1772980 10.26 0.10
2458495.1774716 10.40 0.11
2458495.1776452 10.52 0.13
2458495.1778188 10.10 0.09
2458495.1779924 10.18 0.09
2458495.1781660 10.28 0.10
2458495.1783397 10.39 0.11
2458495.1785133 10.32 0.11
2458495.1786869 10.30 0.10
2458495.1788605 10.14 0.09
2458495.1790341 10.32 0.11
2458495.1792077 10.40 0.11
2458495.1793813 10.28 0.10
2458495.1795549 10.20 0.10
2458495.1797286 10.36 0.11
2458495.1799022 10.34 0.11
2458495.1800758 10.30 0.10
2458495.1802494 10.39 0.11
2458495.1804230 10.28 0.10
2458495.1805966 10.22 0.10
2458495.1807702 10.28 0.10
2458495.1809438 10.20 0.09
2458495.1811174 10.19 0.09
2458495.1812911 10.09 0.08
2458495.1814647 10.32 0.10
2458495.1816383 10.41 0.11
2458495.1818119 10.26 0.10
2458495.1819855 10.34 0.11
2458495.1821591 10.22 0.10
2458495.1825063 10.19 0.09
2458495.1826799 10.36 0.11
2458495.1828548 10.37 0.11
2458495.1830283 10.32 0.10
2458495.1832017 10.25 0.10
2458495.1833752 10.19 0.09
2458495.1835486 10.22 0.09
2458495.1837221 10.35 0.11
2458495.1838955 10.40 0.11
2458495.1840689 10.35 0.11
2458495.1842424 10.32 0.10
2458495.1844160 10.44 0.12
2458495.1847633 10.24 0.10
2458495.1851105 10.13 0.09
2458495.1852841 10.32 0.10
2458495.1854577 10.38 0.11
2458495.1856313 10.32 0.10
2458495.1859785 10.09 0.08
2458495.1861522 10.24 0.10
2458495.1863258 10.30 0.10
2458495.1864994 10.30 0.10
2458495.1866730 10.11 0.08
2458495.1868466 10.30 0.10
2458495.1870202 10.26 0.10
2458495.1873674 10.21 0.09
2458495.1875411 10.36 0.11
2458495.1877147 10.17 0.09
2458495.1878883 10.34 0.10
2458495.1880619 10.38 0.11
2458495.1882355 10.41 0.11
2458495.1884091 10.49 0.12
2458495.1885827 10.29 0.10
2458495.1889299 10.25 0.10
2458495.1891036 10.27 0.10
2458495.1894508 10.21 0.09
2458495.1896244 10.40 0.11
2458495.1899716 10.31 0.10
2458495.1901452 10.28 0.10
2458495.1904924 10.21 0.09
2458495.1908397 10.35 0.10
2458495.1910133 10.43 0.11
2458495.1911869 10.51 0.12
2458495.1913605 10.28 0.10
2458495.1915341 10.31 0.10
2458495.1917077 10.33 0.10
2458495.1920549 10.24 0.09
2458495.1924022 10.49 0.12
2458495.1925758 10.51 0.12
2458495.1927494 10.17 0.09
2458495.1929230 10.17 0.09
2458495.1930966 10.36 0.10
2458495.1934438 10.23 0.09
2458495.1936174 10.31 0.10
2458495.1937910 10.37 0.11
2458495.1939647 10.29 0.10
2458495.1943119 10.30 0.10
2458495.1944855 10.36 0.10
2458495.1946591 10.39 0.11
2458495.1948340 10.31 0.10
2458495.1950075 10.34 0.10
2458495.1953544 10.36 0.10
2458495.1955278 10.26 0.09
2458495.1958747 10.37 0.10
2458495.1962216 10.30 0.10
2458495.1963952 10.32 0.10
2458495.1967424 10.25 0.10
2458495.1969161 10.33 0.10
2458495.1970897 10.28 0.10
2458495.1972633 10.27 0.10
2458495.1974369 10.32 0.10
2458495.1976105 10.31 0.10
2458495.1983049 10.29 0.10
2458495.1984786 10.38 0.11
2458495.1986522 10.19 0.09
2458495.1989994 10.32 0.10
2458495.1991730 10.48 0.12
2458495.1993466 10.34 0.10
2458495.1995202 10.41 0.11
2458495.2002147 10.20 0.09
2458495.2003883 10.25 0.09
2458495.2009091 10.32 0.10
2458495.2010827 10.42 0.11
2458495.2014299 10.31 0.10
2458495.2017772 10.27 0.10
2458495.2022980 10.19 0.09
2458495.2026452 10.21 0.09
2458495.2028188 10.29 0.10
2458495.2029924 10.53 0.12
2458495.2038605 10.35 0.10
2458495.2040341 10.19 0.09
2458495.2042077 10.20 0.09
2458495.2043813 10.49 0.12
2458495.2047286 10.34 0.10
2458495.2049022 10.31 0.10
2458495.2050758 10.27 0.10
2458495.2052494 10.35 0.10
2458495.2055966 10.35 0.10
2458495.2059438 10.18 0.09
2458495.2061174 10.39 0.11
2458495.2062911 10.25 0.09
2458495.2068132 10.30 0.10
2458495.2071601 10.37 0.11
2458495.2075070 10.43 0.11
2458495.2082008 10.38 0.11
2458495.2085480 10.25 0.10
2458495.2087216 10.33 0.10
2458495.2088952 10.30 0.10
2458495.2090688 10.34 0.10
2458495.2092424 10.24 0.09
2458495.2094160 10.34 0.10
2458495.2095897 10.37 0.11
2458495.2099369 10.30 0.10
2458495.2101105 10.26 0.09
2458495.2102841 10.25 0.09
2458495.2104577 10.34 0.10
2458495.2106313 10.31 0.10
2458495.2109786 10.35 0.10
2458495.2111522 10.35 0.10
2458495.2114994 10.33 0.10
2458495.2118466 10.21 0.09
2458495.2120202 10.27 0.10
2458495.2123674 10.30 0.10
2458495.2127147 10.35 0.10
2458495.2128883 10.39 0.11
2458495.2130619 10.33 0.10
2458495.2132355 10.19 0.09
2458495.2135827 10.27 0.10
2458495.2137563 10.20 0.09
2458495.2139299 10.16 0.09
2458495.2141036 10.24 0.09
2458495.2144508 10.29 0.10
2458495.2146244 10.29 0.10
2458495.2153188 10.24 0.09
2458495.2156660 10.15 0.08
2458495.2158397 10.48 0.11
2458495.2163605 10.37 0.10
2458495.2167077 10.16 0.09
2458495.2168813 10.31 0.10
2458495.2170549 10.47 0.11
2458495.2174022 10.12 0.08
2458495.2175758 10.30 0.10
2458495.2177494 10.20 0.09
2458495.2180966 10.35 0.10
2458495.2186174 10.17 0.08
2458495.2187924 10.14 0.08
2458495.2189658 10.26 0.09
2458495.2193127 10.17 0.09
2458495.2194862 10.12 0.08
2458495.2196596 10.30 0.10
2458495.2198331 10.20 0.09
2458495.2201799 10.35 0.10
2458495.2203536 10.48 0.12
2458495.2210480 10.22 0.09
2458495.2215688 10.30 0.10
2458495.2220897 10.16 0.08
2458495.2224369 10.24 0.09
2458495.2226105 10.29 0.10
2458495.2227841 10.43 0.11
2458495.2231313 10.20 0.09
2458495.2233049 10.19 0.09
2458495.2238258 10.24 0.09
2458495.2239994 10.20 0.09
2458495.2243466 10.34 0.10
2458495.2245202 10.34 0.10
2458495.2248674 10.36 0.10
2458495.2255619 10.37 0.10
2458495.2257355 10.26 0.09
2458495.2259091 10.32 0.10
2458495.2262563 10.30 0.10
2458495.2264299 10.22 0.09
2458495.2266036 10.28 0.09
2458495.2269508 10.19 0.09
2458495.2272980 10.19 0.09
2458495.2274716 10.12 0.08
2458495.2276452 10.22 0.09
2458495.2278188 10.16 0.08
2458495.2279924 10.31 0.10
2458495.2281661 10.15 0.08
2458495.2283397 10.30 0.10
2458495.2285133 10.33 0.10
2458495.2286869 10.11 0.08
2458495.2288605 10.35 0.10
2458495.2290341 10.28 0.09
2458495.2292077 10.16 0.08
2458495.2293813 10.33 0.10
2458495.2295549 10.28 0.09
2458495.2297286 10.22 0.09
2458495.2299022 10.28 0.09
2458495.2300758 10.34 0.10
2458495.2302494 10.31 0.10
2458495.2304230 10.27 0.09
2458495.2305966 10.33 0.10
2458495.2307716 10.29 0.09
2458495.2309450 10.31 0.10
2458495.2311185 10.32 0.10
2458495.2314654 10.22 0.09
2458495.2316388 10.29 0.09
2458495.2318122 10.30 0.09
2458495.2319857 10.28 0.09
2458495.2321591 10.27 0.09
2458495.2323327 10.24 0.09
2458495.2325063 10.32 0.10
2458495.2326799 10.21 0.09
2458495.2328535 10.31 0.10
2458495.2330272 10.32 0.10
2458495.2332008 10.28 0.09
2458495.2333744 10.39 0.10
2458495.2335480 10.27 0.09
2458495.2337216 10.25 0.09
2458495.2338952 10.27 0.09
2458495.2340688 10.18 0.08
2458495.2344161 10.13 0.08
2458495.2345897 10.36 0.10
2458495.2347633 10.20 0.08
2458495.2349369 10.38 0.10
2458495.2351105 10.31 0.10
2458495.2352841 10.21 0.09
2458495.2358049 10.19 0.09
2458495.2359785 10.19 0.09
2458495.2364994 10.32 0.10
2458495.2368466 10.14 0.08
2458495.2370202 10.24 0.09
2458495.2373674 10.12 0.08
2458495.2377147 10.25 0.09
2458495.2378883 10.28 0.09
2458495.2380619 10.17 0.08
2458495.2382355 10.31 0.09
2458495.2384091 10.23 0.09
2458495.2385827 10.35 0.10
2458495.2394508 10.28 0.09
2458495.2397980 10.18 0.08
2458495.2399716 10.09 0.08
2458495.2404924 10.17 0.08
2458495.2408397 10.25 0.09
2458495.2410133 10.27 0.09
2458495.2411869 10.17 0.08
2458495.2413605 10.21 0.09
2458495.2415341 10.36 0.10
2458495.2417077 10.24 0.09
2458495.2418813 10.16 0.08
2458495.2420549 10.34 0.10
2458495.2424022 10.20 0.08
2458495.2425758 10.18 0.08
2458495.2427508 10.26 0.09
2458495.2429242 10.23 0.09
2458495.2430977 10.28 0.09
2458495.2432711 10.19 0.08
2458495.2437914 10.26 0.09
2458495.2439649 10.26 0.09
2458495.2441383 10.06 0.07
2458495.2443119 10.26 0.09
2458495.2444855 10.22 0.09
2458495.2446591 10.34 0.10
2458495.2448327 10.19 0.08
2458495.2453536 10.16 0.08
2458495.2455272 10.19 0.09
2458495.2457008 10.33 0.10
2458495.2460480 10.31 0.09
2458495.2462216 10.27 0.09
2458495.2463952 10.14 0.08
2458495.2467424 10.22 0.09
2458495.2469160 10.24 0.09
2458495.2472633 10.30 0.09
2458495.2474369 10.36 0.10
2458495.2476105 10.31 0.09
2458495.2477841 10.19 0.08
2458495.2483049 10.33 0.09
2458495.2484785 10.15 0.08
2458495.2486522 10.27 0.09
2458495.2488258 10.24 0.09
2458495.2489994 10.28 0.09
2458495.2491730 10.23 0.09
2458495.2493466 10.34 0.10
2458495.2495202 10.16 0.08
2458495.2496938 10.21 0.08
2458495.2498674 10.08 0.08
2458495.2500411 10.24 0.09
2458495.2502147 10.32 0.10
2458495.2503883 10.26 0.09
2458495.2505619 10.20 0.08
2458495.2509091 10.29 0.09
2458495.2510827 10.22 0.09
2458495.2512563 10.10 0.08
2458495.2514299 10.30 0.09
2458495.2517772 10.34 0.10
2458495.2519508 10.12 0.08
2458495.2521244 10.15 0.08
2458495.2522980 10.38 0.10
2458495.2524716 10.27 0.09
2458495.2526452 10.24 0.09
2458495.2528188 10.21 0.09
2458495.2529924 10.27 0.09
2458495.2531661 10.24 0.09
2458495.2533397 10.23 0.09
2458495.2535133 10.20 0.08
2458495.2536869 10.18 0.08
2458495.2538605 10.22 0.09
2458495.2540341 10.37 0.10
2458495.2542077 10.33 0.10
2458495.2543813 10.28 0.09
2458495.2545549 10.35 0.10
2458495.2547300 10.41 0.10
2458495.2549034 10.31 0.09
2458495.2550769 10.27 0.09
2458495.2552503 10.33 0.09
2458495.2554238 10.21 0.09
2458495.2555972 10.14 0.08
2458495.2557706 10.31 0.09
2458495.2559441 10.29 0.09
2458495.2561175 10.20 0.08
2458495.2562910 10.30 0.09
2458495.2564647 10.41 0.10
2458495.2566383 10.25 0.09
2458495.2568119 10.22 0.08
2458495.2569855 10.22 0.08
2458495.2571591 10.30 0.09
2458495.2573327 10.08 0.07
2458495.2575063 10.25 0.09
2458495.2576799 10.23 0.08
2458495.2578536 10.27 0.09
2458495.2580272 10.27 0.09
2458495.2582008 10.19 0.08
2458495.2583744 10.26 0.09
2458495.2587216 10.25 0.09
2458495.2588952 10.32 0.09
2458495.2590688 10.23 0.08
2458495.2592424 10.31 0.09
2458495.2594161 10.24 0.09
2458495.2595897 10.30 0.09
2458495.2597633 10.38 0.10
2458495.2599369 10.35 0.09
2458495.2601105 10.31 0.09
2458495.2602841 10.18 0.08
2458495.2604577 10.35 0.09
2458495.2606313 10.24 0.09
2458495.2608049 10.18 0.08
2458495.2609786 10.26 0.09
2458495.2611522 10.35 0.10
2458495.2613258 10.31 0.09
2458495.2614994 10.18 0.08
2458495.2616730 10.18 0.08
2458495.2618466 10.24 0.09
2458495.2620202 10.24 0.09
2458495.2621938 10.25 0.09
2458495.2623674 10.16 0.08
2458495.2628883 10.27 0.09
2458495.2630619 10.37 0.10
2458495.2632355 10.36 0.10
2458495.2635827 10.23 0.09
2458495.2639299 10.24 0.09
2458495.2641035 10.31 0.09
2458495.2644508 10.24 0.09
2458495.2646244 10.40 0.10
2458495.2647980 10.21 0.08
2458495.2649716 10.27 0.09
2458495.2651452 10.25 0.09
2458495.2653188 10.40 0.10
2458495.2654924 10.27 0.09
2458495.2656661 10.28 0.09
2458495.2658397 10.24 0.09
2458495.2660133 10.26 0.09
2458495.2661869 10.37 0.10
2458495.2663605 10.29 0.09
2458495.2665341 10.15 0.08
2458495.2667077 10.24 0.09
2458495.2668826 10.24 0.09
2458495.2670561 10.30 0.09
2458495.2672295 10.20 0.08
2458495.2675764 10.27 0.09
2458495.2677498 10.26 0.09
2458495.2679233 10.27 0.09
2458495.2680967 10.26 0.09
2458495.2682702 10.30 0.09
2458495.2684438 10.16 0.08
2458495.2686174 10.14 0.08
2458495.2687911 10.23 0.08
2458495.2689647 10.30 0.09
2458495.2691383 10.43 0.10
2458495.2693119 10.14 0.08
2458495.2694855 10.34 0.09
2458495.2696591 10.31 0.09
2458495.2698327 10.23 0.09
2458495.2700063 10.29 0.09
2458495.2701799 10.48 0.11
2458495.2703535 10.32 0.09
2458495.2705272 10.10 0.08
2458495.2707008 10.42 0.10
2458495.2708744 10.22 0.08
2458495.2710480 10.27 0.09
2458495.2712216 10.31 0.09
2458495.2713952 10.35 0.09
2458495.2715688 10.38 0.10
2458495.2719160 10.28 0.09
2458495.2720897 10.28 0.09
2458495.2722633 10.35 0.09
2458495.2743466 10.27 0.09
2458495.2746938 10.24 0.09
2458495.2748674 10.42 0.10
2458495.2752147 10.26 0.09
2458495.2753883 10.33 0.09
2458495.2755619 10.19 0.08
2458495.2757355 10.26 0.09
2458495.2759091 10.28 0.09
2458495.2760827 10.38 0.10