2458467.3668514 9.90 0.05
2458467.3670250 9.81 0.05
2458467.3673723 9.92 0.05
2458467.3675459 9.84 0.05
2458467.3678931 9.85 0.05
2458467.3680667 9.91 0.05
2458467.3682403 9.84 0.05
2458467.3684139 9.92 0.05
2458467.3687611 9.87 0.05
2458467.3689347 9.93 0.05
2458467.3691084 9.86 0.05
2458467.3692820 9.89 0.05
2458467.3694556 9.88 0.05
2458467.3696292 9.87 0.05
2458467.3698028 9.91 0.05
2458467.3699764 9.89 0.05
2458467.3701500 9.98 0.06
2458467.3703236 9.90 0.05
2458467.3704972 9.89 0.05
2458467.3706709 9.86 0.05
2458467.3708445 9.91 0.05
2458467.3710181 9.91 0.05
2458467.3711917 9.76 0.05
2458467.3713653 9.92 0.05
2458467.3715389 9.82 0.05
2458467.3717125 9.86 0.05
2458467.3718861 9.82 0.05
2458467.3720598 9.92 0.05
2458467.3722334 9.90 0.05
2458467.3724070 9.95 0.06
2458467.3727542 9.91 0.05
2458467.3734486 9.90 0.05
2458467.3739695 9.97 0.06
2458467.3741431 9.89 0.05
2458467.3743167 9.84 0.05
2458467.3746639 9.84 0.05
2458467.3748375 9.85 0.05
2458467.3753584 9.82 0.05
2458467.3755332 9.85 0.05
2458467.3757067 9.84 0.05
2458467.3758801 9.87 0.05
2458467.3760536 9.81 0.05
2458467.3762270 9.95 0.06
2458467.3764005 9.90 0.05
2458467.3765739 9.93 0.05
2458467.3767473 9.87 0.05
2458467.3769209 9.85 0.05
2458467.3770945 9.83 0.05
2458467.3772681 9.89 0.05
2458467.3774417 9.92 0.05
2458467.3776153 9.98 0.06
2458467.3777889 9.95 0.06
2458467.3779625 9.85 0.05
2458467.3781361 9.80 0.05
2458467.3783097 9.84 0.05
2458467.3784834 9.97 0.06
2458467.3786570 9.90 0.05
2458467.3788306 9.88 0.05
2458467.3791778 9.87 0.05
2458467.3793514 9.93 0.06
2458467.3798723 9.89 0.05
2458467.3800459 9.93 0.06
2458467.3802195 9.89 0.05
2458467.3803931 9.96 0.06
2458467.3809139 10.02 0.06
2458467.3810875 9.83 0.05
2458467.3821292 9.99 0.06
2458467.3824764 9.96 0.06
2458467.3829973 9.86 0.05
2458467.3836917 9.83 0.05
2458467.3838653 9.91 0.05
2458467.3849070 9.79 0.05
2458467.3852542 9.88 0.05
2458467.3854278 9.84 0.05
2458467.3856014 9.88 0.05
2458467.3857750 9.94 0.06
2458467.3861222 9.88 0.05
2458467.3862959 9.85 0.05
2458467.3864695 9.90 0.05
2458467.3866431 9.94 0.06
2458467.3868167 9.93 0.06
2458467.3869903 9.87 0.05
2458467.3871639 9.84 0.05
2458467.3873389 9.85 0.05
2458467.3875123 9.85 0.05
2458467.3876858 9.92 0.05
2458467.3878592 9.88 0.05
2458467.3880327 9.91 0.06
2458467.3882061 9.92 0.06
2458467.3883795 9.95 0.06
2458467.3885530 9.88 0.05
2458467.3887264 9.87 0.05
2458467.3889000 9.87 0.05
2458467.3892473 9.86 0.05
2458467.3894209 9.83 0.05
2458467.3897681 9.87 0.05
2458467.3899417 9.79 0.05
2458467.3901153 9.85 0.05
2458467.3904625 9.94 0.06
2458467.3909834 9.88 0.05
2458467.3915042 9.84 0.05
2458467.3916778 9.83 0.05
2458467.3920250 9.77 0.05
2458467.3921986 9.99 0.06
2458467.3923722 9.92 0.06
2458467.3925459 9.91 0.05
2458467.3927195 9.85 0.05
2458467.3928931 9.95 0.06
2458467.3930667 9.76 0.05
2458467.3932403 9.92 0.06
2458467.3934139 9.90 0.05
2458467.3935875 9.90 0.05
2458467.3937611 9.92 0.06
2458467.3939347 9.93 0.06
2458467.3941084 9.79 0.05
2458467.3942820 9.92 0.06
2458467.3944556 9.92 0.06
2458467.3946292 9.88 0.05
2458467.3948028 9.83 0.05
2458467.3949764 9.88 0.05
2458467.3951500 9.85 0.05
2458467.3953236 9.90 0.05
2458467.3954973 9.88 0.05
2458467.3956709 9.76 0.05
2458467.3958445 9.83 0.05
2458467.3960181 9.83 0.05
2458467.3963653 9.82 0.05
2458467.3968861 9.83 0.05
2458467.3972334 9.91 0.06
2458467.3977542 9.90 0.06
2458467.3982750 9.93 0.06
2458467.3984486 9.90 0.05
2458467.3986223 9.80 0.05
2458467.3987959 9.84 0.05
2458467.3989695 9.92 0.06
2458467.3991431 9.95 0.06
2458467.3993180 9.91 0.06
2458467.3994914 9.91 0.06
2458467.3996649 9.92 0.06
2458467.3998383 9.91 0.06
2458467.4000118 9.88 0.05
2458467.4001852 9.95 0.06
2458467.4003586 9.94 0.06
2458467.4005321 9.91 0.06
2458467.4007056 9.94 0.06
2458467.4008792 9.91 0.05
2458467.4010528 9.86 0.05
2458467.4012264 9.91 0.06
2458467.4014000 9.91 0.06
2458467.4017472 9.88 0.05
2458467.4019209 10.03 0.06
2458467.4029625 9.81 0.05
2458467.4031361 9.83 0.05
2458467.4033098 9.93 0.06
2458467.4034834 9.97 0.06
2458467.4036570 9.88 0.05
2458467.4038306 9.86 0.05
2458467.4043514 9.98 0.06
2458467.4048723 9.77 0.05
2458467.4053931 9.84 0.05
2458467.4064348 9.82 0.05
2458467.4066084 9.90 0.06
2458467.4067820 9.86 0.05
2458467.4069556 9.92 0.06
2458467.4095597 9.88 0.05
2458467.4097334 9.92 0.06
2458467.4100806 9.80 0.05
2458467.4102542 9.86 0.05
2458467.4104278 9.86 0.05
2458467.4107750 9.89 0.05
2458467.4109486 9.94 0.06
2458467.4111236 9.83 0.05
2458467.4112971 9.86 0.05
2458467.4114705 9.88 0.05
2458467.4118174 9.89 0.05
2458467.4119908 9.93 0.06
2458467.4126848 9.76 0.05
2458467.4132056 9.84 0.05
2458467.4137264 9.95 0.06
2458467.4142473 9.88 0.05
2458467.4152889 9.79 0.05
2458467.4154625 9.83 0.05
2458467.4158097 9.90 0.06
2458467.4159834 9.84 0.05
2458467.4161570 9.94 0.06
2458467.4163306 9.82 0.05
2458467.4165042 9.85 0.05
2458467.4166778 9.83 0.05
2458467.4168514 9.85 0.05
2458467.4170250 9.79 0.05
2458467.4171986 9.93 0.06
2458467.4173722 9.92 0.06
2458467.4175459 9.94 0.06
2458467.4177195 9.86 0.05
2458467.4178931 9.90 0.06
2458467.4180667 9.89 0.06
2458467.4182403 9.83 0.05
2458467.4184139 9.89 0.06
2458467.4185875 9.94 0.06
2458467.4187611 9.83 0.05
2458467.4192820 9.88 0.06
2458467.4206709 9.91 0.06
2458469.3667865 9.90 0.04
2458469.3670135 9.94 0.04
2458469.3671871 9.86 0.04
2458469.3673607 9.94 0.04
2458469.3675343 9.96 0.04
2458469.3677079 9.89 0.04
2458469.3678815 9.90 0.04
2458469.3680551 9.86 0.04
2458469.3682287 9.89 0.04
2458469.3684023 9.99 0.04
2458469.3685760 9.89 0.04
2458469.3687496 9.96 0.04
2458469.3689232 9.84 0.04
2458469.3690968 9.93 0.04
2458469.3692704 9.94 0.04
2458469.3694440 9.89 0.04
2458469.3696176 9.86 0.04
2458469.3697912 9.95 0.04
2458469.3699648 9.96 0.04
2458469.3701384 9.92 0.04
2458469.3703121 9.95 0.04
2458469.3704857 9.90 0.04
2458469.3706593 9.91 0.04
2458469.3708329 9.96 0.04
2458469.3710065 9.93 0.04
2458469.3711801 9.84 0.04
2458469.3713537 9.89 0.04
2458469.3717009 9.86 0.04
2458469.3723954 9.86 0.04
2458469.3725690 9.98 0.04
2458469.3727426 9.89 0.04
2458469.3729162 9.87 0.04
2458469.3730898 9.89 0.04
2458469.3732635 9.93 0.04
2458469.3734371 10.00 0.04
2458469.3736107 9.94 0.04
2458469.3737843 9.93 0.04
2458469.3739579 9.94 0.04
2458469.3741315 9.97 0.04
2458469.3743051 9.86 0.04
2458469.3744787 9.93 0.04
2458469.3746524 9.98 0.04
2458469.3748260 9.95 0.04
2458469.3749996 9.85 0.04
2458469.3751732 9.92 0.04
2458469.3753468 9.95 0.04
2458469.3755204 9.88 0.04
2458469.3756940 9.89 0.04
2458469.3758676 9.90 0.04
2458469.3760425 9.96 0.04
2458469.3762159 9.95 0.04
2458469.3763894 10.00 0.04
2458469.3765628 9.91 0.04
2458469.3767363 9.92 0.04
2458469.3769097 9.98 0.04
2458469.3770832 9.98 0.04
2458469.3772566 9.90 0.04
2458469.3774301 9.89 0.04
2458469.3776037 9.87 0.04
2458469.3784718 9.91 0.04
2458493.2519739 9.91 0.05
2458493.2530156 9.94 0.05
2458493.2538836 9.85 0.05
2458493.2540586 9.82 0.04
2458493.2544055 9.83 0.04
2458493.2545789 9.87 0.05
2458493.2547524 9.92 0.05
2458493.2549258 9.93 0.05
2458493.2552727 9.96 0.05
2458493.2554461 9.93 0.05
2458493.2556198 9.93 0.05
2458493.2563142 9.90 0.05
2458493.2566614 10.00 0.05
2458493.2568350 9.92 0.05
2458493.2570086 9.89 0.05
2458493.2611753 9.91 0.05
2458493.2618697 9.81 0.04
2458493.2622170 9.85 0.05
2458493.2648211 9.89 0.05
2458493.2665581 9.89 0.05
2458493.2684670 9.86 0.05
2458493.2686406 9.93 0.05
2458493.2691614 9.90 0.05
2458493.2695086 9.89 0.05
2458493.2698559 9.88 0.05
2458493.2700295 9.98 0.05
2458493.2703767 9.85 0.04
2458493.2707239 9.97 0.05
2458493.2708975 9.91 0.05
2458493.2710711 9.87 0.05
2458493.2712448 9.89 0.05
2458493.2714184 9.96 0.05
2458493.2715920 9.94 0.05
2458493.2717656 9.94 0.05
2458493.2726336 9.84 0.04
2458493.2728073 9.94 0.05
2458493.2729809 9.90 0.05
2458493.2731545 9.88 0.05
2458493.2733281 9.85 0.04
2458493.2754114 9.84 0.04
2458493.2780169 9.84 0.04
2458493.2781904 9.86 0.05
2458493.2783638 9.80 0.04
2458493.2806198 9.85 0.04
2458493.2856545 9.92 0.05
2458493.2861753 9.86 0.04
2458493.2866961 9.97 0.05
2458493.2868698 9.91 0.05
2458493.2870434 9.92 0.05
2458493.2872170 9.86 0.05
2458493.2873906 9.94 0.05
2458493.2875642 9.95 0.05
2458493.2877378 9.93 0.05
2458493.2912102 9.96 0.05
2458493.2915572 9.88 0.05
2458493.2922517 9.82 0.04
2458493.2924253 9.99 0.05
2458493.2925989 9.93 0.05
2458493.2927725 9.97 0.05
2458493.2929461 9.96 0.05
2458493.2931197 10.00 0.05
2458493.2941614 9.93 0.05
2458493.2946823 10.00 0.05
2458493.2983281 9.90 0.05
2458493.3004114 9.90 0.05
2458493.3037216 9.88 0.05
2458493.3047633 9.85 0.04
2458493.3052841 9.91 0.05
2458493.3054577 9.88 0.05
2458493.3056313 9.94 0.05
2458493.3058049 9.94 0.05
2458493.3059785 9.90 0.05
2458493.3070202 9.93 0.05
2458493.3071938 9.88 0.05
2458493.3082355 9.86 0.05
2458493.3087563 9.89 0.05
2458493.3089299 9.91 0.05
2458493.3092772 9.87 0.05
2458493.3096244 9.95 0.05
2458493.3097980 9.86 0.04
2458493.3099716 9.94 0.05
2458493.3101452 9.85 0.04
2458493.3104924 9.90 0.05
2458493.3106661 9.92 0.05
2458493.3115341 9.94 0.05
2458493.3117077 9.92 0.05
2458493.3118813 9.91 0.05
2458493.3136174 9.84 0.04
2458493.3139647 9.93 0.05
2458493.3148327 9.95 0.05
2458493.3155272 9.93 0.05
2458493.3162216 9.94 0.05
2458493.3169161 9.96 0.05
2458493.3212563 9.79 0.04
2458493.3214299 9.91 0.05
2458493.3217772 9.86 0.04
2458493.3219508 9.84 0.04
2458493.3238605 9.93 0.05
2458493.3245559 9.91 0.05
2458493.3280272 9.89 0.05
2458493.3282008 9.88 0.05
2458493.3288952 9.89 0.05
2458493.3290688 9.99 0.05
2458493.3294160 9.88 0.04
2458493.3299369 9.87 0.04
2458493.3306313 9.88 0.04
2458493.3328883 9.89 0.05
2458493.3370554 9.97 0.05
2458493.3374023 9.85 0.04
2458493.3379230 9.92 0.05
2458493.3384438 9.85 0.04
2458493.3386174 9.94 0.05
2458493.3389647 9.84 0.04
2458493.3394855 9.98 0.05
2458493.3396591 9.95 0.05
2458493.3398327 9.92 0.05
2458493.3400063 9.98 0.05
2458493.3403536 9.94 0.05
2458493.3408744 9.94 0.05
2458493.3412216 9.94 0.05
2458493.3419161 9.90 0.05
2458493.3420897 9.92 0.05
2458493.3443466 10.08 0.06
2458493.3446938 9.83 0.04
2458493.3453883 9.90 0.05
2458493.3462563 9.82 0.04
2458493.3525063 9.87 0.05
2458493.3584091 9.90 0.05
2458493.3585827 9.94 0.05
2458493.3587563 9.88 0.05
2458493.3589299 9.91 0.05
2458493.3596244 10.04 0.05
2458493.3599716 9.95 0.05
2458493.3601465 9.92 0.05
2458493.3603199 9.95 0.05
2458493.3604934 9.89 0.05
2458493.3606668 9.86 0.04
2458493.3608403 9.99 0.05
2458493.3610137 9.91 0.05
2458493.3611871 9.92 0.05
2458493.3618813 9.96 0.05
2458493.3625758 9.97 0.05
2458493.3627494 9.85 0.04
2458493.3632702 9.88 0.05
2458493.3634438 9.90 0.05
2458493.3636174 9.94 0.05
2458493.3637911 9.90 0.05
2458493.3639647 9.97 0.05
2458493.3641383 9.94 0.05
2458493.3643119 9.94 0.05
2458493.3644855 9.94 0.05
2458493.3646591 9.93 0.05
2458493.3657008 9.87 0.05
2458493.3658744 9.86 0.04
2458493.3663952 9.95 0.05
2458493.3667424 9.91 0.05
2458493.3669161 9.96 0.05
2458493.3670897 9.88 0.05
2458493.3672633 9.91 0.05
2458493.3676105 9.90 0.05
2458493.3677841 9.92 0.05
2458493.3679577 9.90 0.05
2458493.3681313 9.86 0.04
2458493.3683049 9.95 0.05
2458493.3688258 9.91 0.05
2458493.3691730 9.95 0.05
2458493.3693466 9.93 0.05
2458493.3695202 9.83 0.04
2458493.3696938 9.93 0.05
2458493.3702147 9.94 0.05
2458493.3703883 9.97 0.05
2458493.3707355 9.96 0.05
2458493.3710827 9.94 0.05
2458493.3712563 9.91 0.05
2458493.3714299 9.96 0.05
2458493.3716036 9.96 0.05
2458493.3749022 9.98 0.05
2458493.3750758 9.89 0.05
2458493.3754230 9.91 0.05
2458493.3755966 9.93 0.05
2458493.3761174 9.95 0.05
2458493.3768119 9.93 0.05
2458493.3773327 9.93 0.05
2458493.3775063 9.87 0.05
2458493.3813258 9.80 0.04
2458493.3825411 9.80 0.04
2458493.3828883 9.88 0.05
2458493.3913952 9.87 0.05
2458493.3919160 9.86 0.05
2458493.3941730 9.94 0.05
2458493.3945202 9.88 0.05
2458493.3957355 9.87 0.05
2458493.3959105 9.97 0.05
2458493.3967777 9.90 0.05
2458493.3969511 9.84 0.05
2458493.3976452 9.94 0.05
2458493.3978188 9.87 0.05
2458493.3979924 9.86 0.05
2458493.3981661 9.92 0.05
2458493.3983397 9.90 0.05
2458493.3986869 9.94 0.05
2458493.3995549 9.90 0.05
2458493.3999022 9.93 0.05
2458493.4002494 9.95 0.05
2458493.4004230 9.93 0.05
2458493.4005966 9.94 0.05
2458493.4011174 9.81 0.05
2458493.4012910 9.96 0.05
2458493.4033744 9.92 0.05
2458493.4035480 9.87 0.05
2458493.4044161 9.93 0.05
2458493.4049369 9.95 0.05
2458493.4051105 9.93 0.05
2458493.4052841 9.92 0.05
2458493.4056313 9.89 0.05
2458493.4063258 9.92 0.05
2458493.4066730 9.90 0.05
2458493.4073674 10.04 0.06
2458493.4077147 9.89 0.05
2458493.4078896 9.86 0.05
2458493.4101452 9.87 0.05
2458493.4110133 9.88 0.05
2458493.4111869 9.87 0.05
2458493.4113605 9.89 0.05
2458493.4120549 9.90 0.05
2458493.4124022 9.89 0.05
2458493.4125758 9.90 0.05
2458493.4127494 9.87 0.05
2458493.4136174 9.91 0.05
2458493.4137911 9.88 0.05
2458493.4139647 9.93 0.05
2458493.4141383 9.77 0.05
2458493.4143119 9.85 0.05
2458493.4144855 9.89 0.05
2458493.4146591 9.97 0.05
2458493.4148327 9.94 0.05
2458493.4158744 9.90 0.05
2458494.3456892 9.82 0.07
2458494.3458628 10.00 0.08
2458494.3460364 9.88 0.07
2458494.3463836 9.89 0.07
2458494.3465573 9.85 0.06
2458494.3467309 10.01 0.08
2458494.3470781 9.93 0.07
2458494.3472517 10.00 0.07
2458494.3474253 9.90 0.07
2458494.3475989 9.96 0.07
2458494.3477725 9.92 0.07
2458494.3484670 9.97 0.07
2458494.3493350 9.91 0.07
2458494.3495086 9.93 0.07
2458494.3498559 9.90 0.07
2458494.3500295 9.90 0.07
2458494.3502031 9.90 0.07
2458494.3503767 9.86 0.07
2458494.3505503 9.94 0.07
2458494.3507239 9.89 0.07
2458494.3512447 9.80 0.06
2458494.3514184 9.90 0.07
2458494.3517656 9.94 0.07
2458494.3526336 9.97 0.07
2458494.3529809 9.81 0.06
2458494.3547172 9.82 0.07
2458494.3548906 9.94 0.08
2458494.3550642 9.89 0.08
2458494.3555850 9.88 0.08
2458494.3640920 9.63 0.09
2458494.3647864 9.77 0.12
2458495.1345897 9.81 0.07
2458495.1389299 9.77 0.07
2458495.1502147 9.88 0.07
2458495.1514299 9.88 0.07
2458495.1516036 9.85 0.07
2458495.1517772 9.88 0.07
2458495.1519508 9.81 0.07
2458495.1524716 9.90 0.07
2458495.1531660 9.96 0.08
2458495.1533397 9.93 0.08
2458495.1535133 9.82 0.07
2458495.1536869 9.76 0.07
2458495.1555966 9.82 0.07
2458495.1564647 9.82 0.07
2458495.1608049 9.87 0.07
2458495.1642772 9.73 0.06
2458495.1660133 9.82 0.07
2458495.1663605 9.94 0.07
2458495.1665341 9.86 0.07
2458495.1670549 9.94 0.07
2458495.1672285 9.80 0.07
2458495.1674022 9.67 0.06
2458495.1684438 9.84 0.07
2458495.1686174 9.90 0.07
2458495.1689647 9.76 0.06
2458495.1691383 9.84 0.07
2458495.1693119 9.81 0.07
2458495.1700063 9.87 0.07
2458495.1707022 9.89 0.07
2458495.1708756 9.83 0.07
2458495.1710491 9.83 0.07
2458495.1712225 9.73 0.06
2458495.1715694 9.86 0.07
2458495.1719163 9.83 0.07
2458495.1720897 9.91 0.07
2458495.1722633 9.82 0.07
2458495.1724369 9.87 0.07
2458495.1726105 9.90 0.07
2458495.1733049 9.71 0.06
2458495.1736522 9.94 0.07
2458495.1753883 9.77 0.06
2458495.1809438 9.84 0.07
2458495.1812911 9.97 0.07
2458495.1826799 9.83 0.07
2458495.1828548 9.84 0.07
2458495.1830283 9.91 0.07
2458495.1832017 9.93 0.07
2458495.1833752 9.92 0.07
2458495.1835486 9.83 0.06
2458495.1851105 9.81 0.06
2458495.1856313 9.94 0.07
2458495.1858049 9.76 0.06
2458495.1859785 9.79 0.06
2458495.1861522 9.81 0.06
2458495.1864994 9.95 0.07
2458495.1866730 10.01 0.08
2458495.1868466 9.91 0.07
2458495.1870202 9.90 0.07
2458495.1884091 9.79 0.06
2458495.1885827 9.79 0.06
2458495.1891036 9.92 0.07
2458495.1892772 9.96 0.07
2458495.1894508 9.86 0.06
2458495.1896244 9.96 0.07
2458495.1897980 9.85 0.06
2458495.1899716 10.06 0.08
2458495.1901452 9.80 0.06
2458495.1904924 9.81 0.06
2458495.1908397 9.99 0.07
2458495.1910133 9.84 0.06
2458495.1915341 9.87 0.07
2458495.1917077 9.89 0.07
2458495.1918813 9.86 0.06
2458495.1920549 9.94 0.07
2458495.1925758 9.93 0.07
2458495.1927494 9.90 0.07
2458495.1929230 9.80 0.06
2458495.1939647 9.79 0.06
2458495.1946591 9.96 0.07
2458495.1948340 9.95 0.07
2458495.1953544 9.85 0.06
2458495.1958747 9.86 0.06
2458495.1963952 9.89 0.07
2458495.1965688 9.83 0.06
2458495.1970897 9.85 0.06
2458495.1984786 9.86 0.06
2458495.1986522 9.96 0.07
2458495.1988258 9.99 0.07
2458495.1993466 9.82 0.06
2458495.1995202 9.99 0.07
2458495.1996938 9.83 0.06
2458495.2000410 9.79 0.06
2458495.2002147 9.96 0.07
2458495.2003883 9.93 0.07
2458495.2024716 9.90 0.07
2458495.2026452 10.01 0.07
2458495.2028188 9.92 0.07
2458495.2029924 9.89 0.07
2458495.2033397 9.91 0.07
2458495.2035133 10.01 0.08
2458495.2036869 9.86 0.06
2458495.2038605 9.90 0.07
2458495.2040341 9.84 0.06
2458495.2042077 9.85 0.06
2458495.2045549 9.92 0.07
2458495.2047286 9.94 0.07
2458495.2050758 9.76 0.06
2458495.2054230 10.06 0.08
2458495.2055966 9.93 0.07
2458495.2057702 9.96 0.07
2458495.2059438 9.95 0.07
2458495.2064647 9.83 0.06
2458495.2088952 9.85 0.06
2458495.2116730 10.04 0.08
2458495.2120202 9.85 0.07
2458495.2123674 9.89 0.07
2458495.2128883 9.87 0.07
2458495.2146244 9.85 0.06
2458495.2158397 9.94 0.07
2458495.2170549 9.96 0.07
2458495.2172285 10.04 0.07
2458495.2174022 9.94 0.07
2458495.2177494 9.92 0.07
2458495.2179230 9.94 0.07
2458495.2180966 9.98 0.07
2458495.2186174 10.01 0.07
2458495.2187924 9.89 0.06
2458495.2205272 9.91 0.07
2458495.2210480 9.89 0.07
2458495.2212216 9.92 0.07
2458495.2213952 10.07 0.08
2458495.2229577 10.01 0.07
2458495.2231313 9.96 0.07
2458495.2238258 9.84 0.06
2458495.2239994 10.01 0.07
2458495.2241730 10.09 0.08
2458495.2243466 10.01 0.07
2458495.2293813 9.95 0.07
2458495.2300758 9.90 0.07
2458495.2302494 9.98 0.07
2458495.2304230 9.83 0.06
2458495.2305966 9.86 0.06
2458495.2311185 9.97 0.07
2458495.2316388 9.95 0.07
2458495.2318122 9.96 0.07
2458495.2321591 9.87 0.06
2458495.2345897 9.96 0.07
2458495.2347633 9.88 0.06
2458495.2361522 10.00 0.07
2458495.2364994 10.00 0.07
2458495.2366730 9.95 0.07
2458495.2370202 9.91 0.06
2458495.2377147 10.02 0.07
2458495.2380619 10.08 0.07
2458495.2387563 9.98 0.07
2458495.2389299 10.04 0.07
2458495.2496938 9.87 0.06
2458495.2514299 9.99 0.07
2458495.2535133 9.93 0.06
2458495.2536869 9.80 0.06
2458495.2538605 9.97 0.07
2458495.2547300 10.05 0.07
2458495.2552503 9.97 0.07
2458495.2555972 9.87 0.06
2458495.2557706 9.94 0.06
2458495.2580272 9.93 0.06
2458495.2592424 9.88 0.06
2458495.2599369 9.92 0.06
2458495.2611522 9.91 0.06
2458495.2674030 9.85 0.06
2458495.2680967 9.87 0.06
2458495.2682702 9.96 0.06
2458495.2684438 9.87 0.06
2458495.2686174 9.94 0.06
2458495.2691383 9.96 0.06
2458495.2719160 9.94 0.06
2458495.2720897 9.84 0.06
2458495.2722633 10.02 0.07
2458495.2750411 9.92 0.06
2458495.2752147 9.90 0.06
2458495.2757355 9.93 0.06
2458495.2764299 9.89 0.06
2458495.2767772 9.91 0.06
2458498.1654809 9.88 0.07
2458498.1679114 9.93 0.06
2458498.1686059 9.97 0.06
2458498.1691267 9.95 0.06
2458498.1694739 9.88 0.06
2458498.1696475 10.00 0.06
2458498.1699947 9.93 0.06
2458498.1701684 9.94 0.06
2458498.1703420 9.94 0.06
2458498.1705156 9.93 0.06
2458498.1710364 9.89 0.06
2458498.1712100 10.00 0.06
2458498.1713836 10.02 0.06
2458498.1715572 10.08 0.07
2458498.1717309 9.99 0.06
2458498.1719045 10.00 0.06
2458498.1724253 9.90 0.06
2458498.1753767 9.97 0.06
2458498.1767656 9.88 0.05
2458498.1793701 9.94 0.06
2458498.1800642 9.97 0.06
2458498.1802378 9.88 0.05
2458498.1805850 9.91 0.05
2458498.1809323 9.91 0.05
2458498.1847517 9.90 0.05
2458498.1849253 9.91 0.06
2458498.1850989 9.91 0.06
2458498.1854461 9.99 0.06
2458498.1856197 9.90 0.05
2458498.1861406 9.79 0.05
2458498.1863142 9.93 0.06
2458498.1864878 9.93 0.06
2458498.1970784 9.88 0.05
2458498.1972519 9.91 0.05
2458498.1984670 9.91 0.05
2458498.1986406 9.95 0.05
2458498.1989878 9.86 0.05
2458498.1993350 9.83 0.05
2458498.2000295 9.91 0.05
2458498.2003767 9.92 0.05
2458498.2005503 9.94 0.05
2458498.2083638 9.97 0.05
2458498.2092310 9.85 0.05
2458498.2094045 9.94 0.05
2458498.2095781 9.89 0.05
2458498.2097517 9.91 0.05
2458498.2099253 9.78 0.04
2458498.2100989 9.94 0.05
2458498.2102725 9.83 0.05
2458498.2104461 9.91 0.05
2458498.2106197 9.86 0.05
2458498.2107934 9.90 0.05
2458498.2111406 9.77 0.04
2458498.2113142 9.88 0.05
2458498.2114878 9.91 0.05
2458498.2123559 9.87 0.05
2458498.2128767 9.93 0.05
2458498.2130503 9.88 0.05
2458498.2142656 9.98 0.05
2458498.2149600 9.84 0.05
2458498.2151336 9.87 0.05
2458498.2177378 9.92 0.05
2458498.2184322 9.76 0.04
2458498.2186059 9.81 0.05
2458498.2198225 9.80 0.04
2458498.2199960 9.83 0.05
2458498.2212101 9.90 0.05
2458498.2213836 9.81 0.05
2458498.2243350 9.84 0.04
2458498.2245086 9.98 0.05
2458498.2246822 9.90 0.05
2458498.2250295 9.83 0.04
2458498.2255503 9.89 0.05
2458498.2262447 9.75 0.04
2458498.2267656 9.81 0.04
2458498.2269392 9.92 0.05
2458498.2274600 9.93 0.05
2458498.2276336 9.97 0.05
2458498.2278073 9.88 0.05
2458498.2281545 9.81 0.04
2458498.2283281 9.89 0.05
2458498.2285017 9.81 0.04
2458498.2286753 9.88 0.05
2458498.2288489 9.85 0.05
2458498.2290225 9.95 0.05
2458498.2291961 9.86 0.05
2458498.2293698 9.89 0.05
2458498.2297170 9.86 0.05
2458498.2298906 9.89 0.05
2458498.2302378 9.92 0.05
2458498.2304114 9.89 0.05
2458498.2307586 9.95 0.05
2458498.2309322 9.84 0.05
2458498.2312795 9.82 0.05
2458498.2314531 9.91 0.05
2458498.2383975 9.87 0.05
2458498.2385711 9.87 0.05
2458498.2387447 9.92 0.05
2458498.2389184 9.95 0.05
2458498.2390920 9.85 0.05
2458498.2392656 9.89 0.05
2458498.2394392 9.93 0.05
2458498.2397864 9.90 0.05
2458498.2399600 9.89 0.05
2458498.2401336 9.86 0.05
2458498.2404809 9.90 0.05
2458498.2406545 9.85 0.05
2458498.2408281 9.78 0.05
2458498.2410017 9.90 0.05
2458498.2415225 9.90 0.05
2458498.2416961 9.92 0.05
2458498.2418697 9.89 0.05
2458498.2420434 9.92 0.05
2458498.2427378 9.94 0.05
2458498.2429114 9.86 0.05
2458498.2430850 9.94 0.05
2458498.2432586 9.94 0.05
2458498.2434323 9.87 0.05
2458498.2436073 9.94 0.05
2458498.2437807 9.95 0.05
2458498.2439541 9.98 0.05
2458498.2441276 9.81 0.05
2458498.2444745 9.97 0.05
2458498.2446479 9.90 0.05
2458498.2449948 9.95 0.05
2458498.2453420 9.90 0.05
2458498.2467309 9.98 0.06
2458498.2469045 9.84 0.05
2458498.2519392 9.86 0.05
2458498.2528073 9.88 0.05
2458498.2529809 9.88 0.05
2458498.2533281 9.96 0.05
2458498.2535017 9.98 0.05
2458498.2536753 9.91 0.05
2458498.2538489 9.91 0.05
2458498.2541961 9.88 0.05
2458498.2543697 9.89 0.05
2458498.2545434 9.88 0.05
2458498.2547170 9.91 0.05
2458498.2548906 9.89 0.05
2458498.2550642 9.88 0.05
2458498.2552378 9.94 0.05
2458498.2555863 9.88 0.05
2458498.2561066 9.80 0.05
2458498.2568004 9.98 0.06
2458498.2569739 9.95 0.05
2458498.2571475 9.97 0.06
2458498.2574947 9.95 0.05
2458498.2576684 9.93 0.05
2458498.2583628 9.94 0.05
2458498.2585364 10.01 0.06
2458498.2588836 9.94 0.06
2458498.2607934 9.94 0.05
2458498.2719045 9.94 0.05
2458498.2722517 9.93 0.04
2458498.2724253 9.91 0.04
2458498.2725989 9.88 0.04
2458498.2727725 9.97 0.05
2458498.2729461 9.94 0.04
2458498.2734670 9.89 0.04
2458498.2738142 9.99 0.05
2458498.2760711 9.92 0.04
2458498.2762448 9.91 0.04
2458498.2764184 9.96 0.04
2458498.2765920 9.90 0.04
2458498.2854461 9.91 0.04
2458498.2856197 9.87 0.04
2458498.2857934 9.89 0.04
2458498.2859670 9.95 0.05
2458498.2863142 9.96 0.05
2458498.2866614 9.92 0.04
2458498.2868350 9.85 0.04
2458498.2871822 9.94 0.05
2458498.2873559 9.91 0.04
2458498.2875295 9.92 0.04
2458498.2877031 9.88 0.04
2458498.2880503 9.97 0.05
2458498.2882239 9.96 0.05
2458498.2885711 9.94 0.05
2458498.2889184 9.91 0.04
2458498.2892656 9.94 0.05
2458498.2894392 9.90 0.04
2458498.2896128 9.99 0.05
2458498.2897864 9.89 0.04
2458498.2899600 9.97 0.05
2458498.2903073 9.95 0.05
2458498.2904809 9.96 0.05
2458498.2906545 9.90 0.04
2458498.2908281 10.01 0.05
2458498.2913489 9.84 0.04
2458498.2915239 9.86 0.04
2458498.2916974 9.92 0.05
2458498.2918708 9.84 0.04
2458498.2920443 9.94 0.05
2458498.2925646 9.91 0.05
2458498.2930850 9.93 0.05
2458498.2932586 9.96 0.05
2458498.2934322 9.93 0.05
2458498.2988142 9.81 0.04
2458498.2989878 9.91 0.04
2458498.3005503 9.98 0.05
2458498.3007239 9.92 0.05
2458498.3014184 10.02 0.05
2458498.3022864 9.89 0.04
2458498.3024600 9.90 0.04
2458498.3026336 9.94 0.05
2458498.3028072 9.91 0.04
2458498.3033281 9.96 0.05
2458498.3035017 9.90 0.04
2458498.3036766 9.87 0.04
2458498.3038500 9.93 0.05
2458498.3040235 9.92 0.04
2458498.3047172 9.88 0.04
2458498.3048907 9.86 0.04
2458498.3050642 9.86 0.04
2458498.3074948 9.94 0.05
2458498.3076684 9.92 0.05
2458498.3078420 9.91 0.04
2458498.3080156 9.84 0.04
2458498.3081892 9.92 0.05
2458498.3083628 9.90 0.04
2458498.3085364 9.93 0.05
2458498.3087100 9.85 0.04
2458498.3090572 9.99 0.05
2458498.3092309 9.97 0.05
2458498.3094045 9.94 0.05
2458498.3095781 10.01 0.05
2458498.3100989 9.90 0.05
2458498.3102725 10.00 0.05
2458498.3104461 9.87 0.04
2458498.3106197 9.95 0.05
2458500.2359438 9.78 0.05
2458500.2371591 9.83 0.06
2458500.2376799 9.84 0.06
2458500.2383744 9.82 0.06
2458500.2387216 9.87 0.06
2458500.2428883 9.85 0.06
2458500.2434091 9.96 0.06
2458500.2439299 9.84 0.05
2458500.2441035 9.94 0.06
2458500.2442772 9.90 0.06
2458500.2454927 9.91 0.06
2458500.2458397 9.93 0.06
2458500.2463605 10.00 0.06
2458500.2467077 9.89 0.06
2458500.2468813 9.92 0.06
2458500.2470549 9.94 0.06
2458500.2472286 9.97 0.06
2458500.2474022 9.89 0.06
2458500.2512216 9.74 0.05
2458500.2520897 9.85 0.05
2458500.2543466 9.88 0.06
2458500.2567781 9.86 0.05
2458500.2576453 9.86 0.05
2458500.2592077 9.92 0.06
2458500.2593813 9.77 0.05
2458500.2595549 9.89 0.06
2458500.2597285 9.83 0.05
2458500.2602494 9.92 0.06
2458500.2607702 9.93 0.06
2458500.2609438 9.85 0.05
2458500.2611174 9.93 0.06
2458500.2614647 9.96 0.06
2458500.2616383 9.95 0.06
2458500.2619855 9.86 0.05
2458500.2623327 9.89 0.05
2458500.2625063 9.87 0.05
2458500.2626799 10.02 0.06
2458500.2628535 9.95 0.06
2458500.2633744 9.94 0.06
2458500.2635480 9.94 0.06
2458500.2637216 9.96 0.06
2458500.2658049 9.92 0.05
2458500.2725758 9.85 0.05
2458500.2727494 9.89 0.05
2458500.2746591 9.92 0.06
2458500.2753535 9.90 0.05
2458500.2757008 9.88 0.05
2458500.2760480 9.92 0.05
2458500.2762216 9.84 0.05
2458500.2765688 9.88 0.05
2458500.2767424 9.85 0.05
2458500.2772633 9.80 0.05
2458500.2776105 9.92 0.05
2458500.2777841 9.86 0.05
2458500.2779577 9.79 0.05
2458500.2781313 9.91 0.05
2458500.2784786 9.97 0.06
2458500.2788258 9.93 0.06
2458500.2789994 9.96 0.06
2458500.2793466 9.92 0.05
2458500.2796938 9.75 0.05
2458500.2816037 9.87 0.05
2458500.2819508 9.89 0.05
2458500.2838605 9.89 0.05
2458500.2869855 9.77 0.05
2458500.2890688 9.94 0.05
2458500.2895897 9.87 0.05
2458500.2897633 9.80 0.05
2458500.2904577 9.86 0.05
2458500.2906313 9.88 0.05
2458500.2908049 9.91 0.05
2458500.2909785 9.80 0.05
2458500.2914994 9.84 0.05
2458500.2918466 9.88 0.05
2458500.2920202 9.87 0.05