2458467.3668514 10.45 0.09
2458467.3670250 10.60 0.10
2458467.3673723 10.62 0.10
2458467.3675459 10.60 0.10
2458467.3680667 10.48 0.09
2458467.3684139 10.49 0.09
2458467.3687611 10.69 0.11
2458467.3689347 10.65 0.10
2458467.3691084 10.63 0.10
2458467.3692820 10.63 0.10
2458467.3694556 10.57 0.10
2458467.3696292 10.76 0.12
2458467.3698028 10.66 0.11
2458467.3699764 10.62 0.10
2458467.3703236 10.67 0.11
2458467.3704972 10.88 0.13
2458467.3720598 10.47 0.09
2458467.3724070 10.64 0.11
2458467.3725806 10.50 0.09
2458467.3729278 10.53 0.09
2458467.3731014 10.53 0.10
2458467.3734486 10.55 0.10
2458467.3737959 10.55 0.10
2458467.3739695 10.56 0.10
2458467.3741431 10.56 0.10
2458467.3743167 10.43 0.09
2458467.3744903 10.54 0.10
2458467.3746639 10.60 0.10
2458467.3748375 10.74 0.12
2458467.3750111 10.65 0.11
2458467.3753584 10.55 0.10
2458467.3755332 10.70 0.11
2458467.3757067 10.74 0.12
2458467.3758801 10.62 0.10
2458467.3760536 10.59 0.10
2458467.3765739 10.59 0.10
2458467.3767473 10.76 0.12
2458467.3769209 10.48 0.09
2458467.3772681 10.71 0.11
2458467.3774417 10.50 0.09
2458467.3776153 10.53 0.10
2458467.3779625 10.54 0.10
2458467.3781361 10.77 0.12
2458467.3783097 10.80 0.12
2458467.3784834 10.54 0.10
2458467.3786570 10.69 0.11
2458467.3788306 10.66 0.11
2458467.3791778 10.42 0.09
2458467.3793514 10.66 0.11
2458467.3795250 10.65 0.11
2458467.3798723 10.59 0.10
2458467.3800459 10.53 0.10
2458467.3802195 10.55 0.10
2458467.3805667 10.71 0.11
2458467.3809139 10.51 0.09
2458467.3812611 10.63 0.11
2458467.3816084 10.50 0.09
2458467.3817820 10.68 0.11
2458467.3819556 10.59 0.10
2458467.3823028 10.77 0.12
2458467.3824764 10.58 0.10
2458467.3826500 10.69 0.11
2458467.3829973 10.56 0.10
2458467.3831709 10.64 0.11
2458467.3836917 10.56 0.10
2458467.3838653 10.57 0.10
2458467.3842125 10.51 0.10
2458467.3845597 10.74 0.12
2458467.3847334 10.76 0.12
2458467.3849070 10.69 0.11
2458467.3850806 10.87 0.13
2458467.3856014 10.70 0.11
2458467.3857750 10.60 0.10
2458467.3859486 10.66 0.11
2458467.3861222 10.55 0.10
2458467.3864695 10.61 0.10
2458467.3866431 10.68 0.11
2458467.3868167 10.49 0.09
2458467.3869903 10.59 0.10
2458467.3871639 10.57 0.10
2458467.3873389 10.49 0.09
2458467.3878592 10.71 0.11
2458467.3880327 10.68 0.11
2458467.3882061 10.54 0.10
2458467.3883795 10.48 0.09
2458467.3885530 10.60 0.10
2458467.3887264 10.70 0.11
2458467.3889000 10.59 0.10
2458467.3890736 10.69 0.11
2458467.3892473 10.63 0.10
2458467.3895945 10.68 0.11
2458467.3899417 10.53 0.10
2458467.3901153 10.67 0.11
2458467.3902889 10.57 0.10
2458467.3904625 10.79 0.12
2458467.3908098 10.67 0.11
2458467.3909834 10.67 0.11
2458467.3913306 10.66 0.11
2458467.3915042 10.53 0.10
2458467.3921986 10.69 0.11
2458467.3923722 10.67 0.11
2458467.3927195 10.44 0.09
2458467.3928931 10.49 0.09
2458467.3932403 10.62 0.11
2458467.3939347 10.43 0.09
2458467.3941084 10.44 0.09
2458467.3942820 10.66 0.11
2458467.3944556 10.58 0.10
2458467.3949764 10.51 0.10
2458467.3951500 10.58 0.10
2458467.3953236 10.63 0.11
2458467.3960181 10.54 0.10
2458467.3961917 10.75 0.12
2458467.3963653 10.66 0.11
2458467.3965389 10.85 0.13
2458467.3967125 10.66 0.11
2458467.3968861 10.55 0.10
2458467.3970598 10.43 0.09
2458467.3974070 10.56 0.10
2458467.3975806 10.58 0.10
2458467.3979278 10.60 0.10
2458467.3981014 10.66 0.11
2458467.3984486 10.57 0.10
2458467.3986223 10.66 0.11
2458467.3987959 10.54 0.10
2458467.3989695 10.61 0.10
2458467.3991431 10.39 0.09
2458467.3993180 10.60 0.10
2458467.3994914 10.61 0.11
2458467.4000118 10.59 0.10
2458467.4001852 10.58 0.10
2458467.4003586 10.64 0.11
2458467.4005321 10.56 0.10
2458467.4010528 10.57 0.10
2458467.4014000 10.70 0.12
2458467.4015736 10.58 0.10
2458467.4017472 10.71 0.12
2458467.4022681 10.90 0.14
2458467.4034834 10.62 0.11
2458467.4036570 10.72 0.12
2458467.4040042 10.79 0.13
2458467.4045250 10.79 0.12
2458467.4046986 10.67 0.11
2458467.4048723 10.71 0.12
2458467.4050459 10.48 0.10
2458467.4055667 10.68 0.11
2458467.4059139 10.54 0.10
2458467.4062611 10.64 0.11
2458467.4064348 10.53 0.10
2458467.4066084 10.63 0.11
2458467.4067820 10.52 0.10
2458467.4069556 10.62 0.11
2458467.4079972 10.70 0.11
2458467.4086917 10.52 0.10
2458467.4092125 10.57 0.10
2458467.4093861 10.62 0.11
2458467.4095597 10.76 0.12
2458467.4099070 10.60 0.10
2458467.4100806 10.69 0.11
2458467.4102542 10.62 0.11
2458467.4104278 10.74 0.12
2458467.4106014 10.47 0.09
2458467.4109486 10.56 0.10
2458467.4111236 10.63 0.11
2458467.4112971 10.59 0.10
2458467.4114705 10.68 0.11
2458467.4116440 10.68 0.11
2458467.4118174 10.67 0.11
2458467.4119908 10.57 0.10
2458467.4121643 10.58 0.10
2458467.4123377 10.72 0.12
2458467.4125112 10.75 0.12
2458467.4126848 10.61 0.11
2458467.4128584 10.64 0.11
2458467.4130320 10.73 0.12
2458467.4132056 10.64 0.11
2458467.4133792 10.57 0.10
2458467.4135528 10.49 0.09
2458467.4139000 10.69 0.11
2458467.4140736 10.73 0.12
2458467.4142473 10.53 0.10
2458467.4144209 10.56 0.10
2458467.4147681 10.82 0.13
2458467.4149417 10.44 0.09
2458467.4151153 10.73 0.12
2458467.4154625 10.67 0.11
2458467.4156361 10.65 0.11
2458467.4158097 10.69 0.12
2458467.4159834 10.56 0.10
2458467.4161570 10.68 0.12
2458467.4165042 10.70 0.12
2458467.4166778 10.63 0.11
2458467.4168514 10.82 0.13
2458467.4173722 10.64 0.11
2458467.4177195 10.78 0.13
2458467.4178931 10.59 0.11
2458467.4182403 10.57 0.10
2458467.4184139 10.69 0.12
2458467.4187611 10.72 0.12
2458467.4194556 10.61 0.11
2458467.4196292 10.58 0.11
2458467.4198028 10.57 0.11
2458467.4201500 10.73 0.12
2458467.4206709 10.61 0.11
2458469.3667865 10.54 0.07
2458469.3670135 10.58 0.07
2458469.3671871 10.58 0.07
2458469.3673607 10.68 0.08
2458469.3675343 10.65 0.08
2458469.3677079 10.78 0.09
2458469.3685760 10.64 0.08
2458469.3687496 10.57 0.07
2458469.3689232 10.73 0.08
2458469.3690968 10.71 0.08
2458469.3692704 10.67 0.08
2458469.3696176 10.62 0.08
2458469.3697912 10.62 0.08
2458469.3699648 10.71 0.08
2458469.3701384 10.59 0.07
2458469.3704857 10.62 0.08
2458469.3706593 10.65 0.08
2458469.3708329 10.54 0.07
2458469.3710065 10.71 0.08
2458469.3711801 10.75 0.09
2458469.3713537 10.66 0.08
2458469.3717009 10.70 0.08
2458469.3720482 10.75 0.09
2458469.3722218 10.55 0.07
2458469.3725690 10.53 0.07
2458469.3732635 10.71 0.08
2458469.3736107 10.55 0.07
2458469.3739579 10.62 0.08
2458469.3741315 10.65 0.08
2458469.3743051 10.58 0.07
2458469.3744787 10.63 0.08
2458469.3746524 10.64 0.08
2458469.3748260 10.59 0.07
2458469.3749996 10.66 0.08
2458469.3751732 10.84 0.09
2458469.3753468 10.65 0.08
2458469.3755204 10.64 0.08
2458469.3756940 10.48 0.07
2458469.3758676 10.71 0.08
2458469.3760425 10.64 0.08
2458469.3762159 10.67 0.08
2458469.3763894 10.62 0.08
2458469.3765628 10.68 0.08
2458469.3767363 10.54 0.07
2458469.3769097 10.60 0.07
2458469.3770832 10.59 0.07
2458469.3772566 10.67 0.08
2458469.3774301 10.58 0.07
2458469.3777773 10.56 0.07
2458469.3779510 10.50 0.07
2458469.3781246 10.61 0.07
2458469.3782982 10.66 0.08
2458469.3784718 10.67 0.08
2458469.3786454 10.70 0.08
2458488.3044163 10.68 0.10
2458488.3047635 10.67 0.10
2458488.3051107 10.70 0.10
2458488.3052844 10.69 0.10
2458488.3054579 10.68 0.10
2458488.3056316 10.65 0.10
2458488.3061524 10.62 0.10
2458488.3063260 10.75 0.11
2458488.3064996 10.64 0.10
2458488.3066732 10.72 0.10
2458488.3068468 10.48 0.09
2458488.3070205 10.51 0.09
2458488.3071941 10.63 0.10
2458488.3075413 10.68 0.10
2458488.3077149 10.77 0.11
2458488.3078885 10.58 0.09
2458488.3087566 10.64 0.10
2458488.3092788 10.69 0.10
2458488.3094522 10.79 0.11
2458488.3096257 10.81 0.12
2458488.3101460 10.69 0.10
2458488.3106663 10.73 0.11
2458488.3108399 10.51 0.09
2458488.3118816 10.55 0.09
2458488.3124024 10.79 0.12
2458488.3125760 10.76 0.11
2458488.3132705 10.62 0.10
2458488.3134441 10.74 0.11
2458488.3136177 10.73 0.11
2458488.3137913 10.62 0.10
2458488.3141385 10.65 0.10
2458488.3144857 10.75 0.11
2458488.3146593 10.74 0.11
2458488.3150066 10.91 0.13
2458488.3151802 10.56 0.09
2458488.3153538 10.79 0.12
2458488.3155274 10.58 0.10
2458488.3157010 10.68 0.11
2458488.3158746 10.70 0.11
2458488.3160482 10.84 0.12
2458488.3163955 10.67 0.11
2458488.3165691 10.69 0.11
2458488.3167427 10.64 0.10
2458488.3169163 10.74 0.11
2458488.3174371 10.72 0.11
2458488.3177844 10.66 0.11
2458488.3179580 10.61 0.10
2458488.3181316 10.69 0.11
2458488.3183052 10.75 0.11
2458488.3186524 10.67 0.11
2458488.3188260 10.60 0.10
2458488.3189996 10.57 0.10
2458488.3191732 10.69 0.11
2458488.3195205 10.70 0.11
2458488.3196941 10.61 0.10
2458488.3205621 10.63 0.10
2458488.3207357 10.56 0.10
2458488.3209094 10.62 0.10
2458488.3214314 10.57 0.10
2458488.3216048 10.68 0.11
2458488.3217783 10.57 0.10
2458488.3219517 10.71 0.11
2458488.3226455 10.74 0.11
2458488.3228191 10.65 0.11
2458488.3229927 10.68 0.11
2458488.3231663 10.65 0.10
2458488.3236871 10.65 0.11
2458488.3240343 10.75 0.12
2458488.3242080 10.67 0.11
2458488.3243816 10.60 0.10
2458488.3245552 10.64 0.11
2458488.3247288 10.62 0.10
2458488.3250760 10.77 0.12
2458488.3252496 10.52 0.09
2458488.3254232 10.60 0.10
2458488.3255969 10.76 0.12
2458488.3257705 10.75 0.12
2458488.3259441 10.83 0.12
2458488.3266385 10.64 0.11
2458488.3269857 10.72 0.11
2458488.3271594 10.71 0.11
2458488.3275066 10.61 0.10
2458488.3278538 10.76 0.12
2458488.3280274 10.61 0.10
2458488.3282010 10.84 0.13
2458488.3285482 10.60 0.10
2458488.3288955 10.70 0.11
2458488.3292427 10.78 0.12
2458488.3294163 10.65 0.11
2458488.3295899 10.66 0.11
2458488.3299371 10.79 0.12
2458488.3301107 10.74 0.12
2458488.3302843 10.74 0.12
2458488.3304580 10.73 0.12
2458488.3309788 10.58 0.10
2458488.3311524 10.64 0.11
2458488.3313260 10.65 0.11
2458488.3314996 10.64 0.10
2458488.3320205 10.48 0.09
2458488.3321941 10.57 0.10
2458488.3323677 10.73 0.11
2458488.3325413 10.79 0.12
2458488.3328885 10.67 0.11
2458488.3332370 10.71 0.11
2458488.3335839 10.67 0.11
2458488.3339308 10.49 0.09
2458488.3341043 10.64 0.11
2458488.3346246 10.82 0.12
2458488.3347982 10.61 0.10
2458488.3349719 10.69 0.11
2458488.3353191 10.67 0.11
2458488.3354927 10.67 0.11
2458488.3356663 10.65 0.11
2458488.3360135 10.46 0.09
2458488.3361871 10.62 0.10
2458488.3363607 10.60 0.10
2458488.3365344 10.62 0.10
2458488.3370552 10.62 0.11
2458488.3377496 10.92 0.14
2458488.3379232 10.47 0.09
2458488.3380968 10.53 0.10
2458488.3382705 10.56 0.10
2458488.3386177 10.64 0.11
2458488.3389649 10.64 0.11
2458488.3396593 10.77 0.12
2458488.3398330 10.62 0.11
2458488.3401802 10.58 0.10
2458488.3405274 10.44 0.09
2458488.3407010 10.51 0.09
2458488.3408746 10.62 0.11
2458488.3412219 10.80 0.12
2458488.3413955 10.71 0.12
2458488.3415691 10.66 0.11
2458488.3417427 10.59 0.10
2458488.3419163 10.70 0.11
2458488.3420899 10.68 0.11
2458488.3422635 10.70 0.11
2458488.3424371 10.62 0.11
2458488.3427844 10.51 0.10
2458488.3429580 10.50 0.09
2458488.3431316 10.65 0.11
2458488.3434788 10.45 0.09
2458488.3436524 10.54 0.10
2458488.3438260 10.65 0.11
2458488.3441732 10.75 0.12
2458488.3443469 10.77 0.12
2458488.3446941 10.76 0.12
2458488.3448677 10.59 0.10
2458488.3453896 10.72 0.12
2458488.3457365 10.69 0.11
2458488.3459100 10.43 0.09
2458488.3460834 10.52 0.10
2458488.3462569 10.52 0.10
2458488.3466038 10.55 0.10
2458488.3469510 10.77 0.12
2458488.3471246 10.67 0.11
2458488.3472982 10.57 0.10
2458488.3474718 10.58 0.10
2458488.3476455 10.55 0.10
2458488.3478191 10.56 0.10
2458488.3479927 10.59 0.10
2458488.3481663 10.67 0.11
2458488.3483399 10.52 0.10
2458488.3486871 10.58 0.10
2458488.3488607 10.67 0.11
2458488.3490344 10.56 0.10
2458488.3492080 10.40 0.09
2458488.3493816 10.70 0.11
2458488.3495552 10.57 0.10
2458488.3497288 10.71 0.11
2458488.3499024 10.73 0.12
2458488.3500760 10.66 0.11
2458488.3502496 10.63 0.11
2458488.3504232 10.69 0.11
2458488.3505969 10.53 0.10
2458488.3509441 10.62 0.11
2458488.3511177 10.55 0.10
2458488.3512913 10.67 0.11
2458488.3514649 10.65 0.11
2458488.3516385 10.55 0.10
2458488.3519857 10.50 0.09
2458488.3521594 10.65 0.11
2458488.3523330 10.68 0.11
2458488.3526802 10.75 0.12
2458488.3530274 10.51 0.10
2458488.3532010 10.73 0.12
2458488.3533746 10.70 0.11
2458488.3535482 10.47 0.09
2458488.3540691 10.59 0.10
2458488.3542427 10.72 0.12
2458488.3545899 10.73 0.12
2458488.3547635 10.73 0.12
2458488.3552843 10.70 0.11
2458488.3559788 10.78 0.12
2458488.3564996 10.61 0.10
2458488.3566732 10.61 0.10
2458488.3570218 10.56 0.10
2458488.3573687 10.57 0.10
2458488.3577156 10.65 0.11
2458488.3578891 10.60 0.10
2458488.3580625 10.61 0.10
2458488.3582360 10.69 0.11
2458488.3584094 10.59 0.10
2458488.3585830 10.47 0.09
2458488.3587566 10.71 0.11
2458488.3589302 10.54 0.10
2458488.3591038 10.55 0.10
2458488.3592774 10.51 0.09
2458488.3596246 10.55 0.10
2458488.3597982 10.64 0.11
2458488.3601455 10.63 0.11
2458488.3603191 10.58 0.10
2458488.3606663 10.62 0.10
2458488.3610135 10.61 0.10
2458488.3613607 10.68 0.11
2458488.3615343 10.60 0.10
2458488.3617080 10.76 0.12
2458488.3618816 10.51 0.10
2458488.3624024 10.77 0.12
2458488.3625760 10.65 0.11
2458488.3629232 10.59 0.10
2458488.3636177 10.71 0.12
2458488.3637913 10.57 0.10
2458488.3639649 10.83 0.13
2458488.3641385 10.57 0.10
2458488.3644857 10.52 0.10
2458488.3646594 10.45 0.09
2458488.3651802 10.68 0.11
2458488.3653538 10.69 0.11
2458488.3657010 10.72 0.12
2458488.3658746 10.83 0.13
2458488.3660482 10.62 0.11
2458488.3662219 10.65 0.11
2458488.3663955 10.75 0.12
2458488.3669163 10.58 0.10
2458488.3672635 10.66 0.11
2458488.3674371 10.58 0.10
2458488.3676107 10.84 0.13
2458488.3679580 10.68 0.11
2458488.3681316 10.67 0.11
2458488.3684788 10.68 0.11
2458488.3688260 10.52 0.10
2458488.3690010 10.66 0.11
2458488.3691744 10.69 0.11
2458488.3693479 10.58 0.10
2458488.3695213 10.66 0.11
2458488.3698682 10.67 0.11
2458488.3700417 10.73 0.12
2458488.3702150 10.65 0.11
2458488.3703885 10.58 0.10
2458488.3705621 10.50 0.10
2458488.3707357 10.61 0.11
2458488.3712566 10.62 0.11
2458488.3714302 10.61 0.11
2458488.3716038 10.72 0.12
2458488.3717774 10.43 0.09
2458488.3719510 10.69 0.11
2458488.3721246 10.62 0.11
2458488.3722982 10.62 0.11
2458488.3728191 10.86 0.14
2458488.3729927 10.55 0.10
2458488.3731663 10.73 0.12
2458488.3733399 10.66 0.11
2458488.3735135 10.75 0.12
2458488.3736871 10.48 0.09
2458488.3738607 10.54 0.10
2458488.3742080 10.57 0.10
2458493.2524947 10.60 0.09
2458493.2528420 10.65 0.10
2458493.2530156 10.67 0.10
2458493.2531892 10.65 0.10
2458493.2535364 10.75 0.11
2458493.2538836 10.60 0.09
2458493.2540586 10.66 0.10
2458493.2542320 10.66 0.10
2458493.2545789 10.73 0.10
2458493.2550993 10.51 0.08
2458493.2554461 10.60 0.09
2458493.2559670 10.55 0.09
2458493.2561406 10.60 0.09
2458493.2564878 10.89 0.12
2458493.2566614 10.56 0.09
2458493.2568350 10.67 0.10
2458493.2573559 10.67 0.10
2458493.2575295 10.48 0.08
2458493.2577031 10.62 0.09
2458493.2580503 10.56 0.09
2458493.2583975 10.65 0.10
2458493.2587447 10.58 0.09
2458493.2589184 10.64 0.10
2458493.2590920 10.73 0.10
2458493.2592656 10.58 0.09
2458493.2594392 10.68 0.10
2458493.2596128 10.40 0.08
2458493.2597864 10.67 0.10
2458493.2601336 10.62 0.09
2458493.2603072 10.56 0.09
2458493.2606545 10.67 0.10
2458493.2608281 10.63 0.09
2458493.2613489 10.65 0.10
2458493.2615225 10.53 0.09
2458493.2616961 10.55 0.09
2458493.2618697 10.61 0.09
2458493.2620434 10.68 0.10
2458493.2622170 10.55 0.09
2458493.2625642 10.54 0.09
2458493.2627378 10.74 0.10
2458493.2630850 10.64 0.10
2458493.2632586 10.56 0.09
2458493.2637795 10.66 0.10
2458493.2639531 10.59 0.09
2458493.2641267 10.57 0.09
2458493.2644739 10.51 0.08
2458493.2646475 10.55 0.09
2458493.2648211 10.70 0.10
2458493.2649948 10.65 0.10
2458493.2653420 10.60 0.09
2458493.2655156 10.62 0.09
2458493.2656892 10.47 0.08
2458493.2658628 10.78 0.11
2458493.2660378 10.52 0.08
2458493.2662112 10.85 0.12
2458493.2667316 10.49 0.08
2458493.2670784 10.58 0.09
2458493.2672519 10.56 0.09
2458493.2675989 10.71 0.10
2458493.2677725 10.57 0.09
2458493.2681197 10.61 0.09
2458493.2682934 10.51 0.08
2458493.2684670 10.58 0.09
2458493.2686406 10.74 0.10
2458493.2691614 10.61 0.09
2458493.2693350 10.64 0.09
2458493.2695086 10.77 0.11
2458493.2698559 10.70 0.10
2458493.2700295 10.67 0.10
2458493.2705503 10.63 0.09
2458493.2707239 10.66 0.10
2458493.2710711 10.53 0.09
2458493.2712448 10.64 0.09
2458493.2714184 10.65 0.10
2458493.2715920 10.63 0.09
2458493.2717656 10.62 0.09
2458493.2721128 10.59 0.09
2458493.2722864 10.58 0.09
2458493.2726336 10.62 0.09
2458493.2733281 10.82 0.11
2458493.2735017 10.74 0.10
2458493.2736753 10.62 0.09
2458493.2738489 10.62 0.09
2458493.2740225 10.62 0.09
2458493.2741961 10.53 0.09
2458493.2743697 10.63 0.10
2458493.2745434 10.60 0.09
2458493.2747170 10.68 0.10
2458493.2748906 10.66 0.10
2458493.2750642 10.66 0.10
2458493.2754114 10.67 0.10
2458493.2755850 10.72 0.10
2458493.2759322 10.63 0.09
2458493.2761059 10.58 0.09
2458493.2762795 10.59 0.09
2458493.2764531 10.57 0.09
2458493.2768003 10.75 0.11
2458493.2771475 10.58 0.09
2458493.2773211 10.53 0.09
2458493.2776684 10.62 0.09
2458493.2778420 10.65 0.10
2458493.2780169 10.73 0.10
2458493.2781904 10.60 0.09
2458493.2783638 10.66 0.10
2458493.2785373 10.49 0.08
2458493.2787107 10.46 0.08
2458493.2788841 10.72 0.10
2458493.2792310 10.50 0.08
2458493.2794045 10.67 0.10
2458493.2795781 10.54 0.09
2458493.2799253 10.68 0.10
2458493.2800989 10.55 0.09
2458493.2802725 10.72 0.10
2458493.2804461 10.67 0.10
2458493.2807934 10.68 0.10
2458493.2809670 10.59 0.09
2458493.2814878 10.66 0.10
2458493.2816614 10.68 0.10
2458493.2818350 10.63 0.09
2458493.2820086 10.61 0.09
2458493.2821822 10.64 0.09
2458493.2823559 10.62 0.09
2458493.2827031 10.58 0.09
2458493.2830503 10.56 0.09
2458493.2833975 10.70 0.10
2458493.2837447 10.59 0.09
2458493.2839184 10.59 0.09
2458493.2842656 10.67 0.10
2458493.2844392 10.79 0.11
2458493.2851336 10.56 0.09
2458493.2856545 10.57 0.09
2458493.2858281 10.64 0.10
2458493.2863489 10.76 0.11
2458493.2868698 10.62 0.09
2458493.2872170 10.63 0.09
2458493.2873906 10.37 0.07
2458493.2884323 10.48 0.08
2458493.2886059 10.55 0.09
2458493.2889531 10.55 0.09
2458493.2891267 10.62 0.09
2458493.2893003 10.49 0.08
2458493.2894739 10.75 0.11
2458493.2896475 10.57 0.09
2458493.2899961 10.60 0.09
2458493.2903429 10.63 0.09
2458493.2905164 10.67 0.10
2458493.2906898 10.60 0.09
2458493.2908633 10.60 0.09
2458493.2910367 10.67 0.10
2458493.2912102 10.47 0.08
2458493.2913836 10.81 0.11
2458493.2915572 10.66 0.10
2458493.2919045 10.56 0.09
2458493.2920781 10.70 0.10
2458493.2925989 10.50 0.08
2458493.2927725 10.49 0.08
2458493.2929461 10.63 0.09
2458493.2931197 10.74 0.10
2458493.2934670 10.52 0.09
2458493.2936406 10.85 0.12
2458493.2938142 10.54 0.09
2458493.2939878 10.57 0.09
2458493.2943350 10.82 0.11
2458493.2945086 10.51 0.08
2458493.2946823 10.53 0.09
2458493.2950295 10.78 0.11
2458493.2952031 10.75 0.11
2458493.2953767 10.54 0.09
2458493.2957239 10.64 0.09
2458493.2960711 10.79 0.11
2458493.2962448 10.68 0.10
2458493.2964184 10.45 0.08
2458493.2967656 10.71 0.10
2458493.2969392 10.70 0.10
2458493.2971128 10.75 0.10
2458493.2972864 10.67 0.10
2458493.2974600 10.69 0.10
2458493.2976336 10.70 0.10
2458493.2978072 10.72 0.10
2458493.2981545 10.55 0.09
2458493.2983281 10.73 0.10
2458493.2985017 10.55 0.09
2458493.2986753 10.57 0.09
2458493.2988489 10.66 0.10
2458493.2990225 10.65 0.10
2458493.2997170 10.53 0.09
2458493.3002378 10.53 0.09
2458493.3004114 10.71 0.10
2458493.3018931 10.77 0.11
2458493.3021591 10.57 0.09
2458493.3025063 10.87 0.12
2458493.3026799 10.78 0.11
2458493.3030272 10.56 0.09
2458493.3032008 10.77 0.11
2458493.3037216 10.61 0.09
2458493.3038952 10.71 0.10
2458493.3045897 10.63 0.09
2458493.3047633 10.63 0.09
2458493.3051105 10.70 0.10
2458493.3052841 10.67 0.10
2458493.3056313 10.77 0.11
2458493.3059785 10.56 0.09
2458493.3061522 10.60 0.09
2458493.3063258 10.70 0.10
2458493.3064994 10.68 0.10
2458493.3066730 10.76 0.11
2458493.3068466 10.66 0.10
2458493.3070202 10.71 0.10
2458493.3071938 10.72 0.10
2458493.3075410 10.72 0.10
2458493.3077147 10.63 0.09
2458493.3078883 10.62 0.09
2458493.3080619 10.58 0.09
2458493.3085827 10.78 0.11
2458493.3092772 10.74 0.10
2458493.3096244 10.62 0.09
2458493.3113605 10.59 0.09
2458493.3115341 10.70 0.10
2458493.3118813 10.69 0.10
2458493.3120549 10.56 0.09
2458493.3122298 10.72 0.10
2458493.3124033 10.58 0.09
2458493.3125767 10.68 0.10
2458493.3129236 10.59 0.09
2458493.3130971 10.75 0.10
2458493.3132705 10.64 0.09
2458493.3134439 10.69 0.10
2458493.3136174 10.67 0.10
2458493.3137910 10.77 0.10
2458493.3141383 10.63 0.09
2458493.3143119 10.71 0.10
2458493.3144855 10.64 0.09
2458493.3146591 10.68 0.10
2458493.3151799 10.58 0.09
2458493.3158744 10.68 0.10
2458493.3160480 10.62 0.09
2458493.3162216 10.75 0.10
2458493.3163952 10.67 0.10
2458493.3167424 10.78 0.10
2458493.3174369 10.75 0.10
2458493.3179577 10.72 0.10
2458493.3181313 10.60 0.09
2458493.3186522 10.67 0.10
2458493.3188258 10.65 0.09
2458493.3189994 10.67 0.10
2458493.3191730 10.56 0.09
2458493.3195202 10.70 0.10
2458493.3196938 10.62 0.09
2458493.3198674 10.73 0.10
2458493.3202147 10.82 0.11
2458493.3207355 10.74 0.10
2458493.3210827 10.76 0.10
2458493.3214299 10.68 0.10
2458493.3216035 10.66 0.09
2458493.3221244 10.69 0.10
2458493.3222980 10.72 0.10
2458493.3224716 10.73 0.10
2458493.3226452 10.59 0.09
2458493.3228188 10.69 0.10
2458493.3229924 10.78 0.10
2458493.3231662 10.69 0.10
2458493.3233397 10.55 0.09
2458493.3235133 10.84 0.11
2458493.3236869 10.84 0.11
2458493.3240341 10.67 0.09
2458493.3242090 10.60 0.09
2458493.3243824 10.71 0.10
2458493.3245559 10.79 0.11
2458493.3247293 10.61 0.09
2458493.3250762 10.71 0.10
2458493.3252497 10.76 0.10
2458493.3254231 10.67 0.09
2458493.3261174 10.72 0.10
2458493.3266383 10.65 0.09
2458493.3269855 10.77 0.10
2458493.3271591 10.70 0.10
2458493.3273327 10.60 0.09
2458493.3276799 10.66 0.09
2458493.3278536 10.56 0.09
2458493.3280272 10.74 0.10
2458493.3282008 10.52 0.08
2458493.3283744 10.68 0.10
2458493.3285480 10.81 0.11
2458493.3287216 10.71 0.10
2458493.3288952 10.68 0.09
2458493.3290688 10.57 0.09
2458493.3292430 10.72 0.10
2458493.3295897 10.69 0.10
2458493.3299369 10.57 0.08
2458493.3302841 10.65 0.09
2458493.3306313 10.70 0.10
2458493.3309785 10.81 0.11
2458493.3311522 10.71 0.10
2458493.3313258 10.74 0.10
2458493.3314994 10.68 0.10
2458493.3318466 10.73 0.10
2458493.3320202 10.71 0.10
2458493.3321938 10.70 0.10
2458493.3327147 10.80 0.11
2458493.3328883 10.57 0.09
2458493.3342772 10.80 0.11
2458493.3354924 10.61 0.09
2458493.3372288 10.58 0.09
2458493.3377494 10.52 0.08
2458493.3382702 10.67 0.10
2458493.3384438 10.74 0.10
2458493.3386174 10.61 0.09
2458493.3389647 10.73 0.10
2458493.3391383 10.72 0.10
2458493.3401799 10.50 0.08
2458493.3403536 10.61 0.09
2458493.3407008 10.67 0.10
2458493.3413952 10.71 0.10
2458493.3415688 10.82 0.11
2458493.3419161 10.74 0.10
2458493.3420897 10.65 0.09
2458493.3429577 10.71 0.10
2458493.3434786 10.63 0.09
2458493.3436522 10.66 0.10
2458493.3438258 10.66 0.10
2458493.3439994 10.62 0.09
2458493.3441730 10.63 0.09
2458493.3445202 10.65 0.10
2458493.3446938 10.67 0.10
2458493.3448674 10.70 0.10
2458493.3452147 10.69 0.10
2458493.3453883 10.74 0.10
2458493.3460827 10.64 0.09
2458493.3464299 10.70 0.10
2458493.3466035 10.85 0.11
2458493.3467772 10.67 0.10
2458493.3471244 10.61 0.09
2458493.3472980 10.70 0.10
2458493.3478188 10.65 0.10
2458493.3479924 10.70 0.10
2458493.3483408 10.64 0.10
2458493.3485142 10.74 0.10
2458493.3486876 10.59 0.09
2458493.3488611 10.73 0.10
2458493.3493814 10.80 0.11
2458493.3502494 10.81 0.11
2458493.3505966 10.54 0.09
2458493.3507702 10.70 0.10
2458493.3511174 10.64 0.09
2458493.3512911 10.48 0.08
2458493.3514647 10.76 0.11
2458493.3516383 10.80 0.11
2458493.3518119 10.91 0.12
2458493.3523327 10.73 0.10
2458493.3526799 10.68 0.10
2458493.3532008 10.73 0.10
2458493.3535480 10.67 0.10
2458493.3537216 10.64 0.09
2458493.3538952 10.78 0.10
2458493.3542424 10.79 0.11
2458493.3551105 10.44 0.08
2458493.3552841 10.78 0.11
2458493.3558049 10.66 0.10
2458493.3559786 10.70 0.10
2458493.3561522 10.66 0.10
2458493.3564994 10.64 0.09
2458493.3566730 10.64 0.09
2458493.3570202 10.85 0.11
2458493.3571938 10.73 0.10
2458493.3575411 10.56 0.09
2458493.3580619 10.74 0.10
2458493.3582355 10.69 0.10
2458493.3585827 10.84 0.11
2458493.3587563 10.65 0.09
2458493.3594508 10.67 0.10
2458493.3599716 10.71 0.10
2458493.3601465 10.79 0.11
2458493.3603199 10.74 0.10
2458493.3608403 10.72 0.10
2458493.3611871 10.77 0.11
2458493.3613606 10.66 0.10
2458493.3615341 10.54 0.09
2458493.3617077 10.70 0.10
2458493.3618813 10.70 0.10
2458493.3620549 10.74 0.10
2458493.3622285 10.62 0.09
2458493.3624022 10.73 0.10
2458493.3625758 10.63 0.09
2458493.3627494 10.75 0.10
2458493.3629230 10.59 0.09
2458493.3630966 10.76 0.11
2458493.3632702 10.62 0.09
2458493.3634438 10.69 0.10
2458493.3637911 10.60 0.09
2458493.3639647 10.71 0.10
2458493.3643119 10.56 0.09
2458493.3644855 10.62 0.09
2458493.3651799 10.73 0.10
2458493.3653536 10.75 0.10
2458493.3658744 10.66 0.09
2458493.3663952 10.67 0.10
2458493.3667424 10.60 0.09
2458493.3669161 10.67 0.10
2458493.3674369 10.63 0.09
2458493.3677841 10.64 0.09
2458493.3683049 10.63 0.09
2458493.3686522 10.77 0.11
2458493.3688258 10.66 0.10
2458493.3696938 10.60 0.09
2458493.3698674 10.69 0.10
2458493.3702147 10.80 0.11
2458493.3703883 10.79 0.11
2458493.3707355 10.70 0.10
2458493.3709091 10.63 0.09
2458493.3714299 10.61 0.09
2458493.3717772 10.72 0.10
2458493.3724725 10.56 0.09
2458493.3726460 10.51 0.08
2458493.3728194 10.57 0.09
2458493.3729928 10.60 0.09
2458493.3733397 10.63 0.09
2458493.3735133 10.78 0.11
2458493.3749022 10.88 0.12
2458493.3752494 10.76 0.11
2458493.3754230 10.80 0.11
2458493.3757702 10.55 0.09
2458493.3761174 10.55 0.09
2458493.3762910 10.64 0.09
2458493.3766383 10.65 0.10
2458493.3769855 10.69 0.10
2458493.3771591 10.70 0.10
2458493.3775063 10.82 0.11
2458493.3778535 10.70 0.10
2458493.3780272 10.60 0.09
2458493.3782008 10.60 0.09
2458493.3790688 10.64 0.10
2458493.3792424 10.54 0.09
2458493.3795897 10.48 0.08
2458493.3797633 10.71 0.10
2458493.3801105 10.49 0.08
2458493.3808049 10.52 0.09
2458493.3809786 10.71 0.10
2458493.3811522 10.58 0.09
2458493.3821938 10.80 0.11
2458493.3832355 10.60 0.09
2458493.3834091 10.75 0.11
2458493.3841048 10.81 0.12
2458493.3844517 10.55 0.09
2458493.3846251 10.59 0.09
2458493.3849720 10.58 0.09
2458493.3851454 10.63 0.10
2458493.3854924 10.52 0.09
2458493.3856660 10.66 0.10
2458493.3858397 10.79 0.11
2458493.3860133 10.80 0.11
2458493.3865341 10.69 0.10
2458493.3868813 10.53 0.09
2458493.3870549 10.73 0.11
2458493.3872286 10.75 0.11
2458493.3874022 10.64 0.10
2458493.3875758 10.59 0.09
2458493.3877494 10.67 0.10
2458493.3879230 10.53 0.09
2458493.3880966 10.69 0.10
2458493.3882702 10.87 0.12
2458493.3884438 10.68 0.10
2458493.3886174 10.67 0.10
2458493.3891383 10.67 0.10
2458493.3894855 10.66 0.10
2458493.3898327 10.57 0.09
2458493.3901799 10.55 0.09
2458493.3903536 10.67 0.10
2458493.3907008 10.72 0.11
2458493.3913952 10.64 0.10
2458493.3917424 10.68 0.10
2458493.3919160 10.86 0.12
2458493.3922633 10.52 0.09
2458493.3926105 10.68 0.10
2458493.3929577 10.81 0.12
2458493.3934785 10.53 0.09
2458493.3936522 10.52 0.09
2458493.3938258 10.63 0.10
2458493.3946938 10.69 0.10
2458493.3948674 10.65 0.10
2458493.3952147 10.67 0.10
2458493.3953883 10.60 0.09
2458493.3959105 10.66 0.10
2458493.3962574 10.69 0.10
2458493.3967777 10.71 0.11
2458493.3974716 10.58 0.09
2458493.3976452 10.66 0.10
2458493.3979924 10.64 0.10
2458493.3983397 10.50 0.09
2458493.3985133 10.55 0.09
2458493.3988605 10.63 0.10
2458493.3992077 10.65 0.10
2458493.3993813 10.57 0.09
2458493.3997285 10.56 0.09
2458493.3999022 10.73 0.11
2458493.4000758 10.57 0.09
2458493.4002494 10.54 0.09
2458493.4005966 10.52 0.09
2458493.4007702 10.61 0.10
2458493.4009438 10.61 0.10
2458493.4011174 10.55 0.09
2458493.4019855 10.67 0.10
2458493.4021591 10.77 0.11
2458493.4023327 10.62 0.10
2458493.4025063 10.68 0.10
2458493.4033744 10.66 0.10
2458493.4035480 10.68 0.10
2458493.4040688 10.84 0.12
2458493.4044161 10.77 0.11
2458493.4047633 10.69 0.10
2458493.4049369 10.72 0.11
2458493.4054577 10.58 0.10
2458493.4056313 10.69 0.11
2458493.4058049 10.71 0.11
2458493.4059786 10.71 0.11
2458493.4064994 10.58 0.10
2458493.4070202 10.54 0.09
2458493.4075410 10.72 0.11
2458493.4077147 10.61 0.10
2458493.4080630 10.88 0.13
2458493.4082365 10.65 0.10
2458493.4087568 10.73 0.11
2458493.4096244 10.64 0.10
2458493.4097980 10.66 0.10
2458493.4101452 10.80 0.12
2458493.4103188 10.53 0.09
2458493.4104924 10.71 0.11
2458493.4106661 10.64 0.10
2458493.4111869 10.66 0.10
2458493.4115341 10.57 0.10
2458493.4120549 10.63 0.10
2458493.4124022 10.59 0.10
2458493.4125758 10.64 0.10
2458493.4127494 10.72 0.11
2458493.4132702 10.43 0.09
2458493.4134438 10.68 0.11
2458493.4139647 10.56 0.10
2458493.4143119 10.49 0.09
2458493.4148327 10.65 0.11
2458493.4150063 10.72 0.11
2458493.4151799 10.73 0.11
2458493.4153535 10.57 0.10
2458493.4155272 10.67 0.11
2458493.4157008 10.63 0.10
2458493.4158744 10.75 0.12
2458494.3453420 10.58 0.16
2458494.3469045 10.74 0.15
2458494.3472517 10.56 0.13
2458494.3474253 10.50 0.12
2458494.3484670 10.46 0.12
2458494.3489878 10.65 0.14
2458494.3493350 10.68 0.14
2458494.3500295 10.59 0.13
2458494.3512447 10.71 0.14
2458494.3514184 10.46 0.12
2458494.3515920 10.63 0.14
2458494.3519392 10.72 0.15
2458494.3521128 10.58 0.13
2458494.3526336 10.54 0.13
2458494.3529809 10.66 0.14
2458494.3536765 10.58 0.14
2458494.3540234 10.63 0.14
2458494.3548906 10.55 0.14
2458494.3550642 10.44 0.13
2458494.3557586 10.59 0.15
2458494.3561059 10.46 0.14
2458494.3574947 10.47 0.15
2458494.3576684 10.50 0.16
2458494.3580156 10.28 0.13
2458494.3606945 10.38 0.14
2458495.1352849 10.62 0.16
2458495.1354584 10.45 0.13
2458495.1356318 10.53 0.14
2458495.1359787 10.39 0.13
2458495.1380619 10.70 0.17
2458495.1413605 10.37 0.12
2458495.1441383 10.49 0.13
2458495.1455272 10.42 0.13
2458495.1458744 10.57 0.14
2458495.1496938 10.58 0.15
2458495.1502147 10.52 0.14
2458495.1514299 10.46 0.13
2458495.1517772 10.60 0.15
2458495.1519508 10.54 0.14
2458495.1521244 10.59 0.15
2458495.1533397 10.66 0.16
2458495.1545549 10.44 0.13
2458495.1550758 10.76 0.17
2458495.1559438 10.74 0.17
2458495.1561174 10.59 0.15
2458495.1562911 10.49 0.13
2458495.1564647 10.53 0.14
2458495.1566383 10.53 0.14
2458495.1568119 10.58 0.14
2458495.1571591 10.63 0.15
2458495.1573327 10.49 0.13
2458495.1576799 10.65 0.15
2458495.1582008 10.71 0.16
2458495.1588964 10.68 0.16
2458495.1590699 10.56 0.14
2458495.1592433 10.60 0.14
2458495.1594167 10.48 0.13
2458495.1599371 10.58 0.14
2458495.1601105 10.54 0.14
2458495.1606313 10.66 0.15
2458495.1614994 10.52 0.13
2458495.1621938 10.61 0.15
2458495.1628883 10.50 0.13
2458495.1637563 10.57 0.14
2458495.1642772 10.40 0.12
2458495.1654924 10.41 0.12
2458495.1658397 10.45 0.12
2458495.1672285 10.65 0.15
2458495.1680966 10.51 0.13
2458495.1684438 10.66 0.15
2458495.1691383 10.58 0.14
2458495.1693119 10.66 0.15
2458495.1694855 10.54 0.14
2458495.1696591 10.59 0.14
2458495.1707022 10.61 0.14
2458495.1713960 10.45 0.12
2458495.1720897 10.56 0.14
2458495.1724369 10.55 0.13
2458495.1727841 10.46 0.12
2458495.1731313 10.60 0.14
2458495.1733049 10.72 0.16
2458495.1741730 10.79 0.17
2458495.1743466 10.58 0.14
2458495.1748674 10.70 0.15
2458495.1752147 10.47 0.12
2458495.1757355 10.63 0.14
2458495.1759091 10.53 0.13
2458495.1760827 10.45 0.12
2458495.1762563 10.53 0.13
2458495.1766035 10.61 0.14
2458495.1769508 10.78 0.16
2458495.1772980 10.68 0.15
2458495.1776452 10.55 0.13
2458495.1778188 10.65 0.14
2458495.1779924 10.66 0.15
2458495.1781660 10.76 0.16
2458495.1783397 10.64 0.14
2458495.1785133 10.75 0.16
2458495.1786869 10.36 0.11
2458495.1788605 10.45 0.12
2458495.1797286 10.63 0.14
2458495.1799022 10.65 0.14
2458495.1800758 10.77 0.16
2458495.1805966 10.71 0.15
2458495.1807702 10.66 0.15
2458495.1814647 10.77 0.16
2458495.1819855 10.49 0.12
2458495.1821591 10.63 0.14
2458495.1825063 10.44 0.12
2458495.1826799 10.48 0.12
2458495.1830283 10.53 0.13
2458495.1835486 10.60 0.14
2458495.1847633 10.70 0.15
2458495.1849369 10.53 0.13
2458495.1852841 10.53 0.13
2458495.1854577 10.57 0.13
2458495.1859785 10.57 0.13
2458495.1861522 10.60 0.13
2458495.1863258 10.48 0.12
2458495.1866730 10.67 0.14
2458495.1868466 10.67 0.14
2458495.1871938 10.46 0.12
2458495.1873674 10.32 0.10
2458495.1880619 10.58 0.13
2458495.1887563 10.51 0.12
2458495.1889299 10.56 0.13
2458495.1891036 10.69 0.14
2458495.1894508 10.54 0.13
2458495.1897980 10.50 0.12
2458495.1899716 10.65 0.14
2458495.1901452 10.75 0.15
2458495.1904924 10.59 0.13
2458495.1908397 10.71 0.15
2458495.1910133 10.67 0.14
2458495.1917077 10.62 0.13
2458495.1920549 10.48 0.12
2458495.1925758 10.61 0.13
2458495.1927494 10.52 0.12
2458495.1929230 10.56 0.13
2458495.1930966 10.55 0.12
2458495.1936174 10.63 0.14
2458495.1937910 10.62 0.14
2458495.1939647 10.45 0.12
2458495.1941383 10.42 0.11
2458495.1943119 10.48 0.12
2458495.1946591 10.65 0.14
2458495.1948340 10.59 0.13
2458495.1950075 10.52 0.12
2458495.1951809 10.66 0.14
2458495.1953544 10.69 0.14
2458495.1955278 10.53 0.12
2458495.1957013 10.45 0.11
2458495.1958747 10.66 0.14
2458495.1962216 10.40 0.11
2458495.1967424 10.55 0.12
2458495.1970897 10.55 0.13
2458495.1974369 10.56 0.13
2458495.1976105 10.53 0.12
2458495.1977841 10.57 0.13
2458495.1979577 10.52 0.12
2458495.1981313 10.50 0.12
2458495.1983049 10.72 0.15
2458495.1986522 10.52 0.12
2458495.2000410 10.70 0.14
2458495.2005619 10.55 0.13
2458495.2007355 10.51 0.12
2458495.2010827 10.68 0.14
2458495.2012563 10.61 0.13
2458495.2014299 10.55 0.12
2458495.2019508 10.48 0.12
2458495.2026452 10.52 0.12
2458495.2028188 10.60 0.13
2458495.2033397 10.52 0.12
2458495.2035133 10.49 0.12
2458495.2040341 10.49 0.12
2458495.2042077 10.61 0.13
2458495.2043813 10.49 0.12
2458495.2047286 10.51 0.12
2458495.2049022 10.54 0.12
2458495.2052494 10.42 0.11
2458495.2055966 10.72 0.15
2458495.2057702 10.42 0.11
2458495.2059438 10.66 0.14
2458495.2061174 10.57 0.13
2458495.2062911 10.43 0.11
2458495.2068132 10.56 0.13
2458495.2069867 10.62 0.14
2458495.2071601 10.45 0.12
2458495.2078539 10.64 0.14
2458495.2080274 10.57 0.13
2458495.2082008 10.54 0.13
2458495.2083744 10.52 0.12
2458495.2085480 10.57 0.13
2458495.2088952 10.72 0.15
2458495.2090688 10.61 0.13
2458495.2092424 10.41 0.11
2458495.2094160 10.48 0.12
2458495.2097633 10.64 0.14
2458495.2102841 10.85 0.16
2458495.2108049 10.48 0.12
2458495.2130619 10.67 0.14
2458495.2135827 10.33 0.10
2458495.2137563 10.65 0.14
2458495.2139299 10.44 0.11
2458495.2141036 10.50 0.12
2458495.2144508 10.48 0.12
2458495.2149716 10.54 0.12
2458495.2153188 10.65 0.13
2458495.2170549 10.66 0.13
2458495.2186174 10.65 0.13
2458495.2191393 10.74 0.14
2458495.2194862 10.54 0.12
2458495.2205272 10.54 0.12
2458495.2208744 10.69 0.14
2458495.2220897 10.53 0.12
2458495.2233049 10.46 0.11
2458495.2236522 10.52 0.12
2458495.2239994 10.71 0.14
2458495.2245202 10.56 0.12
2458495.2246938 10.46 0.11
2458495.2248674 10.56 0.12
2458495.2250410 10.67 0.14
2458495.2252147 10.56 0.12
2458495.2257355 10.57 0.13
2458495.2259091 10.57 0.13
2458495.2260827 10.50 0.12
2458495.2264299 10.48 0.12
2458495.2266036 10.44 0.11
2458495.2267772 10.48 0.11
2458495.2276452 10.56 0.12
2458495.2281661 10.44 0.11
2458495.2285133 10.54 0.12
2458495.2286869 10.57 0.12
2458495.2290341 10.60 0.13
2458495.2297286 10.50 0.12
2458495.2299022 10.80 0.15
2458495.2332008 10.63 0.13
2458495.2335480 10.53 0.12
2458495.2340688 10.50 0.11
2458495.2342424 10.71 0.14
2458495.2345897 10.62 0.13
2458495.2349369 10.54 0.12
2458495.2351105 10.56 0.12
2458495.2356313 10.59 0.12
2458495.2363258 10.41 0.11
2458495.2364994 10.72 0.14
2458495.2368466 10.62 0.13
2458495.2370202 10.57 0.12
2458495.2375411 10.63 0.13
2458495.2378883 10.62 0.13
2458495.2380619 10.59 0.12
2458495.2382355 10.62 0.12
2458495.2387563 10.82 0.15
2458495.2391035 10.64 0.13
2458495.2392772 10.65 0.13
2458495.2401452 10.41 0.10
2458495.2408397 10.72 0.14
2458495.2415341 10.54 0.12
2458495.2429242 10.67 0.13
2458495.2436180 10.57 0.12
2458495.2439649 10.80 0.15
2458495.2441383 10.73 0.14
2458495.2443119 10.53 0.12
2458495.2444855 10.71 0.13
2458495.2446591 10.73 0.14
2458495.2450063 10.64 0.13
2458495.2453536 10.53 0.12
2458495.2455272 10.48 0.11
2458495.2457008 10.55 0.12
2458495.2462216 10.72 0.14
2458495.2476105 10.59 0.12
2458495.2477841 10.54 0.11
2458495.2486522 10.68 0.13
2458495.2502147 10.64 0.13
2458495.2514299 10.50 0.11
2458495.2516036 10.52 0.11
2458495.2524716 10.62 0.13
2458495.2528188 10.59 0.12
2458495.2535133 10.46 0.11
2458495.2536869 10.62 0.12
2458495.2540341 10.47 0.11
2458495.2542077 10.63 0.13
2458495.2545549 10.77 0.14
2458495.2549034 10.63 0.12
2458495.2550769 10.65 0.13
2458495.2559441 10.59 0.12
2458495.2561175 10.56 0.12
2458495.2571591 10.66 0.13
2458495.2573327 10.71 0.13
2458495.2576799 10.51 0.11
2458495.2585480 10.58 0.12
2458495.2587216 10.46 0.10
2458495.2588952 10.68 0.13
2458495.2623674 10.53 0.11
2458495.2625410 10.66 0.13
2458495.2642772 10.74 0.14
2458495.2646244 10.76 0.14
2458495.2653188 10.77 0.14
2458495.2654924 10.62 0.12
2458495.2663605 10.71 0.13
2458495.2670561 10.67 0.13
2458495.2674030 10.45 0.10
2458495.2677498 10.70 0.13
2458495.2679233 10.61 0.12
2458495.2682702 10.68 0.13
2458495.2689647 10.65 0.13
2458495.2691383 10.71 0.13
2458495.2693119 10.85 0.15
2458495.2696591 10.73 0.13
2458495.2698327 10.70 0.13
2458495.2700063 10.63 0.12
2458495.2701799 10.75 0.14
2458495.2705272 10.65 0.12
2458495.2707008 10.66 0.12
2458495.2708744 10.64 0.12
2458495.2710480 10.79 0.14
2458495.2712216 10.70 0.13
2458495.2715688 10.58 0.12
2458495.2719160 10.81 0.14
2458495.2720897 10.62 0.12
2458495.2722633 10.51 0.11
2458495.2726105 10.78 0.14
2458495.2727841 10.57 0.11
2458495.2729577 10.61 0.12
2458495.2731313 10.45 0.10
2458495.2736522 10.61 0.12
2458495.2738258 10.41 0.10
2458495.2739994 10.41 0.10
2458495.2741730 10.65 0.12
2458495.2745202 10.63 0.12
2458495.2746938 10.78 0.14
2458495.2750411 10.55 0.11
2458495.2752147 10.67 0.13
2458495.2757355 10.70 0.13
2458495.2762563 10.80 0.14
2458495.2766036 10.74 0.13
2458495.2776452 10.64 0.12
2458495.2786869 10.61 0.12
2458495.2790353 10.67 0.12
2458495.2792087 10.56 0.11
2458495.2793822 10.66 0.12
2458495.2799025 10.64 0.12
2458495.2800759 10.73 0.13
2458495.2802494 10.57 0.11
2458495.2804230 10.47 0.10
2458495.2805966 10.57 0.11
2458495.2807702 10.59 0.12
2458495.2818119 10.50 0.11
2458495.2821591 10.55 0.11
2458495.2823327 10.72 0.13
2458495.2826799 10.65 0.12
2458495.2828536 10.64 0.12
2458495.2830272 10.65 0.12
2458495.2833744 10.50 0.11
2458495.2835480 10.62 0.12
2458495.2840688 10.74 0.13
2458495.2842424 10.52 0.11
2458495.2844161 10.55 0.11
2458495.2851105 10.76 0.13
2458495.2858049 10.66 0.12
2458495.2861522 10.52 0.11
2458495.2863258 10.70 0.13
2458495.2866730 10.63 0.12
2458495.2868466 10.75 0.13
2458495.2870202 10.72 0.13
2458495.2871938 10.91 0.15
2458495.2875410 10.56 0.11
2458495.2878883 10.59 0.12
2458495.2880619 10.79 0.14
2458495.2885827 10.56 0.11
2458495.2887563 10.70 0.13
2458495.2891036 10.65 0.12
2458495.2892772 10.65 0.12
2458495.2894508 10.46 0.10
2458495.2897980 10.63 0.12
2458495.2901452 10.40 0.10
2458495.2903188 10.56 0.11
2458495.2908410 10.76 0.13
2458495.2911879 10.90 0.15
2458495.2913614 10.40 0.10
2458495.2915348 10.59 0.12
2458495.2922286 10.63 0.12
2458495.2924022 10.62 0.12
2458495.2925758 10.69 0.13
2458495.2927494 10.52 0.11
2458495.2929230 10.68 0.13
2458495.2934438 10.73 0.13
2458495.2937910 10.52 0.11
2458495.2944855 10.50 0.11
2458495.2955272 10.66 0.12
2458495.2963952 10.43 0.10
2458495.2974369 10.82 0.14
2458495.2977841 10.61 0.11
2458495.2979577 10.53 0.11
2458495.2981313 10.61 0.12
2458495.2983049 10.52 0.11
2458495.2984785 10.57 0.11
2458495.2986522 10.73 0.13
2458495.2988258 10.60 0.11
2458495.2989994 10.67 0.12
2458495.2996938 10.50 0.10
2458495.3002147 10.57 0.11
2458495.3003883 10.64 0.12
2458495.3005619 10.57 0.11
2458495.3009091 10.66 0.12
2458495.3010827 10.61 0.12
2458495.3014299 10.65 0.12
2458495.3016035 10.57 0.11
2458495.3017772 10.64 0.12
2458495.3019508 10.66 0.12
2458495.3021244 10.66 0.12
2458495.3024716 10.73 0.13
2458495.3029937 10.66 0.12
2458495.3031671 10.80 0.14
2458495.3033406 10.60 0.12
2458495.3035140 10.50 0.11
2458495.3036875 10.59 0.12
2458495.3040343 10.62 0.12
2458495.3042078 10.86 0.15
2458495.3043813 10.55 0.11
2458495.3045549 10.69 0.13
2458495.3047286 10.69 0.13
2458495.3049022 10.59 0.12
2458495.3050758 10.89 0.15
2458495.3052494 10.58 0.11
2458495.3054230 10.67 0.12
2458495.3055966 10.57 0.11
2458495.3059438 10.51 0.11
2458495.3061174 10.41 0.10
2458495.3062911 10.85 0.15
2458495.3064647 10.49 0.11
2458495.3066383 10.66 0.12
2458495.3068119 10.61 0.12
2458495.3069855 10.56 0.11
2458495.3073327 10.53 0.11
2458495.3075063 10.70 0.13
2458495.3076799 10.59 0.12
2458495.3080272 10.65 0.12
2458495.3082008 10.51 0.11
2458495.3083744 10.54 0.11
2458495.3085480 10.59 0.12
2458495.3094160 10.68 0.13
2458495.3095897 10.38 0.10
2458495.3097633 10.52 0.11
2458495.3099369 10.64 0.12
2458495.3102841 10.56 0.11
2458495.3106313 10.88 0.15
2458495.3108049 10.61 0.12
2458495.3109785 10.61 0.12
2458495.3113258 10.75 0.13
2458495.3114994 10.66 0.12
2458495.3120202 10.60 0.12
2458495.3130619 10.58 0.12
2458495.3135827 10.65 0.12
2458495.3137563 10.47 0.10
2458495.3139299 10.52 0.11
2458495.3142772 10.75 0.13
2458495.3149729 10.50 0.11
2458498.1654809 10.67 0.15
2458498.1658281 10.60 0.12
2458498.1666972 10.84 0.14
2458498.1668707 10.76 0.14
2458498.1672176 10.60 0.12
2458498.1673910 10.56 0.11
2458498.1675645 10.54 0.11
2458498.1679114 10.65 0.12
2458498.1680850 10.54 0.11
2458498.1682586 10.70 0.13
2458498.1687795 10.77 0.13
2458498.1696475 10.59 0.11
2458498.1698211 10.62 0.12
2458498.1703420 10.63 0.12
2458498.1708628 10.81 0.14
2458498.1710364 10.75 0.13
2458498.1713836 10.61 0.11
2458498.1717309 10.76 0.13
2458498.1719045 10.76 0.13
2458498.1722517 10.63 0.12
2458498.1725989 10.68 0.12
2458498.1729461 10.72 0.12
2458498.1731198 10.58 0.11
2458498.1732934 10.60 0.11
2458498.1734670 10.64 0.12
2458498.1738142 10.83 0.13
2458498.1741614 10.57 0.11
2458498.1743350 10.47 0.10
2458498.1745086 10.67 0.12
2458498.1746823 10.85 0.14
2458498.1750295 10.84 0.14
2458498.1752031 10.43 0.09
2458498.1753767 10.80 0.13
2458498.1755503 10.66 0.12
2458498.1757239 10.67 0.12
2458498.1760711 10.68 0.12
2458498.1762447 10.57 0.10
2458498.1764184 10.66 0.11
2458498.1765920 10.74 0.12
2458498.1767656 10.56 0.10
2458498.1769392 10.69 0.12
2458498.1771128 10.65 0.11
2458498.1772864 10.66 0.11
2458498.1774600 10.59 0.11
2458498.1776336 10.63 0.11
2458498.1778072 10.59 0.11
2458498.1779809 10.65 0.11
2458498.1781545 10.55 0.10
2458498.1783295 10.77 0.13
2458498.1785029 10.67 0.12
2458498.1790232 10.75 0.13
2458498.1797170 10.63 0.11
2458498.1798906 10.51 0.10
2458498.1800642 10.63 0.11
2458498.1804114 10.77 0.13
2458498.1805850 10.61 0.11
2458498.1807586 10.79 0.13
2458498.1809323 10.50 0.10
2458498.1812795 10.56 0.10
2458498.1814531 10.66 0.11
2458498.1816267 10.71 0.12
2458498.1818003 10.59 0.10
2458498.1819739 10.61 0.11
2458498.1821475 10.48 0.09
2458498.1828420 10.61 0.11
2458498.1831892 10.73 0.12
2458498.1833628 10.75 0.12
2458498.1840572 10.73 0.12
2458498.1842309 10.72 0.12
2458498.1850989 10.78 0.13
2458498.1852725 10.69 0.12
2458498.1856197 10.48 0.10
2458498.1859670 10.56 0.10
2458498.1863142 10.59 0.11
2458498.1864878 10.61 0.11
2458498.1866614 10.81 0.13
2458498.1870086 10.64 0.11
2458498.1871822 10.47 0.09
2458498.1882974 10.83 0.13
2458498.1889184 10.48 0.09
2458498.1890920 10.59 0.10
2458498.1894392 10.68 0.11
2458498.1899600 10.79 0.13
2458498.1906545 10.57 0.10
2458498.1910017 10.60 0.10
2458498.1913489 10.58 0.10
2458498.1915225 10.56 0.10
2458498.1918697 10.68 0.11
2458498.1920434 10.70 0.11
2458498.1922170 10.59 0.10
2458498.1923906 10.59 0.10
2458498.1927378 10.56 0.10
2458498.1929114 10.85 0.13
2458498.1930850 10.94 0.14
2458498.1932586 10.57 0.10
2458498.1934322 10.82 0.13
2458498.1937795 10.63 0.11
2458498.1944739 10.75 0.12
2458498.1946475 10.69 0.11
2458498.1948211 10.76 0.12
2458498.1949947 10.60 0.10
2458498.1951684 10.65 0.11
2458498.1955156 10.55 0.10
2458498.1956892 10.62 0.10
2458498.1958628 10.65 0.11
2458498.1960378 10.64 0.10
2458498.1962112 10.65 0.11
2458498.1972519 10.58 0.10
2458498.1974253 10.63 0.10
2458498.1975989 10.56 0.10
2458498.1977725 10.59 0.10
2458498.1979461 10.67 0.11
2458498.1981198 10.66 0.11
2458498.1982934 10.72 0.11
2458498.1986406 10.81 0.12
2458498.1988142 10.66 0.11
2458498.1989878 10.76 0.11
2458498.1991614 10.75 0.11
2458498.1993350 10.83 0.12
2458498.1996822 10.89 0.13
2458498.1998559 10.76 0.12
2458498.2000295 10.63 0.10
2458498.2002031 10.96 0.14
2458498.2003767 10.69 0.11
2458498.2007239 10.59 0.10
2458498.2012447 10.64 0.10
2458498.2014184 10.67 0.10
2458498.2015920 10.56 0.09
2458498.2019392 10.57 0.10
2458498.2021128 10.84 0.12
2458498.2028072 10.55 0.09
2458498.2029809 10.74 0.11
2458498.2031545 10.58 0.10
2458498.2035017 10.59 0.10
2458498.2036753 10.70 0.11
2458498.2040225 10.65 0.10
2458498.2041961 10.67 0.10
2458498.2043698 10.59 0.10
2458498.2045434 10.56 0.09
2458498.2047170 10.66 0.10
2458498.2050642 10.67 0.10
2458498.2052378 10.53 0.09
2458498.2061059 10.59 0.09
2458498.2062795 10.64 0.10
2458498.2066267 10.59 0.09
2458498.2068003 10.78 0.11
2458498.2069739 10.53 0.09
2458498.2071475 10.56 0.09
2458498.2076684 10.62 0.10
2458498.2078420 10.74 0.11
2458498.2085373 10.59 0.10
2458498.2087107 10.56 0.09
2458498.2088841 10.60 0.10
2458498.2090576 10.64 0.10
2458498.2104461 10.65 0.10
2458498.2107934 10.68 0.10
2458498.2113142 10.51 0.09
2458498.2116614 10.58 0.09
2458498.2118350 10.53 0.09
2458498.2120086 10.47 0.09
2458498.2121823 10.63 0.10
2458498.2123559 10.58 0.09
2458498.2127031 10.72 0.11
2458498.2128767 10.69 0.10
2458498.2135711 10.70 0.11
2458498.2142656 10.62 0.10
2458498.2147864 10.61 0.10
2458498.2153072 10.71 0.11
2458498.2156545 10.55 0.09
2458498.2158281 10.52 0.09
2458498.2165225 10.92 0.13
2458498.2172170 10.66 0.10
2458498.2173906 10.61 0.10
2458498.2175642 10.57 0.09
2458498.2177378 10.57 0.09
2458498.2179114 10.64 0.10
2458498.2182586 10.69 0.10
2458498.2186059 10.50 0.09
2458498.2189531 10.66 0.10
2458498.2194739 10.55 0.09
2458498.2196475 10.78 0.11
2458498.2198225 10.54 0.09
2458498.2201694 10.63 0.10
2458498.2203429 10.66 0.10
2458498.2205163 10.71 0.10
2458498.2206898 10.57 0.09
2458498.2213836 10.80 0.12
2458498.2219045 10.81 0.12
2458498.2222517 10.73 0.11
2458498.2225989 10.54 0.09
2458498.2227725 10.83 0.12
2458498.2234670 10.55 0.09
2458498.2236406 10.44 0.08
2458498.2245086 10.73 0.10
2458498.2246822 10.58 0.09
2458498.2248559 10.67 0.10
2458498.2250295 10.65 0.10
2458498.2252031 10.59 0.09
2458498.2253767 10.53 0.09
2458498.2255503 10.73 0.10
2458498.2257239 10.64 0.10
2458498.2258975 10.61 0.09
2458498.2262447 10.64 0.10
2458498.2264184 10.65 0.10
2458498.2265920 10.65 0.10
2458498.2267656 10.63 0.09
2458498.2271128 10.61 0.09
2458498.2274600 10.58 0.09
2458498.2278073 10.77 0.11
2458498.2279809 10.50 0.09
2458498.2281545 10.74 0.11
2458498.2285017 10.64 0.10
2458498.2293698 10.49 0.09
2458498.2302378 10.55 0.09
2458498.2307586 10.69 0.10
2458498.2312795 10.72 0.11
2458498.2314531 10.58 0.09
2458498.2321485 10.60 0.10
2458498.2323219 10.60 0.09
2458498.2335364 10.59 0.10
2458498.2340572 10.58 0.09
2458498.2349253 10.63 0.10
2458498.2350989 10.57 0.09
2458498.2354461 10.69 0.11
2458498.2356198 10.65 0.10
2458498.2357934 10.79 0.12
2458498.2359670 10.64 0.10
2458498.2363142 10.53 0.09
2458498.2366614 10.75 0.11
2458498.2368350 10.67 0.10
2458498.2371823 10.63 0.10
2458498.2378767 10.77 0.11
2458498.2383975 10.70 0.11
2458498.2385711 10.59 0.10
2458498.2389184 10.83 0.12
2458498.2390920 10.48 0.09
2458498.2396128 10.46 0.09
2458498.2397864 10.63 0.10
2458498.2401336 10.61 0.10
2458498.2403072 10.71 0.11
2458498.2406545 10.54 0.09
2458498.2408281 10.50 0.09
2458498.2411753 10.63 0.10
2458498.2415225 10.64 0.10
2458498.2416961 10.70 0.11
2458498.2420434 10.62 0.10
2458498.2427378 10.58 0.10
2458498.2434323 10.70 0.11
2458498.2436073 10.70 0.11
2458498.2439541 10.47 0.09
2458498.2443010 10.61 0.10
2458498.2444745 10.57 0.10
2458498.2446479 10.50 0.09
2458498.2449948 10.52 0.09
2458498.2451684 10.69 0.11
2458498.2453420 10.76 0.11
2458498.2455156 10.51 0.09
2458498.2456892 10.60 0.10
2458498.2460364 10.80 0.12
2458498.2462100 10.60 0.10
2458498.2463836 10.56 0.10
2458498.2467309 10.69 0.11
2458498.2469045 10.57 0.10
2458498.2470781 10.72 0.11
2458498.2472517 10.60 0.10
2458498.2474253 10.63 0.10
2458498.2477725 10.67 0.10
2458498.2479461 10.65 0.10
2458498.2488142 10.79 0.12
2458498.2489878 10.64 0.10
2458498.2493350 10.58 0.10
2458498.2495086 10.51 0.09
2458498.2496822 10.63 0.10
2458498.2498559 10.73 0.11
2458498.2500295 10.58 0.10
2458498.2502031 10.77 0.12
2458498.2503767 10.58 0.10
2458498.2507239 10.65 0.11
2458498.2508975 10.52 0.09
2458498.2512448 10.70 0.11
2458498.2514184 10.79 0.12
2458498.2517656 10.66 0.11
2458498.2519392 10.56 0.10
2458498.2521128 10.69 0.11
2458498.2522864 10.50 0.09
2458498.2524600 10.64 0.10
2458498.2526336 10.65 0.10
2458498.2528073 10.65 0.11
2458498.2529809 10.62 0.10
2458498.2533281 10.68 0.11
2458498.2535017 10.52 0.09
2458498.2536753 10.57 0.10
2458498.2538489 10.58 0.10
2458498.2540225 10.75 0.12
2458498.2541961 10.58 0.10
2458498.2547170 10.73 0.11
2458498.2550642 10.67 0.11
2458498.2552378 10.55 0.10
2458498.2554114 10.61 0.11
2458498.2557598 10.56 0.10
2458498.2559332 10.58 0.10
2458498.2561066 10.54 0.10
2458498.2564535 10.69 0.11
2458498.2566270 10.48 0.09
2458498.2568004 10.44 0.09
2458498.2569739 10.55 0.10
2458498.2571475 10.49 0.09
2458498.2573211 10.63 0.11
2458498.2574947 10.66 0.11
2458498.2578420 10.70 0.11
2458498.2581892 10.65 0.11
2458498.2585364 10.67 0.11
2458498.2588836 10.51 0.09
2458498.2590573 10.65 0.11
2458498.2594045 10.60 0.10
2458498.2595781 10.63 0.11
2458498.2599253 10.56 0.10
2458498.2600989 10.66 0.11
2458498.2602725 10.56 0.10
2458498.2604461 10.65 0.11
2458498.2607934 10.59 0.10
2458498.2611406 10.69 0.11
2458498.2613142 10.69 0.11
2458498.2614878 10.74 0.12
2458498.2616614 10.57 0.10
2458498.2618350 10.66 0.11
2458498.2620086 10.66 0.11
2458498.2621822 10.77 0.12
2458498.2623559 10.73 0.12
2458498.2627031 10.72 0.09
2458498.2632239 10.71 0.09
2458498.2637447 10.67 0.09
2458498.2640920 10.53 0.08
2458498.2642656 10.58 0.08
2458498.2644392 10.71 0.09
2458498.2646128 10.58 0.08
2458498.2647864 10.68 0.09
2458498.2649600 10.71 0.10
2458498.2651336 10.73 0.10
2458498.2653072 10.66 0.09
2458498.2654809 10.80 0.10
2458498.2656545 10.64 0.09
2458498.2658281 10.63 0.09
2458498.2660017 10.63 0.09
2458498.2661753 10.68 0.09
2458498.2663489 10.57 0.08
2458498.2665225 10.68 0.09
2458498.2666961 10.61 0.09
2458498.2668698 10.77 0.10
2458498.2670434 10.72 0.09
2458498.2672170 10.55 0.09
2458498.2673906 10.54 0.08
2458498.2675655 10.72 0.10
2458498.2677389 10.65 0.09
2458498.2680858 10.48 0.08
2458498.2682593 10.66 0.09
2458498.2684327 10.71 0.09
2458498.2686062 10.63 0.09
2458498.2687796 10.70 0.09
2458498.2689531 10.68 0.09
2458498.2694739 10.49 0.08
2458498.2696475 10.65 0.09
2458498.2698211 10.73 0.09
2458498.2703420 10.65 0.09
2458498.2705156 10.61 0.08
2458498.2706892 10.66 0.09
2458498.2710364 10.67 0.09
2458498.2712100 10.60 0.08
2458498.2713836 10.59 0.08
2458498.2717309 10.73 0.10
2458498.2720781 10.79 0.10
2458498.2732934 10.60 0.08
2458498.2736406 10.66 0.09
2458498.2739878 10.67 0.09
2458498.2743350 10.79 0.10
2458498.2745086 10.61 0.08
2458498.2750295 10.54 0.08
2458498.2752031 10.70 0.09
2458498.2755503 10.57 0.08
2458498.2757239 10.58 0.08
2458498.2758975 10.60 0.08
2458498.2760711 10.76 0.10
2458498.2762448 10.62 0.08
2458498.2764184 10.77 0.10
2458498.2769392 10.62 0.09
2458498.2771128 10.77 0.10
2458498.2776336 10.60 0.08
2458498.2779809 10.58 0.08
2458498.2781545 10.81 0.10
2458498.2783281 10.66 0.09
2458498.2785017 10.64 0.09
2458498.2786753 10.66 0.09
2458498.2788489 10.80 0.10
2458498.2791961 10.57 0.08
2458498.2793697 10.58 0.08
2458498.2795448 10.45 0.07
2458498.2798916 10.69 0.09
2458498.2804120 10.61 0.08
2458498.2811059 10.73 0.10
2458498.2812795 10.56 0.08
2458498.2814531 10.49 0.07
2458498.2821475 10.74 0.10
2458498.2824948 10.72 0.10
2458498.2826684 10.76 0.10
2458498.2828420 10.67 0.09
2458498.2831892 10.63 0.09
2458498.2837100 10.75 0.10
2458498.2840573 10.67 0.09
2458498.2842309 10.74 0.10
2458498.2844045 10.65 0.09
2458498.2847517 10.77 0.10
2458498.2849253 10.65 0.09
2458498.2870086 10.54 0.08
2458498.2877031 10.76 0.10
2458498.2885711 10.49 0.08
2458498.2887447 10.80 0.10
2458498.2889184 10.57 0.08
2458498.2904809 10.86 0.11
2458498.2913489 10.82 0.11
2458498.2918708 10.72 0.10
2458498.2925646 10.58 0.09
2458498.2930850 10.75 0.10
2458498.2944739 10.68 0.10
2458498.2946475 10.60 0.09
2458498.2955156 10.66 0.09
2458498.2958628 10.70 0.10
2458498.2967309 10.67 0.09
2458498.2969045 10.69 0.09
2458498.2970781 10.61 0.09
2458498.2975989 10.66 0.09
2458498.2977725 10.67 0.09
2458498.2979461 10.77 0.10
2458498.2981198 10.66 0.09
2458498.2982934 10.64 0.09
2458498.2984670 10.47 0.08
2458498.2991614 10.60 0.09
2458498.2993350 10.65 0.09
2458498.2995086 10.55 0.08
2458498.3000295 10.66 0.09
2458498.3002031 10.61 0.09
2458498.3003767 10.64 0.09
2458498.3005503 10.61 0.09
2458498.3010711 10.62 0.09
2458498.3012447 10.60 0.09
2458498.3015920 10.59 0.09
2458498.3017656 10.53 0.08
2458498.3024600 10.57 0.08
2458498.3033281 10.71 0.09
2458498.3038500 10.67 0.09
2458498.3041969 10.79 0.10
2458498.3047172 10.70 0.09
2458498.3048907 10.72 0.10
2458498.3054114 10.72 0.10
2458498.3055850 10.77 0.10
2458498.3059323 10.69 0.09
2458498.3061059 10.78 0.10
2458498.3062795 10.51 0.08
2458498.3064531 10.58 0.09
2458498.3066267 10.60 0.09
2458498.3069739 10.52 0.08
2458498.3071475 10.58 0.09
2458498.3073211 10.65 0.09
2458498.3074948 10.64 0.09
2458498.3076684 10.59 0.09
2458498.3080156 10.59 0.09
2458498.3081892 10.63 0.09
2458498.3083628 10.58 0.08
2458498.3085364 10.59 0.09
2458498.3087100 10.63 0.09
2458498.3090572 10.60 0.09
2458498.3092309 10.76 0.10
2458498.3094045 10.76 0.10
2458498.3095781 10.70 0.09
2458498.3097517 10.63 0.09
2458498.3100989 10.63 0.09
2458498.3106197 10.58 0.09
2458498.3107934 10.71 0.10
2458498.3109670 10.70 0.10
2458498.3111406 10.58 0.09
2458498.3113142 10.56 0.08
2458498.3114878 10.50 0.08
2458498.3116614 10.60 0.09
2458498.3118350 10.51 0.08
2458498.3120086 10.66 0.09
2458498.3121822 10.70 0.10
2458498.3123559 10.63 0.09
2458498.3125295 10.54 0.08
2458498.3127031 10.59 0.09
2458498.3128767 10.57 0.09
2458498.3132239 10.70 0.10
2458498.3133975 10.59 0.09
2458498.3137448 10.59 0.09
2458498.3139184 10.52 0.08
2458498.3140920 10.61 0.09
2458498.3144392 10.59 0.09
2458498.3151336 10.63 0.09
2458498.3153073 10.87 0.11
2458498.3158292 10.69 0.10
2458498.3160027 10.72 0.10
2458498.3161761 10.69 0.10
2458498.3163496 10.53 0.08
2458498.3165230 10.58 0.09
2458498.3170434 10.46 0.08
2458498.3175642 10.59 0.09
2458500.2340341 10.74 0.14
2458500.2343813 10.34 0.09
2458500.2357702 10.76 0.14
2458500.2364647 10.49 0.11
2458500.2368119 10.34 0.09
2458500.2373327 10.69 0.13
2458500.2378536 10.54 0.11
2458500.2380272 10.43 0.10
2458500.2388952 10.59 0.12
2458500.2395897 10.70 0.13
2458500.2397633 10.54 0.11
2458500.2399369 10.49 0.11
2458500.2401105 10.45 0.10
2458500.2402841 10.68 0.12
2458500.2404577 10.65 0.12
2458500.2408049 10.67 0.12
2458500.2411522 10.56 0.11
2458500.2414994 10.53 0.11
2458500.2418466 10.64 0.12
2458500.2423674 10.67 0.12
2458500.2427147 10.66 0.12
2458500.2428883 10.75 0.13
2458500.2430619 10.87 0.14
2458500.2434091 10.43 0.10
2458500.2439299 10.69 0.12
2458500.2442772 10.61 0.12
2458500.2446255 10.41 0.09
2458500.2449724 10.63 0.12
2458500.2451458 10.59 0.11
2458500.2453193 10.61 0.11
2458500.2454927 10.54 0.11
2458500.2456661 10.52 0.10
2458500.2458397 10.62 0.11
2458500.2460133 10.52 0.10
2458500.2463605 10.64 0.12
2458500.2465341 10.48 0.10
2458500.2467077 10.47 0.10
2458500.2475758 10.48 0.10
2458500.2477494 10.57 0.11
2458500.2479230 10.46 0.10
2458500.2480966 10.59 0.11
2458500.2484438 10.44 0.10
2458500.2486174 10.57 0.11
2458500.2489647 10.65 0.11
2458500.2494855 10.69 0.12
2458500.2498327 10.64 0.11
2458500.2508744 10.48 0.10
2458500.2513952 10.60 0.11
2458500.2522633 10.51 0.10
2458500.2524369 10.71 0.12
2458500.2529577 10.54 0.10
2458500.2531313 10.53 0.10
2458500.2533049 10.50 0.10
2458500.2534786 10.60 0.11
2458500.2543466 10.52 0.10
2458500.2545202 10.58 0.11
2458500.2546938 10.56 0.11
2458500.2552147 10.53 0.10
2458500.2560827 10.50 0.10
2458500.2566046 10.58 0.11
2458500.2567781 10.67 0.12
2458500.2569515 10.50 0.10
2458500.2579924 10.52 0.10
2458500.2581660 10.56 0.10
2458500.2583397 10.84 0.14
2458500.2588605 10.65 0.11
2458500.2593813 10.69 0.12
2458500.2597285 10.81 0.13
2458500.2600758 10.68 0.12
2458500.2604230 10.86 0.14
2458500.2605966 10.80 0.13
2458500.2607702 10.62 0.11
2458500.2609438 10.67 0.11
2458500.2612911 10.60 0.11
2458500.2618119 10.72 0.12
2458500.2619855 10.62 0.11
2458500.2621591 10.63 0.11
2458500.2626799 10.58 0.10
2458500.2628535 10.66 0.11
2458500.2632008 10.71 0.12
2458500.2635480 10.44 0.09
2458500.2638952 10.68 0.11
2458500.2644160 10.53 0.10
2458500.2663258 10.64 0.11
2458500.2664994 10.48 0.09
2458500.2668466 10.67 0.11
2458500.2673674 10.69 0.11
2458500.2675410 10.85 0.13
2458500.2677147 10.63 0.11
2458500.2680619 10.56 0.10
2458500.2691042 10.76 0.12
2458500.2696245 10.58 0.10
2458500.2697980 10.66 0.11
2458500.2699716 10.84 0.13
2458500.2701452 10.54 0.10
2458500.2703188 10.69 0.11
2458500.2704924 10.50 0.09
2458500.2708397 10.63 0.11
2458500.2713605 10.57 0.10
2458500.2715341 10.61 0.10
2458500.2717077 10.64 0.11
2458500.2718813 10.54 0.10
2458500.2720549 10.62 0.11
2458500.2722285 10.64 0.11
2458500.2724022 10.80 0.12
2458500.2725758 10.78 0.12
2458500.2729230 10.89 0.13
2458500.2730966 10.60 0.10
2458500.2732702 10.74 0.12
2458500.2734438 10.50 0.09
2458500.2736174 10.71 0.11
2458500.2737910 10.67 0.11
2458500.2744855 10.70 0.12
2458500.2746591 10.67 0.11
2458500.2750063 10.58 0.10
2458500.2751799 10.68 0.11
2458500.2753535 10.62 0.11
2458500.2757008 10.73 0.12
2458500.2760480 10.57 0.10
2458500.2763952 10.68 0.11
2458500.2765688 10.61 0.10
2458500.2767424 10.57 0.10
2458500.2769161 10.65 0.11
2458500.2772633 10.69 0.11
2458500.2776105 10.68 0.11
2458500.2779577 10.66 0.11
2458500.2781313 10.64 0.11
2458500.2783049 10.71 0.12
2458500.2784786 10.64 0.11
2458500.2789994 10.70 0.11
2458500.2791730 10.54 0.10
2458500.2793466 10.63 0.11
2458500.2798674 10.69 0.11
2458500.2800410 10.60 0.10
2458500.2802147 10.61 0.10
2458500.2807365 10.50 0.09
2458500.2810834 10.54 0.10
2458500.2819508 10.52 0.09
2458500.2821244 10.59 0.10
2458500.2826452 10.71 0.11
2458500.2829924 10.79 0.12
2458500.2833397 10.51 0.09
2458500.2835133 10.66 0.11
2458500.2836869 10.59 0.10
2458500.2838605 10.69 0.11
2458500.2842077 10.72 0.11
2458500.2843813 10.60 0.10
2458500.2845549 10.74 0.12
2458500.2847286 10.68 0.11
2458500.2849022 10.73 0.11
2458500.2861174 10.82 0.12
2458500.2862911 10.61 0.10
2458500.2866383 10.85 0.13
2458500.2868119 10.63 0.11
2458500.2869855 10.49 0.09
2458500.2871591 10.52 0.10
2458500.2875063 10.59 0.10
2458500.2878535 10.60 0.10
2458500.2882008 10.59 0.10
2458500.2883744 10.62 0.10
2458500.2887216 10.68 0.11
2458500.2888952 10.40 0.09
2458500.2892424 10.69 0.11
2458500.2894160 10.58 0.10
2458500.2899369 10.65 0.11
2458500.2901105 10.63 0.10
2458500.2908049 10.70 0.11
2458500.2909785 10.41 0.08
2458500.2911522 10.59 0.10
2458500.2914994 10.61 0.10
2458500.2920202 10.68 0.10
2458500.2921938 10.59 0.10
2458500.2925423 10.74 0.11
2458500.2928892 10.81 0.12