2458467.3670250 10.94 0.14
2458467.3684139 11.03 0.15
2458467.3687611 10.99 0.15
2458467.3696292 10.98 0.14
2458467.3699764 10.99 0.14
2458467.3701500 10.94 0.14
2458467.3704972 10.98 0.14
2458467.3711917 11.06 0.16
2458467.3713653 11.11 0.16
2458467.3715389 10.97 0.14
2458467.3725806 11.01 0.15
2458467.3729278 10.87 0.13
2458467.3732750 10.92 0.14
2458467.3734486 11.07 0.16
2458467.3736223 10.96 0.14
2458467.3737959 10.93 0.14
2458467.3744903 11.03 0.15
2458467.3746639 10.85 0.13
2458467.3748375 10.90 0.13
2458467.3751848 11.14 0.17
2458467.3757067 10.86 0.13
2458467.3762270 10.97 0.14
2458467.3764005 10.94 0.14
2458467.3770945 11.04 0.15
2458467.3772681 10.98 0.14
2458467.3774417 10.94 0.14
2458467.3779625 10.75 0.12
2458467.3781361 11.09 0.16
2458467.3788306 11.10 0.16
2458467.3790042 10.88 0.13
2458467.3791778 11.01 0.15
2458467.3803931 10.90 0.14
2458467.3805667 11.02 0.15
2458467.3809139 10.91 0.14
2458467.3812611 11.03 0.15
2458467.3814348 10.99 0.15
2458467.3817820 10.97 0.14
2458467.3819556 11.02 0.15
2458467.3821292 10.98 0.15
2458467.3833445 10.99 0.15
2458467.3835181 11.02 0.15
2458467.3850806 11.06 0.16
2458467.3869903 10.88 0.14
2458467.3880327 10.89 0.14
2458467.3882061 10.97 0.15
2458467.3883795 11.09 0.16
2458467.3890736 10.99 0.15
2458467.3901153 11.11 0.17
2458467.3906361 10.92 0.14
2458467.3908098 10.95 0.14
2458467.3911570 11.02 0.15
2458467.3913306 10.78 0.12
2458467.3915042 10.86 0.13
2458467.3925459 10.98 0.15
2458467.3928931 11.03 0.16
2458467.3932403 11.01 0.15
2458467.3939347 10.93 0.14
2458467.3949764 10.95 0.14
2458467.3951500 11.07 0.16
2458467.3970598 10.96 0.15
2458467.3972334 10.88 0.14
2458467.3977542 10.86 0.13
2458467.4000118 10.91 0.14
2458467.4003586 11.05 0.16
2458467.4005321 10.83 0.13
2458467.4008792 11.13 0.17
2458467.4019209 10.90 0.14
2458467.4022681 10.86 0.13
2458467.4053931 11.05 0.16
2458467.4055667 10.70 0.12
2458467.4059139 10.92 0.14
2458467.4064348 10.92 0.14
2458467.4073028 10.84 0.13
2458467.4079972 10.96 0.15
2458467.4090389 11.01 0.16
2458467.4095597 11.01 0.15
2458467.4112971 10.98 0.15
2458467.4116440 11.07 0.16
2458467.4121643 10.99 0.15
2458467.4128584 10.83 0.13
2458467.4133792 10.84 0.13
2458467.4137264 10.90 0.14
2458467.4140736 11.05 0.16
2458467.4145945 10.90 0.14
2458467.4147681 10.81 0.13
2458467.4168514 10.79 0.13
2458467.4173722 10.93 0.15
2458467.4175459 10.90 0.14
2458467.4177195 10.88 0.14
2458467.4178931 11.00 0.16
2458467.4187611 10.88 0.14
2458469.3667865 11.07 0.12
2458469.3670135 10.85 0.09
2458469.3675343 11.05 0.11
2458469.3677079 11.05 0.11
2458469.3678815 11.07 0.12
2458469.3682287 10.90 0.10
2458469.3684023 11.03 0.11
2458469.3685760 11.22 0.13
2458469.3687496 10.95 0.10
2458469.3690968 10.88 0.10
2458469.3692704 11.00 0.11
2458469.3694440 11.00 0.11
2458469.3699648 10.90 0.10
2458469.3701384 10.84 0.09
2458469.3703121 11.19 0.13
2458469.3704857 11.12 0.12
2458469.3706593 11.14 0.13
2458469.3711801 11.03 0.11
2458469.3713537 10.96 0.10
2458469.3715273 11.00 0.11
2458469.3717009 11.15 0.12
2458469.3720482 11.16 0.13
2458469.3722218 11.14 0.12
2458469.3723954 10.97 0.11
2458469.3725690 11.02 0.11
2458469.3727426 11.01 0.11
2458469.3729162 11.27 0.14
2458469.3730898 11.05 0.11
2458469.3732635 10.98 0.11
2458469.3734371 11.05 0.11
2458469.3736107 10.91 0.10
2458469.3737843 11.04 0.11
2458469.3743051 10.92 0.10
2458469.3744787 11.11 0.12
2458469.3749996 11.01 0.11
2458469.3753468 11.05 0.11
2458469.3755204 10.93 0.10
2458469.3756940 10.97 0.11
2458469.3765628 11.03 0.11
2458469.3769097 11.05 0.11
2458469.3774301 11.03 0.11
2458469.3776037 10.97 0.11
2458469.3781246 11.09 0.12
2458469.3786454 10.94 0.10
2458488.3044163 11.08 0.15
2458488.3045899 11.13 0.15
2458488.3047635 11.08 0.15
2458488.3049371 10.96 0.13
2458488.3051107 11.00 0.14
2458488.3052844 10.99 0.14
2458488.3054579 10.99 0.14
2458488.3056316 10.94 0.13
2458488.3058052 10.94 0.13
2458488.3059788 10.93 0.13
2458488.3061524 10.82 0.12
2458488.3063260 10.95 0.13
2458488.3064996 11.03 0.14
2458488.3066732 11.05 0.14
2458488.3071941 11.06 0.14
2458488.3075413 10.88 0.13
2458488.3077149 10.91 0.13
2458488.3080621 10.79 0.11
2458488.3084093 10.90 0.13
2458488.3085830 10.88 0.12
2458488.3087566 10.82 0.12
2458488.3091038 10.96 0.13
2458488.3092788 11.03 0.14
2458488.3094522 11.04 0.14
2458488.3097991 10.82 0.12
2458488.3099726 10.84 0.12
2458488.3103194 10.92 0.13
2458488.3106663 10.93 0.13
2458488.3111871 10.93 0.13
2458488.3113607 10.99 0.14
2458488.3115344 11.05 0.15
2458488.3117080 10.91 0.13
2458488.3120552 11.02 0.14
2458488.3124024 10.94 0.13
2458488.3125760 10.98 0.14
2458488.3129232 10.94 0.13
2458488.3130969 10.87 0.13
2458488.3134441 10.82 0.12
2458488.3137913 10.98 0.14
2458488.3139649 11.04 0.15
2458488.3144857 11.00 0.14
2458488.3146593 10.82 0.12
2458488.3148330 10.99 0.14
2458488.3150066 11.04 0.15
2458488.3153538 10.99 0.14
2458488.3158746 10.77 0.12
2458488.3165691 10.89 0.13
2458488.3167427 10.94 0.14
2458488.3170899 10.89 0.13
2458488.3172635 10.97 0.14
2458488.3174371 10.81 0.12
2458488.3176107 10.91 0.13
2458488.3177844 10.95 0.14
2458488.3179580 10.93 0.13
2458488.3181316 11.08 0.15
2458488.3183052 10.98 0.14
2458488.3188260 10.93 0.13
2458488.3189996 10.97 0.14
2458488.3196941 10.95 0.14
2458488.3198677 11.05 0.15
2458488.3200413 10.89 0.13
2458488.3202149 11.03 0.15
2458488.3203885 10.99 0.14
2458488.3205621 11.04 0.15
2458488.3207357 10.74 0.12
2458488.3210830 10.95 0.14
2458488.3212579 10.92 0.13
2458488.3226455 10.91 0.13
2458488.3233399 10.92 0.13
2458488.3236871 10.99 0.14
2458488.3240343 10.71 0.11
2458488.3242080 11.05 0.15
2458488.3250760 10.86 0.13
2458488.3252496 10.83 0.13
2458488.3255969 10.97 0.14
2458488.3257705 10.95 0.14
2458488.3262913 11.05 0.15
2458488.3273330 11.02 0.15
2458488.3275066 10.93 0.14
2458488.3282010 10.87 0.13
2458488.3283746 11.02 0.15
2458488.3287218 10.86 0.13
2458488.3290691 10.93 0.14
2458488.3294163 10.84 0.13
2458488.3295899 10.91 0.14
2458488.3297635 10.93 0.14
2458488.3301107 11.03 0.15
2458488.3306316 10.91 0.14
2458488.3313260 10.70 0.11
2458488.3316732 10.91 0.13
2458488.3318468 10.89 0.13
2458488.3320205 10.94 0.14
2458488.3321941 11.11 0.16
2458488.3323677 10.96 0.14
2458488.3325413 10.94 0.14
2458488.3327149 10.86 0.13
2458488.3328885 10.80 0.12
2458488.3330621 10.94 0.14
2458488.3334105 10.97 0.14
2458488.3335839 11.03 0.15
2458488.3337574 10.85 0.13
2458488.3341043 10.92 0.14
2458488.3342777 10.98 0.15
2458488.3344511 10.90 0.13
2458488.3346246 10.97 0.14
2458488.3353191 11.02 0.15
2458488.3358399 11.01 0.15
2458488.3361871 10.96 0.14
2458488.3365344 10.96 0.14
2458488.3367080 10.92 0.14
2458488.3368816 11.03 0.15
2458488.3370552 10.91 0.14
2458488.3372288 10.76 0.12
2458488.3374024 10.91 0.14
2458488.3375760 11.14 0.17
2458488.3379232 10.87 0.13
2458488.3380968 11.00 0.15
2458488.3384441 11.00 0.15
2458488.3386177 10.73 0.12
2458488.3391385 10.85 0.13
2458488.3394857 10.91 0.14
2458488.3396593 11.05 0.16
2458488.3398330 10.79 0.12
2458488.3400066 10.79 0.12
2458488.3401802 10.85 0.13
2458488.3405274 10.84 0.13
2458488.3408746 10.92 0.14
2458488.3410482 11.00 0.15
2458488.3424371 11.02 0.15
2458488.3426107 10.75 0.12
2458488.3427844 10.96 0.14
2458488.3433052 10.88 0.13
2458488.3436524 10.85 0.13
2458488.3438260 10.93 0.14
2458488.3439996 10.89 0.14
2458488.3450413 10.94 0.14
2458488.3453896 10.91 0.14
2458488.3457365 10.90 0.14
2458488.3460834 10.90 0.14
2458488.3464303 11.00 0.15
2458488.3466038 10.83 0.13
2458488.3467774 11.09 0.16
2458488.3469510 10.79 0.13
2458488.3472982 10.86 0.13
2458488.3474718 10.88 0.14
2458488.3476455 11.04 0.16
2458488.3481663 10.86 0.13
2458488.3483399 10.87 0.13
2458488.3485135 10.93 0.14
2458488.3486871 10.96 0.14
2458488.3490344 10.92 0.14
2458488.3492080 10.92 0.14
2458488.3493816 11.06 0.16
2458488.3499024 10.93 0.14
2458488.3500760 10.89 0.13
2458488.3504232 10.90 0.14
2458488.3509441 10.93 0.14
2458488.3511177 10.82 0.13
2458488.3512913 10.93 0.14
2458488.3514649 10.96 0.14
2458488.3519857 11.01 0.15
2458488.3523330 11.03 0.15
2458488.3525066 10.97 0.14
2458488.3526802 10.90 0.14
2458488.3528538 10.97 0.15
2458488.3532010 10.79 0.12
2458488.3535482 10.97 0.15
2458488.3542427 10.76 0.12
2458488.3545899 10.92 0.14
2458488.3547635 10.94 0.14
2458488.3549371 10.89 0.14
2458488.3551107 11.03 0.15
2458488.3552843 10.74 0.12
2458488.3554580 11.03 0.15
2458488.3556316 10.95 0.14
2458488.3558052 11.10 0.17
2458488.3559788 10.92 0.14
2458488.3561524 10.94 0.14
2458488.3563260 10.91 0.14
2458488.3564996 10.88 0.13
2458488.3566732 11.08 0.16
2458488.3568469 11.02 0.15
2458488.3570218 11.00 0.15
2458488.3571953 10.98 0.14
2458488.3573687 10.93 0.14
2458488.3575422 10.91 0.14
2458488.3577156 10.99 0.15
2458488.3582360 10.78 0.12
2458488.3587566 10.95 0.14
2458488.3589302 10.92 0.14
2458488.3591038 10.81 0.13
2458488.3594510 10.94 0.14
2458488.3596246 10.87 0.13
2458488.3599718 10.94 0.14
2458488.3601455 10.67 0.11
2458488.3603191 10.99 0.15
2458488.3604927 10.81 0.13
2458488.3606663 10.88 0.13
2458488.3611871 10.65 0.11
2458488.3615343 10.93 0.14
2458488.3617080 10.90 0.14
2458488.3618816 10.86 0.13
2458488.3625760 10.96 0.14
2458488.3627496 10.91 0.14
2458488.3636177 10.93 0.14
2458488.3637913 10.88 0.14
2458488.3641385 10.74 0.12
2458488.3644857 10.88 0.13
2458488.3648330 11.00 0.15
2458488.3653538 10.78 0.12
2458488.3655274 10.90 0.14
2458488.3657010 10.91 0.14
2458488.3658746 10.94 0.14
2458488.3662219 11.02 0.15
2458488.3663955 10.67 0.11
2458488.3667427 10.68 0.11
2458488.3676107 10.96 0.14
2458488.3684788 10.92 0.14
2458488.3688260 10.93 0.14
2458488.3695213 10.95 0.15
2458488.3696948 10.83 0.13
2458488.3698682 10.75 0.12
2458488.3700417 10.96 0.15
2458488.3702150 10.72 0.12
2458488.3707357 10.75 0.12
2458488.3709093 10.82 0.13
2458488.3710830 10.89 0.14
2458488.3712566 10.79 0.13
2458488.3721246 10.78 0.13
2458488.3724718 10.96 0.15
2458488.3733399 10.79 0.13
2458488.3735135 10.81 0.13
2458488.3736871 11.00 0.15
2458488.3738607 10.93 0.15
2458488.3740343 11.03 0.16
2458493.2524947 11.07 0.14
2458493.2526684 10.90 0.12
2458493.2530156 10.82 0.12
2458493.2531892 11.00 0.14
2458493.2533628 10.97 0.13
2458493.2535364 10.96 0.13
2458493.2537100 10.94 0.13
2458493.2540586 10.65 0.10
2458493.2544055 10.92 0.12
2458493.2549258 11.04 0.14
2458493.2550993 10.96 0.13
2458493.2552727 11.10 0.15
2458493.2556198 10.93 0.13
2458493.2557934 11.02 0.14
2458493.2561406 10.94 0.13
2458493.2563142 10.83 0.11
2458493.2564878 10.99 0.13
2458493.2566614 10.89 0.12
2458493.2568350 11.06 0.14
2458493.2570086 11.03 0.14
2458493.2571823 10.78 0.11
2458493.2573559 10.74 0.10
2458493.2577031 10.91 0.12
2458493.2578767 10.90 0.12
2458493.2580503 10.72 0.10
2458493.2585711 10.98 0.13
2458493.2587447 10.91 0.12
2458493.2589184 10.84 0.12
2458493.2590920 10.94 0.13
2458493.2592656 10.99 0.13
2458493.2594392 10.85 0.12
2458493.2596128 11.04 0.14
2458493.2597864 10.98 0.13
2458493.2601336 11.03 0.14
2458493.2603072 10.93 0.13
2458493.2604809 10.89 0.12
2458493.2606545 11.13 0.15
2458493.2610017 10.85 0.12
2458493.2611753 10.80 0.11
2458493.2613489 10.88 0.12
2458493.2615225 10.89 0.12
2458493.2618697 11.01 0.13
2458493.2620434 10.88 0.12
2458493.2622170 10.93 0.12
2458493.2625642 11.05 0.14
2458493.2629114 10.90 0.12
2458493.2630850 11.03 0.14
2458493.2632586 10.96 0.13
2458493.2636059 10.78 0.11
2458493.2637795 10.97 0.13
2458493.2643003 10.92 0.12
2458493.2644739 10.93 0.12
2458493.2646475 10.95 0.13
2458493.2648211 10.83 0.11
2458493.2655156 11.08 0.14
2458493.2658628 10.81 0.11
2458493.2667316 10.75 0.10
2458493.2669050 10.94 0.12
2458493.2670784 10.82 0.11
2458493.2674253 10.86 0.12
2458493.2677725 11.00 0.13
2458493.2682934 10.85 0.12
2458493.2684670 10.97 0.13
2458493.2688142 10.82 0.11
2458493.2689878 11.09 0.14
2458493.2693350 10.82 0.11
2458493.2695086 10.91 0.12
2458493.2696822 10.82 0.11
2458493.2698559 11.06 0.14
2458493.2702031 10.81 0.11
2458493.2703767 10.88 0.12
2458493.2705503 11.08 0.14
2458493.2707239 10.89 0.12
2458493.2708975 10.99 0.13
2458493.2710711 10.76 0.11
2458493.2712448 11.08 0.14
2458493.2714184 10.90 0.12
2458493.2715920 10.90 0.12
2458493.2717656 10.82 0.11
2458493.2721128 11.11 0.15
2458493.2726336 11.02 0.13
2458493.2728073 11.15 0.15
2458493.2729809 11.09 0.14
2458493.2731545 11.02 0.13
2458493.2733281 10.97 0.13
2458493.2735017 11.08 0.14
2458493.2736753 10.90 0.12
2458493.2738489 10.91 0.12
2458493.2740225 11.08 0.14
2458493.2741961 11.06 0.14
2458493.2743697 11.03 0.14
2458493.2745434 11.12 0.15
2458493.2748906 10.73 0.10
2458493.2750642 10.99 0.13
2458493.2752378 10.80 0.11
2458493.2754114 10.98 0.13
2458493.2755850 10.81 0.11
2458493.2757586 10.82 0.11
2458493.2759322 10.88 0.12
2458493.2761059 10.69 0.10
2458493.2762795 11.20 0.16
2458493.2766267 11.05 0.14
2458493.2768003 10.83 0.11
2458493.2773211 10.89 0.12
2458493.2774947 11.00 0.13
2458493.2778420 10.99 0.13
2458493.2780169 11.05 0.14
2458493.2781904 10.94 0.13
2458493.2783638 11.10 0.14
2458493.2787107 10.97 0.13
2458493.2788841 10.94 0.12
2458493.2790576 11.17 0.15
2458493.2792310 11.15 0.15
2458493.2794045 11.04 0.14
2458493.2797517 10.94 0.13
2458493.2799253 10.98 0.13
2458493.2800989 11.06 0.14
2458493.2804461 11.05 0.14
2458493.2806198 10.97 0.13
2458493.2807934 11.03 0.14
2458493.2809670 11.16 0.15
2458493.2813142 10.98 0.13
2458493.2814878 10.96 0.13
2458493.2816614 11.15 0.15
2458493.2820086 11.03 0.14
2458493.2823559 11.05 0.14
2458493.2825295 10.85 0.12
2458493.2828767 11.01 0.13
2458493.2830503 11.02 0.13
2458493.2832239 11.05 0.14
2458493.2833975 10.96 0.13
2458493.2835711 10.96 0.13
2458493.2837447 11.04 0.14
2458493.2839184 10.82 0.11
2458493.2840920 10.97 0.13
2458493.2844392 10.99 0.13
2458493.2847864 10.98 0.13
2458493.2849600 11.11 0.15
2458493.2851336 11.02 0.14
2458493.2854809 11.10 0.15
2458493.2860017 11.02 0.14
2458493.2861753 11.08 0.14
2458493.2863489 11.05 0.14
2458493.2872170 11.04 0.14
2458493.2880850 11.02 0.14
2458493.2884323 10.98 0.13
2458493.2886059 11.01 0.13
2458493.2893003 10.98 0.13
2458493.2894739 10.97 0.13
2458493.2896475 10.97 0.13
2458493.2899961 11.16 0.15
2458493.2901695 11.05 0.14
2458493.2905164 10.93 0.12
2458493.2906898 11.23 0.16
2458493.2910367 11.02 0.14
2458493.2912102 11.03 0.14
2458493.2913836 11.14 0.15
2458493.2917309 11.06 0.14
2458493.2919045 11.01 0.13
2458493.2920781 11.05 0.14
2458493.2922517 10.93 0.12
2458493.2924253 11.01 0.13
2458493.2927725 11.07 0.14
2458493.2929461 11.03 0.13
2458493.2931197 10.99 0.13
2458493.2934670 10.94 0.13
2458493.2936406 11.02 0.14
2458493.2938142 10.93 0.12
2458493.2939878 11.08 0.14
2458493.2945086 11.02 0.13
2458493.2946823 11.17 0.16
2458493.2948559 11.04 0.14
2458493.2950295 10.87 0.12
2458493.2952031 11.17 0.15
2458493.2955503 11.09 0.14
2458493.2957239 11.08 0.14
2458493.2958975 11.05 0.14
2458493.2960711 11.01 0.13
2458493.2962448 10.93 0.12
2458493.2964184 11.12 0.15
2458493.2965920 11.04 0.14
2458493.2967656 11.14 0.15
2458493.2969392 11.14 0.15
2458493.2971128 11.02 0.14
2458493.2972864 11.17 0.16
2458493.2974600 11.12 0.15
2458493.2976336 11.20 0.16
2458493.2978072 11.01 0.13
2458493.2979809 11.11 0.15
2458493.2983281 11.04 0.14
2458493.2990225 11.15 0.15
2458493.2993697 10.90 0.12
2458493.2998906 11.11 0.15
2458493.3000642 11.03 0.14
2458493.3004114 11.06 0.14
2458493.3021591 11.06 0.14
2458493.3025063 10.93 0.13
2458493.3028536 10.91 0.12
2458493.3033744 11.04 0.14
2458493.3035480 10.97 0.13
2458493.3044161 10.98 0.13
2458493.3045897 10.90 0.12
2458493.3047633 11.14 0.15
2458493.3049369 11.00 0.13
2458493.3056313 11.06 0.14
2458493.3059785 11.22 0.16
2458493.3061522 11.01 0.14
2458493.3063258 10.90 0.12
2458493.3066730 11.02 0.13
2458493.3071938 10.95 0.13
2458493.3075410 11.01 0.13
2458493.3077147 11.28 0.17
2458493.3078883 11.00 0.13
2458493.3080619 11.08 0.14
2458493.3082355 11.23 0.16
2458493.3084091 11.03 0.13
2458493.3087563 10.91 0.12
2458493.3089299 11.05 0.14
2458493.3091036 11.15 0.15
2458493.3092772 11.16 0.15
2458493.3094508 11.08 0.14
2458493.3096244 11.00 0.13
2458493.3097980 11.05 0.14
2458493.3099716 11.10 0.15
2458493.3101452 10.97 0.13
2458493.3104924 11.00 0.13
2458493.3106661 10.89 0.12
2458493.3108397 11.07 0.14
2458493.3111869 11.00 0.13
2458493.3115341 10.98 0.13
2458493.3117077 11.19 0.15
2458493.3118813 10.99 0.13
2458493.3120549 11.17 0.15
2458493.3122298 11.08 0.14
2458493.3124033 11.13 0.15
2458493.3125767 11.08 0.14
2458493.3127502 11.21 0.16
2458493.3130971 11.16 0.15
2458493.3132705 10.99 0.13
2458493.3134439 11.06 0.14
2458493.3136174 10.86 0.11
2458493.3137910 11.05 0.14
2458493.3139647 11.02 0.13
2458493.3144855 11.09 0.14
2458493.3148327 11.04 0.14
2458493.3151799 10.97 0.13
2458493.3153535 11.12 0.14
2458493.3155272 11.05 0.14
2458493.3157008 11.07 0.14
2458493.3162216 11.14 0.15
2458493.3165688 11.02 0.13
2458493.3167424 11.04 0.14
2458493.3169161 11.01 0.13
2458493.3170897 11.14 0.15
2458493.3172633 11.20 0.16
2458493.3176105 10.99 0.13
2458493.3177841 11.04 0.14
2458493.3179577 11.18 0.15
2458493.3184786 10.99 0.13
2458493.3188258 11.00 0.13
2458493.3193466 10.83 0.11
2458493.3195202 11.00 0.13
2458493.3198674 10.95 0.12
2458493.3200411 10.93 0.12
2458493.3202147 11.14 0.15
2458493.3203883 11.05 0.14
2458493.3205619 11.03 0.13
2458493.3210827 10.91 0.12
2458493.3214299 11.02 0.13
2458493.3217772 11.02 0.13
2458493.3221244 11.03 0.13
2458493.3224716 10.98 0.13
2458493.3231662 11.08 0.14
2458493.3236869 10.95 0.12
2458493.3238605 10.92 0.12
2458493.3240341 11.03 0.13
2458493.3243824 10.96 0.12
2458493.3250762 11.02 0.13
2458493.3252497 10.85 0.11
2458493.3257702 11.05 0.13
2458493.3261174 11.08 0.14
2458493.3262911 11.00 0.13
2458493.3269855 10.98 0.13
2458493.3271591 11.01 0.13
2458493.3275063 11.20 0.15
2458493.3276799 10.97 0.13
2458493.3278536 11.03 0.13
2458493.3285480 11.16 0.15
2458493.3287216 11.23 0.16
2458493.3290688 11.01 0.13
2458493.3292430 11.24 0.16
2458493.3294160 11.05 0.13
2458493.3299369 11.10 0.14
2458493.3301105 11.10 0.14
2458493.3304577 11.03 0.13
2458493.3313258 10.99 0.13
2458493.3314994 11.05 0.13
2458493.3316730 10.96 0.12
2458493.3318466 10.88 0.11
2458493.3320202 10.93 0.12
2458493.3321938 11.00 0.13
2458493.3323674 10.87 0.11
2458493.3325411 11.00 0.13
2458493.3327147 11.06 0.14
2458493.3328883 10.89 0.12
2458493.3330619 11.20 0.15
2458493.3332355 10.96 0.12
2458493.3334091 10.95 0.12
2458493.3339299 11.20 0.15
2458493.3341036 11.19 0.15
2458493.3344508 11.12 0.15
2458493.3346244 11.02 0.13
2458493.3349716 11.04 0.13
2458493.3351452 10.98 0.13
2458493.3353188 11.15 0.15
2458493.3356661 11.07 0.14
2458493.3358397 11.03 0.13
2458493.3360133 11.15 0.15
2458493.3361882 11.04 0.13
2458493.3363616 11.07 0.14
2458493.3365351 11.02 0.13
2458493.3367085 11.25 0.16
2458493.3368820 11.07 0.14
2458493.3370554 11.23 0.16
2458493.3372288 10.88 0.12
2458493.3374023 10.99 0.13
2458493.3375758 11.11 0.14
2458493.3382702 11.05 0.14
2458493.3384438 10.95 0.12
2458493.3391383 11.05 0.14
2458493.3393119 11.00 0.13
2458493.3396591 11.01 0.13
2458493.3403536 10.95 0.13
2458493.3407008 11.01 0.13
2458493.3410480 11.00 0.13
2458493.3412216 11.17 0.15
2458493.3415688 11.03 0.14
2458493.3417424 11.19 0.16
2458493.3420897 11.00 0.13
2458493.3424369 11.02 0.13
2458493.3426105 11.10 0.14
2458493.3429577 11.05 0.14
2458493.3431313 11.00 0.13
2458493.3433049 10.94 0.12
2458493.3434786 11.01 0.13
2458493.3436522 11.00 0.13
2458493.3438258 11.15 0.15
2458493.3441730 11.01 0.13
2458493.3443466 11.23 0.16
2458493.3448674 11.08 0.14
2458493.3455619 11.08 0.14
2458493.3459091 11.02 0.13
2458493.3466035 10.98 0.13
2458493.3471244 10.97 0.13
2458493.3472980 10.94 0.13
2458493.3474716 10.97 0.13
2458493.3476452 10.92 0.12
2458493.3478188 10.98 0.13
2458493.3500758 10.86 0.12
2458493.3504230 11.17 0.15
2458493.3512911 11.16 0.15
2458493.3514647 10.99 0.13
2458493.3516383 11.03 0.13
2458493.3523327 11.02 0.13
2458493.3530272 11.17 0.15
2458493.3535480 11.03 0.13
2458493.3537216 11.11 0.15
2458493.3540688 11.18 0.15
2458493.3545897 11.02 0.13
2458493.3551105 11.02 0.13
2458493.3559786 11.07 0.14
2458493.3561522 11.09 0.14
2458493.3563258 11.13 0.15
2458493.3564994 11.16 0.15
2458493.3566730 11.03 0.13
2458493.3570202 11.05 0.14
2458493.3571938 10.99 0.13
2458493.3575411 11.05 0.14
2458493.3577147 11.10 0.14
2458493.3578883 11.01 0.13
2458493.3582355 11.16 0.15
2458493.3584091 11.10 0.14
2458493.3585827 11.15 0.15
2458493.3587563 11.00 0.13
2458493.3589299 11.09 0.14
2458493.3591036 11.09 0.14
2458493.3592772 11.12 0.15
2458493.3599716 11.17 0.15
2458493.3601465 11.02 0.13
2458493.3603199 11.04 0.14
2458493.3604934 11.10 0.14
2458493.3610137 11.01 0.13
2458493.3611871 10.95 0.13
2458493.3613606 11.00 0.13
2458493.3617077 11.14 0.15
2458493.3618813 11.06 0.14
2458493.3622285 11.14 0.15
2458493.3624022 10.99 0.13
2458493.3629230 10.89 0.12
2458493.3632702 10.96 0.13
2458493.3634438 10.89 0.12
2458493.3636174 11.00 0.13
2458493.3641383 10.96 0.13
2458493.3646591 11.20 0.16
2458493.3648327 10.91 0.12
2458493.3650063 11.20 0.16
2458493.3651799 10.84 0.11
2458493.3653536 10.98 0.13
2458493.3660480 11.06 0.14
2458493.3662216 10.92 0.12
2458493.3663952 11.15 0.15
2458493.3665688 11.02 0.13
2458493.3667424 10.93 0.12
2458493.3669161 11.00 0.13
2458493.3670897 11.04 0.13
2458493.3672633 11.05 0.14
2458493.3674369 11.06 0.14
2458493.3677841 11.21 0.16
2458493.3679577 10.93 0.12
2458493.3681313 11.09 0.14
2458493.3683049 11.02 0.13
2458493.3684785 11.09 0.14
2458493.3688258 11.12 0.15
2458493.3691730 10.89 0.12
2458493.3693466 11.14 0.15
2458493.3695202 11.08 0.14
2458493.3696938 11.13 0.15
2458493.3698674 11.01 0.13
2458493.3702147 11.10 0.14
2458493.3703883 11.12 0.15
2458493.3710827 11.21 0.16
2458493.3712563 11.09 0.14
2458493.3717772 11.16 0.15
2458493.3719508 10.95 0.13
2458493.3722991 11.07 0.14
2458493.3724725 11.10 0.15
2458493.3728194 11.15 0.15
2458493.3731663 11.21 0.16
2458493.3733397 10.97 0.13
2458493.3736869 10.91 0.12
2458493.3747286 11.18 0.16
2458493.3750758 10.78 0.11
2458493.3752494 11.12 0.15
2458493.3755966 10.88 0.12
2458493.3759438 10.98 0.13
2458493.3761174 11.07 0.14
2458493.3762910 10.82 0.11
2458493.3769855 11.04 0.14
2458493.3782008 11.03 0.14
2458493.3788952 10.98 0.13
2458493.3792424 10.78 0.11
2458493.3797633 11.08 0.14
2458493.3806313 10.97 0.13
2458493.3808049 11.06 0.14
2458493.3809786 11.08 0.14
2458493.3811522 11.18 0.16
2458493.3814994 11.15 0.16
2458493.3818466 10.99 0.13
2458493.3823674 10.95 0.13
2458493.3825411 11.07 0.15
2458493.3827147 10.90 0.12
2458493.3837563 11.10 0.15
2458493.3839313 11.12 0.15
2458493.3844517 11.06 0.14
2458493.3847985 10.95 0.13
2458493.3849720 11.04 0.14
2458493.3851454 11.10 0.15
2458493.3853189 11.03 0.14
2458493.3854924 10.96 0.13
2458493.3856660 10.99 0.14
2458493.3860133 10.85 0.12
2458493.3861869 10.90 0.13
2458493.3863605 11.04 0.14
2458493.3870549 11.00 0.14
2458493.3872286 11.07 0.15
2458493.3874022 11.06 0.14
2458493.3884438 11.03 0.14
2458493.3886174 10.91 0.13
2458493.3887911 10.90 0.12
2458493.3889647 11.09 0.15
2458493.3901799 10.90 0.13
2458493.3905272 10.91 0.12
2458493.3907008 11.12 0.15
2458493.3908744 11.12 0.15
2458493.3910480 10.92 0.13
2458493.3912216 10.95 0.13
2458493.3913952 10.95 0.13
2458493.3919160 11.07 0.15
2458493.3920897 11.10 0.15
2458493.3922633 10.95 0.13
2458493.3926105 11.18 0.16
2458493.3931313 11.02 0.14
2458493.3933049 11.07 0.15
2458493.3936522 10.91 0.13
2458493.3939994 11.09 0.15
2458493.3941730 11.00 0.14
2458493.3943466 10.94 0.13
2458493.3945202 11.02 0.14
2458493.3946938 10.90 0.13
2458493.3948674 10.91 0.13
2458493.3950411 11.14 0.16
2458493.3952147 10.95 0.13
2458493.3953883 11.06 0.15
2458493.3955619 11.02 0.14
2458493.3959105 11.07 0.15
2458493.3960839 11.03 0.14
2458493.3962574 11.12 0.15
2458493.3964308 11.05 0.15
2458493.3966043 11.17 0.16
2458493.3967777 11.05 0.15
2458493.3974716 11.06 0.15
2458493.3976452 10.91 0.13
2458493.3978188 10.89 0.13
2458493.3979924 11.10 0.15
2458493.3981661 11.00 0.14
2458493.3983397 10.95 0.13
2458493.3985133 11.00 0.14
2458493.3986869 11.00 0.14
2458493.3988605 10.94 0.13
2458493.3990341 10.99 0.14
2458493.3992077 10.96 0.13
2458493.3993813 11.00 0.14
2458493.3995549 11.06 0.15
2458493.3997285 11.03 0.14
2458493.3999022 11.12 0.16
2458493.4004230 11.14 0.16
2458493.4007702 11.05 0.15
2458493.4011174 11.13 0.16
2458493.4012910 11.14 0.16
2458493.4018119 11.06 0.15
2458493.4019855 11.08 0.15
2458493.4021591 11.06 0.15
2458493.4023327 10.89 0.13
2458493.4026799 10.95 0.13
2458493.4028536 10.90 0.13
2458493.4030272 11.03 0.14
2458493.4037216 11.17 0.16
2458493.4038952 10.89 0.13
2458493.4044161 11.10 0.15
2458493.4045897 11.08 0.15
2458493.4049369 11.10 0.15
2458493.4051105 11.11 0.16
2458493.4052841 10.94 0.13
2458493.4056313 11.07 0.15
2458493.4061522 11.05 0.15
2458493.4068466 10.88 0.13
2458493.4070202 11.00 0.14
2458493.4071938 11.05 0.15
2458493.4075410 11.00 0.14
2458493.4078896 10.98 0.14
2458493.4080630 10.92 0.13
2458493.4082365 11.04 0.15
2458493.4084099 10.96 0.14
2458493.4094508 11.06 0.15
2458493.4097980 11.03 0.15
2458493.4099716 11.00 0.14
2458493.4104924 10.94 0.14
2458493.4111869 11.01 0.14
2458493.4117077 10.86 0.13
2458493.4118813 11.08 0.15
2458493.4124022 11.03 0.15
2458493.4125758 10.97 0.14
2458493.4130966 10.79 0.12
2458493.4136174 11.10 0.16
2458493.4137911 11.12 0.16
2458493.4141383 10.99 0.14
2458493.4146591 11.13 0.16
2458493.4157008 11.05 0.15
2458494.3495086 10.84 0.16
2458494.3498559 10.82 0.16
2458494.3512447 10.93 0.18
2458495.1370202 10.67 0.16
2458495.1371938 10.66 0.16
2458495.1392772 10.72 0.17
2458495.1535133 10.73 0.17
2458495.1547285 10.65 0.15
2458495.1694855 10.70 0.16
2458495.1739994 10.69 0.15
2458495.1891036 10.71 0.15
2458495.1904924 10.91 0.18
2458495.1911869 10.84 0.16
2458495.1969161 10.70 0.14
2458495.1989994 10.74 0.15
2458495.2009091 10.83 0.16
2458495.2033397 10.78 0.15
2458495.2062911 10.64 0.14
2458495.2071601 10.70 0.14
2458495.2076805 10.77 0.15
2458495.2198331 10.75 0.15
2458495.2205272 10.64 0.13
2458495.2222633 10.78 0.15
2458495.2233049 10.82 0.16
2458495.2241730 10.88 0.17
2458495.2250410 10.75 0.15
2458495.2260827 10.69 0.14
2458495.2314654 10.80 0.15
2458495.2319857 10.72 0.14
2458495.2328535 10.78 0.15
2458495.2332008 10.71 0.14
2458495.2349369 10.87 0.16
2458495.2356313 10.91 0.16
2458495.2378883 10.78 0.15
2458495.2392772 10.84 0.15
2458495.2396244 10.81 0.15
2458495.2397980 10.74 0.14
2458495.2401452 10.94 0.17
2458495.2420549 10.80 0.15
2458495.2450063 10.90 0.16
2458495.2455272 10.67 0.13
2458495.2491730 10.92 0.16
2458495.2517772 10.90 0.16
2458495.2549034 10.89 0.16
2458495.2559441 10.89 0.16
2458495.2585480 10.84 0.15
2458495.2587216 10.85 0.15
2458495.2644508 10.87 0.15
2458495.2667077 10.78 0.14
2458495.2708744 10.93 0.16
2458495.2731313 10.85 0.15
2458495.2750411 10.77 0.14
2458495.2802494 10.89 0.15
2458495.2814647 10.83 0.14
2458495.2816383 10.87 0.15
2458495.2870202 10.94 0.16
2458495.2915348 10.94 0.16
2458495.2922286 10.88 0.15
2458495.2930966 10.96 0.16
2458495.2972633 10.84 0.14
2458495.2979577 10.93 0.15
2458495.2981313 10.84 0.14
2458495.2993466 10.90 0.15
2458495.2995202 10.94 0.15
2458495.3026452 11.00 0.17
2458495.3028202 10.96 0.16
2458495.3036875 10.95 0.16
2458495.3047286 10.87 0.15
2458495.3050758 10.95 0.16
2458495.3076799 10.93 0.16
2458495.3087216 10.67 0.13
2458495.3106313 10.99 0.17
2458495.3147980 10.87 0.15
2458495.3151463 10.78 0.14
2458498.1660017 10.87 0.15
2458498.1665238 10.90 0.15
2458498.1679114 10.89 0.15
2458498.1680850 10.94 0.16
2458498.1686059 10.84 0.14
2458498.1687795 11.08 0.18
2458498.1691267 10.93 0.15
2458498.1693003 10.91 0.15
2458498.1703420 10.93 0.15
2458498.1708628 10.99 0.16
2458498.1710364 10.97 0.16
2458498.1717309 10.87 0.14
2458498.1729461 10.90 0.14
2458498.1734670 10.92 0.15
2458498.1750295 10.82 0.13
2458498.1752031 10.91 0.14
2458498.1755503 10.71 0.12
2458498.1757239 10.81 0.13
2458498.1760711 10.83 0.13
2458498.1767656 10.78 0.13
2458498.1778072 10.98 0.15
2458498.1779809 10.97 0.15
2458498.1785029 10.87 0.14
2458498.1786763 10.87 0.14
2458498.1791967 10.82 0.13
2458498.1802378 10.87 0.14
2458498.1805850 11.01 0.15
2458498.1814531 10.84 0.13
2458498.1816267 10.87 0.13
2458498.1819739 10.95 0.14
2458498.1821475 10.95 0.14
2458498.1823211 11.00 0.15
2458498.1826684 11.03 0.16
2458498.1831892 10.98 0.15
2458498.1833628 10.81 0.13
2458498.1840572 10.94 0.15
2458498.1845781 11.11 0.17
2458498.1847517 11.05 0.16
2458498.1849253 10.76 0.12
2458498.1850989 10.84 0.13
2458498.1856197 10.90 0.14
2458498.1857934 10.76 0.12
2458498.1859670 10.85 0.13
2458498.1861406 10.80 0.13
2458498.1863142 10.84 0.13
2458498.1864878 11.03 0.16
2458498.1866614 10.85 0.13
2458498.1868350 10.77 0.12
2458498.1870086 11.01 0.15
2458498.1871822 10.93 0.14
2458498.1882974 10.91 0.14
2458498.1885711 10.86 0.13
2458498.1889184 10.95 0.14
2458498.1904809 10.84 0.13
2458498.1915225 10.99 0.15
2458498.1918697 11.01 0.15
2458498.1934322 10.89 0.13
2458498.1937795 10.79 0.12
2458498.1939531 10.95 0.14
2458498.1941267 10.87 0.13
2458498.1943003 10.97 0.14
2458498.1944739 10.85 0.13
2458498.1949947 11.01 0.15
2458498.1955156 10.96 0.14
2458498.1958628 10.76 0.12
2458498.1960378 10.77 0.12
2458498.1962112 11.07 0.15
2458498.1963846 10.85 0.13
2458498.1965581 10.94 0.14
2458498.1967315 10.97 0.14
2458498.1969050 11.00 0.14
2458498.1970784 10.96 0.14
2458498.1972519 10.95 0.14
2458498.1974253 11.09 0.16
2458498.1975989 11.08 0.15
2458498.1977725 10.86 0.13
2458498.1982934 11.05 0.15
2458498.1986406 10.96 0.14
2458498.1988142 10.99 0.14
2458498.1989878 11.00 0.14
2458498.1995086 10.89 0.13
2458498.2014184 10.84 0.12
2458498.2015920 10.98 0.14
2458498.2024600 10.93 0.13
2458498.2028072 10.72 0.11
2458498.2031545 11.05 0.15
2458498.2033281 11.07 0.15
2458498.2035017 10.98 0.14
2458498.2038489 10.90 0.13
2458498.2040225 10.78 0.11
2458498.2041961 10.92 0.13
2458498.2043698 10.95 0.14
2458498.2047170 10.90 0.13
2458498.2054114 11.00 0.14
2458498.2055850 11.01 0.14
2458498.2062795 11.07 0.15
2458498.2064531 11.08 0.15
2458498.2066267 11.04 0.14
2458498.2069739 10.94 0.13
2458498.2076684 10.95 0.13
2458498.2081904 11.14 0.16
2458498.2085373 10.89 0.13
2458498.2087107 11.15 0.16
2458498.2088841 11.11 0.15
2458498.2097517 10.90 0.13
2458498.2099253 10.96 0.13
2458498.2100989 10.71 0.11
2458498.2102725 10.98 0.14
2458498.2104461 10.91 0.13
2458498.2106197 10.98 0.14
2458498.2107934 10.87 0.12
2458498.2109670 11.06 0.15
2458498.2113142 10.93 0.13
2458498.2114878 10.90 0.13
2458498.2116614 10.96 0.13
2458498.2120086 10.87 0.12
2458498.2123559 10.92 0.13
2458498.2125295 10.89 0.13
2458498.2130503 10.96 0.14
2458498.2132239 10.93 0.13
2458498.2139184 11.08 0.15
2458498.2140920 11.01 0.14
2458498.2144392 11.04 0.14
2458498.2147864 10.96 0.13
2458498.2149600 10.93 0.13
2458498.2151336 10.98 0.13
2458498.2153072 11.03 0.14
2458498.2160017 11.02 0.14
2458498.2165225 10.97 0.13
2458498.2168697 11.02 0.14
2458498.2173906 11.13 0.16
2458498.2177378 10.96 0.13
2458498.2180850 11.04 0.14
2458498.2182586 10.87 0.12
2458498.2187795 10.86 0.12
2458498.2189531 10.87 0.12
2458498.2193003 10.99 0.14
2458498.2199960 10.93 0.13
2458498.2201694 10.96 0.13
2458498.2205163 11.11 0.15
2458498.2206898 10.81 0.12
2458498.2210366 10.91 0.13
2458498.2212101 10.96 0.13
2458498.2217309 10.93 0.13
2458498.2219045 11.04 0.14
2458498.2220781 10.95 0.13
2458498.2224253 10.98 0.14
2458498.2225989 11.09 0.15
2458498.2227725 10.83 0.12
2458498.2234670 10.69 0.10
2458498.2238142 10.92 0.12
2458498.2239878 10.93 0.12
2458498.2241614 10.86 0.12
2458498.2243350 11.06 0.14
2458498.2245086 11.09 0.14
2458498.2246822 10.96 0.13
2458498.2248559 11.16 0.15
2458498.2250295 11.03 0.14
2458498.2253767 11.02 0.14
2458498.2255503 10.88 0.12
2458498.2257239 10.93 0.13
2458498.2264184 11.03 0.14
2458498.2265920 10.92 0.12
2458498.2269392 11.00 0.13
2458498.2271128 10.81 0.11
2458498.2272864 10.93 0.13
2458498.2276336 11.01 0.14
2458498.2278073 10.99 0.13
2458498.2279809 10.98 0.13
2458498.2281545 10.92 0.13
2458498.2283281 10.89 0.12
2458498.2285017 11.12 0.15
2458498.2286753 11.06 0.14
2458498.2290225 10.96 0.13
2458498.2293698 10.80 0.11
2458498.2295434 11.15 0.15
2458498.2297170 11.11 0.15
2458498.2298906 11.13 0.15
2458498.2300642 11.00 0.13
2458498.2302378 11.07 0.14
2458498.2304114 11.05 0.14
2458498.2305850 10.99 0.14
2458498.2311059 10.91 0.13
2458498.2312795 11.01 0.14
2458498.2318016 10.99 0.13
2458498.2319750 10.95 0.13
2458498.2326688 10.84 0.12
2458498.2328422 11.05 0.14
2458498.2330157 10.87 0.12
2458498.2333628 10.84 0.12
2458498.2335364 10.86 0.12
2458498.2347517 11.04 0.14
2458498.2349253 11.07 0.15
2458498.2350989 10.91 0.13
2458498.2352725 11.05 0.14
2458498.2356198 10.89 0.13
2458498.2357934 11.09 0.15
2458498.2361406 10.95 0.13
2458498.2366614 11.08 0.15
2458498.2368350 10.95 0.13
2458498.2375295 10.83 0.12
2458498.2377031 11.02 0.14
2458498.2380503 11.03 0.15
2458498.2383975 10.97 0.14
2458498.2387447 10.93 0.13
2458498.2389184 10.99 0.14
2458498.2390920 11.01 0.14
2458498.2392656 10.91 0.13
2458498.2396128 11.06 0.15
2458498.2397864 11.15 0.16
2458498.2399600 10.97 0.14
2458498.2401336 10.95 0.13
2458498.2404809 10.99 0.14
2458498.2406545 10.78 0.12
2458498.2408281 10.91 0.13
2458498.2410017 11.16 0.16
2458498.2411753 10.93 0.13
2458498.2413489 11.12 0.16
2458498.2415225 10.95 0.13
2458498.2416961 10.99 0.14
2458498.2418697 10.98 0.14
2458498.2420434 11.12 0.16
2458498.2422170 10.94 0.13
2458498.2423906 10.97 0.14
2458498.2425642 10.91 0.13
2458498.2429114 11.13 0.16
2458498.2430850 10.91 0.13
2458498.2432586 11.10 0.16
2458498.2434323 11.01 0.14
2458498.2436073 10.75 0.11
2458498.2439541 11.08 0.15
2458498.2443010 10.94 0.13
2458498.2444745 10.93 0.13
2458498.2446479 10.96 0.14
2458498.2455156 11.00 0.14
2458498.2456892 10.85 0.13
2458498.2458628 11.16 0.17
2458498.2467309 10.94 0.13
2458498.2477725 11.02 0.14
2458498.2481197 10.94 0.13
2458498.2484670 11.00 0.14
2458498.2488142 10.93 0.14
2458498.2495086 11.10 0.15
2458498.2496822 10.98 0.14
2458498.2505503 11.01 0.14
2458498.2512448 10.93 0.14
2458498.2515920 10.96 0.14
2458498.2522864 10.91 0.13
2458498.2524600 10.99 0.14
2458498.2531545 10.84 0.13
2458498.2552378 11.02 0.15
2458498.2557598 11.04 0.15
2458498.2559332 11.05 0.15
2458498.2561066 10.97 0.14
2458498.2562801 11.04 0.15
2458498.2574947 11.03 0.15
2458498.2578420 11.02 0.15
2458498.2580156 10.98 0.14
2458498.2581892 10.99 0.15
2458498.2611406 11.02 0.15
2458498.2616614 11.02 0.15
2458498.2618350 10.90 0.14
2458498.2621822 11.09 0.16
2458498.2625295 10.99 0.15
2458498.2627031 11.12 0.14
2458498.2632239 10.97 0.12
2458498.2633975 11.10 0.13
2458498.2635711 11.25 0.15
2458498.2637447 10.94 0.11
2458498.2646128 11.28 0.15
2458498.2651336 11.13 0.14
2458498.2653072 11.12 0.14
2458498.2654809 10.95 0.12
2458498.2656545 11.03 0.13
2458498.2658281 10.95 0.12
2458498.2660017 11.16 0.14
2458498.2661753 10.97 0.12
2458498.2663489 11.17 0.14
2458498.2665225 11.14 0.14
2458498.2666961 11.19 0.15
2458498.2670434 11.02 0.12
2458498.2673906 11.25 0.16
2458498.2677389 11.01 0.12
2458498.2680858 11.05 0.13
2458498.2682593 11.18 0.14
2458498.2684327 11.12 0.14
2458498.2686062 11.08 0.13
2458498.2687796 11.17 0.14
2458498.2689531 11.12 0.14
2458498.2693003 11.26 0.15
2458498.2694739 11.27 0.15
2458498.2698211 11.00 0.12
2458498.2701684 11.14 0.13
2458498.2703420 11.05 0.13
2458498.2706892 10.99 0.12
2458498.2708628 11.01 0.12
2458498.2710364 10.97 0.12
2458498.2715572 11.15 0.14
2458498.2719045 11.16 0.14
2458498.2720781 10.97 0.12
2458498.2724253 11.22 0.15
2458498.2727725 11.15 0.14
2458498.2731197 11.19 0.14
2458498.2732934 10.97 0.12
2458498.2736406 11.06 0.13
2458498.2738142 10.93 0.11
2458498.2739878 11.18 0.14
2458498.2743350 11.20 0.14
2458498.2745086 11.10 0.13
2458498.2748559 10.93 0.11
2458498.2753767 11.02 0.12
2458498.2755503 11.31 0.16
2458498.2757239 10.92 0.11
2458498.2767656 11.07 0.13
2458498.2772864 11.02 0.13
2458498.2776336 11.18 0.14
2458498.2778072 11.07 0.13
2458498.2781545 10.93 0.11
2458498.2783281 11.09 0.13
2458498.2785017 10.98 0.12
2458498.2786753 10.86 0.11
2458498.2788489 11.05 0.13
2458498.2790225 11.07 0.13
2458498.2791961 10.91 0.11
2458498.2795448 11.01 0.12
2458498.2797182 11.09 0.13
2458498.2800651 11.10 0.13
2458498.2804120 11.07 0.13
2458498.2807589 11.15 0.15
2458498.2809323 11.21 0.15
2458498.2812795 11.22 0.15
2458498.2814531 10.94 0.11
2458498.2816267 11.09 0.13
2458498.2818003 11.05 0.13
2458498.2819739 10.90 0.11
2458498.2823211 11.09 0.13
2458498.2824948 11.16 0.14
2458498.2826684 11.13 0.14
2458498.2828420 10.89 0.11
2458498.2830156 10.74 0.10
2458498.2831892 11.14 0.14
2458498.2835364 11.05 0.13
2458498.2837100 11.00 0.12
2458498.2838836 11.10 0.13
2458498.2842309 11.07 0.13
2458498.2844045 11.02 0.12
2458498.2845781 11.12 0.13
2458498.2847517 10.86 0.11
2458498.2849253 11.04 0.13
2458498.2850989 11.10 0.13
2458498.2852725 11.08 0.13
2458498.2854461 11.17 0.14
2458498.2856197 11.04 0.13
2458498.2859670 11.27 0.16
2458498.2861406 11.09 0.13
2458498.2863142 11.10 0.13
2458498.2866614 11.13 0.14
2458498.2868350 11.08 0.13
2458498.2870086 11.22 0.15
2458498.2871822 11.06 0.13
2458498.2875295 11.01 0.12
2458498.2877031 11.07 0.13
2458498.2878767 11.06 0.13
2458498.2883975 11.04 0.13
2458498.2885711 11.03 0.13
2458498.2890920 11.03 0.13
2458498.2892656 10.97 0.12
2458498.2894392 10.95 0.12
2458498.2896128 10.98 0.12
2458498.2897864 11.00 0.12
2458498.2904809 11.07 0.13
2458498.2908281 11.11 0.14
2458498.2910017 10.98 0.12
2458498.2911753 11.13 0.14
2458498.2913489 10.96 0.12
2458498.2915239 11.06 0.13
2458498.2918708 11.00 0.13
2458498.2920443 11.02 0.13
2458498.2923912 11.10 0.14
2458498.2925646 11.06 0.13
2458498.2929115 10.93 0.12
2458498.2930850 11.11 0.14
2458498.2932586 10.91 0.12
2458498.2934322 10.89 0.11
2458498.2936059 11.14 0.14
2458498.2939531 10.86 0.11
2458498.2943003 10.98 0.13
2458498.2944739 10.90 0.12
2458498.2948211 11.11 0.15
2458498.2951684 10.85 0.11
2458498.2956892 11.25 0.16
2458498.2958628 11.00 0.12
2458498.2960364 10.93 0.12
2458498.2962100 11.16 0.14
2458498.2963836 11.11 0.14
2458498.2965572 11.13 0.14
2458498.2967309 11.23 0.15
2458498.2969045 10.89 0.11
2458498.2970781 11.18 0.15
2458498.2972517 11.03 0.13
2458498.2974253 11.09 0.14
2458498.2975989 11.10 0.14
2458498.2977725 10.99 0.12
2458498.2979461 10.84 0.11
2458498.2981198 10.94 0.12
2458498.2984670 10.96 0.12
2458498.2988142 10.98 0.12
2458498.2991614 11.04 0.13
2458498.2995086 11.00 0.12
2458498.2996823 10.93 0.12
2458498.2998559 11.03 0.13
2458498.3002031 10.96 0.12
2458498.3003767 11.15 0.14
2458498.3005503 10.95 0.12
2458498.3008975 11.08 0.13
2458498.3010711 11.00 0.13
2458498.3012447 11.10 0.14
2458498.3014184 11.00 0.13
2458498.3015920 10.82 0.11
2458498.3017656 10.95 0.12
2458498.3019392 10.96 0.12
2458498.3021128 11.02 0.13
2458498.3022864 11.01 0.12
2458498.3024600 11.05 0.13
2458498.3026336 10.90 0.11
2458498.3028072 11.17 0.14
2458498.3029809 10.94 0.12
2458498.3031545 11.02 0.13
2458498.3033281 11.11 0.14
2458498.3035017 11.03 0.13
2458498.3036766 11.08 0.13
2458498.3040235 10.99 0.12
2458498.3041969 10.91 0.11
2458498.3045438 10.98 0.12
2458498.3047172 11.18 0.14
2458498.3048907 11.05 0.13
2458498.3050642 10.99 0.12
2458498.3052378 10.91 0.11
2458498.3054114 10.90 0.11
2458498.3055850 10.93 0.12
2458498.3059323 11.13 0.14
2458498.3064531 10.87 0.11
2458498.3066267 11.08 0.14
2458498.3068003 10.92 0.12
2458498.3069739 11.11 0.14
2458498.3071475 10.81 0.11
2458498.3076684 10.99 0.12
2458498.3081892 10.96 0.12
2458498.3083628 11.01 0.13
2458498.3085364 11.08 0.13
2458498.3087100 11.01 0.13
2458498.3092309 11.14 0.14
2458498.3095781 11.08 0.14
2458498.3099253 11.00 0.13
2458498.3100989 11.25 0.16
2458498.3102725 11.09 0.14
2458498.3104461 11.07 0.14
2458498.3106197 11.01 0.13
2458498.3107934 10.95 0.12
2458498.3111406 10.98 0.12
2458498.3118350 10.93 0.12
2458498.3120086 10.89 0.12
2458498.3121822 11.15 0.15
2458498.3123559 10.96 0.12
2458498.3127031 11.09 0.14
2458498.3128767 10.97 0.12
2458498.3132239 11.05 0.13
2458498.3133975 11.11 0.14
2458498.3135711 10.97 0.12
2458498.3137448 10.92 0.12
2458498.3139184 11.02 0.13
2458498.3140920 10.98 0.13
2458498.3142656 10.95 0.12
2458498.3146128 10.86 0.11
2458498.3147864 10.96 0.12
2458498.3151336 11.14 0.14
2458498.3153073 11.24 0.16
2458498.3154809 11.02 0.13
2458498.3156558 10.88 0.11
2458498.3158292 11.07 0.14
2458498.3160027 11.05 0.13
2458498.3161761 11.12 0.14
2458498.3165230 11.07 0.14
2458498.3166965 11.05 0.14
2458498.3172170 11.04 0.13
2458498.3175642 10.98 0.13
2458498.3177378 11.05 0.13
2458498.3179114 11.11 0.14
2458498.3180850 10.92 0.12
2458500.2357702 10.77 0.14
2458500.2361174 10.75 0.14
2458500.2394161 10.80 0.14
2458500.2395897 10.87 0.15
2458500.2427147 10.97 0.16
2458500.2432355 10.92 0.15
2458500.2434091 11.01 0.16
2458500.2435827 10.89 0.15
2458500.2439299 10.87 0.14
2458500.2441035 10.96 0.15
2458500.2449724 10.98 0.16
2458500.2451458 10.90 0.15
2458500.2453193 10.85 0.14
2458500.2474022 10.94 0.15
2458500.2477494 10.80 0.13
2458500.2482702 10.83 0.14
2458500.2501799 10.92 0.14
2458500.2510480 10.90 0.14
2458500.2513952 10.92 0.14
2458500.2519160 10.98 0.15
2458500.2520897 10.98 0.15
2458500.2531313 10.86 0.14
2458500.2539994 10.95 0.15
2458500.2541730 10.82 0.13
2458500.2555619 11.00 0.16
2458500.2557355 10.92 0.15
2458500.2559091 10.89 0.14
2458500.2567781 10.90 0.14
2458500.2571250 11.04 0.16
2458500.2572984 10.79 0.13
2458500.2585133 10.95 0.15
2458500.2586869 10.87 0.14
2458500.2588605 10.83 0.13
2458500.2599022 10.95 0.15
2458500.2604230 10.86 0.14
2458500.2612911 10.89 0.14
2458500.2614647 10.91 0.14
2458500.2626799 10.94 0.14
2458500.2628535 10.88 0.14
2458500.2638952 10.94 0.14
2458500.2645897 10.91 0.14
2458500.2647633 10.92 0.14
2458500.2651105 10.90 0.14
2458500.2659785 10.77 0.12
2458500.2661522 10.92 0.14
2458500.2668466 10.89 0.13
2458500.2684104 11.03 0.15
2458500.2685839 10.99 0.15
2458500.2687573 11.02 0.15
2458500.2694511 11.05 0.16
2458500.2699716 10.81 0.13
2458500.2703188 10.85 0.13
2458500.2706661 10.94 0.14
2458500.2711869 10.77 0.12
2458500.2720549 10.98 0.14
2458500.2722285 11.06 0.16
2458500.2732702 11.07 0.16
2458500.2736174 10.97 0.14
2458500.2737910 10.98 0.14
2458500.2746591 10.97 0.14
2458500.2751799 10.83 0.13
2458500.2753535 10.89 0.13
2458500.2755272 10.97 0.14
2458500.2769161 10.79 0.12
2458500.2772633 11.02 0.15
2458500.2777841 10.98 0.15
2458500.2786522 10.90 0.14
2458500.2793466 10.84 0.13
2458500.2816037 11.00 0.15
2458500.2819508 10.85 0.13
2458500.2821244 11.04 0.15
2458500.2824716 11.02 0.15
2458500.2833397 11.01 0.15
2458500.2836869 11.14 0.17
2458500.2838605 10.99 0.14
2458500.2843813 10.94 0.14
2458500.2850758 11.05 0.15
2458500.2852494 11.01 0.15
2458500.2855966 10.93 0.14
2458500.2857702 11.00 0.15
2458500.2859438 10.94 0.14
2458500.2861174 10.99 0.14
2458500.2864647 10.93 0.14
2458500.2868119 11.07 0.16
2458500.2871591 10.98 0.15
2458500.2875063 10.96 0.14
2458500.2878535 11.14 0.17
2458500.2880272 10.93 0.14
2458500.2888952 11.00 0.15
2458500.2892424 11.02 0.15
2458500.2894160 11.01 0.14
2458500.2895897 11.12 0.16
2458500.2897633 10.95 0.14
2458500.2899369 10.86 0.13
2458500.2901105 10.97 0.14
2458500.2902841 10.98 0.14
2458500.2904577 11.00 0.14
2458500.2906313 10.93 0.13
2458500.2908049 10.91 0.13
2458500.2911522 10.91 0.13
2458500.2914994 11.07 0.15
2458500.2920202 10.95 0.13
2458500.2921938 11.11 0.15
2458500.2923688 11.06 0.15
2458500.2930626 10.99 0.14
2458500.2932360 11.08 0.15