2458467.3675459 11.05 0.15
2458467.3677195 10.92 0.14
2458467.3684139 11.04 0.15
2458467.3687611 10.95 0.14
2458467.3691084 10.95 0.14
2458467.3696292 11.06 0.15
2458467.3699764 10.72 0.11
2458467.3708445 10.97 0.14
2458467.3710181 10.82 0.13
2458467.3711917 10.96 0.14
2458467.3713653 10.77 0.12
2458467.3715389 10.83 0.13
2458467.3720598 10.81 0.12
2458467.3737959 10.99 0.15
2458467.3760536 10.91 0.14
2458467.3762270 11.06 0.16
2458467.3767473 10.94 0.14
2458467.3776153 10.94 0.14
2458467.3783097 11.01 0.15
2458467.3805667 10.91 0.14
2458467.3807403 10.93 0.14
2458467.3809139 10.95 0.14
2458467.3812611 10.91 0.14
2458467.3823028 10.94 0.14
2458467.3826500 11.01 0.15
2458467.3831709 10.98 0.15
2458467.3835181 10.81 0.13
2458467.3845597 10.93 0.14
2458467.3850806 10.92 0.14
2458467.3869903 10.97 0.15
2458467.3873389 10.92 0.14
2458467.3883795 11.01 0.15
2458467.3885530 10.80 0.12
2458467.3890736 10.89 0.14
2458467.3894209 10.74 0.12
2458467.3895945 11.00 0.15
2458467.3897681 10.98 0.15
2458467.3906361 10.92 0.14
2458467.3916778 11.07 0.16
2458467.3925459 10.93 0.14
2458467.3932403 11.11 0.17
2458467.3935875 10.96 0.15
2458467.3937611 10.95 0.15
2458467.3949764 11.09 0.16
2458467.3951500 11.01 0.15
2458467.3956709 11.02 0.16
2458467.3961917 10.91 0.14
2458467.3979278 10.82 0.13
2458467.3991431 10.92 0.14
2458467.3993180 10.85 0.13
2458467.4000118 10.91 0.14
2458467.4001852 11.04 0.16
2458467.4005321 10.68 0.11
2458467.4007056 11.02 0.16
2458467.4014000 10.83 0.13
2458467.4027889 10.99 0.15
2458467.4036570 11.08 0.17
2458467.4038306 11.01 0.15
2458467.4060875 10.85 0.13
2458467.4062611 10.98 0.15
2458467.4067820 10.81 0.13
2458467.4086917 10.76 0.12
2458467.4093861 10.92 0.14
2458467.4095597 10.88 0.14
2458467.4097334 10.94 0.15
2458467.4100806 10.97 0.15
2458467.4102542 10.89 0.14
2458467.4106014 10.98 0.15
2458467.4111236 10.71 0.12
2458467.4140736 10.87 0.14
2458467.4144209 10.89 0.14
2458467.4149417 10.81 0.13
2458467.4154625 10.74 0.12
2458467.4161570 11.00 0.16
2458467.4163306 10.89 0.14
2458467.4165042 11.04 0.16
2458467.4187611 11.04 0.16
2458467.4192820 10.84 0.14
2458467.4201500 10.92 0.15
2458467.4204973 11.12 0.18
2458469.3667865 11.01 0.11
2458469.3670135 10.84 0.10
2458469.3677079 10.85 0.10
2458469.3680551 11.01 0.11
2458469.3682287 10.97 0.11
2458469.3684023 11.15 0.13
2458469.3687496 11.11 0.12
2458469.3689232 11.08 0.12
2458469.3692704 10.89 0.10
2458469.3696176 11.11 0.12
2458469.3697912 11.26 0.14
2458469.3699648 11.05 0.12
2458469.3704857 11.07 0.12
2458469.3706593 11.14 0.13
2458469.3708329 11.05 0.12
2458469.3711801 11.05 0.12
2458469.3713537 10.99 0.11
2458469.3717009 11.14 0.13
2458469.3720482 11.02 0.11
2458469.3722218 10.78 0.09
2458469.3725690 11.00 0.11
2458469.3730898 10.98 0.11
2458469.3741315 10.98 0.11
2458469.3743051 10.87 0.10
2458469.3744787 11.08 0.12
2458469.3746524 11.09 0.12
2458469.3751732 11.01 0.11
2458469.3763894 11.17 0.13
2458469.3765628 10.98 0.11
2458469.3767363 11.00 0.11
2458469.3769097 11.24 0.14
2458469.3772566 11.15 0.12
2458469.3774301 10.99 0.11
2458469.3782982 10.93 0.10
2458488.3047635 10.91 0.13
2458488.3049371 11.00 0.14
2458488.3052844 10.90 0.13
2458488.3054579 10.95 0.13
2458488.3058052 10.99 0.14
2458488.3061524 11.02 0.14
2458488.3071941 10.83 0.12
2458488.3073677 11.15 0.16
2458488.3085830 10.97 0.14
2458488.3087566 10.85 0.12
2458488.3089302 10.91 0.13
2458488.3091038 11.12 0.15
2458488.3092788 10.94 0.13
2458488.3096257 11.01 0.14
2458488.3097991 10.91 0.13
2458488.3101460 10.89 0.13
2458488.3106663 11.02 0.14
2458488.3111871 11.09 0.15
2458488.3115344 10.92 0.13
2458488.3122288 11.13 0.16
2458488.3127496 10.79 0.12
2458488.3129232 11.08 0.15
2458488.3136177 10.92 0.13
2458488.3141385 10.99 0.14
2458488.3143121 10.91 0.13
2458488.3148330 10.91 0.13
2458488.3151802 10.75 0.11
2458488.3153538 10.80 0.12
2458488.3158746 10.95 0.14
2458488.3160482 10.92 0.13
2458488.3162218 10.78 0.12
2458488.3163955 10.81 0.12
2458488.3169163 11.04 0.15
2458488.3170899 10.96 0.14
2458488.3176107 10.92 0.13
2458488.3179580 10.86 0.13
2458488.3183052 10.92 0.13
2458488.3191732 10.92 0.13
2458488.3193469 10.84 0.12
2458488.3195205 10.98 0.14
2458488.3203885 10.91 0.13
2458488.3207357 11.07 0.15
2458488.3210830 11.07 0.15
2458488.3214314 10.94 0.14
2458488.3216048 10.86 0.13
2458488.3226455 11.10 0.16
2458488.3229927 10.92 0.14
2458488.3233399 10.81 0.12
2458488.3240343 10.99 0.14
2458488.3242080 10.94 0.14
2458488.3247288 10.92 0.13
2458488.3268121 10.92 0.14
2458488.3271594 11.07 0.16
2458488.3276802 11.10 0.16
2458488.3278538 10.88 0.13
2458488.3280274 10.93 0.14
2458488.3292427 10.88 0.13
2458488.3297635 10.97 0.14
2458488.3299371 10.89 0.13
2458488.3301107 10.94 0.14
2458488.3321941 10.96 0.14
2458488.3325413 10.94 0.14
2458488.3334105 11.00 0.15
2458488.3337574 10.90 0.13
2458488.3339308 10.99 0.14
2458488.3341043 10.82 0.13
2458488.3344511 10.89 0.13
2458488.3351455 10.96 0.14
2458488.3353191 10.87 0.13
2458488.3358399 11.11 0.16
2458488.3363607 10.98 0.15
2458488.3368816 10.89 0.14
2458488.3372288 10.97 0.14
2458488.3374024 10.92 0.14
2458488.3377496 10.97 0.14
2458488.3380968 11.10 0.16
2458488.3382705 10.93 0.14
2458488.3398330 10.91 0.14
2458488.3401802 10.92 0.14
2458488.3405274 11.05 0.16
2458488.3419163 10.79 0.12
2458488.3426107 11.02 0.15
2458488.3427844 10.93 0.14
2458488.3429580 10.97 0.14
2458488.3433052 10.97 0.15
2458488.3436524 11.08 0.16
2458488.3443469 10.87 0.13
2458488.3446941 10.80 0.13
2458488.3452162 10.97 0.15
2458488.3457365 11.01 0.15
2458488.3459100 10.85 0.13
2458488.3464303 10.94 0.14
2458488.3466038 10.97 0.15
2458488.3474718 11.02 0.15
2458488.3488607 10.76 0.12
2458488.3490344 10.75 0.12
2458488.3497288 10.93 0.14
2458488.3505969 11.13 0.17
2458488.3509441 10.91 0.14
2458488.3516385 10.99 0.15
2458488.3518121 10.98 0.14
2458488.3521594 10.94 0.14
2458488.3528538 10.71 0.11
2458488.3530274 10.97 0.15
2458488.3533746 10.92 0.14
2458488.3538955 10.94 0.14
2458488.3547635 10.89 0.13
2458488.3549371 10.84 0.13
2458488.3552843 10.92 0.14
2458488.3554580 10.84 0.13
2458488.3564996 11.01 0.15
2458488.3568469 10.96 0.14
2458488.3573687 11.01 0.15
2458488.3575422 10.91 0.14
2458488.3578891 10.72 0.12
2458488.3584094 10.95 0.14
2458488.3585830 10.97 0.14
2458488.3591038 10.94 0.14
2458488.3592774 11.12 0.17
2458488.3594510 10.92 0.14
2458488.3603191 10.85 0.13
2458488.3604927 10.82 0.13
2458488.3608399 10.99 0.15
2458488.3610135 11.02 0.15
2458488.3611871 11.05 0.16
2458488.3613607 10.91 0.14
2458488.3622288 10.96 0.14
2458488.3624024 10.75 0.12
2458488.3625760 10.88 0.13
2458488.3634441 10.81 0.13
2458488.3636177 10.99 0.15
2458488.3637913 10.93 0.14
2458488.3643121 11.06 0.16
2458488.3644857 11.02 0.15
2458488.3646594 10.85 0.13
2458488.3651802 10.96 0.14
2458488.3655274 10.77 0.12
2458488.3660482 11.09 0.16
2458488.3665691 10.89 0.14
2458488.3670899 11.10 0.16
2458488.3674371 11.01 0.15
2458488.3684788 11.09 0.16
2458488.3686524 10.72 0.12
2458488.3688260 10.93 0.14
2458488.3703885 11.05 0.16
2458488.3712566 11.02 0.16
2458488.3721246 10.76 0.12
2458488.3724718 10.91 0.14
2458493.2524947 10.90 0.12
2458493.2530156 10.83 0.12
2458493.2531892 10.92 0.12
2458493.2535364 10.90 0.12
2458493.2540586 10.75 0.11
2458493.2545789 11.01 0.13
2458493.2550993 10.88 0.12
2458493.2556198 10.82 0.11
2458493.2557934 10.87 0.12
2458493.2563142 10.84 0.12
2458493.2564878 10.77 0.11
2458493.2571823 10.85 0.12
2458493.2573559 10.85 0.12
2458493.2575295 10.87 0.12
2458493.2578767 10.91 0.12
2458493.2582239 10.91 0.12
2458493.2585711 10.83 0.11
2458493.2587447 11.05 0.14
2458493.2589184 10.91 0.12
2458493.2592656 10.93 0.12
2458493.2594392 10.89 0.12
2458493.2596128 11.03 0.14
2458493.2597864 11.01 0.13
2458493.2599600 10.99 0.13
2458493.2601336 10.91 0.12
2458493.2603072 10.84 0.12
2458493.2608281 10.86 0.12
2458493.2610017 10.93 0.12
2458493.2613489 11.04 0.14
2458493.2615225 10.81 0.11
2458493.2616961 10.97 0.13
2458493.2618697 11.01 0.13
2458493.2627378 10.95 0.13
2458493.2630850 11.00 0.13
2458493.2636059 10.86 0.12
2458493.2637795 10.96 0.13
2458493.2641267 10.79 0.11
2458493.2643003 10.89 0.12
2458493.2644739 10.80 0.11
2458493.2649948 10.96 0.13
2458493.2651684 11.10 0.14
2458493.2655156 10.75 0.11
2458493.2656892 10.97 0.13
2458493.2660378 11.01 0.13
2458493.2663847 10.85 0.12
2458493.2665581 11.01 0.13
2458493.2667316 10.89 0.12
2458493.2679461 10.90 0.12
2458493.2681197 10.89 0.12
2458493.2686406 11.00 0.13
2458493.2688142 11.05 0.14
2458493.2691614 10.88 0.12
2458493.2696822 10.95 0.12
2458493.2698559 10.86 0.12
2458493.2700295 10.88 0.12
2458493.2703767 10.93 0.12
2458493.2707239 10.90 0.12
2458493.2717656 10.98 0.13
2458493.2719392 10.94 0.13
2458493.2724600 10.97 0.13
2458493.2728073 10.94 0.13
2458493.2729809 10.86 0.12
2458493.2731545 10.95 0.13
2458493.2733281 10.99 0.13
2458493.2735017 11.10 0.14
2458493.2740225 10.90 0.12
2458493.2741961 10.85 0.12
2458493.2747170 10.92 0.12
2458493.2748906 11.02 0.14
2458493.2754114 10.92 0.12
2458493.2755850 10.74 0.10
2458493.2757586 11.05 0.14
2458493.2764531 10.84 0.12
2458493.2766267 10.87 0.12
2458493.2769739 10.82 0.11
2458493.2773211 10.99 0.13
2458493.2776684 11.14 0.15
2458493.2781904 11.03 0.14
2458493.2787107 10.82 0.11
2458493.2792310 11.04 0.14
2458493.2795781 10.97 0.13
2458493.2799253 11.08 0.14
2458493.2802725 10.93 0.13
2458493.2811406 10.98 0.13
2458493.2814878 10.92 0.12
2458493.2816614 11.00 0.13
2458493.2821822 10.93 0.12
2458493.2823559 10.96 0.13
2458493.2825295 10.80 0.11
2458493.2827031 10.90 0.12
2458493.2830503 10.79 0.11
2458493.2832239 10.86 0.12
2458493.2835711 10.93 0.12
2458493.2840920 10.91 0.12
2458493.2842656 10.89 0.12
2458493.2846128 10.85 0.12
2458493.2849600 10.98 0.13
2458493.2851336 11.12 0.15
2458493.2854809 10.86 0.12
2458493.2860017 10.90 0.12
2458493.2865225 11.14 0.15
2458493.2868698 11.19 0.16
2458493.2870434 11.01 0.14
2458493.2875642 10.87 0.12
2458493.2884323 11.05 0.14
2458493.2886059 10.74 0.11
2458493.2887795 10.91 0.12
2458493.2889531 10.91 0.12
2458493.2893003 11.03 0.14
2458493.2894739 11.04 0.14
2458493.2896475 10.83 0.11
2458493.2898211 11.02 0.14
2458493.2901695 10.94 0.13
2458493.2905164 10.98 0.13
2458493.2906898 10.96 0.13
2458493.2910367 10.97 0.13
2458493.2913836 11.03 0.14
2458493.2915572 11.09 0.14
2458493.2919045 10.94 0.12
2458493.2922517 10.95 0.13
2458493.2927725 10.94 0.13
2458493.2931197 10.94 0.12
2458493.2932934 10.90 0.12
2458493.2934670 10.96 0.13
2458493.2938142 10.78 0.11
2458493.2941614 10.95 0.13
2458493.2945086 10.96 0.13
2458493.2946823 10.81 0.11
2458493.2948559 10.93 0.13
2458493.2953767 11.05 0.14
2458493.2957239 10.93 0.12
2458493.2958975 10.86 0.12
2458493.2960711 10.89 0.12
2458493.2962448 10.94 0.13
2458493.2967656 10.86 0.12
2458493.2971128 10.84 0.12
2458493.2972864 10.82 0.11
2458493.2981545 10.86 0.12
2458493.2983281 10.90 0.12
2458493.2985017 10.98 0.13
2458493.2991961 10.96 0.13
2458493.2993697 10.97 0.13
2458493.2995434 10.94 0.13
2458493.2997170 11.00 0.14
2458493.2998906 10.89 0.12
2458493.3000642 10.69 0.10
2458493.3004114 10.79 0.11
2458493.3005850 10.91 0.12
2458493.3023327 10.87 0.12
2458493.3025063 10.69 0.10
2458493.3028536 10.82 0.11
2458493.3030272 10.84 0.12
2458493.3033744 10.70 0.10
2458493.3035480 10.86 0.12
2458493.3037216 10.71 0.10
2458493.3038952 10.81 0.11
2458493.3040688 10.80 0.11
2458493.3044161 10.95 0.13
2458493.3047633 10.91 0.12
2458493.3049369 10.93 0.12
2458493.3052841 10.96 0.13
2458493.3054577 10.87 0.12
2458493.3056313 11.01 0.13
2458493.3064994 10.86 0.12
2458493.3066730 10.81 0.11
2458493.3068466 10.93 0.12
2458493.3070202 10.97 0.13
2458493.3071938 10.76 0.11
2458493.3073674 10.88 0.12
2458493.3075410 10.82 0.11
2458493.3077147 10.90 0.12
2458493.3080619 10.99 0.13
2458493.3082355 10.93 0.12
2458493.3085827 10.96 0.13
2458493.3087563 10.80 0.11
2458493.3089299 10.89 0.12
2458493.3091036 10.90 0.12
2458493.3094508 10.76 0.11
2458493.3096244 10.95 0.13
2458493.3099716 10.87 0.12
2458493.3103188 11.04 0.14
2458493.3106661 10.85 0.12
2458493.3108397 10.86 0.12
2458493.3110133 10.81 0.11
2458493.3111869 10.94 0.13
2458493.3120549 10.93 0.12
2458493.3125767 10.94 0.12
2458493.3129236 10.98 0.13
2458493.3132705 10.86 0.12
2458493.3134439 10.81 0.11
2458493.3139647 10.78 0.11
2458493.3141383 11.01 0.13
2458493.3143119 10.83 0.11
2458493.3144855 10.95 0.12
2458493.3146591 10.93 0.12
2458493.3148327 10.84 0.11
2458493.3150063 10.94 0.12
2458493.3151799 10.79 0.11
2458493.3153535 10.85 0.11
2458493.3155272 11.10 0.14
2458493.3157008 10.84 0.11
2458493.3158744 11.00 0.13
2458493.3160480 10.86 0.12
2458493.3163952 11.00 0.13
2458493.3169161 11.04 0.14
2458493.3170897 10.96 0.13
2458493.3172633 10.75 0.10
2458493.3174369 10.84 0.11
2458493.3176105 10.85 0.11
2458493.3179577 11.00 0.13
2458493.3181313 10.91 0.12
2458493.3186522 10.80 0.11
2458493.3189994 10.89 0.12
2458493.3193466 10.80 0.11
2458493.3195202 11.09 0.14
2458493.3200411 10.86 0.11
2458493.3202147 10.86 0.12
2458493.3203883 11.08 0.14
2458493.3205619 10.82 0.11
2458493.3210827 10.97 0.13
2458493.3212563 10.85 0.11
2458493.3214299 11.02 0.13
2458493.3217772 10.89 0.12
2458493.3221244 10.94 0.12
2458493.3222980 10.95 0.12
2458493.3226452 10.94 0.12
2458493.3228188 11.06 0.14
2458493.3231662 10.92 0.12
2458493.3233397 10.99 0.13
2458493.3235133 10.92 0.12
2458493.3238605 11.06 0.14
2458493.3240341 10.88 0.12
2458493.3243824 10.91 0.12
2458493.3245559 11.05 0.14
2458493.3252497 10.80 0.11
2458493.3254231 10.92 0.12
2458493.3261174 10.60 0.09
2458493.3262911 10.83 0.11
2458493.3264647 10.98 0.13
2458493.3268119 11.15 0.15
2458493.3273327 10.91 0.12
2458493.3276799 10.88 0.12
2458493.3278536 11.08 0.14
2458493.3285480 11.14 0.15
2458493.3290688 10.94 0.12
2458493.3297633 10.97 0.13
2458493.3301105 10.97 0.12
2458493.3302841 11.06 0.14
2458493.3306313 11.10 0.14
2458493.3308049 10.94 0.12
2458493.3314994 10.83 0.11
2458493.3318466 11.12 0.14
2458493.3321938 11.00 0.13
2458493.3323674 10.74 0.10
2458493.3327147 11.12 0.14
2458493.3335827 11.00 0.13
2458493.3347980 10.85 0.11
2458493.3349716 10.89 0.12
2458493.3351452 10.90 0.12
2458493.3358397 10.99 0.13
2458493.3360133 10.93 0.12
2458493.3361882 10.90 0.12
2458493.3365351 10.96 0.13
2458493.3372288 10.82 0.11
2458493.3377494 10.98 0.13
2458493.3379230 10.84 0.11
2458493.3380966 10.84 0.11
2458493.3384438 10.98 0.13
2458493.3386174 11.00 0.13
2458493.3389647 10.82 0.11
2458493.3394855 10.95 0.13
2458493.3396591 10.96 0.13
2458493.3400063 10.97 0.13
2458493.3401799 10.93 0.12
2458493.3403536 10.84 0.11
2458493.3405272 10.98 0.13
2458493.3408744 11.05 0.14
2458493.3410480 11.00 0.13
2458493.3415688 10.93 0.12
2458493.3424369 11.03 0.14
2458493.3426105 11.02 0.13
2458493.3429577 11.04 0.14
2458493.3433049 10.96 0.13
2458493.3439994 10.89 0.12
2458493.3445202 11.00 0.13
2458493.3448674 10.82 0.11
2458493.3450410 10.82 0.11
2458493.3452147 10.96 0.13
2458493.3453883 10.99 0.13
2458493.3460827 10.93 0.12
2458493.3464299 10.96 0.13
2458493.3467772 10.96 0.13
2458493.3485142 10.91 0.12
2458493.3492080 11.19 0.16
2458493.3502494 11.08 0.14
2458493.3512911 11.10 0.14
2458493.3533744 10.98 0.13
2458493.3537216 10.87 0.12
2458493.3538952 10.77 0.10
2458493.3540688 10.80 0.11
2458493.3545897 10.92 0.12
2458493.3551105 10.90 0.12
2458493.3556313 10.94 0.12
2458493.3564994 10.86 0.11
2458493.3591036 10.91 0.12
2458493.3606668 11.03 0.14
2458493.3615341 10.91 0.12
2458493.3617077 11.04 0.14
2458493.3620549 10.96 0.13
2458493.3625758 10.80 0.11
2458493.3636174 10.92 0.12
2458493.3637911 11.04 0.14
2458493.3643119 11.01 0.13
2458493.3644855 10.97 0.13
2458493.3658744 10.90 0.12
2458493.3700410 10.92 0.12
2458493.3702147 10.96 0.13
2458493.3714299 10.95 0.13
2458493.3717772 10.96 0.13
2458493.3721257 10.97 0.13
2458493.3726460 11.08 0.14
2458493.3733397 10.90 0.12
2458493.3736869 10.95 0.13
2458493.3752494 10.86 0.12
2458493.3754230 10.99 0.13
2458493.3782008 10.93 0.13
2458493.3790688 11.02 0.14
2458493.3792424 10.94 0.13
2458493.3801105 10.95 0.13
2458493.3804577 10.97 0.13
2458493.3808049 10.93 0.13
2458493.3811522 10.96 0.13
2458493.3823674 11.08 0.15
2458493.3827147 10.89 0.12
2458493.3832355 10.92 0.13
2458493.3835827 10.91 0.13
2458493.3851454 10.98 0.13
2458493.3856660 10.90 0.13
2458493.3858397 10.82 0.12
2458493.3865341 10.90 0.12
2458493.3872286 11.05 0.14
2458493.3880966 10.96 0.13
2458493.3894855 11.04 0.14
2458493.3900063 11.02 0.14
2458493.3901799 11.01 0.14
2458493.3910480 10.79 0.11
2458493.3913952 10.96 0.13
2458493.3915688 10.76 0.11
2458493.3919160 10.93 0.13
2458493.3924369 10.71 0.11
2458493.3933049 10.94 0.13
2458493.3939994 10.90 0.13
2458493.3941730 11.03 0.14
2458493.3943466 10.99 0.14
2458493.3948674 11.03 0.14
2458493.3955619 10.84 0.12
2458493.3957355 10.98 0.14
2458493.3972980 10.86 0.12
2458493.3974716 10.98 0.14
2458493.3981661 10.88 0.13
2458493.3985133 11.02 0.14
2458493.3986869 11.04 0.14
2458493.3988605 11.05 0.15
2458493.3997285 10.91 0.13
2458493.3999022 10.92 0.13
2458493.4000758 10.79 0.12
2458493.4004230 10.74 0.11
2458493.4007702 10.66 0.10
2458493.4009438 10.81 0.12
2458493.4011174 10.86 0.12
2458493.4016383 10.88 0.13
2458493.4019855 10.89 0.13
2458493.4042424 11.00 0.14
2458493.4049369 10.81 0.12
2458493.4054577 10.79 0.12
2458493.4059786 10.85 0.13
2458493.4068466 10.89 0.13
2458493.4073674 10.74 0.11
2458493.4075410 10.82 0.12
2458493.4077147 10.95 0.14
2458493.4078896 10.94 0.14
2458493.4080630 10.79 0.12
2458493.4099716 10.86 0.13
2458493.4106661 10.68 0.11
2458493.4113605 10.95 0.14
2458493.4137911 10.77 0.12
2458493.4141383 10.85 0.13
2458493.4146591 10.99 0.14
2458493.4151799 10.92 0.14
2458495.1387563 10.65 0.15
2458495.1517772 10.57 0.14
2458495.1521244 10.79 0.17
2458495.1705272 10.69 0.15
2458495.1766035 10.70 0.15
2458495.1769508 10.82 0.17
2458495.1774716 10.51 0.13
2458495.1837221 10.86 0.17
2458495.1851105 10.68 0.15
2458495.1861522 10.64 0.14
2458495.1871938 10.79 0.16
2458495.1897980 10.77 0.15
2458495.1899716 10.69 0.14
2458495.1901452 10.63 0.14
2458495.1915341 10.71 0.14
2458495.1925758 10.68 0.14
2458495.1939647 10.62 0.13
2458495.1963952 10.81 0.16
2458495.1967424 10.79 0.16
2458495.1972633 10.62 0.13
2458495.1979577 10.72 0.15
2458495.1981313 10.77 0.15
2458495.1984786 10.83 0.16
2458495.1993466 10.72 0.15
2458495.2003883 10.77 0.15
2458495.2014299 10.85 0.17
2458495.2068132 10.67 0.14
2458495.2092424 10.69 0.15
2458495.2114994 10.78 0.16
2458495.2149716 10.74 0.15
2458495.2156660 10.80 0.15
2458495.2170549 10.77 0.15
2458495.2186174 10.85 0.16
2458495.2191393 10.67 0.14
2458495.2198331 10.95 0.18
2458495.2250410 10.76 0.15
2458495.2300758 10.80 0.15
2458495.2309450 10.75 0.14
2458495.2380619 10.71 0.14
2458495.2394508 10.81 0.15
2458495.2427508 10.72 0.14
2458495.2432711 10.77 0.15
2458495.2441383 10.92 0.17
2458495.2443119 10.83 0.15
2458495.2458744 10.87 0.16
2458495.2462216 10.78 0.15
2458495.2495202 10.89 0.16
2458495.2503883 10.81 0.15
2458495.2512563 10.76 0.14
2458495.2516036 10.74 0.14
2458495.2526452 10.89 0.16
2458495.2529924 10.87 0.16
2458495.2536869 10.79 0.15
2458495.2543813 10.78 0.15
2458495.2549034 10.78 0.14
2458495.2588952 11.00 0.17
2458495.2590688 10.79 0.14
2458495.2595897 10.92 0.16
2458495.2606313 10.89 0.15
2458495.2611522 10.88 0.15
2458495.2635827 10.80 0.14
2458495.2647980 10.90 0.16
2458495.2660133 10.91 0.16
2458495.2700063 10.95 0.17
2458495.2727841 10.93 0.16
2458495.2736522 10.81 0.15
2458495.2776452 10.82 0.15
2458495.2804230 10.88 0.15
2458495.2849369 10.76 0.14
2458495.2868466 10.84 0.15
2458495.2877147 10.94 0.16
2458495.2884091 10.85 0.15
2458495.2887563 10.77 0.14
2458495.2892772 10.67 0.13
2458495.2897980 10.87 0.15
2458495.2910145 10.93 0.16
2458495.2918817 10.86 0.15
2458495.2939647 10.77 0.14
2458495.2943119 10.83 0.15
2458495.2946591 10.79 0.14
2458495.2948327 10.81 0.14
2458495.2953535 10.71 0.13
2458495.2970897 10.79 0.14
2458495.2981313 10.85 0.15
2458495.2991730 10.68 0.13
2458495.3005619 10.82 0.14
2458495.3012563 10.93 0.16
2458495.3019508 10.91 0.16
2458495.3022980 10.86 0.15
2458495.3047286 10.87 0.15
2458495.3050758 10.83 0.14
2458495.3061174 10.80 0.14
2458495.3064647 10.76 0.14
2458495.3066383 10.80 0.14
2458495.3085480 10.82 0.15
2458495.3095897 10.87 0.15
2458495.3127147 10.81 0.14
2458498.1658281 10.81 0.14
2458498.1661753 10.96 0.16
2458498.1665238 10.76 0.13
2458498.1677379 10.81 0.14
2458498.1679114 10.88 0.15
2458498.1682586 10.86 0.15
2458498.1684322 10.86 0.15
2458498.1696475 10.88 0.15
2458498.1699947 10.82 0.14
2458498.1712100 11.00 0.16
2458498.1717309 10.76 0.13
2458498.1722517 10.93 0.15
2458498.1729461 10.92 0.15
2458498.1757239 10.69 0.12
2458498.1764184 10.78 0.13
2458498.1765920 10.90 0.14
2458498.1781545 10.96 0.15
2458498.1793701 11.09 0.17
2458498.1800642 10.71 0.12
2458498.1812795 10.99 0.15
2458498.1814531 10.89 0.14
2458498.1821475 10.99 0.15
2458498.1823211 10.95 0.15
2458498.1830156 10.95 0.15
2458498.1831892 10.87 0.14
2458498.1850989 10.98 0.15
2458498.1856197 10.87 0.14
2458498.1892656 10.96 0.15
2458498.1897864 10.86 0.14
2458498.1899600 11.04 0.16
2458498.1923906 10.90 0.14
2458498.1929114 10.82 0.13
2458498.1960378 11.04 0.15
2458498.1963846 10.92 0.14
2458498.1975989 10.96 0.14
2458498.1979461 11.12 0.16
2458498.1996822 10.94 0.14
2458498.1998559 10.93 0.14
2458498.2002031 10.94 0.14
2458498.2010711 10.86 0.13
2458498.2014184 11.05 0.15
2458498.2035017 10.79 0.12
2458498.2062795 10.78 0.12
2458498.2073211 11.03 0.14
2458498.2081904 10.99 0.14
2458498.2094045 10.86 0.13
2458498.2099253 10.99 0.14
2458498.2109670 10.92 0.13
2458498.2111406 11.02 0.14
2458498.2114878 10.91 0.13
2458498.2120086 10.83 0.12
2458498.2121823 10.83 0.12
2458498.2130503 10.92 0.13
2458498.2132239 11.04 0.15
2458498.2133975 11.04 0.15
2458498.2137448 10.90 0.13
2458498.2154809 10.99 0.14
2458498.2160017 10.99 0.14
2458498.2173906 10.94 0.13
2458498.2208632 10.92 0.13
2458498.2210366 10.99 0.14
2458498.2224253 10.99 0.14
2458498.2232934 10.82 0.12
2458498.2234670 10.96 0.13
2458498.2236406 11.07 0.15
2458498.2241614 10.77 0.11
2458498.2246822 10.88 0.12
2458498.2248559 10.98 0.13
2458498.2250295 11.03 0.14
2458498.2252031 10.90 0.12
2458498.2255503 10.97 0.13
2458498.2269392 10.95 0.13
2458498.2272864 11.07 0.15
2458498.2304114 10.96 0.13
2458498.2305850 11.24 0.17
2458498.2309322 11.02 0.14
2458498.2312795 11.06 0.14
2458498.2318016 11.08 0.15
2458498.2324954 11.02 0.14
2458498.2326688 10.93 0.13
2458498.2333628 10.97 0.14
2458498.2337100 11.03 0.14
2458498.2349253 11.06 0.15
2458498.2370086 11.01 0.14
2458498.2377031 11.08 0.15
2458498.2382239 10.98 0.14
2458498.2390920 10.96 0.14
2458498.2396128 11.08 0.15
2458498.2397864 10.86 0.13
2458498.2401336 10.99 0.14
2458498.2422170 11.04 0.15
2458498.2425642 10.84 0.12
2458498.2427378 10.98 0.14
2458498.2448214 11.05 0.15
2458498.2451684 10.83 0.12
2458498.2453420 10.99 0.14
2458498.2455156 10.95 0.14
2458498.2502031 10.92 0.14
2458498.2512448 10.97 0.15
2458498.2514184 10.88 0.13
2458498.2515920 11.01 0.15
2458498.2522864 11.03 0.15
2458498.2535017 10.93 0.14
2458498.2540225 11.11 0.16
2458498.2547170 11.10 0.16
2458498.2562801 11.00 0.15
2458498.2599253 11.02 0.15
2458498.2604461 11.02 0.15
2458498.2607934 10.98 0.15
2458498.2618350 10.87 0.13
2458498.2627031 11.03 0.13
2458498.2630503 11.06 0.13
2458498.2642656 11.13 0.14
2458498.2644392 10.86 0.11
2458498.2647864 10.99 0.13
2458498.2651336 11.12 0.14
2458498.2654809 11.21 0.15
2458498.2656545 10.99 0.13
2458498.2660017 11.00 0.12
2458498.2675655 10.94 0.12
2458498.2677389 11.12 0.14
2458498.2679124 11.17 0.15
2458498.2682593 10.85 0.11
2458498.2689531 11.05 0.13
2458498.2696475 10.93 0.12
2458498.2701684 11.07 0.13
2458498.2705156 11.08 0.13
2458498.2710364 10.85 0.11
2458498.2713836 10.95 0.12
2458498.2715572 10.92 0.12
2458498.2717309 11.04 0.13
2458498.2719045 11.09 0.13
2458498.2729461 11.01 0.12
2458498.2731197 11.05 0.13
2458498.2736406 10.98 0.12
2458498.2738142 10.88 0.11
2458498.2741614 10.84 0.11
2458498.2743350 11.09 0.13
2458498.2745086 11.07 0.13
2458498.2752031 10.94 0.12
2458498.2757239 10.99 0.12
2458498.2758975 10.91 0.11
2458498.2760711 11.08 0.13
2458498.2764184 11.15 0.14
2458498.2771128 11.10 0.14
2458498.2774600 11.06 0.13
2458498.2778072 11.11 0.13
2458498.2781545 10.88 0.11
2458498.2783281 10.98 0.12
2458498.2788489 10.82 0.10
2458498.2790225 11.09 0.13
2458498.2800651 10.86 0.11
2458498.2802385 10.99 0.12
2458498.2805854 10.91 0.12
2458498.2812795 11.14 0.14
2458498.2814531 11.12 0.14
2458498.2816267 10.87 0.11
2458498.2824948 11.01 0.13
2458498.2826684 11.00 0.12
2458498.2830156 11.12 0.14
2458498.2831892 11.05 0.13
2458498.2837100 10.98 0.12
2458498.2838836 10.94 0.12
2458498.2842309 11.12 0.14
2458498.2844045 11.25 0.16
2458498.2845781 10.84 0.11
2458498.2847517 11.02 0.13
2458498.2849253 10.85 0.11
2458498.2850989 11.03 0.13
2458498.2852725 10.90 0.11
2458498.2856197 11.12 0.14
2458498.2859670 11.02 0.13
2458498.2864878 10.96 0.12
2458498.2866614 10.96 0.12
2458498.2870086 11.01 0.13
2458498.2873559 10.83 0.11
2458498.2875295 10.97 0.12
2458498.2877031 10.91 0.12
2458498.2878767 11.00 0.13
2458498.2883975 10.79 0.10
2458498.2885711 10.94 0.12
2458498.2889184 10.99 0.13
2458498.2890920 11.00 0.13
2458498.2892656 10.86 0.11
2458498.2896128 10.92 0.12
2458498.2899600 10.80 0.10
2458498.2908281 10.90 0.11
2458498.2911753 10.96 0.12
2458498.2918708 10.88 0.11
2458498.2920443 10.89 0.12
2458498.2930850 10.79 0.10
2458498.2943003 11.03 0.13
2458498.2944739 10.87 0.12
2458498.2955156 11.10 0.14
2458498.2963836 11.04 0.13
2458498.2970781 10.94 0.12
2458498.2972517 10.93 0.12
2458498.2974253 11.06 0.13
2458498.2975989 10.93 0.12
2458498.2981198 10.90 0.12
2458498.2984670 10.98 0.12
2458498.2986406 10.98 0.12
2458498.2989878 11.08 0.14
2458498.2991614 11.07 0.14
2458498.2993350 10.84 0.11
2458498.2995086 10.95 0.12
2458498.2996823 10.88 0.11
2458498.3000295 11.11 0.14
2458498.3002031 10.90 0.12
2458498.3005503 10.91 0.12
2458498.3007239 10.86 0.11
2458498.3010711 11.12 0.14
2458498.3024600 10.77 0.10
2458498.3028072 10.80 0.10
2458498.3031545 10.98 0.12
2458498.3033281 11.03 0.13
2458498.3035017 11.00 0.12
2458498.3036766 10.88 0.11
2458498.3040235 11.03 0.13
2458498.3043703 10.85 0.11
2458498.3047172 10.96 0.12
2458498.3052378 10.94 0.12
2458498.3054114 10.94 0.12
2458498.3055850 10.76 0.10
2458498.3062795 10.99 0.13
2458498.3068003 10.82 0.11
2458498.3069739 11.01 0.13
2458498.3074948 11.04 0.13
2458498.3076684 10.85 0.11
2458498.3080156 10.89 0.12
2458498.3081892 11.00 0.13
2458498.3085364 10.84 0.11
2458498.3094045 11.07 0.14
2458498.3095781 11.00 0.13
2458498.3097517 10.97 0.13
2458498.3100989 10.86 0.11
2458498.3107934 10.97 0.12
2458498.3111406 11.08 0.14
2458498.3113142 11.02 0.13
2458498.3116614 10.77 0.11
2458498.3118350 10.96 0.13
2458498.3120086 10.91 0.12
2458498.3123559 10.76 0.10
2458498.3128767 10.80 0.11
2458498.3135711 10.99 0.13
2458498.3137448 11.07 0.14
2458498.3139184 11.12 0.15
2458498.3140920 10.95 0.12
2458498.3142656 10.93 0.12
2458498.3153073 10.83 0.11
2458498.3154809 11.01 0.13
2458498.3156558 10.97 0.13
2458498.3161761 11.10 0.14
2458498.3165230 10.87 0.12
2458498.3168699 10.89 0.12
2458498.3175642 10.89 0.12
2458498.3177378 11.01 0.13
2458500.2347285 10.87 0.15
2458500.2354230 10.76 0.14
2458500.2364647 10.82 0.14
2458500.2368119 10.72 0.13
2458500.2369855 10.79 0.14
2458500.2373327 10.72 0.13
2458500.2376799 10.78 0.14
2458500.2378536 10.97 0.17
2458500.2380272 10.71 0.13
2458500.2382008 10.72 0.13
2458500.2394161 10.73 0.13
2458500.2395897 10.93 0.16
2458500.2418466 10.62 0.12
2458500.2437563 10.74 0.13
2458500.2447989 10.93 0.15
2458500.2453193 10.96 0.16
2458500.2461869 10.94 0.15
2458500.2467077 10.89 0.15
2458500.2474022 10.89 0.15
2458500.2477494 10.76 0.13
2458500.2489647 10.84 0.14
2458500.2496591 10.95 0.15
2458500.2522633 10.75 0.13
2458500.2529577 11.03 0.16
2458500.2536522 10.84 0.14
2458500.2545202 11.01 0.16
2458500.2552147 11.06 0.17
2458500.2555619 10.75 0.13
2458500.2557355 10.88 0.14
2458500.2562563 10.80 0.13
2458500.2572984 10.88 0.14
2458500.2574719 10.82 0.14
2458500.2583397 10.80 0.13
2458500.2590341 10.90 0.14
2458500.2597285 10.87 0.14
2458500.2602494 10.95 0.15
2458500.2654577 10.98 0.15
2458500.2661522 10.87 0.13
2458500.2666730 10.90 0.14
2458500.2668466 10.99 0.15
2458500.2673674 10.98 0.15
2458500.2680619 10.84 0.13
2458500.2684104 10.95 0.15
2458500.2685839 11.05 0.16
2458500.2691042 10.76 0.12
2458500.2694511 11.08 0.16
2458500.2734438 10.78 0.12
2458500.2743119 10.84 0.13
2458500.2744855 10.80 0.13
2458500.2757008 10.85 0.13
2458500.2762216 10.92 0.14
2458500.2763952 10.85 0.13
2458500.2765688 10.90 0.14
2458500.2769161 10.99 0.15
2458500.2770897 10.94 0.14
2458500.2774369 10.96 0.15
2458500.2798674 10.82 0.13
2458500.2800410 10.91 0.14
2458500.2803896 10.91 0.14
2458500.2810834 10.95 0.14
2458500.2833397 10.80 0.12
2458500.2849022 10.88 0.13
2458500.2854230 10.97 0.14
2458500.2861174 10.83 0.13
2458500.2873327 10.90 0.14
2458500.2882008 10.91 0.14
2458500.2887216 10.84 0.13
2458500.2888952 10.78 0.12
2458500.2892424 10.93 0.14
2458500.2902841 11.10 0.16
2458500.2904577 10.85 0.13
2458500.2909785 10.85 0.13
2458500.2913258 10.99 0.14
2458500.2918466 10.85 0.12
2458500.2923688 10.87 0.13
2458500.2930626 10.92 0.13
2458500.2932360 10.95 0.13