2458467.3677195 11.06 0.15
2458467.3678931 10.95 0.14
2458467.3682403 11.01 0.15
2458467.3684139 11.08 0.16
2458467.3685875 11.05 0.15
2458467.3699764 11.05 0.15
2458467.3701500 11.10 0.16
2458467.3711917 11.00 0.15
2458467.3718861 11.11 0.16
2458467.3727542 11.00 0.15
2458467.3731014 11.00 0.15
2458467.3732750 11.00 0.15
2458467.3736223 10.93 0.14
2458467.3767473 11.07 0.16
2458467.3781361 10.85 0.13
2458467.3791778 10.99 0.15
2458467.3800459 11.12 0.16
2458467.3802195 10.81 0.12
2458467.3803931 10.95 0.14
2458467.3812611 10.93 0.14
2458467.3826500 10.86 0.13
2458467.3829973 10.94 0.14
2458467.3833445 11.04 0.15
2458467.3849070 10.99 0.15
2458467.3854278 10.97 0.14
2458467.3856014 10.93 0.14
2458467.3857750 11.15 0.17
2458467.3868167 11.06 0.16
2458467.3869903 11.15 0.17
2458467.3871639 11.04 0.15
2458467.3873389 11.03 0.15
2458467.3875123 10.95 0.14
2458467.3876858 10.79 0.12
2458467.3878592 10.88 0.13
2458467.3883795 11.05 0.16
2458467.3885530 11.16 0.17
2458467.3887264 10.85 0.13
2458467.3895945 11.03 0.15
2458467.3908098 10.84 0.13
2458467.3920250 11.01 0.15
2458467.3923722 11.01 0.15
2458467.3928931 10.93 0.14
2458467.3930667 10.77 0.12
2458467.3937611 10.90 0.14
2458467.3942820 10.95 0.14
2458467.3951500 11.12 0.16
2458467.3954973 10.99 0.15
2458467.3963653 11.00 0.15
2458467.4010528 11.01 0.15
2458467.4015736 11.03 0.15
2458467.4022681 10.92 0.14
2458467.4041778 10.83 0.13
2458467.4055667 11.01 0.15
2458467.4060875 10.87 0.14
2458467.4078236 11.03 0.15
2458467.4086917 11.03 0.16
2458467.4104278 10.96 0.15
2458467.4107750 10.73 0.12
2458467.4109486 11.02 0.15
2458467.4111236 10.90 0.14
2458467.4125112 11.01 0.15
2458467.4128584 10.90 0.14
2458467.4130320 11.00 0.15
2458467.4133792 10.89 0.14
2458467.4156361 11.05 0.16
2458467.4158097 10.99 0.15
2458467.4165042 10.91 0.14
2458467.4166778 11.01 0.16
2458467.4168514 10.94 0.15
2458467.4170250 10.90 0.14
2458469.3667865 11.17 0.12
2458469.3670135 11.09 0.12
2458469.3671871 10.95 0.10
2458469.3673607 11.08 0.11
2458469.3675343 11.12 0.12
2458469.3677079 10.96 0.10
2458469.3678815 11.09 0.12
2458469.3680551 11.06 0.11
2458469.3682287 11.05 0.11
2458469.3685760 11.08 0.12
2458469.3687496 11.06 0.11
2458469.3689232 11.14 0.12
2458469.3690968 11.05 0.11
2458469.3692704 11.24 0.13
2458469.3694440 11.14 0.12
2458469.3696176 11.04 0.11
2458469.3697912 11.07 0.11
2458469.3699648 11.00 0.11
2458469.3701384 11.15 0.12
2458469.3704857 11.04 0.11
2458469.3708329 11.12 0.12
2458469.3710065 11.14 0.12
2458469.3711801 11.14 0.12
2458469.3718746 11.15 0.12
2458469.3720482 11.02 0.11
2458469.3722218 11.18 0.12
2458469.3723954 10.96 0.10
2458469.3725690 10.92 0.10
2458469.3729162 11.27 0.14
2458469.3730898 11.10 0.12
2458469.3734371 11.10 0.12
2458469.3736107 11.10 0.12
2458469.3737843 11.07 0.11
2458469.3739579 11.01 0.11
2458469.3741315 11.01 0.11
2458469.3746524 11.14 0.12
2458469.3748260 11.19 0.13
2458469.3749996 11.19 0.13
2458469.3753468 11.12 0.12
2458469.3755204 11.08 0.11
2458469.3756940 11.16 0.12
2458469.3760425 11.06 0.11
2458469.3762159 11.09 0.12
2458469.3763894 11.17 0.12
2458469.3765628 10.93 0.10
2458469.3767363 11.10 0.12
2458469.3769097 11.06 0.11
2458469.3770832 11.20 0.13
2458469.3772566 11.23 0.13
2458469.3774301 11.42 0.15
2458469.3776037 11.09 0.11
2458469.3779510 11.14 0.12
2458469.3782982 11.18 0.12
2458469.3784718 11.08 0.11
2458469.3786454 11.10 0.11
2458488.3044163 11.05 0.14
2458488.3045899 11.01 0.14
2458488.3049371 11.10 0.15
2458488.3051107 11.01 0.14
2458488.3052844 10.94 0.13
2458488.3054579 11.08 0.15
2458488.3056316 11.06 0.14
2458488.3058052 11.19 0.16
2458488.3059788 11.01 0.14
2458488.3061524 11.08 0.14
2458488.3063260 10.89 0.12
2458488.3064996 10.85 0.12
2458488.3068468 10.97 0.13
2458488.3070205 10.97 0.13
2458488.3071941 10.96 0.13
2458488.3073677 11.02 0.14
2458488.3075413 11.22 0.17
2458488.3084093 10.84 0.12
2458488.3091038 10.78 0.11
2458488.3092788 11.16 0.16
2458488.3097991 11.04 0.14
2458488.3099726 11.00 0.14
2458488.3101460 11.01 0.14
2458488.3104929 11.08 0.15
2458488.3113607 10.95 0.13
2458488.3117080 10.89 0.13
2458488.3122288 11.02 0.14
2458488.3124024 11.12 0.15
2458488.3127496 11.10 0.15
2458488.3129232 11.14 0.16
2458488.3134441 10.78 0.11
2458488.3136177 10.95 0.13
2458488.3137913 10.96 0.13
2458488.3139649 10.87 0.13
2458488.3141385 10.89 0.13
2458488.3143121 11.01 0.14
2458488.3144857 10.89 0.13
2458488.3148330 11.06 0.15
2458488.3153538 10.99 0.14
2458488.3157010 10.91 0.13
2458488.3158746 10.96 0.13
2458488.3160482 10.93 0.13
2458488.3162218 10.99 0.14
2458488.3169163 10.93 0.13
2458488.3174371 10.98 0.14
2458488.3176107 10.85 0.12
2458488.3177844 11.09 0.15
2458488.3181316 11.06 0.15
2458488.3183052 10.99 0.14
2458488.3184788 11.01 0.14
2458488.3186524 11.03 0.15
2458488.3188260 11.03 0.14
2458488.3189996 11.02 0.14
2458488.3191732 10.78 0.12
2458488.3193469 11.02 0.15
2458488.3203885 10.97 0.14
2458488.3205621 11.16 0.16
2458488.3209094 11.07 0.15
2458488.3210830 10.95 0.14
2458488.3212579 11.03 0.15
2458488.3214314 10.99 0.14
2458488.3216048 10.92 0.13
2458488.3224720 11.05 0.15
2458488.3226455 10.95 0.14
2458488.3228191 10.93 0.13
2458488.3229927 11.10 0.16
2458488.3231663 10.94 0.13
2458488.3233399 11.10 0.16
2458488.3235135 11.04 0.15
2458488.3236871 10.98 0.14
2458488.3240343 11.03 0.15
2458488.3243816 10.96 0.14
2458488.3247288 11.07 0.15
2458488.3250760 11.15 0.16
2458488.3252496 10.82 0.12
2458488.3255969 10.98 0.14
2458488.3268121 11.06 0.15
2458488.3273330 10.99 0.14
2458488.3280274 11.02 0.15
2458488.3282010 10.96 0.14
2458488.3283746 11.11 0.16
2458488.3287218 10.98 0.14
2458488.3294163 11.04 0.15
2458488.3295899 10.93 0.14
2458488.3297635 10.92 0.14
2458488.3304580 10.86 0.13
2458488.3311524 11.02 0.15
2458488.3313260 10.89 0.13
2458488.3314996 10.93 0.14
2458488.3321941 10.98 0.14
2458488.3330621 10.81 0.12
2458488.3339308 11.06 0.15
2458488.3344511 10.76 0.12
2458488.3347982 10.98 0.14
2458488.3356663 11.05 0.15
2458488.3361871 11.02 0.15
2458488.3368816 11.07 0.16
2458488.3370552 10.94 0.14
2458488.3398330 10.76 0.12
2458488.3403538 10.85 0.13
2458488.3405274 10.96 0.14
2458488.3408746 10.96 0.14
2458488.3412219 10.99 0.15
2458488.3426107 10.98 0.14
2458488.3436524 10.97 0.14
2458488.3446941 11.04 0.15
2458488.3448677 11.16 0.17
2458488.3452162 10.93 0.14
2458488.3457365 10.89 0.14
2458488.3469510 10.92 0.14
2458488.3479927 11.00 0.15
2458488.3483399 10.82 0.13
2458488.3511177 11.07 0.16
2458488.3519857 10.95 0.14
2458488.3528538 10.98 0.15
2458488.3540691 10.96 0.14
2458488.3544163 10.96 0.14
2458488.3549371 10.92 0.14
2458488.3551107 10.98 0.15
2458488.3556316 11.05 0.15
2458488.3575422 11.06 0.16
2458488.3604927 11.03 0.15
2458488.3620552 11.00 0.15
2458488.3622288 11.11 0.16
2458488.3625760 11.09 0.16
2458488.3627496 10.91 0.14
2458488.3630968 10.94 0.14
2458488.3644857 10.96 0.14
2458488.3657010 11.11 0.16
2458488.3677844 10.94 0.14
2458488.3688260 10.99 0.15
2458488.3690010 10.98 0.15
2458488.3698682 11.00 0.15
2458488.3709093 11.15 0.17
2458488.3714302 11.01 0.15
2458488.3731663 11.09 0.16
2458488.3736871 11.00 0.15
2458488.3738607 11.03 0.16
2458493.2524947 11.07 0.14
2458493.2526684 10.91 0.12
2458493.2530156 11.07 0.14
2458493.2554461 11.04 0.14
2458493.2571823 11.21 0.16
2458493.2573559 11.00 0.13
2458493.2585711 11.06 0.14
2458493.2592656 10.95 0.12
2458493.2597864 11.10 0.14
2458493.2610017 11.10 0.14
2458493.2615225 11.17 0.15
2458493.2625642 11.19 0.15
2458493.2636059 11.17 0.15
2458493.2637795 11.03 0.13
2458493.2643003 11.08 0.14
2458493.2651684 11.22 0.16
2458493.2674253 11.10 0.14
2458493.2679461 10.97 0.13
2458493.2682934 11.21 0.16
2458493.2684670 11.12 0.15
2458493.2688142 11.13 0.15
2458493.2691614 11.07 0.14
2458493.2700295 11.20 0.15
2458493.2707239 11.10 0.14
2458493.2714184 11.02 0.13
2458493.2724600 11.16 0.15
2458493.2726336 10.98 0.13
2458493.2735017 11.15 0.15
2458493.2743697 11.16 0.15
2458493.2761059 11.14 0.15
2458493.2783638 10.97 0.13
2458493.2790576 11.25 0.16
2458493.2795781 11.24 0.16
2458493.2800989 11.27 0.17
2458493.2802725 11.16 0.15
2458493.2806198 11.10 0.14
2458493.2813142 11.01 0.13
2458493.2842656 11.19 0.15
2458493.2846128 11.15 0.15
2458493.2847864 11.27 0.17
2458493.2861753 11.16 0.15
2458493.2873906 11.20 0.16
2458493.2877378 11.21 0.16
2458493.2882586 11.12 0.15
2458493.2889531 11.13 0.15
2458493.2894739 11.01 0.13
2458493.2899961 11.18 0.15
2458493.2910367 11.19 0.16
2458493.2922517 11.11 0.14
2458493.2932934 11.16 0.15
2458493.2934670 11.22 0.16
2458493.2941614 11.11 0.14
2458493.2943350 11.03 0.13
2458493.2946823 11.02 0.13
2458493.2950295 11.14 0.15
2458493.2952031 11.02 0.13
2458493.2953767 11.18 0.15
2458493.2955503 11.16 0.15
2458493.2957239 11.18 0.15
2458493.2965920 11.33 0.18
2458493.2972864 11.12 0.15
2458493.2976336 11.08 0.14
2458493.2978072 11.06 0.14
2458493.2981545 11.15 0.15
2458493.2988489 11.19 0.15
2458493.2991961 11.18 0.16
2458493.2995434 11.00 0.13
2458493.2997170 11.13 0.15
2458493.3028536 11.18 0.16
2458493.3030272 11.13 0.15
2458493.3033744 11.00 0.13
2458493.3044161 11.05 0.14
2458493.3045897 11.17 0.15
2458493.3051105 11.15 0.15
2458493.3052841 11.09 0.14
2458493.3056313 10.97 0.13
2458493.3064994 11.13 0.15
2458493.3068466 11.15 0.15
2458493.3071938 10.96 0.13
2458493.3073674 11.08 0.14
2458493.3075410 11.16 0.15
2458493.3078883 11.10 0.14
2458493.3080619 11.06 0.14
2458493.3082355 11.05 0.13
2458493.3084091 10.96 0.12
2458493.3094508 10.97 0.13
2458493.3099716 11.02 0.13
2458493.3103188 10.99 0.13
2458493.3104924 11.05 0.14
2458493.3106661 11.11 0.14
2458493.3110133 11.24 0.16
2458493.3111869 11.11 0.14
2458493.3117077 11.03 0.13
2458493.3118813 11.00 0.13
2458493.3122298 11.13 0.14
2458493.3124033 10.89 0.12
2458493.3127502 11.20 0.15
2458493.3130971 10.89 0.12
2458493.3134439 10.91 0.12
2458493.3136174 11.11 0.14
2458493.3137910 11.11 0.14
2458493.3143119 11.12 0.14
2458493.3144855 11.05 0.13
2458493.3148327 11.04 0.13
2458493.3150063 11.04 0.13
2458493.3155272 10.99 0.13
2458493.3157008 11.10 0.14
2458493.3158744 10.97 0.12
2458493.3160480 11.19 0.15
2458493.3162216 11.17 0.15
2458493.3165688 11.08 0.14
2458493.3167424 11.07 0.13
2458493.3169161 11.03 0.13
2458493.3184786 11.02 0.13
2458493.3186522 11.19 0.15
2458493.3188258 10.94 0.12
2458493.3189994 11.05 0.13
2458493.3193466 11.13 0.14
2458493.3195202 11.05 0.13
2458493.3196938 11.13 0.14
2458493.3198674 11.05 0.13
2458493.3200411 10.92 0.12
2458493.3202147 11.05 0.13
2458493.3203883 11.07 0.14
2458493.3205619 11.06 0.13
2458493.3207355 11.14 0.14
2458493.3210827 11.08 0.14
2458493.3212563 10.99 0.13
2458493.3214299 11.05 0.13
2458493.3216035 11.21 0.15
2458493.3219508 10.99 0.13
2458493.3221244 10.98 0.13
2458493.3224716 11.18 0.15
2458493.3226452 10.91 0.12
2458493.3228188 11.19 0.15
2458493.3229924 11.03 0.13
2458493.3231662 11.14 0.15
2458493.3233397 10.87 0.11
2458493.3235133 10.91 0.12
2458493.3238605 11.16 0.15
2458493.3242090 11.03 0.13
2458493.3245559 11.18 0.15
2458493.3247293 10.97 0.12
2458493.3249028 11.06 0.14
2458493.3250762 10.97 0.12
2458493.3252497 10.91 0.12
2458493.3254231 11.12 0.14
2458493.3255966 10.99 0.13
2458493.3257702 11.09 0.14
2458493.3259438 10.98 0.12
2458493.3266383 11.05 0.13
2458493.3268119 11.01 0.13
2458493.3278536 11.15 0.15
2458493.3280272 10.85 0.11
2458493.3283744 11.06 0.13
2458493.3292430 11.09 0.14
2458493.3295897 10.98 0.12
2458493.3301105 11.18 0.15
2458493.3302841 11.09 0.14
2458493.3304577 10.87 0.11
2458493.3308049 11.00 0.13
2458493.3309785 10.96 0.12
2458493.3314994 10.88 0.11
2458493.3316730 10.88 0.11
2458493.3320202 11.15 0.14
2458493.3323674 11.07 0.14
2458493.3327147 11.19 0.15
2458493.3328883 11.12 0.14
2458493.3330619 11.11 0.14
2458493.3334091 11.10 0.14
2458493.3335827 11.14 0.14
2458493.3337563 11.11 0.14
2458493.3339299 10.85 0.11
2458493.3341036 10.93 0.12
2458493.3342772 10.96 0.12
2458493.3346244 10.96 0.12
2458493.3347980 11.02 0.13
2458493.3354924 11.02 0.13
2458493.3356661 10.98 0.12
2458493.3358397 11.04 0.13
2458493.3360133 10.80 0.11
2458493.3367085 11.10 0.14
2458493.3370554 11.02 0.13
2458493.3372288 11.02 0.13
2458493.3377494 11.05 0.14
2458493.3379230 10.99 0.13
2458493.3384438 11.03 0.13
2458493.3386174 11.10 0.14
2458493.3389647 11.13 0.15
2458493.3391383 10.89 0.12
2458493.3393119 10.92 0.12
2458493.3394855 10.90 0.12
2458493.3398327 11.04 0.13
2458493.3401799 10.98 0.13
2458493.3407008 11.02 0.13
2458493.3408744 11.15 0.15
2458493.3410480 11.12 0.14
2458493.3412216 11.03 0.13
2458493.3413952 11.31 0.17
2458493.3415688 10.97 0.13
2458493.3419161 11.15 0.15
2458493.3420897 11.06 0.14
2458493.3422633 10.86 0.11
2458493.3424369 10.85 0.11
2458493.3426105 11.02 0.13
2458493.3427841 10.94 0.12
2458493.3431313 11.08 0.14
2458493.3433049 11.08 0.14
2458493.3434786 10.92 0.12
2458493.3436522 11.08 0.14
2458493.3438258 11.01 0.13
2458493.3439994 10.93 0.12
2458493.3441730 11.17 0.15
2458493.3443466 11.05 0.14
2458493.3445202 11.27 0.17
2458493.3446938 11.07 0.14
2458493.3457355 11.01 0.13
2458493.3459091 10.82 0.11
2458493.3460827 10.97 0.13
2458493.3462563 10.89 0.12
2458493.3466035 11.07 0.14
2458493.3467772 11.11 0.14
2458493.3469508 11.10 0.14
2458493.3472980 11.02 0.13
2458493.3474716 11.11 0.14
2458493.3476452 11.03 0.13
2458493.3478188 11.02 0.13
2458493.3479924 11.00 0.13
2458493.3481673 11.16 0.15
2458493.3483408 11.07 0.14
2458493.3485142 11.07 0.14
2458493.3486876 10.87 0.12
2458493.3488611 10.98 0.13
2458493.3490345 10.97 0.13
2458493.3492080 11.17 0.15
2458493.3493814 11.15 0.15
2458493.3495549 11.11 0.14
2458493.3497286 11.16 0.15
2458493.3502494 11.12 0.14
2458493.3504230 10.99 0.13
2458493.3505966 11.17 0.15
2458493.3507702 10.92 0.12
2458493.3512911 10.81 0.11
2458493.3516383 11.17 0.15
2458493.3518119 10.89 0.12
2458493.3519855 11.03 0.13
2458493.3521591 11.11 0.14
2458493.3523327 10.97 0.13
2458493.3525063 11.22 0.16
2458493.3526799 10.93 0.12
2458493.3528535 11.13 0.14
2458493.3530272 11.05 0.13
2458493.3532008 10.94 0.12
2458493.3533744 10.97 0.13
2458493.3535480 11.11 0.14
2458493.3537216 10.86 0.11
2458493.3538952 10.94 0.12
2458493.3540688 10.87 0.11
2458493.3545897 11.04 0.13
2458493.3547633 11.00 0.13
2458493.3549369 11.08 0.14
2458493.3552841 10.90 0.12
2458493.3554577 10.93 0.12
2458493.3559786 10.92 0.12
2458493.3563258 11.06 0.14
2458493.3564994 10.97 0.12
2458493.3568466 10.89 0.12
2458493.3570202 10.89 0.12
2458493.3571938 10.85 0.11
2458493.3577147 10.98 0.13
2458493.3580619 10.92 0.12
2458493.3582355 11.01 0.13
2458493.3584091 10.89 0.12
2458493.3585827 10.93 0.12
2458493.3592772 11.09 0.14
2458493.3599716 11.01 0.13
2458493.3601465 10.80 0.11
2458493.3603199 10.85 0.11
2458493.3608403 10.98 0.13
2458493.3610137 10.97 0.13
2458493.3613606 10.97 0.13
2458493.3615341 11.06 0.14
2458493.3620549 11.15 0.15
2458493.3627494 10.80 0.11
2458493.3629230 11.04 0.14
2458493.3630966 11.03 0.13
2458493.3632702 10.87 0.12
2458493.3636174 11.02 0.13
2458493.3639647 11.11 0.14
2458493.3646591 11.06 0.14
2458493.3648327 11.14 0.15
2458493.3651799 11.02 0.13
2458493.3660480 11.05 0.14
2458493.3665688 11.16 0.15
2458493.3667424 11.02 0.13
2458493.3669161 10.98 0.13
2458493.3670897 10.98 0.13
2458493.3672633 11.06 0.14
2458493.3674369 11.06 0.14
2458493.3676105 11.03 0.13
2458493.3677841 10.96 0.13
2458493.3679577 11.16 0.15
2458493.3681313 11.07 0.14
2458493.3683049 10.93 0.12
2458493.3686522 10.95 0.13
2458493.3693466 10.98 0.13
2458493.3696938 11.07 0.14
2458493.3698674 10.88 0.12
2458493.3702147 11.07 0.14
2458493.3703883 10.95 0.12
2458493.3707355 10.92 0.12
2458493.3709091 10.93 0.12
2458493.3710827 11.10 0.14
2458493.3712563 11.09 0.14
2458493.3714299 11.09 0.14
2458493.3716036 11.02 0.13
2458493.3721257 11.02 0.13
2458493.3722991 11.26 0.17
2458493.3724725 11.04 0.13
2458493.3726460 10.81 0.11
2458493.3728194 11.11 0.14
2458493.3729928 11.03 0.13
2458493.3735133 10.97 0.13
2458493.3736869 11.06 0.14
2458493.3738605 11.04 0.13
2458493.3745549 11.09 0.14
2458493.3747286 11.07 0.14
2458493.3750758 11.04 0.14
2458493.3752494 11.10 0.14
2458493.3754230 11.08 0.14
2458493.3755966 11.15 0.15
2458493.3757702 11.04 0.13
2458493.3761174 11.05 0.14
2458493.3762910 11.08 0.14
2458493.3766383 10.97 0.13
2458493.3768119 11.02 0.13
2458493.3771591 11.05 0.14
2458493.3775063 11.13 0.15
2458493.3783744 11.10 0.14
2458493.3794161 10.94 0.13
2458493.3797633 11.15 0.15
2458493.3801105 11.21 0.16
2458493.3804577 10.95 0.13
2458493.3809786 11.08 0.14
2458493.3814994 11.02 0.13
2458493.3816730 11.00 0.13
2458493.3818466 10.99 0.13
2458493.3820202 11.06 0.14
2458493.3821938 11.00 0.13
2458493.3825411 10.99 0.13
2458493.3828883 10.98 0.13
2458493.3832355 11.16 0.15
2458493.3834091 11.11 0.15
2458493.3837563 10.98 0.13
2458493.3839313 10.87 0.12
2458493.3842782 10.93 0.13
2458493.3844517 11.05 0.14
2458493.3846251 11.09 0.15
2458493.3851454 11.04 0.14
2458493.3858397 11.06 0.14
2458493.3863605 11.14 0.15
2458493.3865341 11.13 0.15
2458493.3867077 10.92 0.12
2458493.3868813 11.10 0.15
2458493.3872286 11.07 0.14
2458493.3877494 11.02 0.14
2458493.3879230 11.11 0.15
2458493.3880966 11.06 0.14
2458493.3886174 11.03 0.14
2458493.3896591 10.95 0.13
2458493.3901799 11.05 0.14
2458493.3905272 11.19 0.16
2458493.3907008 11.00 0.14
2458493.3908744 11.07 0.14
2458493.3913952 11.11 0.15
2458493.3917424 11.09 0.15
2458493.3919160 10.99 0.13
2458493.3920897 10.90 0.12
2458493.3922633 10.85 0.12
2458493.3929577 11.09 0.15
2458493.3931313 11.00 0.14
2458493.3933049 10.94 0.13
2458493.3934785 11.11 0.15
2458493.3936522 11.08 0.15
2458493.3938258 11.02 0.14
2458493.3943466 10.92 0.13
2458493.3946938 11.06 0.14
2458493.3948674 11.10 0.15
2458493.3952147 11.04 0.14
2458493.3960839 11.15 0.15
2458493.3964308 11.06 0.14
2458493.3967777 11.07 0.15
2458493.3972980 11.00 0.14
2458493.3974716 11.08 0.15
2458493.3978188 11.10 0.15
2458493.3981661 11.00 0.14
2458493.3986869 11.06 0.14
2458493.3988605 10.92 0.13
2458493.3990341 10.95 0.13
2458493.3997285 11.02 0.14
2458493.4004230 11.01 0.14
2458493.4007702 11.00 0.14
2458493.4018119 10.94 0.13
2458493.4019855 11.15 0.16
2458493.4021591 11.12 0.15
2458493.4026799 11.00 0.14
2458493.4028536 10.83 0.12
2458493.4030272 10.93 0.13
2458493.4035480 11.06 0.15
2458493.4040688 11.16 0.16
2458493.4042424 10.99 0.14
2458493.4044161 10.89 0.13
2458493.4045897 11.05 0.15
2458493.4054577 10.90 0.13
2458493.4058049 11.12 0.16
2458493.4059786 10.98 0.14
2458493.4061522 11.00 0.14
2458493.4064994 10.91 0.13
2458493.4066730 11.10 0.15
2458493.4071938 11.17 0.16
2458493.4078896 11.04 0.15
2458493.4085833 11.03 0.14
2458493.4087568 10.94 0.13
2458493.4091037 10.91 0.13
2458493.4097980 11.05 0.15
2458493.4103188 10.83 0.12
2458493.4111869 10.96 0.14
2458493.4113605 11.02 0.14
2458493.4118813 11.08 0.15
2458493.4120549 11.02 0.14
2458493.4122286 11.04 0.15
2458493.4125758 11.05 0.15
2458493.4130966 11.07 0.15
2458493.4134438 10.92 0.13
2458493.4136174 11.06 0.15
2458493.4143119 10.78 0.12
2458493.4146591 11.13 0.16
2458493.4150063 11.00 0.14
2458493.4151799 11.07 0.15
2458493.4155272 11.15 0.16
2458495.1764299 10.67 0.15
2458495.2175758 10.78 0.15
2458495.2222633 10.85 0.16
2458495.2233049 10.85 0.16
2458495.2304230 10.85 0.16
2458495.2316388 10.89 0.16
2458495.2368466 10.88 0.16
2458495.2384091 10.86 0.15
2458495.2455272 10.91 0.16
2458495.2543813 10.91 0.16
2458495.2587216 10.82 0.14
2458495.2599369 10.80 0.14
2458495.2616730 10.89 0.15
2458495.2632355 10.82 0.15
2458495.2722633 10.79 0.14
2458495.2724369 11.00 0.17
2458495.2733049 10.89 0.15
2458495.2738258 10.91 0.16
2458495.2837216 10.92 0.15
2458495.2847633 10.99 0.16
2458495.2861522 10.94 0.16
2458495.2877147 10.90 0.15
2458495.2957008 10.90 0.15
2458495.2969160 10.98 0.16
2458495.2976105 10.93 0.15
2458495.3014299 10.97 0.16
2458495.3052494 10.89 0.15
2458495.3094160 10.99 0.17
2458495.3108049 10.81 0.14
2458498.1689531 10.84 0.14
2458498.1703420 10.78 0.13
2458498.1705156 11.05 0.17
2458498.1752031 10.86 0.14
2458498.1764184 10.80 0.13
2458498.1765920 10.88 0.14
2458498.1776336 10.97 0.15
2458498.1781545 11.07 0.16
2458498.1818003 11.01 0.15
2458498.1840572 10.93 0.14
2458498.1854461 11.00 0.15
2458498.1863142 11.01 0.15
2458498.1871822 10.85 0.13
2458498.1890920 11.00 0.15
2458498.1899600 10.82 0.13
2458498.1927378 10.94 0.14
2458498.1941267 11.06 0.15
2458498.1955156 11.01 0.15
2458498.1956892 11.09 0.16
2458498.1962112 10.86 0.13
2458498.1963846 11.06 0.15
2458498.1969050 11.14 0.16
2458498.1977725 11.11 0.16
2458498.1979461 10.93 0.13
2458498.2015920 11.11 0.16
2458498.2017656 11.07 0.15
2458498.2022864 11.07 0.15
2458498.2024600 11.14 0.16
2458498.2038489 11.14 0.16
2458498.2040225 11.07 0.15
2458498.2045434 11.21 0.17
2458498.2057586 11.20 0.17
2458498.2094045 11.08 0.15
2458498.2097517 11.17 0.16
2458498.2113142 11.06 0.15
2458498.2123559 10.87 0.12
2458498.2133975 10.88 0.13
2458498.2139184 10.87 0.12
2458498.2142656 11.05 0.14
2458498.2147864 11.07 0.15
2458498.2153072 11.07 0.15
2458498.2166961 11.14 0.15
2458498.2168697 11.00 0.14
2458498.2170434 11.07 0.15
2458498.2182586 11.09 0.15
2458498.2184322 11.19 0.16
2458498.2191267 11.28 0.18
2458498.2194739 11.13 0.15
2458498.2196475 11.15 0.16
2458498.2208632 11.18 0.16
2458498.2215573 11.19 0.16
2458498.2229461 11.06 0.14
2458498.2234670 10.97 0.13
2458498.2241614 11.12 0.15
2458498.2243350 11.10 0.14
2458498.2248559 11.07 0.14
2458498.2252031 11.04 0.14
2458498.2258975 11.09 0.14
2458498.2274600 10.95 0.13
2458498.2283281 11.07 0.14
2458498.2290225 11.04 0.14
2458498.2291961 11.05 0.14
2458498.2293698 11.00 0.13
2458498.2297170 11.07 0.14
2458498.2305850 11.09 0.15
2458498.2318016 11.02 0.14
2458498.2319750 11.14 0.16
2458498.2330157 11.09 0.15
2458498.2331892 11.19 0.16
2458498.2333628 11.18 0.17
2458498.2335364 11.05 0.15
2458498.2337100 11.04 0.14
2458498.2342309 11.21 0.17
2458498.2345781 11.06 0.15
2458498.2354461 11.16 0.16
2458498.2359670 11.07 0.15
2458498.2361406 10.95 0.13
2458498.2363142 11.07 0.15
2458498.2364878 10.96 0.14
2458498.2370086 11.14 0.16
2458498.2378767 11.13 0.16
2458498.2380503 11.00 0.14
2458498.2394392 11.16 0.16
2458498.2396128 10.94 0.13
2458498.2425642 11.00 0.14
2458498.2429114 10.95 0.14
2458498.2432586 11.05 0.15
2458498.2434323 11.05 0.15
2458498.2437807 10.99 0.14
2458498.2446479 11.02 0.14
2458498.2460364 10.79 0.12
2458498.2462100 11.05 0.15
2458498.2463836 10.97 0.14
2458498.2470781 11.08 0.16
2458498.2472517 11.05 0.15
2458498.2474253 11.09 0.16
2458498.2479461 11.07 0.15
2458498.2488142 10.83 0.12
2458498.2489878 11.04 0.15
2458498.2491614 11.00 0.14
2458498.2510711 11.01 0.15
2458498.2512448 11.05 0.16
2458498.2514184 10.98 0.15
2458498.2521128 10.91 0.13
2458498.2526336 11.07 0.15
2458498.2531545 11.03 0.15
2458498.2533281 11.07 0.15
2458498.2535017 11.18 0.17
2458498.2543697 10.99 0.15
2458498.2548906 10.98 0.14
2458498.2561066 11.00 0.15
2458498.2592309 10.89 0.13
2458498.2602725 11.06 0.15
2458498.2606198 11.03 0.15
2458498.2609670 10.81 0.12
2458498.2611406 11.01 0.15
2458498.2621822 10.83 0.13
2458498.2625295 10.94 0.14
2458498.2627031 11.12 0.13
2458498.2628767 11.13 0.13
2458498.2630503 10.98 0.12
2458498.2632239 11.32 0.16
2458498.2633975 11.12 0.13
2458498.2635711 11.09 0.13
2458498.2637447 11.13 0.13
2458498.2639184 11.14 0.14
2458498.2640920 10.99 0.12
2458498.2642656 11.21 0.14
2458498.2644392 11.05 0.12
2458498.2646128 11.04 0.12
2458498.2647864 11.03 0.13
2458498.2651336 10.97 0.12
2458498.2653072 11.10 0.13
2458498.2654809 11.21 0.15
2458498.2663489 11.10 0.13
2458498.2665225 11.11 0.14
2458498.2666961 11.10 0.13
2458498.2668698 11.14 0.14
2458498.2670434 10.91 0.11
2458498.2672170 11.02 0.13
2458498.2673906 10.93 0.12
2458498.2675655 11.09 0.13
2458498.2677389 11.01 0.12
2458498.2679124 11.02 0.12
2458498.2680858 10.95 0.12
2458498.2686062 11.08 0.13
2458498.2687796 11.25 0.15
2458498.2691267 10.97 0.12
2458498.2693003 11.15 0.14
2458498.2696475 10.93 0.11
2458498.2698211 11.09 0.13
2458498.2701684 11.25 0.15
2458498.2705156 11.09 0.13
2458498.2708628 11.06 0.13
2458498.2710364 11.19 0.14
2458498.2717309 11.06 0.13
2458498.2719045 11.17 0.14
2458498.2720781 11.26 0.15
2458498.2724253 11.23 0.15
2458498.2727725 11.01 0.12
2458498.2731197 11.10 0.13
2458498.2732934 11.21 0.14
2458498.2734670 11.11 0.13
2458498.2736406 11.14 0.13
2458498.2738142 10.97 0.12
2458498.2739878 10.86 0.10
2458498.2741614 10.87 0.10
2458498.2746823 11.14 0.13
2458498.2750295 11.03 0.12
2458498.2752031 11.14 0.13
2458498.2755503 11.32 0.16
2458498.2757239 11.10 0.13
2458498.2758975 11.09 0.13
2458498.2760711 11.10 0.13
2458498.2764184 11.02 0.12
2458498.2765920 11.05 0.13
2458498.2767656 11.08 0.13
2458498.2771128 11.05 0.13
2458498.2772864 11.11 0.13
2458498.2776336 10.98 0.12
2458498.2778072 11.08 0.13
2458498.2779809 11.07 0.13
2458498.2781545 11.21 0.14
2458498.2786753 10.99 0.12
2458498.2788489 11.20 0.14
2458498.2790225 11.38 0.17
2458498.2791961 11.19 0.14
2458498.2795448 11.15 0.14
2458498.2797182 11.16 0.13
2458498.2798916 11.00 0.12
2458498.2800651 11.16 0.14
2458498.2807589 10.99 0.12
2458498.2812795 11.13 0.14
2458498.2814531 10.97 0.12
2458498.2828420 10.97 0.12
2458498.2830156 11.01 0.12
2458498.2831892 11.06 0.13
2458498.2833628 11.00 0.12
2458498.2835364 11.13 0.14
2458498.2837100 11.16 0.14
2458498.2838836 11.14 0.13
2458498.2844045 11.19 0.14
2458498.2845781 10.98 0.12
2458498.2847517 11.22 0.15
2458498.2849253 11.20 0.14
2458498.2850989 11.02 0.12
2458498.2854461 11.21 0.15
2458498.2857934 10.93 0.11
2458498.2864878 11.02 0.12
2458498.2866614 11.11 0.13
2458498.2870086 11.06 0.13
2458498.2871822 10.90 0.11
2458498.2877031 10.98 0.12
2458498.2878767 11.03 0.13
2458498.2880503 11.02 0.13
2458498.2885711 11.00 0.12
2458498.2887447 11.05 0.13
2458498.2889184 11.16 0.14
2458498.2890920 11.12 0.14
2458498.2892656 11.02 0.12
2458498.2894392 11.16 0.14
2458498.2903073 11.03 0.12
2458498.2904809 11.31 0.16
2458498.2906545 11.08 0.13
2458498.2911753 11.20 0.15
2458498.2915239 11.15 0.14
2458498.2918708 11.22 0.15
2458498.2920443 11.20 0.15
2458498.2923912 11.23 0.16
2458498.2927381 11.03 0.13
2458498.2929115 10.99 0.12
2458498.2930850 11.23 0.15
2458498.2934322 11.14 0.14
2458498.2936059 11.04 0.13
2458498.2937795 11.08 0.13
2458498.2941267 11.13 0.14
2458498.2943003 11.18 0.15
2458498.2949947 11.08 0.14
2458498.2953420 11.26 0.16
2458498.2955156 11.26 0.15
2458498.2956892 11.19 0.15
2458498.2958628 11.17 0.14
2458498.2962100 11.02 0.13
2458498.2965572 11.05 0.13
2458498.2967309 11.24 0.15
2458498.2970781 11.05 0.13
2458498.2972517 11.13 0.14
2458498.2974253 11.14 0.14
2458498.2975989 11.26 0.16
2458498.2979461 11.19 0.15
2458498.2988142 11.14 0.14
2458498.2996823 11.03 0.13
2458498.3005503 11.28 0.16
2458498.3007239 11.16 0.14
2458498.3012447 10.97 0.12
2458498.3017656 10.87 0.11
2458498.3021128 11.19 0.14
2458498.3022864 11.13 0.14
2458498.3024600 11.11 0.14
2458498.3033281 11.08 0.13
2458498.3035017 11.16 0.14
2458498.3036766 11.13 0.14
2458498.3038500 11.18 0.14
2458498.3040235 11.14 0.14
2458498.3041969 11.18 0.14
2458498.3045438 11.22 0.15
2458498.3055850 11.35 0.17
2458498.3061059 11.02 0.12
2458498.3074948 11.11 0.14
2458498.3076684 11.17 0.14
2458498.3078420 11.10 0.14
2458498.3080156 11.05 0.13
2458498.3081892 11.15 0.14
2458498.3083628 11.07 0.13
2458498.3088836 11.17 0.14
2458498.3094045 11.35 0.17
2458498.3095781 11.09 0.14
2458498.3097517 11.06 0.13
2458498.3100989 11.00 0.13
2458498.3104461 11.21 0.15
2458498.3109670 11.19 0.15
2458498.3113142 11.11 0.14
2458498.3116614 11.05 0.13
2458498.3120086 11.09 0.14
2458498.3123559 10.96 0.12
2458498.3125295 11.21 0.15
2458498.3127031 11.28 0.16
2458498.3135711 11.12 0.14
2458498.3137448 11.18 0.15
2458498.3139184 11.15 0.14
2458498.3140920 10.90 0.12
2458498.3144392 11.18 0.15
2458498.3146128 11.12 0.14
2458498.3149600 11.14 0.14
2458498.3153073 11.10 0.14
2458498.3156558 11.09 0.14
2458498.3161761 11.02 0.13
2458498.3170434 11.11 0.14
2458498.3172170 11.25 0.16
2458498.3175642 11.05 0.13
2458498.3179114 11.03 0.13
2458500.2354230 10.91 0.16
2458500.2373327 10.82 0.14
2458500.2428883 10.92 0.15
2458500.2439299 10.99 0.16
2458500.2441035 11.01 0.16
2458500.2442772 10.83 0.14
2458500.2453193 10.86 0.14
2458500.2468813 10.99 0.16
2458500.2474022 10.97 0.15
2458500.2486174 10.91 0.14
2458500.2493119 11.07 0.17
2458500.2522633 10.66 0.11
2458500.2560827 10.89 0.14
2458500.2592077 10.79 0.13
2458500.2595549 10.84 0.13
2458500.2597285 10.93 0.14
2458500.2605966 10.97 0.15
2458500.2609438 10.95 0.15
2458500.2612911 10.91 0.14
2458500.2618119 11.05 0.16
2458500.2625063 10.90 0.14
2458500.2632008 10.97 0.15
2458500.2635480 10.80 0.13
2458500.2637216 11.06 0.16
2458500.2638952 10.96 0.14
2458500.2642424 11.02 0.15
2458500.2654577 10.94 0.14
2458500.2658049 10.95 0.14
2458500.2663258 11.05 0.15
2458500.2664994 10.93 0.14
2458500.2677147 11.13 0.17
2458500.2678883 10.99 0.14
2458500.2680619 11.16 0.17
2458500.2682355 11.01 0.15
2458500.2684104 11.00 0.15
2458500.2687573 10.91 0.14
2458500.2691042 11.04 0.15
2458500.2706661 10.94 0.14
2458500.2725758 10.94 0.14
2458500.2734438 10.97 0.14
2458500.2741383 11.02 0.15
2458500.2744855 11.06 0.16
2458500.2769161 11.04 0.15
2458500.2776105 11.06 0.16
2458500.2779577 10.99 0.15
2458500.2783049 10.88 0.13
2458500.2791730 11.15 0.17
2458500.2803896 10.93 0.14
2458500.2805631 10.87 0.13
2458500.2829924 11.04 0.15
2458500.2833397 10.88 0.13
2458500.2840341 11.05 0.15
2458500.2843813 11.06 0.15
2458500.2849022 10.93 0.14
2458500.2852494 11.01 0.15
2458500.2854230 10.97 0.14
2458500.2864647 10.99 0.14
2458500.2868119 10.95 0.14
2458500.2871591 10.96 0.14
2458500.2890688 11.12 0.16
2458500.2908049 10.98 0.14
2458500.2914994 11.04 0.15