2458467.3691084 11.03 0.15
2458467.3692820 10.95 0.14
2458467.3698028 10.98 0.15
2458467.3699764 10.97 0.14
2458467.3704972 11.00 0.15
2458467.3706709 11.12 0.17
2458467.3713653 11.15 0.17
2458467.3715389 11.03 0.15
2458467.3717125 11.08 0.16
2458467.3727542 11.05 0.16
2458467.3731014 11.09 0.16
2458467.3732750 11.01 0.15
2458467.3736223 11.08 0.16
2458467.3755332 11.04 0.15
2458467.3758801 11.00 0.15
2458467.3760536 11.05 0.16
2458467.3765739 11.14 0.17
2458467.3779625 11.05 0.16
2458467.3783097 11.03 0.16
2458467.3791778 11.00 0.15
2458467.3819556 10.90 0.14
2458467.3823028 10.92 0.14
2458467.3876858 10.94 0.14
2458467.3882061 11.01 0.15
2458467.3897681 10.94 0.15
2458467.3904625 10.97 0.15
2458467.3916778 10.89 0.14
2458467.3927195 10.96 0.15
2458467.3941084 10.99 0.15
2458467.3954973 10.89 0.14
2458467.3968861 10.97 0.15
2458467.3975806 11.00 0.15
2458467.3987959 10.93 0.14
2458467.3998383 11.07 0.16
2458467.4008792 11.09 0.17
2458467.4012264 10.95 0.15
2458467.4017472 11.04 0.16
2458467.4026153 10.95 0.15
2458467.4038306 10.94 0.15
2458467.4041778 11.05 0.16
2458467.4059139 10.85 0.14
2458467.4069556 10.77 0.13
2458467.4073028 10.94 0.15
2458467.4074764 10.74 0.12
2458467.4099070 10.86 0.14
2458467.4116440 10.93 0.15
2458467.4128584 10.92 0.15
2458467.4158097 10.93 0.15
2458467.4180667 10.88 0.14
2458467.4192820 10.88 0.14
2458469.3667865 11.22 0.13
2458469.3670135 11.15 0.12
2458469.3671871 11.17 0.13
2458469.3673607 11.20 0.13
2458469.3675343 11.48 0.17
2458469.3677079 11.24 0.14
2458469.3678815 10.84 0.10
2458469.3680551 11.09 0.12
2458469.3682287 11.08 0.12
2458469.3684023 11.21 0.13
2458469.3685760 11.35 0.15
2458469.3687496 11.22 0.14
2458469.3689232 11.37 0.15
2458469.3690968 11.19 0.13
2458469.3692704 11.03 0.11
2458469.3694440 11.34 0.15
2458469.3697912 11.16 0.13
2458469.3699648 11.15 0.13
2458469.3701384 11.00 0.11
2458469.3703121 11.28 0.14
2458469.3704857 11.03 0.12
2458469.3706593 11.18 0.13
2458469.3708329 11.13 0.13
2458469.3710065 11.19 0.13
2458469.3711801 11.23 0.14
2458469.3715273 11.36 0.15
2458469.3717009 11.15 0.13
2458469.3718746 11.22 0.13
2458469.3720482 11.02 0.11
2458469.3722218 11.14 0.12
2458469.3723954 11.08 0.12
2458469.3725690 11.28 0.14
2458469.3727426 11.09 0.12
2458469.3729162 11.08 0.12
2458469.3730898 11.29 0.14
2458469.3732635 11.21 0.13
2458469.3736107 11.29 0.14
2458469.3737843 11.10 0.12
2458469.3739579 11.22 0.13
2458469.3741315 11.07 0.12
2458469.3743051 11.10 0.12
2458469.3744787 11.11 0.12
2458469.3746524 11.40 0.16
2458469.3748260 11.11 0.12
2458469.3749996 11.07 0.12
2458469.3751732 11.13 0.12
2458469.3755204 10.93 0.10
2458469.3756940 11.27 0.14
2458469.3758676 11.13 0.12
2458469.3760425 11.14 0.12
2458469.3762159 11.04 0.11
2458469.3763894 11.09 0.12
2458469.3765628 11.17 0.13
2458469.3767363 11.03 0.11
2458469.3769097 11.30 0.14
2458469.3770832 10.97 0.11
2458469.3772566 11.00 0.11
2458469.3774301 10.92 0.10
2458469.3776037 11.14 0.12
2458469.3777773 11.21 0.13
2458469.3779510 11.11 0.12
2458469.3781246 11.26 0.14
2458469.3782982 11.20 0.13
2458469.3784718 11.20 0.13
2458469.3786454 11.30 0.14
2458488.3044163 11.16 0.16
2458488.3047635 10.99 0.14
2458488.3049371 11.08 0.15
2458488.3070205 10.92 0.13
2458488.3073677 11.03 0.14
2458488.3077149 10.91 0.13
2458488.3085830 11.02 0.14
2458488.3091038 11.02 0.14
2458488.3094522 10.93 0.13
2458488.3101460 11.11 0.15
2458488.3108399 11.06 0.15
2458488.3111871 10.93 0.13
2458488.3113607 11.01 0.14
2458488.3120552 11.04 0.14
2458488.3122288 11.11 0.15
2458488.3124024 11.12 0.15
2458488.3127496 11.12 0.16
2458488.3129232 10.99 0.14
2458488.3141385 10.83 0.12
2458488.3143121 11.12 0.16
2458488.3144857 11.12 0.16
2458488.3146593 10.82 0.12
2458488.3148330 11.11 0.16
2458488.3151802 11.11 0.16
2458488.3155274 11.11 0.16
2458488.3163955 11.07 0.15
2458488.3167427 11.05 0.15
2458488.3181316 10.99 0.14
2458488.3184788 11.05 0.15
2458488.3189996 11.08 0.15
2458488.3191732 11.07 0.15
2458488.3195205 10.98 0.14
2458488.3209094 11.06 0.15
2458488.3214314 10.95 0.14
2458488.3231663 11.04 0.15
2458488.3236871 10.99 0.14
2458488.3245552 10.95 0.14
2458488.3247288 11.01 0.15
2458488.3255969 11.06 0.15
2458488.3259441 11.08 0.16
2458488.3261177 11.06 0.15
2458488.3264649 10.82 0.12
2458488.3282010 10.95 0.14
2458488.3288955 10.99 0.15
2458488.3290691 10.96 0.14
2458488.3295899 10.97 0.14
2458488.3302843 10.96 0.14
2458488.3309788 11.08 0.16
2458488.3311524 11.16 0.17
2458488.3320205 11.14 0.17
2458488.3323677 11.13 0.17
2458488.3325413 11.00 0.15
2458488.3334105 11.05 0.15
2458488.3337574 10.95 0.14
2458488.3339308 11.09 0.16
2458488.3341043 11.00 0.15
2458488.3342777 10.94 0.14
2458488.3358399 10.83 0.13
2458488.3367080 10.86 0.13
2458488.3370552 10.97 0.14
2458488.3375760 10.99 0.15
2458488.3377496 11.03 0.15
2458488.3379232 10.77 0.12
2458488.3380968 11.02 0.15
2458488.3398330 10.96 0.14
2458488.3401802 11.05 0.15
2458488.3431316 11.09 0.16
2458488.3433052 11.06 0.16
2458488.3434788 11.03 0.16
2458488.3439996 10.97 0.15
2458488.3450413 10.97 0.15
2458488.3469510 10.96 0.15
2458488.3485135 11.06 0.16
2458488.3486871 10.89 0.13
2458488.3488607 10.95 0.14
2458488.3504232 10.96 0.14
2458488.3509441 11.00 0.15
2458488.3511177 10.72 0.12
2458488.3512913 11.06 0.16
2458488.3542427 11.11 0.17
2458488.3564996 10.92 0.14
2458488.3570218 11.09 0.16
2458488.3589302 11.03 0.15
2458488.3620552 10.95 0.14
2458488.3630968 11.01 0.15
2458488.3636177 11.01 0.15
2458488.3639649 10.94 0.14
2458488.3641385 10.93 0.14
2458488.3644857 10.98 0.15
2458488.3662219 11.00 0.15
2458488.3665691 11.01 0.15
2458488.3670899 11.12 0.17
2458488.3693479 10.86 0.13
2458488.3729927 10.94 0.14
2458488.3738607 10.83 0.13
2458493.2519739 11.08 0.15
2458493.2521475 11.04 0.14
2458493.2524947 11.04 0.14
2458493.2528420 11.23 0.17
2458493.2530156 11.15 0.15
2458493.2531892 11.23 0.17
2458493.2544055 11.10 0.14
2458493.2545789 11.09 0.14
2458493.2547524 11.16 0.15
2458493.2549258 11.06 0.14
2458493.2550993 11.27 0.17
2458493.2554461 11.05 0.14
2458493.2559670 11.10 0.15
2458493.2563142 11.13 0.15
2458493.2564878 11.19 0.16
2458493.2566614 11.07 0.14
2458493.2570086 11.12 0.15
2458493.2571823 11.20 0.16
2458493.2577031 11.11 0.15
2458493.2580503 11.16 0.15
2458493.2583975 11.09 0.14
2458493.2587447 11.16 0.15
2458493.2590920 10.95 0.13
2458493.2594392 10.99 0.13
2458493.2601336 11.01 0.13
2458493.2604809 11.19 0.16
2458493.2608281 10.95 0.13
2458493.2613489 11.16 0.15
2458493.2615225 11.02 0.13
2458493.2616961 11.18 0.15
2458493.2620434 11.05 0.14
2458493.2623906 11.18 0.15
2458493.2627378 10.94 0.12
2458493.2629114 11.00 0.13
2458493.2630850 11.17 0.15
2458493.2632586 10.96 0.13
2458493.2634323 11.17 0.15
2458493.2637795 10.97 0.13
2458493.2641267 11.07 0.14
2458493.2643003 11.05 0.14
2458493.2644739 11.09 0.14
2458493.2655156 11.01 0.13
2458493.2658628 11.06 0.14
2458493.2663847 11.05 0.14
2458493.2667316 10.97 0.13
2458493.2669050 11.17 0.15
2458493.2672519 10.96 0.13
2458493.2675989 11.13 0.15
2458493.2677725 11.17 0.16
2458493.2681197 11.07 0.14
2458493.2682934 11.02 0.13
2458493.2684670 11.05 0.14
2458493.2686406 11.15 0.15
2458493.2688142 11.25 0.17
2458493.2689878 11.12 0.15
2458493.2691614 11.13 0.15
2458493.2693350 11.03 0.13
2458493.2695086 10.97 0.13
2458493.2696822 10.91 0.12
2458493.2705503 11.10 0.14
2458493.2707239 11.09 0.14
2458493.2712448 11.15 0.15
2458493.2721128 11.08 0.14
2458493.2724600 11.09 0.14
2458493.2728073 11.12 0.15
2458493.2729809 10.96 0.13
2458493.2735017 11.03 0.13
2458493.2736753 11.08 0.14
2458493.2738489 11.08 0.14
2458493.2740225 10.95 0.13
2458493.2743697 11.03 0.14
2458493.2750642 11.01 0.13
2458493.2752378 10.89 0.12
2458493.2754114 10.91 0.12
2458493.2755850 10.96 0.13
2458493.2759322 11.12 0.15
2458493.2762795 11.20 0.16
2458493.2764531 10.91 0.12
2458493.2768003 11.01 0.13
2458493.2771475 11.12 0.15
2458493.2773211 11.17 0.15
2458493.2774947 11.03 0.14
2458493.2781904 11.13 0.15
2458493.2783638 10.92 0.12
2458493.2785373 11.07 0.14
2458493.2790576 11.02 0.13
2458493.2792310 10.96 0.13
2458493.2795781 11.14 0.15
2458493.2797517 11.17 0.15
2458493.2799253 10.94 0.12
2458493.2800989 10.96 0.13
2458493.2806198 11.16 0.15
2458493.2807934 11.09 0.14
2458493.2811406 11.01 0.13
2458493.2813142 11.09 0.14
2458493.2820086 11.00 0.13
2458493.2821822 11.10 0.14
2458493.2823559 11.07 0.14
2458493.2825295 11.01 0.13
2458493.2830503 11.04 0.14
2458493.2835711 11.08 0.14
2458493.2837447 11.07 0.14
2458493.2839184 10.81 0.11
2458493.2840920 11.04 0.14
2458493.2846128 11.10 0.14
2458493.2849600 10.93 0.12
2458493.2853072 10.91 0.12
2458493.2858281 10.85 0.12
2458493.2865225 11.14 0.15
2458493.2870434 11.12 0.15
2458493.2872170 11.10 0.14
2458493.2875642 10.87 0.12
2458493.2879114 11.04 0.14
2458493.2884323 11.04 0.14
2458493.2887795 11.09 0.14
2458493.2893003 11.00 0.13
2458493.2894739 11.09 0.14
2458493.2896475 11.05 0.14
2458493.2903429 10.98 0.13
2458493.2905164 11.11 0.14
2458493.2906898 11.03 0.14
2458493.2908633 10.88 0.12
2458493.2910367 11.06 0.14
2458493.2912102 11.09 0.14
2458493.2913836 11.07 0.14
2458493.2915572 10.97 0.13
2458493.2917309 11.03 0.14
2458493.2919045 11.15 0.15
2458493.2920781 11.15 0.15
2458493.2922517 11.27 0.17
2458493.2924253 11.22 0.16
2458493.2925989 11.11 0.14
2458493.2929461 11.15 0.15
2458493.2931197 11.16 0.15
2458493.2932934 11.14 0.15
2458493.2934670 11.11 0.15
2458493.2941614 11.16 0.15
2458493.2943350 11.21 0.16
2458493.2945086 11.01 0.13
2458493.2946823 10.99 0.13
2458493.2948559 11.10 0.14
2458493.2950295 11.06 0.14
2458493.2953767 11.22 0.16
2458493.2955503 11.20 0.16
2458493.2957239 11.00 0.13
2458493.2958975 10.88 0.12
2458493.2964184 11.19 0.16
2458493.2967656 11.07 0.14
2458493.2969392 11.01 0.13
2458493.2971128 11.09 0.14
2458493.2976336 11.04 0.14
2458493.2978072 11.05 0.14
2458493.2981545 11.10 0.14
2458493.2983281 10.93 0.12
2458493.2985017 11.06 0.14
2458493.2986753 11.04 0.14
2458493.2988489 10.94 0.13
2458493.2990225 11.01 0.13
2458493.2991961 11.05 0.14
2458493.2993697 11.05 0.14
2458493.2995434 11.15 0.16
2458493.2997170 11.04 0.14
2458493.2998906 11.16 0.16
2458493.3000642 11.04 0.14
2458493.3002378 11.15 0.15
2458493.3005850 10.94 0.13
2458493.3021591 11.17 0.16
2458493.3023327 10.82 0.11
2458493.3025063 10.92 0.12
2458493.3028536 11.12 0.15
2458493.3032008 11.03 0.14
2458493.3035480 11.13 0.15
2458493.3038952 11.09 0.14
2458493.3052841 10.90 0.12
2458493.3054577 10.98 0.13
2458493.3056313 10.88 0.12
2458493.3058049 11.10 0.14
2458493.3059785 11.03 0.14
2458493.3063258 11.02 0.13
2458493.3070202 11.17 0.15
2458493.3075410 11.09 0.14
2458493.3078883 11.09 0.14
2458493.3084091 11.04 0.14
2458493.3087563 10.93 0.12
2458493.3089299 11.09 0.14
2458493.3091036 11.07 0.14
2458493.3092772 11.04 0.13
2458493.3094508 10.95 0.13
2458493.3099716 11.03 0.14
2458493.3101452 10.98 0.13
2458493.3103188 11.14 0.15
2458493.3108397 11.02 0.13
2458493.3115341 11.08 0.14
2458493.3118813 10.97 0.13
2458493.3120549 11.13 0.15
2458493.3122298 11.01 0.13
2458493.3127502 11.17 0.15
2458493.3132705 10.98 0.13
2458493.3134439 10.95 0.12
2458493.3139647 11.03 0.13
2458493.3141383 10.99 0.13
2458493.3144855 10.90 0.12
2458493.3148327 11.24 0.16
2458493.3150063 11.04 0.13
2458493.3153535 11.10 0.14
2458493.3155272 11.06 0.14
2458493.3158744 11.19 0.15
2458493.3160480 11.16 0.15
2458493.3162216 10.76 0.10
2458493.3163952 11.08 0.14
2458493.3167424 10.98 0.13
2458493.3169161 11.04 0.13
2458493.3172633 11.04 0.13
2458493.3174369 11.23 0.16
2458493.3176105 11.16 0.15
2458493.3177841 11.04 0.13
2458493.3179577 10.98 0.13
2458493.3181313 11.00 0.13
2458493.3183049 11.24 0.16
2458493.3184786 10.98 0.13
2458493.3188258 11.02 0.13
2458493.3193466 10.87 0.11
2458493.3195202 11.11 0.14
2458493.3196938 10.95 0.12
2458493.3198674 10.98 0.13
2458493.3200411 11.01 0.13
2458493.3202147 10.95 0.12
2458493.3203883 11.01 0.13
2458493.3205619 11.15 0.15
2458493.3207355 11.20 0.15
2458493.3209091 11.08 0.14
2458493.3210827 11.06 0.14
2458493.3216035 11.08 0.14
2458493.3217772 11.11 0.14
2458493.3219508 11.10 0.14
2458493.3221244 11.10 0.14
2458493.3222980 11.01 0.13
2458493.3226452 11.24 0.16
2458493.3228188 11.03 0.13
2458493.3233397 11.04 0.13
2458493.3236869 10.91 0.12
2458493.3238605 11.20 0.16
2458493.3243824 10.89 0.12
2458493.3245559 11.16 0.15
2458493.3250762 11.08 0.14
2458493.3252497 11.10 0.14
2458493.3254231 10.96 0.13
2458493.3255966 10.98 0.13
2458493.3259438 11.14 0.15
2458493.3261174 11.11 0.14
2458493.3264647 11.06 0.14
2458493.3271591 11.31 0.17
2458493.3276799 11.08 0.14
2458493.3278536 11.11 0.14
2458493.3283744 11.06 0.14
2458493.3287216 11.13 0.14
2458493.3288952 10.94 0.12
2458493.3290688 11.16 0.15
2458493.3295897 11.02 0.13
2458493.3299369 11.02 0.13
2458493.3301105 11.01 0.13
2458493.3302841 11.10 0.14
2458493.3304577 10.96 0.12
2458493.3309785 10.98 0.13
2458493.3313258 11.06 0.13
2458493.3314994 11.13 0.14
2458493.3320202 11.20 0.15
2458493.3321938 10.96 0.12
2458493.3323674 11.03 0.13
2458493.3325411 11.27 0.16
2458493.3330619 11.08 0.14
2458493.3334091 11.04 0.13
2458493.3335827 11.15 0.15
2458493.3344508 11.05 0.13
2458493.3346244 11.16 0.15
2458493.3347980 10.99 0.13
2458493.3356661 11.13 0.14
2458493.3360133 11.06 0.14
2458493.3361882 11.09 0.14
2458493.3363616 11.00 0.13
2458493.3365351 10.99 0.13
2458493.3370554 11.06 0.14
2458493.3375758 11.02 0.13
2458493.3386174 11.08 0.14
2458493.3387910 11.17 0.15
2458493.3391383 10.95 0.13
2458493.3393119 10.94 0.13
2458493.3400063 10.97 0.13
2458493.3412216 10.97 0.13
2458493.3413952 11.08 0.14
2458493.3417424 11.05 0.14
2458493.3420897 10.96 0.13
2458493.3422633 11.17 0.15
2458493.3424369 10.99 0.13
2458493.3426105 11.10 0.14
2458493.3429577 11.12 0.15
2458493.3438258 11.11 0.14
2458493.3450410 11.11 0.15
2458493.3462563 11.19 0.16
2458493.3464299 11.11 0.15
2458493.3469508 11.17 0.15
2458493.3471244 11.14 0.15
2458493.3474716 11.22 0.16
2458493.3476452 11.26 0.17
2458493.3478188 11.00 0.13
2458493.3479924 11.07 0.14
2458493.3483408 11.11 0.15
2458493.3486876 11.15 0.15
2458493.3490345 11.06 0.14
2458493.3492080 11.10 0.15
2458493.3493814 11.06 0.14
2458493.3495549 11.11 0.15
2458493.3500758 11.07 0.14
2458493.3504230 11.07 0.14
2458493.3505966 10.99 0.13
2458493.3507702 11.19 0.15
2458493.3509438 11.12 0.15
2458493.3512911 11.05 0.14
2458493.3514647 11.05 0.14
2458493.3518119 11.15 0.15
2458493.3519855 11.10 0.14
2458493.3523327 11.17 0.15
2458493.3528535 11.29 0.17
2458493.3530272 11.20 0.16
2458493.3535480 11.07 0.14
2458493.3538952 11.27 0.17
2458493.3544160 11.07 0.14
2458493.3547633 11.04 0.13
2458493.3549369 11.22 0.16
2458493.3551105 11.07 0.14
2458493.3552841 11.12 0.15
2458493.3554577 11.10 0.14
2458493.3556313 11.14 0.15
2458493.3559786 11.22 0.16
2458493.3561522 11.10 0.14
2458493.3563258 11.00 0.13
2458493.3564994 11.06 0.14
2458493.3570202 11.28 0.17
2458493.3571938 11.12 0.15
2458493.3575411 11.01 0.13
2458493.3580619 11.24 0.16
2458493.3584091 11.03 0.14
2458493.3589299 11.30 0.17
2458493.3597980 11.22 0.16
2458493.3603199 11.18 0.15
2458493.3608403 11.19 0.16
2458493.3613606 11.19 0.15
2458493.3615341 11.04 0.14
2458493.3617077 11.03 0.14
2458493.3620549 11.23 0.16
2458493.3622285 11.11 0.15
2458493.3624022 11.22 0.16
2458493.3629230 11.04 0.14
2458493.3630966 11.14 0.15
2458493.3632702 11.35 0.18
2458493.3636174 11.00 0.13
2458493.3639647 10.92 0.12
2458493.3650063 11.03 0.14
2458493.3657008 11.04 0.14
2458493.3658744 11.05 0.14
2458493.3669161 11.15 0.15
2458493.3676105 11.12 0.15
2458493.3683049 11.03 0.13
2458493.3684785 10.99 0.13
2458493.3689994 11.18 0.16
2458493.3693466 11.08 0.14
2458493.3696938 10.95 0.13
2458493.3698674 11.15 0.15
2458493.3707355 11.14 0.15
2458493.3712563 11.06 0.14
2458493.3721257 11.13 0.15
2458493.3722991 11.11 0.15
2458493.3731663 11.10 0.14
2458493.3735133 11.11 0.14
2458493.3776799 11.18 0.16
2458493.3778535 10.93 0.13
2458493.3783744 11.15 0.15
2458493.3795897 11.19 0.16
2458493.3809786 11.12 0.15
2458493.3821938 11.10 0.15
2458493.3841048 11.13 0.15
2458493.3851454 11.21 0.17
2458493.3856660 11.15 0.16
2458493.3861869 11.03 0.14
2458493.3863605 11.21 0.16
2458493.3865341 11.01 0.14
2458493.3870549 11.22 0.17
2458493.3872286 11.09 0.15
2458493.3874022 11.11 0.15
2458493.3875758 11.02 0.14
2458493.3877494 11.08 0.15
2458493.3879230 11.21 0.17
2458493.3882702 11.07 0.14
2458493.3884438 11.16 0.16
2458493.3896591 11.19 0.16
2458493.3907008 11.16 0.16
2458493.3912216 11.06 0.14
2458493.3913952 11.11 0.15
2458493.3915688 10.87 0.12
2458493.3917424 11.07 0.14
2458493.3929577 11.00 0.14
2458493.3939994 11.05 0.14
2458493.3941730 11.16 0.16
2458493.3950411 11.08 0.15
2458493.3952147 11.06 0.15
2458493.3953883 11.09 0.15
2458493.3957355 11.16 0.16
2458493.3959105 11.20 0.17
2458493.3960839 11.10 0.15
2458493.3962574 11.05 0.15
2458493.3969511 11.03 0.14
2458493.3976452 11.23 0.17
2458493.3978188 11.07 0.15
2458493.3983397 11.09 0.15
2458493.3986869 11.00 0.14
2458493.3988605 11.00 0.14
2458493.3992077 11.03 0.14
2458493.4002494 10.99 0.14
2458493.4011174 11.12 0.16
2458493.4012910 11.03 0.14
2458493.4014647 11.09 0.15
2458493.4026799 11.08 0.15
2458493.4030272 11.01 0.14
2458493.4035480 11.00 0.14
2458493.4040688 11.14 0.16
2458493.4042424 11.08 0.15
2458493.4044161 11.08 0.15
2458493.4054577 11.04 0.15
2458493.4059786 11.07 0.15
2458493.4078896 11.09 0.16
2458493.4085833 10.97 0.14
2458493.4091037 11.03 0.15
2458493.4092772 11.01 0.15
2458493.4097980 10.98 0.14
2458493.4103188 11.03 0.15
2458493.4104924 11.03 0.15
2458493.4108397 11.03 0.15
2458493.4110133 11.03 0.15
2458493.4118813 11.08 0.16
2458493.4124022 11.06 0.15
2458493.4127494 10.94 0.14
2458493.4134438 11.07 0.16
2458493.4141383 11.08 0.16
2458495.1861522 10.90 0.17
2458495.1913605 10.73 0.15
2458495.1948340 10.80 0.15
2458495.2113258 10.81 0.16
2458495.2288605 10.74 0.14
2458495.2439649 10.83 0.15
2458495.2529924 10.92 0.16
2458495.2818119 10.93 0.16
2458495.2939647 10.83 0.15
2458495.2963952 10.76 0.14
2458495.2972633 10.97 0.16
2458495.2983049 10.87 0.15
2458495.3000411 11.01 0.17
2458495.3014299 10.83 0.14
2458495.3059438 10.91 0.16
2458495.3102841 10.74 0.14
2458495.3109785 10.88 0.15
2458495.3111522 10.66 0.13
2458495.3114994 10.73 0.13
2458495.3120202 10.96 0.17
2458495.3153198 10.92 0.16
2458498.1660017 10.96 0.16
2458498.1675645 10.92 0.16
2458498.1680850 10.89 0.15
2458498.1693003 10.71 0.13
2458498.1698211 10.95 0.16
2458498.1724253 10.86 0.14
2458498.1769392 11.05 0.16
2458498.1771128 10.89 0.14
2458498.1779809 10.85 0.14
2458498.1786763 10.88 0.14
2458498.1793701 10.98 0.15
2458498.1811059 11.02 0.16
2458498.1814531 11.08 0.16
2458498.1818003 11.04 0.16
2458498.1819739 11.05 0.16
2458498.1826684 10.95 0.15
2458498.1831892 10.90 0.14
2458498.1833628 10.83 0.13
2458498.1837100 11.01 0.15
2458498.1847517 10.96 0.15
2458498.1849253 11.10 0.17
2458498.1868350 10.92 0.14
2458498.1944739 10.95 0.14
2458498.1953420 11.07 0.16
2458498.1955156 11.13 0.17
2458498.1960378 10.99 0.14
2458498.1965581 11.10 0.16
2458498.1967315 11.08 0.16
2458498.1975989 10.97 0.14
2458498.1982934 10.98 0.14
2458498.1988142 11.07 0.15
2458498.2024600 10.99 0.14
2458498.2040225 11.11 0.15
2458498.2043698 10.94 0.13
2458498.2059323 11.08 0.15
2458498.2090576 10.98 0.14
2458498.2099253 11.04 0.14
2458498.2106197 11.00 0.14
2458498.2111406 11.05 0.14
2458498.2118350 11.12 0.15
2458498.2121823 11.04 0.15
2458498.2125295 11.03 0.14
2458498.2142656 10.76 0.11
2458498.2146128 10.99 0.14
2458498.2158281 11.11 0.15
2458498.2180850 11.11 0.15
2458498.2182586 11.06 0.14
2458498.2184322 11.04 0.14
2458498.2186059 11.18 0.16
2458498.2187795 10.98 0.14
2458498.2189531 11.10 0.15
2458498.2193003 11.12 0.16
2458498.2194739 10.90 0.13
2458498.2199960 10.90 0.13
2458498.2201694 11.01 0.14
2458498.2205163 11.16 0.16
2458498.2210366 11.10 0.15
2458498.2212101 11.04 0.14
2458498.2213836 11.12 0.15
2458498.2219045 11.18 0.16
2458498.2225989 11.31 0.18
2458498.2227725 11.14 0.15
2458498.2231197 11.14 0.15
2458498.2245086 11.13 0.15
2458498.2248559 11.08 0.14
2458498.2250295 11.12 0.15
2458498.2253767 11.01 0.14
2458498.2258975 11.01 0.14
2458498.2260711 11.00 0.14
2458498.2262447 11.01 0.13
2458498.2264184 11.12 0.15
2458498.2271128 11.10 0.15
2458498.2281545 11.04 0.14
2458498.2286753 11.16 0.16
2458498.2290225 10.96 0.13
2458498.2293698 11.10 0.15
2458498.2295434 11.13 0.15
2458498.2302378 11.12 0.15
2458498.2311059 11.06 0.14
2458498.2312795 11.03 0.14
2458498.2326688 10.81 0.12
2458498.2337100 11.02 0.14
2458498.2345781 11.13 0.16
2458498.2347517 11.04 0.15
2458498.2371823 11.08 0.15
2458498.2377031 11.09 0.15
2458498.2380503 11.09 0.15
2458498.2385711 11.01 0.14
2458498.2387447 11.10 0.16
2458498.2392656 11.00 0.14
2458498.2394392 11.11 0.16
2458498.2396128 11.06 0.15
2458498.2404809 11.07 0.15
2458498.2406545 11.18 0.17
2458498.2415225 11.15 0.16
2458498.2425642 11.11 0.16
2458498.2441276 11.10 0.16
2458498.2463836 11.10 0.16
2458498.2479461 11.06 0.15
2458498.2496822 10.93 0.13
2458498.2514184 10.96 0.14
2458498.2522864 11.09 0.16
2458498.2526336 10.99 0.15
2458498.2531545 11.15 0.16
2458498.2536753 11.06 0.15
2458498.2538489 11.04 0.15
2458498.2573211 10.94 0.14
2458498.2578420 11.13 0.17
2458498.2599253 10.92 0.14
2458498.2614878 11.08 0.16
2458498.2621822 11.02 0.15
2458498.2627031 10.99 0.12
2458498.2628767 10.95 0.12
2458498.2632239 11.15 0.14
2458498.2633975 11.14 0.14
2458498.2640920 11.06 0.13
2458498.2644392 11.20 0.15
2458498.2647864 11.17 0.14
2458498.2649600 11.16 0.15
2458498.2653072 11.22 0.15
2458498.2654809 11.13 0.14
2458498.2656545 11.18 0.15
2458498.2658281 11.16 0.14
2458498.2660017 11.00 0.12
2458498.2665225 10.91 0.11
2458498.2666961 11.29 0.16
2458498.2668698 11.11 0.13
2458498.2670434 11.12 0.14
2458498.2672170 11.19 0.15
2458498.2673906 11.06 0.13
2458498.2677389 11.17 0.14
2458498.2680858 11.15 0.14
2458498.2684327 11.13 0.14
2458498.2689531 11.07 0.13
2458498.2691267 11.07 0.13
2458498.2694739 11.24 0.15
2458498.2698211 11.13 0.14
2458498.2699947 11.16 0.14
2458498.2705156 11.09 0.13
2458498.2706892 10.98 0.12
2458498.2708628 11.28 0.16
2458498.2712100 11.16 0.14
2458498.2713836 11.29 0.16
2458498.2715572 11.20 0.14
2458498.2717309 11.07 0.13
2458498.2719045 11.16 0.14
2458498.2720781 11.24 0.15
2458498.2722517 11.10 0.13
2458498.2724253 11.16 0.14
2458498.2727725 11.24 0.15
2458498.2729461 11.23 0.15
2458498.2731197 11.15 0.14
2458498.2736406 11.19 0.14
2458498.2739878 10.85 0.11
2458498.2745086 11.25 0.15
2458498.2748559 11.17 0.14
2458498.2750295 11.30 0.16
2458498.2752031 11.16 0.14
2458498.2753767 11.23 0.15
2458498.2755503 11.02 0.12
2458498.2757239 11.35 0.17
2458498.2758975 11.23 0.15
2458498.2760711 11.19 0.14
2458498.2765920 11.02 0.12
2458498.2769392 11.16 0.14
2458498.2771128 10.84 0.11
2458498.2772864 10.92 0.11
2458498.2774600 11.10 0.13
2458498.2776336 11.28 0.15
2458498.2779809 11.14 0.14
2458498.2781545 11.10 0.13
2458498.2785017 11.09 0.13
2458498.2786753 11.11 0.13
2458498.2788489 11.01 0.12
2458498.2791961 11.08 0.13
2458498.2793697 10.99 0.12
2458498.2795448 11.15 0.14
2458498.2797182 11.00 0.12
2458498.2798916 11.02 0.12
2458498.2800651 11.17 0.14
2458498.2802385 11.04 0.13
2458498.2804120 11.03 0.12
2458498.2805854 10.98 0.12
2458498.2807589 11.10 0.13
2458498.2811059 11.25 0.15
2458498.2818003 11.14 0.14
2458498.2819739 11.23 0.15
2458498.2823211 11.21 0.15
2458498.2826684 11.12 0.14
2458498.2828420 11.12 0.14
2458498.2830156 11.27 0.16
2458498.2831892 11.09 0.13
2458498.2833628 11.19 0.15
2458498.2835364 11.12 0.14
2458498.2837100 11.16 0.14
2458498.2840573 11.04 0.13
2458498.2844045 11.17 0.14
2458498.2845781 11.18 0.14
2458498.2847517 11.01 0.12
2458498.2850989 11.22 0.15
2458498.2854461 11.10 0.13
2458498.2857934 11.06 0.13
2458498.2863142 11.11 0.14
2458498.2864878 11.19 0.15
2458498.2866614 10.94 0.12
2458498.2868350 11.09 0.13
2458498.2870086 11.19 0.15
2458498.2877031 11.16 0.14
2458498.2880503 10.90 0.11
2458498.2882239 11.18 0.15
2458498.2885711 11.23 0.15
2458498.2887447 11.15 0.14
2458498.2889184 11.16 0.14
2458498.2890920 11.11 0.14
2458498.2892656 11.09 0.14
2458498.2896128 11.25 0.15
2458498.2901336 10.98 0.12
2458498.2903073 11.09 0.13
2458498.2904809 11.09 0.13
2458498.2906545 11.11 0.14
2458498.2908281 11.27 0.16
2458498.2910017 11.11 0.14
2458498.2911753 10.82 0.11
2458498.2913489 11.10 0.14
2458498.2918708 11.17 0.15
2458498.2920443 11.07 0.13
2458498.2929115 11.05 0.13
2458498.2932586 11.18 0.15
2458498.2936059 11.13 0.14
2458498.2943003 11.18 0.15
2458498.2948211 11.13 0.15
2458498.2951684 11.06 0.13
2458498.2956892 11.08 0.14
2458498.2960364 11.12 0.14
2458498.2965572 11.03 0.13
2458498.2969045 11.05 0.13
2458498.2970781 11.23 0.15
2458498.2972517 11.11 0.14
2458498.2974253 11.12 0.14
2458498.2975989 11.06 0.13
2458498.2977725 11.18 0.15
2458498.2979461 11.01 0.12
2458498.2981198 11.12 0.14
2458498.2982934 11.06 0.13
2458498.2984670 11.10 0.14
2458498.2986406 11.25 0.16
2458498.2988142 11.02 0.13
2458498.2989878 11.06 0.13
2458498.2991614 10.89 0.11
2458498.2993350 10.90 0.12
2458498.2995086 10.96 0.12
2458498.2996823 10.98 0.12
2458498.2998559 11.09 0.14
2458498.3000295 10.89 0.12
2458498.3002031 11.20 0.15
2458498.3003767 11.18 0.15
2458498.3005503 11.07 0.13
2458498.3007239 11.26 0.16
2458498.3010711 11.03 0.13
2458498.3012447 11.14 0.15
2458498.3014184 10.97 0.12
2458498.3015920 11.24 0.16
2458498.3019392 11.15 0.14
2458498.3021128 11.14 0.14
2458498.3022864 11.11 0.14
2458498.3024600 11.05 0.13
2458498.3028072 11.03 0.13
2458498.3029809 11.24 0.16
2458498.3035017 11.09 0.14
2458498.3036766 11.27 0.16
2458498.3038500 11.12 0.14
2458498.3041969 11.03 0.13
2458498.3043703 11.10 0.14
2458498.3045438 11.08 0.13
2458498.3047172 11.14 0.14
2458498.3048907 11.24 0.15
2458498.3052378 11.22 0.15
2458498.3054114 11.21 0.15
2458498.3055850 11.14 0.14
2458498.3057586 11.19 0.15
2458498.3059323 11.07 0.13
2458498.3064531 11.06 0.13
2458498.3069739 11.18 0.15
2458498.3071475 10.85 0.11
2458498.3073211 11.00 0.13
2458498.3076684 11.09 0.13
2458498.3080156 11.07 0.13
2458498.3083628 11.25 0.16
2458498.3088836 10.98 0.12
2458498.3090572 11.10 0.14
2458498.3092309 11.23 0.16
2458498.3094045 11.04 0.13
2458498.3095781 11.18 0.15
2458498.3097517 11.19 0.15
2458498.3099253 11.24 0.16
2458498.3102725 11.08 0.14
2458498.3104461 11.23 0.16
2458498.3106197 11.08 0.14
2458498.3109670 11.16 0.15
2458498.3111406 11.07 0.14
2458498.3121822 10.96 0.12
2458498.3123559 11.10 0.14
2458498.3125295 11.02 0.13
2458498.3128767 11.08 0.14
2458498.3130503 10.88 0.12
2458498.3132239 11.06 0.14
2458498.3139184 11.04 0.13
2458498.3140920 10.84 0.11
2458498.3142656 10.95 0.12
2458498.3146128 10.98 0.13
2458498.3149600 11.05 0.13
2458498.3158292 11.04 0.14
2458498.3165230 10.94 0.12
2458498.3168699 11.05 0.14
2458498.3175642 10.94 0.12
2458498.3179114 11.15 0.15
2458498.3180850 11.00 0.13
2458500.2385480 10.89 0.15
2458500.2404577 10.95 0.16
2458500.2432355 10.95 0.16
2458500.2449724 10.84 0.14
2458500.2479230 11.12 0.18
2458500.2550411 11.04 0.16
2458500.2552147 11.04 0.16
2458500.2553883 10.97 0.15
2458500.2602494 11.06 0.16
2458500.2710133 10.97 0.15
2458500.2715341 11.16 0.17
2458500.2718813 10.88 0.13
2458500.2763952 11.00 0.15
2458500.2807365 11.01 0.15
2458500.2814303 10.92 0.14
2458500.2866383 11.04 0.15
2458500.2880272 10.83 0.13
2458500.2906313 10.91 0.13
2458500.2913258 11.19 0.17
2458500.2914994 11.06 0.15
2458500.2920202 10.98 0.14
2458500.2927157 11.21 0.17
2458500.2932360 11.11 0.15
2458500.2934095 11.12 0.16