2458467.3668514 10.34 0.08
2458467.3673723 10.36 0.08
2458467.3675459 10.36 0.08
2458467.3677195 10.28 0.07
2458467.3678931 10.32 0.08
2458467.3680667 10.34 0.08
2458467.3682403 10.37 0.08
2458467.3684139 10.38 0.08
2458467.3685875 10.39 0.08
2458467.3687611 10.29 0.08
2458467.3689347 10.28 0.08
2458467.3694556 10.42 0.08
2458467.3696292 10.41 0.08
2458467.3708445 10.42 0.09
2458467.3710181 10.37 0.08
2458467.3711917 10.42 0.09
2458467.3713653 10.31 0.08
2458467.3715389 10.41 0.09
2458467.3717125 10.37 0.08
2458467.3718861 10.37 0.08
2458467.3722334 10.40 0.09
2458467.3724070 10.30 0.08
2458467.3725806 10.25 0.07
2458467.3727542 10.40 0.09
2458467.3731014 10.31 0.08
2458467.3732750 10.36 0.08
2458467.3736223 10.34 0.08
2458467.3741431 10.46 0.09
2458467.3744903 10.36 0.08
2458467.3746639 10.21 0.07
2458467.3750111 10.36 0.08
2458467.3757067 10.27 0.08
2458467.3760536 10.38 0.08
2458467.3772681 10.31 0.08
2458467.3774417 10.33 0.08
2458467.3776153 10.42 0.09
2458467.3783097 10.32 0.08
2458467.3793514 10.40 0.09
2458467.3795250 10.35 0.08
2458467.3796986 10.34 0.08
2458467.3809139 10.41 0.09
2458467.3814348 10.31 0.08
2458467.3816084 10.35 0.08
2458467.3821292 10.24 0.07
2458467.3826500 10.31 0.08
2458467.3829973 10.33 0.08
2458467.3833445 10.40 0.09
2458467.3835181 10.40 0.09
2458467.3836917 10.28 0.08
2458467.3838653 10.42 0.09
2458467.3840389 10.33 0.08
2458467.3842125 10.36 0.08
2458467.3845597 10.30 0.08
2458467.3847334 10.30 0.08
2458467.3849070 10.24 0.07
2458467.3852542 10.35 0.08
2458467.3854278 10.38 0.08
2458467.3856014 10.37 0.08
2458467.3859486 10.28 0.08
2458467.3861222 10.46 0.09
2458467.3862959 10.39 0.08
2458467.3864695 10.25 0.08
2458467.3866431 10.30 0.08
2458467.3868167 10.37 0.08
2458467.3869903 10.32 0.08
2458467.3871639 10.28 0.08
2458467.3873389 10.46 0.09
2458467.3875123 10.34 0.08
2458467.3876858 10.27 0.08
2458467.3880327 10.35 0.08
2458467.3882061 10.31 0.08
2458467.3883795 10.25 0.08
2458467.3887264 10.26 0.08
2458467.3889000 10.30 0.08
2458467.3894209 10.33 0.08
2458467.3899417 10.30 0.08
2458467.3902889 10.33 0.08
2458467.3904625 10.30 0.08
2458467.3908098 10.38 0.08
2458467.3909834 10.40 0.09
2458467.3911570 10.38 0.08
2458467.3913306 10.34 0.08
2458467.3915042 10.26 0.08
2458467.3918514 10.31 0.08
2458467.3920250 10.42 0.09
2458467.3921986 10.35 0.08
2458467.3923722 10.45 0.09
2458467.3927195 10.25 0.08
2458467.3928931 10.33 0.08
2458467.3930667 10.43 0.09
2458467.3932403 10.45 0.09
2458467.3934139 10.40 0.09
2458467.3937611 10.33 0.08
2458467.3939347 10.44 0.09
2458467.3941084 10.35 0.08
2458467.3944556 10.26 0.08
2458467.3946292 10.55 0.10
2458467.3948028 10.37 0.08
2458467.3951500 10.31 0.08
2458467.3954973 10.29 0.08
2458467.3956709 10.34 0.08
2458467.3958445 10.35 0.08
2458467.3963653 10.36 0.09
2458467.3968861 10.55 0.10
2458467.3974070 10.27 0.08
2458467.3984486 10.50 0.10
2458467.3986223 10.28 0.08
2458467.3989695 10.24 0.07
2458467.3991431 10.25 0.08
2458467.3993180 10.37 0.08
2458467.3994914 10.32 0.08
2458467.4000118 10.42 0.09
2458467.4003586 10.34 0.08
2458467.4005321 10.32 0.08
2458467.4010528 10.29 0.08
2458467.4022681 10.34 0.08
2458467.4026153 10.31 0.08
2458467.4027889 10.28 0.08
2458467.4031361 10.40 0.09
2458467.4034834 10.36 0.08
2458467.4036570 10.23 0.08
2458467.4038306 10.40 0.09
2458467.4045250 10.32 0.08
2458467.4048723 10.34 0.08
2458467.4050459 10.38 0.09
2458467.4053931 10.29 0.08
2458467.4059139 10.30 0.08
2458467.4064348 10.36 0.08
2458467.4066084 10.52 0.10
2458467.4067820 10.29 0.08
2458467.4071292 10.35 0.08
2458467.4074764 10.30 0.08
2458467.4076500 10.27 0.08
2458467.4079972 10.37 0.09
2458467.4086917 10.40 0.09
2458467.4088653 10.33 0.08
2458467.4093861 10.35 0.08
2458467.4095597 10.27 0.08
2458467.4097334 10.40 0.09
2458467.4099070 10.33 0.08
2458467.4100806 10.43 0.09
2458467.4102542 10.39 0.09
2458467.4104278 10.28 0.08
2458467.4106014 10.49 0.10
2458467.4107750 10.35 0.08
2458467.4109486 10.37 0.08
2458467.4111236 10.36 0.08
2458467.4112971 10.41 0.09
2458467.4114705 10.36 0.08
2458467.4116440 10.31 0.08
2458467.4118174 10.40 0.09
2458467.4121643 10.46 0.09
2458467.4123377 10.40 0.09
2458467.4125112 10.32 0.08
2458467.4126848 10.31 0.08
2458467.4128584 10.42 0.09
2458467.4133792 10.43 0.09
2458467.4135528 10.49 0.10
2458467.4137264 10.36 0.09
2458467.4140736 10.39 0.09
2458467.4142473 10.35 0.08
2458467.4144209 10.40 0.09
2458467.4145945 10.28 0.08
2458467.4149417 10.22 0.08
2458467.4151153 10.45 0.09
2458467.4152889 10.40 0.09
2458467.4154625 10.33 0.08
2458467.4156361 10.28 0.08
2458467.4159834 10.32 0.08
2458467.4161570 10.33 0.08
2458467.4163306 10.35 0.08
2458467.4165042 10.27 0.08
2458467.4166778 10.36 0.09
2458467.4168514 10.28 0.08
2458467.4170250 10.49 0.10
2458467.4171986 10.38 0.09
2458467.4173722 10.22 0.08
2458467.4175459 10.56 0.10
2458467.4177195 10.41 0.09
2458467.4180667 10.51 0.10
2458467.4182403 10.37 0.09
2458467.4185875 10.49 0.10
2458467.4187611 10.26 0.08
2458467.4189348 10.30 0.08
2458467.4191084 10.33 0.09
2458467.4192820 10.27 0.08
2458467.4194556 10.28 0.08
2458467.4198028 10.35 0.09
2458467.4199764 10.45 0.10
2458467.4201500 10.42 0.09
2458467.4203236 10.33 0.09
2458467.4204973 10.47 0.10
2458467.4206709 10.36 0.09
2458469.3667865 10.37 0.06
2458469.3670135 10.34 0.06
2458469.3671871 10.45 0.06
2458469.3675343 10.45 0.06
2458469.3678815 10.28 0.06
2458469.3680551 10.33 0.06
2458469.3682287 10.40 0.06
2458469.3685760 10.31 0.06
2458469.3687496 10.54 0.07
2458469.3689232 10.36 0.06
2458469.3694440 10.41 0.06
2458469.3696176 10.30 0.06
2458469.3697912 10.39 0.06
2458469.3701384 10.38 0.06
2458469.3703121 10.35 0.06
2458469.3708329 10.31 0.06
2458469.3710065 10.36 0.06
2458469.3711801 10.31 0.06
2458469.3715273 10.35 0.06
2458469.3717009 10.41 0.06
2458469.3718746 10.35 0.06
2458469.3720482 10.42 0.06
2458469.3722218 10.35 0.06
2458469.3723954 10.36 0.06
2458469.3725690 10.27 0.06
2458469.3727426 10.34 0.06
2458469.3732635 10.37 0.06
2458469.3734371 10.35 0.06
2458469.3739579 10.37 0.06
2458469.3746524 10.41 0.06
2458469.3749996 10.40 0.06
2458469.3751732 10.46 0.07
2458469.3753468 10.48 0.07
2458469.3755204 10.30 0.06
2458469.3756940 10.38 0.06
2458469.3758676 10.34 0.06
2458469.3760425 10.33 0.06
2458469.3762159 10.31 0.06
2458469.3765628 10.34 0.06
2458469.3767363 10.25 0.05
2458469.3781246 10.37 0.06
2458469.3782982 10.32 0.06
2458469.3784718 10.36 0.06
2458488.3044163 10.46 0.08
2458488.3045899 10.27 0.07
2458488.3047635 10.43 0.08
2458488.3049371 10.33 0.07
2458488.3051107 10.37 0.08
2458488.3052844 10.33 0.07
2458488.3056316 10.36 0.08
2458488.3058052 10.27 0.07
2458488.3059788 10.27 0.07
2458488.3061524 10.27 0.07
2458488.3063260 10.32 0.07
2458488.3071941 10.34 0.07
2458488.3073677 10.35 0.07
2458488.3075413 10.30 0.07
2458488.3082357 10.39 0.08
2458488.3084093 10.36 0.08
2458488.3085830 10.31 0.07
2458488.3087566 10.32 0.07
2458488.3089302 10.34 0.07
2458488.3091038 10.34 0.07
2458488.3092788 10.44 0.08
2458488.3094522 10.24 0.07
2458488.3096257 10.32 0.07
2458488.3097991 10.24 0.07
2458488.3099726 10.20 0.07
2458488.3101460 10.26 0.07
2458488.3103194 10.35 0.08
2458488.3104929 10.32 0.07
2458488.3106663 10.31 0.07
2458488.3108399 10.34 0.08
2458488.3111871 10.32 0.07
2458488.3113607 10.26 0.07
2458488.3115344 10.34 0.08
2458488.3118816 10.44 0.08
2458488.3122288 10.28 0.07
2458488.3124024 10.27 0.07
2458488.3125760 10.32 0.07
2458488.3127496 10.29 0.07
2458488.3129232 10.29 0.07
2458488.3134441 10.32 0.07
2458488.3136177 10.23 0.07
2458488.3143121 10.35 0.08
2458488.3144857 10.41 0.08
2458488.3146593 10.23 0.07
2458488.3150066 10.28 0.07
2458488.3151802 10.41 0.08
2458488.3155274 10.40 0.08
2458488.3162218 10.34 0.08
2458488.3167427 10.30 0.07
2458488.3177844 10.30 0.07
2458488.3179580 10.34 0.08
2458488.3181316 10.38 0.08
2458488.3183052 10.28 0.07
2458488.3184788 10.33 0.08
2458488.3189996 10.28 0.07
2458488.3191732 10.32 0.08
2458488.3196941 10.28 0.07
2458488.3202149 10.33 0.08
2458488.3209094 10.20 0.07
2458488.3210830 10.30 0.07
2458488.3212579 10.30 0.08
2458488.3217783 10.38 0.08
2458488.3219517 10.25 0.07
2458488.3224720 10.22 0.07
2458488.3226455 10.23 0.07
2458488.3229927 10.35 0.08
2458488.3233399 10.28 0.07
2458488.3235135 10.24 0.07
2458488.3242080 10.31 0.08
2458488.3243816 10.36 0.08
2458488.3245552 10.48 0.09
2458488.3249024 10.21 0.07
2458488.3250760 10.32 0.08
2458488.3254232 10.39 0.08
2458488.3255969 10.20 0.07
2458488.3257705 10.35 0.08
2458488.3261177 10.27 0.07
2458488.3262913 10.27 0.07
2458488.3266385 10.32 0.08
2458488.3268121 10.38 0.08
2458488.3271594 10.27 0.07
2458488.3276802 10.26 0.07
2458488.3278538 10.42 0.08
2458488.3282010 10.34 0.08
2458488.3283746 10.26 0.07
2458488.3285482 10.35 0.08
2458488.3288955 10.28 0.08
2458488.3290691 10.38 0.08
2458488.3294163 10.30 0.08
2458488.3297635 10.36 0.08
2458488.3301107 10.24 0.07
2458488.3304580 10.36 0.08
2458488.3306316 10.27 0.08
2458488.3308052 10.25 0.07
2458488.3311524 10.28 0.07
2458488.3313260 10.14 0.07
2458488.3314996 10.30 0.08
2458488.3318468 10.35 0.08
2458488.3323677 10.42 0.09
2458488.3325413 10.28 0.07
2458488.3327149 10.23 0.07
2458488.3339308 10.25 0.07
2458488.3360135 10.28 0.08
2458488.3370552 10.33 0.08
2458488.3372288 10.22 0.07
2458488.3374024 10.35 0.08
2458488.3375760 10.28 0.08
2458488.3377496 10.25 0.07
2458488.3379232 10.33 0.08
2458488.3380968 10.35 0.08
2458488.3384441 10.41 0.09
2458488.3386177 10.33 0.08
2458488.3387913 10.35 0.08
2458488.3389649 10.41 0.09
2458488.3391385 10.35 0.08
2458488.3394857 10.32 0.08
2458488.3396593 10.37 0.08
2458488.3398330 10.44 0.09
2458488.3403538 10.38 0.08
2458488.3407010 10.32 0.08
2458488.3408746 10.27 0.08
2458488.3413955 10.29 0.08
2458488.3415691 10.32 0.08
2458488.3417427 10.38 0.08
2458488.3419163 10.30 0.08
2458488.3420899 10.35 0.08
2458488.3424371 10.30 0.08
2458488.3426107 10.32 0.08
2458488.3427844 10.48 0.09
2458488.3429580 10.27 0.08
2458488.3433052 10.39 0.09
2458488.3436524 10.41 0.09
2458488.3438260 10.37 0.08
2458488.3439996 10.34 0.08
2458488.3443469 10.27 0.08
2458488.3445205 10.27 0.08
2458488.3446941 10.45 0.09
2458488.3448677 10.21 0.07
2458488.3450413 10.26 0.08
2458488.3452162 10.24 0.07
2458488.3453896 10.27 0.08
2458488.3455631 10.48 0.09
2458488.3457365 10.35 0.08
2458488.3459100 10.31 0.08
2458488.3460834 10.41 0.09
2458488.3462569 10.41 0.09
2458488.3464303 10.36 0.08
2458488.3466038 10.32 0.08
2458488.3469510 10.36 0.08
2458488.3471246 10.19 0.07
2458488.3472982 10.23 0.07
2458488.3474718 10.36 0.08
2458488.3476455 10.39 0.09
2458488.3478191 10.30 0.08
2458488.3479927 10.28 0.08
2458488.3481663 10.26 0.08
2458488.3485135 10.29 0.08
2458488.3488607 10.36 0.08
2458488.3490344 10.30 0.08
2458488.3492080 10.35 0.08
2458488.3493816 10.40 0.08
2458488.3495552 10.41 0.09
2458488.3497288 10.28 0.08
2458488.3500760 10.26 0.07
2458488.3502496 10.41 0.09
2458488.3504232 10.25 0.07
2458488.3505969 10.34 0.08
2458488.3507705 10.47 0.09
2458488.3511177 10.31 0.08
2458488.3512913 10.16 0.07
2458488.3516385 10.47 0.09
2458488.3521594 10.23 0.07
2458488.3526802 10.34 0.08
2458488.3528538 10.29 0.08
2458488.3530274 10.37 0.08
2458488.3532010 10.28 0.08
2458488.3535482 10.42 0.09
2458488.3537218 10.43 0.09
2458488.3540691 10.33 0.08
2458488.3542427 10.27 0.08
2458488.3544163 10.32 0.08
2458488.3556316 10.30 0.08
2458488.3561524 10.20 0.07
2458488.3564996 10.28 0.08
2458488.3566732 10.27 0.08
2458488.3568469 10.32 0.08
2458488.3571953 10.40 0.09
2458488.3582360 10.30 0.08
2458488.3591038 10.29 0.08
2458488.3596246 10.28 0.08
2458488.3597982 10.30 0.08
2458488.3603191 10.37 0.08
2458488.3604927 10.42 0.09
2458488.3606663 10.40 0.08
2458488.3608399 10.34 0.08
2458488.3610135 10.32 0.08
2458488.3617080 10.17 0.07
2458488.3618816 10.41 0.09
2458488.3622288 10.34 0.08
2458488.3624024 10.45 0.09
2458488.3625760 10.30 0.08
2458488.3627496 10.34 0.08
2458488.3629232 10.33 0.08
2458488.3630968 10.44 0.09
2458488.3632705 10.35 0.08
2458488.3634441 10.29 0.08
2458488.3637913 10.25 0.08
2458488.3639649 10.31 0.08
2458488.3641385 10.24 0.07
2458488.3643121 10.35 0.08
2458488.3644857 10.24 0.07
2458488.3646594 10.26 0.08
2458488.3648330 10.47 0.09
2458488.3650066 10.27 0.08
2458488.3651802 10.59 0.10
2458488.3653538 10.46 0.09
2458488.3657010 10.29 0.08
2458488.3658746 10.30 0.08
2458488.3660482 10.36 0.08
2458488.3662219 10.37 0.08
2458488.3663955 10.36 0.08
2458488.3667427 10.41 0.09
2458488.3670899 10.30 0.08
2458488.3674371 10.27 0.08
2458488.3676107 10.49 0.09
2458488.3677844 10.31 0.08
2458488.3679580 10.26 0.08
2458488.3681316 10.37 0.08
2458488.3686524 10.36 0.08
2458488.3688260 10.28 0.08
2458488.3690010 10.26 0.08
2458488.3691744 10.23 0.07
2458488.3693479 10.43 0.09
2458488.3695213 10.29 0.08
2458488.3696948 10.34 0.08
2458488.3698682 10.30 0.08
2458488.3700417 10.41 0.09
2458488.3702150 10.33 0.08
2458488.3703885 10.21 0.07
2458488.3705621 10.43 0.09
2458488.3707357 10.36 0.08
2458488.3709093 10.28 0.08
2458488.3710830 10.53 0.10
2458488.3712566 10.33 0.08
2458488.3714302 10.31 0.08
2458488.3716038 10.22 0.07
2458488.3717774 10.34 0.08
2458488.3719510 10.49 0.09
2458488.3721246 10.41 0.09
2458488.3722982 10.38 0.09
2458488.3724718 10.31 0.08
2458488.3726455 10.26 0.08
2458488.3729927 10.42 0.09
2458488.3731663 10.22 0.07
2458488.3736871 10.31 0.08
2458488.3738607 10.33 0.08
2458493.2669050 10.39 0.07
2458493.2674253 10.38 0.07
2458493.2722864 10.39 0.08
2458493.2724600 10.31 0.07
2458493.2726336 10.35 0.07
2458493.2728073 10.29 0.07
2458493.2729809 10.25 0.07
2458493.2731545 10.27 0.07
2458493.2733281 10.44 0.08
2458493.2735017 10.25 0.07
2458493.2740225 10.34 0.07
2458493.2745434 10.37 0.07
2458493.2748906 10.41 0.08
2458493.2771475 10.41 0.08
2458493.2773211 10.46 0.08
2458493.2778420 10.31 0.07
2458493.2785373 10.39 0.07
2458493.2787107 10.41 0.08
2458493.2795781 10.37 0.07
2458493.2804461 10.33 0.07
2458493.2806198 10.40 0.08
2458493.2821822 10.27 0.07
2458493.2827031 10.44 0.08
2458493.2828767 10.28 0.07
2458493.2832239 10.30 0.07
2458493.2835711 10.33 0.07
2458493.2837447 10.39 0.07
2458493.2844392 10.35 0.07
2458493.2849600 10.36 0.07
2458493.2851336 10.43 0.08
2458493.2858281 10.28 0.07
2458493.2861753 10.27 0.07
2458493.2863489 10.42 0.08
2458493.2866961 10.37 0.07
2458493.2870434 10.35 0.07
2458493.2872170 10.42 0.08
2458493.2873906 10.36 0.07
2458493.2875642 10.34 0.07
2458493.2877378 10.37 0.07
2458493.2879114 10.40 0.08
2458493.2882586 10.38 0.07
2458493.2884323 10.38 0.07
2458493.2886059 10.47 0.08
2458493.2887795 10.52 0.08
2458493.2889531 10.43 0.08
2458493.2891267 10.49 0.08
2458493.2894739 10.35 0.07
2458493.2896475 10.46 0.08
2458493.2898211 10.35 0.07
2458493.2899961 10.41 0.08
2458493.2901695 10.30 0.07
2458493.2903429 10.40 0.07
2458493.2905164 10.26 0.07
2458493.2906898 10.34 0.07
2458493.2912102 10.35 0.07
2458493.2913836 10.40 0.08
2458493.2915572 10.40 0.08
2458493.2917309 10.47 0.08
2458493.2919045 10.32 0.07
2458493.2920781 10.35 0.07
2458493.2922517 10.39 0.07
2458493.2924253 10.37 0.07
2458493.2925989 10.45 0.08
2458493.2927725 10.32 0.07
2458493.2929461 10.34 0.07
2458493.2931197 10.34 0.07
2458493.2932934 10.36 0.07
2458493.2934670 10.34 0.07
2458493.2936406 10.39 0.08
2458493.2938142 10.40 0.08
2458493.2939878 10.42 0.08
2458493.2941614 10.39 0.08
2458493.2945086 10.24 0.07
2458493.2946823 10.40 0.08
2458493.2948559 10.35 0.07
2458493.2952031 10.31 0.07
2458493.2953767 10.33 0.07
2458493.2957239 10.44 0.08
2458493.2958975 10.32 0.07
2458493.2960711 10.26 0.07
2458493.2964184 10.44 0.08
2458493.2965920 10.43 0.08
2458493.2969392 10.29 0.07
2458493.2990225 10.34 0.07
2458493.2997170 10.28 0.07
2458493.3000642 10.36 0.07
2458493.3018931 10.37 0.07
2458493.3023327 10.33 0.07
2458493.3026799 10.37 0.07
2458493.3030272 10.33 0.07
2458493.3037216 10.37 0.07
2458493.3040688 10.33 0.07
2458493.3042424 10.35 0.07
2458493.3044161 10.44 0.08
2458493.3047633 10.39 0.07
2458493.3051105 10.36 0.07
2458493.3054577 10.42 0.08
2458493.3056313 10.38 0.07
2458493.3058049 10.50 0.08
2458493.3059785 10.38 0.07
2458493.3061522 10.34 0.07
2458493.3063258 10.40 0.08
2458493.3064994 10.35 0.07
2458493.3066730 10.30 0.07
2458493.3070202 10.44 0.08
2458493.3071938 10.33 0.07
2458493.3073674 10.31 0.07
2458493.3075410 10.32 0.07
2458493.3077147 10.34 0.07
2458493.3078883 10.31 0.07
2458493.3080619 10.52 0.08
2458493.3082355 10.31 0.07
2458493.3084091 10.40 0.07
2458493.3085827 10.34 0.07
2458493.3087563 10.41 0.08
2458493.3094508 10.34 0.07
2458493.3096244 10.25 0.07
2458493.3097980 10.44 0.08
2458493.3099716 10.49 0.08
2458493.3101452 10.34 0.07
2458493.3103188 10.35 0.07
2458493.3104924 10.42 0.08
2458493.3106661 10.36 0.07
2458493.3110133 10.37 0.07
2458493.3111869 10.36 0.07
2458493.3113605 10.23 0.06
2458493.3115341 10.54 0.09
2458493.3118813 10.34 0.07
2458493.3127502 10.38 0.07
2458493.3130971 10.35 0.07
2458493.3141383 10.41 0.07
2458493.3148327 10.43 0.08
2458493.3151799 10.28 0.07
2458493.3153535 10.45 0.08
2458493.3155272 10.24 0.06
2458493.3157008 10.35 0.07
2458493.3158744 10.35 0.07
2458493.3165688 10.52 0.08
2458493.3167424 10.42 0.08
2458493.3169161 10.39 0.07
2458493.3181313 10.45 0.08
2458493.3184786 10.37 0.07
2458493.3188258 10.46 0.08
2458493.3193466 10.35 0.07
2458493.3195202 10.41 0.07
2458493.3196938 10.43 0.08
2458493.3200411 10.26 0.06
2458493.3202147 10.43 0.08
2458493.3203883 10.41 0.07
2458493.3210827 10.43 0.08
2458493.3212563 10.31 0.07
2458493.3217772 10.28 0.07
2458493.3219508 10.34 0.07
2458493.3221244 10.32 0.07
2458493.3222980 10.52 0.08
2458493.3228188 10.35 0.07
2458493.3229924 10.37 0.07
2458493.3231662 10.37 0.07
2458493.3240341 10.33 0.07
2458493.3243824 10.30 0.07
2458493.3245559 10.40 0.07
2458493.3249028 10.29 0.07
2458493.3252497 10.37 0.07
2458493.3255966 10.41 0.07
2458493.3257702 10.39 0.07
2458493.3259438 10.43 0.07
2458493.3261174 10.42 0.08
2458493.3262911 10.31 0.07
2458493.3266383 10.34 0.07
2458493.3268119 10.39 0.07
2458493.3271591 10.30 0.07
2458493.3273327 10.46 0.08
2458493.3276799 10.26 0.06
2458493.3278536 10.35 0.07
2458493.3280272 10.36 0.07
2458493.3282008 10.36 0.07
2458493.3283744 10.32 0.07
2458493.3285480 10.33 0.07
2458493.3288952 10.42 0.07
2458493.3290688 10.51 0.08
2458493.3292430 10.37 0.07
2458493.3294160 10.45 0.08
2458493.3297633 10.35 0.07
2458493.3299369 10.29 0.07
2458493.3301105 10.46 0.08
2458493.3302841 10.35 0.07
2458493.3306313 10.34 0.07
2458493.3308049 10.43 0.08
2458493.3309785 10.31 0.07
2458493.3311522 10.36 0.07
2458493.3313258 10.33 0.07
2458493.3316730 10.28 0.07
2458493.3318466 10.28 0.07
2458493.3320202 10.44 0.08
2458493.3321938 10.39 0.07
2458493.3323674 10.39 0.07
2458493.3325411 10.36 0.07
2458493.3327147 10.36 0.07
2458493.3328883 10.42 0.08
2458493.3330619 10.33 0.07
2458493.3334091 10.33 0.07
2458493.3335827 10.32 0.07
2458493.3337563 10.35 0.07
2458493.3339299 10.38 0.07
2458493.3341036 10.34 0.07
2458493.3344508 10.43 0.08
2458493.3346244 10.39 0.07
2458493.3347980 10.37 0.07
2458493.3351452 10.39 0.07
2458493.3353188 10.43 0.08
2458493.3356661 10.45 0.08
2458493.3358397 10.31 0.07
2458493.3361882 10.37 0.07
2458493.3363616 10.21 0.06
2458493.3365351 10.38 0.07
2458493.3368820 10.38 0.07
2458493.3370554 10.42 0.07
2458493.3374023 10.29 0.07
2458493.3379230 10.29 0.07
2458493.3380966 10.43 0.08
2458493.3384438 10.35 0.07
2458493.3386174 10.36 0.07
2458493.3387910 10.33 0.07
2458493.3389647 10.38 0.07
2458493.3391383 10.38 0.07
2458493.3393119 10.40 0.07
2458493.3394855 10.44 0.08
2458493.3396591 10.41 0.07
2458493.3398327 10.29 0.07
2458493.3400063 10.38 0.07
2458493.3401799 10.34 0.07
2458493.3403536 10.31 0.07
2458493.3405272 10.33 0.07
2458493.3407008 10.35 0.07
2458493.3408744 10.37 0.07
2458493.3412216 10.29 0.07
2458493.3413952 10.32 0.07
2458493.3419161 10.40 0.07
2458493.3420897 10.33 0.07
2458493.3422633 10.24 0.06
2458493.3424369 10.36 0.07
2458493.3426105 10.34 0.07
2458493.3427841 10.39 0.07
2458493.3433049 10.41 0.07
2458493.3434786 10.31 0.07
2458493.3438258 10.35 0.07
2458493.3439994 10.31 0.07
2458493.3441730 10.41 0.08
2458493.3443466 10.42 0.08
2458493.3445202 10.42 0.08
2458493.3448674 10.40 0.08
2458493.3450410 10.29 0.07
2458493.3452147 10.35 0.07
2458493.3453883 10.48 0.08
2458493.3459091 10.46 0.08
2458493.3460827 10.46 0.08
2458493.3462563 10.42 0.08
2458493.3464299 10.38 0.07
2458493.3466035 10.40 0.08
2458493.3467772 10.37 0.07
2458493.3469508 10.34 0.07
2458493.3471244 10.29 0.07
2458493.3472980 10.31 0.07
2458493.3474716 10.36 0.07
2458493.3476452 10.42 0.08
2458493.3478188 10.33 0.07
2458493.3479924 10.35 0.07
2458493.3481673 10.24 0.07
2458493.3483408 10.38 0.07
2458493.3485142 10.36 0.07
2458493.3488611 10.41 0.08
2458493.3490345 10.32 0.07
2458493.3492080 10.41 0.08
2458493.3495549 10.31 0.07
2458493.3497286 10.30 0.07
2458493.3499022 10.35 0.07
2458493.3500758 10.43 0.08
2458493.3502494 10.34 0.07
2458493.3505966 10.42 0.08
2458493.3507702 10.43 0.08
2458493.3509438 10.32 0.07
2458493.3511174 10.29 0.07
2458493.3512911 10.41 0.08
2458493.3514647 10.34 0.07
2458493.3516383 10.45 0.08
2458493.3518119 10.33 0.07
2458493.3519855 10.37 0.07
2458493.3521591 10.44 0.08
2458493.3523327 10.35 0.07
2458493.3525063 10.32 0.07
2458493.3526799 10.33 0.07
2458493.3528535 10.41 0.07
2458493.3530272 10.35 0.07
2458493.3532008 10.37 0.07
2458493.3533744 10.33 0.07
2458493.3535480 10.41 0.08
2458493.3537216 10.20 0.06
2458493.3538952 10.39 0.07
2458493.3540688 10.37 0.07
2458493.3544160 10.35 0.07
2458493.3547633 10.31 0.07
2458493.3551105 10.32 0.07
2458493.3552841 10.28 0.07
2458493.3554577 10.33 0.07
2458493.3556313 10.51 0.08
2458493.3558049 10.36 0.07
2458493.3559786 10.27 0.07
2458493.3563258 10.32 0.07
2458493.3564994 10.32 0.07
2458493.3566730 10.21 0.06
2458493.3568466 10.42 0.08
2458493.3570202 10.30 0.07
2458493.3571938 10.34 0.07
2458493.3573674 10.39 0.07
2458493.3575411 10.22 0.06
2458493.3577147 10.43 0.08
2458493.3580619 10.20 0.06
2458493.3582355 10.33 0.07
2458493.3584091 10.35 0.07
2458493.3585827 10.34 0.07
2458493.3587563 10.42 0.08
2458493.3589299 10.39 0.07
2458493.3591036 10.25 0.07
2458493.3592772 10.23 0.06
2458493.3594508 10.27 0.07
2458493.3596244 10.34 0.07
2458493.3597980 10.27 0.07
2458493.3599716 10.19 0.06
2458493.3601465 10.26 0.07
2458493.3603199 10.31 0.07
2458493.3604934 10.37 0.07
2458493.3606668 10.29 0.07
2458493.3608403 10.34 0.07
2458493.3610137 10.37 0.07
2458493.3611871 10.37 0.07
2458493.3613606 10.31 0.07
2458493.3615341 10.28 0.07
2458493.3617077 10.29 0.07
2458493.3618813 10.28 0.07
2458493.3620549 10.32 0.07
2458493.3622285 10.28 0.07
2458493.3624022 10.35 0.07
2458493.3625758 10.41 0.08
2458493.3627494 10.35 0.07
2458493.3629230 10.35 0.07
2458493.3630966 10.37 0.07
2458493.3632702 10.40 0.07
2458493.3634438 10.33 0.07
2458493.3637911 10.30 0.07
2458493.3639647 10.44 0.08
2458493.3641383 10.46 0.08
2458493.3643119 10.43 0.08
2458493.3644855 10.33 0.07
2458493.3646591 10.35 0.07
2458493.3650063 10.33 0.07
2458493.3651799 10.30 0.07
2458493.3653536 10.47 0.08
2458493.3657008 10.33 0.07
2458493.3658744 10.33 0.07
2458493.3660480 10.31 0.07
2458493.3662216 10.39 0.07
2458493.3663952 10.32 0.07
2458493.3667424 10.32 0.07
2458493.3669161 10.33 0.07
2458493.3670897 10.36 0.07
2458493.3672633 10.46 0.08
2458493.3674369 10.26 0.07
2458493.3676105 10.31 0.07
2458493.3677841 10.37 0.07
2458493.3679577 10.44 0.08
2458493.3681313 10.40 0.07
2458493.3683049 10.33 0.07
2458493.3684785 10.52 0.08
2458493.3686522 10.31 0.07
2458493.3688258 10.32 0.07
2458493.3689994 10.28 0.07
2458493.3691730 10.37 0.07
2458493.3693466 10.39 0.07
2458493.3695202 10.24 0.07
2458493.3696938 10.32 0.07
2458493.3698674 10.37 0.07
2458493.3700410 10.38 0.07
2458493.3702147 10.42 0.08
2458493.3705619 10.34 0.07
2458493.3707355 10.29 0.07
2458493.3709091 10.22 0.06
2458493.3710827 10.42 0.08
2458493.3712563 10.29 0.07
2458493.3717772 10.32 0.07
2458493.3721257 10.20 0.06
2458493.3722991 10.31 0.07
2458493.3728194 10.39 0.07
2458493.3729928 10.35 0.07
2458493.3731663 10.33 0.07
2458493.3735133 10.31 0.07
2458493.3736869 10.37 0.07
2458493.3738605 10.31 0.07
2458493.3742077 10.29 0.07
2458493.3745549 10.30 0.07
2458493.3747286 10.38 0.07
2458493.3749022 10.28 0.07
2458493.3750758 10.36 0.07
2458493.3752494 10.42 0.08
2458493.3754230 10.35 0.07
2458493.3755966 10.35 0.07
2458493.3757702 10.41 0.08
2458493.3759438 10.25 0.07
2458493.3761174 10.36 0.07
2458493.3762910 10.33 0.07
2458493.3764647 10.43 0.08
2458493.3766383 10.32 0.07
2458493.3768119 10.31 0.07
2458493.3769855 10.30 0.07
2458493.3771591 10.32 0.07
2458493.3773327 10.41 0.08
2458493.3775063 10.37 0.07
2458493.3778535 10.20 0.06
2458493.3780272 10.32 0.07
2458493.3782008 10.39 0.08
2458493.3785480 10.33 0.07
2458493.3787216 10.30 0.07
2458493.3788952 10.29 0.07
2458493.3790688 10.28 0.07
2458493.3792424 10.26 0.07
2458493.3794161 10.36 0.07
2458493.3795897 10.31 0.07
2458493.3797633 10.27 0.07
2458493.3799369 10.34 0.07
2458493.3804577 10.37 0.07
2458493.3806313 10.31 0.07
2458493.3808049 10.39 0.08
2458493.3813258 10.20 0.06
2458493.3814994 10.42 0.08
2458493.3816730 10.35 0.07
2458493.3818466 10.39 0.08
2458493.3820202 10.26 0.07
2458493.3821938 10.33 0.07
2458493.3823674 10.31 0.07
2458493.3825411 10.35 0.07
2458493.3827147 10.18 0.06
2458493.3828883 10.32 0.07
2458493.3830619 10.32 0.07
2458493.3832355 10.31 0.07
2458493.3834091 10.36 0.07
2458493.3837563 10.35 0.07
2458493.3839313 10.19 0.06
2458493.3842782 10.28 0.07
2458493.3846251 10.31 0.07
2458493.3847985 10.27 0.07
2458493.3849720 10.30 0.07
2458493.3851454 10.29 0.07
2458493.3853189 10.32 0.07
2458493.3854924 10.25 0.07
2458493.3856660 10.37 0.08
2458493.3858397 10.37 0.08
2458493.3860133 10.17 0.06
2458493.3863605 10.47 0.08
2458493.3865341 10.41 0.08
2458493.3867077 10.24 0.07
2458493.3868813 10.31 0.07
2458493.3870549 10.44 0.08
2458493.3872286 10.35 0.07
2458493.3874022 10.28 0.07
2458493.3875758 10.26 0.07
2458493.3877494 10.29 0.07
2458493.3880966 10.26 0.07
2458493.3884438 10.33 0.07
2458493.3886174 10.29 0.07
2458493.3887911 10.25 0.07
2458493.3889647 10.40 0.08
2458493.3891383 10.34 0.07
2458493.3893119 10.31 0.07
2458493.3896591 10.32 0.07
2458493.3898327 10.29 0.07
2458493.3900063 10.27 0.07
2458493.3901799 10.28 0.07
2458493.3905272 10.26 0.07
2458493.3907008 10.28 0.07
2458493.3908744 10.49 0.09
2458493.3910480 10.29 0.07
2458493.3912216 10.40 0.08
2458493.3913952 10.29 0.07
2458493.3915688 10.38 0.08
2458493.3917424 10.22 0.07
2458493.3920897 10.42 0.08
2458493.3926105 10.31 0.07
2458493.3931313 10.37 0.08
2458493.3934785 10.15 0.06
2458493.3938258 10.27 0.07
2458493.3939994 10.31 0.07
2458493.3941730 10.37 0.08
2458493.3943466 10.41 0.08
2458493.3945202 10.19 0.07
2458493.3946938 10.20 0.07
2458493.3948674 10.46 0.08
2458493.3950411 10.27 0.07
2458493.3952147 10.21 0.07
2458493.3953883 10.27 0.07
2458493.3957355 10.25 0.07
2458493.3959105 10.41 0.08
2458493.3960839 10.35 0.08
2458493.3962574 10.31 0.07
2458493.3964308 10.26 0.07
2458493.3966043 10.25 0.07
2458493.3967777 10.26 0.07
2458493.3969511 10.20 0.07
2458493.3971246 10.33 0.08
2458493.3972980 10.29 0.07
2458493.3974716 10.27 0.07
2458493.3976452 10.38 0.08
2458493.3978188 10.33 0.07
2458493.3979924 10.28 0.07
2458493.3981661 10.33 0.07
2458493.3983397 10.31 0.07
2458493.3985133 10.19 0.07
2458493.3986869 10.34 0.08
2458493.3988605 10.28 0.07
2458493.3992077 10.22 0.07
2458493.3993813 10.23 0.07
2458493.3995549 10.31 0.07
2458493.3997285 10.28 0.07
2458493.4000758 10.33 0.08
2458493.4002494 10.17 0.06
2458493.4004230 10.31 0.07
2458493.4005966 10.33 0.07
2458493.4007702 10.34 0.08
2458493.4012910 10.43 0.08
2458493.4014647 10.43 0.08
2458493.4019855 10.39 0.08
2458493.4025063 10.22 0.07
2458493.4026799 10.26 0.07
2458493.4028536 10.46 0.09
2458493.4033744 10.31 0.07
2458493.4038952 10.43 0.08
2458493.4040688 10.22 0.07
2458493.4044161 10.25 0.07
2458493.4045897 10.17 0.06
2458493.4047633 10.33 0.08
2458493.4049369 10.31 0.07
2458493.4058049 10.39 0.08
2458493.4059786 10.32 0.07
2458493.4061522 10.37 0.08
2458493.4068466 10.27 0.07
2458493.4078896 10.24 0.07
2458493.4080630 10.29 0.07
2458493.4084099 10.31 0.07
2458493.4089302 10.33 0.08
2458493.4096244 10.41 0.08
2458493.4097980 10.28 0.07
2458493.4120549 10.27 0.07
2458493.4144855 10.38 0.08
2458493.4151799 10.26 0.07
2458493.4158744 10.27 0.07
2458494.3446475 10.05 0.13
2458494.3455156 10.34 0.13
2458494.3460364 10.44 0.11
2458494.3462100 10.19 0.09
2458494.3469045 10.34 0.10
2458494.3470781 10.50 0.12
2458494.3474253 10.41 0.11
2458494.3481197 10.32 0.10
2458494.3482934 10.33 0.10
2458494.3484670 10.30 0.10
2458494.3486406 10.34 0.10
2458494.3505503 10.23 0.09
2458494.3510711 10.32 0.10
2458494.3514184 10.39 0.11
2458494.3517656 10.36 0.10
2458494.3519392 10.27 0.10
2458494.3521128 10.54 0.13
2458494.3524600 10.33 0.10
2458494.3526336 10.28 0.10
2458494.3529809 10.17 0.09
2458494.3531545 10.53 0.12
2458494.3538500 10.30 0.10
2458494.3541969 10.28 0.10
2458494.3543703 10.45 0.12
2458494.3545438 10.37 0.11
2458494.3548906 10.43 0.12
2458494.3554114 10.35 0.12
2458494.3561059 10.43 0.14
2458494.3562795 10.29 0.12
2458494.3564531 10.26 0.12
2458494.3566267 10.44 0.14
2458494.3569739 10.39 0.14
2458494.3573211 10.17 0.11
2458494.3574947 10.32 0.13
2458494.3576684 10.37 0.14
2458494.3581892 10.38 0.14
2458494.3588836 10.47 0.15
2458494.3609670 10.19 0.13
2458494.3620086 10.18 0.13
2458495.1349380 10.39 0.13
2458495.1351115 10.41 0.13
2458495.1356318 10.44 0.13
2458495.1358052 10.46 0.13
2458495.1359787 10.42 0.13
2458495.1363258 10.29 0.12
2458495.1364994 10.33 0.12
2458495.1368466 10.49 0.14
2458495.1370202 10.29 0.12
2458495.1375410 10.15 0.10
2458495.1377147 10.35 0.12
2458495.1378883 10.36 0.12
2458495.1380619 10.18 0.10
2458495.1382355 10.38 0.12
2458495.1384091 10.33 0.12
2458495.1385827 10.56 0.14
2458495.1387563 10.21 0.11
2458495.1389299 10.65 0.16
2458495.1392772 10.28 0.11
2458495.1394508 10.34 0.12
2458495.1396244 10.36 0.12
2458495.1399716 10.14 0.10
2458495.1401452 10.51 0.13
2458495.1403188 10.35 0.12
2458495.1406661 10.24 0.11
2458495.1408397 10.30 0.11
2458495.1411869 10.35 0.12
2458495.1413605 10.37 0.12
2458495.1415341 10.33 0.12
2458495.1417077 10.28 0.11
2458495.1418813 10.22 0.11
2458495.1420549 10.35 0.12
2458495.1422286 10.48 0.13
2458495.1424022 10.28 0.11
2458495.1425758 10.29 0.11
2458495.1427494 10.37 0.12
2458495.1429230 10.47 0.13
2458495.1430966 10.26 0.11
2458495.1434438 10.26 0.11
2458495.1441383 10.46 0.13
2458495.1443119 10.22 0.11
2458495.1446591 10.59 0.15
2458495.1448327 10.29 0.11
2458495.1451799 10.46 0.13
2458495.1453535 10.52 0.14
2458495.1458744 10.44 0.13
2458495.1460480 10.36 0.12
2458495.1462216 10.30 0.11
2458495.1463952 10.18 0.10
2458495.1467438 10.39 0.12
2458495.1470907 10.36 0.12
2458495.1472641 10.32 0.11
2458495.1474375 10.37 0.12
2458495.1476110 10.20 0.10
2458495.1477844 10.41 0.12
2458495.1479579 10.49 0.13
2458495.1481313 10.31 0.11
2458495.1484786 10.20 0.10
2458495.1486522 10.34 0.11
2458495.1491730 10.44 0.13
2458495.1495202 10.45 0.13
2458495.1498674 10.43 0.13
2458495.1500411 10.30 0.11
2458495.1502147 10.33 0.12
2458495.1503883 10.44 0.13
2458495.1505619 10.43 0.13
2458495.1507355 10.35 0.12
2458495.1510827 10.26 0.11
2458495.1512563 10.39 0.12
2458495.1514299 10.21 0.10
2458495.1522980 10.32 0.11
2458495.1526452 10.11 0.09
2458495.1528188 10.39 0.12
2458495.1529924 10.29 0.11
2458495.1531660 10.19 0.10
2458495.1533397 10.53 0.14
2458495.1535133 10.35 0.12
2458495.1536869 10.25 0.11
2458495.1540341 10.25 0.11
2458495.1543813 10.38 0.12
2458495.1545549 10.29 0.11
2458495.1547285 10.41 0.12
2458495.1549022 10.31 0.11
2458495.1550758 10.33 0.11
2458495.1552494 10.33 0.11
2458495.1554230 10.28 0.11
2458495.1555966 10.10 0.09
2458495.1557702 10.50 0.13
2458495.1559438 10.48 0.13
2458495.1561174 10.31 0.11
2458495.1564647 10.14 0.09
2458495.1566383 10.33 0.11
2458495.1568119 10.39 0.12
2458495.1569855 10.30 0.11
2458495.1575063 10.30 0.11
2458495.1576799 10.58 0.14
2458495.1582008 10.45 0.13
2458495.1585480 10.22 0.10
2458495.1587230 10.46 0.13
2458495.1588964 10.63 0.15
2458495.1590699 10.43 0.12
2458495.1592433 10.30 0.11
2458495.1594167 10.20 0.10
2458495.1595902 10.35 0.11
2458495.1599371 10.29 0.11
2458495.1601105 10.30 0.11
2458495.1602841 10.52 0.13
2458495.1604577 10.32 0.11
2458495.1606313 10.44 0.12
2458495.1608049 10.31 0.11
2458495.1609785 10.33 0.11
2458495.1611522 10.34 0.11
2458495.1613258 10.45 0.12
2458495.1614994 10.26 0.10
2458495.1616730 10.35 0.11
2458495.1620202 10.34 0.11
2458495.1621938 10.36 0.11
2458495.1627147 10.28 0.11
2458495.1634091 10.28 0.11
2458495.1639299 10.40 0.12
2458495.1641036 10.07 0.09
2458495.1642772 10.33 0.11
2458495.1646244 10.42 0.12
2458495.1647980 10.38 0.11
2458495.1649716 10.41 0.12
2458495.1653188 10.24 0.10
2458495.1660133 10.23 0.10
2458495.1661869 10.23 0.10
2458495.1663605 10.24 0.10
2458495.1667077 10.26 0.10
2458495.1668813 10.14 0.09
2458495.1675758 10.35 0.11
2458495.1677494 10.25 0.10
2458495.1679230 10.29 0.11
2458495.1680966 10.40 0.12
2458495.1682702 10.29 0.11
2458495.1684438 10.46 0.12
2458495.1686174 10.52 0.13
2458495.1689647 10.47 0.12
2458495.1707022 10.25 0.10
2458495.1708756 10.43 0.12
2458495.1710491 10.52 0.13
2458495.1715694 10.37 0.11
2458495.1719163 10.14 0.09
2458495.1724369 10.46 0.12
2458495.1727841 10.32 0.11
2458495.1729577 10.21 0.10
2458495.1733049 10.50 0.13
2458495.1734786 10.27 0.10
2458495.1743466 10.26 0.10
2458495.1745202 10.31 0.11
2458495.1750411 10.29 0.10
2458495.1752147 10.14 0.09
2458495.1753883 10.39 0.11
2458495.1755619 10.34 0.11
2458495.1759091 10.27 0.10
2458495.1764299 10.24 0.10
2458495.1774716 10.46 0.12
2458495.1776452 10.37 0.11
2458495.1778188 10.58 0.13
2458495.1783397 10.47 0.12
2458495.1793813 10.40 0.11
2458495.1797286 10.42 0.12
2458495.1814647 10.32 0.10
2458495.1816383 10.44 0.12
2458495.1819855 10.36 0.11
2458495.1821591 10.36 0.11
2458495.1823327 10.36 0.11
2458495.1826799 10.29 0.10
2458495.1838955 10.42 0.11
2458495.1849369 10.28 0.10
2458495.1852841 10.22 0.10
2458495.1858049 10.32 0.10
2458495.1863258 10.25 0.10
2458495.1868466 10.33 0.10
2458495.1870202 10.24 0.09
2458495.1871938 10.41 0.11
2458495.1877147 10.33 0.10
2458495.1880619 10.21 0.09
2458495.1884091 10.42 0.11
2458495.1885827 10.51 0.12
2458495.1887563 10.29 0.10
2458495.1889299 10.36 0.11
2458495.1897980 10.41 0.11
2458495.1899716 10.35 0.10
2458495.1904924 10.31 0.10
2458495.1925758 10.37 0.10
2458495.1930966 10.39 0.11
2458495.1934438 10.41 0.11
2458495.1948340 10.32 0.10
2458495.1951809 10.33 0.10
2458495.1965688 10.52 0.12
2458495.1972633 10.39 0.11
2458495.1974369 10.37 0.10
2458495.1977841 10.41 0.11
2458495.1979577 10.43 0.11
2458495.1983049 10.41 0.11
2458495.1986522 10.24 0.09
2458495.1989994 10.41 0.11
2458495.1995202 10.31 0.10
2458495.1998674 10.40 0.11
2458495.2000410 10.53 0.12
2458495.2005619 10.42 0.11
2458495.2009091 10.27 0.10
2458495.2016035 10.28 0.10
2458495.2017772 10.31 0.10
2458495.2022980 10.47 0.12
2458495.2026452 10.40 0.11
2458495.2028188 10.28 0.10
2458495.2031661 10.38 0.10
2458495.2033397 10.31 0.10
2458495.2036869 10.24 0.09
2458495.2038605 10.35 0.10
2458495.2045549 10.30 0.10
2458495.2047286 10.38 0.11
2458495.2050758 10.49 0.12
2458495.2059438 10.31 0.10
2458495.2061174 10.48 0.12
2458495.2062911 10.40 0.11
2458495.2064647 10.37 0.11
2458495.2066383 10.41 0.11
2458495.2071601 10.40 0.11
2458495.2073336 10.61 0.13
2458495.2075070 10.46 0.11
2458495.2076805 10.51 0.12
2458495.2078539 10.35 0.10
2458495.2080274 10.36 0.10
2458495.2082008 10.48 0.12
2458495.2087216 10.41 0.11
2458495.2097633 10.45 0.11
2458495.2099369 10.54 0.12
2458495.2101105 10.32 0.10
2458495.2102841 10.33 0.10
2458495.2109786 10.38 0.11
2458495.2111522 10.39 0.11
2458495.2113258 10.29 0.10
2458495.2114994 10.52 0.12
2458495.2116730 10.47 0.11
2458495.2118466 10.27 0.09
2458495.2121938 10.41 0.11
2458495.2123674 10.37 0.10
2458495.2130619 10.57 0.12
2458495.2132355 10.40 0.11
2458495.2141036 10.40 0.11
2458495.2142772 10.41 0.11
2458495.2144508 10.26 0.09
2458495.2146244 10.44 0.11
2458495.2147980 10.48 0.11
2458495.2153188 10.35 0.10
2458495.2154924 10.27 0.09
2458495.2158397 10.31 0.10
2458495.2161869 10.52 0.12
2458495.2168813 10.42 0.11
2458495.2172285 10.35 0.10
2458495.2174022 10.38 0.10
2458495.2177494 10.44 0.11
2458495.2179230 10.39 0.10
2458495.2180966 10.57 0.12
2458495.2182702 10.22 0.09
2458495.2184438 10.41 0.11
2458495.2186174 10.40 0.10
2458495.2189658 10.44 0.11
2458495.2193127 10.33 0.10
2458495.2194862 10.34 0.10
2458495.2196596 10.42 0.11
2458495.2198331 10.36 0.10
2458495.2200065 10.20 0.09
2458495.2201799 10.30 0.10
2458495.2203536 10.32 0.10
2458495.2208744 10.33 0.10
2458495.2210480 10.30 0.10
2458495.2212216 10.22 0.09
2458495.2213952 10.27 0.09
2458495.2215688 10.43 0.11
2458495.2219161 10.48 0.11
2458495.2220897 10.30 0.10
2458495.2222633 10.41 0.11
2458495.2224369 10.54 0.12
2458495.2227841 10.39 0.10
2458495.2229577 10.30 0.10
2458495.2233049 10.36 0.10
2458495.2234785 10.41 0.11
2458495.2236522 10.43 0.11
2458495.2238258 10.33 0.10
2458495.2239994 10.62 0.13
2458495.2241730 10.18 0.09
2458495.2246938 10.36 0.10
2458495.2248674 10.51 0.12
2458495.2250410 10.48 0.11
2458495.2253883 10.36 0.10
2458495.2255619 10.33 0.10
2458495.2257355 10.67 0.13
2458495.2260827 10.27 0.09
2458495.2262563 10.40 0.11
2458495.2266036 10.36 0.10
2458495.2267772 10.43 0.11
2458495.2272980 10.42 0.11
2458495.2274716 10.39 0.11
2458495.2276452 10.25 0.09
2458495.2278188 10.46 0.11
2458495.2279924 10.34 0.10
2458495.2281661 10.32 0.10
2458495.2283397 10.59 0.12
2458495.2285133 10.39 0.10
2458495.2286869 10.47 0.11
2458495.2288605 10.46 0.11
2458495.2290341 10.28 0.09
2458495.2295549 10.45 0.11
2458495.2307716 10.35 0.10
2458495.2309450 10.37 0.10
2458495.2311185 10.20 0.09
2458495.2312919 10.32 0.10
2458495.2318122 10.38 0.10
2458495.2319857 10.31 0.09
2458495.2321591 10.30 0.09
2458495.2323327 10.45 0.11
2458495.2326799 10.46 0.11
2458495.2328535 10.32 0.10
2458495.2330272 10.30 0.09
2458495.2332008 10.45 0.11
2458495.2333744 10.35 0.10
2458495.2337216 10.32 0.09
2458495.2338952 10.23 0.09
2458495.2342424 10.36 0.10
2458495.2344161 10.40 0.10
2458495.2345897 10.34 0.10
2458495.2347633 10.37 0.10
2458495.2349369 10.13 0.08
2458495.2352841 10.29 0.09
2458495.2354577 10.30 0.09
2458495.2356313 10.27 0.09
2458495.2358049 10.55 0.12
2458495.2363258 10.37 0.10
2458495.2366730 10.40 0.10
2458495.2368466 10.37 0.10
2458495.2370202 10.47 0.11
2458495.2371938 10.33 0.10
2458495.2373674 10.31 0.09
2458495.2375411 10.15 0.08
2458495.2378883 10.34 0.09
2458495.2382355 10.33 0.10
2458495.2384091 10.22 0.09
2458495.2385827 10.29 0.09
2458495.2389299 10.41 0.10
2458495.2392772 10.25 0.09
2458495.2399716 10.28 0.09
2458495.2401452 10.22 0.09
2458495.2404924 10.39 0.10
2458495.2406660 10.39 0.10
2458495.2408397 10.58 0.12
2458495.2411869 10.47 0.11
2458495.2418813 10.27 0.09
2458495.2420549 10.18 0.08
2458495.2424022 10.41 0.10
2458495.2425758 10.34 0.09
2458495.2427508 10.34 0.10
2458495.2432711 10.37 0.10
2458495.2434445 10.29 0.09
2458495.2437914 10.29 0.09
2458495.2448327 10.53 0.11
2458495.2450063 10.27 0.09
2458495.2455272 10.33 0.09
2458495.2460480 10.25 0.09
2458495.2462216 10.44 0.10
2458495.2463952 10.42 0.10
2458495.2469160 10.37 0.10
2458495.2470897 10.36 0.10
2458495.2472633 10.21 0.09
2458495.2474369 10.47 0.11
2458495.2476105 10.40 0.10
2458495.2477841 10.26 0.09
2458495.2479577 10.34 0.09
2458495.2486522 10.25 0.09
2458495.2489994 10.39 0.10
2458495.2495202 10.22 0.08
2458495.2502147 10.30 0.09
2458495.2503883 10.28 0.09
2458495.2505619 10.24 0.09
2458495.2509091 10.31 0.09
2458495.2512563 10.36 0.10
2458495.2514299 10.28 0.09
2458495.2516036 10.32 0.09
2458495.2517772 10.34 0.10
2458495.2521244 10.26 0.09
2458495.2526452 10.21 0.09
2458495.2528188 10.24 0.09
2458495.2529924 10.37 0.10
2458495.2531661 10.36 0.10
2458495.2533397 10.25 0.09
2458495.2536869 10.30 0.09
2458495.2538605 10.38 0.10
2458495.2540341 10.28 0.09
2458495.2542077 10.40 0.10
2458495.2545549 10.34 0.09
2458495.2547300 10.34 0.09
2458495.2549034 10.35 0.09
2458495.2550769 10.43 0.10
2458495.2552503 10.45 0.10
2458495.2554238 10.50 0.11
2458495.2557706 10.28 0.09
2458495.2559441 10.36 0.09
2458495.2562910 10.27 0.09
2458495.2564647 10.32 0.09
2458495.2568119 10.30 0.09
2458495.2569855 10.27 0.09
2458495.2573327 10.40 0.10
2458495.2576799 10.30 0.09
2458495.2578536 10.33 0.09
2458495.2585480 10.32 0.09
2458495.2587216 10.35 0.09
2458495.2588952 10.19 0.08
2458495.2592424 10.27 0.09
2458495.2594161 10.42 0.10
2458495.2597633 10.28 0.09
2458495.2601105 10.32 0.09
2458495.2604577 10.29 0.09
2458495.2614994 10.32 0.09
2458495.2616730 10.40 0.10
2458495.2627147 10.60 0.12
2458495.2630619 10.27 0.09
2458495.2632355 10.37 0.10
2458495.2639299 10.31 0.09
2458495.2642772 10.37 0.10
2458495.2649716 10.33 0.09
2458495.2654924 10.40 0.10
2458495.2656661 10.31 0.09
2458495.2658397 10.32 0.09
2458495.2661869 10.26 0.09
2458495.2665341 10.26 0.09
2458495.2670561 10.36 0.09
2458495.2672295 10.25 0.09
2458495.2674030 10.33 0.09
2458495.2675764 10.19 0.08
2458495.2677498 10.40 0.10
2458495.2680967 10.27 0.09
2458495.2682702 10.57 0.11
2458495.2686174 10.41 0.10
2458495.2689647 10.20 0.08
2458495.2691383 10.25 0.08
2458495.2693119 10.39 0.10
2458495.2696591 10.40 0.10
2458495.2700063 10.37 0.10
2458495.2703535 10.27 0.09
2458495.2705272 10.20 0.08
2458495.2707008 10.25 0.08
2458495.2708744 10.39 0.10
2458495.2710480 10.49 0.11
2458495.2712216 10.24 0.08
2458495.2713952 10.31 0.09
2458495.2715688 10.29 0.09
2458495.2719160 10.33 0.09
2458495.2722633 10.33 0.09
2458495.2724369 10.37 0.09
2458495.2726105 10.41 0.10
2458495.2727841 10.34 0.09
2458495.2731313 10.29 0.09
2458495.2733049 10.25 0.08
2458495.2734786 10.41 0.10
2458495.2736522 10.38 0.09
2458495.2739994 10.47 0.10
2458495.2741730 10.37 0.09
2458495.2746938 10.35 0.09
2458495.2748674 10.20 0.08
2458495.2752147 10.26 0.09
2458495.2757355 10.28 0.09
2458495.2759091 10.26 0.08
2458495.2760827 10.52 0.11
2458495.2766036 10.32 0.09
2458495.2767772 10.28 0.09
2458495.2769508 10.44 0.10
2458495.2776452 10.50 0.11
2458495.2778188 10.26 0.09
2458495.2779924 10.37 0.09
2458495.2792087 10.23 0.08
2458495.2793822 10.29 0.09
2458495.2802494 10.34 0.09
2458495.2804230 10.36 0.09
2458495.2807702 10.28 0.09
2458495.2814647 10.30 0.09
2458495.2818119 10.36 0.09
2458495.2819855 10.33 0.09
2458495.2823327 10.24 0.08
2458495.2825063 10.42 0.10
2458495.2828536 10.23 0.08
2458495.2832008 10.30 0.09
2458495.2833744 10.45 0.10
2458495.2837216 10.22 0.08
2458495.2838952 10.46 0.10
2458495.2844161 10.37 0.09
2458495.2847633 10.24 0.08
2458495.2854577 10.40 0.10
2458495.2856313 10.25 0.08
2458495.2858049 10.31 0.09
2458495.2859785 10.21 0.08
2458495.2861522 10.38 0.10
2458495.2863258 10.31 0.09
2458495.2864994 10.44 0.10
2458495.2870202 10.52 0.11
2458495.2871938 10.26 0.08
2458495.2873674 10.32 0.09
2458495.2875410 10.29 0.09
2458495.2877147 10.39 0.10
2458495.2878883 10.40 0.10
2458495.2882355 10.35 0.09
2458495.2885827 10.39 0.10
2458495.2887563 10.49 0.11
2458495.2889299 10.34 0.09
2458495.2891036 10.39 0.10
2458495.2892772 10.31 0.09
2458495.2896244 10.20 0.08
2458495.2897980 10.45 0.10
2458495.2899716 10.48 0.10
2458495.2901452 10.25 0.08
2458495.2904924 10.22 0.08
2458495.2908410 10.34 0.09
2458495.2911879 10.36 0.09
2458495.2918817 10.45 0.10
2458495.2920551 10.39 0.10
2458495.2924022 10.29 0.09
2458495.2929230 10.32 0.09
2458495.2936174 10.44 0.10
2458495.2939647 10.36 0.09
2458495.2943119 10.32 0.09
2458495.2946591 10.40 0.10
2458495.2951799 10.32 0.09
2458495.2960480 10.49 0.10
2458495.2962216 10.32 0.09
2458495.2963952 10.41 0.10
2458495.2965688 10.34 0.09
2458495.2967424 10.47 0.10
2458495.2969160 10.46 0.10
2458495.2970897 10.33 0.09
2458495.2974369 10.28 0.08
2458495.2995202 10.46 0.10
2458495.3000411 10.27 0.08
2458495.3002147 10.29 0.09
2458495.3005619 10.51 0.10
2458495.3009091 10.53 0.11
2458495.3010827 10.37 0.09
2458495.3012563 10.39 0.10
2458495.3014299 10.30 0.09
2458495.3017772 10.38 0.09
2458495.3024716 10.38 0.09
2458495.3028202 10.39 0.09
2458495.3035140 10.32 0.09
2458495.3042078 10.34 0.09
2458495.3045549 10.36 0.09
2458495.3055966 10.46 0.10
2458495.3061174 10.38 0.09
2458495.3064647 10.34 0.09
2458495.3066383 10.35 0.09
2458495.3068119 10.42 0.10
2458495.3069855 10.23 0.08
2458495.3071591 10.32 0.09
2458495.3073327 10.37 0.09
2458495.3075063 10.33 0.09
2458495.3076799 10.36 0.09
2458495.3078536 10.31 0.09
2458495.3080272 10.27 0.09
2458495.3082008 10.40 0.10
2458495.3083744 10.43 0.10
2458495.3087216 10.39 0.10
2458495.3088952 10.28 0.09
2458495.3097633 10.30 0.09
2458495.3102841 10.45 0.10
2458495.3109785 10.40 0.10
2458495.3113258 10.41 0.10
2458495.3125411 10.42 0.10
2458495.3130619 10.21 0.08
2458495.3144508 10.37 0.09
2458495.3147980 10.42 0.10
2458498.1656545 10.43 0.12
2458498.1658281 10.28 0.09
2458498.1665238 10.41 0.09
2458498.1670441 10.28 0.08
2458498.1672176 10.29 0.09
2458498.1673910 10.35 0.09
2458498.1675645 10.28 0.09
2458498.1679114 10.29 0.09
2458498.1682586 10.39 0.10
2458498.1686059 10.30 0.09
2458498.1689531 10.23 0.08
2458498.1691267 10.34 0.09
2458498.1693003 10.34 0.09
2458498.1694739 10.42 0.09
2458498.1696475 10.30 0.09
2458498.1699947 10.31 0.08
2458498.1701684 10.34 0.09
2458498.1703420 10.22 0.08
2458498.1705156 10.26 0.08
2458498.1710364 10.22 0.08
2458498.1712100 10.23 0.08
2458498.1717309 10.37 0.09
2458498.1722517 10.40 0.09
2458498.1724253 10.25 0.08
2458498.1725989 10.41 0.09
2458498.1729461 10.39 0.09
2458498.1731198 10.23 0.08
2458498.1732934 10.45 0.10
2458498.1734670 10.37 0.09
2458498.1736406 10.35 0.09
2458498.1739878 10.30 0.08
2458498.1741614 10.39 0.09
2458498.1745086 10.28 0.08
2458498.1746823 10.26 0.08
2458498.1750295 10.32 0.08
2458498.1752031 10.46 0.09
2458498.1753767 10.37 0.09
2458498.1755503 10.26 0.08
2458498.1757239 10.32 0.08
2458498.1760711 10.30 0.08
2458498.1764184 10.46 0.09
2458498.1767656 10.47 0.09
2458498.1769392 10.26 0.08
2458498.1771128 10.37 0.09
2458498.1772864 10.25 0.08
2458498.1774600 10.33 0.08
2458498.1778072 10.37 0.08
2458498.1779809 10.35 0.08
2458498.1783295 10.38 0.09
2458498.1785029 10.34 0.08
2458498.1786763 10.35 0.08
2458498.1788498 10.31 0.08
2458498.1790232 10.38 0.09
2458498.1791967 10.34 0.09
2458498.1793701 10.28 0.08
2458498.1795436 10.43 0.09
2458498.1798906 10.42 0.09
2458498.1800642 10.35 0.08
2458498.1804114 10.28 0.08
2458498.1805850 10.30 0.08
2458498.1807586 10.40 0.09
2458498.1809323 10.33 0.08
2458498.1811059 10.39 0.09
2458498.1812795 10.25 0.08
2458498.1818003 10.33 0.08
2458498.1819739 10.34 0.08
2458498.1821475 10.33 0.08
2458498.1823211 10.41 0.09
2458498.1826684 10.26 0.08
2458498.1828420 10.31 0.08
2458498.1830156 10.30 0.08
2458498.1835364 10.33 0.08
2458498.1837100 10.33 0.08
2458498.1838836 10.37 0.08
2458498.1840572 10.25 0.08
2458498.1854461 10.36 0.08
2458498.1857934 10.35 0.08
2458498.1859670 10.47 0.09
2458498.1863142 10.40 0.09
2458498.1864878 10.40 0.09
2458498.1866614 10.24 0.07
2458498.1868350 10.21 0.07
2458498.1871822 10.50 0.09
2458498.1882974 10.41 0.09
2458498.1885711 10.37 0.08
2458498.1887448 10.24 0.07
2458498.1889184 10.41 0.09
2458498.1890920 10.28 0.08
2458498.1892656 10.24 0.07
2458498.1894392 10.44 0.09
2458498.1896128 10.32 0.08
2458498.1903073 10.49 0.09
2458498.1906545 10.16 0.07
2458498.1910017 10.43 0.09
2458498.1915225 10.29 0.08
2458498.1916961 10.30 0.08
2458498.1918697 10.36 0.08
2458498.1920434 10.34 0.08
2458498.1922170 10.48 0.09
2458498.1923906 10.22 0.07
2458498.1927378 10.38 0.08
2458498.1929114 10.24 0.07
2458498.1930850 10.30 0.08
2458498.1934322 10.28 0.08
2458498.1936059 10.34 0.08
2458498.1937795 10.27 0.08
2458498.1939531 10.32 0.08
2458498.1941267 10.33 0.08
2458498.1943003 10.30 0.08
2458498.1944739 10.36 0.08
2458498.1946475 10.26 0.07
2458498.1949947 10.42 0.08
2458498.1951684 10.26 0.07
2458498.1955156 10.33 0.08
2458498.1958628 10.39 0.08
2458498.1960378 10.39 0.08
2458498.1970784 10.24 0.07
2458498.1974253 10.18 0.07
2458498.1977725 10.26 0.07
2458498.1981198 10.24 0.07
2458498.1982934 10.27 0.07
2458498.1984670 10.36 0.08
2458498.1988142 10.52 0.09
2458498.1991614 10.38 0.08
2458498.1993350 10.31 0.07
2458498.1995086 10.33 0.08
2458498.2000295 10.34 0.08
2458498.2003767 10.36 0.08
2458498.2012447 10.37 0.08
2458498.2015920 10.28 0.07
2458498.2019392 10.29 0.07
2458498.2021128 10.27 0.07
2458498.2024600 10.27 0.07
2458498.2028072 10.33 0.08
2458498.2029809 10.30 0.07
2458498.2031545 10.44 0.08
2458498.2033281 10.34 0.08
2458498.2035017 10.36 0.08
2458498.2036753 10.25 0.07
2458498.2038489 10.38 0.08
2458498.2043698 10.39 0.08
2458498.2045434 10.38 0.08
2458498.2047170 10.41 0.08
2458498.2048906 10.30 0.07
2458498.2050642 10.34 0.08
2458498.2052378 10.26 0.07
2458498.2055850 10.41 0.08
2458498.2061059 10.33 0.07
2458498.2062795 10.42 0.08
2458498.2064531 10.40 0.08
2458498.2066267 10.27 0.07
2458498.2068003 10.37 0.08
2458498.2069739 10.37 0.08
2458498.2071475 10.49 0.08
2458498.2073211 10.32 0.07
2458498.2074947 10.35 0.08
2458498.2078420 10.26 0.07
2458498.2083638 10.45 0.08
2458498.2087107 10.24 0.07
2458498.2088841 10.31 0.07
2458498.2090576 10.42 0.08
2458498.2092310 10.43 0.08
2458498.2094045 10.32 0.07
2458498.2097517 10.43 0.08
2458498.2100989 10.35 0.08
2458498.2102725 10.27 0.07
2458498.2104461 10.38 0.08
2458498.2106197 10.33 0.07
2458498.2114878 10.25 0.07
2458498.2118350 10.26 0.07
2458498.2123559 10.22 0.07
2458498.2125295 10.34 0.08
2458498.2127031 10.26 0.07
2458498.2128767 10.29 0.07
2458498.2139184 10.31 0.07
2458498.2140920 10.22 0.07
2458498.2146128 10.32 0.07
2458498.2153072 10.43 0.08
2458498.2154809 10.40 0.08
2458498.2158281 10.32 0.07
2458498.2160017 10.27 0.07
2458498.2161753 10.37 0.08
2458498.2163489 10.34 0.07
2458498.2166961 10.31 0.07
2458498.2168697 10.37 0.08
2458498.2170434 10.40 0.08
2458498.2172170 10.35 0.08
2458498.2175642 10.43 0.08
2458498.2177378 10.28 0.07
2458498.2179114 10.33 0.07
2458498.2180850 10.30 0.07
2458498.2182586 10.38 0.08
2458498.2186059 10.38 0.08
2458498.2187795 10.26 0.07
2458498.2189531 10.35 0.08
2458498.2191267 10.28 0.07
2458498.2194739 10.31 0.07
2458498.2196475 10.45 0.08
2458498.2198225 10.34 0.07
2458498.2199960 10.37 0.08
2458498.2201694 10.28 0.07
2458498.2203429 10.37 0.07
2458498.2205163 10.31 0.07
2458498.2206898 10.20 0.06
2458498.2208632 10.44 0.08
2458498.2210366 10.41 0.08
2458498.2212101 10.33 0.07
2458498.2213836 10.39 0.08
2458498.2215573 10.27 0.07
2458498.2217309 10.30 0.07
2458498.2219045 10.34 0.07
2458498.2222517 10.30 0.07
2458498.2224253 10.34 0.08
2458498.2225989 10.45 0.08
2458498.2227725 10.23 0.07
2458498.2229461 10.40 0.08
2458498.2236406 10.42 0.08
2458498.2239878 10.37 0.07
2458498.2245086 10.28 0.07
2458498.2246822 10.29 0.07
2458498.2248559 10.38 0.07
2458498.2252031 10.33 0.07
2458498.2258975 10.27 0.07
2458498.2260711 10.41 0.08
2458498.2262447 10.30 0.07
2458498.2276336 10.36 0.07
2458498.2279809 10.43 0.08
2458498.2281545 10.39 0.08
2458498.2283281 10.44 0.08
2458498.2288489 10.50 0.08
2458498.2290225 10.28 0.07
2458498.2291961 10.46 0.08
2458498.2293698 10.24 0.07
2458498.2297170 10.31 0.07
2458498.2298906 10.35 0.07
2458498.2302378 10.32 0.07
2458498.2311059 10.29 0.07
2458498.2312795 10.27 0.07
2458498.2316267 10.24 0.07
2458498.2319750 10.27 0.07
2458498.2321485 10.35 0.07
2458498.2328422 10.26 0.07
2458498.2330157 10.44 0.08
2458498.2331892 10.33 0.07
2458498.2335364 10.39 0.08
2458498.2337100 10.44 0.08
2458498.2338836 10.52 0.09
2458498.2340572 10.31 0.07
2458498.2342309 10.35 0.08
2458498.2344045 10.37 0.08
2458498.2345781 10.40 0.08
2458498.2349253 10.26 0.07
2458498.2350989 10.43 0.08
2458498.2352725 10.38 0.08
2458498.2354461 10.40 0.08
2458498.2356198 10.44 0.08
2458498.2359670 10.35 0.07
2458498.2361406 10.34 0.07
2458498.2366614 10.46 0.08
2458498.2368350 10.44 0.08
2458498.2370086 10.29 0.07
2458498.2371823 10.34 0.08
2458498.2373559 10.28 0.07
2458498.2375295 10.31 0.07
2458498.2377031 10.28 0.07
2458498.2380503 10.30 0.07
2458498.2383975 10.42 0.08
2458498.2389184 10.35 0.08
2458498.2392656 10.37 0.08
2458498.2397864 10.32 0.07
2458498.2403072 10.39 0.08
2458498.2408281 10.37 0.08
2458498.2410017 10.40 0.08
2458498.2411753 10.38 0.08
2458498.2416961 10.37 0.08
2458498.2418697 10.32 0.07
2458498.2420434 10.26 0.07
2458498.2423906 10.29 0.07
2458498.2425642 10.32 0.08
2458498.2429114 10.22 0.07
2458498.2436073 10.23 0.07
2458498.2437807 10.32 0.08
2458498.2439541 10.32 0.07
2458498.2441276 10.32 0.07
2458498.2443010 10.36 0.08
2458498.2444745 10.36 0.08
2458498.2448214 10.41 0.08
2458498.2449948 10.31 0.07
2458498.2453420 10.37 0.08
2458498.2458628 10.27 0.07
2458498.2460364 10.46 0.09
2458498.2462100 10.34 0.08
2458498.2463836 10.43 0.08
2458498.2465572 10.22 0.07
2458498.2470781 10.48 0.09
2458498.2474253 10.26 0.07
2458498.2475989 10.40 0.08
2458498.2477725 10.45 0.08
2458498.2479461 10.29 0.07
2458498.2481197 10.32 0.07
2458498.2484670 10.32 0.08
2458498.2486406 10.30 0.07
2458498.2488142 10.35 0.08
2458498.2489878 10.36 0.08
2458498.2491614 10.41 0.08
2458498.2493350 10.42 0.08
2458498.2495086 10.33 0.07
2458498.2496822 10.40 0.08
2458498.2498559 10.31 0.07
2458498.2500295 10.25 0.07
2458498.2503767 10.46 0.08
2458498.2505503 10.29 0.07
2458498.2507239 10.37 0.08
2458498.2508975 10.37 0.08
2458498.2510711 10.36 0.08
2458498.2512448 10.36 0.08
2458498.2514184 10.36 0.08
2458498.2515920 10.46 0.09
2458498.2517656 10.33 0.08
2458498.2519392 10.27 0.07
2458498.2521128 10.30 0.08
2458498.2522864 10.29 0.07
2458498.2524600 10.32 0.08
2458498.2526336 10.19 0.07
2458498.2528073 10.24 0.07
2458498.2547170 10.42 0.08
2458498.2548906 10.34 0.08
2458498.2552378 10.24 0.07
2458498.2554114 10.43 0.09
2458498.2559332 10.37 0.08
2458498.2561066 10.28 0.07
2458498.2564535 10.37 0.08
2458498.2568004 10.44 0.09
2458498.2569739 10.29 0.08
2458498.2574947 10.51 0.09
2458498.2576684 10.32 0.08
2458498.2578420 10.39 0.08
2458498.2580156 10.41 0.08
2458498.2581892 10.31 0.08
2458498.2583628 10.37 0.08
2458498.2587100 10.32 0.08
2458498.2590573 10.35 0.08
2458498.2592309 10.43 0.09
2458498.2594045 10.29 0.08
2458498.2595781 10.28 0.08
2458498.2600989 10.50 0.09
2458498.2602725 10.43 0.08
2458498.2606198 10.43 0.09
2458498.2611406 10.26 0.07
2458498.2614878 10.35 0.08
2458498.2616614 10.26 0.07
2458498.2618350 10.40 0.08
2458498.2620086 10.36 0.08
2458498.2621822 10.43 0.09
2458498.2623559 10.20 0.07
2458498.2625295 10.33 0.08
2458498.2630503 10.29 0.06
2458498.2632239 10.34 0.07
2458498.2635711 10.31 0.06
2458498.2639184 10.43 0.07
2458498.2640920 10.37 0.07
2458498.2646128 10.36 0.07
2458498.2649600 10.27 0.06
2458498.2651336 10.36 0.07
2458498.2654809 10.30 0.07
2458498.2658281 10.42 0.07
2458498.2660017 10.44 0.07
2458498.2661753 10.44 0.07
2458498.2666961 10.45 0.07
2458498.2670434 10.33 0.06
2458498.2672170 10.33 0.07
2458498.2675655 10.47 0.07
2458498.2679124 10.39 0.07
2458498.2680858 10.36 0.07
2458498.2682593 10.32 0.07
2458498.2684327 10.25 0.06
2458498.2686062 10.30 0.06
2458498.2689531 10.35 0.07
2458498.2693003 10.36 0.07
2458498.2694739 10.30 0.06
2458498.2696475 10.28 0.06
2458498.2698211 10.35 0.07
2458498.2701684 10.40 0.07
2458498.2706892 10.25 0.06
2458498.2708628 10.32 0.06
2458498.2713836 10.38 0.07
2458498.2715572 10.32 0.06
2458498.2719045 10.41 0.07
2458498.2725989 10.26 0.06
2458498.2729461 10.37 0.07
2458498.2736406 10.45 0.07
2458498.2738142 10.33 0.06
2458498.2739878 10.34 0.06
2458498.2741614 10.47 0.07
2458498.2743350 10.35 0.06
2458498.2745086 10.32 0.06
2458498.2746823 10.36 0.07
2458498.2748559 10.45 0.07
2458498.2750295 10.30 0.06
2458498.2752031 10.42 0.07
2458498.2753767 10.30 0.06
2458498.2757239 10.41 0.07
2458498.2760711 10.38 0.07
2458498.2762448 10.37 0.07
2458498.2767656 10.36 0.07
2458498.2769392 10.29 0.06
2458498.2774600 10.45 0.07
2458498.2776336 10.32 0.06
2458498.2778072 10.39 0.07
2458498.2783281 10.39 0.07
2458498.2785017 10.30 0.06
2458498.2793697 10.34 0.07
2458498.2795448 10.45 0.07
2458498.2797182 10.42 0.07
2458498.2800651 10.33 0.06
2458498.2812795 10.31 0.06
2458498.2814531 10.35 0.07
2458498.2819739 10.41 0.07
2458498.2823211 10.22 0.06
2458498.2826684 10.32 0.07
2458498.2830156 10.35 0.07
2458498.2835364 10.35 0.07
2458498.2837100 10.45 0.07
2458498.2838836 10.33 0.07
2458498.2840573 10.41 0.07
2458498.2842309 10.29 0.06
2458498.2845781 10.42 0.07
2458498.2849253 10.37 0.07
2458498.2852725 10.35 0.07
2458498.2856197 10.33 0.07
2458498.2857934 10.30 0.06
2458498.2861406 10.42 0.07
2458498.2863142 10.50 0.08
2458498.2864878 10.44 0.07
2458498.2866614 10.38 0.07
2458498.2871822 10.26 0.06
2458498.2873559 10.35 0.07
2458498.2877031 10.32 0.07
2458498.2880503 10.35 0.07
2458498.2883975 10.31 0.06
2458498.2885711 10.28 0.06
2458498.2889184 10.32 0.06
2458498.2892656 10.41 0.07
2458498.2896128 10.45 0.07
2458498.2897864 10.29 0.06
2458498.2901336 10.32 0.07
2458498.2903073 10.35 0.07
2458498.2904809 10.29 0.06
2458498.2906545 10.32 0.07
2458498.2911753 10.29 0.06
2458498.2913489 10.34 0.07
2458498.2915239 10.50 0.08
2458498.2918708 10.39 0.07
2458498.2920443 10.44 0.07
2458498.2922177 10.38 0.07
2458498.2927381 10.41 0.07
2458498.2930850 10.42 0.07
2458498.2932586 10.30 0.06
2458498.2934322 10.32 0.07
2458498.2936059 10.42 0.07
2458498.2937795 10.36 0.07
2458498.2939531 10.38 0.07
2458498.2941267 10.42 0.07
2458498.2943003 10.39 0.07
2458498.2944739 10.17 0.06
2458498.2949947 10.34 0.07
2458498.2951684 10.37 0.07
2458498.2953420 10.26 0.06
2458498.2955156 10.29 0.06
2458498.2956892 10.30 0.07
2458498.2958628 10.27 0.06
2458498.2962100 10.34 0.07
2458498.2965572 10.33 0.07
2458498.2967309 10.40 0.07
2458498.2969045 10.35 0.07
2458498.2970781 10.26 0.06
2458498.2972517 10.27 0.06
2458498.2975989 10.33 0.07
2458498.2977725 10.32 0.07
2458498.2979461 10.34 0.07
2458498.2981198 10.30 0.06
2458498.2982934 10.31 0.07
2458498.2984670 10.34 0.07
2458498.2988142 10.38 0.07
2458498.2993350 10.30 0.07
2458498.2995086 10.25 0.06
2458498.2996823 10.32 0.07
2458498.2998559 10.30 0.07
2458498.3000295 10.35 0.07
2458498.3002031 10.28 0.06
2458498.3005503 10.34 0.07
2458498.3007239 10.16 0.06
2458498.3008975 10.41 0.07
2458498.3012447 10.28 0.06
2458498.3014184 10.39 0.07
2458498.3017656 10.30 0.07
2458498.3019392 10.31 0.07
2458498.3021128 10.35 0.07
2458498.3026336 10.28 0.06
2458498.3028072 10.34 0.07
2458498.3029809 10.35 0.07
2458498.3031545 10.23 0.06
2458498.3033281 10.34 0.07
2458498.3035017 10.34 0.07
2458498.3038500 10.38 0.07
2458498.3041969 10.30 0.06
2458498.3043703 10.34 0.07
2458498.3047172 10.39 0.07
2458498.3052378 10.33 0.07
2458498.3054114 10.51 0.08
2458498.3055850 10.44 0.07
2458498.3059323 10.33 0.07
2458498.3061059 10.31 0.07
2458498.3064531 10.23 0.06
2458498.3066267 10.35 0.07
2458498.3068003 10.39 0.07
2458498.3073211 10.35 0.07
2458498.3074948 10.38 0.07
2458498.3076684 10.34 0.07
2458498.3078420 10.29 0.06
2458498.3080156 10.41 0.07
2458498.3081892 10.43 0.07
2458498.3085364 10.30 0.06
2458498.3087100 10.41 0.07
2458498.3092309 10.31 0.07
2458498.3094045 10.37 0.07
2458498.3095781 10.30 0.07
2458498.3099253 10.20 0.06
2458498.3100989 10.33 0.07
2458498.3104461 10.35 0.07
2458498.3106197 10.31 0.07
2458498.3107934 10.31 0.07
2458498.3109670 10.49 0.08
2458498.3111406 10.26 0.06
2458498.3113142 10.41 0.07
2458498.3114878 10.26 0.06
2458498.3118350 10.31 0.07
2458498.3120086 10.33 0.07
2458498.3121822 10.39 0.07
2458498.3123559 10.36 0.07
2458498.3125295 10.40 0.07
2458498.3127031 10.34 0.07
2458498.3128767 10.31 0.07
2458498.3132239 10.25 0.06
2458498.3133975 10.28 0.07
2458498.3135711 10.37 0.07
2458498.3137448 10.26 0.06
2458498.3139184 10.50 0.08
2458498.3140920 10.34 0.07
2458498.3142656 10.37 0.07
2458498.3146128 10.31 0.07
2458498.3147864 10.32 0.07
2458498.3149600 10.28 0.06
2458498.3151336 10.31 0.07
2458498.3153073 10.35 0.07
2458498.3156558 10.42 0.07
2458498.3158292 10.28 0.07
2458498.3160027 10.32 0.07
2458498.3161761 10.31 0.07
2458498.3163496 10.36 0.07
2458498.3165230 10.28 0.07
2458498.3166965 10.36 0.07
2458498.3172170 10.30 0.07
2458498.3173906 10.27 0.07
2458498.3179114 10.42 0.07
2458500.2340341 10.25 0.09
2458500.2343813 10.36 0.09
2458500.2345549 10.40 0.10
2458500.2354230 10.50 0.11
2458500.2355966 10.52 0.11
2458500.2736174 10.42 0.09