2458467.3668514 11.12 0.16
2458467.3680667 11.03 0.15
2458467.3684139 11.20 0.17
2458467.3696292 11.01 0.14
2458467.3699764 11.03 0.15
2458467.3701500 11.01 0.15
2458467.3717125 10.89 0.13
2458467.3724070 11.03 0.15
2458467.3727542 11.04 0.15
2458467.3737959 10.98 0.14
2458467.3739695 11.00 0.15
2458467.3743167 10.96 0.14
2458467.3744903 10.99 0.15
2458467.3746639 11.16 0.17
2458467.3750111 11.04 0.15
2458467.3769209 10.92 0.14
2458467.3777889 10.89 0.13
2458467.3783097 10.97 0.14
2458467.3796986 11.08 0.16
2458467.3800459 10.94 0.14
2458467.3812611 11.03 0.15
2458467.3814348 10.82 0.13
2458467.3816084 10.99 0.15
2458467.3823028 11.07 0.16
2458467.3824764 10.90 0.14
2458467.3828236 10.91 0.14
2458467.3829973 11.05 0.15
2458467.3831709 11.00 0.15
2458467.3843861 10.97 0.15
2458467.3868167 10.97 0.15
2458467.3878592 11.04 0.15
2458467.3883795 10.92 0.14
2458467.3887264 10.93 0.14
2458467.3895945 10.99 0.15
2458467.3899417 11.10 0.17
2458467.3902889 11.12 0.17
2458467.3906361 10.90 0.14
2458467.3909834 11.04 0.15
2458467.3915042 11.11 0.17
2458467.3920250 11.01 0.15
2458467.3928931 10.98 0.15
2458467.3930667 10.93 0.14
2458467.3937611 11.01 0.15
2458467.3944556 11.05 0.16
2458467.3954973 10.96 0.15
2458467.3987959 10.99 0.15
2458467.3989695 10.85 0.13
2458467.4000118 10.89 0.14
2458467.4001852 10.93 0.14
2458467.4008792 10.89 0.14
2458467.4022681 11.03 0.15
2458467.4024417 11.05 0.16
2458467.4027889 10.88 0.13
2458467.4040042 11.11 0.17
2458467.4045250 11.05 0.16
2458467.4050459 10.94 0.15
2458467.4053931 10.76 0.12
2458467.4055667 10.98 0.15
2458467.4057403 10.97 0.15
2458467.4060875 10.93 0.14
2458467.4066084 10.96 0.15
2458467.4067820 10.96 0.15
2458467.4090389 11.06 0.16
2458467.4093861 11.02 0.16
2458467.4099070 10.89 0.14
2458467.4106014 10.97 0.15
2458467.4112971 10.99 0.15
2458467.4116440 10.95 0.15
2458467.4123377 10.86 0.14
2458467.4133792 10.95 0.15
2458467.4145945 11.05 0.16
2458467.4151153 10.75 0.12
2458467.4158097 10.97 0.15
2458467.4175459 10.85 0.14
2458467.4191084 10.91 0.15
2458469.3671871 11.24 0.13
2458469.3673607 11.24 0.13
2458469.3677079 11.18 0.13
2458469.3678815 11.24 0.13
2458469.3680551 11.34 0.15
2458469.3684023 11.20 0.13
2458469.3685760 11.08 0.12
2458469.3689232 11.18 0.13
2458469.3690968 11.00 0.11
2458469.3692704 11.17 0.13
2458469.3694440 11.30 0.14
2458469.3696176 11.12 0.12
2458469.3699648 11.25 0.14
2458469.3701384 10.90 0.10
2458469.3706593 11.22 0.13
2458469.3708329 11.09 0.12
2458469.3710065 11.19 0.13
2458469.3711801 11.07 0.11
2458469.3713537 10.96 0.10
2458469.3717009 10.98 0.11
2458469.3720482 11.16 0.12
2458469.3722218 11.22 0.13
2458469.3723954 11.20 0.13
2458469.3725690 11.13 0.12
2458469.3727426 11.18 0.13
2458469.3729162 11.12 0.12
2458469.3732635 11.19 0.13
2458469.3734371 11.09 0.12
2458469.3736107 11.10 0.12
2458469.3739579 11.25 0.14
2458469.3741315 11.24 0.13
2458469.3743051 11.15 0.12
2458469.3744787 11.27 0.14
2458469.3746524 10.98 0.11
2458469.3748260 11.15 0.12
2458469.3749996 11.02 0.11
2458469.3751732 11.09 0.12
2458469.3753468 11.20 0.13
2458469.3755204 11.28 0.14
2458469.3758676 11.22 0.13
2458469.3760425 11.05 0.11
2458469.3762159 11.15 0.12
2458469.3763894 11.35 0.15
2458469.3765628 11.13 0.12
2458469.3769097 11.21 0.13
2458469.3770832 11.04 0.11
2458469.3772566 11.34 0.15
2458469.3774301 11.18 0.13
2458469.3779510 11.22 0.13
2458469.3781246 11.15 0.12
2458469.3782982 11.21 0.13
2458469.3784718 11.19 0.13
2458469.3786454 11.06 0.11
2458488.3049371 10.91 0.13
2458488.3058052 10.93 0.13
2458488.3059788 11.07 0.14
2458488.3064996 11.10 0.15
2458488.3070205 11.09 0.15
2458488.3071941 11.00 0.14
2458488.3089302 11.18 0.16
2458488.3092788 11.10 0.15
2458488.3113607 11.06 0.15
2458488.3117080 10.99 0.14
2458488.3118816 11.02 0.14
2458488.3120552 11.07 0.15
2458488.3122288 11.04 0.14
2458488.3124024 11.03 0.14
2458488.3125760 11.18 0.16
2458488.3136177 11.09 0.15
2458488.3144857 11.10 0.15
2458488.3153538 11.10 0.15
2458488.3157010 10.90 0.13
2458488.3160482 10.76 0.11
2458488.3163955 11.04 0.14
2458488.3170899 11.10 0.15
2458488.3176107 11.02 0.14
2458488.3183052 11.01 0.14
2458488.3188260 11.13 0.16
2458488.3193469 11.12 0.16
2458488.3200413 11.17 0.16
2458488.3202149 11.10 0.15
2458488.3203885 11.13 0.16
2458488.3205621 11.18 0.17
2458488.3209094 10.94 0.13
2458488.3210830 11.04 0.14
2458488.3217783 10.93 0.13
2458488.3226455 10.93 0.13
2458488.3236871 11.04 0.15
2458488.3245552 11.06 0.15
2458488.3247288 11.00 0.14
2458488.3252496 10.98 0.14
2458488.3255969 11.05 0.15
2458488.3269857 10.93 0.14
2458488.3273330 10.87 0.13
2458488.3275066 11.10 0.16
2458488.3276802 11.11 0.16
2458488.3287218 10.94 0.14
2458488.3294163 11.14 0.16
2458488.3299371 11.07 0.15
2458488.3314996 11.02 0.15
2458488.3316732 10.97 0.14
2458488.3320205 10.96 0.14
2458488.3321941 10.84 0.12
2458488.3325413 10.96 0.14
2458488.3332370 10.97 0.14
2458488.3335839 11.10 0.16
2458488.3339308 10.88 0.13
2458488.3344511 11.02 0.15
2458488.3347982 10.80 0.12
2458488.3349719 11.00 0.15
2458488.3358399 10.99 0.14
2458488.3361871 10.97 0.14
2458488.3365344 11.21 0.18
2458488.3368816 10.97 0.14
2458488.3372288 10.99 0.14
2458488.3375760 10.98 0.14
2458488.3379232 11.07 0.15
2458488.3382705 10.98 0.14
2458488.3386177 10.94 0.14
2458488.3387913 11.01 0.15
2458488.3389649 11.21 0.18
2458488.3391385 10.92 0.14
2458488.3398330 11.15 0.17
2458488.3405274 10.98 0.14
2458488.3408746 11.04 0.15
2458488.3410482 11.01 0.15
2458488.3412219 11.08 0.16
2458488.3429580 11.05 0.15
2458488.3431316 10.93 0.14
2458488.3436524 10.89 0.13
2458488.3443469 11.00 0.15
2458488.3452162 10.96 0.14
2458488.3464303 10.85 0.13
2458488.3467774 11.04 0.15
2458488.3474718 11.10 0.16
2458488.3478191 11.02 0.15
2458488.3481663 11.03 0.15
2458488.3488607 10.85 0.13
2458488.3490344 11.10 0.16
2458488.3495552 10.95 0.14
2458488.3497288 10.96 0.14
2458488.3502496 11.02 0.15
2458488.3504232 11.04 0.15
2458488.3512913 11.04 0.15
2458488.3514649 10.98 0.14
2458488.3516385 11.18 0.17
2458488.3518121 11.13 0.16
2458488.3519857 10.93 0.14
2458488.3528538 11.09 0.16
2458488.3538955 11.02 0.15
2458488.3540691 10.87 0.13
2458488.3552843 10.94 0.14
2458488.3554580 11.04 0.15
2458488.3556316 10.90 0.13
2458488.3559788 11.05 0.15
2458488.3561524 10.95 0.14
2458488.3563260 10.98 0.14
2458488.3564996 10.89 0.13
2458488.3568469 10.84 0.13
2458488.3573687 11.03 0.15
2458488.3578891 10.95 0.14
2458488.3582360 11.04 0.15
2458488.3584094 11.00 0.15
2458488.3585830 10.94 0.14
2458488.3592774 11.03 0.15
2458488.3601455 11.03 0.15
2458488.3618816 11.15 0.17
2458488.3624024 10.92 0.14
2458488.3625760 11.02 0.15
2458488.3630968 11.03 0.15
2458488.3632705 11.00 0.15
2458488.3634441 10.92 0.14
2458488.3637913 11.12 0.17
2458488.3644857 10.89 0.13
2458488.3646594 11.01 0.15
2458488.3648330 10.94 0.14
2458488.3651802 11.04 0.15
2458488.3663955 10.99 0.15
2458488.3665691 11.02 0.15
2458488.3667427 10.96 0.14
2458488.3670899 11.01 0.15
2458488.3679580 10.89 0.14
2458488.3686524 11.00 0.15
2458488.3688260 10.91 0.14
2458488.3696948 11.10 0.16
2458488.3705621 10.95 0.14
2458488.3731663 10.87 0.13
2458488.3735135 10.84 0.13
2458488.3740343 10.84 0.13
2458493.2521475 10.95 0.13
2458493.2523211 11.00 0.13
2458493.2528420 11.14 0.15
2458493.2531892 11.21 0.16
2458493.2537100 11.02 0.14
2458493.2542320 11.11 0.14
2458493.2544055 11.06 0.14
2458493.2547524 11.04 0.14
2458493.2554461 10.95 0.12
2458493.2556198 11.12 0.15
2458493.2557934 10.97 0.13
2458493.2563142 11.02 0.13
2458493.2566614 11.24 0.16
2458493.2570086 10.99 0.13
2458493.2571823 10.97 0.13
2458493.2573559 11.00 0.13
2458493.2575295 10.90 0.12
2458493.2577031 11.01 0.13
2458493.2578767 11.09 0.14
2458493.2582239 11.12 0.15
2458493.2583975 11.29 0.17
2458493.2585711 11.08 0.14
2458493.2589184 11.11 0.14
2458493.2594392 11.03 0.13
2458493.2596128 10.93 0.12
2458493.2597864 11.18 0.15
2458493.2599600 10.98 0.13
2458493.2601336 11.12 0.15
2458493.2604809 11.05 0.14
2458493.2606545 11.02 0.13
2458493.2610017 11.14 0.15
2458493.2611753 11.21 0.16
2458493.2615225 11.16 0.15
2458493.2616961 11.05 0.14
2458493.2620434 11.04 0.13
2458493.2622170 11.15 0.15
2458493.2629114 11.02 0.13
2458493.2630850 11.07 0.14
2458493.2632586 11.04 0.13
2458493.2636059 11.02 0.13
2458493.2639531 11.10 0.14
2458493.2643003 11.08 0.14
2458493.2646475 11.10 0.14
2458493.2648211 11.07 0.14
2458493.2649948 10.93 0.12
2458493.2651684 10.87 0.11
2458493.2655156 11.16 0.15
2458493.2656892 10.96 0.12
2458493.2658628 11.02 0.13
2458493.2660378 11.11 0.14
2458493.2662112 11.07 0.14
2458493.2663847 11.03 0.13
2458493.2669050 11.13 0.15
2458493.2670784 11.02 0.13
2458493.2672519 11.07 0.14
2458493.2674253 11.21 0.16
2458493.2679461 11.20 0.16
2458493.2681197 11.10 0.14
2458493.2682934 11.07 0.14
2458493.2689878 11.05 0.13
2458493.2691614 11.01 0.13
2458493.2696822 11.14 0.15
2458493.2702031 11.11 0.14
2458493.2703767 11.05 0.13
2458493.2707239 11.17 0.15
2458493.2712448 11.04 0.13
2458493.2714184 10.93 0.12
2458493.2715920 11.09 0.14
2458493.2719392 10.93 0.12
2458493.2721128 10.96 0.13
2458493.2724600 11.01 0.13
2458493.2726336 11.15 0.15
2458493.2728073 10.96 0.12
2458493.2729809 11.20 0.15
2458493.2733281 11.15 0.15
2458493.2735017 10.72 0.10
2458493.2736753 11.01 0.13
2458493.2738489 10.89 0.12
2458493.2740225 10.81 0.11
2458493.2741961 10.99 0.13
2458493.2743697 11.17 0.15
2458493.2745434 11.07 0.14
2458493.2752378 11.01 0.13
2458493.2754114 11.11 0.14
2458493.2755850 11.13 0.15
2458493.2761059 11.03 0.13
2458493.2762795 11.04 0.13
2458493.2764531 11.10 0.14
2458493.2766267 11.08 0.14
2458493.2768003 11.00 0.13
2458493.2769739 11.01 0.13
2458493.2771475 11.12 0.14
2458493.2773211 11.13 0.15
2458493.2774947 10.93 0.12
2458493.2776684 10.95 0.12
2458493.2778420 11.11 0.14
2458493.2790576 11.07 0.14
2458493.2792310 10.87 0.12
2458493.2794045 10.90 0.12
2458493.2795781 10.81 0.11
2458493.2802725 11.01 0.13
2458493.2807934 11.20 0.15
2458493.2811406 11.14 0.15
2458493.2813142 11.00 0.13
2458493.2814878 11.20 0.16
2458493.2816614 11.16 0.15
2458493.2820086 10.92 0.12
2458493.2821822 10.96 0.13
2458493.2825295 11.15 0.15
2458493.2827031 11.19 0.15
2458493.2828767 11.27 0.17
2458493.2832239 11.06 0.14
2458493.2833975 11.05 0.14
2458493.2835711 11.10 0.14
2458493.2837447 11.05 0.14
2458493.2839184 11.13 0.15
2458493.2840920 11.04 0.13
2458493.2842656 11.08 0.14
2458493.2844392 11.17 0.15
2458493.2846128 11.15 0.15
2458493.2851336 11.16 0.15
2458493.2853072 10.92 0.12
2458493.2856545 10.94 0.12
2458493.2858281 10.96 0.13
2458493.2860017 11.12 0.14
2458493.2861753 11.08 0.14
2458493.2863489 10.98 0.13
2458493.2866961 11.10 0.14
2458493.2868698 11.11 0.14
2458493.2870434 10.99 0.13
2458493.2872170 11.23 0.16
2458493.2873906 11.04 0.14
2458493.2877378 11.03 0.13
2458493.2880850 11.16 0.15
2458493.2886059 11.13 0.15
2458493.2887795 10.95 0.12
2458493.2889531 11.04 0.14
2458493.2894739 11.15 0.15
2458493.2896475 11.02 0.13
2458493.2899961 11.08 0.14
2458493.2905164 11.07 0.14
2458493.2906898 11.10 0.14
2458493.2908633 11.01 0.13
2458493.2917309 11.02 0.13
2458493.2920781 11.02 0.13
2458493.2924253 11.04 0.13
2458493.2925989 11.06 0.14
2458493.2929461 11.00 0.13
2458493.2931197 11.05 0.14
2458493.2932934 11.13 0.15
2458493.2934670 11.18 0.15
2458493.2936406 11.05 0.13
2458493.2938142 11.14 0.15
2458493.2939878 11.05 0.14
2458493.2943350 11.14 0.15
2458493.2945086 11.17 0.15
2458493.2950295 11.10 0.14
2458493.2955503 10.85 0.11
2458493.2957239 10.99 0.13
2458493.2971128 11.19 0.16
2458493.2974600 11.13 0.15
2458493.2986753 10.85 0.11
2458493.2988489 11.10 0.14
2458493.2990225 10.99 0.13
2458493.2993697 11.12 0.15
2458493.2995434 11.14 0.15
2458493.2998906 11.17 0.16
2458493.3000642 10.90 0.12
2458493.3002378 10.98 0.13
2458493.3004114 11.00 0.13
2458493.3005850 11.10 0.14
2458493.3023327 11.21 0.16
2458493.3033744 11.08 0.14
2458493.3035480 11.07 0.14
2458493.3042424 10.94 0.12
2458493.3044161 10.94 0.12
2458493.3049369 11.02 0.13
2458493.3052841 10.94 0.12
2458493.3054577 11.25 0.16
2458493.3058049 11.13 0.15
2458493.3059785 11.19 0.15
2458493.3064994 11.31 0.17
2458493.3073674 11.08 0.14
2458493.3080619 11.14 0.15
2458493.3084091 11.15 0.15
2458493.3087563 10.95 0.12
2458493.3089299 11.05 0.14
2458493.3091036 11.13 0.14
2458493.3097980 10.91 0.12
2458493.3099716 10.93 0.12
2458493.3101452 11.16 0.15
2458493.3106661 11.06 0.14
2458493.3108397 11.07 0.14
2458493.3113605 11.10 0.14
2458493.3115341 11.12 0.14
2458493.3120549 11.17 0.15
2458493.3125767 10.97 0.12
2458493.3127502 11.23 0.16
2458493.3129236 11.12 0.14
2458493.3130971 11.01 0.13
2458493.3136174 10.96 0.12
2458493.3139647 11.25 0.16
2458493.3143119 11.02 0.13
2458493.3144855 10.91 0.12
2458493.3146591 11.10 0.14
2458493.3148327 11.10 0.14
2458493.3151799 11.29 0.17
2458493.3153535 11.07 0.14
2458493.3155272 11.05 0.13
2458493.3158744 10.98 0.13
2458493.3160480 11.08 0.14
2458493.3162216 11.19 0.15
2458493.3163952 11.07 0.14
2458493.3165688 10.92 0.12
2458493.3167424 11.04 0.13
2458493.3177841 11.21 0.15
2458493.3181313 11.23 0.16
2458493.3184786 11.09 0.14
2458493.3193466 11.02 0.13
2458493.3195202 11.27 0.16
2458493.3198674 11.16 0.15
2458493.3200411 11.22 0.15
2458493.3207355 11.14 0.14
2458493.3214299 10.97 0.12
2458493.3216035 11.18 0.15
2458493.3217772 11.14 0.14
2458493.3219508 11.07 0.14
2458493.3221244 11.12 0.14
2458493.3222980 11.10 0.14
2458493.3228188 11.08 0.14
2458493.3231662 11.12 0.14
2458493.3236869 11.21 0.15
2458493.3243824 11.26 0.16
2458493.3247293 11.11 0.14
2458493.3249028 11.13 0.15
2458493.3250762 11.07 0.14
2458493.3252497 11.28 0.16
2458493.3254231 11.13 0.14
2458493.3255966 11.11 0.14
2458493.3257702 11.00 0.13
2458493.3259438 11.16 0.15
2458493.3266383 11.23 0.16
2458493.3269855 11.25 0.16
2458493.3271591 10.98 0.12
2458493.3273327 11.22 0.16
2458493.3276799 11.29 0.16
2458493.3278536 11.29 0.16
2458493.3285480 11.04 0.13
2458493.3290688 11.10 0.14
2458493.3295897 11.26 0.16
2458493.3299369 11.17 0.15
2458493.3301105 11.07 0.13
2458493.3304577 10.97 0.12
2458493.3306313 11.20 0.15
2458493.3308049 11.10 0.14
2458493.3309785 11.32 0.17
2458493.3311522 11.11 0.14
2458493.3313258 11.27 0.16
2458493.3314994 11.04 0.13
2458493.3316730 11.20 0.15
2458493.3320202 11.09 0.14
2458493.3325411 11.18 0.15
2458493.3330619 11.17 0.15
2458493.3334091 11.00 0.13
2458493.3337563 10.97 0.12
2458493.3339299 11.09 0.14
2458493.3341036 11.15 0.14
2458493.3346244 11.23 0.16
2458493.3347980 11.10 0.14
2458493.3349716 10.99 0.13
2458493.3353188 11.07 0.14
2458493.3356661 11.20 0.15
2458493.3363616 11.27 0.16
2458493.3367085 11.12 0.14
2458493.3368820 11.10 0.14
2458493.3379230 11.18 0.15
2458493.3382702 11.07 0.14
2458493.3386174 10.92 0.12
2458493.3391383 11.09 0.14
2458493.3393119 11.19 0.15
2458493.3401799 10.99 0.13
2458493.3405272 11.11 0.14
2458493.3413952 11.00 0.13
2458493.3417424 11.02 0.13
2458493.3424369 11.17 0.15
2458493.3426105 11.05 0.13
2458493.3441730 11.14 0.15
2458493.3443466 11.30 0.17
2458493.3455619 11.13 0.15
2458493.3460827 11.14 0.15
2458493.3464299 11.01 0.13
2458493.3466035 11.19 0.15
2458493.3476452 11.10 0.14
2458493.3479924 11.07 0.14
2458493.3481673 11.18 0.15
2458493.3488611 11.28 0.17
2458493.3495549 10.90 0.12
2458493.3497286 11.19 0.15
2458493.3500758 11.09 0.14
2458493.3507702 10.90 0.12
2458493.3512911 11.13 0.14
2458493.3514647 11.16 0.15
2458493.3518119 11.17 0.15
2458493.3521591 11.07 0.14
2458493.3525063 11.13 0.14
2458493.3528535 11.09 0.14
2458493.3530272 11.13 0.14
2458493.3533744 11.10 0.14
2458493.3551105 11.26 0.16
2458493.3552841 11.02 0.13
2458493.3564994 11.02 0.13
2458493.3568466 11.19 0.15
2458493.3575411 11.15 0.15
2458493.3580619 11.10 0.14
2458493.3584091 11.13 0.15
2458493.3591036 11.12 0.14
2458493.3592772 11.16 0.15
2458493.3604934 11.12 0.14
2458493.3610137 11.01 0.13
2458493.3615341 11.07 0.14
2458493.3622285 11.08 0.14
2458493.3627494 11.14 0.14
2458493.3644855 11.08 0.14
2458493.3660480 11.01 0.13
2458493.3667424 11.09 0.14
2458493.3670897 11.16 0.15
2458493.3672633 11.11 0.14
2458493.3683049 11.10 0.14
2458493.3688258 11.06 0.14
2458493.3696938 11.22 0.16
2458493.3698674 10.96 0.13
2458493.3702147 11.10 0.14
2458493.3709091 10.92 0.12
2458493.3714299 11.18 0.15
2458493.3719508 11.02 0.13
2458493.3721257 11.16 0.15
2458493.3722991 11.16 0.15
2458493.3731663 11.00 0.13
2458493.3733397 11.18 0.15
2458493.3735133 10.99 0.13
2458493.3736869 11.20 0.16
2458493.3738605 11.09 0.14
2458493.3747286 11.21 0.16
2458493.3752494 11.15 0.15
2458493.3754230 11.03 0.13
2458493.3755966 11.01 0.13
2458493.3762910 11.08 0.14
2458493.3768119 11.10 0.14
2458493.3769855 11.04 0.14
2458493.3775063 11.10 0.14
2458493.3778535 11.22 0.16
2458493.3780272 11.17 0.15
2458493.3787216 11.10 0.14
2458493.3788952 11.11 0.15
2458493.3792424 11.22 0.16
2458493.3795897 11.12 0.15
2458493.3797633 11.01 0.13
2458493.3808049 11.25 0.17
2458493.3811522 11.08 0.14
2458493.3813258 11.05 0.14
2458493.3827147 11.06 0.14
2458493.3828883 10.84 0.12
2458493.3835827 11.10 0.15
2458493.3837563 11.01 0.14
2458493.3841048 10.97 0.13
2458493.3846251 11.03 0.14
2458493.3847985 10.96 0.13
2458493.3849720 11.12 0.15
2458493.3854924 11.19 0.16
2458493.3856660 11.15 0.15
2458493.3861869 11.05 0.14
2458493.3863605 11.14 0.15
2458493.3865341 11.13 0.15
2458493.3870549 11.14 0.15
2458493.3872286 11.02 0.14
2458493.3875758 11.10 0.15
2458493.3877494 10.97 0.13
2458493.3879230 11.00 0.13
2458493.3891383 11.12 0.15
2458493.3893119 11.10 0.15
2458493.3896591 11.22 0.16
2458493.3900063 10.99 0.13
2458493.3901799 11.16 0.16
2458493.3908744 11.12 0.15
2458493.3910480 11.05 0.14
2458493.3912216 11.02 0.14
2458493.3913952 11.03 0.14
2458493.3919160 11.14 0.15
2458493.3920897 11.05 0.14
2458493.3922633 11.08 0.15
2458493.3924369 10.98 0.13
2458493.3927841 10.85 0.12
2458493.3929577 10.97 0.13
2458493.3931313 11.01 0.14
2458493.3934785 11.07 0.14
2458493.3936522 11.20 0.16
2458493.3938258 11.11 0.15
2458493.3939994 11.02 0.14
2458493.3941730 11.03 0.14
2458493.3943466 11.02 0.14
2458493.3948674 10.94 0.13
2458493.3960839 11.01 0.14
2458493.3969511 10.98 0.14
2458493.3972980 10.97 0.13
2458493.3981661 11.11 0.15
2458493.3985133 11.03 0.14
2458493.3992077 10.92 0.13
2458493.3995549 11.14 0.16
2458493.3997285 11.05 0.14
2458493.3999022 11.01 0.14
2458493.4002494 10.89 0.13
2458493.4007702 10.91 0.13
2458493.4011174 10.93 0.13
2458493.4021591 11.10 0.15
2458493.4025063 10.99 0.14
2458493.4032008 10.97 0.13
2458493.4038952 11.10 0.15
2458493.4040688 11.19 0.16
2458493.4044161 11.13 0.16
2458493.4052841 11.01 0.14
2458493.4054577 10.94 0.13
2458493.4056313 10.98 0.14
2458493.4058049 11.10 0.15
2458493.4061522 11.05 0.15
2458493.4066730 11.11 0.15
2458493.4078896 11.04 0.15
2458493.4080630 10.99 0.14
2458493.4087568 10.85 0.12
2458493.4094508 11.04 0.15
2458493.4099716 11.03 0.14
2458493.4103188 10.98 0.14
2458493.4106661 10.89 0.13
2458493.4108397 11.07 0.15
2458493.4110133 11.09 0.15
2458493.4111869 10.94 0.13
2458493.4113605 11.05 0.15
2458493.4117077 10.99 0.14
2458493.4127494 10.94 0.14
2458493.4134438 11.02 0.15
2458493.4141383 11.10 0.16
2458493.4148327 10.90 0.13
2458493.4150063 11.12 0.16
2458494.3486406 10.98 0.18
2458494.3524600 10.82 0.16
2458494.3547172 10.70 0.16
2458495.1364994 10.69 0.16
2458495.1434438 10.59 0.14
2458495.1457008 10.59 0.14
2458495.1578536 10.75 0.16
2458495.1628883 10.78 0.17
2458495.1634091 10.64 0.14
2458495.1656660 10.65 0.14
2458495.1694855 10.66 0.15
2458495.1696591 10.71 0.15
2458495.1712225 10.62 0.14
2458495.1724369 10.77 0.16
2458495.1764299 10.74 0.15
2458495.1769508 10.73 0.15
2458495.1772980 10.75 0.15
2458495.1823327 10.81 0.16
2458495.1868466 10.65 0.14
2458495.1884091 10.74 0.15
2458495.1906661 10.87 0.16
2458495.1911869 10.77 0.15
2458495.1915341 10.82 0.16
2458495.1963952 10.84 0.16
2458495.1981313 10.62 0.13
2458495.1988258 10.82 0.16
2458495.2029924 10.88 0.16
2458495.2059438 10.78 0.15
2458495.2073336 10.68 0.14
2458495.2123674 10.71 0.14
2458495.2167077 10.91 0.16
2458495.2177494 10.77 0.15
2458495.2186174 10.68 0.13
2458495.2200065 10.73 0.14
2458495.2203536 10.65 0.13
2458495.2207008 10.90 0.17
2458495.2215688 10.82 0.15
2458495.2219161 10.86 0.16
2458495.2272980 10.90 0.16
2458495.2274716 10.80 0.15
2458495.2276452 10.90 0.16
2458495.2281661 10.75 0.14
2458495.2288605 10.91 0.17
2458495.2293813 10.62 0.13
2458495.2297286 10.72 0.14
2458495.2312919 10.81 0.15
2458495.2314654 10.88 0.16
2458495.2344161 10.87 0.15
2458495.2375411 10.71 0.13
2458495.2377147 10.74 0.14
2458495.2394508 10.79 0.14
2458495.2404924 10.92 0.16
2458495.2406660 10.81 0.15
2458495.2413605 10.95 0.17
2458495.2417077 10.85 0.15
2458495.2430977 10.81 0.15
2458495.2458744 10.78 0.14
2458495.2483049 10.95 0.16
2458495.2488258 10.86 0.15
2458495.2493466 10.90 0.16
2458495.2507355 10.87 0.15
2458495.2514299 10.87 0.15
2458495.2529924 10.89 0.15
2458495.2542077 10.81 0.15
2458495.2545549 10.66 0.13
2458495.2552503 10.81 0.14
2458495.2559441 10.70 0.13
2458495.2566383 10.95 0.16
2458495.2580272 10.83 0.14
2458495.2594161 10.88 0.15
2458495.2602841 11.02 0.17
2458495.2625410 10.98 0.17
2458495.2630619 11.00 0.17
2458495.2635827 10.89 0.15
2458495.2637563 10.94 0.16
2458495.2644508 10.98 0.17
2458495.2646244 10.78 0.14
2458495.2707008 10.80 0.14
2458495.2708744 10.79 0.14
2458495.2720897 10.81 0.14
2458495.2726105 10.97 0.16
2458495.2727841 10.87 0.15
2458495.2745202 10.95 0.16
2458495.2769508 10.97 0.16
2458495.2786869 10.95 0.16
2458495.2889299 10.98 0.17
2458495.2910145 10.67 0.12
2458495.2920551 10.75 0.13
2458495.2937910 10.98 0.16
2458495.2943119 10.93 0.16
2458495.2953535 11.00 0.16
2458495.2962216 10.93 0.15
2458495.2963952 10.94 0.16
2458495.2965688 10.88 0.15
2458495.2981313 10.92 0.15
2458495.3009091 10.86 0.14
2458495.3036875 10.88 0.15
2458495.3062911 10.81 0.14
2458495.3064647 10.94 0.16
2458495.3080272 10.90 0.15
2458495.3087216 10.94 0.16
2458495.3090688 10.77 0.14
2458495.3094160 10.85 0.15
2458495.3147980 10.88 0.15
2458498.1672176 10.85 0.14
2458498.1673910 10.98 0.16
2458498.1677379 10.97 0.16
2458498.1691267 10.86 0.14
2458498.1698211 10.84 0.14
2458498.1715572 10.94 0.15
2458498.1722517 11.05 0.17
2458498.1724253 10.99 0.16
2458498.1725989 11.03 0.16
2458498.1731198 11.05 0.17
2458498.1738142 11.03 0.16
2458498.1755503 11.00 0.16
2458498.1781545 11.09 0.17
2458498.1797170 11.16 0.17
2458498.1798906 11.04 0.16
2458498.1807586 10.96 0.14
2458498.1814531 10.98 0.15
2458498.1819739 10.94 0.14
2458498.1830156 11.13 0.17
2458498.1833628 11.04 0.16
2458498.1845781 11.03 0.16
2458498.1849253 11.00 0.15
2458498.1854461 11.01 0.15
2458498.1885711 10.98 0.15
2458498.1887448 11.01 0.15
2458498.1899600 11.01 0.15
2458498.1901336 10.98 0.15
2458498.1903073 10.98 0.14
2458498.1904809 11.04 0.15
2458498.1906545 11.21 0.18
2458498.1910017 11.14 0.17
2458498.1920434 10.97 0.14
2458498.1922170 11.04 0.15
2458498.1936059 10.97 0.14
2458498.1941267 10.93 0.14
2458498.1944739 10.88 0.13
2458498.1946475 10.95 0.14
2458498.1951684 11.02 0.15
2458498.1958628 11.11 0.16
2458498.1960378 10.97 0.14
2458498.1972519 11.07 0.15
2458498.1974253 11.04 0.15
2458498.1984670 10.93 0.13
2458498.1986406 11.12 0.16
2458498.1991614 10.95 0.13
2458498.1993350 11.07 0.15
2458498.1995086 11.01 0.14
2458498.1998559 11.08 0.15
2458498.2002031 11.12 0.16
2458498.2003767 10.85 0.12
2458498.2007239 11.15 0.16
2458498.2012447 11.07 0.15
2458498.2015920 11.07 0.15
2458498.2017656 11.02 0.14
2458498.2019392 11.03 0.14
2458498.2021128 11.08 0.15
2458498.2022864 11.02 0.14
2458498.2026336 11.15 0.16
2458498.2031545 11.05 0.14
2458498.2033281 11.12 0.15
2458498.2035017 11.08 0.15
2458498.2036753 11.19 0.16
2458498.2038489 11.10 0.15
2458498.2045434 10.96 0.13
2458498.2047170 10.97 0.13
2458498.2048906 11.13 0.15
2458498.2050642 11.00 0.14
2458498.2055850 11.12 0.15
2458498.2061059 11.14 0.15
2458498.2066267 11.01 0.14
2458498.2068003 11.03 0.14
2458498.2069739 11.10 0.15
2458498.2071475 11.19 0.16
2458498.2073211 10.97 0.13
2458498.2074947 11.15 0.16
2458498.2080169 11.11 0.15
2458498.2083638 11.14 0.15
2458498.2085373 10.97 0.13
2458498.2088841 11.08 0.15
2458498.2090576 10.97 0.13
2458498.2094045 11.15 0.16
2458498.2099253 11.10 0.15
2458498.2100989 10.84 0.12
2458498.2106197 11.01 0.14
2458498.2111406 11.05 0.14
2458498.2113142 10.91 0.13
2458498.2114878 10.94 0.13
2458498.2116614 11.08 0.15
2458498.2123559 11.06 0.15
2458498.2127031 10.99 0.13
2458498.2130503 11.07 0.14
2458498.2132239 11.07 0.15
2458498.2133975 11.04 0.14
2458498.2140920 11.08 0.15
2458498.2147864 11.02 0.14
2458498.2149600 11.03 0.14
2458498.2151336 10.94 0.13
2458498.2153072 11.10 0.15
2458498.2158281 11.02 0.14
2458498.2160017 11.05 0.14
2458498.2166961 11.06 0.14
2458498.2168697 11.03 0.14
2458498.2172170 11.10 0.15
2458498.2177378 11.10 0.15
2458498.2180850 11.05 0.14
2458498.2182586 10.87 0.12
2458498.2187795 11.13 0.15
2458498.2189531 11.05 0.14
2458498.2191267 11.11 0.15
2458498.2194739 11.04 0.14
2458498.2196475 11.03 0.14
2458498.2198225 11.02 0.14
2458498.2201694 11.00 0.13
2458498.2203429 11.15 0.15
2458498.2205163 11.03 0.14
2458498.2210366 11.00 0.13
2458498.2213836 11.09 0.15
2458498.2217309 10.98 0.13
2458498.2219045 11.13 0.15
2458498.2220781 11.06 0.14
2458498.2222517 11.13 0.15
2458498.2231197 11.04 0.14
2458498.2232934 10.97 0.13
2458498.2236406 10.94 0.13
2458498.2238142 11.07 0.14
2458498.2243350 10.96 0.13
2458498.2246822 11.08 0.14
2458498.2248559 11.17 0.15
2458498.2257239 11.00 0.13
2458498.2262447 11.06 0.14
2458498.2264184 11.01 0.13
2458498.2272864 11.05 0.14
2458498.2274600 10.92 0.12
2458498.2276336 11.06 0.14
2458498.2281545 11.06 0.14
2458498.2285017 10.92 0.13
2458498.2286753 10.99 0.13
2458498.2290225 11.09 0.14
2458498.2298906 11.10 0.15
2458498.2300642 10.99 0.13
2458498.2302378 11.02 0.14
2458498.2304114 10.99 0.13
2458498.2305850 10.93 0.13
2458498.2311059 10.98 0.13
2458498.2312795 11.08 0.14
2458498.2316267 11.07 0.14
2458498.2318016 11.14 0.15
2458498.2319750 11.08 0.14
2458498.2321485 11.14 0.15
2458498.2324954 10.98 0.13
2458498.2328422 11.08 0.15
2458498.2330157 10.98 0.13
2458498.2331892 11.05 0.14
2458498.2337100 11.10 0.15
2458498.2352725 11.05 0.14
2458498.2356198 11.04 0.14
2458498.2359670 11.04 0.14
2458498.2361406 11.03 0.14
2458498.2363142 10.96 0.13
2458498.2364878 11.17 0.16
2458498.2370086 11.06 0.14
2458498.2373559 11.04 0.14
2458498.2375295 11.06 0.15
2458498.2378767 11.02 0.14
2458498.2380503 10.92 0.13
2458498.2382239 10.90 0.13
2458498.2383975 10.89 0.13
2458498.2390920 10.97 0.14
2458498.2394392 10.96 0.13
2458498.2397864 11.10 0.15
2458498.2399600 11.04 0.15
2458498.2408281 10.78 0.12
2458498.2410017 10.81 0.12
2458498.2411753 11.02 0.14
2458498.2415225 11.14 0.16
2458498.2420434 11.05 0.15
2458498.2422170 10.81 0.12
2458498.2423906 11.05 0.15
2458498.2427378 10.98 0.14
2458498.2429114 10.99 0.14
2458498.2430850 11.05 0.14
2458498.2436073 11.03 0.14
2458498.2437807 11.03 0.14
2458498.2439541 10.99 0.14
2458498.2441276 11.01 0.14
2458498.2451684 10.99 0.14
2458498.2458628 10.90 0.13
2458498.2460364 10.93 0.13
2458498.2462100 11.11 0.15
2458498.2463836 11.18 0.16
2458498.2465572 10.96 0.14
2458498.2467309 10.92 0.13
2458498.2474253 10.94 0.13
2458498.2475989 11.01 0.14
2458498.2479461 10.94 0.13
2458498.2481197 10.99 0.14
2458498.2482934 11.08 0.15
2458498.2484670 11.00 0.14
2458498.2486406 10.96 0.13
2458498.2488142 10.93 0.13
2458498.2491614 10.83 0.12
2458498.2493350 11.01 0.14
2458498.2495086 11.00 0.14
2458498.2521128 10.86 0.13
2458498.2522864 11.01 0.14
2458498.2524600 10.98 0.14
2458498.2526336 11.02 0.15
2458498.2529809 11.10 0.16
2458498.2531545 10.99 0.14
2458498.2535017 10.97 0.14
2458498.2538489 10.89 0.13
2458498.2540225 11.00 0.14
2458498.2541961 11.00 0.14
2458498.2543697 10.98 0.14
2458498.2550642 10.97 0.14
2458498.2555863 11.11 0.16
2458498.2557598 10.80 0.12
2458498.2561066 10.98 0.14
2458498.2564535 11.04 0.15
2458498.2576684 11.00 0.14
2458498.2578420 10.97 0.14
2458498.2580156 11.04 0.15
2458498.2581892 11.04 0.15
2458498.2587100 11.09 0.16
2458498.2588836 11.09 0.16
2458498.2594045 10.89 0.13
2458498.2595781 10.99 0.14
2458498.2597517 11.09 0.16
2458498.2599253 10.75 0.12
2458498.2602725 11.15 0.17
2458498.2606198 11.11 0.16
2458498.2607934 11.04 0.15
2458498.2613142 11.01 0.14
2458498.2621822 11.07 0.15
2458498.2625295 10.95 0.14
2458498.2628767 11.13 0.13
2458498.2630503 11.05 0.12
2458498.2632239 11.24 0.15
2458498.2633975 11.19 0.14
2458498.2637447 11.05 0.12
2458498.2639184 11.18 0.14
2458498.2640920 11.24 0.15
2458498.2642656 11.16 0.14
2458498.2644392 10.92 0.11
2458498.2646128 11.00 0.12
2458498.2647864 11.06 0.13
2458498.2649600 11.28 0.16
2458498.2651336 11.16 0.14
2458498.2654809 11.04 0.13
2458498.2658281 11.07 0.13
2458498.2660017 11.00 0.12
2458498.2661753 10.95 0.12
2458498.2663489 11.24 0.15
2458498.2665225 11.18 0.14
2458498.2666961 11.04 0.13
2458498.2668698 11.10 0.13
2458498.2670434 11.22 0.15
2458498.2672170 11.14 0.14
2458498.2677389 11.13 0.14
2458498.2679124 11.17 0.14
2458498.2680858 11.14 0.14
2458498.2682593 11.17 0.14
2458498.2684327 10.98 0.12
2458498.2686062 11.05 0.13
2458498.2687796 11.25 0.15
2458498.2691267 11.23 0.15
2458498.2693003 10.97 0.11
2458498.2694739 11.15 0.14
2458498.2698211 11.08 0.13
2458498.2699947 11.07 0.13
2458498.2701684 11.10 0.13
2458498.2705156 11.16 0.14
2458498.2706892 10.98 0.12
2458498.2708628 11.15 0.14
2458498.2710364 11.22 0.14
2458498.2715572 11.23 0.15
2458498.2717309 11.11 0.13
2458498.2719045 11.22 0.15
2458498.2724253 10.98 0.12
2458498.2725989 11.08 0.13
2458498.2727725 11.23 0.15
2458498.2729461 11.12 0.13
2458498.2731197 11.00 0.12
2458498.2732934 11.08 0.13
2458498.2734670 11.03 0.12
2458498.2738142 11.04 0.12
2458498.2741614 11.12 0.13
2458498.2743350 11.13 0.13
2458498.2746823 10.99 0.12
2458498.2748559 11.17 0.14
2458498.2752031 11.08 0.13
2458498.2755503 11.24 0.15
2458498.2757239 11.19 0.14
2458498.2760711 11.13 0.13
2458498.2764184 11.09 0.13
2458498.2765920 11.09 0.13
2458498.2767656 10.94 0.11
2458498.2771128 11.23 0.15
2458498.2772864 11.02 0.12
2458498.2774600 11.25 0.15
2458498.2776336 11.06 0.13
2458498.2778072 11.24 0.15
2458498.2786753 11.19 0.14
2458498.2788489 11.13 0.13
2458498.2793697 10.95 0.11
2458498.2797182 11.01 0.12
2458498.2798916 11.18 0.14
2458498.2800651 10.98 0.12
2458498.2802385 11.00 0.12
2458498.2805854 11.01 0.12
2458498.2807589 11.02 0.12
2458498.2809323 10.96 0.12
2458498.2811059 11.02 0.12
2458498.2812795 11.05 0.12
2458498.2814531 11.04 0.12
2458498.2816267 11.06 0.13
2458498.2818003 11.12 0.13
2458498.2819739 11.25 0.15
2458498.2821475 11.06 0.13
2458498.2823211 11.08 0.13
2458498.2824948 11.13 0.14
2458498.2826684 11.11 0.13
2458498.2828420 11.08 0.13
2458498.2831892 11.03 0.13
2458498.2835364 11.22 0.15
2458498.2837100 11.18 0.14
2458498.2838836 11.11 0.13
2458498.2840573 11.06 0.13
2458498.2842309 11.15 0.14
2458498.2844045 10.88 0.11
2458498.2845781 11.08 0.13
2458498.2852725 11.02 0.12
2458498.2854461 11.01 0.12
2458498.2856197 10.78 0.10
2458498.2857934 11.13 0.14
2458498.2859670 10.98 0.12
2458498.2861406 11.03 0.12
2458498.2864878 11.00 0.12
2458498.2870086 11.09 0.13
2458498.2871822 10.88 0.11
2458498.2873559 11.10 0.13
2458498.2875295 11.18 0.14
2458498.2877031 11.20 0.15
2458498.2878767 11.07 0.13
2458498.2882239 11.15 0.14
2458498.2885711 11.14 0.14
2458498.2887447 11.16 0.14
2458498.2889184 11.04 0.13
2458498.2890920 11.21 0.15
2458498.2892656 11.08 0.13
2458498.2894392 11.08 0.13
2458498.2896128 11.14 0.14
2458498.2897864 10.89 0.11
2458498.2899600 11.03 0.13
2458498.2901336 10.93 0.12
2458498.2903073 11.15 0.14
2458498.2904809 10.91 0.11
2458498.2906545 11.01 0.12
2458498.2908281 11.12 0.14
2458498.2910017 10.95 0.12
2458498.2911753 11.00 0.12
2458498.2913489 11.04 0.13
2458498.2915239 11.19 0.15
2458498.2916974 11.08 0.13
2458498.2920443 10.91 0.11
2458498.2922177 10.94 0.12
2458498.2929115 11.19 0.15
2458498.2930850 10.93 0.12
2458498.2932586 11.20 0.15
2458498.2936059 10.87 0.11
2458498.2941267 10.96 0.12
2458498.2943003 11.16 0.14
2458498.2946475 11.07 0.14
2458498.2949947 10.85 0.11
2458498.2951684 11.11 0.14
2458498.2953420 11.12 0.14
2458498.2955156 10.99 0.12
2458498.2956892 11.19 0.15
2458498.2962100 11.12 0.14
2458498.2963836 10.96 0.12
2458498.2967309 11.10 0.14
2458498.2970781 10.92 0.11
2458498.2972517 11.01 0.12
2458498.2974253 10.88 0.11
2458498.2981198 11.06 0.13
2458498.2982934 11.09 0.13
2458498.2984670 11.26 0.16
2458498.2986406 11.04 0.13
2458498.2988142 11.11 0.14
2458498.2991614 11.07 0.13
2458498.2993350 11.09 0.13
2458498.2996823 11.05 0.13
2458498.2998559 11.26 0.16
2458498.3000295 11.14 0.14
2458498.3003767 10.95 0.12
2458498.3007239 10.91 0.11
2458498.3010711 11.04 0.13
2458498.3012447 11.00 0.13
2458498.3015920 11.10 0.14
2458498.3017656 11.10 0.13
2458498.3019392 10.96 0.12
2458498.3021128 10.96 0.12
2458498.3022864 11.20 0.15
2458498.3024600 11.12 0.14
2458498.3031545 11.22 0.15
2458498.3033281 11.24 0.15
2458498.3035017 11.11 0.13
2458498.3036766 11.20 0.15
2458498.3040235 11.07 0.13
2458498.3041969 10.95 0.12
2458498.3045438 11.15 0.14
2458498.3047172 10.97 0.12
2458498.3048907 10.90 0.11
2458498.3050642 11.13 0.14
2458498.3052378 11.08 0.13
2458498.3054114 11.09 0.13
2458498.3057586 11.08 0.13
2458498.3059323 10.90 0.11
2458498.3061059 11.05 0.13
2458498.3062795 11.07 0.13
2458498.3064531 11.18 0.14
2458498.3066267 10.80 0.10
2458498.3068003 11.06 0.13
2458498.3069739 11.26 0.16
2458498.3071475 11.19 0.15
2458498.3073211 11.24 0.15
2458498.3074948 10.93 0.12
2458498.3076684 11.03 0.13
2458498.3078420 11.17 0.14
2458498.3080156 10.95 0.12
2458498.3083628 11.09 0.13
2458498.3085364 11.19 0.15
2458498.3088836 10.92 0.12
2458498.3092309 10.99 0.13
2458498.3097517 11.06 0.13
2458498.3100989 11.12 0.14
2458498.3102725 11.15 0.14
2458498.3104461 11.07 0.13
2458498.3106197 11.19 0.15
2458498.3107934 10.98 0.12
2458498.3109670 10.92 0.12
2458498.3111406 10.96 0.12
2458498.3113142 11.04 0.13
2458498.3114878 10.97 0.12
2458498.3118350 11.17 0.15
2458498.3120086 11.18 0.15
2458498.3121822 11.06 0.13
2458498.3123559 11.25 0.16
2458498.3125295 11.08 0.14
2458498.3128767 11.11 0.14
2458498.3130503 11.13 0.14
2458498.3133975 11.07 0.14
2458498.3135711 11.11 0.14
2458498.3137448 11.18 0.15
2458498.3139184 11.17 0.15
2458498.3140920 11.08 0.14
2458498.3144392 10.95 0.12
2458498.3149600 11.22 0.15
2458498.3151336 11.15 0.14
2458498.3163496 11.14 0.14
2458498.3165230 10.96 0.12
2458498.3166965 11.23 0.16
2458498.3168699 11.06 0.14
2458498.3170434 10.99 0.13
2458498.3172170 11.09 0.14
2458498.3173906 10.97 0.12
2458498.3175642 10.92 0.12
2458498.3177378 10.89 0.12
2458498.3179114 11.21 0.15
2458498.3180850 11.20 0.15
2458500.2343813 10.87 0.15
2458500.2345549 11.05 0.18
2458500.2378536 10.85 0.15
2458500.2408049 10.92 0.15
2458500.2437563 10.84 0.14
2458500.2460133 10.98 0.15
2458500.2474022 11.07 0.17
2458500.2482702 11.00 0.15
2458500.2489647 10.91 0.14
2458500.2503535 11.00 0.15
2458500.2505272 10.90 0.14
2458500.2508744 11.02 0.16
2458500.2510480 10.90 0.14
2458500.2512216 11.00 0.15
2458500.2517424 11.02 0.16
2458500.2519160 11.07 0.16
2458500.2526105 11.03 0.16
2458500.2527841 10.88 0.14
2458500.2533049 10.93 0.14
2458500.2543466 10.94 0.15
2458500.2557355 10.69 0.12
2458500.2571250 11.09 0.17
2458500.2581660 10.93 0.15
2458500.2621591 10.81 0.13
2458500.2623327 10.99 0.15
2458500.2630272 10.95 0.14
2458500.2632008 11.05 0.16
2458500.2647633 11.09 0.16
2458500.2649369 10.86 0.13
2458500.2651105 10.95 0.14
2458500.2656313 11.15 0.17
2458500.2658049 11.11 0.16
2458500.2659785 11.00 0.15
2458500.2664994 11.01 0.15
2458500.2666730 11.10 0.16
2458500.2671938 11.00 0.15
2458500.2675410 11.09 0.16
2458500.2680619 10.96 0.14
2458500.2694511 10.84 0.13
2458500.2697980 11.09 0.16
2458500.2699716 11.03 0.15
2458500.2717077 10.92 0.14
2458500.2718813 10.97 0.14
2458500.2727494 10.92 0.14
2458500.2743119 10.98 0.14
2458500.2757008 11.02 0.15
2458500.2758744 10.92 0.14
2458500.2762216 11.04 0.15
2458500.2767424 11.11 0.16
2458500.2772633 10.98 0.14
2458500.2776105 10.88 0.13
2458500.2805631 11.05 0.15
2458500.2809100 10.98 0.14
2458500.2814303 10.97 0.14
2458500.2816037 11.04 0.15
2458500.2817772 11.16 0.17
2458500.2821244 11.00 0.15
2458500.2831660 10.91 0.13
2458500.2835133 10.97 0.14
2458500.2847286 11.08 0.15
2458500.2852494 11.03 0.15
2458500.2857702 11.04 0.15
2458500.2861174 10.96 0.14
2458500.2862911 11.09 0.16
2458500.2864647 11.08 0.15
2458500.2866383 10.97 0.14
2458500.2869855 11.15 0.17
2458500.2873327 10.93 0.14
2458500.2876799 10.96 0.14
2458500.2880272 10.98 0.14
2458500.2883744 10.96 0.14
2458500.2897633 10.82 0.12
2458500.2904577 10.90 0.13
2458500.2913258 11.08 0.15
2458500.2918466 11.00 0.14
2458500.2921938 11.19 0.16
2458500.2923688 11.09 0.15
2458500.2925423 11.01 0.14