2458467.3668514 8.52 0.02
2458467.3670250 8.50 0.01
2458467.3673723 8.49 0.01
2458467.3675459 8.51 0.02
2458467.3677195 8.53 0.02
2458467.3678931 8.51 0.01
2458467.3680667 8.50 0.01
2458467.3682403 8.50 0.01
2458467.3684139 8.48 0.01
2458467.3685875 8.52 0.02
2458467.3687611 8.50 0.01
2458467.3689347 8.48 0.01
2458467.3691084 8.51 0.02
2458467.3692820 8.51 0.01
2458467.3694556 8.49 0.01
2458467.3696292 8.47 0.01
2458467.3698028 8.49 0.01
2458467.3701500 8.52 0.02
2458467.3703236 8.52 0.02
2458467.3704972 8.52 0.02
2458467.3706709 8.51 0.01
2458467.3708445 8.51 0.02
2458467.3710181 8.50 0.01
2458467.3711917 8.54 0.02
2458467.3713653 8.49 0.02
2458467.3717125 8.51 0.02
2458467.3718861 8.50 0.02
2458467.3720598 8.55 0.02
2458467.3722334 8.50 0.02
2458467.3724070 8.49 0.01
2458467.3725806 8.50 0.02
2458467.3727542 8.53 0.02
2458467.3729278 8.50 0.02
2458467.3731014 8.55 0.02
2458467.3732750 8.47 0.01
2458467.3734486 8.48 0.01
2458467.3736223 8.51 0.02
2458467.3737959 8.50 0.01
2458467.3739695 8.51 0.02
2458467.3741431 8.57 0.02
2458467.3743167 8.51 0.02
2458467.3744903 8.48 0.01
2458467.3746639 8.49 0.01
2458467.3748375 8.51 0.02
2458467.3750111 8.48 0.01
2458467.3751848 8.51 0.02
2458467.3753584 8.51 0.02
2458467.3755332 8.48 0.01
2458467.3757067 8.49 0.02
2458467.3758801 8.52 0.02
2458467.3760536 8.50 0.02
2458467.3762270 8.53 0.02
2458467.3764005 8.53 0.02
2458467.3765739 8.51 0.02
2458467.3767473 8.53 0.02
2458467.3769209 8.49 0.02
2458467.3770945 8.52 0.02
2458467.3774417 8.52 0.02
2458467.3776153 8.53 0.02
2458467.3777889 8.51 0.02
2458467.3779625 8.52 0.02
2458467.3781361 8.48 0.01
2458467.3783097 8.52 0.02
2458467.3784834 8.51 0.02
2458467.3786570 8.53 0.02
2458467.3788306 8.50 0.02
2458467.3790042 8.50 0.02
2458467.3791778 8.52 0.02
2458467.3793514 8.51 0.02
2458467.3795250 8.51 0.02
2458467.3796986 8.51 0.02
2458467.3798723 8.49 0.02
2458467.3800459 8.54 0.02
2458467.3802195 8.50 0.02
2458467.3803931 8.51 0.02
2458467.3805667 8.50 0.02
2458467.3807403 8.56 0.02
2458467.3809139 8.50 0.02
2458467.3810875 8.54 0.02
2458467.3812611 8.53 0.02
2458467.3814348 8.51 0.02
2458467.3816084 8.51 0.02
2458467.3817820 8.53 0.02
2458467.3819556 8.49 0.02
2458467.3821292 8.50 0.02
2458467.3823028 8.51 0.02
2458467.3824764 8.52 0.02
2458467.3826500 8.50 0.02
2458467.3828236 8.52 0.02
2458467.3829973 8.51 0.02
2458467.3831709 8.52 0.02
2458467.3833445 8.53 0.02
2458467.3835181 8.54 0.02
2458467.3836917 8.53 0.02
2458467.3838653 8.52 0.02
2458467.3840389 8.50 0.02
2458467.3842125 8.53 0.02
2458467.3843861 8.52 0.02
2458467.3845597 8.50 0.02
2458467.3847334 8.56 0.02
2458467.3849070 8.50 0.02
2458467.3850806 8.53 0.02
2458467.3852542 8.50 0.02
2458467.3854278 8.54 0.02
2458467.3856014 8.54 0.02
2458467.3857750 8.52 0.02
2458467.3859486 8.48 0.02
2458467.3861222 8.51 0.02
2458467.3862959 8.52 0.02
2458467.3864695 8.50 0.02
2458467.3866431 8.51 0.02
2458467.3868167 8.52 0.02
2458467.3869903 8.49 0.02
2458467.3871639 8.48 0.02
2458467.3873389 8.49 0.02
2458467.3875123 8.53 0.02
2458467.3876858 8.51 0.02
2458467.3878592 8.52 0.02
2458467.3880327 8.50 0.02
2458467.3882061 8.49 0.02
2458467.3883795 8.52 0.02
2458467.3885530 8.51 0.02
2458467.3887264 8.51 0.02
2458467.3889000 8.52 0.02
2458467.3890736 8.52 0.02
2458467.3892473 8.49 0.02
2458467.3894209 8.52 0.02
2458467.3895945 8.49 0.02
2458467.3897681 8.52 0.02
2458467.3899417 8.51 0.02
2458467.3901153 8.51 0.02
2458467.3902889 8.53 0.02
2458467.3904625 8.49 0.02
2458467.3906361 8.49 0.02
2458467.3908098 8.49 0.02
2458467.3909834 8.45 0.01
2458467.3911570 8.50 0.02
2458467.3913306 8.48 0.02
2458467.3915042 8.50 0.02
2458467.3916778 8.49 0.02
2458467.3918514 8.49 0.02
2458467.3920250 8.57 0.02
2458467.3921986 8.52 0.02
2458467.3923722 8.51 0.02
2458467.3925459 8.50 0.02
2458467.3927195 8.52 0.02
2458467.3928931 8.52 0.02
2458467.3930667 8.50 0.02
2458467.3932403 8.50 0.02
2458467.3934139 8.53 0.02
2458467.3935875 8.53 0.02
2458467.3937611 8.51 0.02
2458467.3939347 8.53 0.02
2458467.3941084 8.51 0.02
2458467.3942820 8.49 0.02
2458467.3944556 8.50 0.02
2458467.3946292 8.52 0.02
2458467.3948028 8.50 0.02
2458467.3949764 8.52 0.02
2458467.3951500 8.56 0.02
2458467.3953236 8.54 0.02
2458467.3954973 8.51 0.02
2458467.3956709 8.54 0.02
2458467.3958445 8.52 0.02
2458467.3960181 8.50 0.02
2458467.3961917 8.53 0.02
2458467.3963653 8.50 0.02
2458467.3965389 8.52 0.02
2458467.3967125 8.47 0.01
2458467.3968861 8.52 0.02
2458467.3970598 8.50 0.02
2458467.3974070 8.49 0.02
2458467.3975806 8.53 0.02
2458467.3977542 8.50 0.02
2458467.3979278 8.51 0.02
2458467.3981014 8.50 0.02
2458467.3982750 8.52 0.02
2458467.3984486 8.52 0.02
2458467.3986223 8.46 0.01
2458467.3987959 8.49 0.02
2458467.3989695 8.50 0.02
2458467.3991431 8.52 0.02
2458467.3993180 8.52 0.02
2458467.3994914 8.53 0.02
2458467.3996649 8.53 0.02
2458467.3998383 8.50 0.02
2458467.4000118 8.49 0.02
2458467.4001852 8.54 0.02
2458467.4003586 8.51 0.02
2458467.4005321 8.48 0.02
2458467.4007056 8.51 0.02
2458467.4008792 8.52 0.02
2458467.4010528 8.50 0.02
2458467.4012264 8.52 0.02
2458467.4014000 8.52 0.02
2458467.4015736 8.51 0.02
2458467.4017472 8.49 0.02
2458467.4019209 8.49 0.02
2458467.4020945 8.51 0.02
2458467.4022681 8.51 0.02
2458467.4024417 8.51 0.02
2458467.4026153 8.51 0.02
2458467.4027889 8.52 0.02
2458467.4029625 8.52 0.02
2458467.4031361 8.50 0.02
2458467.4033098 8.49 0.02
2458467.4034834 8.50 0.02
2458467.4036570 8.52 0.02
2458467.4038306 8.52 0.02
2458467.4040042 8.52 0.02
2458467.4045250 8.53 0.02
2458467.4046986 8.51 0.02
2458467.4048723 8.56 0.02
2458467.4050459 8.54 0.02
2458467.4052195 8.50 0.02
2458467.4055667 8.52 0.02
2458467.4057403 8.53 0.02
2458467.4059139 8.52 0.02
2458467.4060875 8.51 0.02
2458467.4062611 8.49 0.02
2458467.4064348 8.53 0.02
2458467.4066084 8.53 0.02
2458467.4067820 8.53 0.02
2458467.4069556 8.52 0.02
2458467.4071292 8.53 0.02
2458467.4073028 8.51 0.02
2458467.4074764 8.53 0.02
2458467.4076500 8.54 0.02
2458467.4078236 8.50 0.02
2458467.4081709 8.50 0.02
2458467.4083445 8.55 0.02
2458467.4086917 8.54 0.02
2458467.4088653 8.54 0.02
2458467.4090389 8.52 0.02
2458467.4092125 8.52 0.02
2458467.4093861 8.53 0.02
2458467.4095597 8.50 0.02
2458467.4097334 8.51 0.02
2458467.4099070 8.53 0.02
2458467.4100806 8.52 0.02
2458467.4102542 8.52 0.02
2458467.4104278 8.52 0.02
2458467.4106014 8.49 0.02
2458467.4107750 8.50 0.02
2458467.4111236 8.55 0.02
2458467.4112971 8.51 0.02
2458467.4114705 8.52 0.02
2458467.4116440 8.53 0.02
2458467.4118174 8.50 0.02
2458467.4119908 8.51 0.02
2458467.4121643 8.51 0.02
2458467.4123377 8.52 0.02
2458467.4125112 8.51 0.02
2458467.4126848 8.53 0.02
2458467.4128584 8.49 0.02
2458467.4130320 8.52 0.02
2458467.4132056 8.52 0.02
2458467.4133792 8.55 0.02
2458467.4135528 8.54 0.02
2458467.4139000 8.51 0.02
2458467.4140736 8.53 0.02
2458467.4142473 8.53 0.02
2458467.4144209 8.50 0.02
2458467.4145945 8.53 0.02
2458467.4147681 8.50 0.02
2458467.4149417 8.51 0.02
2458467.4151153 8.52 0.02
2458467.4152889 8.48 0.02
2458467.4154625 8.51 0.02
2458467.4156361 8.51 0.02
2458467.4158097 8.55 0.02
2458467.4159834 8.52 0.02
2458467.4161570 8.54 0.02
2458467.4163306 8.50 0.02
2458467.4165042 8.53 0.02
2458467.4166778 8.51 0.02
2458467.4168514 8.54 0.02
2458467.4170250 8.53 0.02
2458467.4171986 8.56 0.02
2458467.4173722 8.54 0.02
2458467.4175459 8.54 0.02
2458467.4177195 8.51 0.02
2458467.4178931 8.58 0.02
2458467.4180667 8.53 0.02
2458467.4182403 8.50 0.02
2458467.4184139 8.53 0.02
2458467.4185875 8.51 0.02
2458467.4187611 8.53 0.02
2458467.4189348 8.54 0.02
2458467.4191084 8.52 0.02
2458467.4192820 8.53 0.02
2458467.4194556 8.52 0.02
2458467.4196292 8.51 0.02
2458467.4198028 8.51 0.02
2458467.4199764 8.53 0.02
2458467.4201500 8.50 0.02
2458467.4203236 8.51 0.02
2458467.4204973 8.51 0.02
2458467.4206709 8.54 0.02
2458469.3667865 8.51 0.01
2458469.3670135 8.50 0.01
2458469.3671871 8.55 0.01
2458469.3673607 8.50 0.01
2458469.3675343 8.52 0.01
2458469.3677079 8.50 0.01
2458469.3678815 8.52 0.01
2458469.3680551 8.51 0.01
2458469.3682287 8.50 0.01
2458469.3684023 8.50 0.01
2458469.3685760 8.51 0.01
2458469.3687496 8.52 0.01
2458469.3689232 8.50 0.01
2458469.3690968 8.52 0.01
2458469.3692704 8.52 0.01
2458469.3694440 8.49 0.01
2458469.3696176 8.51 0.01
2458469.3697912 8.50 0.01
2458469.3699648 8.50 0.01
2458469.3701384 8.53 0.01
2458469.3703121 8.48 0.01
2458469.3704857 8.53 0.01
2458469.3706593 8.49 0.01
2458469.3708329 8.48 0.01
2458469.3710065 8.52 0.01
2458469.3711801 8.51 0.01
2458469.3713537 8.52 0.01
2458469.3715273 8.50 0.01
2458469.3717009 8.52 0.01
2458469.3718746 8.50 0.01
2458469.3720482 8.52 0.01
2458469.3722218 8.48 0.01
2458469.3723954 8.52 0.01
2458469.3725690 8.53 0.01
2458469.3727426 8.49 0.01
2458469.3729162 8.52 0.01
2458469.3730898 8.53 0.01
2458469.3732635 8.51 0.01
2458469.3734371 8.52 0.01
2458469.3736107 8.50 0.01
2458469.3737843 8.50 0.01
2458469.3739579 8.51 0.01
2458469.3741315 8.49 0.01
2458469.3743051 8.48 0.01
2458469.3744787 8.50 0.01
2458469.3746524 8.49 0.01
2458469.3748260 8.49 0.01
2458469.3749996 8.51 0.01
2458469.3751732 8.50 0.01
2458469.3753468 8.51 0.01
2458469.3755204 8.51 0.01
2458469.3756940 8.55 0.01
2458469.3758676 8.50 0.01
2458469.3760425 8.52 0.01
2458469.3762159 8.51 0.01
2458469.3763894 8.52 0.01
2458469.3765628 8.49 0.01
2458469.3767363 8.52 0.01
2458469.3769097 8.50 0.01
2458469.3770832 8.48 0.01
2458469.3772566 8.51 0.01
2458469.3774301 8.48 0.01
2458469.3776037 8.52 0.01
2458469.3777773 8.53 0.01
2458469.3779510 8.51 0.01
2458469.3781246 8.51 0.01
2458469.3782982 8.49 0.01
2458469.3784718 8.52 0.01
2458469.3786454 8.52 0.01
2458488.3044163 8.55 0.01
2458488.3045899 8.47 0.01
2458488.3047635 8.53 0.01
2458488.3049371 8.53 0.01
2458488.3051107 8.51 0.01
2458488.3052844 8.48 0.01
2458488.3054579 8.49 0.01
2458488.3056316 8.51 0.01
2458488.3058052 8.51 0.01
2458488.3059788 8.55 0.01
2458488.3061524 8.51 0.01
2458488.3063260 8.50 0.01
2458488.3064996 8.52 0.01
2458488.3066732 8.53 0.01
2458488.3068468 8.50 0.01
2458488.3070205 8.52 0.01
2458488.3071941 8.50 0.01
2458488.3073677 8.55 0.01
2458488.3075413 8.53 0.01
2458488.3077149 8.52 0.01
2458488.3078885 8.50 0.01
2458488.3080621 8.55 0.01
2458488.3082357 8.54 0.01
2458488.3084093 8.54 0.01
2458488.3085830 8.49 0.01
2458488.3087566 8.52 0.01
2458488.3089302 8.52 0.01
2458488.3091038 8.51 0.01
2458488.3092788 8.53 0.01
2458488.3094522 8.55 0.01
2458488.3096257 8.50 0.01
2458488.3097991 8.50 0.01
2458488.3099726 8.50 0.01
2458488.3101460 8.51 0.01
2458488.3103194 8.51 0.01
2458488.3104929 8.55 0.01
2458488.3106663 8.53 0.01
2458488.3108399 8.54 0.01
2458488.3110135 8.50 0.01
2458488.3111871 8.48 0.01
2458488.3113607 8.50 0.01
2458488.3115344 8.51 0.01
2458488.3117080 8.50 0.01
2458488.3118816 8.48 0.01
2458488.3120552 8.50 0.01
2458488.3122288 8.51 0.01
2458488.3124024 8.51 0.01
2458488.3125760 8.51 0.01
2458488.3127496 8.52 0.01
2458488.3130969 8.51 0.01
2458488.3132705 8.53 0.01
2458488.3134441 8.54 0.01
2458488.3136177 8.51 0.01
2458488.3137913 8.54 0.01
2458488.3139649 8.49 0.01
2458488.3141385 8.49 0.01
2458488.3143121 8.54 0.01
2458488.3144857 8.55 0.01
2458488.3146593 8.53 0.01
2458488.3148330 8.53 0.01
2458488.3150066 8.52 0.01
2458488.3151802 8.53 0.01
2458488.3153538 8.51 0.01
2458488.3155274 8.54 0.01
2458488.3157010 8.51 0.01
2458488.3158746 8.52 0.01
2458488.3160482 8.51 0.01
2458488.3162218 8.53 0.01
2458488.3163955 8.54 0.01
2458488.3165691 8.51 0.01
2458488.3167427 8.52 0.01
2458488.3169163 8.54 0.01
2458488.3170899 8.51 0.01
2458488.3172635 8.52 0.01
2458488.3174371 8.51 0.01
2458488.3176107 8.54 0.01
2458488.3177844 8.49 0.01
2458488.3179580 8.52 0.01
2458488.3181316 8.52 0.01
2458488.3183052 8.55 0.02
2458488.3184788 8.52 0.01
2458488.3186524 8.51 0.01
2458488.3188260 8.53 0.01
2458488.3189996 8.53 0.01
2458488.3191732 8.55 0.02
2458488.3193469 8.55 0.02
2458488.3195205 8.55 0.02
2458488.3196941 8.52 0.01
2458488.3198677 8.50 0.01
2458488.3200413 8.52 0.01
2458488.3202149 8.52 0.01
2458488.3203885 8.52 0.01
2458488.3205621 8.55 0.02
2458488.3207357 8.53 0.01
2458488.3209094 8.52 0.01
2458488.3210830 8.54 0.01
2458488.3212579 8.53 0.01
2458488.3214314 8.52 0.01
2458488.3216048 8.56 0.02
2458488.3217783 8.57 0.02
2458488.3219517 8.53 0.02
2458488.3221252 8.49 0.01
2458488.3222986 8.51 0.01
2458488.3224720 8.51 0.01
2458488.3226455 8.54 0.02
2458488.3228191 8.52 0.01
2458488.3229927 8.54 0.02
2458488.3231663 8.52 0.01
2458488.3233399 8.51 0.01
2458488.3235135 8.52 0.01
2458488.3236871 8.49 0.01
2458488.3238607 8.53 0.02
2458488.3240343 8.49 0.01
2458488.3242080 8.52 0.01
2458488.3243816 8.53 0.02
2458488.3245552 8.56 0.02
2458488.3247288 8.53 0.01
2458488.3249024 8.50 0.01
2458488.3250760 8.52 0.02
2458488.3252496 8.52 0.01
2458488.3254232 8.52 0.02
2458488.3255969 8.51 0.01
2458488.3257705 8.51 0.01
2458488.3259441 8.53 0.01
2458488.3261177 8.51 0.01
2458488.3262913 8.50 0.01
2458488.3264649 8.52 0.01
2458488.3266385 8.51 0.01
2458488.3268121 8.52 0.01
2458488.3269857 8.53 0.02
2458488.3271594 8.51 0.01
2458488.3273330 8.51 0.01
2458488.3275066 8.53 0.02
2458488.3276802 8.53 0.02
2458488.3278538 8.54 0.02
2458488.3280274 8.52 0.02
2458488.3282010 8.53 0.02
2458488.3283746 8.54 0.02
2458488.3285482 8.54 0.02
2458488.3287218 8.52 0.02
2458488.3288955 8.55 0.02
2458488.3290691 8.51 0.01
2458488.3292427 8.53 0.02
2458488.3294163 8.55 0.02
2458488.3295899 8.52 0.02
2458488.3297635 8.51 0.01
2458488.3299371 8.54 0.02
2458488.3301107 8.53 0.02
2458488.3302843 8.51 0.01
2458488.3304580 8.49 0.01
2458488.3306316 8.52 0.02
2458488.3308052 8.52 0.02
2458488.3309788 8.52 0.02
2458488.3311524 8.56 0.02
2458488.3313260 8.50 0.01
2458488.3314996 8.55 0.02
2458488.3316732 8.53 0.02
2458488.3318468 8.48 0.01
2458488.3320205 8.50 0.01
2458488.3321941 8.48 0.01
2458488.3323677 8.55 0.02
2458488.3325413 8.47 0.01
2458488.3327149 8.48 0.01
2458488.3328885 8.48 0.01
2458488.3330621 8.54 0.02
2458488.3332370 8.49 0.01
2458488.3334105 8.51 0.01
2458488.3335839 8.48 0.01
2458488.3337574 8.56 0.02
2458488.3339308 8.51 0.01
2458488.3341043 8.50 0.01
2458488.3342777 8.51 0.02
2458488.3344511 8.47 0.01
2458488.3346246 8.51 0.02
2458488.3347982 8.51 0.02
2458488.3349719 8.56 0.02
2458488.3351455 8.55 0.02
2458488.3353191 8.54 0.02
2458488.3354927 8.53 0.02
2458488.3356663 8.53 0.02
2458488.3358399 8.54 0.02
2458488.3360135 8.55 0.02
2458488.3361871 8.52 0.02
2458488.3363607 8.51 0.01
2458488.3365344 8.51 0.02
2458488.3367080 8.53 0.02
2458488.3368816 8.51 0.02
2458488.3370552 8.53 0.02
2458488.3372288 8.51 0.02
2458488.3374024 8.57 0.02
2458488.3375760 8.51 0.02
2458488.3377496 8.50 0.02
2458488.3379232 8.51 0.02
2458488.3380968 8.51 0.02
2458488.3382705 8.53 0.02
2458488.3384441 8.50 0.02
2458488.3386177 8.50 0.02
2458488.3387913 8.51 0.02
2458488.3389649 8.49 0.02
2458488.3391385 8.49 0.01
2458488.3393121 8.52 0.02
2458488.3394857 8.51 0.02
2458488.3396593 8.51 0.02
2458488.3398330 8.53 0.02
2458488.3400066 8.55 0.02
2458488.3401802 8.51 0.02
2458488.3403538 8.50 0.02
2458488.3405274 8.52 0.02
2458488.3407010 8.49 0.01
2458488.3408746 8.53 0.02
2458488.3410482 8.52 0.02
2458488.3412219 8.53 0.02
2458488.3413955 8.48 0.01
2458488.3415691 8.52 0.02
2458488.3417427 8.51 0.02
2458488.3419163 8.49 0.02
2458488.3420899 8.54 0.02
2458488.3422635 8.50 0.02
2458488.3424371 8.51 0.02
2458488.3426107 8.51 0.02
2458488.3427844 8.53 0.02
2458488.3429580 8.53 0.02
2458488.3431316 8.51 0.02
2458488.3433052 8.51 0.02
2458488.3434788 8.57 0.02
2458488.3436524 8.51 0.02
2458488.3438260 8.57 0.02
2458488.3439996 8.49 0.01
2458488.3441732 8.52 0.02
2458488.3443469 8.55 0.02
2458488.3445205 8.52 0.02
2458488.3446941 8.51 0.02
2458488.3448677 8.50 0.02
2458488.3450413 8.55 0.02
2458488.3452162 8.52 0.02
2458488.3453896 8.54 0.02
2458488.3455631 8.52 0.02
2458488.3457365 8.56 0.02
2458488.3459100 8.52 0.02
2458488.3460834 8.54 0.02
2458488.3462569 8.51 0.02
2458488.3464303 8.50 0.02
2458488.3466038 8.50 0.02
2458488.3467774 8.51 0.02
2458488.3469510 8.52 0.02
2458488.3471246 8.48 0.02
2458488.3472982 8.51 0.02
2458488.3474718 8.50 0.02
2458488.3476455 8.52 0.02
2458488.3478191 8.52 0.02
2458488.3479927 8.52 0.02
2458488.3481663 8.52 0.02
2458488.3483399 8.51 0.02
2458488.3485135 8.51 0.02
2458488.3486871 8.51 0.02
2458488.3488607 8.50 0.02
2458488.3490344 8.48 0.01
2458488.3492080 8.46 0.01
2458488.3493816 8.52 0.02
2458488.3495552 8.50 0.02
2458488.3497288 8.48 0.01
2458488.3499024 8.49 0.01
2458488.3500760 8.48 0.01
2458488.3502496 8.49 0.01
2458488.3504232 8.50 0.01
2458488.3505969 8.50 0.02
2458488.3507705 8.52 0.02
2458488.3509441 8.49 0.02
2458488.3511177 8.52 0.02
2458488.3512913 8.52 0.02
2458488.3514649 8.50 0.02
2458488.3516385 8.52 0.02
2458488.3518121 8.47 0.01
2458488.3519857 8.54 0.02
2458488.3521594 8.54 0.02
2458488.3523330 8.51 0.02
2458488.3525066 8.52 0.02
2458488.3526802 8.53 0.02
2458488.3528538 8.53 0.02
2458488.3530274 8.54 0.02
2458488.3532010 8.52 0.02
2458488.3533746 8.53 0.02
2458488.3535482 8.53 0.02
2458488.3537218 8.48 0.01
2458488.3538955 8.50 0.01
2458488.3540691 8.56 0.02
2458488.3542427 8.52 0.02
2458488.3544163 8.55 0.02
2458488.3545899 8.55 0.02
2458488.3547635 8.51 0.01
2458488.3549371 8.52 0.02
2458488.3551107 8.54 0.02
2458488.3552843 8.53 0.02
2458488.3554580 8.50 0.02
2458488.3556316 8.51 0.02
2458488.3558052 8.52 0.02
2458488.3559788 8.49 0.01
2458488.3561524 8.52 0.02
2458488.3563260 8.54 0.02
2458488.3564996 8.49 0.01
2458488.3566732 8.54 0.02
2458488.3568469 8.52 0.02
2458488.3570218 8.52 0.02
2458488.3571953 8.53 0.02
2458488.3573687 8.52 0.02
2458488.3575422 8.49 0.01
2458488.3577156 8.53 0.02
2458488.3578891 8.51 0.02
2458488.3580625 8.54 0.02
2458488.3582360 8.53 0.02
2458488.3584094 8.55 0.02
2458488.3585830 8.52 0.02
2458488.3587566 8.50 0.02
2458488.3589302 8.52 0.02
2458488.3591038 8.52 0.02
2458488.3592774 8.52 0.02
2458488.3594510 8.53 0.02
2458488.3596246 8.51 0.02
2458488.3597982 8.52 0.02
2458488.3599718 8.53 0.02
2458488.3601455 8.53 0.02
2458488.3603191 8.52 0.02
2458488.3604927 8.55 0.02
2458488.3606663 8.53 0.02
2458488.3608399 8.52 0.02
2458488.3610135 8.50 0.02
2458488.3611871 8.52 0.02
2458488.3613607 8.53 0.02
2458488.3615343 8.49 0.01
2458488.3617080 8.52 0.02
2458488.3618816 8.53 0.02
2458488.3620552 8.49 0.01
2458488.3622288 8.54 0.02
2458488.3625760 8.52 0.02
2458488.3627496 8.56 0.02
2458488.3629232 8.50 0.01
2458488.3630968 8.52 0.02
2458488.3632705 8.49 0.02
2458488.3634441 8.51 0.02
2458488.3636177 8.55 0.02
2458488.3637913 8.55 0.02
2458488.3639649 8.56 0.02
2458488.3641385 8.57 0.02
2458488.3643121 8.52 0.02
2458488.3644857 8.50 0.02
2458488.3646594 8.52 0.02
2458488.3648330 8.52 0.02
2458488.3650066 8.53 0.02
2458488.3651802 8.52 0.02
2458488.3653538 8.54 0.02
2458488.3655274 8.52 0.02
2458488.3657010 8.52 0.02
2458488.3658746 8.50 0.02
2458488.3660482 8.54 0.02
2458488.3662219 8.52 0.02
2458488.3663955 8.51 0.02
2458488.3665691 8.50 0.02
2458488.3667427 8.51 0.02
2458488.3669163 8.51 0.02
2458488.3670899 8.50 0.02
2458488.3672635 8.53 0.02
2458488.3674371 8.55 0.02
2458488.3676107 8.51 0.02
2458488.3677844 8.50 0.02
2458488.3679580 8.60 0.02
2458488.3681316 8.50 0.02
2458488.3683052 8.47 0.01
2458488.3684788 8.51 0.02
2458488.3686524 8.53 0.02
2458488.3688260 8.50 0.02
2458488.3690010 8.49 0.02
2458488.3691744 8.53 0.02
2458488.3695213 8.51 0.02
2458488.3696948 8.53 0.02
2458488.3698682 8.53 0.02
2458488.3700417 8.55 0.02
2458488.3702150 8.54 0.02
2458488.3703885 8.53 0.02
2458488.3705621 8.51 0.02
2458488.3707357 8.55 0.02
2458488.3709093 8.51 0.02
2458488.3710830 8.53 0.02
2458488.3712566 8.53 0.02
2458488.3714302 8.50 0.02
2458488.3716038 8.53 0.02
2458488.3717774 8.50 0.02
2458488.3719510 8.54 0.02
2458488.3721246 8.53 0.02
2458488.3722982 8.54 0.02
2458488.3724718 8.54 0.02
2458488.3726455 8.52 0.02
2458488.3728191 8.52 0.02
2458488.3729927 8.50 0.02
2458488.3731663 8.52 0.02
2458488.3733399 8.51 0.02
2458488.3735135 8.51 0.02
2458488.3736871 8.51 0.02
2458488.3738607 8.51 0.02
2458488.3740343 8.50 0.02
2458488.3742080 8.50 0.02
2458493.2519739 8.54 0.01
2458493.2531892 8.50 0.01
2458493.2533628 8.53 0.01
2458493.2537100 8.56 0.01
2458493.2538836 8.50 0.01
2458493.2542320 8.52 0.01
2458493.2544055 8.50 0.01
2458493.2547524 8.50 0.01
2458493.2550993 8.53 0.01
2458493.2554461 8.51 0.01
2458493.2557934 8.53 0.01
2458493.2559670 8.54 0.01
2458493.2570086 8.53 0.01
2458493.2575295 8.50 0.01
2458493.2580503 8.51 0.01
2458493.2582239 8.51 0.01
2458493.2583975 8.54 0.01
2458493.2585711 8.52 0.01
2458493.2590920 8.51 0.01
2458493.2592656 8.52 0.01
2458493.2599600 8.53 0.01
2458493.2608281 8.52 0.01
2458493.2610017 8.53 0.01
2458493.2613489 8.51 0.01
2458493.2615225 8.51 0.01
2458493.2620434 8.48 0.01
2458493.2622170 8.49 0.01
2458493.2630850 8.48 0.01
2458493.2634323 8.51 0.01
2458493.2636059 8.53 0.01
2458493.2637795 8.52 0.01
2458493.2644739 8.51 0.01
2458493.2648211 8.49 0.01
2458493.2653420 8.52 0.01
2458493.2660378 8.53 0.01
2458493.2667316 8.53 0.01
2458493.2669050 8.50 0.01
2458493.2670784 8.53 0.01
2458493.2675989 8.53 0.01
2458493.2677725 8.51 0.01
2458493.2681197 8.51 0.01
2458493.2686406 8.54 0.01
2458493.2693350 8.55 0.01
2458493.2695086 8.52 0.01
2458493.2696822 8.50 0.01
2458493.2698559 8.52 0.01
2458493.2702031 8.56 0.01
2458493.2703767 8.52 0.01
2458493.2710711 8.50 0.01
2458493.2714184 8.52 0.01
2458493.2715920 8.49 0.01
2458493.2719392 8.53 0.01
2458493.2724600 8.53 0.01
2458493.2728073 8.52 0.01
2458493.2729809 8.54 0.01
2458493.2733281 8.52 0.01
2458493.2735017 8.53 0.01
2458493.2736753 8.53 0.01
2458493.2741961 8.55 0.01
2458493.2750642 8.50 0.01
2458493.2752378 8.48 0.01
2458493.2754114 8.51 0.01
2458493.2764531 8.52 0.01
2458493.2766267 8.48 0.01
2458493.2773211 8.50 0.01
2458493.2774947 8.50 0.01
2458493.2776684 8.49 0.01
2458493.2781904 8.52 0.01
2458493.2785373 8.52 0.01
2458493.2788841 8.49 0.01
2458493.2790576 8.53 0.01
2458493.2794045 8.51 0.01
2458493.2795781 8.53 0.01
2458493.2797517 8.53 0.01
2458493.2799253 8.52 0.01
2458493.2800989 8.51 0.01
2458493.2804461 8.53 0.01
2458493.2809670 8.50 0.01
2458493.2811406 8.50 0.01
2458493.2813142 8.53 0.01
2458493.2816614 8.54 0.01
2458493.2818350 8.54 0.01
2458493.2820086 8.50 0.01
2458493.2821822 8.47 0.01
2458493.2823559 8.50 0.01
2458493.2828767 8.52 0.01
2458493.2830503 8.52 0.01
2458493.2832239 8.51 0.01
2458493.2839184 8.53 0.01
2458493.2842656 8.53 0.01
2458493.2844392 8.50 0.01
2458493.2846128 8.51 0.01
2458493.2847864 8.54 0.01
2458493.2853072 8.52 0.01
2458493.2854809 8.54 0.01
2458493.2858281 8.51 0.01
2458493.2860017 8.54 0.01
2458493.2863489 8.51 0.01
2458493.2865225 8.52 0.01
2458493.2866961 8.50 0.01
2458493.2870434 8.54 0.01
2458493.2872170 8.52 0.01
2458493.2875642 8.51 0.01
2458493.2879114 8.52 0.01
2458493.2884323 8.48 0.01
2458493.2889531 8.52 0.01
2458493.2893003 8.51 0.01
2458493.2894739 8.51 0.01
2458493.2896475 8.53 0.01
2458493.2898211 8.53 0.01
2458493.2899961 8.51 0.01
2458493.2903429 8.52 0.01
2458493.2905164 8.49 0.01
2458493.2906898 8.50 0.01
2458493.2908633 8.51 0.01
2458493.2912102 8.52 0.01
2458493.2917309 8.53 0.01
2458493.2922517 8.50 0.01
2458493.2924253 8.52 0.01
2458493.2927725 8.52 0.01
2458493.2929461 8.51 0.01
2458493.2932934 8.50 0.01
2458493.2939878 8.54 0.01
2458493.2943350 8.51 0.01
2458493.2945086 8.51 0.01
2458493.2946823 8.52 0.01
2458493.2948559 8.50 0.01
2458493.2950295 8.53 0.01
2458493.2953767 8.55 0.01
2458493.2955503 8.56 0.01
2458493.2957239 8.52 0.01
2458493.2958975 8.53 0.01
2458493.2960711 8.52 0.01
2458493.2965920 8.53 0.01
2458493.2967656 8.52 0.01
2458493.2969392 8.54 0.01
2458493.2971128 8.55 0.01
2458493.2976336 8.52 0.01
2458493.2978072 8.54 0.01
2458493.2983281 8.53 0.01
2458493.2986753 8.50 0.01
2458493.2991961 8.49 0.01
2458493.2995434 8.48 0.01
2458493.2998906 8.47 0.01
2458493.3002378 8.49 0.01
2458493.3004114 8.51 0.01
2458493.3007586 8.49 0.01
2458493.3018931 8.51 0.01
2458493.3026799 8.49 0.01
2458493.3028536 8.51 0.01
2458493.3032008 8.53 0.01
2458493.3033744 8.53 0.01
2458493.3035480 8.54 0.01
2458493.3037216 8.52 0.01
2458493.3038952 8.51 0.01
2458493.3040688 8.48 0.01
2458493.3042424 8.50 0.01
2458493.3045897 8.51 0.01
2458493.3047633 8.49 0.01
2458493.3049369 8.53 0.01
2458493.3051105 8.50 0.01
2458493.3052841 8.49 0.01
2458493.3056313 8.53 0.01
2458493.3061522 8.50 0.01
2458493.3063258 8.52 0.01
2458493.3066730 8.49 0.01
2458493.3070202 8.52 0.01
2458493.3073674 8.54 0.01
2458493.3075410 8.49 0.01
2458493.3077147 8.52 0.01
2458493.3082355 8.51 0.01
2458493.3084091 8.49 0.01
2458493.3087563 8.52 0.01
2458493.3089299 8.52 0.01
2458493.3092772 8.52 0.01
2458493.3097980 8.53 0.01
2458493.3101452 8.53 0.01
2458493.3103188 8.52 0.01
2458493.3106661 8.53 0.01
2458493.3110133 8.54 0.01
2458493.3111869 8.53 0.01
2458493.3118813 8.51 0.01
2458493.3122298 8.50 0.01
2458493.3124033 8.53 0.01
2458493.3125767 8.53 0.01
2458493.3134439 8.53 0.01
2458493.3136174 8.52 0.01
2458493.3150063 8.54 0.01
2458493.3153535 8.51 0.01
2458493.3155272 8.49 0.01
2458493.3158744 8.53 0.01
2458493.3163952 8.56 0.01
2458493.3165688 8.50 0.01
2458493.3167424 8.50 0.01
2458493.3179577 8.53 0.01
2458493.3181313 8.52 0.01
2458493.3184786 8.53 0.01
2458493.3189994 8.49 0.01
2458493.3193466 8.53 0.01
2458493.3195202 8.51 0.01
2458493.3196938 8.52 0.01
2458493.3214299 8.49 0.01
2458493.3216035 8.54 0.01
2458493.3219508 8.50 0.01
2458493.3224716 8.52 0.01
2458493.3228188 8.52 0.01
2458493.3235133 8.50 0.01
2458493.3236869 8.50 0.01
2458493.3238605 8.52 0.01
2458493.3242090 8.52 0.01
2458493.3245559 8.52 0.01
2458493.3247293 8.52 0.01
2458493.3252497 8.47 0.01
2458493.3254231 8.52 0.01
2458493.3259438 8.51 0.01
2458493.3261174 8.50 0.01
2458493.3262911 8.53 0.01
2458493.3264647 8.48 0.01
2458493.3271591 8.54 0.01
2458493.3273327 8.54 0.01
2458493.3275063 8.56 0.01
2458493.3276799 8.53 0.01
2458493.3278536 8.51 0.01
2458493.3283744 8.53 0.01
2458493.3285480 8.50 0.01
2458493.3295897 8.52 0.01
2458493.3299369 8.52 0.01
2458493.3306313 8.52 0.01
2458493.3313258 8.49 0.01
2458493.3316730 8.51 0.01
2458493.3318466 8.52 0.01
2458493.3320202 8.53 0.01
2458493.3328883 8.51 0.01
2458493.3330619 8.51 0.01
2458493.3335827 8.51 0.01
2458493.3339299 8.52 0.01
2458493.3342772 8.52 0.01
2458493.3344508 8.53 0.01
2458493.3349716 8.51 0.01
2458493.3351452 8.53 0.01
2458493.3360133 8.49 0.01
2458493.3363616 8.52 0.01
2458493.3365351 8.51 0.01
2458493.3367085 8.52 0.01
2458493.3368820 8.55 0.01
2458493.3372288 8.54 0.01
2458493.3377494 8.51 0.01
2458493.3379230 8.50 0.01
2458493.3380966 8.53 0.01
2458493.3384438 8.53 0.01
2458493.3386174 8.52 0.01
2458493.3387910 8.51 0.01
2458493.3396591 8.53 0.01
2458493.3401799 8.51 0.01
2458493.3403536 8.52 0.01
2458493.3408744 8.51 0.01
2458493.3412216 8.52 0.01
2458493.3417424 8.52 0.01
2458493.3420897 8.52 0.01
2458493.3422633 8.52 0.01
2458493.3424369 8.51 0.01
2458493.3426105 8.52 0.01
2458493.3431313 8.53 0.01
2458493.3439994 8.50 0.01
2458493.3443466 8.53 0.01
2458493.3446938 8.53 0.01
2458493.3448674 8.53 0.01
2458493.3450410 8.52 0.01
2458493.3464299 8.50 0.01
2458493.3467772 8.51 0.01
2458493.3469508 8.49 0.01
2458493.3471244 8.54 0.01
2458493.3479924 8.55 0.01
2458493.3485142 8.50 0.01
2458493.3486876 8.50 0.01
2458493.3488611 8.51 0.01
2458493.3490345 8.52 0.01
2458493.3495549 8.56 0.01
2458493.3497286 8.53 0.01
2458493.3504230 8.54 0.01
2458493.3505966 8.52 0.01
2458493.3509438 8.52 0.01
2458493.3511174 8.51 0.01
2458493.3516383 8.51 0.01
2458493.3523327 8.54 0.01
2458493.3525063 8.53 0.01
2458493.3526799 8.51 0.01
2458493.3528535 8.52 0.01
2458493.3530272 8.53 0.01
2458493.3532008 8.51 0.01
2458493.3533744 8.51 0.01
2458493.3535480 8.51 0.01
2458493.3537216 8.51 0.01
2458493.3540688 8.53 0.01
2458493.3549369 8.53 0.01
2458493.3554577 8.50 0.01
2458493.3556313 8.49 0.01
2458493.3558049 8.51 0.01
2458493.3564994 8.56 0.01
2458493.3573674 8.50 0.01
2458493.3582355 8.51 0.01
2458493.3589299 8.53 0.01
2458493.3592772 8.51 0.01
2458493.3597980 8.51 0.01
2458493.3599716 8.49 0.01
2458493.3606668 8.53 0.01
2458493.3608403 8.52 0.01
2458493.3620549 8.52 0.01
2458493.3632702 8.51 0.01
2458493.3636174 8.50 0.01
2458493.3644855 8.51 0.01
2458493.3648327 8.50 0.01
2458493.3650063 8.50 0.01
2458493.3655272 8.53 0.01
2458493.3658744 8.55 0.01
2458493.3660480 8.52 0.01
2458493.3667424 8.52 0.01
2458493.3669161 8.53 0.01
2458493.3670897 8.51 0.01
2458493.3674369 8.52 0.01
2458493.3679577 8.52 0.01
2458493.3681313 8.50 0.01
2458493.3684785 8.51 0.01
2458493.3689994 8.54 0.01
2458493.3693466 8.53 0.01
2458493.3696938 8.48 0.01
2458493.3702147 8.52 0.01
2458493.3703883 8.52 0.01
2458493.3705619 8.54 0.01
2458493.3710827 8.49 0.01
2458493.3712563 8.52 0.01
2458493.3717772 8.51 0.01
2458493.3721257 8.53 0.01
2458493.3722991 8.52 0.01
2458493.3724725 8.51 0.01
2458493.3728194 8.51 0.01
2458493.3729928 8.49 0.01
2458493.3733397 8.51 0.01
2458493.3735133 8.52 0.01
2458493.3736869 8.49 0.01
2458493.3742077 8.49 0.01
2458493.3743813 8.52 0.01
2458493.3745549 8.49 0.01
2458493.3747286 8.52 0.01
2458493.3750758 8.51 0.01
2458493.3752494 8.53 0.01
2458493.3755966 8.51 0.01
2458493.3757702 8.54 0.01
2458493.3759438 8.53 0.01
2458493.3768119 8.54 0.01
2458493.3769855 8.54 0.01
2458493.3771591 8.49 0.01
2458493.3776799 8.53 0.01
2458493.3780272 8.49 0.01
2458493.3785480 8.51 0.01
2458493.3788952 8.49 0.01
2458493.3795897 8.53 0.01
2458493.3799369 8.54 0.01
2458493.3801105 8.52 0.01
2458493.3806313 8.50 0.01
2458493.3809786 8.49 0.01
2458493.3811522 8.53 0.01
2458493.3813258 8.54 0.01
2458493.3814994 8.51 0.01
2458493.3816730 8.46 0.01
2458493.3820202 8.49 0.01
2458493.3821938 8.51 0.01
2458493.3823674 8.54 0.01
2458493.3825411 8.50 0.01
2458493.3827147 8.53 0.01
2458493.3828883 8.51 0.01
2458493.3832355 8.50 0.01
2458493.3834091 8.51 0.01
2458493.3837563 8.50 0.01
2458493.3839313 8.53 0.01
2458493.3846251 8.50 0.01
2458493.3847985 8.52 0.01
2458493.3849720 8.54 0.01
2458493.3853189 8.51 0.01
2458493.3856660 8.49 0.01
2458493.3858397 8.53 0.01
2458493.3867077 8.52 0.01
2458493.3870549 8.54 0.01
2458493.3872286 8.53 0.01
2458493.3874022 8.53 0.01
2458493.3879230 8.54 0.01
2458493.3882702 8.52 0.01
2458493.3887911 8.49 0.01
2458493.3889647 8.52 0.01
2458493.3891383 8.54 0.01
2458493.3893119 8.52 0.01
2458493.3894855 8.48 0.01
2458493.3896591 8.50 0.01
2458493.3900063 8.52 0.01
2458493.3903536 8.51 0.01
2458493.3907008 8.51 0.01
2458493.3908744 8.52 0.01
2458493.3910480 8.52 0.01
2458493.3912216 8.51 0.01
2458493.3913952 8.50 0.01
2458493.3919160 8.52 0.01
2458493.3922633 8.52 0.01
2458493.3927841 8.54 0.01
2458493.3934785 8.51 0.01
2458493.3938258 8.53 0.01
2458493.3943466 8.53 0.01
2458493.3946938 8.50 0.01
2458493.3948674 8.51 0.01
2458493.3953883 8.53 0.01
2458493.3959105 8.51 0.01
2458493.3960839 8.52 0.01
2458493.3964308 8.52 0.01
2458493.3966043 8.51 0.01
2458493.3972980 8.51 0.01
2458493.3978188 8.51 0.01
2458493.3981661 8.50 0.01
2458493.3990341 8.52 0.01
2458493.3992077 8.52 0.01
2458493.3993813 8.52 0.01
2458493.3995549 8.52 0.01
2458493.3997285 8.51 0.01
2458493.3999022 8.54 0.01
2458493.4000758 8.55 0.01
2458493.4002494 8.48 0.01
2458493.4004230 8.53 0.01
2458493.4005966 8.49 0.01
2458493.4014647 8.51 0.01
2458493.4016383 8.51 0.01
2458493.4018119 8.51 0.01
2458493.4019855 8.47 0.01
2458493.4021591 8.52 0.01
2458493.4026799 8.54 0.01
2458493.4032008 8.48 0.01
2458493.4038952 8.53 0.01
2458493.4049369 8.53 0.01
2458493.4054577 8.49 0.01
2458493.4058049 8.52 0.01
2458493.4059786 8.52 0.01
2458493.4061522 8.51 0.01
2458493.4064994 8.49 0.01
2458493.4066730 8.52 0.01
2458493.4068466 8.49 0.01
2458493.4071938 8.47 0.01
2458493.4082365 8.52 0.01
2458493.4084099 8.50 0.01
2458493.4085833 8.51 0.01
2458493.4089302 8.51 0.01
2458493.4091037 8.52 0.01
2458493.4099716 8.53 0.01
2458493.4103188 8.52 0.01
2458493.4106661 8.50 0.01
2458493.4110133 8.55 0.02
2458493.4122286 8.50 0.01
2458493.4124022 8.53 0.01
2458493.4127494 8.50 0.01
2458493.4129230 8.51 0.01
2458493.4130966 8.50 0.01
2458493.4132702 8.49 0.01
2458493.4136174 8.49 0.01
2458493.4141383 8.51 0.01
2458493.4144855 8.53 0.01
2458493.4146591 8.54 0.02
2458493.4150063 8.48 0.01
2458493.4151799 8.47 0.01
2458493.4155272 8.54 0.02
2458493.4157008 8.53 0.02
2458494.3448211 8.52 0.02
2458494.3449948 8.52 0.02
2458494.3453420 8.54 0.02
2458494.3456892 8.51 0.02
2458494.3460364 8.50 0.02
2458494.3465573 8.55 0.02
2458494.3467309 8.53 0.02
2458494.3472517 8.52 0.02
2458494.3474253 8.54 0.02
2458494.3488142 8.51 0.02
2458494.3495086 8.50 0.02
2458494.3514184 8.54 0.02
2458494.3519392 8.53 0.02
2458494.3526336 8.52 0.02
2458494.3536765 8.57 0.02
2458494.3543703 8.52 0.02
2458494.3545438 8.60 0.02
2458494.3547172 8.50 0.02
2458494.3555850 8.57 0.03
2458494.3568003 8.60 0.03
2458494.3581892 8.56 0.03
2458494.3592309 8.50 0.03
2458494.3609670 8.55 0.03
2458494.3613142 8.53 0.03
2458494.3627031 8.55 0.04
2458494.3628767 8.53 0.04
2458494.3635711 8.53 0.04
2458494.3637447 8.48 0.04
2458494.3639184 8.54 0.04
2458494.3640920 8.59 0.04
2458494.3647864 8.56 0.04
2458494.3651336 8.56 0.04
2458494.3654809 8.56 0.05
2458494.3656545 8.57 0.05
2458494.3660017 8.51 0.05
2458494.3665225 8.52 0.05
2458494.3666961 8.60 0.06
2458494.3672170 8.64 0.06
2458494.3673920 8.53 0.06
2458494.3675654 8.52 0.06
2458494.3682592 8.52 0.07
2458494.3686061 8.50 0.06
2458494.3689531 8.56 0.07
2458494.3694739 8.64 0.08
2458494.3698211 8.48 0.07
2458494.3708628 8.55 0.09
2458494.3713836 8.47 0.08
2458494.3715572 8.50 0.08
2458494.3727725 8.37 0.10
2458494.3729461 8.75 0.14
2458494.3731197 8.59 0.13
2458494.3732934 8.58 0.13
2458494.3738142 8.62 0.15
2458494.3745086 8.58 0.15
2458494.3752031 8.25 0.13
2458494.3758975 8.44 0.13
2458494.3760711 8.68 0.17
2458495.1342424 8.51 0.02
2458495.1345897 8.52 0.02
2458495.1380619 8.50 0.02
2458495.1399716 8.51 0.02
2458495.1404924 8.52 0.02
2458495.1408397 8.49 0.02
2458495.1415341 8.53 0.02
2458495.1437911 8.47 0.02
2458495.1441383 8.50 0.02
2458495.1462216 8.52 0.02
2458495.1465688 8.56 0.02
2458495.1486522 8.53 0.02
2458495.1519508 8.54 0.02
2458495.1526452 8.52 0.02
2458495.1528188 8.52 0.02
2458495.1547285 8.49 0.02
2458495.1559438 8.52 0.02
2458495.1562911 8.52 0.02
2458495.1564647 8.47 0.02
2458495.1606313 8.51 0.02
2458495.1608049 8.49 0.02
2458495.1625410 8.50 0.02
2458495.1635827 8.52 0.02
2458495.1642772 8.54 0.02
2458495.1647980 8.51 0.02
2458495.1658397 8.49 0.02
2458495.1661869 8.51 0.02
2458495.1665341 8.50 0.02
2458495.1672285 8.53 0.02
2458495.1675758 8.51 0.02
2458495.1682702 8.49 0.02
2458495.1684438 8.56 0.02
2458495.1686174 8.49 0.02
2458495.1687910 8.50 0.02
2458495.1694855 8.49 0.02
2458495.1705272 8.51 0.02
2458495.1710491 8.53 0.02
2458495.1734786 8.52 0.02
2458495.1741730 8.51 0.02
2458495.1745202 8.50 0.02
2458495.1746938 8.48 0.02
2458495.1748674 8.50 0.02
2458495.1750411 8.51 0.02
2458495.1772980 8.55 0.02
2458495.1781660 8.53 0.02
2458495.1797286 8.49 0.02
2458495.1811174 8.51 0.02
2458495.1814647 8.47 0.02
2458495.1816383 8.49 0.02
2458495.1821591 8.47 0.02
2458495.1830283 8.50 0.02
2458495.1838955 8.50 0.02
2458495.1845897 8.53 0.02
2458495.1847633 8.53 0.02
2458495.1852841 8.51 0.02
2458495.1854577 8.52 0.02
2458495.1863258 8.55 0.02
2458495.1868466 8.52 0.02
2458495.1870202 8.50 0.02
2458495.1875411 8.50 0.02
2458495.1882355 8.48 0.02
2458495.1889299 8.52 0.02
2458495.1899716 8.51 0.02
2458495.1906661 8.47 0.02
2458495.1917077 8.50 0.02
2458495.1920549 8.53 0.02
2458495.1922285 8.53 0.02
2458495.1924022 8.52 0.02
2458495.1930966 8.52 0.02
2458495.1936174 8.48 0.02
2458495.1939647 8.50 0.02
2458495.1943119 8.50 0.02
2458495.1950075 8.52 0.02
2458495.1951809 8.52 0.02
2458495.1957013 8.50 0.02
2458495.1960481 8.51 0.02
2458495.1965688 8.48 0.02
2458495.1974369 8.55 0.02
2458495.1976105 8.49 0.02
2458495.1983049 8.49 0.02
2458495.1984786 8.52 0.02
2458495.1988258 8.53 0.02
2458495.1989994 8.54 0.02
2458495.1991730 8.51 0.02
2458495.1998674 8.52 0.02
2458495.2000410 8.52 0.02
2458495.2005619 8.50 0.02
2458495.2017772 8.48 0.02
2458495.2021244 8.47 0.02
2458495.2022980 8.50 0.02
2458495.2028188 8.52 0.02
2458495.2038605 8.53 0.02
2458495.2040341 8.52 0.02
2458495.2042077 8.50 0.02
2458495.2043813 8.51 0.02
2458495.2062911 8.51 0.02
2458495.2064647 8.47 0.02
2458495.2068132 8.53 0.02
2458495.2069867 8.49 0.02
2458495.2071601 8.53 0.02
2458495.2073336 8.50 0.02
2458495.2076805 8.51 0.02
2458495.2082008 8.49 0.02
2458495.2094160 8.48 0.02
2458495.2095897 8.52 0.02
2458495.2114994 8.53 0.02
2458495.2127147 8.48 0.02
2458495.2130619 8.48 0.02
2458495.2132355 8.52 0.02
2458495.2141036 8.49 0.02
2458495.2149716 8.53 0.02
2458495.2165341 8.54 0.02
2458495.2174022 8.51 0.02
2458495.2200065 8.49 0.02
2458495.2201799 8.54 0.02
2458495.2220897 8.51 0.02
2458495.2233049 8.52 0.02
2458495.2236522 8.50 0.02
2458495.2241730 8.50 0.02
2458495.2260827 8.53 0.02
2458495.2269508 8.52 0.02
2458495.2272980 8.53 0.02
2458495.2281661 8.55 0.02
2458495.2285133 8.49 0.02
2458495.2295549 8.51 0.02
2458495.2302494 8.55 0.02
2458495.2304230 8.51 0.02
2458495.2305966 8.50 0.02
2458495.2326799 8.53 0.02
2458495.2330272 8.48 0.02
2458495.2333744 8.51 0.02
2458495.2337216 8.50 0.02
2458495.2349369 8.54 0.02
2458495.2354577 8.54 0.02
2458495.2358049 8.50 0.02
2458495.2370202 8.52 0.02
2458495.2373674 8.53 0.02
2458495.2387563 8.51 0.02
2458495.2389299 8.52 0.02
2458495.2392772 8.51 0.02
2458495.2394508 8.50 0.02
2458495.2397980 8.49 0.02
2458495.2403188 8.53 0.02
2458495.2404924 8.56 0.02
2458495.2406660 8.50 0.02
2458495.2408397 8.53 0.02
2458495.2415341 8.49 0.02
2458495.2417077 8.50 0.02
2458495.2420549 8.54 0.02
2458495.2424022 8.49 0.02
2458495.2427508 8.49 0.02
2458495.2434445 8.56 0.02
2458495.2437914 8.57 0.02
2458495.2450063 8.52 0.02
2458495.2453536 8.55 0.02
2458495.2455272 8.51 0.02
2458495.2457008 8.49 0.02
2458495.2463952 8.49 0.02
2458495.2470897 8.54 0.02
2458495.2472633 8.50 0.02
2458495.2476105 8.51 0.02
2458495.2481313 8.52 0.02
2458495.2489994 8.50 0.02
2458495.2493466 8.57 0.02
2458495.2495202 8.49 0.02
2458495.2510827 8.53 0.02
2458495.2512563 8.52 0.02
2458495.2517772 8.51 0.02
2458495.2519508 8.50 0.02
2458495.2521244 8.53 0.02
2458495.2526452 8.51 0.02
2458495.2529924 8.51 0.02
2458495.2535133 8.48 0.02
2458495.2542077 8.51 0.02
2458495.2543813 8.53 0.02
2458495.2549034 8.52 0.02
2458495.2561175 8.55 0.02
2458495.2568119 8.51 0.02
2458495.2569855 8.53 0.02
2458495.2578536 8.50 0.02
2458495.2580272 8.52 0.02
2458495.2587216 8.49 0.02
2458495.2590688 8.49 0.02
2458495.2592424 8.52 0.02
2458495.2594161 8.52 0.02
2458495.2597633 8.55 0.02
2458495.2601105 8.52 0.02
2458495.2602841 8.56 0.02
2458495.2606313 8.53 0.02
2458495.2609786 8.50 0.02
2458495.2614994 8.53 0.02
2458495.2620202 8.51 0.02
2458495.2625410 8.57 0.02
2458495.2627147 8.50 0.02
2458495.2630619 8.54 0.02
2458495.2632355 8.53 0.02
2458495.2641035 8.52 0.02
2458495.2642772 8.47 0.02
2458495.2647980 8.54 0.02
2458495.2660133 8.52 0.02
2458495.2661869 8.50 0.02
2458495.2663605 8.51 0.02
2458495.2670561 8.48 0.02
2458495.2675764 8.54 0.02
2458495.2684438 8.51 0.02
2458495.2689647 8.50 0.02
2458495.2696591 8.48 0.02
2458495.2713952 8.57 0.02
2458495.2715688 8.50 0.02
2458495.2722633 8.49 0.02
2458495.2724369 8.55 0.02
2458495.2726105 8.51 0.02
2458495.2727841 8.54 0.02
2458495.2729577 8.52 0.02
2458495.2731313 8.48 0.02
2458495.2733049 8.51 0.02
2458495.2734786 8.51 0.02
2458495.2736522 8.50 0.02
2458495.2738258 8.49 0.02
2458495.2739994 8.51 0.02
2458495.2741730 8.51 0.02
2458495.2745202 8.48 0.02
2458495.2750411 8.51 0.02
2458495.2755619 8.55 0.02
2458495.2769508 8.52 0.02
2458495.2771244 8.47 0.02
2458495.2774716 8.50 0.02
2458495.2776452 8.53 0.02
2458495.2778188 8.53 0.02
2458495.2779924 8.49 0.02
2458495.2783397 8.49 0.02
2458495.2785133 8.48 0.02
2458495.2786869 8.50 0.02
2458495.2788618 8.51 0.02
2458495.2790353 8.49 0.02
2458495.2792087 8.50 0.02
2458495.2793822 8.52 0.02
2458495.2795556 8.46 0.02
2458495.2797290 8.53 0.02
2458495.2799025 8.51 0.02
2458495.2802494 8.51 0.02
2458495.2804230 8.50 0.02
2458495.2805966 8.50 0.02
2458495.2807702 8.49 0.02
2458495.2809438 8.52 0.02
2458495.2811174 8.53 0.02
2458495.2812911 8.54 0.02
2458495.2814647 8.54 0.02
2458495.2816383 8.51 0.02
2458495.2818119 8.56 0.02
2458495.2819855 8.51 0.02
2458495.2821591 8.53 0.02
2458495.2823327 8.50 0.02
2458495.2825063 8.51 0.02
2458495.2826799 8.50 0.02
2458495.2828536 8.50 0.02
2458495.2830272 8.53 0.02
2458495.2832008 8.50 0.02
2458495.2833744 8.49 0.02
2458495.2835480 8.51 0.02
2458495.2837216 8.50 0.02
2458495.2838952 8.53 0.02
2458495.2840688 8.52 0.02
2458495.2842424 8.52 0.02
2458495.2844161 8.52 0.02
2458495.2845897 8.51 0.02
2458495.2847633 8.49 0.02
2458495.2849369 8.48 0.02
2458495.2851105 8.51 0.02
2458495.2852841 8.51 0.02
2458495.2854577 8.50 0.02
2458495.2856313 8.48 0.02
2458495.2858049 8.50 0.02
2458495.2859785 8.53 0.02
2458495.2861522 8.50 0.02
2458495.2863258 8.54 0.02
2458495.2864994 8.52 0.02
2458495.2866730 8.49 0.02
2458495.2868466 8.54 0.02
2458495.2870202 8.54 0.02
2458495.2871938 8.52 0.02
2458495.2873674 8.50 0.02
2458495.2875410 8.51 0.02
2458495.2877147 8.56 0.02
2458495.2878883 8.53 0.02
2458495.2880619 8.52 0.02
2458495.2882355 8.52 0.02
2458495.2884091 8.51 0.02
2458495.2885827 8.52 0.02
2458495.2887563 8.52 0.02
2458495.2889299 8.53 0.02
2458495.2891036 8.51 0.02
2458495.2892772 8.53 0.02
2458495.2894508 8.50 0.02
2458495.2896244 8.52 0.02
2458495.2897980 8.51 0.02
2458495.2899716 8.54 0.02
2458495.2901452 8.52 0.02
2458495.2903188 8.50 0.02
2458495.2904924 8.54 0.02
2458495.2906661 8.49 0.02
2458495.2908410 8.49 0.02
2458495.2910145 8.51 0.02
2458495.2911879 8.51 0.02
2458495.2913614 8.49 0.02
2458495.2915348 8.49 0.02
2458495.2917083 8.49 0.02
2458495.2918817 8.50 0.02
2458495.2920551 8.53 0.02
2458495.2922286 8.53 0.02
2458495.2924022 8.47 0.02
2458495.2925758 8.52 0.02
2458495.2929230 8.51 0.02
2458495.2930966 8.54 0.02
2458495.2932702 8.53 0.02
2458495.2934438 8.49 0.02
2458495.2936174 8.55 0.02
2458495.2937910 8.50 0.02
2458495.2939647 8.49 0.02
2458495.2941383 8.52 0.02
2458495.2943119 8.49 0.02
2458495.2944855 8.48 0.02
2458495.2946591 8.52 0.02
2458495.2948327 8.55 0.02
2458495.2950063 8.48 0.02
2458495.2951799 8.49 0.02
2458495.2955272 8.50 0.02
2458495.2957008 8.54 0.02
2458495.2958744 8.57 0.02
2458495.2960480 8.49 0.02
2458495.2962216 8.49 0.02
2458495.2963952 8.51 0.02
2458495.2965688 8.53 0.02
2458495.2967424 8.50 0.02
2458495.2969160 8.52 0.02
2458495.2970897 8.49 0.02
2458495.2972633 8.49 0.02
2458495.2974369 8.51 0.02
2458495.2977841 8.52 0.02
2458495.2979577 8.53 0.02
2458495.2981313 8.50 0.02
2458495.2983049 8.53 0.02
2458495.2984785 8.50 0.02
2458495.2986522 8.50 0.02
2458495.2988258 8.50 0.02
2458495.2989994 8.51 0.02
2458495.2991730 8.48 0.02
2458495.2993466 8.53 0.02
2458495.2996938 8.51 0.02
2458495.2998674 8.49 0.02
2458495.3000411 8.51 0.02
2458495.3002147 8.51 0.02
2458495.3005619 8.52 0.02
2458495.3007355 8.53 0.02
2458495.3009091 8.50 0.02
2458495.3010827 8.52 0.02
2458495.3012563 8.50 0.02
2458495.3014299 8.52 0.02
2458495.3017772 8.53 0.02
2458495.3019508 8.56 0.02
2458495.3021244 8.50 0.02
2458495.3024716 8.49 0.02
2458495.3026452 8.54 0.02
2458495.3028202 8.54 0.02
2458495.3029937 8.52 0.02
2458495.3031671 8.48 0.02
2458495.3033406 8.55 0.02
2458495.3035140 8.52 0.02
2458495.3036875 8.50 0.02
2458495.3038609 8.55 0.02
2458495.3043813 8.56 0.02
2458495.3045549 8.53 0.02
2458495.3049022 8.58 0.02
2458495.3050758 8.51 0.02
2458495.3052494 8.56 0.02
2458495.3054230 8.49 0.02
2458495.3055966 8.53 0.02
2458495.3057702 8.56 0.02
2458495.3059438 8.55 0.02
2458495.3061174 8.53 0.02
2458495.3062911 8.54 0.02
2458495.3064647 8.52 0.02
2458495.3066383 8.51 0.02
2458495.3068119 8.54 0.02
2458495.3069855 8.50 0.02
2458495.3071591 8.51 0.02
2458495.3073327 8.47 0.02
2458495.3075063 8.54 0.02
2458495.3076799 8.52 0.02
2458495.3078536 8.52 0.02
2458495.3080272 8.53 0.02
2458495.3082008 8.52 0.02
2458495.3083744 8.52 0.02
2458495.3085480 8.54 0.02
2458495.3087216 8.54 0.02
2458495.3088952 8.53 0.02
2458495.3090688 8.50 0.02
2458495.3094160 8.53 0.02
2458495.3095897 8.53 0.02
2458495.3097633 8.47 0.02
2458495.3099369 8.52 0.02
2458495.3101105 8.53 0.02
2458495.3102841 8.51 0.02
2458495.3104577 8.54 0.02
2458495.3106313 8.51 0.02
2458495.3108049 8.53 0.02
2458495.3109785 8.53 0.02
2458495.3111522 8.55 0.02
2458495.3113258 8.50 0.02
2458495.3114994 8.52 0.02
2458495.3116730 8.55 0.02
2458495.3118466 8.49 0.02
2458495.3120202 8.50 0.02
2458495.3121938 8.50 0.02
2458495.3123674 8.50 0.02
2458495.3127147 8.50 0.02
2458495.3128883 8.52 0.02
2458495.3130619 8.52 0.02
2458495.3132355 8.53 0.02
2458495.3134091 8.53 0.02
2458495.3135827 8.52 0.02
2458495.3137563 8.53 0.02
2458495.3139299 8.54 0.02
2458495.3141036 8.50 0.02
2458495.3142772 8.53 0.02
2458495.3144508 8.53 0.02
2458495.3146244 8.54 0.02
2458495.3147980 8.54 0.02
2458495.3149729 8.55 0.02
2458495.3151463 8.48 0.02
2458495.3153198 8.51 0.02
2458498.1658281 8.50 0.02
2458498.1665238 8.51 0.02
2458498.1668707 8.50 0.02
2458498.1675645 8.54 0.02
2458498.1680850 8.56 0.02
2458498.1684322 8.50 0.02
2458498.1686059 8.52 0.02
2458498.1687795 8.48 0.02
2458498.1691267 8.53 0.02
2458498.1694739 8.55 0.02
2458498.1698211 8.50 0.02
2458498.1705156 8.53 0.02
2458498.1708628 8.54 0.02
2458498.1710364 8.51 0.02
2458498.1713836 8.49 0.02
2458498.1717309 8.49 0.02
2458498.1727725 8.52 0.02
2458498.1731198 8.51 0.02
2458498.1736406 8.48 0.02
2458498.1739878 8.50 0.02
2458498.1741614 8.52 0.02
2458498.1743350 8.50 0.02
2458498.1755503 8.49 0.02
2458498.1757239 8.50 0.02
2458498.1760711 8.53 0.02
2458498.1765920 8.49 0.02
2458498.1771128 8.53 0.02
2458498.1779809 8.50 0.02
2458498.1781545 8.52 0.02
2458498.1793701 8.52 0.02
2458498.1795436 8.53 0.02
2458498.1798906 8.49 0.02
2458498.1802378 8.52 0.02
2458498.1804114 8.49 0.02
2458498.1807586 8.51 0.02
2458498.1811059 8.49 0.02
2458498.1814531 8.49 0.02
2458498.1823211 8.52 0.02
2458498.1824948 8.53 0.02
2458498.1830156 8.52 0.02
2458498.1833628 8.49 0.02
2458498.1837100 8.54 0.02
2458498.1838836 8.50 0.02
2458498.1845781 8.51 0.02
2458498.1847517 8.52 0.02
2458498.1849253 8.50 0.02
2458498.1857934 8.53 0.02
2458498.1864878 8.54 0.02
2458498.1887448 8.52 0.02
2458498.1890920 8.52 0.02
2458498.1901336 8.52 0.02
2458498.1903073 8.52 0.02
2458498.1904809 8.50 0.02
2458498.1908281 8.51 0.02
2458498.1911753 8.52 0.02
2458498.1913489 8.50 0.02
2458498.1920434 8.52 0.02
2458498.1922170 8.48 0.01
2458498.1923906 8.52 0.02
2458498.1929114 8.51 0.02
2458498.1932586 8.53 0.02
2458498.1943003 8.49 0.01
2458498.1944739 8.52 0.02
2458498.1946475 8.52 0.02
2458498.1948211 8.49 0.01
2458498.1955156 8.52 0.02
2458498.1956892 8.53 0.02
2458498.1963846 8.53 0.02
2458498.1965581 8.49 0.01
2458498.1967315 8.51 0.02
2458498.1970784 8.54 0.02
2458498.1972519 8.52 0.01
2458498.1974253 8.53 0.02
2458498.1975989 8.51 0.01
2458498.1979461 8.55 0.02
2458498.1982934 8.52 0.02
2458498.1988142 8.53 0.02
2458498.1989878 8.54 0.02
2458498.1993350 8.53 0.02
2458498.2003767 8.53 0.02
2458498.2014184 8.54 0.01
2458498.2015920 8.55 0.02
2458498.2017656 8.52 0.01
2458498.2022864 8.56 0.02
2458498.2028072 8.51 0.01
2458498.2029809 8.53 0.01
2458498.2033281 8.53 0.01
2458498.2041961 8.52 0.01
2458498.2043698 8.54 0.01
2458498.2045434 8.52 0.01
2458498.2048906 8.54 0.01
2458498.2062795 8.53 0.01
2458498.2068003 8.54 0.01
2458498.2073211 8.48 0.01
2458498.2074947 8.51 0.01
2458498.2078420 8.53 0.01
2458498.2080169 8.52 0.01
2458498.2081904 8.52 0.01
2458498.2090576 8.53 0.01
2458498.2094045 8.52 0.01
2458498.2095781 8.53 0.01
2458498.2099253 8.54 0.01
2458498.2118350 8.53 0.01
2458498.2121823 8.50 0.01
2458498.2123559 8.55 0.01
2458498.2125295 8.54 0.01
2458498.2127031 8.52 0.01
2458498.2130503 8.49 0.01
2458498.2140920 8.49 0.01
2458498.2146128 8.52 0.01
2458498.2153072 8.51 0.01
2458498.2158281 8.54 0.01
2458498.2161753 8.52 0.01
2458498.2168697 8.52 0.01
2458498.2173906 8.49 0.01
2458498.2179114 8.53 0.01
2458498.2182586 8.51 0.01
2458498.2187795 8.57 0.02
2458498.2193003 8.50 0.01
2458498.2201694 8.54 0.01
2458498.2205163 8.50 0.01
2458498.2210366 8.50 0.01
2458498.2212101 8.48 0.01
2458498.2217309 8.54 0.01
2458498.2220781 8.50 0.01
2458498.2229461 8.53 0.01
2458498.2231197 8.52 0.01
2458498.2232934 8.50 0.01
2458498.2236406 8.52 0.01
2458498.2238142 8.52 0.01
2458498.2239878 8.51 0.01
2458498.2246822 8.51 0.01
2458498.2248559 8.49 0.01
2458498.2252031 8.54 0.01
2458498.2253767 8.53 0.01
2458498.2255503 8.52 0.01
2458498.2264184 8.50 0.01
2458498.2267656 8.54 0.01
2458498.2269392 8.50 0.01
2458498.2272864 8.52 0.01
2458498.2279809 8.54 0.01
2458498.2281545 8.49 0.01
2458498.2285017 8.54 0.01
2458498.2309322 8.52 0.01
2458498.2314531 8.56 0.01
2458498.2319750 8.54 0.01
2458498.2324954 8.54 0.01
2458498.2337100 8.50 0.01
2458498.2340572 8.55 0.01
2458498.2342309 8.50 0.01
2458498.2347517 8.50 0.01
2458498.2349253 8.50 0.01
2458498.2350989 8.52 0.01
2458498.2370086 8.50 0.01
2458498.2380503 8.52 0.01
2458498.2382239 8.49 0.01
2458498.2385711 8.52 0.01
2458498.2389184 8.51 0.02
2458498.2392656 8.48 0.01
2458498.2394392 8.51 0.01
2458498.2397864 8.50 0.01
2458498.2399600 8.53 0.02
2458498.2413489 8.53 0.01
2458498.2420434 8.51 0.01
2458498.2425642 8.48 0.01
2458498.2429114 8.53 0.01
2458498.2439541 8.48 0.01
2458498.2443010 8.52 0.01
2458498.2451684 8.53 0.02
2458498.2455156 8.54 0.02
2458498.2458628 8.53 0.02
2458498.2462100 8.55 0.02
2458498.2463836 8.51 0.01
2458498.2467309 8.54 0.02
2458498.2469045 8.56 0.02
2458498.2472517 8.50 0.01
2458498.2474253 8.53 0.02
2458498.2481197 8.53 0.01
2458498.2495086 8.50 0.01
2458498.2496822 8.47 0.01
2458498.2498559 8.51 0.01
2458498.2507239 8.52 0.01
2458498.2512448 8.49 0.02
2458498.2515920 8.52 0.02
2458498.2519392 8.54 0.02
2458498.2521128 8.52 0.02
2458498.2524600 8.52 0.02
2458498.2533281 8.52 0.01
2458498.2540225 8.52 0.02
2458498.2550642 8.52 0.02
2458498.2557598 8.50 0.02
2458498.2559332 8.51 0.01
2458498.2583628 8.48 0.01
2458498.2585364 8.49 0.02
2458498.2600989 8.50 0.02
2458498.2602725 8.52 0.02
2458498.2604461 8.52 0.02
2458498.2623559 8.54 0.02
2458498.2627031 8.50 0.01
2458498.2633975 8.52 0.01
2458498.2639184 8.49 0.01
2458498.2640920 8.53 0.01
2458498.2644392 8.51 0.01
2458498.2647864 8.48 0.01
2458498.2649600 8.53 0.01
2458498.2654809 8.54 0.01
2458498.2661753 8.51 0.01
2458498.2665225 8.56 0.01
2458498.2668698 8.54 0.01
2458498.2670434 8.51 0.01
2458498.2677389 8.53 0.01
2458498.2680858 8.51 0.01
2458498.2682593 8.48 0.01
2458498.2684327 8.53 0.01
2458498.2687796 8.51 0.01
2458498.2689531 8.52 0.01
2458498.2694739 8.51 0.01
2458498.2696475 8.51 0.01
2458498.2698211 8.50 0.01
2458498.2699947 8.53 0.01
2458498.2703420 8.49 0.01
2458498.2705156 8.51 0.01
2458498.2706892 8.52 0.01
2458498.2708628 8.51 0.01
2458498.2710364 8.52 0.01
2458498.2713836 8.53 0.01
2458498.2715572 8.50 0.01
2458498.2717309 8.50 0.01
2458498.2719045 8.49 0.01
2458498.2720781 8.50 0.01
2458498.2722517 8.50 0.01
2458498.2724253 8.51 0.01
2458498.2727725 8.50 0.01
2458498.2729461 8.52 0.01
2458498.2732934 8.54 0.01
2458498.2734670 8.53 0.01
2458498.2736406 8.49 0.01
2458498.2738142 8.53 0.01
2458498.2745086 8.54 0.01
2458498.2748559 8.49 0.01
2458498.2752031 8.52 0.01
2458498.2753767 8.49 0.01
2458498.2758975 8.50 0.01
2458498.2760711 8.51 0.01
2458498.2762448 8.49 0.01
2458498.2764184 8.55 0.01
2458498.2765920 8.52 0.01
2458498.2769392 8.54 0.01
2458498.2771128 8.50 0.01
2458498.2774600 8.53 0.01
2458498.2776336 8.51 0.01
2458498.2778072 8.51 0.01
2458498.2779809 8.47 0.01
2458498.2781545 8.47 0.01
2458498.2786753 8.47 0.01
2458498.2788489 8.52 0.01
2458498.2790225 8.48 0.01
2458498.2791961 8.51 0.01
2458498.2793697 8.48 0.01
2458498.2800651 8.52 0.01
2458498.2804120 8.50 0.01
2458498.2805854 8.55 0.01
2458498.2812795 8.52 0.01
2458498.2814531 8.49 0.01
2458498.2816267 8.52 0.01
2458498.2818003 8.50 0.01
2458498.2821475 8.52 0.01
2458498.2823211 8.49 0.01
2458498.2824948 8.50 0.01
2458498.2826684 8.49 0.01
2458498.2828420 8.51 0.01
2458498.2830156 8.52 0.01
2458498.2831892 8.52 0.01
2458498.2837100 8.52 0.01
2458498.2838836 8.50 0.01
2458498.2842309 8.50 0.01
2458498.2844045 8.51 0.01
2458498.2845781 8.53 0.01
2458498.2847517 8.50 0.01
2458498.2849253 8.51 0.01
2458498.2850989 8.51 0.01
2458498.2852725 8.52 0.01
2458498.2854461 8.51 0.01
2458498.2856197 8.49 0.01
2458498.2857934 8.51 0.01
2458498.2859670 8.50 0.01
2458498.2861406 8.53 0.01
2458498.2864878 8.47 0.01
2458498.2866614 8.53 0.01
2458498.2868350 8.51 0.01
2458498.2871822 8.50 0.01
2458498.2875295 8.50 0.01
2458498.2877031 8.51 0.01
2458498.2878767 8.51 0.01
2458498.2883975 8.53 0.01
2458498.2889184 8.53 0.01
2458498.2892656 8.51 0.01
2458498.2896128 8.51 0.01
2458498.2897864 8.51 0.01
2458498.2899600 8.51 0.01
2458498.2903073 8.53 0.01
2458498.2904809 8.50 0.01
2458498.2906545 8.55 0.01
2458498.2908281 8.53 0.01
2458498.2910017 8.51 0.01
2458498.2913489 8.53 0.01
2458498.2918708 8.49 0.01
2458498.2920443 8.52 0.01
2458498.2922177 8.52 0.01
2458498.2923912 8.50 0.01
2458498.2925646 8.56 0.01
2458498.2932586 8.51 0.01
2458498.2934322 8.52 0.01
2458498.2936059 8.53 0.01
2458498.2937795 8.49 0.01
2458498.2939531 8.52 0.01
2458498.2941267 8.52 0.01
2458498.2943003 8.49 0.01
2458498.2946475 8.51 0.01
2458498.2948211 8.49 0.01
2458498.2949947 8.50 0.01
2458498.2951684 8.53 0.01
2458498.2955156 8.52 0.01
2458498.2956892 8.52 0.01
2458498.2958628 8.51 0.01
2458498.2960364 8.54 0.01
2458498.2962100 8.52 0.01
2458498.2963836 8.52 0.01
2458498.2965572 8.49 0.01
2458498.2967309 8.52 0.01
2458498.2969045 8.49 0.01
2458498.2970781 8.49 0.01
2458498.2972517 8.50 0.01
2458498.2974253 8.50 0.01
2458498.2975989 8.51 0.01
2458498.2977725 8.55 0.01
2458498.2979461 8.52 0.01
2458498.2981198 8.50 0.01
2458498.2984670 8.53 0.01
2458498.2986406 8.53 0.01
2458498.2988142 8.51 0.01
2458498.2991614 8.52 0.01
2458498.2993350 8.53 0.01
2458498.2995086 8.54 0.01
2458498.2996823 8.53 0.01
2458498.2998559 8.54 0.01
2458498.3008975 8.50 0.01
2458498.3010711 8.52 0.01
2458498.3014184 8.50 0.01
2458498.3015920 8.51 0.01
2458498.3017656 8.51 0.01
2458498.3021128 8.51 0.01
2458498.3022864 8.50 0.01
2458498.3028072 8.51 0.01
2458498.3029809 8.51 0.01
2458498.3038500 8.51 0.01
2458498.3040235 8.49 0.01
2458498.3045438 8.52 0.01
2458498.3047172 8.50 0.01
2458498.3048907 8.50 0.01
2458498.3050642 8.53 0.01
2458498.3052378 8.55 0.01
2458498.3054114 8.54 0.01
2458498.3059323 8.54 0.01
2458498.3061059 8.53 0.01
2458498.3062795 8.52 0.01
2458498.3068003 8.51 0.01
2458498.3071475 8.50 0.01
2458498.3073211 8.54 0.01
2458498.3074948 8.48 0.01
2458498.3076684 8.53 0.01
2458498.3078420 8.53 0.01
2458498.3080156 8.50 0.01
2458498.3081892 8.50 0.01
2458498.3085364 8.50 0.01
2458498.3087100 8.53 0.01
2458498.3090572 8.52 0.01
2458498.3092309 8.51 0.01
2458498.3095781 8.49 0.01
2458498.3100989 8.53 0.01
2458498.3102725 8.52 0.01
2458498.3106197 8.49 0.01
2458498.3107934 8.51 0.01
2458498.3109670 8.52 0.01
2458498.3113142 8.50 0.01
2458498.3116614 8.55 0.01
2458498.3120086 8.54 0.01
2458498.3123559 8.52 0.01
2458498.3125295 8.54 0.01
2458498.3127031 8.48 0.01
2458498.3128767 8.51 0.01
2458498.3135711 8.50 0.01
2458498.3137448 8.55 0.01
2458498.3139184 8.53 0.01
2458498.3140920 8.49 0.01
2458498.3144392 8.53 0.01
2458498.3147864 8.50 0.01
2458498.3151336 8.49 0.01
2458498.3158292 8.51 0.01
2458498.3161761 8.51 0.01
2458498.3165230 8.51 0.01
2458498.3166965 8.51 0.01
2458498.3168699 8.49 0.01
2458498.3173906 8.48 0.01
2458498.3179114 8.52 0.01
2458498.3180850 8.51 0.01
2458500.2345549 8.52 0.02
2458500.2347285 8.49 0.02
2458500.2352494 8.50 0.02
2458500.2357702 8.51 0.02
2458500.2362910 8.50 0.02
2458500.2373327 8.54 0.02
2458500.2378536 8.51 0.02
2458500.2385480 8.49 0.02
2458500.2387216 8.49 0.02
2458500.2388952 8.52 0.02
2458500.2390688 8.52 0.02
2458500.2399369 8.54 0.02
2458500.2409785 8.54 0.02
2458500.2416730 8.53 0.02
2458500.2420202 8.51 0.02
2458500.2427147 8.50 0.02
2458500.2432355 8.49 0.02
2458500.2435827 8.50 0.02
2458500.2441035 8.50 0.02
2458500.2442772 8.52 0.02
2458500.2444520 8.49 0.02
2458500.2451458 8.50 0.02
2458500.2454927 8.52 0.02
2458500.2477494 8.51 0.02
2458500.2479230 8.55 0.02
2458500.2491383 8.50 0.02
2458500.2494855 8.49 0.02
2458500.2498327 8.51 0.02
2458500.2500063 8.52 0.02
2458500.2507008 8.51 0.02
2458500.2510480 8.48 0.02
2458500.2512216 8.52 0.02
2458500.2529577 8.52 0.02
2458500.2536522 8.52 0.02
2458500.2538258 8.51 0.02
2458500.2541730 8.52 0.02
2458500.2545202 8.47 0.02
2458500.2548674 8.51 0.02
2458500.2550411 8.55 0.02
2458500.2552147 8.55 0.02
2458500.2559091 8.50 0.02
2458500.2562563 8.52 0.02
2458500.2566046 8.49 0.02
2458500.2567781 8.52 0.02
2458500.2572984 8.50 0.02
2458500.2574719 8.51 0.02
2458500.2578188 8.53 0.02
2458500.2579924 8.51 0.02
2458500.2583397 8.54 0.02
2458500.2585133 8.51 0.02
2458500.2586869 8.52 0.02
2458500.2593813 8.51 0.02
2458500.2595549 8.47 0.02
2458500.2597285 8.51 0.02
2458500.2599022 8.51 0.02
2458500.2600758 8.51 0.02
2458500.2602494 8.54 0.02
2458500.2612911 8.55 0.02
2458500.2616383 8.52 0.02
2458500.2618119 8.49 0.02
2458500.2628535 8.52 0.02
2458500.2638952 8.52 0.02
2458500.2645897 8.51 0.02
2458500.2659785 8.51 0.02
2458500.2663258 8.53 0.02
2458500.2677147 8.52 0.02
2458500.2678883 8.50 0.02
2458500.2682355 8.48 0.01
2458500.2684104 8.53 0.02
2458500.2685839 8.49 0.02
2458500.2687573 8.54 0.02
2458500.2696245 8.51 0.02
2458500.2697980 8.54 0.02
2458500.2699716 8.56 0.02
2458500.2701452 8.51 0.02
2458500.2703188 8.50 0.02
2458500.2715341 8.55 0.02
2458500.2717077 8.50 0.02
2458500.2720549 8.53 0.02
2458500.2722285 8.54 0.02
2458500.2724022 8.52 0.02
2458500.2730966 8.52 0.02
2458500.2734438 8.53 0.02
2458500.2737910 8.50 0.02
2458500.2739647 8.51 0.02
2458500.2741383 8.51 0.02
2458500.2743119 8.53 0.02
2458500.2744855 8.53 0.02
2458500.2746591 8.52 0.02
2458500.2748327 8.52 0.02
2458500.2750063 8.54 0.02
2458500.2751799 8.53 0.02
2458500.2755272 8.49 0.01
2458500.2760480 8.52 0.02
2458500.2762216 8.50 0.02
2458500.2763952 8.49 0.01
2458500.2765688 8.55 0.02
2458500.2769161 8.52 0.02
2458500.2770897 8.52 0.02
2458500.2772633 8.54 0.02
2458500.2774369 8.52 0.02
2458500.2776105 8.52 0.02
2458500.2779577 8.53 0.02
2458500.2783049 8.50 0.02
2458500.2786522 8.54 0.02
2458500.2788258 8.50 0.02
2458500.2793466 8.50 0.02
2458500.2802147 8.53 0.02
2458500.2807365 8.51 0.02
2458500.2812568 8.52 0.02
2458500.2822980 8.50 0.02
2458500.2824716 8.54 0.02
2458500.2826452 8.54 0.02
2458500.2828188 8.48 0.01
2458500.2831660 8.54 0.02
2458500.2836869 8.51 0.02
2458500.2838605 8.50 0.02
2458500.2843813 8.49 0.01
2458500.2850758 8.53 0.02
2458500.2852494 8.53 0.02
2458500.2855966 8.48 0.01
2458500.2857702 8.49 0.02
2458500.2862911 8.51 0.02
2458500.2864647 8.54 0.02
2458500.2869855 8.53 0.02
2458500.2871591 8.54 0.02
2458500.2876799 8.52 0.02
2458500.2883744 8.52 0.02
2458500.2888952 8.50 0.01
2458500.2890688 8.52 0.02
2458500.2892424 8.50 0.02
2458500.2894160 8.52 0.01
2458500.2895897 8.54 0.02
2458500.2897633 8.49 0.01
2458500.2899369 8.51 0.01
2458500.2901105 8.52 0.01
2458500.2904577 8.53 0.01
2458500.2906313 8.54 0.01
2458500.2908049 8.52 0.01
2458500.2909785 8.55 0.02
2458500.2911522 8.50 0.01
2458500.2913258 8.50 0.01
2458500.2914994 8.52 0.01
2458500.2916730 8.49 0.01
2458500.2918466 8.51 0.01
2458500.2920202 8.54 0.01
2458500.2923688 8.54 0.01
2458500.2927157 8.53 0.01
2458500.2932360 8.52 0.01
2458500.2935829 8.53 0.01
2458528.2614915 8.50 0.04
2458528.2616651 8.52 0.04
2458528.2620123 8.49 0.04
2458528.2621859 8.48 0.03
2458528.2623608 8.53 0.04
2458528.2628811 8.54 0.04
2458528.2632280 8.51 0.04
2458528.2635749 8.57 0.05
2458528.2642693 8.52 0.05
2458528.2646165 8.44 0.05
2458528.2649637 8.52 0.06
2458528.2651373 8.46 0.06
2458528.2653109 8.40 0.06
2458528.2654845 8.50 0.06
2458528.2656581 8.59 0.07
2458528.2658318 8.39 0.06
2458528.2660054 8.47 0.07
2458528.2663526 8.65 0.08
2458528.2665262 8.51 0.07
2458528.2666998 8.55 0.08
2458528.2668734 8.50 0.08
2458528.2672207 8.63 0.10
2458528.2673943 8.48 0.08
2458528.2679151 8.56 0.10
2458528.2680887 8.58 0.09
2458528.2682623 8.55 0.09
2458528.2686095 8.50 0.09
2458528.2687832 8.62 0.11
2458528.2693040 8.35 0.09
2458528.2694776 8.63 0.11
2458528.2698248 8.69 0.12
2458528.2699984 8.45 0.09
2458528.2701720 8.42 0.09
2458528.2703456 8.46 0.10
2458528.2706929 8.54 0.11
2458528.2712137 8.45 0.09
2458528.2713873 8.50 0.09
2458528.2715609 8.45 0.08
2458528.2717345 8.46 0.08
2458528.2720818 8.48 0.08
2458528.2722554 8.56 0.08
2458528.2726026 8.60 0.09
2458528.2731234 8.73 0.11
2458528.2732970 8.62 0.12
2458528.2734706 8.52 0.12
2458528.2736443 8.52 0.12
2458528.2738179 8.57 0.14
2458528.2739915 8.51 0.14
2458528.2741665 8.57 0.15
2458528.2745134 8.48 0.15
2458528.2752072 8.31 0.13
2458528.2753806 8.48 0.14
2458528.2755541 8.45 0.13
2458528.2757276 8.48 0.13
2458528.2759012 8.34 0.12
2458528.2762484 8.51 0.13
2458528.2771165 8.50 0.12
2458528.2772901 8.48 0.11
2458528.2778109 8.40 0.10
2458528.2779845 8.52 0.11
2458528.2783318 8.38 0.09
2458528.2785054 8.52 0.11
2458528.2788526 8.46 0.10
2458528.2790262 8.52 0.10
2458528.2791998 8.44 0.09
2458528.2793734 8.56 0.10
2458528.2797206 8.65 0.11
2458528.2798943 8.46 0.10
2458528.2802415 8.52 0.11
2458528.2804151 8.58 0.11
2458528.2805887 8.53 0.10
2458528.2807623 8.60 0.09
2458528.2811095 8.46 0.08
2458528.2819776 8.48 0.09
2458528.2821512 8.31 0.07
2458528.2824984 8.38 0.08
2458528.2826720 8.41 0.08
2458528.2828457 8.42 0.09
2458528.2830193 8.55 0.09
2458528.2831929 8.42 0.08
2458528.2835401 8.41 0.08
2458528.2837137 8.51 0.09
2458528.2838873 8.50 0.08
2458528.2840609 8.41 0.08
2458528.2844082 8.61 0.09
2458528.2845818 8.57 0.09
2458528.2847554 8.56 0.09
2458528.2849290 8.52 0.09
2458528.2851026 8.40 0.08
2458528.2852762 8.51 0.09
2458528.2854498 8.69 0.11
2458528.2856234 8.49 0.09
2458528.2857970 8.60 0.10
2458528.2859706 8.45 0.09
2458528.2863192 8.36 0.08
2458528.2864926 8.61 0.10
2458528.2866660 8.53 0.09
2458528.2868395 8.62 0.09
2458528.2870129 8.52 0.08
2458528.2871864 8.52 0.09
2458528.2873598 8.60 0.09
2458528.2875333 8.54 0.09
2458528.2877068 8.38 0.07
2458528.2880540 8.64 0.09
2458528.2882276 8.70 0.09
2458528.2884012 8.56 0.08
2458528.2887484 8.51 0.06
2458528.2889220 8.51 0.06
2458528.2890956 8.55 0.07
2458528.2892693 8.54 0.07
2458528.2894429 8.47 0.06
2458528.2896165 8.57 0.07
2458528.2897901 8.53 0.07
2458528.2901373 8.65 0.08
2458528.2903109 8.40 0.06
2458528.2904845 8.54 0.07
2458528.2906582 8.46 0.07
2458528.2910054 8.43 0.07
2458528.2911790 8.57 0.08
2458528.2913526 8.66 0.09
2458528.2915262 8.54 0.08
2458528.2918734 8.53 0.07
2458528.2920470 8.49 0.07
2458528.2922207 8.75 0.09
2458528.2925679 8.56 0.07
2458528.2927415 8.45 0.07
2458528.2929151 8.51 0.07
2458528.2930887 8.43 0.06
2458528.2934359 8.53 0.07
2458528.2936095 8.61 0.08
2458528.2937831 8.53 0.07
2458528.2939568 8.59 0.07
2458528.2943040 8.61 0.07
2458528.2944776 8.51 0.06
2458528.2946512 8.43 0.06
2458528.2948248 8.53 0.06
2458528.2949984 8.46 0.06
2458528.2951720 8.57 0.07
2458528.2953456 8.59 0.07
2458528.2955193 8.61 0.08
2458528.2956929 8.55 0.07