2458467.3670250 10.74 0.11
2458467.3673723 10.60 0.10
2458467.3678931 10.65 0.11
2458467.3682403 10.62 0.10
2458467.3684139 10.60 0.10
2458467.3685875 10.51 0.09
2458467.3687611 10.60 0.10
2458467.3689347 10.51 0.09
2458467.3691084 10.76 0.12
2458467.3692820 10.73 0.11
2458467.3696292 10.75 0.12
2458467.3698028 10.85 0.13
2458467.3699764 10.68 0.11
2458467.3701500 10.76 0.12
2458467.3703236 10.63 0.10
2458467.3704972 10.62 0.10
2458467.3708445 10.87 0.13
2458467.3710181 10.69 0.11
2458467.3711917 10.77 0.12
2458467.3713653 10.86 0.13
2458467.3717125 10.86 0.13
2458467.3718861 10.99 0.15
2458467.3720598 10.88 0.13
2458467.3722334 10.73 0.11
2458467.3724070 10.72 0.12
2458467.3731014 10.57 0.10
2458467.3732750 10.81 0.12
2458467.3737959 10.88 0.13
2458467.3743167 10.68 0.11
2458467.3744903 10.66 0.11
2458467.3746639 10.72 0.11
2458467.3748375 10.84 0.13
2458467.3750111 10.57 0.10
2458467.3751848 10.80 0.12
2458467.3753584 10.60 0.10
2458467.3755332 10.78 0.12
2458467.3757067 10.56 0.10
2458467.3758801 10.62 0.10
2458467.3762270 10.64 0.11
2458467.3765739 10.89 0.13
2458467.3772681 10.73 0.12
2458467.3774417 10.75 0.12
2458467.3776153 10.74 0.12
2458467.3777889 10.58 0.10
2458467.3779625 10.52 0.09
2458467.3781361 10.80 0.12
2458467.3783097 10.63 0.11
2458467.3784834 10.96 0.14
2458467.3788306 10.82 0.13
2458467.3790042 10.66 0.11
2458467.3791778 10.61 0.10
2458467.3795250 10.63 0.11
2458467.3796986 10.84 0.13
2458467.3798723 10.85 0.13
2458467.3802195 10.94 0.14
2458467.3805667 10.92 0.14
2458467.3807403 10.69 0.11
2458467.3809139 10.66 0.11
2458467.3810875 10.67 0.11
2458467.3812611 10.85 0.13
2458467.3814348 10.72 0.11
2458467.3816084 10.65 0.11
2458467.3817820 10.50 0.10
2458467.3819556 10.69 0.11
2458467.3821292 10.62 0.11
2458467.3823028 10.92 0.14
2458467.3828236 10.82 0.13
2458467.3829973 10.52 0.10
2458467.3831709 10.61 0.11
2458467.3833445 10.84 0.13
2458467.3835181 10.65 0.11
2458467.3836917 10.91 0.14
2458467.3840389 10.86 0.13
2458467.3843861 10.67 0.11
2458467.3849070 10.73 0.12
2458467.3850806 10.65 0.11
2458467.3852542 10.75 0.12
2458467.3854278 10.73 0.12
2458467.3857750 10.68 0.11
2458467.3859486 10.65 0.11
2458467.3864695 10.91 0.14
2458467.3866431 10.76 0.12
2458467.3868167 10.80 0.13
2458467.3869903 10.81 0.13
2458467.3873389 10.76 0.12
2458467.3876858 10.80 0.13
2458467.3878592 10.78 0.12
2458467.3880327 10.63 0.11
2458467.3882061 10.94 0.14
2458467.3883795 10.81 0.13
2458467.3885530 10.77 0.12
2458467.3887264 10.51 0.10
2458467.3892473 10.76 0.12
2458467.3895945 10.57 0.10
2458467.3897681 10.56 0.10
2458467.3901153 10.62 0.11
2458467.3902889 10.77 0.12
2458467.3906361 10.66 0.11
2458467.3909834 10.99 0.15
2458467.3911570 10.74 0.12
2458467.3918514 10.87 0.13
2458467.3920250 10.83 0.13
2458467.3925459 10.77 0.12
2458467.3927195 10.65 0.11
2458467.3928931 10.48 0.09
2458467.3930667 10.93 0.14
2458467.3932403 10.64 0.11
2458467.3934139 10.85 0.13
2458467.3935875 10.70 0.12
2458467.3937611 10.67 0.11
2458467.3941084 10.82 0.13
2458467.3942820 10.62 0.11
2458467.3944556 10.73 0.12
2458467.3946292 10.79 0.13
2458467.3948028 10.85 0.13
2458467.3951500 10.76 0.12
2458467.3953236 10.91 0.14
2458467.3956709 10.71 0.12
2458467.3958445 10.93 0.14
2458467.3963653 10.91 0.14
2458467.3965389 10.77 0.12
2458467.3967125 10.83 0.13
2458467.3968861 10.75 0.12
2458467.3970598 10.77 0.12
2458467.3972334 10.85 0.13
2458467.3974070 10.67 0.11
2458467.3975806 10.68 0.11
2458467.3981014 10.75 0.12
2458467.3982750 10.77 0.12
2458467.3984486 10.83 0.13
2458467.3986223 10.83 0.13
2458467.3989695 10.66 0.11
2458467.3991431 10.72 0.12
2458467.3994914 10.86 0.13
2458467.3996649 10.57 0.10
2458467.3998383 10.84 0.13
2458467.4000118 10.79 0.12
2458467.4001852 10.71 0.12
2458467.4003586 10.68 0.11
2458467.4005321 10.81 0.13
2458467.4007056 10.71 0.12
2458467.4008792 10.82 0.13
2458467.4012264 10.87 0.14
2458467.4015736 10.85 0.13
2458467.4019209 10.76 0.12
2458467.4022681 10.82 0.13
2458467.4026153 10.69 0.11
2458467.4027889 10.72 0.12
2458467.4029625 10.71 0.12
2458467.4031361 10.81 0.13
2458467.4033098 10.67 0.11
2458467.4034834 10.86 0.13
2458467.4038306 10.83 0.13
2458467.4040042 10.76 0.12
2458467.4043514 10.88 0.14
2458467.4045250 11.00 0.15
2458467.4046986 10.71 0.12
2458467.4052195 10.83 0.13
2458467.4053931 10.72 0.12
2458467.4055667 10.69 0.11
2458467.4059139 10.64 0.11
2458467.4060875 10.85 0.13
2458467.4062611 10.83 0.13
2458467.4067820 10.80 0.13
2458467.4069556 11.00 0.15
2458467.4071292 10.87 0.14
2458467.4074764 10.70 0.12
2458467.4076500 10.83 0.13
2458467.4078236 10.65 0.11
2458467.4079972 10.71 0.12
2458467.4081709 10.49 0.10
2458467.4083445 10.64 0.11
2458467.4086917 10.62 0.11
2458467.4088653 10.87 0.14
2458467.4095597 10.79 0.13
2458467.4097334 10.93 0.14
2458467.4099070 10.72 0.12
2458467.4100806 10.80 0.13
2458467.4102542 10.83 0.13
2458467.4106014 10.71 0.12
2458467.4107750 10.53 0.10
2458467.4111236 10.84 0.13
2458467.4112971 10.71 0.12
2458467.4118174 10.98 0.15
2458467.4119908 10.86 0.14
2458467.4121643 10.69 0.12
2458467.4125112 10.75 0.12
2458467.4126848 10.61 0.11
2458467.4128584 10.74 0.12
2458467.4130320 10.89 0.14
2458467.4137264 10.71 0.12
2458467.4139000 10.77 0.13
2458467.4140736 10.84 0.13
2458467.4145945 10.74 0.12
2458467.4147681 10.51 0.10
2458467.4152889 10.69 0.12
2458467.4154625 10.60 0.11
2458467.4156361 10.58 0.11
2458467.4158097 10.74 0.12
2458467.4166778 10.76 0.12
2458467.4168514 10.86 0.14
2458467.4170250 10.80 0.13
2458467.4171986 10.75 0.13
2458467.4175459 10.82 0.13
2458467.4178931 10.99 0.16
2458467.4180667 10.67 0.12
2458467.4182403 10.81 0.13
2458467.4184139 10.68 0.12
2458467.4191084 10.79 0.13
2458467.4192820 10.73 0.13
2458467.4196292 10.77 0.13
2458467.4198028 10.90 0.15
2458467.4199764 10.75 0.13
2458467.4201500 10.81 0.14
2458467.4203236 10.83 0.14
2458467.4204973 10.72 0.12
2458467.4206709 10.81 0.14
2458469.3667865 10.59 0.07
2458469.3670135 10.70 0.08
2458469.3671871 10.82 0.09
2458469.3673607 10.72 0.08
2458469.3675343 10.77 0.09
2458469.3677079 10.71 0.08
2458469.3678815 10.70 0.08
2458469.3680551 10.63 0.08
2458469.3682287 10.68 0.08
2458469.3684023 10.64 0.08
2458469.3685760 10.67 0.08
2458469.3687496 10.80 0.09
2458469.3689232 10.77 0.09
2458469.3690968 10.62 0.08
2458469.3692704 10.75 0.09
2458469.3694440 10.62 0.08
2458469.3696176 10.69 0.08
2458469.3697912 10.75 0.09
2458469.3699648 10.76 0.09
2458469.3706593 10.65 0.08
2458469.3708329 10.66 0.08
2458469.3717009 10.66 0.08
2458469.3718746 10.74 0.08
2458469.3722218 10.77 0.09
2458469.3723954 10.68 0.08
2458469.3725690 10.65 0.08
2458469.3727426 10.69 0.08
2458469.3730898 10.57 0.07
2458469.3732635 10.63 0.08
2458469.3734371 10.62 0.08
2458469.3737843 10.66 0.08
2458469.3739579 10.60 0.08
2458469.3741315 10.66 0.08
2458469.3746524 10.63 0.08
2458469.3748260 10.64 0.08
2458469.3749996 10.69 0.08
2458469.3753468 10.62 0.08
2458469.3756940 10.60 0.07
2458469.3760425 10.70 0.08
2458469.3762159 10.64 0.08
2458469.3767363 10.66 0.08
2458469.3769097 10.63 0.08
2458469.3770832 10.66 0.08
2458469.3774301 10.69 0.08
2458469.3776037 10.68 0.08
2458469.3777773 10.65 0.08
2458469.3779510 10.62 0.08
2458469.3781246 10.78 0.09
2458469.3782982 10.83 0.09
2458469.3784718 10.63 0.08
2458469.3786454 10.70 0.08
2458488.3044163 10.78 0.11
2458488.3047635 10.76 0.11
2458488.3049371 10.59 0.09
2458488.3052844 10.72 0.11
2458488.3054579 10.69 0.10
2458488.3056316 10.58 0.09
2458488.3059788 10.74 0.11
2458488.3061524 10.71 0.10
2458488.3063260 10.61 0.09
2458488.3064996 10.55 0.09
2458488.3066732 10.69 0.10
2458488.3071941 10.62 0.10
2458488.3073677 10.66 0.10
2458488.3077149 10.80 0.11
2458488.3080621 10.68 0.10
2458488.3082357 10.89 0.12
2458488.3084093 10.76 0.11
2458488.3089302 10.74 0.11
2458488.3092788 10.58 0.09
2458488.3094522 10.76 0.11
2458488.3097991 10.87 0.12
2458488.3099726 10.74 0.11
2458488.3101460 10.88 0.12
2458488.3103194 10.79 0.11
2458488.3104929 10.72 0.11
2458488.3110135 10.56 0.09
2458488.3111871 10.75 0.11
2458488.3115344 10.95 0.13
2458488.3125760 10.78 0.11
2458488.3129232 10.77 0.11
2458488.3130969 10.58 0.10
2458488.3132705 10.68 0.10
2458488.3134441 10.69 0.11
2458488.3136177 10.66 0.10
2458488.3137913 10.61 0.10
2458488.3139649 10.78 0.12
2458488.3143121 10.80 0.12
2458488.3150066 10.67 0.10
2458488.3151802 10.54 0.09
2458488.3158746 10.56 0.09
2458488.3162218 10.70 0.11
2458488.3163955 10.68 0.11
2458488.3172635 10.63 0.10
2458488.3174371 10.68 0.11
2458488.3176107 10.53 0.09
2458488.3186524 10.68 0.11
2458488.3193469 10.58 0.10
2458488.3196941 10.71 0.11
2458488.3198677 10.69 0.11
2458488.3202149 10.63 0.10
2458488.3207357 10.69 0.11
2458488.3209094 10.80 0.12
2458488.3210830 10.88 0.13
2458488.3216048 10.78 0.12
2458488.3219517 10.73 0.11
2458488.3226455 10.72 0.11
2458488.3228191 10.89 0.13
2458488.3229927 10.76 0.12
2458488.3231663 10.82 0.12
2458488.3233399 10.95 0.14
2458488.3235135 10.81 0.12
2458488.3236871 10.73 0.11
2458488.3238607 10.66 0.11
2458488.3240343 10.67 0.11
2458488.3243816 10.84 0.13
2458488.3245552 10.78 0.12
2458488.3247288 10.84 0.12
2458488.3249024 10.76 0.12
2458488.3250760 11.00 0.14
2458488.3252496 10.74 0.11
2458488.3254232 10.63 0.10
2458488.3255969 10.81 0.12
2458488.3259441 10.82 0.12
2458488.3261177 10.66 0.11
2458488.3262913 10.67 0.11
2458488.3264649 10.59 0.10
2458488.3266385 10.81 0.12
2458488.3268121 10.91 0.13
2458488.3269857 10.81 0.12
2458488.3271594 10.88 0.13
2458488.3275066 10.68 0.11
2458488.3283746 10.64 0.11
2458488.3285482 10.73 0.12
2458488.3288955 10.71 0.11
2458488.3292427 10.83 0.12
2458488.3294163 10.64 0.10
2458488.3295899 10.95 0.14
2458488.3297635 10.74 0.12
2458488.3299371 10.66 0.11
2458488.3301107 10.86 0.13
2458488.3302843 10.95 0.14
2458488.3304580 10.78 0.12
2458488.3311524 10.76 0.12
2458488.3313260 10.81 0.12
2458488.3314996 10.80 0.12
2458488.3316732 10.66 0.11
2458488.3318468 11.10 0.16
2458488.3320205 10.97 0.14
2458488.3321941 10.79 0.12
2458488.3323677 10.65 0.11
2458488.3325413 10.73 0.11
2458488.3328885 10.58 0.10
2458488.3330621 10.76 0.12
2458488.3332370 10.94 0.14
2458488.3334105 10.74 0.12
2458488.3335839 10.56 0.10
2458488.3337574 10.71 0.11
2458488.3341043 10.55 0.10
2458488.3342777 10.81 0.12
2458488.3344511 10.85 0.13
2458488.3347982 10.71 0.11
2458488.3349719 10.67 0.11
2458488.3351455 10.75 0.12
2458488.3354927 10.88 0.13
2458488.3356663 10.72 0.11
2458488.3358399 10.62 0.10
2458488.3360135 10.60 0.10
2458488.3361871 10.65 0.11
2458488.3363607 10.77 0.12
2458488.3367080 10.90 0.14
2458488.3370552 10.89 0.14
2458488.3372288 10.78 0.12
2458488.3374024 10.68 0.11
2458488.3377496 10.72 0.12
2458488.3379232 10.50 0.09
2458488.3380968 10.71 0.11
2458488.3382705 10.90 0.13
2458488.3384441 10.76 0.12
2458488.3386177 10.87 0.13
2458488.3387913 10.76 0.12
2458488.3389649 10.67 0.11
2458488.3391385 10.61 0.10
2458488.3393121 10.81 0.12
2458488.3394857 10.66 0.11
2458488.3396593 10.63 0.11
2458488.3398330 10.57 0.10
2458488.3400066 10.60 0.10
2458488.3405274 10.85 0.13
2458488.3407010 10.75 0.12
2458488.3408746 10.75 0.12
2458488.3410482 10.77 0.12
2458488.3412219 10.63 0.11
2458488.3413955 10.76 0.12
2458488.3420899 10.70 0.11
2458488.3426107 10.72 0.12
2458488.3427844 10.77 0.12
2458488.3431316 10.87 0.13
2458488.3433052 10.84 0.13
2458488.3434788 10.80 0.12
2458488.3438260 10.85 0.13
2458488.3439996 10.96 0.14
2458488.3443469 10.86 0.13
2458488.3445205 10.75 0.12
2458488.3446941 10.70 0.11
2458488.3448677 10.79 0.12
2458488.3450413 10.77 0.12
2458488.3452162 10.74 0.12
2458488.3453896 10.77 0.12
2458488.3455631 10.76 0.12
2458488.3457365 10.80 0.12
2458488.3459100 10.86 0.13
2458488.3460834 10.78 0.12
2458488.3462569 10.86 0.13
2458488.3464303 10.86 0.13
2458488.3466038 10.74 0.12
2458488.3467774 10.90 0.14
2458488.3471246 10.78 0.12
2458488.3472982 10.79 0.12
2458488.3474718 10.98 0.15
2458488.3476455 10.83 0.13
2458488.3478191 10.79 0.12
2458488.3479927 10.68 0.11
2458488.3481663 10.86 0.13
2458488.3483399 10.81 0.12
2458488.3485135 10.80 0.12
2458488.3486871 10.91 0.14
2458488.3490344 10.76 0.12
2458488.3492080 10.48 0.09
2458488.3497288 10.92 0.14
2458488.3500760 10.62 0.10
2458488.3504232 10.86 0.13
2458488.3507705 10.62 0.10
2458488.3509441 10.79 0.12
2458488.3511177 10.79 0.12
2458488.3514649 10.84 0.13
2458488.3516385 10.71 0.11
2458488.3518121 10.81 0.12
2458488.3525066 10.62 0.10
2458488.3528538 10.68 0.11
2458488.3530274 10.68 0.11
2458488.3532010 10.63 0.11
2458488.3533746 10.70 0.11
2458488.3535482 10.71 0.11
2458488.3540691 10.64 0.11
2458488.3544163 10.64 0.11
2458488.3545899 10.92 0.14
2458488.3547635 10.79 0.12
2458488.3549371 10.91 0.14
2458488.3551107 10.63 0.11
2458488.3554580 10.75 0.12
2458488.3556316 10.79 0.12
2458488.3558052 10.79 0.12
2458488.3559788 10.58 0.10
2458488.3561524 10.76 0.12
2458488.3563260 10.98 0.14
2458488.3566732 10.89 0.13
2458488.3568469 10.65 0.11
2458488.3570218 10.60 0.10
2458488.3571953 10.74 0.12
2458488.3573687 10.89 0.13
2458488.3577156 10.70 0.11
2458488.3578891 10.77 0.12
2458488.3580625 10.89 0.13
2458488.3582360 10.65 0.11
2458488.3587566 10.67 0.11
2458488.3589302 10.81 0.12
2458488.3591038 10.85 0.13
2458488.3592774 10.67 0.11
2458488.3594510 10.79 0.12
2458488.3596246 10.64 0.11
2458488.3601455 10.99 0.15
2458488.3604927 10.83 0.13
2458488.3608399 10.72 0.12
2458488.3610135 10.93 0.14
2458488.3611871 10.58 0.10
2458488.3615343 10.75 0.12
2458488.3618816 10.87 0.13
2458488.3620552 10.91 0.14
2458488.3624024 10.84 0.13
2458488.3625760 10.69 0.11
2458488.3627496 10.93 0.14
2458488.3629232 10.87 0.13
2458488.3630968 10.78 0.12
2458488.3632705 10.82 0.13
2458488.3637913 10.71 0.12
2458488.3641385 10.89 0.14
2458488.3643121 10.88 0.14
2458488.3646594 10.75 0.12
2458488.3650066 10.84 0.13
2458488.3651802 10.87 0.13
2458488.3653538 10.72 0.12
2458488.3657010 10.64 0.11
2458488.3658746 10.74 0.12
2458488.3660482 11.02 0.15
2458488.3663955 10.94 0.14
2458488.3667427 10.77 0.12
2458488.3669163 10.69 0.11
2458488.3676107 10.71 0.12
2458488.3677844 10.67 0.11
2458488.3679580 10.71 0.12
2458488.3684788 10.82 0.13
2458488.3686524 10.81 0.13
2458488.3688260 10.92 0.14
2458488.3690010 10.95 0.14
2458488.3691744 10.68 0.11
2458488.3693479 10.89 0.14
2458488.3695213 10.85 0.13
2458488.3703885 10.89 0.14
2458488.3705621 10.59 0.10
2458488.3707357 10.81 0.13
2458488.3709093 10.87 0.13
2458488.3710830 10.80 0.13
2458488.3717774 10.74 0.12
2458488.3722982 10.78 0.13
2458488.3726455 10.91 0.14
2458488.3728191 10.67 0.11
2458488.3729927 10.60 0.11
2458488.3735135 10.79 0.12
2458488.3736871 10.78 0.13
2458488.3740343 10.85 0.13
2458493.2519739 10.80 0.11
2458493.2521475 10.68 0.10
2458493.2523211 10.71 0.10
2458493.2526684 10.68 0.10
2458493.2528420 10.67 0.10
2458493.2530156 10.69 0.10
2458493.2531892 10.61 0.09
2458493.2535364 10.57 0.09
2458493.2537100 10.75 0.11
2458493.2538836 10.68 0.10
2458493.2544055 10.55 0.09
2458493.2545789 10.75 0.10
2458493.2547524 10.68 0.10
2458493.2552727 10.65 0.09
2458493.2554461 10.74 0.10
2458493.2557934 10.74 0.10
2458493.2559670 10.55 0.09
2458493.2561406 10.57 0.09
2458493.2564878 10.70 0.10
2458493.2566614 10.62 0.09
2458493.2571823 10.62 0.09
2458493.2573559 10.69 0.10
2458493.2575295 10.62 0.09
2458493.2577031 10.64 0.09
2458493.2578767 10.78 0.11
2458493.2580503 10.76 0.10
2458493.2582239 10.62 0.09
2458493.2583975 10.80 0.11
2458493.2585711 10.63 0.09
2458493.2589184 10.80 0.11
2458493.2590920 10.56 0.09
2458493.2592656 10.89 0.12
2458493.2596128 10.75 0.10
2458493.2597864 10.72 0.10
2458493.2599600 10.66 0.10
2458493.2601336 10.67 0.10
2458493.2603072 10.59 0.09
2458493.2604809 10.77 0.11
2458493.2606545 10.58 0.09
2458493.2610017 10.51 0.08
2458493.2611753 10.61 0.09
2458493.2613489 10.84 0.11
2458493.2615225 10.54 0.09
2458493.2616961 10.66 0.10
2458493.2618697 10.64 0.09
2458493.2622170 10.56 0.09
2458493.2623906 10.59 0.09
2458493.2625642 10.42 0.08
2458493.2627378 10.61 0.09
2458493.2629114 10.71 0.10
2458493.2630850 10.58 0.09
2458493.2636059 10.61 0.09
2458493.2639531 10.74 0.10
2458493.2643003 10.75 0.10
2458493.2644739 10.75 0.10
2458493.2646475 10.81 0.11
2458493.2649948 10.66 0.10
2458493.2651684 10.79 0.11
2458493.2655156 10.73 0.10
2458493.2656892 10.59 0.09
2458493.2658628 10.68 0.10
2458493.2660378 10.54 0.09
2458493.2662112 10.63 0.09
2458493.2669050 10.61 0.09
2458493.2670784 10.61 0.09
2458493.2672519 10.56 0.09
2458493.2674253 10.89 0.12
2458493.2677725 10.73 0.10
2458493.2681197 10.79 0.11
2458493.2682934 10.76 0.10
2458493.2688142 10.73 0.10
2458493.2689878 10.66 0.09
2458493.2691614 10.72 0.10
2458493.2693350 10.68 0.10
2458493.2695086 10.66 0.09
2458493.2698559 10.64 0.09
2458493.2702031 10.64 0.09
2458493.2703767 10.75 0.10
2458493.2712448 10.75 0.10
2458493.2714184 10.68 0.10
2458493.2715920 10.71 0.10
2458493.2717656 10.64 0.09
2458493.2719392 10.56 0.09
2458493.2721128 10.78 0.11
2458493.2722864 10.70 0.10
2458493.2728073 10.63 0.09
2458493.2729809 10.61 0.09
2458493.2735017 10.71 0.10
2458493.2736753 10.38 0.07
2458493.2738489 10.72 0.10
2458493.2740225 10.69 0.10
2458493.2741961 10.69 0.10
2458493.2743697 10.83 0.11
2458493.2745434 10.56 0.09
2458493.2748906 10.68 0.10
2458493.2752378 10.64 0.09
2458493.2754114 10.93 0.12
2458493.2759322 10.58 0.09
2458493.2761059 10.72 0.10
2458493.2762795 10.80 0.11
2458493.2769739 10.82 0.11
2458493.2771475 10.72 0.10
2458493.2773211 10.70 0.10
2458493.2774947 10.65 0.10
2458493.2778420 10.65 0.09
2458493.2780169 10.78 0.11
2458493.2781904 10.66 0.09
2458493.2783638 10.73 0.10
2458493.2785373 10.71 0.10
2458493.2787107 10.65 0.09
2458493.2788841 10.77 0.11
2458493.2794045 10.88 0.12
2458493.2795781 10.79 0.11
2458493.2797517 10.73 0.10
2458493.2802725 10.63 0.09
2458493.2807934 10.79 0.11
2458493.2814878 10.68 0.10
2458493.2820086 10.78 0.11
2458493.2823559 10.89 0.12
2458493.2825295 10.61 0.09
2458493.2827031 10.69 0.10
2458493.2828767 10.65 0.09
2458493.2832239 10.62 0.09
2458493.2835711 10.68 0.10
2458493.2837447 10.53 0.08
2458493.2839184 10.66 0.10
2458493.2840920 10.69 0.10
2458493.2842656 10.53 0.09
2458493.2847864 10.54 0.09
2458493.2851336 10.57 0.09
2458493.2853072 10.66 0.10
2458493.2854809 10.77 0.11
2458493.2858281 10.84 0.11
2458493.2860017 10.59 0.09
2458493.2861753 10.67 0.10
2458493.2865225 10.55 0.09
2458493.2866961 10.68 0.10
2458493.2868698 10.48 0.08
2458493.2870434 10.67 0.10
2458493.2875642 10.71 0.10
2458493.2877378 10.83 0.11
2458493.2886059 10.77 0.11
2458493.2887795 10.75 0.10
2458493.2889531 10.59 0.09
2458493.2896475 10.58 0.09
2458493.2898211 10.68 0.10
2458493.2901695 10.71 0.10
2458493.2905164 10.59 0.09
2458493.2906898 10.70 0.10
2458493.2910367 10.67 0.10
2458493.2912102 10.61 0.09
2458493.2913836 10.71 0.10
2458493.2915572 10.70 0.10
2458493.2919045 10.57 0.09
2458493.2920781 10.62 0.09
2458493.2925989 10.78 0.11
2458493.2927725 10.72 0.10
2458493.2929461 10.56 0.09
2458493.2936406 10.75 0.10
2458493.2941614 10.73 0.10
2458493.2945086 10.55 0.09
2458493.2946823 10.71 0.10
2458493.2952031 10.62 0.09
2458493.2953767 10.68 0.10
2458493.2955503 10.52 0.08
2458493.2958975 10.65 0.10
2458493.2962448 10.73 0.10
2458493.2965920 10.55 0.09
2458493.2967656 10.61 0.09
2458493.2969392 10.60 0.09
2458493.2972864 10.58 0.09
2458493.2979809 10.64 0.09
2458493.2981545 10.71 0.10
2458493.2988489 10.68 0.10
2458493.2990225 10.65 0.10
2458493.2991961 10.82 0.11
2458493.2995434 10.79 0.11
2458493.2997170 10.75 0.11
2458493.3000642 10.58 0.09
2458493.3002378 10.71 0.10
2458493.3004114 10.64 0.10
2458493.3018931 10.80 0.11
2458493.3023327 10.64 0.10
2458493.3026799 10.58 0.09
2458493.3032008 10.55 0.09
2458493.3037216 10.62 0.09
2458493.3044161 10.73 0.10
2458493.3049369 10.69 0.10
2458493.3056313 10.78 0.11
2458493.3058049 10.67 0.10
2458493.3061522 10.67 0.10
2458493.3063258 10.58 0.09
2458493.3066730 10.66 0.10
2458493.3070202 10.67 0.10
2458493.3071938 10.58 0.09
2458493.3073674 10.54 0.08
2458493.3075410 10.62 0.09
2458493.3077147 10.62 0.09
2458493.3082355 10.79 0.11
2458493.3085827 10.68 0.10
2458493.3091036 10.67 0.10
2458493.3094508 10.55 0.09
2458493.3096244 10.67 0.10
2458493.3099716 10.76 0.10
2458493.3104924 10.63 0.09
2458493.3110133 10.72 0.10
2458493.3113605 10.66 0.10
2458493.3115341 10.65 0.09
2458493.3120549 10.58 0.09
2458493.3124033 10.67 0.10
2458493.3125767 10.66 0.09
2458493.3127502 10.57 0.09
2458493.3129236 10.69 0.10
2458493.3130971 10.64 0.09
2458493.3134439 10.60 0.09
2458493.3137910 10.51 0.08
2458493.3141383 10.75 0.10
2458493.3143119 10.79 0.11
2458493.3144855 10.63 0.09
2458493.3146591 10.49 0.08
2458493.3150063 10.64 0.09
2458493.3151799 10.64 0.09
2458493.3155272 10.62 0.09
2458493.3157008 10.51 0.08
2458493.3160480 10.59 0.09
2458493.3163952 10.65 0.09
2458493.3165688 10.61 0.09
2458493.3169161 10.71 0.10
2458493.3172633 10.64 0.09
2458493.3174369 10.76 0.10
2458493.3176105 10.62 0.09
2458493.3177841 10.61 0.09
2458493.3179577 10.66 0.09
2458493.3181313 10.72 0.10
2458493.3183049 10.70 0.10
2458493.3186522 10.50 0.08
2458493.3188258 10.61 0.09
2458493.3189994 10.63 0.09
2458493.3195202 10.71 0.10
2458493.3196938 10.82 0.11
2458493.3198674 10.62 0.09
2458493.3200411 10.56 0.08
2458493.3203883 10.67 0.09
2458493.3205619 10.64 0.09
2458493.3207355 10.67 0.09
2458493.3210827 10.67 0.10
2458493.3214299 10.55 0.08
2458493.3216035 10.57 0.09
2458493.3217772 10.53 0.08
2458493.3219508 10.67 0.09
2458493.3222980 10.64 0.09
2458493.3224716 10.78 0.10
2458493.3226452 10.71 0.10
2458493.3228188 10.64 0.09
2458493.3233397 10.75 0.10
2458493.3235133 10.95 0.12
2458493.3236869 10.75 0.10
2458493.3238605 10.73 0.10
2458493.3243824 10.76 0.10
2458493.3247293 10.83 0.11
2458493.3254231 10.84 0.11
2458493.3257702 10.58 0.09
2458493.3259438 10.76 0.10
2458493.3261174 10.78 0.10
2458493.3264647 10.52 0.08
2458493.3266383 10.55 0.09
2458493.3268119 10.69 0.10
2458493.3271591 10.78 0.10
2458493.3275063 10.60 0.09
2458493.3282008 10.45 0.08
2458493.3283744 10.46 0.08
2458493.3285480 10.60 0.09
2458493.3287216 10.55 0.08
2458493.3288952 10.79 0.11
2458493.3302841 10.74 0.10
2458493.3304577 10.64 0.09
2458493.3308049 10.50 0.08
2458493.3309785 10.76 0.10
2458493.3313258 10.54 0.08
2458493.3320202 10.64 0.09
2458493.3321938 10.52 0.08
2458493.3323674 10.66 0.09
2458493.3328883 10.55 0.08
2458493.3330619 10.65 0.09
2458493.3337563 10.70 0.10
2458493.3341036 10.63 0.09
2458493.3344508 10.57 0.09
2458493.3346244 10.70 0.10
2458493.3347980 10.61 0.09
2458493.3349716 10.70 0.10
2458493.3353188 10.70 0.10
2458493.3356661 10.75 0.10
2458493.3363616 10.71 0.10
2458493.3368820 10.62 0.09
2458493.3370554 10.59 0.09
2458493.3372288 10.57 0.09
2458493.3374023 10.73 0.10
2458493.3377494 10.61 0.09
2458493.3382702 10.70 0.10
2458493.3386174 10.55 0.09
2458493.3387910 10.69 0.10
2458493.3389647 10.48 0.08
2458493.3391383 10.50 0.08
2458493.3393119 10.65 0.09
2458493.3396591 10.70 0.10
2458493.3400063 10.66 0.10
2458493.3401799 10.69 0.10
2458493.3405272 10.74 0.10
2458493.3407008 10.65 0.10
2458493.3408744 10.57 0.09
2458493.3410480 10.72 0.10
2458493.3413952 10.73 0.10
2458493.3417424 10.76 0.10
2458493.3419161 10.53 0.08
2458493.3420897 10.62 0.09
2458493.3422633 10.79 0.11
2458493.3424369 10.62 0.09
2458493.3427841 10.66 0.09
2458493.3429577 10.69 0.10
2458493.3433049 10.63 0.09
2458493.3438258 10.64 0.09
2458493.3441730 10.58 0.09
2458493.3443466 10.60 0.09
2458493.3445202 10.62 0.09
2458493.3446938 10.66 0.09
2458493.3448674 10.81 0.11
2458493.3450410 10.59 0.09
2458493.3452147 10.58 0.09
2458493.3455619 10.71 0.10
2458493.3459091 10.59 0.09
2458493.3460827 10.83 0.11
2458493.3462563 10.52 0.08
2458493.3467772 10.79 0.11
2458493.3471244 10.68 0.10
2458493.3472980 10.54 0.09
2458493.3474716 10.65 0.10
2458493.3476452 10.61 0.09
2458493.3481673 10.63 0.09
2458493.3483408 10.78 0.11
2458493.3485142 10.59 0.09
2458493.3486876 10.49 0.08
2458493.3493814 10.74 0.10
2458493.3502494 10.66 0.10
2458493.3507702 10.56 0.09
2458493.3509438 10.68 0.10
2458493.3511174 10.77 0.10
2458493.3512911 10.59 0.09
2458493.3514647 10.65 0.09
2458493.3516383 10.56 0.09
2458493.3519855 10.77 0.11
2458493.3521591 10.60 0.09
2458493.3523327 10.73 0.10
2458493.3525063 10.90 0.12
2458493.3526799 10.76 0.10
2458493.3530272 10.70 0.10
2458493.3532008 10.76 0.10
2458493.3535480 10.73 0.10
2458493.3537216 10.60 0.09
2458493.3540688 10.83 0.11
2458493.3542424 10.59 0.09
2458493.3544160 10.59 0.09
2458493.3545897 10.73 0.10
2458493.3554577 10.62 0.09
2458493.3556313 10.62 0.09
2458493.3559786 10.54 0.08
2458493.3563258 10.58 0.09
2458493.3564994 10.63 0.09
2458493.3566730 10.83 0.11
2458493.3568466 10.55 0.08
2458493.3570202 10.63 0.09
2458493.3571938 10.66 0.09
2458493.3582355 10.67 0.10
2458493.3584091 10.63 0.09
2458493.3587563 10.66 0.09
2458493.3591036 10.70 0.10
2458493.3592772 10.68 0.10
2458493.3594508 10.81 0.11
2458493.3596244 10.56 0.09
2458493.3599716 10.61 0.09
2458493.3601465 10.56 0.09
2458493.3603199 10.55 0.09
2458493.3606668 10.96 0.13
2458493.3610137 10.56 0.09
2458493.3611871 10.70 0.10
2458493.3613606 10.61 0.09
2458493.3618813 10.79 0.11
2458493.3622285 10.87 0.12
2458493.3634438 10.59 0.09
2458493.3636174 10.65 0.09
2458493.3639647 10.72 0.10
2458493.3641383 10.67 0.10
2458493.3646591 10.62 0.09
2458493.3650063 10.53 0.08
2458493.3657008 10.65 0.09
2458493.3658744 10.69 0.10
2458493.3663952 10.64 0.09
2458493.3665688 10.77 0.10
2458493.3667424 10.75 0.10
2458493.3669161 10.69 0.10
2458493.3670897 10.68 0.10
2458493.3672633 10.62 0.09
2458493.3676105 10.61 0.09
2458493.3679577 10.51 0.08
2458493.3681313 10.72 0.10
2458493.3683049 10.73 0.10
2458493.3684785 10.60 0.09
2458493.3686522 10.63 0.09
2458493.3688258 10.56 0.09
2458493.3691730 10.83 0.11
2458493.3693466 10.63 0.09
2458493.3695202 10.61 0.09
2458493.3696938 10.62 0.09
2458493.3700410 10.57 0.09
2458493.3702147 10.75 0.10
2458493.3703883 10.47 0.08
2458493.3705619 10.60 0.09
2458493.3709091 10.73 0.10
2458493.3710827 10.70 0.10
2458493.3712563 10.54 0.09
2458493.3714299 10.58 0.09
2458493.3716036 10.65 0.10
2458493.3717772 10.48 0.08
2458493.3728194 10.52 0.08
2458493.3729928 10.63 0.09
2458493.3731663 10.57 0.09
2458493.3738605 10.59 0.09
2458493.3743813 10.69 0.10
2458493.3745549 10.59 0.09
2458493.3747286 10.52 0.08
2458493.3749022 10.50 0.08
2458493.3750758 10.65 0.10
2458493.3755966 10.51 0.08
2458493.3757702 10.63 0.09
2458493.3761174 10.68 0.10
2458493.3762910 10.52 0.08
2458493.3764647 10.64 0.09
2458493.3766383 10.61 0.09
2458493.3768119 10.56 0.09
2458493.3771591 10.70 0.10
2458493.3773327 10.64 0.10
2458493.3776799 10.82 0.11
2458493.3778535 10.50 0.08
2458493.3780272 10.62 0.09
2458493.3782008 10.69 0.10
2458493.3785480 10.67 0.10
2458493.3788952 10.71 0.10
2458493.3795897 10.64 0.10
2458493.3797633 10.69 0.10
2458493.3801105 10.68 0.10
2458493.3802841 10.65 0.10
2458493.3806313 10.63 0.09
2458493.3808049 10.70 0.10
2458493.3809786 10.54 0.09
2458493.3811522 10.52 0.09
2458493.3813258 10.66 0.10
2458493.3814994 10.64 0.10
2458493.3820202 10.65 0.10
2458493.3821938 10.64 0.10
2458493.3823674 10.66 0.10
2458493.3825411 10.70 0.10
2458493.3827147 10.69 0.10
2458493.3828883 10.73 0.11
2458493.3832355 10.58 0.09
2458493.3835827 10.63 0.10
2458493.3837563 10.54 0.09
2458493.3839313 10.78 0.11
2458493.3841048 10.68 0.10
2458493.3842782 10.54 0.09
2458493.3849720 10.56 0.09
2458493.3851454 10.83 0.12
2458493.3854924 10.86 0.12
2458493.3856660 10.68 0.10
2458493.3858397 10.72 0.10
2458493.3860133 10.51 0.08
2458493.3861869 11.03 0.14
2458493.3865341 10.72 0.10
2458493.3867077 10.59 0.09
2458493.3868813 10.58 0.09
2458493.3870549 10.60 0.09
2458493.3872286 10.84 0.12
2458493.3874022 10.79 0.11
2458493.3875758 10.73 0.11
2458493.3877494 10.61 0.09
2458493.3879230 10.73 0.11
2458493.3880966 10.83 0.11
2458493.3882702 10.78 0.11
2458493.3886174 10.79 0.11
2458493.3894855 10.56 0.09
2458493.3896591 10.65 0.10
2458493.3900063 10.48 0.08
2458493.3901799 10.50 0.09
2458493.3903536 10.71 0.10
2458493.3905272 10.64 0.10
2458493.3910480 10.71 0.10
2458493.3912216 10.67 0.10
2458493.3917424 10.55 0.09
2458493.3919160 10.53 0.09
2458493.3920897 10.60 0.09
2458493.3922633 10.65 0.10
2458493.3924369 10.55 0.09
2458493.3927841 10.76 0.11
2458493.3931313 10.78 0.11
2458493.3934785 10.53 0.09
2458493.3936522 10.42 0.08
2458493.3939994 10.70 0.10
2458493.3946938 10.68 0.10
2458493.3950411 10.53 0.09
2458493.3952147 10.67 0.10
2458493.3957355 10.57 0.09
2458493.3959105 10.50 0.09
2458493.3960839 10.61 0.10
2458493.3962574 10.63 0.10
2458493.3964308 10.57 0.09
2458493.3969511 10.71 0.11
2458493.3971246 10.57 0.09
2458493.3974716 10.59 0.09
2458493.3976452 10.68 0.10
2458493.3978188 10.56 0.09
2458493.3981661 10.57 0.09
2458493.3983397 10.74 0.11
2458493.3985133 10.63 0.10
2458493.3988605 10.66 0.10
2458493.3990341 10.49 0.09
2458493.3992077 10.62 0.10
2458493.3995549 10.47 0.09
2458493.4000758 10.74 0.11
2458493.4005966 10.62 0.10
2458493.4007702 10.58 0.09
2458493.4011174 10.71 0.11
2458493.4012910 10.57 0.09
2458493.4016383 10.63 0.10
2458493.4018119 10.80 0.11
2458493.4019855 10.77 0.11
2458493.4030272 10.64 0.10
2458493.4042424 10.63 0.10
2458493.4045897 10.56 0.09
2458493.4049369 10.63 0.10
2458493.4051105 10.69 0.11
2458493.4052841 10.68 0.10
2458493.4058049 10.61 0.10
2458493.4061522 10.57 0.09
2458493.4066730 10.58 0.10
2458493.4070202 10.57 0.09
2458493.4071938 10.66 0.10
2458493.4073674 10.74 0.11
2458493.4075410 10.56 0.09
2458493.4077147 10.55 0.09
2458493.4078896 10.66 0.10
2458493.4089302 10.64 0.10
2458493.4092772 10.57 0.10
2458493.4094508 10.65 0.10
2458493.4101452 10.62 0.10
2458493.4104924 10.65 0.10
2458493.4108397 10.62 0.10
2458493.4110133 10.65 0.10
2458493.4111869 10.49 0.09
2458493.4115341 10.64 0.10
2458493.4117077 10.58 0.10
2458493.4118813 10.55 0.09
2458493.4120549 10.43 0.08
2458493.4122286 10.57 0.10
2458493.4125758 10.66 0.11
2458493.4129230 10.57 0.10
2458493.4130966 10.63 0.10
2458493.4134438 10.59 0.10
2458493.4137911 10.54 0.09
2458493.4139647 10.51 0.09
2458493.4141383 10.66 0.10
2458493.4143119 10.59 0.10
2458493.4148327 10.56 0.10
2458493.4150063 10.54 0.09
2458493.4153535 10.65 0.11
2458493.4155272 10.63 0.10
2458493.4157008 10.61 0.10
2458494.3462100 10.63 0.14
2458494.3465573 10.56 0.13
2458494.3469045 10.65 0.14
2458494.3474253 10.50 0.12
2458494.3475989 10.67 0.14
2458494.3477725 10.66 0.14
2458494.3481197 10.56 0.13
2458494.3484670 10.76 0.15
2458494.3486406 10.68 0.14
2458494.3496822 10.69 0.14
2458494.3502031 10.56 0.13
2458494.3508975 10.69 0.14
2458494.3517656 10.52 0.13
2458494.3528073 10.66 0.15
2458494.3533281 10.57 0.14
2458494.3547172 10.58 0.15
2458494.3552378 10.77 0.18
2458495.1342424 10.55 0.14
2458495.1366730 10.59 0.15
2458495.1377147 10.47 0.13
2458495.1378883 10.49 0.13
2458495.1380619 10.65 0.15
2458495.1389299 10.79 0.17
2458495.1391035 10.56 0.14
2458495.1392772 10.62 0.15
2458495.1404924 10.79 0.17
2458495.1417077 10.72 0.16
2458495.1422286 10.43 0.13
2458495.1424022 10.60 0.15
2458495.1430966 10.60 0.14
2458495.1436174 10.47 0.13
2458495.1444855 10.63 0.15
2458495.1448327 10.64 0.15
2458495.1450063 10.55 0.14
2458495.1451799 10.59 0.14
2458495.1457008 10.60 0.14
2458495.1465688 10.70 0.16
2458495.1467438 10.70 0.16
2458495.1472641 10.68 0.16
2458495.1479579 10.47 0.13
2458495.1481313 10.62 0.15
2458495.1488258 10.59 0.14
2458495.1493466 10.50 0.13
2458495.1495202 10.56 0.14
2458495.1510827 10.76 0.16
2458495.1521244 10.55 0.14
2458495.1522980 10.64 0.15
2458495.1524716 10.69 0.15
2458495.1526452 10.55 0.14
2458495.1528188 10.71 0.16
2458495.1531660 10.76 0.17
2458495.1535133 10.57 0.14
2458495.1536869 10.61 0.14
2458495.1552494 10.80 0.17
2458495.1554230 10.69 0.15
2458495.1557702 10.70 0.16
2458495.1561174 10.59 0.14
2458495.1562911 10.80 0.17
2458495.1564647 10.66 0.15
2458495.1568119 10.50 0.13
2458495.1571591 10.78 0.17
2458495.1573327 10.65 0.15
2458495.1575063 10.62 0.14
2458495.1582008 10.65 0.15
2458495.1583744 10.67 0.15
2458495.1587230 10.42 0.12
2458495.1588964 10.72 0.16
2458495.1592433 10.54 0.13
2458495.1594167 10.69 0.15
2458495.1595902 10.60 0.14
2458495.1601105 10.65 0.15
2458495.1604577 10.41 0.12
2458495.1609785 10.61 0.14
2458495.1616730 10.67 0.15
2458495.1618466 10.46 0.12
2458495.1621938 10.67 0.15
2458495.1630619 10.70 0.15
2458495.1634091 10.51 0.13
2458495.1646244 10.64 0.14
2458495.1656660 10.57 0.14
2458495.1658397 10.33 0.11
2458495.1660133 10.69 0.15
2458495.1663605 10.69 0.15
2458495.1665341 10.63 0.14
2458495.1667077 10.43 0.12
2458495.1672285 10.65 0.14
2458495.1674022 10.76 0.16
2458495.1679230 10.59 0.14
2458495.1689647 10.51 0.13
2458495.1694855 10.71 0.15
2458495.1698327 10.73 0.16
2458495.1700063 10.71 0.15
2458495.1701799 10.62 0.14
2458495.1705272 10.76 0.16
2458495.1707022 10.74 0.16
2458495.1708756 10.64 0.14
2458495.1712225 10.67 0.15
2458495.1715694 10.63 0.14
2458495.1717428 10.58 0.14
2458495.1726105 10.47 0.12
2458495.1731313 10.76 0.16
2458495.1736522 10.66 0.14
2458495.1741730 10.62 0.14
2458495.1743466 10.60 0.14
2458495.1755619 10.67 0.14
2458495.1759091 10.76 0.16
2458495.1764299 10.68 0.15
2458495.1769508 10.55 0.13
2458495.1771244 10.77 0.16
2458495.1772980 10.67 0.14
2458495.1776452 10.63 0.14
2458495.1778188 10.57 0.13
2458495.1785133 10.60 0.14
2458495.1786869 10.63 0.14
2458495.1788605 10.60 0.14
2458495.1792077 10.65 0.14
2458495.1793813 10.63 0.14
2458495.1799022 10.78 0.16
2458495.1800758 10.68 0.15
2458495.1807702 10.62 0.14
2458495.1811174 10.59 0.13
2458495.1816383 10.60 0.14
2458495.1819855 10.60 0.14
2458495.1823327 10.70 0.15
2458495.1825063 10.59 0.13
2458495.1826799 10.68 0.14
2458495.1828548 10.89 0.18
2458495.1830283 10.66 0.14
2458495.1832017 10.71 0.15
2458495.1835486 10.64 0.14
2458495.1838955 10.56 0.13
2458495.1840689 10.60 0.13
2458495.1842424 10.51 0.12
2458495.1845897 10.43 0.11
2458495.1847633 10.73 0.15
2458495.1851105 10.85 0.17
2458495.1852841 10.76 0.15
2458495.1854577 10.49 0.12
2458495.1856313 10.85 0.17
2458495.1858049 10.74 0.15
2458495.1859785 10.54 0.13
2458495.1864994 10.67 0.14
2458495.1866730 10.78 0.16
2458495.1868466 10.61 0.13
2458495.1870202 10.56 0.13
2458495.1882355 10.61 0.13
2458495.1884091 10.74 0.15
2458495.1885827 10.53 0.12
2458495.1887563 10.63 0.14
2458495.1889299 10.55 0.12
2458495.1891036 10.34 0.10
2458495.1894508 10.73 0.15
2458495.1896244 10.69 0.14
2458495.1897980 10.74 0.15
2458495.1906661 10.72 0.15
2458495.1908397 10.74 0.15
2458495.1911869 10.44 0.11
2458495.1913605 10.55 0.13
2458495.1915341 10.84 0.16
2458495.1917077 10.52 0.12
2458495.1920549 10.79 0.16
2458495.1922285 10.57 0.13
2458495.1924022 10.67 0.14
2458495.1925758 10.67 0.14
2458495.1927494 10.83 0.16
2458495.1930966 10.47 0.12
2458495.1932702 10.61 0.13
2458495.1934438 10.45 0.11
2458495.1939647 10.60 0.13
2458495.1941383 10.51 0.12
2458495.1946591 10.51 0.12
2458495.1948340 10.72 0.14
2458495.1950075 10.59 0.13
2458495.1951809 10.73 0.14
2458495.1953544 10.63 0.13
2458495.1955278 10.64 0.13
2458495.1957013 10.73 0.15
2458495.1958747 10.65 0.14
2458495.1960481 10.60 0.13
2458495.1962216 10.65 0.14
2458495.1963952 10.67 0.14
2458495.1967424 10.60 0.13
2458495.1970897 10.65 0.14
2458495.1972633 10.43 0.11
2458495.1976105 10.69 0.14
2458495.1981313 10.63 0.13
2458495.1984786 10.53 0.12
2458495.1986522 10.59 0.13
2458495.1988258 10.64 0.13
2458495.1989994 10.60 0.13
2458495.1991730 10.66 0.14
2458495.1993466 10.66 0.14
2458495.1995202 10.52 0.12
2458495.1998674 10.64 0.13
2458495.2000410 10.43 0.11
2458495.2003883 10.68 0.14
2458495.2005619 10.52 0.12
2458495.2009091 10.59 0.13
2458495.2010827 10.69 0.14
2458495.2012563 10.80 0.16
2458495.2014299 10.64 0.14
2458495.2016035 10.59 0.13
2458495.2019508 10.60 0.13
2458495.2021244 10.52 0.12
2458495.2022980 10.70 0.14
2458495.2026452 10.65 0.14
2458495.2028188 10.70 0.14
2458495.2029924 10.64 0.13
2458495.2031661 10.40 0.11
2458495.2033397 10.63 0.14
2458495.2035133 10.67 0.14
2458495.2036869 10.50 0.12
2458495.2038605 10.82 0.16
2458495.2040341 10.60 0.13
2458495.2045549 10.73 0.15
2458495.2047286 10.56 0.13
2458495.2049022 10.79 0.15
2458495.2052494 10.48 0.12
2458495.2054230 10.66 0.14
2458495.2055966 10.62 0.13
2458495.2057702 10.74 0.15
2458495.2059438 10.63 0.13
2458495.2062911 10.62 0.13
2458495.2064647 10.63 0.14
2458495.2066383 10.71 0.15
2458495.2068132 10.59 0.13
2458495.2069867 10.56 0.13
2458495.2073336 10.41 0.11
2458495.2075070 10.70 0.15
2458495.2078539 10.57 0.13
2458495.2080274 10.56 0.13
2458495.2082008 10.65 0.14
2458495.2083744 10.50 0.12
2458495.2085480 10.65 0.14
2458495.2087216 10.73 0.15
2458495.2088952 10.70 0.14
2458495.2090688 10.42 0.11
2458495.2092424 10.58 0.13
2458495.2094160 10.66 0.14
2458495.2095897 10.52 0.12
2458495.2097633 10.62 0.14
2458495.2102841 10.54 0.12
2458495.2104577 10.67 0.14
2458495.2106313 10.70 0.14
2458495.2108049 10.59 0.13
2458495.2109786 10.42 0.11
2458495.2111522 10.73 0.15
2458495.2116730 10.66 0.14
2458495.2118466 10.71 0.14
2458495.2120202 10.67 0.14
2458495.2121938 10.54 0.12
2458495.2123674 10.54 0.12
2458495.2125411 10.68 0.14
2458495.2128883 10.54 0.12
2458495.2130619 10.63 0.13
2458495.2132355 10.53 0.12
2458495.2135827 10.64 0.14
2458495.2137563 10.67 0.14
2458495.2139299 10.50 0.12
2458495.2142772 10.44 0.11
2458495.2144508 10.34 0.10
2458495.2146244 10.53 0.12
2458495.2147980 10.63 0.13
2458495.2149716 10.55 0.12
2458495.2151452 10.67 0.14
2458495.2153188 10.69 0.14
2458495.2154924 10.53 0.12
2458495.2156660 10.64 0.13
2458495.2158397 10.51 0.12
2458495.2160133 10.31 0.10
2458495.2163605 10.61 0.13
2458495.2165341 10.56 0.12
2458495.2167077 10.56 0.12
2458495.2168813 10.54 0.12
2458495.2170549 10.64 0.13
2458495.2172285 10.55 0.12
2458495.2174022 10.81 0.15
2458495.2175758 10.57 0.12
2458495.2177494 10.42 0.11
2458495.2180966 10.52 0.12
2458495.2182702 10.51 0.12
2458495.2184438 10.60 0.13
2458495.2189658 10.71 0.14
2458495.2191393 10.59 0.13
2458495.2193127 10.39 0.10
2458495.2194862 10.61 0.13
2458495.2198331 10.51 0.12
2458495.2200065 10.55 0.12
2458495.2201799 10.60 0.13
2458495.2203536 10.81 0.16
2458495.2205272 10.75 0.15
2458495.2207008 10.63 0.13
2458495.2208744 10.75 0.15
2458495.2210480 10.67 0.14
2458495.2212216 10.52 0.12
2458495.2215688 10.48 0.12
2458495.2219161 10.65 0.13
2458495.2220897 10.69 0.14
2458495.2222633 10.65 0.13
2458495.2224369 10.64 0.13
2458495.2226105 10.52 0.12
2458495.2227841 10.64 0.13
2458495.2229577 10.64 0.14
2458495.2231313 10.66 0.14
2458495.2234785 10.46 0.11
2458495.2236522 10.66 0.14
2458495.2238258 10.74 0.15
2458495.2239994 10.47 0.12
2458495.2243466 10.74 0.14
2458495.2245202 10.51 0.12
2458495.2246938 10.72 0.14
2458495.2248674 10.69 0.14
2458495.2250410 10.38 0.10
2458495.2253883 10.52 0.12
2458495.2255619 10.61 0.13
2458495.2257355 10.70 0.14
2458495.2262563 10.65 0.13
2458495.2264299 10.75 0.15
2458495.2266036 10.46 0.11
2458495.2267772 10.48 0.12
2458495.2269508 10.72 0.14
2458495.2272980 10.73 0.14
2458495.2274716 10.60 0.13
2458495.2276452 10.61 0.13
2458495.2278188 10.69 0.14
2458495.2279924 10.62 0.13
2458495.2283397 10.60 0.13
2458495.2285133 10.58 0.13
2458495.2286869 10.69 0.14
2458495.2288605 10.50 0.12
2458495.2290341 10.71 0.14
2458495.2292077 10.46 0.11
2458495.2293813 10.50 0.11
2458495.2295549 10.54 0.12
2458495.2297286 10.40 0.11
2458495.2302494 10.56 0.12
2458495.2307716 10.62 0.13
2458495.2309450 10.47 0.11
2458495.2311185 10.52 0.12
2458495.2312919 10.64 0.13
2458495.2314654 10.65 0.13
2458495.2316388 10.65 0.13
2458495.2318122 10.74 0.14
2458495.2319857 10.63 0.13
2458495.2321591 10.67 0.13
2458495.2323327 10.71 0.14
2458495.2325063 10.49 0.11
2458495.2326799 10.67 0.13
2458495.2328535 10.55 0.12
2458495.2330272 10.70 0.14
2458495.2332008 10.64 0.13
2458495.2333744 10.57 0.12
2458495.2335480 10.64 0.13
2458495.2337216 10.54 0.12
2458495.2338952 10.61 0.13
2458495.2340688 10.70 0.14
2458495.2342424 10.84 0.15
2458495.2344161 10.85 0.16
2458495.2345897 10.60 0.12
2458495.2347633 10.80 0.15
2458495.2351105 10.49 0.11
2458495.2352841 10.77 0.15
2458495.2354577 10.68 0.13
2458495.2356313 10.55 0.12
2458495.2358049 10.74 0.14
2458495.2359785 10.76 0.14
2458495.2361522 10.79 0.15
2458495.2363258 10.63 0.13
2458495.2364994 10.60 0.13
2458495.2366730 10.76 0.14
2458495.2368466 10.73 0.14
2458495.2373674 10.54 0.12
2458495.2375411 10.61 0.13
2458495.2380619 10.63 0.13
2458495.2382355 10.69 0.13
2458495.2384091 10.62 0.13
2458495.2387563 10.73 0.14
2458495.2389299 10.64 0.13
2458495.2391035 10.44 0.11
2458495.2392772 10.58 0.12
2458495.2394508 10.70 0.13
2458495.2396244 10.77 0.14
2458495.2397980 10.77 0.14
2458495.2399716 10.82 0.15
2458495.2401452 10.87 0.16
2458495.2403188 10.76 0.14
2458495.2404924 10.76 0.14
2458495.2406660 10.91 0.16
2458495.2408397 10.40 0.10
2458495.2410133 10.59 0.12
2458495.2411869 10.67 0.13
2458495.2413605 10.45 0.11
2458495.2415341 10.55 0.12
2458495.2417077 10.67 0.13
2458495.2418813 10.76 0.14
2458495.2420549 10.67 0.13
2458495.2422286 10.72 0.14
2458495.2424022 10.74 0.14
2458495.2425758 10.75 0.14
2458495.2429242 10.66 0.13
2458495.2432711 10.58 0.12
2458495.2434445 10.60 0.12
2458495.2436180 10.61 0.12
2458495.2437914 10.51 0.11
2458495.2439649 10.41 0.10
2458495.2441383 10.83 0.15
2458495.2443119 10.74 0.14
2458495.2444855 10.72 0.14
2458495.2446591 10.62 0.13
2458495.2450063 10.68 0.13
2458495.2451799 10.63 0.13
2458495.2453536 10.60 0.12
2458495.2455272 10.71 0.14
2458495.2457008 10.50 0.11
2458495.2458744 10.64 0.13
2458495.2460480 10.60 0.12
2458495.2462216 10.74 0.14
2458495.2463952 10.60 0.12
2458495.2465688 10.62 0.13
2458495.2467424 10.53 0.12
2458495.2470897 10.70 0.13
2458495.2472633 10.62 0.12
2458495.2474369 10.80 0.15
2458495.2476105 10.67 0.13
2458495.2477841 10.61 0.12
2458495.2479577 10.52 0.11
2458495.2481313 10.63 0.13
2458495.2483049 10.65 0.13
2458495.2484785 10.73 0.14
2458495.2486522 10.47 0.11
2458495.2488258 10.57 0.12
2458495.2489994 10.82 0.15
2458495.2491730 10.70 0.13
2458495.2493466 10.69 0.13
2458495.2495202 10.59 0.12
2458495.2496938 10.42 0.10
2458495.2498674 10.67 0.13
2458495.2500411 10.67 0.13
2458495.2503883 10.83 0.15
2458495.2505619 10.65 0.13
2458495.2509091 10.67 0.13
2458495.2510827 10.51 0.11
2458495.2512563 10.58 0.12
2458495.2514299 10.75 0.14
2458495.2516036 10.62 0.13
2458495.2517772 10.69 0.14
2458495.2519508 10.59 0.12
2458495.2521244 10.70 0.13
2458495.2526452 11.01 0.18
2458495.2528188 10.65 0.13
2458495.2529924 10.71 0.14
2458495.2531661 10.69 0.13
2458495.2533397 10.84 0.15
2458495.2535133 10.64 0.13
2458495.2536869 10.48 0.11
2458495.2538605 10.74 0.14
2458495.2540341 10.61 0.12
2458495.2542077 10.51 0.11
2458495.2543813 10.58 0.12
2458495.2545549 10.81 0.15
2458495.2547300 10.61 0.12
2458495.2549034 10.72 0.13
2458495.2550769 10.68 0.13
2458495.2552503 10.67 0.13
2458495.2554238 10.71 0.13
2458495.2555972 10.64 0.13
2458495.2559441 10.83 0.15
2458495.2561175 10.72 0.13
2458495.2562910 10.75 0.14
2458495.2566383 10.71 0.13
2458495.2568119 10.61 0.12
2458495.2571591 10.53 0.11
2458495.2573327 10.79 0.14
2458495.2575063 10.78 0.14
2458495.2576799 10.70 0.13
2458495.2578536 10.77 0.14
2458495.2582008 10.82 0.15
2458495.2583744 10.56 0.12
2458495.2585480 10.58 0.12
2458495.2587216 10.55 0.11
2458495.2588952 10.68 0.13
2458495.2590688 10.75 0.14
2458495.2592424 10.71 0.13
2458495.2594161 10.81 0.14
2458495.2597633 10.68 0.13
2458495.2599369 10.79 0.14
2458495.2601105 10.69 0.13
2458495.2602841 10.55 0.11
2458495.2604577 10.63 0.12
2458495.2606313 10.66 0.12
2458495.2608049 10.67 0.13
2458495.2609786 10.53 0.11
2458495.2611522 10.68 0.13
2458495.2613258 10.63 0.12
2458495.2614994 10.74 0.13
2458495.2616730 10.64 0.12
2458495.2620202 10.66 0.13
2458495.2621938 10.63 0.12
2458495.2623674 10.64 0.12
2458495.2625410 10.60 0.12
2458495.2627147 10.68 0.13
2458495.2628883 10.71 0.13
2458495.2630619 10.63 0.12
2458495.2632355 10.63 0.12
2458495.2634091 10.73 0.14
2458495.2637563 10.52 0.11
2458495.2639299 10.68 0.13
2458495.2641035 10.73 0.14
2458495.2642772 10.54 0.11
2458495.2644508 10.65 0.13
2458495.2646244 10.66 0.13
2458495.2647980 10.84 0.15
2458495.2649716 10.68 0.13
2458495.2651452 10.81 0.14
2458495.2653188 10.71 0.13
2458495.2654924 10.72 0.13
2458495.2663605 10.53 0.11
2458495.2665341 10.75 0.14
2458495.2667077 10.53 0.11
2458495.2668826 10.82 0.14
2458495.2670561 10.81 0.14
2458495.2672295 10.71 0.13
2458495.2674030 10.70 0.13
2458495.2675764 10.64 0.12
2458495.2677498 10.43 0.10
2458495.2679233 10.75 0.14
2458495.2680967 10.52 0.11
2458495.2682702 10.66 0.13
2458495.2686174 10.75 0.14
2458495.2687911 10.53 0.11
2458495.2689647 10.73 0.13
2458495.2691383 10.67 0.13
2458495.2693119 10.64 0.12
2458495.2694855 10.88 0.15
2458495.2696591 10.81 0.14
2458495.2698327 10.52 0.11
2458495.2700063 10.70 0.13
2458495.2701799 10.79 0.14
2458495.2703535 10.52 0.11
2458495.2705272 10.59 0.12
2458495.2707008 10.94 0.16
2458495.2708744 10.76 0.14
2458495.2710480 10.71 0.13
2458495.2712216 10.84 0.15
2458495.2713952 10.82 0.14
2458495.2715688 10.69 0.13
2458495.2717424 10.79 0.14
2458495.2719160 10.62 0.12
2458495.2720897 10.44 0.10
2458495.2722633 10.71 0.13
2458495.2724369 10.64 0.12
2458495.2729577 10.72 0.13
2458495.2731313 10.66 0.12
2458495.2734786 10.53 0.11
2458495.2736522 10.73 0.13
2458495.2738258 10.78 0.14
2458495.2739994 10.68 0.13
2458495.2741730 10.54 0.11
2458495.2743466 10.85 0.15
2458495.2745202 10.43 0.10
2458495.2746938 10.71 0.13
2458495.2748674 10.70 0.13
2458495.2750411 10.54 0.11
2458495.2752147 10.57 0.12
2458495.2755619 10.73 0.14
2458495.2757355 10.67 0.13
2458495.2759091 10.59 0.12
2458495.2760827 10.65 0.12
2458495.2762563 10.67 0.13
2458495.2764299 10.59 0.12
2458495.2766036 10.58 0.12
2458495.2767772 10.79 0.14
2458495.2769508 10.59 0.12
2458495.2772980 10.76 0.14
2458495.2774716 10.54 0.11
2458495.2776452 10.43 0.10
2458495.2778188 10.67 0.13
2458495.2781660 10.56 0.12
2458495.2783397 10.66 0.12
2458495.2785133 10.57 0.11
2458495.2788618 10.80 0.14
2458495.2792087 10.46 0.10
2458495.2793822 10.66 0.12
2458495.2795556 10.68 0.13
2458495.2797290 10.54 0.11
2458495.2799025 10.83 0.14
2458495.2800759 10.71 0.13
2458495.2802494 10.63 0.12
2458495.2804230 10.44 0.10
2458495.2805966 10.71 0.13
2458495.2809438 10.55 0.11
2458495.2811174 10.61 0.12
2458495.2812911 10.53 0.11
2458495.2814647 10.54 0.11
2458495.2816383 10.63 0.12
2458495.2818119 10.74 0.13
2458495.2819855 10.81 0.14
2458495.2825063 10.69 0.13
2458495.2826799 10.80 0.14
2458495.2832008 10.75 0.13
2458495.2833744 10.74 0.13
2458495.2835480 10.77 0.14
2458495.2837216 10.67 0.12
2458495.2840688 10.54 0.11
2458495.2844161 10.69 0.13
2458495.2847633 10.59 0.12
2458495.2849369 10.57 0.11
2458495.2851105 10.68 0.13
2458495.2852841 10.73 0.13
2458495.2856313 10.84 0.15
2458495.2858049 10.76 0.14
2458495.2859785 10.73 0.13
2458495.2861522 10.66 0.12
2458495.2863258 10.82 0.14
2458495.2866730 10.72 0.13
2458495.2868466 10.51 0.11
2458495.2871938 10.50 0.11
2458495.2873674 10.68 0.13
2458495.2875410 10.66 0.12
2458495.2877147 10.76 0.14
2458495.2878883 10.65 0.12
2458495.2880619 10.84 0.15
2458495.2882355 10.69 0.13
2458495.2884091 10.61 0.12
2458495.2885827 10.48 0.10
2458495.2891036 10.55 0.11
2458495.2892772 10.71 0.13
2458495.2894508 10.66 0.12
2458495.2896244 10.67 0.13
2458495.2897980 10.56 0.11
2458495.2899716 10.45 0.10
2458495.2901452 10.69 0.13
2458495.2903188 10.74 0.14
2458495.2906661 10.88 0.15
2458495.2908410 10.68 0.13
2458495.2910145 10.88 0.15
2458495.2913614 10.68 0.13
2458495.2915348 10.74 0.13
2458495.2917083 10.61 0.12
2458495.2920551 10.56 0.11
2458495.2924022 10.59 0.12
2458495.2925758 10.53 0.11
2458495.2927494 10.63 0.12
2458495.2929230 10.86 0.15
2458495.2932702 10.80 0.14
2458495.2934438 10.67 0.12
2458495.2936174 10.72 0.13
2458495.2937910 10.71 0.13
2458495.2941383 10.69 0.13
2458495.2943119 10.60 0.12
2458495.2944855 10.77 0.13
2458495.2946591 10.79 0.14
2458495.2948327 10.67 0.12
2458495.2950063 10.67 0.13
2458495.2951799 10.63 0.12
2458495.2955272 10.66 0.12
2458495.2957008 10.46 0.10
2458495.2958744 10.77 0.14
2458495.2962216 10.87 0.15
2458495.2963952 10.66 0.12
2458495.2965688 10.59 0.11
2458495.2969160 10.62 0.12
2458495.2970897 10.93 0.15
2458495.2972633 10.69 0.12
2458495.2974369 10.63 0.12
2458495.2977841 10.71 0.13
2458495.2979577 10.79 0.14
2458495.2981313 10.61 0.12
2458495.2983049 10.76 0.13
2458495.2984785 10.81 0.14
2458495.2986522 10.75 0.13
2458495.2991730 10.81 0.14
2458495.2993466 10.75 0.13
2458495.2995202 10.86 0.15
2458495.3000411 10.63 0.12
2458495.3003883 10.85 0.15
2458495.3005619 10.65 0.12
2458495.3007355 10.69 0.12
2458495.3009091 10.86 0.15
2458495.3012563 10.53 0.11
2458495.3014299 10.64 0.12
2458495.3016035 10.55 0.11
2458495.3017772 10.84 0.14
2458495.3019508 10.44 0.10
2458495.3022980 10.80 0.14
2458495.3024716 10.57 0.11
2458495.3028202 10.75 0.13
2458495.3029937 10.54 0.11
2458495.3031671 10.74 0.13
2458495.3033406 10.71 0.13
2458495.3035140 10.65 0.12
2458495.3036875 10.66 0.12
2458495.3038609 10.51 0.11
2458495.3045549 10.82 0.14
2458495.3049022 10.60 0.12
2458495.3052494 10.62 0.12
2458495.3054230 10.61 0.12
2458495.3055966 10.75 0.13
2458495.3057702 10.75 0.13
2458495.3059438 10.69 0.13
2458495.3064647 10.52 0.11
2458495.3066383 10.61 0.12
2458495.3068119 10.72 0.13
2458495.3069855 10.74 0.13
2458495.3073327 10.79 0.14
2458495.3075063 10.51 0.11
2458495.3076799 10.77 0.14
2458495.3078536 10.82 0.14
2458495.3080272 10.73 0.13
2458495.3083744 10.62 0.12
2458495.3085480 10.74 0.13
2458495.3087216 10.71 0.13
2458495.3088952 10.75 0.14
2458495.3094160 10.73 0.13
2458495.3095897 10.86 0.15
2458495.3097633 10.66 0.12
2458495.3101105 10.80 0.14
2458495.3102841 10.79 0.14
2458495.3104577 10.67 0.13
2458495.3109785 10.55 0.11
2458495.3111522 10.59 0.12
2458495.3113258 10.79 0.14
2458495.3114994 10.74 0.13
2458495.3116730 10.60 0.12
2458495.3118466 10.77 0.14
2458495.3123674 10.74 0.13
2458495.3125411 10.60 0.12
2458495.3127147 10.60 0.12
2458495.3128883 10.80 0.14
2458495.3130619 10.78 0.14
2458495.3134091 10.76 0.14
2458495.3135827 10.69 0.13
2458495.3137563 10.73 0.13
2458495.3139299 10.77 0.14
2458495.3141036 10.67 0.12
2458495.3142772 10.50 0.11
2458495.3144508 10.58 0.11
2458495.3147980 10.79 0.14
2458495.3149729 10.63 0.12
2458495.3151463 10.46 0.10
2458495.3153198 10.58 0.11
2458498.1658281 10.73 0.13
2458498.1660017 10.73 0.13
2458498.1663489 10.53 0.11
2458498.1665238 10.61 0.12
2458498.1668707 10.80 0.14
2458498.1673910 10.68 0.12
2458498.1675645 10.67 0.12
2458498.1679114 10.92 0.15
2458498.1682586 10.63 0.12
2458498.1687795 10.83 0.14
2458498.1691267 10.79 0.14
2458498.1693003 10.71 0.12
2458498.1694739 10.68 0.12
2458498.1698211 10.85 0.14
2458498.1699947 10.67 0.12
2458498.1701684 10.74 0.13
2458498.1703420 10.78 0.13
2458498.1705156 10.89 0.15
2458498.1706892 10.72 0.13
2458498.1708628 10.58 0.11
2458498.1710364 10.85 0.14
2458498.1712100 10.53 0.10
2458498.1713836 10.68 0.12
2458498.1715572 10.73 0.12
2458498.1717309 10.56 0.11
2458498.1719045 10.60 0.11
2458498.1720781 10.72 0.13
2458498.1722517 10.88 0.15
2458498.1725989 10.75 0.13
2458498.1731198 10.81 0.14
2458498.1734670 10.81 0.13
2458498.1736406 10.56 0.11
2458498.1738142 10.72 0.12
2458498.1739878 10.68 0.12
2458498.1743350 10.64 0.11
2458498.1745086 10.82 0.13
2458498.1746823 10.63 0.11
2458498.1750295 10.57 0.11
2458498.1752031 10.63 0.11
2458498.1753767 10.70 0.12
2458498.1755503 10.62 0.11
2458498.1757239 10.57 0.10
2458498.1758975 10.63 0.11
2458498.1762447 10.73 0.12
2458498.1765920 10.74 0.12
2458498.1769392 10.74 0.12
2458498.1771128 10.87 0.14
2458498.1772864 10.66 0.11
2458498.1774600 10.59 0.11
2458498.1776336 10.81 0.13
2458498.1778072 10.65 0.11
2458498.1779809 10.68 0.11
2458498.1781545 10.84 0.13
2458498.1785029 10.78 0.13
2458498.1786763 10.80 0.13
2458498.1788498 10.81 0.13
2458498.1790232 10.72 0.12
2458498.1791967 10.59 0.11
2458498.1793701 10.74 0.12
2458498.1795436 10.56 0.10
2458498.1797170 10.62 0.11
2458498.1798906 10.75 0.12
2458498.1800642 10.58 0.10
2458498.1802378 10.61 0.11
2458498.1804114 10.73 0.12
2458498.1805850 10.75 0.12
2458498.1807586 10.79 0.13
2458498.1811059 10.92 0.14
2458498.1812795 10.88 0.14
2458498.1816267 10.76 0.12
2458498.1818003 10.83 0.13
2458498.1819739 10.73 0.12
2458498.1821475 10.83 0.13
2458498.1823211 10.61 0.11
2458498.1824948 10.87 0.14
2458498.1826684 10.58 0.10
2458498.1828420 10.66 0.11
2458498.1830156 10.59 0.11
2458498.1831892 10.63 0.11
2458498.1833628 10.54 0.10
2458498.1838836 10.56 0.10
2458498.1840572 10.71 0.12
2458498.1842309 10.74 0.12
2458498.1844045 10.64 0.11
2458498.1845781 10.81 0.13
2458498.1849253 10.79 0.13
2458498.1852725 10.52 0.10
2458498.1857934 10.61 0.11
2458498.1859670 10.61 0.11
2458498.1861406 10.70 0.12
2458498.1863142 10.63 0.11
2458498.1866614 10.72 0.12
2458498.1882974 10.58 0.10
2458498.1885711 10.44 0.09
2458498.1889184 10.69 0.11
2458498.1890920 10.73 0.12
2458498.1894392 10.75 0.12
2458498.1896128 10.68 0.11
2458498.1899600 10.63 0.11
2458498.1901336 10.59 0.10
2458498.1904809 10.51 0.10
2458498.1906545 10.57 0.10
2458498.1908281 10.63 0.11
2458498.1913489 10.95 0.14
2458498.1915225 10.80 0.13
2458498.1920434 10.80 0.12
2458498.1922170 10.65 0.11
2458498.1923906 10.96 0.14
2458498.1925642 10.54 0.10
2458498.1927378 10.56 0.10
2458498.1929114 10.68 0.11
2458498.1930850 10.56 0.10
2458498.1932586 10.74 0.12
2458498.1934322 10.72 0.11
2458498.1936059 10.54 0.10
2458498.1937795 10.66 0.11
2458498.1939531 10.67 0.11
2458498.1941267 10.63 0.10
2458498.1943003 10.84 0.13
2458498.1944739 10.75 0.12
2458498.1946475 10.95 0.14
2458498.1948211 10.75 0.12
2458498.1956892 10.60 0.10
2458498.1960378 10.86 0.13
2458498.1963846 10.61 0.10
2458498.1965581 10.70 0.11
2458498.1974253 10.84 0.12
2458498.1977725 10.68 0.11
2458498.1979461 10.64 0.10
2458498.1981198 10.84 0.13
2458498.1984670 10.96 0.14
2458498.1986406 10.78 0.12
2458498.1988142 10.80 0.12
2458498.1989878 10.66 0.10
2458498.1991614 10.68 0.11
2458498.1993350 10.70 0.11
2458498.1995086 10.71 0.11
2458498.1996822 10.77 0.12
2458498.1998559 10.75 0.11
2458498.2002031 10.84 0.12
2458498.2003767 10.59 0.10
2458498.2010711 10.67 0.10
2458498.2014184 10.92 0.13
2458498.2015920 10.73 0.11
2458498.2017656 10.78 0.12
2458498.2021128 10.90 0.13
2458498.2024600 10.54 0.09
2458498.2029809 10.61 0.10
2458498.2033281 10.91 0.13
2458498.2038489 10.81 0.12
2458498.2040225 10.85 0.12
2458498.2041961 10.67 0.10
2458498.2045434 10.73 0.11
2458498.2047170 10.67 0.10
2458498.2050642 10.73 0.11
2458498.2055850 10.89 0.13
2458498.2057586 10.65 0.10
2458498.2062795 10.67 0.10
2458498.2064531 10.73 0.11
2458498.2066267 10.61 0.10
2458498.2069739 10.67 0.10
2458498.2071475 10.59 0.10
2458498.2073211 10.64 0.10
2458498.2074947 10.63 0.10
2458498.2076684 10.63 0.10
2458498.2078420 10.71 0.11
2458498.2080169 10.67 0.10
2458498.2081904 10.84 0.12
2458498.2083638 10.62 0.10
2458498.2085373 10.65 0.10
2458498.2088841 10.53 0.09
2458498.2092310 10.72 0.11
2458498.2095781 10.55 0.09
2458498.2097517 10.71 0.11
2458498.2099253 10.63 0.10
2458498.2100989 10.62 0.10
2458498.2104461 10.74 0.11
2458498.2106197 10.61 0.10
2458498.2107934 10.64 0.10
2458498.2109670 10.60 0.10
2458498.2111406 10.73 0.11
2458498.2113142 10.74 0.11
2458498.2114878 10.64 0.10
2458498.2116614 10.69 0.11
2458498.2118350 10.71 0.11
2458498.2120086 10.78 0.11
2458498.2121823 10.67 0.10
2458498.2123559 10.71 0.11
2458498.2125295 10.58 0.10
2458498.2127031 10.67 0.10
2458498.2128767 10.63 0.10
2458498.2132239 10.55 0.09
2458498.2133975 10.74 0.11
2458498.2135711 10.83 0.12
2458498.2140920 10.88 0.12
2458498.2142656 10.64 0.10
2458498.2144392 10.57 0.09
2458498.2146128 10.63 0.10
2458498.2147864 10.84 0.12
2458498.2149600 10.64 0.10
2458498.2151336 10.61 0.10
2458498.2153072 10.67 0.10
2458498.2154809 10.86 0.12
2458498.2156545 10.68 0.10
2458498.2160017 10.64 0.10
2458498.2161753 11.11 0.15
2458498.2163489 10.82 0.12
2458498.2170434 10.59 0.10
2458498.2175642 10.67 0.10
2458498.2177378 10.65 0.10
2458498.2179114 10.68 0.10
2458498.2182586 10.62 0.10
2458498.2184322 10.70 0.10
2458498.2187795 10.58 0.09
2458498.2191267 10.73 0.11
2458498.2193003 10.63 0.10
2458498.2201694 10.91 0.13
2458498.2203429 10.82 0.12
2458498.2205163 10.78 0.11
2458498.2206898 10.83 0.12
2458498.2208632 10.66 0.10
2458498.2210366 10.68 0.10
2458498.2212101 10.81 0.12
2458498.2213836 10.82 0.12
2458498.2215573 10.67 0.10
2458498.2217309 10.79 0.12
2458498.2219045 10.82 0.12
2458498.2222517 10.85 0.12
2458498.2224253 10.80 0.12
2458498.2225989 10.71 0.10
2458498.2229461 10.64 0.10
2458498.2234670 10.81 0.11
2458498.2236406 10.92 0.13
2458498.2238142 10.80 0.11
2458498.2239878 10.86 0.12
2458498.2243350 10.72 0.10
2458498.2245086 10.77 0.11
2458498.2246822 10.83 0.11
2458498.2248559 10.59 0.09
2458498.2250295 10.68 0.10
2458498.2253767 10.68 0.10
2458498.2255503 10.64 0.10
2458498.2257239 10.65 0.10
2458498.2258975 10.68 0.10
2458498.2262447 10.58 0.09
2458498.2264184 10.64 0.10
2458498.2267656 10.69 0.10
2458498.2269392 10.83 0.11
2458498.2271128 10.83 0.11
2458498.2272864 10.63 0.10
2458498.2276336 10.73 0.11
2458498.2278073 10.71 0.10
2458498.2279809 10.67 0.10
2458498.2283281 10.84 0.12
2458498.2285017 10.72 0.11
2458498.2286753 10.63 0.10
2458498.2291961 10.62 0.10
2458498.2293698 10.69 0.10
2458498.2295434 10.52 0.09
2458498.2297170 10.61 0.10
2458498.2298906 10.79 0.11
2458498.2302378 10.70 0.10
2458498.2304114 10.67 0.10
2458498.2305850 10.80 0.11
2458498.2307586 10.58 0.09
2458498.2309322 10.77 0.11
2458498.2312795 10.83 0.12
2458498.2319750 10.70 0.10
2458498.2323219 10.84 0.12
2458498.2326688 10.85 0.12
2458498.2328422 10.56 0.09
2458498.2330157 10.53 0.09
2458498.2331892 10.76 0.11
2458498.2333628 10.68 0.11
2458498.2335364 10.79 0.12
2458498.2337100 10.72 0.11
2458498.2340572 10.78 0.11
2458498.2344045 10.82 0.12
2458498.2345781 10.78 0.11
2458498.2349253 10.66 0.10
2458498.2350989 10.65 0.10
2458498.2356198 10.66 0.10
2458498.2357934 10.80 0.12
2458498.2359670 10.64 0.10
2458498.2361406 10.64 0.10
2458498.2363142 10.69 0.11
2458498.2364878 10.80 0.12
2458498.2366614 10.54 0.09
2458498.2368350 10.81 0.12
2458498.2371823 10.80 0.12
2458498.2373559 10.50 0.09
2458498.2375295 10.68 0.11
2458498.2377031 10.59 0.10
2458498.2378767 10.98 0.14
2458498.2380503 10.70 0.11
2458498.2382239 10.80 0.12
2458498.2383975 10.76 0.12
2458498.2385711 10.50 0.09
2458498.2387447 10.76 0.12
2458498.2389184 10.59 0.10
2458498.2390920 10.67 0.11
2458498.2392656 10.62 0.10
2458498.2394392 10.77 0.12
2458498.2397864 10.85 0.12
2458498.2399600 10.83 0.12
2458498.2403072 10.65 0.10
2458498.2408281 10.78 0.12
2458498.2410017 10.74 0.11
2458498.2411753 10.60 0.10
2458498.2413489 10.80 0.12
2458498.2415225 10.76 0.11
2458498.2416961 10.72 0.11
2458498.2418697 10.69 0.11
2458498.2420434 10.86 0.13
2458498.2423906 10.84 0.12
2458498.2425642 10.88 0.13
2458498.2427378 10.75 0.11
2458498.2429114 10.66 0.10
2458498.2432586 10.80 0.12
2458498.2434323 10.74 0.11
2458498.2436073 10.78 0.12
2458498.2437807 10.84 0.12
2458498.2439541 10.74 0.11
2458498.2441276 10.70 0.11
2458498.2443010 10.94 0.14
2458498.2444745 10.63 0.10
2458498.2446479 10.67 0.10
2458498.2448214 10.61 0.10
2458498.2449948 10.87 0.13
2458498.2451684 10.47 0.09
2458498.2453420 10.67 0.11
2458498.2456892 10.81 0.12
2458498.2458628 10.47 0.09
2458498.2462100 10.76 0.12
2458498.2465572 10.72 0.11
2458498.2467309 10.72 0.11
2458498.2469045 10.63 0.10
2458498.2470781 10.85 0.13
2458498.2472517 10.73 0.11
2458498.2475989 10.73 0.11
2458498.2479461 10.78 0.12
2458498.2481197 10.67 0.11
2458498.2486406 10.79 0.12
2458498.2488142 10.73 0.11
2458498.2489878 10.66 0.11
2458498.2491614 10.82 0.12
2458498.2493350 10.65 0.10
2458498.2495086 10.64 0.10
2458498.2496822 10.72 0.11
2458498.2498559 10.69 0.11
2458498.2502031 10.64 0.10
2458498.2503767 10.71 0.11
2458498.2507239 10.54 0.10
2458498.2508975 10.63 0.10
2458498.2515920 10.80 0.12
2458498.2517656 10.75 0.12
2458498.2519392 10.55 0.10
2458498.2521128 10.68 0.11
2458498.2522864 10.71 0.11
2458498.2528073 10.76 0.12
2458498.2529809 10.83 0.12
2458498.2531545 10.65 0.11
2458498.2535017 10.73 0.11
2458498.2536753 10.66 0.11
2458498.2538489 10.84 0.13
2458498.2540225 10.75 0.12
2458498.2545434 10.66 0.11
2458498.2547170 10.88 0.13
2458498.2548906 10.76 0.12
2458498.2550642 10.84 0.13
2458498.2554114 10.58 0.10
2458498.2555863 10.64 0.11
2458498.2557598 10.67 0.11
2458498.2559332 10.70 0.11
2458498.2561066 10.94 0.14
2458498.2562801 10.67 0.11
2458498.2564535 10.79 0.12
2458498.2566270 10.56 0.10
2458498.2569739 10.72 0.11
2458498.2571475 10.53 0.10
2458498.2573211 10.71 0.11
2458498.2574947 10.82 0.13
2458498.2576684 10.65 0.11
2458498.2580156 10.75 0.12
2458498.2581892 10.72 0.11
2458498.2585364 10.69 0.11
2458498.2587100 10.77 0.13
2458498.2588836 10.54 0.10
2458498.2590573 10.67 0.11
2458498.2592309 10.67 0.11
2458498.2599253 10.84 0.13
2458498.2600989 10.75 0.12
2458498.2602725 10.72 0.12
2458498.2604461 10.68 0.11
2458498.2607934 10.77 0.12
2458498.2611406 10.59 0.10
2458498.2614878 10.57 0.10
2458498.2618350 10.61 0.10
2458498.2620086 10.85 0.13
2458498.2621822 10.64 0.11
2458498.2623559 10.83 0.13
2458498.2627031 10.70 0.09
2458498.2632239 10.70 0.09
2458498.2633975 10.71 0.09
2458498.2635711 10.63 0.08
2458498.2637447 10.76 0.10
2458498.2639184 10.82 0.10
2458498.2640920 10.77 0.10
2458498.2642656 10.65 0.09
2458498.2644392 10.71 0.09
2458498.2646128 10.65 0.09
2458498.2649600 10.78 0.10
2458498.2651336 10.68 0.09
2458498.2654809 10.80 0.10
2458498.2656545 10.63 0.09
2458498.2658281 10.73 0.10
2458498.2660017 10.68 0.09
2458498.2661753 10.69 0.09
2458498.2668698 10.85 0.10
2458498.2670434 10.80 0.10
2458498.2672170 10.69 0.09
2458498.2675655 10.70 0.09
2458498.2677389 10.75 0.10
2458498.2679124 10.74 0.10
2458498.2680858 10.77 0.10
2458498.2682593 10.83 0.10
2458498.2684327 10.67 0.09
2458498.2686062 10.89 0.11
2458498.2687796 10.73 0.09
2458498.2689531 10.73 0.09
2458498.2694739 10.66 0.09
2458498.2699947 10.63 0.09
2458498.2703420 10.68 0.09
2458498.2705156 10.73 0.09
2458498.2706892 10.76 0.09
2458498.2708628 10.63 0.08
2458498.2710364 10.68 0.09
2458498.2713836 10.79 0.10
2458498.2719045 10.87 0.11
2458498.2720781 10.81 0.10
2458498.2724253 10.67 0.09
2458498.2729461 10.63 0.08
2458498.2739878 10.65 0.08
2458498.2745086 10.71 0.09
2458498.2746823 10.70 0.09
2458498.2748559 10.76 0.10
2458498.2753767 10.67 0.09
2458498.2758975 10.68 0.09
2458498.2762448 10.69 0.09
2458498.2776336 10.73 0.09
2458498.2781545 10.77 0.10
2458498.2785017 10.66 0.09
2458498.2788489 10.73 0.09
2458498.2797182 10.78 0.10
2458498.2798916 10.74 0.09
2458498.2805854 10.64 0.09
2458498.2809323 10.62 0.08
2458498.2812795 10.67 0.09
2458498.2814531 10.66 0.09
2458498.2816267 10.75 0.10
2458498.2818003 10.88 0.11
2458498.2819739 10.73 0.09
2458498.2824948 10.65 0.09
2458498.2830156 10.75 0.10
2458498.2835364 10.61 0.09
2458498.2837100 10.69 0.09
2458498.2838836 10.74 0.10
2458498.2842309 10.77 0.10
2458498.2844045 10.59 0.08
2458498.2849253 11.02 0.12
2458498.2852725 10.77 0.10
2458498.2854461 10.58 0.08
2458498.2859670 10.91 0.11
2458498.2861406 10.72 0.09
2458498.2875295 10.82 0.10
2458498.2877031 10.63 0.09
2458498.2885711 10.58 0.09
2458498.2890920 10.73 0.10
2458498.2894392 10.60 0.09
2458498.2899600 10.55 0.08
2458498.2908281 10.68 0.09
2458498.2911753 10.65 0.09
2458498.2915239 10.77 0.10
2458498.2920443 10.62 0.09
2458498.2922177 10.65 0.09
2458498.2930850 10.77 0.10
2458498.2934322 10.62 0.09
2458498.2937795 10.75 0.10
2458498.2939531 10.66 0.09
2458498.2943003 10.51 0.08
2458498.2948211 10.61 0.09
2458498.2949947 10.75 0.10
2458498.2955156 10.80 0.10
2458498.2958628 10.86 0.11
2458498.2960364 10.58 0.09
2458498.2962100 10.64 0.09
2458498.2963836 10.59 0.09
2458498.2967309 10.75 0.10
2458498.2969045 10.69 0.09
2458498.2970781 10.79 0.10
2458498.2974253 10.64 0.09
2458498.2977725 10.81 0.10
2458498.2981198 10.77 0.10
2458498.2984670 10.85 0.11
2458498.2988142 10.67 0.09
2458498.2993350 10.63 0.09
2458498.2995086 10.65 0.09
2458498.3000295 10.63 0.09
2458498.3007239 10.57 0.08
2458498.3008975 10.69 0.09
2458498.3010711 10.68 0.10
2458498.3015920 10.79 0.10
2458498.3019392 10.62 0.09
2458498.3021128 10.58 0.08
2458498.3026336 10.74 0.10
2458498.3029809 10.72 0.10
2458498.3031545 10.68 0.09
2458498.3035017 10.76 0.10
2458498.3036766 10.64 0.09
2458498.3038500 10.65 0.09
2458498.3041969 10.76 0.10
2458498.3043703 10.60 0.09
2458498.3045438 10.64 0.09
2458498.3048907 10.74 0.10
2458498.3050642 10.63 0.09
2458498.3052378 10.74 0.10
2458498.3057586 10.65 0.09
2458498.3059323 10.82 0.11
2458498.3069739 10.70 0.10
2458498.3073211 10.66 0.09
2458498.3074948 10.70 0.09
2458498.3078420 10.63 0.09
2458498.3083628 10.69 0.09
2458498.3087100 10.62 0.09
2458498.3090572 10.65 0.09
2458498.3094045 10.65 0.09
2458498.3097517 10.60 0.09
2458498.3099253 10.65 0.09
2458498.3107934 10.75 0.10
2458498.3116614 10.80 0.11
2458498.3128767 10.69 0.10
2458498.3132239 10.47 0.08
2458498.3135711 10.77 0.10
2458498.3140920 10.68 0.10
2458498.3151336 10.73 0.10
2458498.3154809 10.74 0.10
2458498.3156558 10.62 0.09
2458498.3158292 10.74 0.10
2458498.3160027 10.61 0.09
2458498.3161761 10.71 0.10
2458498.3163496 10.92 0.12
2458498.3165230 10.71 0.10
2458498.3166965 10.69 0.10
2458498.3168699 10.91 0.12
2458498.3170434 10.94 0.12
2458498.3172170 10.74 0.10
2458498.3173906 10.82 0.11
2458498.3175642 10.76 0.10
2458498.3177378 10.60 0.09
2458500.2340341 10.71 0.13
2458500.2343813 10.83 0.15
2458500.2347285 10.78 0.14
2458500.2350758 10.67 0.13
2458500.2352494 10.64 0.12
2458500.2354230 10.76 0.14
2458500.2355966 10.85 0.15
2458500.2357702 10.72 0.13
2458500.2359438 10.83 0.15
2458500.2361174 10.78 0.14
2458500.2362910 10.75 0.13
2458500.2364647 10.71 0.13
2458500.2368119 10.78 0.14
2458500.2371591 10.78 0.14
2458500.2382008 10.70 0.13
2458500.2385480 10.84 0.14
2458500.2387216 10.70 0.13
2458500.2388952 10.77 0.14
2458500.2390688 10.75 0.13
2458500.2394161 10.87 0.15
2458500.2395897 10.77 0.14
2458500.2397633 10.92 0.16
2458500.2399369 10.88 0.15
2458500.2401105 10.69 0.13
2458500.2404577 10.72 0.13
2458500.2406313 10.79 0.14
2458500.2408049 10.67 0.12
2458500.2409785 10.74 0.13
2458500.2411522 10.67 0.12
2458500.2413258 10.93 0.16
2458500.2414994 10.77 0.13
2458500.2416730 10.76 0.13
2458500.2418466 10.91 0.15
2458500.2421938 10.77 0.13
2458500.2423674 10.67 0.12
2458500.2427147 10.78 0.13
2458500.2428883 10.87 0.14
2458500.2430619 10.81 0.14
2458500.2434091 10.73 0.13
2458500.2435827 10.94 0.15
2458500.2442772 10.71 0.12
2458500.2444520 10.68 0.12
2458500.2446255 10.64 0.12
2458500.2449724 10.59 0.11
2458500.2453193 10.69 0.12
2458500.2454927 10.71 0.12
2458500.2458397 10.64 0.12
2458500.2461869 10.81 0.13
2458500.2467077 10.84 0.14
2458500.2468813 10.90 0.15
2458500.2470549 10.88 0.14
2458500.2472286 10.82 0.13
2458500.2475758 10.46 0.10
2458500.2477494 10.64 0.11
2458500.2479230 10.56 0.11
2458500.2480966 10.80 0.13
2458500.2486174 10.76 0.13
2458500.2487910 10.57 0.11
2458500.2491383 10.78 0.13
2458500.2493119 10.72 0.12
2458500.2494855 10.82 0.13
2458500.2496591 10.88 0.14
2458500.2498327 10.82 0.13
2458500.2500063 10.88 0.14
2458500.2503535 10.78 0.13
2458500.2505272 10.66 0.11
2458500.2507008 10.80 0.13
2458500.2510480 10.77 0.13
2458500.2512216 10.95 0.15
2458500.2517424 10.68 0.12
2458500.2519160 10.81 0.13
2458500.2522633 10.81 0.13
2458500.2524369 10.65 0.11
2458500.2526105 10.75 0.12
2458500.2527841 10.84 0.14
2458500.2531313 10.78 0.13
2458500.2533049 10.76 0.13
2458500.2538258 10.86 0.14
2458500.2539994 10.85 0.14
2458500.2541730 10.64 0.11
2458500.2543466 10.86 0.14
2458500.2546938 10.70 0.12
2458500.2548674 11.04 0.16
2458500.2550411 10.83 0.13
2458500.2553883 10.80 0.13
2458500.2555619 10.89 0.14
2458500.2557355 10.87 0.14
2458500.2559091 10.90 0.14
2458500.2560827 10.85 0.14
2458500.2562563 10.78 0.13
2458500.2564312 10.73 0.12
2458500.2569515 10.82 0.13
2458500.2572984 10.75 0.12
2458500.2574719 10.65 0.12
2458500.2578188 10.78 0.13
2458500.2579924 10.82 0.13
2458500.2583397 10.76 0.13
2458500.2585133 10.73 0.12
2458500.2590341 10.79 0.13
2458500.2592077 10.80 0.13
2458500.2593813 10.84 0.14
2458500.2597285 10.70 0.12
2458500.2599022 10.90 0.14
2458500.2600758 10.92 0.14
2458500.2605966 10.92 0.14
2458500.2611174 10.65 0.11
2458500.2612911 10.63 0.11
2458500.2614647 10.71 0.12
2458500.2616383 10.66 0.11
2458500.2618119 10.70 0.12
2458500.2623327 10.93 0.14
2458500.2625063 10.73 0.12
2458500.2626799 10.75 0.12
2458500.2630272 10.70 0.12
2458500.2632008 10.72 0.12
2458500.2633744 10.79 0.12
2458500.2638952 10.84 0.13
2458500.2642424 10.71 0.11
2458500.2644160 10.65 0.11
2458500.2645897 10.86 0.13
2458500.2647633 10.63 0.11
2458500.2649369 10.79 0.12
2458500.2651105 10.83 0.13
2458500.2654577 10.68 0.11
2458500.2656313 10.62 0.10
2458500.2663258 10.56 0.10
2458500.2666730 10.73 0.12
2458500.2668466 10.67 0.11
2458500.2670202 10.81 0.12
2458500.2675410 10.86 0.13
2458500.2677147 10.78 0.12
2458500.2678883 10.76 0.12
2458500.2680619 10.87 0.13
2458500.2684104 10.88 0.13
2458500.2689307 10.80 0.12
2458500.2692776 10.80 0.12
2458500.2694511 11.04 0.15
2458500.2696245 10.68 0.11
2458500.2699716 10.63 0.11
2458500.2701452 10.83 0.13
2458500.2704924 10.94 0.14
2458500.2706661 10.77 0.12
2458500.2710133 10.65 0.11
2458500.2711869 10.54 0.10
2458500.2713605 10.60 0.10
2458500.2715341 10.76 0.12
2458500.2717077 10.66 0.11
2458500.2718813 10.65 0.11
2458500.2720549 10.83 0.13
2458500.2722285 10.68 0.11
2458500.2725758 10.84 0.13
2458500.2727494 10.82 0.13
2458500.2729230 10.57 0.10
2458500.2730966 10.87 0.13
2458500.2732702 10.74 0.12
2458500.2734438 10.71 0.11
2458500.2736174 10.85 0.13
2458500.2737910 10.81 0.12
2458500.2739647 10.83 0.13
2458500.2741383 10.71 0.11
2458500.2743119 10.69 0.11
2458500.2744855 10.81 0.13
2458500.2746591 10.70 0.11
2458500.2748327 10.85 0.13
2458500.2751799 10.73 0.11
2458500.2753535 10.56 0.10
2458500.2757008 10.61 0.10
2458500.2758744 10.74 0.12
2458500.2760480 10.93 0.14
2458500.2763952 10.93 0.14
2458500.2765688 10.85 0.13
2458500.2772633 10.83 0.13
2458500.2783049 10.72 0.12
2458500.2784786 10.85 0.13
2458500.2788258 10.78 0.12
2458500.2789994 10.99 0.15
2458500.2791730 10.64 0.11
2458500.2793466 10.50 0.09
2458500.2795202 10.85 0.13
2458500.2803896 10.64 0.11
2458500.2805631 10.63 0.11
2458500.2807365 10.60 0.10
2458500.2809100 10.75 0.12
2458500.2810834 10.85 0.13
2458500.2812568 10.83 0.13
2458500.2826452 10.78 0.12
2458500.2829924 10.96 0.14
2458500.2835133 10.90 0.13
2458500.2836869 10.78 0.12
2458500.2838605 10.61 0.10
2458500.2843813 10.66 0.11
2458500.2847286 10.79 0.12
2458500.2850758 10.67 0.11
2458500.2855966 10.98 0.14
2458500.2861174 10.96 0.14
2458500.2862911 10.77 0.12
2458500.2866383 10.80 0.12
2458500.2868119 10.87 0.13
2458500.2869855 10.80 0.12
2458500.2871591 10.83 0.13
2458500.2875063 10.98 0.15
2458500.2876799 10.81 0.13
2458500.2878535 10.92 0.14
2458500.2880272 10.70 0.11
2458500.2882008 11.05 0.15
2458500.2885480 10.65 0.11
2458500.2888952 11.11 0.16
2458500.2890688 10.94 0.14
2458500.2894160 10.80 0.12
2458500.2899369 10.76 0.12
2458500.2902841 10.66 0.10
2458500.2904577 10.74 0.11
2458500.2906313 10.87 0.13
2458500.2914994 10.73 0.11
2458500.2920202 10.89 0.12
2458500.2921938 10.96 0.13
2458500.2923688 10.76 0.11
2458500.2925423 10.81 0.12
2458500.2927157 10.73 0.11