2458467.3668514 9.94 0.06
2458467.3670250 9.89 0.05
2458467.3675459 9.83 0.05
2458467.3677195 9.85 0.05
2458467.3678931 9.86 0.05
2458467.3682403 9.90 0.05
2458467.3684139 9.84 0.05
2458467.3696292 9.87 0.05
2458467.3699764 9.84 0.05
2458467.3703236 9.80 0.05
2458467.3704972 9.92 0.05
2458467.3708445 9.82 0.05
2458467.3711917 9.86 0.05
2458467.3713653 9.78 0.05
2458467.3715389 9.83 0.05
2458467.3718861 9.89 0.05
2458467.3722334 9.80 0.05
2458467.3724070 9.81 0.05
2458467.3725806 9.85 0.05
2458467.3727542 9.88 0.05
2458467.3731014 9.94 0.06
2458467.3734486 9.80 0.05
2458467.3736223 9.86 0.05
2458467.3737959 9.81 0.05
2458467.3741431 9.89 0.05
2458467.3743167 9.90 0.05
2458467.3746639 9.79 0.05
2458467.3750111 9.84 0.05
2458467.3753584 9.82 0.05
2458467.3755332 9.89 0.05
2458467.3758801 9.90 0.05
2458467.3760536 9.75 0.05
2458467.3764005 9.83 0.05
2458467.3770945 9.89 0.05
2458467.3774417 9.91 0.05
2458467.3777889 9.91 0.06
2458467.3788306 9.82 0.05
2458467.3795250 9.86 0.05
2458467.3802195 9.82 0.05
2458467.3805667 9.85 0.05
2458467.3807403 9.75 0.05
2458467.3810875 9.87 0.05
2458467.3812611 9.91 0.05
2458467.3814348 9.82 0.05
2458467.3816084 9.78 0.05
2458467.3817820 9.86 0.05
2458467.3821292 9.86 0.05
2458467.3828236 9.86 0.05
2458467.3842125 9.89 0.05
2458467.3847334 9.83 0.05
2458467.3854278 9.98 0.06
2458467.3861222 9.78 0.05
2458467.3871639 9.90 0.05
2458467.3875123 9.81 0.05
2458467.3880327 9.96 0.06
2458467.3889000 9.83 0.05
2458467.3890736 9.89 0.05
2458467.3892473 9.88 0.05
2458467.3904625 9.91 0.06
2458467.3906361 9.95 0.06
2458467.3908098 9.96 0.06
2458467.3915042 9.81 0.05
2458467.3916778 9.91 0.06
2458467.3920250 9.79 0.05
2458467.3921986 9.82 0.05
2458467.3923722 9.84 0.05
2458467.3925459 9.84 0.05
2458467.3930667 9.84 0.05
2458467.3934139 9.83 0.05
2458467.3937611 9.85 0.05
2458467.3941084 9.87 0.05
2458467.3948028 9.87 0.05
2458467.3949764 9.90 0.05
2458467.3963653 9.88 0.05
2458467.3967125 9.93 0.06
2458467.3968861 9.89 0.06
2458467.3970598 9.83 0.05
2458467.3972334 9.77 0.05
2458467.3977542 9.77 0.05
2458467.3979278 9.83 0.05
2458467.3981014 9.85 0.05
2458467.3982750 9.85 0.05
2458467.3984486 9.88 0.05
2458467.3989695 9.86 0.05
2458467.3998383 9.86 0.05
2458467.4003586 9.83 0.05
2458467.4007056 9.91 0.06
2458467.4010528 9.87 0.05
2458467.4012264 9.95 0.06
2458467.4017472 9.76 0.05
2458467.4024417 9.88 0.05
2458467.4027889 9.90 0.06
2458467.4031361 9.88 0.05
2458467.4034834 9.89 0.06
2458467.4036570 9.92 0.06
2458467.4045250 9.83 0.05
2458467.4052195 9.88 0.05
2458467.4053931 9.89 0.06
2458467.4057403 9.84 0.05
2458467.4062611 9.84 0.05
2458467.4064348 10.01 0.06
2458467.4073028 9.86 0.05
2458467.4078236 9.84 0.05
2458467.4090389 9.93 0.06
2458467.4112971 9.91 0.06
2458467.4114705 9.77 0.05
2458467.4121643 9.91 0.06
2458467.4123377 9.88 0.06
2458467.4137264 9.82 0.05
2458467.4159834 9.94 0.06
2458467.4161570 9.87 0.06
2458467.4166778 9.93 0.06
2458467.4180667 9.88 0.06
2458467.4187611 9.86 0.06
2458467.4192820 9.83 0.05
2458467.4201500 9.74 0.05
2458467.4203236 9.86 0.06
2458467.4204973 9.85 0.06
2458469.3667865 9.89 0.04
2458469.3670135 9.87 0.04
2458469.3671871 9.85 0.04
2458469.3677079 9.87 0.04
2458469.3680551 9.90 0.04
2458469.3684023 9.84 0.04
2458469.3692704 9.86 0.04
2458469.3701384 9.86 0.04
2458469.3704857 9.88 0.04
2458469.3708329 9.83 0.04
2458469.3710065 9.84 0.04
2458469.3711801 9.86 0.04
2458469.3718746 9.84 0.04
2458469.3723954 9.85 0.04
2458469.3727426 9.82 0.04
2458469.3729162 9.83 0.04
2458469.3732635 9.91 0.04
2458469.3736107 9.84 0.04
2458469.3737843 9.82 0.04
2458469.3741315 9.84 0.04
2458469.3743051 9.83 0.04
2458469.3744787 9.86 0.04
2458469.3746524 9.81 0.04
2458469.3748260 9.81 0.04
2458469.3749996 9.85 0.04
2458469.3751732 9.90 0.04
2458469.3753468 9.86 0.04
2458469.3756940 9.77 0.04
2458469.3769097 9.85 0.04
2458469.3770832 9.83 0.04
2458469.3772566 9.93 0.04
2458469.3774301 9.89 0.04
2458469.3776037 9.88 0.04
2458469.3777773 9.87 0.04
2458469.3782982 9.80 0.04
2458469.3786454 9.91 0.04
2458493.2521475 9.85 0.05
2458493.2523211 9.94 0.05
2458493.2524947 9.87 0.05
2458493.2526684 9.93 0.05
2458493.2530156 9.90 0.05
2458493.2531892 9.85 0.05
2458493.2533628 9.93 0.05
2458493.2535364 9.90 0.05
2458493.2537100 9.86 0.05
2458493.2538836 9.86 0.05
2458493.2542320 9.92 0.05
2458493.2544055 9.91 0.05
2458493.2545789 9.89 0.05
2458493.2549258 9.84 0.05
2458493.2550993 9.86 0.05
2458493.2554461 9.83 0.05
2458493.2556198 9.91 0.05
2458493.2559670 9.95 0.05
2458493.2561406 9.85 0.05
2458493.2563142 9.99 0.05
2458493.2566614 9.88 0.05
2458493.2568350 9.89 0.05
2458493.2570086 9.86 0.05
2458493.2571823 9.84 0.05
2458493.2573559 9.90 0.05
2458493.2575295 9.85 0.05
2458493.2577031 9.86 0.05
2458493.2578767 9.91 0.05
2458493.2580503 9.88 0.05
2458493.2582239 9.93 0.05
2458493.2583975 9.90 0.05
2458493.2589184 9.90 0.05
2458493.2590920 9.76 0.04
2458493.2594392 9.85 0.05
2458493.2596128 9.88 0.05
2458493.2597864 9.91 0.05
2458493.2599600 9.92 0.05
2458493.2601336 9.87 0.05
2458493.2603072 9.92 0.05
2458493.2608281 9.87 0.05
2458493.2611753 9.83 0.05
2458493.2613489 9.82 0.04
2458493.2618697 9.85 0.05
2458493.2622170 9.87 0.05
2458493.2623906 9.87 0.05
2458493.2627378 9.79 0.04
2458493.2629114 9.81 0.04
2458493.2632586 9.87 0.05
2458493.2634323 9.89 0.05
2458493.2636059 9.86 0.05
2458493.2641267 9.90 0.05
2458493.2643003 9.85 0.05
2458493.2646475 9.92 0.05
2458493.2648211 9.87 0.05
2458493.2649948 9.81 0.04
2458493.2656892 9.90 0.05
2458493.2658628 9.87 0.05
2458493.2663847 9.83 0.05
2458493.2665581 9.97 0.05
2458493.2669050 9.87 0.05
2458493.2670784 9.80 0.04
2458493.2672519 9.86 0.05
2458493.2675989 9.91 0.05
2458493.2677725 9.91 0.05
2458493.2679461 9.83 0.04
2458493.2681197 9.81 0.04
2458493.2682934 9.89 0.05
2458493.2684670 9.89 0.05
2458493.2686406 9.88 0.05
2458493.2688142 9.94 0.05
2458493.2689878 9.90 0.05
2458493.2691614 9.87 0.05
2458493.2693350 9.90 0.05
2458493.2695086 9.85 0.05
2458493.2698559 9.86 0.05
2458493.2700295 9.88 0.05
2458493.2702031 9.87 0.05
2458493.2703767 9.85 0.05
2458493.2705503 9.90 0.05
2458493.2707239 9.89 0.05
2458493.2710711 9.87 0.05
2458493.2712448 9.88 0.05
2458493.2714184 9.85 0.05
2458493.2715920 9.99 0.05
2458493.2717656 9.85 0.05
2458493.2719392 9.85 0.05
2458493.2721128 9.85 0.05
2458493.2722864 9.86 0.05
2458493.2724600 9.88 0.05
2458493.2729809 9.92 0.05
2458493.2733281 9.83 0.05
2458493.2735017 9.89 0.05
2458493.2736753 9.91 0.05
2458493.2738489 9.99 0.05
2458493.2740225 9.96 0.05
2458493.2741961 9.90 0.05
2458493.2745434 9.86 0.05
2458493.2747170 9.81 0.04
2458493.2752378 9.99 0.05
2458493.2754114 9.88 0.05
2458493.2757586 9.83 0.05
2458493.2759322 9.87 0.05
2458493.2761059 9.85 0.05
2458493.2764531 9.90 0.05
2458493.2768003 9.88 0.05
2458493.2769739 9.86 0.05
2458493.2773211 9.82 0.05
2458493.2774947 9.86 0.05
2458493.2778420 9.85 0.05
2458493.2780169 9.92 0.05
2458493.2783638 9.98 0.05
2458493.2785373 9.93 0.05
2458493.2788841 9.86 0.05
2458493.2790576 9.90 0.05
2458493.2792310 9.84 0.05
2458493.2794045 9.98 0.05
2458493.2809670 9.96 0.05
2458493.2811406 9.99 0.05
2458493.2813142 9.87 0.05
2458493.2816614 9.86 0.05
2458493.2823559 9.94 0.05
2458493.2827031 9.81 0.04
2458493.2830503 9.87 0.05
2458493.2833975 9.83 0.05
2458493.2835711 9.89 0.05
2458493.2837447 9.96 0.05
2458493.2846128 9.95 0.05
2458493.2853072 9.83 0.05
2458493.2856545 9.86 0.05
2458493.2863489 9.88 0.05
2458493.2866961 9.84 0.05
2458493.2868698 9.85 0.05
2458493.2875642 9.93 0.05
2458493.2877378 9.87 0.05
2458493.2879114 9.92 0.05
2458493.2887795 9.83 0.05
2458493.2894739 9.92 0.05
2458493.2899961 9.88 0.05
2458493.2901695 9.94 0.05
2458493.2903429 9.87 0.05
2458493.2905164 9.85 0.05
2458493.2906898 9.91 0.05
2458493.2912102 9.83 0.05
2458493.2913836 9.82 0.05
2458493.2915572 9.85 0.05
2458493.2917309 9.91 0.05
2458493.2920781 9.92 0.05
2458493.2922517 9.90 0.05
2458493.2924253 9.94 0.05
2458493.2925989 9.82 0.05
2458493.2929461 9.82 0.04
2458493.2932934 9.83 0.04
2458493.2934670 9.93 0.05
2458493.2936406 9.89 0.05
2458493.2938142 9.92 0.05
2458493.2939878 9.91 0.05
2458493.2943350 9.90 0.05
2458493.2945086 9.84 0.05
2458493.2948559 9.93 0.05
2458493.2950295 9.91 0.05
2458493.2952031 9.98 0.05
2458493.2953767 9.85 0.05
2458493.2955503 9.89 0.05
2458493.2957239 9.89 0.05
2458493.2958975 9.94 0.05
2458493.2960711 9.80 0.04
2458493.2962448 9.86 0.05
2458493.2964184 9.81 0.05
2458493.2965920 9.90 0.05
2458493.2967656 9.86 0.05
2458493.2971128 9.90 0.05
2458493.2972864 9.94 0.05
2458493.2976336 9.89 0.05
2458493.2981545 9.84 0.05
2458493.2983281 9.86 0.05
2458493.2985017 9.85 0.05
2458493.2986753 9.85 0.05
2458493.2988489 9.83 0.05
2458493.2990225 10.00 0.05
2458493.2991961 9.90 0.05
2458493.2993697 9.89 0.05
2458493.2995434 9.81 0.05
2458493.2997170 9.87 0.05
2458493.2998906 9.93 0.05
2458493.3000642 9.94 0.05
2458493.3002378 9.89 0.05
2458493.3004114 9.83 0.05
2458493.3005850 9.85 0.05
2458493.3007586 9.91 0.05
2458493.3021591 9.90 0.05
2458493.3028536 9.91 0.05
2458493.3030272 9.87 0.05
2458493.3032008 9.87 0.05
2458493.3033744 9.73 0.04
2458493.3035480 9.98 0.05
2458493.3044161 9.86 0.05
2458493.3047633 9.90 0.05
2458493.3054577 9.90 0.05
2458493.3056313 9.92 0.05
2458493.3059785 9.91 0.05
2458493.3064994 9.78 0.04
2458493.3068466 9.83 0.05
2458493.3075410 9.74 0.04
2458493.3078883 9.95 0.05
2458493.3082355 9.87 0.05
2458493.3085827 9.82 0.05
2458493.3087563 9.89 0.05
2458493.3091036 9.84 0.05
2458493.3094508 9.84 0.05
2458493.3096244 9.91 0.05
2458493.3097980 9.94 0.05
2458493.3099716 9.96 0.05
2458493.3101452 9.89 0.05
2458493.3103188 9.86 0.05
2458493.3104924 9.91 0.05
2458493.3108397 9.92 0.05
2458493.3110133 9.84 0.05
2458493.3111869 9.92 0.05
2458493.3113605 9.86 0.05
2458493.3115341 9.90 0.05
2458493.3117077 9.89 0.05
2458493.3120549 9.84 0.05
2458493.3122298 9.81 0.04
2458493.3124033 9.86 0.05
2458493.3125767 9.87 0.05
2458493.3127502 9.88 0.05
2458493.3130971 9.88 0.05
2458493.3134439 9.86 0.05
2458493.3137910 9.89 0.05
2458493.3139647 9.88 0.05
2458493.3141383 9.87 0.05
2458493.3143119 9.84 0.05
2458493.3144855 9.86 0.05
2458493.3146591 9.84 0.05
2458493.3148327 9.86 0.05
2458493.3151799 9.83 0.04
2458493.3153535 9.87 0.05
2458493.3155272 9.90 0.05
2458493.3158744 9.85 0.05
2458493.3160480 9.85 0.05
2458493.3162216 9.90 0.05
2458493.3163952 9.92 0.05
2458493.3165688 9.94 0.05
2458493.3167424 9.96 0.05
2458493.3169161 9.90 0.05
2458493.3170897 9.88 0.05
2458493.3172633 9.89 0.05
2458493.3174369 9.91 0.05
2458493.3176105 9.85 0.05
2458493.3177841 9.88 0.05
2458493.3179577 9.92 0.05
2458493.3181313 9.84 0.04
2458493.3183049 9.94 0.05
2458493.3184786 9.90 0.05
2458493.3186522 9.87 0.05
2458493.3189994 9.89 0.05
2458493.3193466 9.91 0.05
2458493.3195202 9.82 0.04
2458493.3196938 9.85 0.05
2458493.3200411 9.84 0.04
2458493.3202147 9.96 0.05
2458493.3203883 9.98 0.05
2458493.3205619 9.90 0.05
2458493.3207355 9.85 0.05
2458493.3210827 9.95 0.05
2458493.3212563 9.93 0.05
2458493.3214299 9.83 0.04
2458493.3216035 9.83 0.04
2458493.3217772 9.88 0.05
2458493.3219508 9.91 0.05
2458493.3221244 9.89 0.05
2458493.3222980 9.86 0.05
2458493.3224716 9.92 0.05
2458493.3231662 9.83 0.04
2458493.3238605 9.90 0.05
2458493.3240341 9.80 0.04
2458493.3245559 9.90 0.05
2458493.3247293 9.81 0.04
2458493.3254231 9.88 0.05
2458493.3257702 9.87 0.05
2458493.3261174 9.83 0.04
2458493.3262911 9.78 0.04
2458493.3266383 9.92 0.05
2458493.3268119 9.83 0.04
2458493.3269855 9.86 0.04
2458493.3275063 9.94 0.05
2458493.3276799 9.94 0.05
2458493.3278536 9.95 0.05
2458493.3283744 9.88 0.05
2458493.3294160 9.86 0.04
2458493.3299369 9.80 0.04
2458493.3304577 9.77 0.04
2458493.3306313 9.84 0.04
2458493.3313258 9.87 0.05
2458493.3314994 9.87 0.05
2458493.3316730 9.89 0.05
2458493.3320202 9.85 0.04
2458493.3325411 9.91 0.05
2458493.3328883 9.82 0.04
2458493.3330619 9.88 0.05
2458493.3332355 9.77 0.04
2458493.3334091 9.87 0.05
2458493.3335827 9.92 0.05
2458493.3339299 9.88 0.05
2458493.3342772 9.92 0.05
2458493.3346244 9.84 0.04
2458493.3347980 9.86 0.05
2458493.3349716 9.86 0.05
2458493.3353188 9.84 0.04
2458493.3354924 9.86 0.05
2458493.3360133 9.86 0.05
2458493.3361882 9.90 0.05
2458493.3363616 9.85 0.05
2458493.3365351 9.88 0.05
2458493.3368820 9.79 0.04
2458493.3370554 9.83 0.04
2458493.3375758 9.95 0.05
2458493.3377494 9.85 0.05
2458493.3379230 9.88 0.05
2458493.3380966 9.85 0.05
2458493.3384438 9.81 0.04
2458493.3386174 9.84 0.04
2458493.3391383 9.89 0.05
2458493.3394855 9.83 0.04
2458493.3398327 9.92 0.05
2458493.3403536 9.91 0.05
2458493.3405272 9.89 0.05
2458493.3407008 9.83 0.04
2458493.3408744 9.86 0.05
2458493.3410480 9.88 0.05
2458493.3412216 9.88 0.05
2458493.3413952 9.91 0.05
2458493.3415688 9.87 0.05
2458493.3417424 9.86 0.05
2458493.3422633 9.89 0.05
2458493.3426105 9.80 0.04
2458493.3427841 9.93 0.05
2458493.3429577 9.89 0.05
2458493.3431313 9.82 0.04
2458493.3433049 9.83 0.04
2458493.3434786 9.89 0.05
2458493.3436522 9.92 0.05
2458493.3438258 9.95 0.05
2458493.3439994 9.85 0.05
2458493.3443466 9.85 0.05
2458493.3445202 9.83 0.04
2458493.3446938 9.94 0.05
2458493.3448674 9.88 0.05
2458493.3450410 9.91 0.05
2458493.3452147 9.89 0.05
2458493.3453883 9.92 0.05
2458493.3455619 9.92 0.05
2458493.3460827 9.86 0.05
2458493.3462563 9.90 0.05
2458493.3464299 9.94 0.05
2458493.3467772 9.79 0.04
2458493.3469508 9.89 0.05
2458493.3476452 9.94 0.05
2458493.3478188 9.83 0.04
2458493.3479924 9.82 0.04
2458493.3485142 9.76 0.04
2458493.3486876 9.92 0.05
2458493.3490345 9.89 0.05
2458493.3493814 9.97 0.05
2458493.3499022 9.82 0.04
2458493.3500758 9.83 0.04
2458493.3518119 9.84 0.05
2458493.3519855 9.85 0.05
2458493.3521591 9.84 0.05
2458493.3523327 9.85 0.05
2458493.3525063 9.90 0.05
2458493.3526799 9.88 0.05
2458493.3530272 9.85 0.05
2458493.3532008 9.91 0.05
2458493.3533744 9.88 0.05
2458493.3537216 9.85 0.05
2458493.3538952 9.80 0.04
2458493.3542424 9.92 0.05
2458493.3545897 9.84 0.05
2458493.3547633 9.85 0.05
2458493.3549369 9.86 0.05
2458493.3551105 9.87 0.05
2458493.3552841 9.85 0.05
2458493.3554577 9.91 0.05
2458493.3558049 9.86 0.05
2458493.3559786 9.88 0.05
2458493.3561522 9.90 0.05
2458493.3563258 9.91 0.05
2458493.3564994 9.84 0.05
2458493.3566730 9.84 0.04
2458493.3570202 10.02 0.05
2458493.3571938 9.85 0.05
2458493.3578883 9.88 0.05
2458493.3580619 9.94 0.05
2458493.3584091 9.86 0.05
2458493.3589299 9.97 0.05
2458493.3591036 9.89 0.05
2458493.3592772 9.93 0.05
2458493.3599716 9.78 0.04
2458493.3608403 9.85 0.05
2458493.3620549 9.88 0.05
2458493.3624022 9.88 0.05
2458493.3625758 9.93 0.05
2458493.3630966 9.88 0.05
2458493.3632702 9.92 0.05
2458493.3637911 9.89 0.05
2458493.3643119 9.91 0.05
2458493.3644855 9.90 0.05
2458493.3648327 9.93 0.05
2458493.3653536 9.95 0.05
2458493.3655272 9.92 0.05
2458493.3657008 9.86 0.05
2458493.3660480 9.79 0.04
2458493.3663952 9.84 0.05
2458493.3665688 9.91 0.05
2458493.3667424 9.86 0.05
2458493.3669161 9.90 0.05
2458493.3670897 9.89 0.05
2458493.3674369 9.86 0.05
2458493.3676105 9.89 0.05
2458493.3679577 9.81 0.04
2458493.3681313 9.92 0.05
2458493.3683049 9.86 0.05
2458493.3684785 9.85 0.05
2458493.3691730 9.90 0.05
2458493.3695202 9.93 0.05
2458493.3698674 9.94 0.05
2458493.3700410 9.91 0.05
2458493.3702147 9.83 0.05
2458493.3707355 9.91 0.05
2458493.3710827 9.88 0.05
2458493.3712563 9.92 0.05
2458493.3714299 9.87 0.05
2458493.3716036 9.91 0.05
2458493.3721257 9.85 0.05
2458493.3722991 9.88 0.05
2458493.3724725 9.95 0.05
2458493.3726460 9.85 0.05
2458493.3731663 9.85 0.05
2458493.3733397 9.98 0.05
2458493.3736869 9.85 0.05
2458493.3738605 9.96 0.05
2458493.3742077 9.93 0.05
2458493.3743813 9.84 0.05
2458493.3745549 9.83 0.05
2458493.3747286 9.87 0.05
2458493.3749022 9.91 0.05
2458493.3750758 9.88 0.05
2458493.3752494 9.86 0.05
2458493.3754230 9.88 0.05
2458493.3755966 9.93 0.05
2458493.3761174 9.87 0.05
2458493.3764647 9.88 0.05
2458493.3766383 9.80 0.04
2458493.3768119 9.92 0.05
2458493.3771591 9.88 0.05
2458493.3773327 9.89 0.05
2458493.3778535 9.93 0.05
2458493.3780272 9.85 0.05
2458493.3782008 9.91 0.05
2458493.3783744 9.81 0.04
2458493.3787216 9.92 0.05
2458493.3788952 9.88 0.05
2458493.3790688 9.93 0.05
2458493.3792424 9.88 0.05
2458493.3794161 9.87 0.05
2458493.3795897 9.84 0.05
2458493.3797633 10.03 0.06
2458493.3799369 9.90 0.05
2458493.3801105 9.90 0.05
2458493.3802841 9.87 0.05
2458493.3804577 9.92 0.05
2458493.3806313 9.90 0.05
2458493.3808049 9.89 0.05
2458493.3809786 9.91 0.05
2458493.3811522 9.89 0.05
2458493.3813258 9.96 0.05
2458493.3814994 9.87 0.05
2458493.3816730 9.87 0.05
2458493.3820202 9.84 0.05
2458493.3821938 9.85 0.05
2458493.3825411 9.96 0.05
2458493.3828883 9.84 0.05
2458493.3830619 9.86 0.05
2458493.3832355 9.84 0.05
2458493.3834091 9.89 0.05
2458493.3835827 9.87 0.05
2458493.3837563 9.89 0.05
2458493.3839313 9.91 0.05
2458493.3841048 9.89 0.05
2458493.3842782 9.88 0.05
2458493.3844517 9.98 0.05
2458493.3846251 9.86 0.05
2458493.3847985 9.92 0.05
2458493.3849720 9.95 0.05
2458493.3851454 10.00 0.05
2458493.3853189 9.82 0.05
2458493.3854924 9.86 0.05
2458493.3856660 9.96 0.05
2458493.3858397 9.98 0.05
2458493.3860133 9.99 0.05
2458493.3861869 9.90 0.05
2458493.3863605 9.86 0.05
2458493.3865341 9.82 0.05
2458493.3867077 9.86 0.05
2458493.3868813 9.87 0.05
2458493.3870549 9.90 0.05
2458493.3872286 9.87 0.05
2458493.3874022 9.89 0.05
2458493.3875758 9.95 0.05
2458493.3879230 9.85 0.05
2458493.3882702 9.91 0.05
2458493.3884438 9.80 0.05
2458493.3886174 9.91 0.05
2458493.3887911 9.91 0.05
2458493.3889647 9.91 0.05
2458493.3891383 9.88 0.05
2458493.3893119 9.86 0.05
2458493.3894855 9.90 0.05
2458493.3896591 9.87 0.05
2458493.3898327 9.92 0.05
2458493.3901799 9.79 0.05
2458493.3903536 9.99 0.05
2458493.3905272 9.92 0.05
2458493.3908744 9.89 0.05
2458493.3910480 9.94 0.05
2458493.3912216 9.91 0.05
2458493.3913952 9.91 0.05
2458493.3920897 9.85 0.05
2458493.3922633 9.83 0.05
2458493.3926105 9.84 0.05
2458493.3929577 9.88 0.05
2458493.3931313 9.84 0.05
2458493.3934785 9.88 0.05
2458493.3936522 9.90 0.05
2458493.3939994 9.88 0.05
2458493.3941730 9.89 0.05
2458493.3946938 9.91 0.05
2458493.3948674 9.88 0.05
2458493.3957355 9.92 0.05
2458493.3959105 9.86 0.05
2458493.3960839 9.99 0.05
2458493.3962574 9.98 0.05
2458493.3964308 9.97 0.05
2458493.3966043 9.85 0.05
2458493.3971246 9.90 0.05
2458493.3972980 9.94 0.05
2458493.3976452 9.86 0.05
2458493.3979924 9.82 0.05
2458493.3981661 9.85 0.05
2458493.3983397 9.89 0.05
2458493.3985133 9.89 0.05
2458493.3986869 9.95 0.05
2458493.3990341 9.84 0.05
2458493.3992077 9.92 0.05
2458493.3993813 9.91 0.05
2458493.4000758 9.85 0.05
2458493.4002494 9.89 0.05
2458493.4004230 9.89 0.05
2458493.4007702 9.80 0.05
2458493.4009438 9.93 0.05
2458493.4011174 9.96 0.05
2458493.4014647 9.83 0.05
2458493.4016383 9.93 0.05
2458493.4018119 9.82 0.05
2458493.4023327 9.97 0.05
2458493.4025063 9.87 0.05
2458493.4026799 9.86 0.05
2458493.4028536 9.94 0.05
2458493.4030272 9.94 0.05
2458493.4032008 9.87 0.05
2458493.4038952 9.89 0.05
2458493.4040688 9.92 0.05
2458493.4042424 9.90 0.05
2458493.4047633 9.90 0.05
2458493.4051105 9.84 0.05
2458493.4052841 9.81 0.05
2458493.4054577 9.89 0.05
2458493.4056313 9.83 0.05
2458493.4058049 9.87 0.05
2458493.4061522 9.91 0.05
2458493.4064994 9.94 0.05
2458493.4066730 9.91 0.05
2458493.4068466 9.96 0.06
2458493.4071938 9.84 0.05
2458493.4073674 9.89 0.05
2458493.4077147 9.86 0.05
2458493.4080630 9.95 0.05
2458493.4085833 9.87 0.05
2458493.4089302 9.92 0.05
2458493.4091037 9.89 0.05
2458493.4094508 9.88 0.05
2458493.4096244 9.88 0.05
2458493.4103188 9.83 0.05
2458493.4106661 9.84 0.05
2458493.4108397 9.82 0.05
2458493.4110133 9.93 0.05
2458493.4111869 9.94 0.05
2458493.4115341 9.81 0.05
2458493.4117077 9.96 0.06
2458493.4118813 9.81 0.05
2458493.4122286 9.92 0.05
2458493.4124022 9.83 0.05
2458493.4129230 9.89 0.05
2458493.4130966 9.84 0.05
2458493.4132702 9.89 0.05
2458493.4134438 9.89 0.05
2458493.4136174 9.95 0.06
2458493.4137911 9.89 0.05
2458493.4139647 9.82 0.05
2458493.4143119 9.85 0.05
2458493.4144855 9.81 0.05
2458493.4148327 9.87 0.05
2458493.4150063 9.82 0.05
2458493.4151799 9.93 0.05
2458493.4153535 9.89 0.05
2458493.4155272 9.96 0.06
2458493.4157008 9.86 0.05
2458493.4158744 9.97 0.06
2458494.3446475 9.73 0.08
2458494.3448211 9.87 0.09
2458494.3449948 9.89 0.08
2458494.3451684 9.78 0.07
2458494.3453420 9.86 0.07
2458494.3455156 9.93 0.07
2458494.3456892 9.88 0.07
2458494.3458628 9.86 0.07
2458494.3463836 9.80 0.06
2458494.3465573 9.78 0.06
2458494.3467309 9.84 0.07
2458494.3470781 9.91 0.07
2458494.3472517 9.88 0.07
2458494.3474253 9.76 0.06
2458494.3477725 9.78 0.06
2458494.3484670 9.91 0.07
2458494.3486406 9.78 0.06
2458494.3488142 9.91 0.07
2458494.3489878 9.83 0.07
2458494.3491614 9.90 0.07
2458494.3493350 9.86 0.07
2458494.3495086 9.82 0.07
2458494.3496822 9.91 0.07
2458494.3498559 9.81 0.07
2458494.3502031 9.83 0.07
2458494.3507239 9.73 0.06
2458494.3510711 9.82 0.07
2458494.3512447 9.84 0.07
2458494.3514184 9.82 0.07
2458494.3515920 9.95 0.08
2458494.3517656 9.83 0.07
2458494.3519392 9.95 0.08
2458494.3522864 9.77 0.07
2458494.3528073 9.82 0.07
2458494.3529809 9.80 0.07
2458494.3533281 9.93 0.08
2458494.3535031 9.89 0.08
2458494.3540234 9.91 0.08
2458494.3541969 9.90 0.08
2458494.3543703 9.96 0.08
2458494.3548906 9.80 0.07
2458494.3550642 9.82 0.08
2458494.3554114 9.90 0.08
2458494.3555850 9.70 0.07
2458494.3557586 9.86 0.08
2458494.3564531 9.89 0.09
2458494.3566267 10.00 0.10
2458494.3569739 9.97 0.10
2458494.3571475 9.97 0.10
2458494.3573211 10.00 0.11
2458494.3576684 9.84 0.09
2458494.3580156 9.95 0.10
2458494.3581892 9.87 0.10
2458494.3583628 10.08 0.12
2458494.3585364 9.85 0.09
2458494.3587100 9.99 0.11
2458494.3588836 9.88 0.10
2458494.3592309 9.83 0.09
2458494.3594045 9.69 0.08
2458494.3595781 9.82 0.09
2458494.3606945 10.01 0.12
2458494.3609670 9.85 0.11
2458494.3613142 10.00 0.12
2458494.3616614 9.89 0.11
2458494.3618350 9.84 0.10
2458494.3620086 9.85 0.11
2458494.3621823 9.95 0.12
2458494.3625295 9.83 0.11
2458494.3628767 9.99 0.13
2458494.3630503 9.90 0.12
2458494.3633975 9.99 0.13
2458494.3635711 10.02 0.14
2458494.3637447 9.75 0.11
2458494.3640920 9.94 0.13
2458494.3644392 9.84 0.13
2458494.3646128 9.73 0.12
2458494.3647864 9.94 0.14
2458494.3653072 9.78 0.13
2458494.3661753 9.68 0.14
2458494.3672170 9.72 0.17
2458494.3673920 9.56 0.14
2458495.1345897 9.98 0.09
2458495.1347646 9.90 0.08
2458495.1352849 9.87 0.08
2458495.1358052 9.90 0.08
2458495.1361522 9.86 0.08
2458495.1363258 9.84 0.07
2458495.1366730 9.95 0.08
2458495.1368466 9.84 0.07
2458495.1375410 9.89 0.08
2458495.1380619 10.05 0.09
2458495.1384091 9.81 0.07
2458495.1385827 9.86 0.07
2458495.1397980 9.90 0.08
2458495.1401452 9.97 0.08
2458495.1404924 9.90 0.08
2458495.1410133 9.85 0.07
2458495.1411869 9.76 0.07
2458495.1413605 9.90 0.08
2458495.1418813 9.93 0.08
2458495.1420549 9.94 0.08
2458495.1422286 9.89 0.08
2458495.1424022 9.89 0.08
2458495.1427494 9.78 0.07
2458495.1429230 9.91 0.08
2458495.1430966 9.86 0.07
2458495.1434438 9.93 0.08
2458495.1436174 9.88 0.08
2458495.1437911 10.02 0.09
2458495.1439647 9.89 0.08
2458495.1441383 9.87 0.07
2458495.1444855 9.98 0.08
2458495.1446591 9.87 0.07
2458495.1448327 9.83 0.07
2458495.1450063 9.86 0.07
2458495.1451799 9.93 0.08
2458495.1453535 9.94 0.08
2458495.1455272 9.82 0.07
2458495.1457008 9.85 0.07
2458495.1458744 9.89 0.07
2458495.1460480 9.89 0.08
2458495.1462216 9.78 0.07
2458495.1465688 9.95 0.08
2458495.1467438 9.98 0.08
2458495.1470907 9.81 0.07
2458495.1472641 9.80 0.07
2458495.1474375 9.86 0.07
2458495.1476110 9.78 0.07
2458495.1477844 9.85 0.07
2458495.1481313 9.89 0.08
2458495.1483049 9.88 0.07
2458495.1484786 9.80 0.07
2458495.1486522 9.89 0.08
2458495.1488258 9.83 0.07
2458495.1489994 9.87 0.07
2458495.1493466 9.91 0.08
2458495.1495202 9.96 0.08
2458495.1498674 9.79 0.07
2458495.1502147 9.95 0.08
2458495.1503883 9.84 0.07
2458495.1505619 9.95 0.08
2458495.1516036 9.83 0.07
2458495.1522980 9.83 0.07
2458495.1526452 9.84 0.07
2458495.1536869 9.90 0.08
2458495.1538605 9.77 0.07
2458495.1540341 9.82 0.07
2458495.1542077 9.91 0.08
2458495.1550758 9.98 0.08
2458495.1552494 9.75 0.07
2458495.1557702 9.87 0.07
2458495.1559438 9.83 0.07
2458495.1562911 9.93 0.08
2458495.1566383 9.88 0.08
2458495.1569855 9.79 0.07
2458495.1575063 9.87 0.07
2458495.1580272 9.80 0.07
2458495.1583744 9.80 0.07
2458495.1585480 9.83 0.07
2458495.1587230 9.82 0.07
2458495.1588964 9.89 0.07
2458495.1590699 9.93 0.08
2458495.1594167 9.88 0.07
2458495.1595902 9.77 0.07
2458495.1597636 9.85 0.07
2458495.1599371 9.94 0.08
2458495.1601105 9.78 0.07
2458495.1604577 9.77 0.07
2458495.1606313 9.92 0.08
2458495.1608049 9.84 0.07
2458495.1609785 9.83 0.07
2458495.1611522 9.82 0.07
2458495.1613258 9.87 0.07
2458495.1614994 9.81 0.07
2458495.1618466 9.93 0.08
2458495.1621938 9.80 0.07
2458495.1623674 9.85 0.07
2458495.1625410 9.80 0.07
2458495.1627147 9.88 0.07
2458495.1628883 9.72 0.06
2458495.1630619 9.85 0.07
2458495.1632355 9.85 0.07
2458495.1635827 9.75 0.07
2458495.1637563 9.77 0.07
2458495.1639299 9.93 0.08
2458495.1641036 9.84 0.07
2458495.1642772 9.98 0.08
2458495.1644508 9.92 0.08
2458495.1646244 9.97 0.08
2458495.1647980 9.81 0.07
2458495.1649716 9.80 0.07
2458495.1651452 9.83 0.07
2458495.1653188 9.88 0.07
2458495.1656660 9.77 0.07
2458495.1663605 9.79 0.07
2458495.1667077 9.93 0.08
2458495.1668813 9.76 0.07
2458495.1670549 9.83 0.07
2458495.1672285 9.77 0.07
2458495.1679230 9.75 0.06
2458495.1680966 9.79 0.07
2458495.1682702 9.84 0.07
2458495.1691383 9.77 0.07
2458495.1694855 9.84 0.07
2458495.1696591 9.71 0.06
2458495.1700063 9.87 0.07
2458495.1701799 9.73 0.06
2458495.1705272 9.84 0.07
2458495.1707022 9.90 0.07
2458495.1712225 9.88 0.07
2458495.1713960 9.75 0.06
2458495.1715694 9.87 0.07
2458495.1720897 9.81 0.07
2458495.1722633 9.80 0.07
2458495.1724369 9.92 0.08
2458495.1726105 9.83 0.07
2458495.1729577 9.84 0.07
2458495.1731313 9.95 0.08
2458495.1734786 9.88 0.07
2458495.1738258 9.85 0.07
2458495.1743466 9.84 0.07
2458495.1745202 9.82 0.07
2458495.1746938 9.86 0.07
2458495.1748674 9.83 0.07
2458495.1750411 9.76 0.06
2458495.1755619 9.83 0.07
2458495.1759091 9.77 0.06
2458495.1764299 9.82 0.07
2458495.1766035 9.83 0.07
2458495.1767772 9.87 0.07
2458495.1769508 9.77 0.06
2458495.1771244 9.79 0.07
2458495.1772980 9.87 0.07
2458495.1774716 9.77 0.06
2458495.1776452 9.95 0.08
2458495.1778188 9.81 0.07
2458495.1779924 9.93 0.07
2458495.1783397 9.98 0.08
2458495.1786869 9.93 0.07
2458495.1788605 9.90 0.07
2458495.1792077 9.96 0.08
2458495.1793813 9.86 0.07
2458495.1797286 10.02 0.08
2458495.1799022 9.90 0.07
2458495.1802494 9.77 0.06
2458495.1804230 9.74 0.06
2458495.1805966 9.88 0.07
2458495.1807702 9.81 0.07
2458495.1809438 9.72 0.06
2458495.1811174 9.87 0.07
2458495.1814647 9.82 0.07
2458495.1816383 9.83 0.07
2458495.1819855 9.80 0.06
2458495.1821591 9.87 0.07
2458495.1823327 9.98 0.08
2458495.1830283 9.81 0.07
2458495.1835486 9.81 0.07
2458495.1838955 9.80 0.07
2458495.1844160 9.87 0.07
2458495.1849369 9.85 0.07
2458495.1851105 9.74 0.06
2458495.1868466 9.79 0.06
2458495.1870202 9.87 0.07
2458495.1871938 9.90 0.07
2458495.1873674 9.84 0.07
2458495.1875411 9.80 0.06
2458495.1877147 9.87 0.07
2458495.1884091 9.84 0.07
2458495.1887563 9.79 0.06
2458495.1889299 9.90 0.07
2458495.1892772 9.80 0.06
2458495.1894508 9.90 0.07
2458495.1896244 9.78 0.06
2458495.1897980 9.78 0.06
2458495.1904924 9.82 0.06
2458495.1906661 9.94 0.07
2458495.1908397 9.81 0.06
2458495.1915341 9.81 0.06
2458495.1920549 9.83 0.07
2458495.1922285 9.88 0.07
2458495.1924022 9.84 0.07
2458495.1927494 9.82 0.06
2458495.1932702 9.83 0.07
2458495.1934438 9.88 0.07
2458495.1936174 9.87 0.07
2458495.1937910 9.97 0.07
2458495.1941383 9.89 0.07
2458495.1943119 9.80 0.06
2458495.1946591 9.79 0.06
2458495.1948340 9.90 0.07
2458495.1950075 9.86 0.07
2458495.1953544 9.95 0.07
2458495.1955278 9.83 0.06
2458495.1957013 9.89 0.07
2458495.1958747 9.85 0.06
2458495.1960481 9.81 0.06
2458495.1963952 9.83 0.06
2458495.1965688 9.75 0.06
2458495.1969161 9.88 0.07
2458495.1972633 9.94 0.07
2458495.1976105 9.84 0.07
2458495.1991730 9.89 0.07
2458495.1993466 9.85 0.07
2458495.2002147 10.03 0.08
2458495.2005619 9.78 0.06
2458495.2017772 9.90 0.07
2458495.2021244 9.82 0.06
2458495.2052494 9.78 0.06
2458495.2057702 9.77 0.06
2458495.2059438 9.90 0.07
2458495.2062911 9.96 0.07
2458495.2068132 9.81 0.06
2458495.2071601 9.87 0.07
2458495.2075070 9.92 0.07
2458495.2076805 9.79 0.06
2458495.2078539 9.93 0.07
2458495.2083744 9.84 0.07
2458495.2087216 10.06 0.08
2458495.2088952 9.89 0.07
2458495.2090688 9.81 0.06
2458495.2094160 9.89 0.07
2458495.2097633 9.82 0.07
2458495.2099369 9.77 0.06
2458495.2101105 9.99 0.08
2458495.2106313 9.87 0.07
2458495.2114994 10.07 0.08
2458495.2116730 9.82 0.06
2458495.2120202 9.98 0.07
2458495.2127147 9.96 0.07
2458495.2128883 9.86 0.07
2458495.2134091 9.91 0.07
2458495.2135827 9.70 0.06
2458495.2139299 9.81 0.06
2458495.2151452 9.94 0.07
2458495.2160133 9.78 0.06
2458495.2161869 9.93 0.07
2458495.2165341 9.89 0.07
2458495.2168813 9.85 0.06
2458495.2174022 9.93 0.07
2458495.2175758 9.85 0.06
2458495.2189658 9.88 0.07
2458495.2191393 9.89 0.07
2458495.2193127 9.91 0.07
2458495.2210480 9.94 0.07
2458495.2219161 9.94 0.07
2458495.2220897 10.07 0.08
2458495.2222633 9.78 0.06
2458495.2227841 9.82 0.06
2458495.2236522 9.87 0.07
2458495.2238258 9.84 0.06
2458495.2243466 9.81 0.06
2458495.2252147 9.95 0.07
2458495.2253883 9.86 0.07
2458495.2255619 10.05 0.08
2458495.2257355 9.82 0.06
2458495.2259091 9.92 0.07
2458495.2262563 9.77 0.06
2458495.2264299 9.86 0.07
2458495.2267772 9.78 0.06
2458495.2278188 9.75 0.06
2458495.2279924 10.02 0.08
2458495.2281661 9.96 0.07
2458495.2283397 10.00 0.07
2458495.2290341 9.89 0.07
2458495.2293813 9.93 0.07
2458495.2295549 9.89 0.07
2458495.2300758 9.80 0.06
2458495.2302494 9.91 0.07
2458495.2304230 9.87 0.07
2458495.2307716 9.91 0.07
2458495.2309450 9.88 0.07
2458495.2311185 9.88 0.07
2458495.2312919 9.94 0.07
2458495.2314654 9.99 0.07
2458495.2319857 9.93 0.07
2458495.2321591 10.05 0.08
2458495.2323327 10.04 0.08
2458495.2325063 9.81 0.06
2458495.2335480 9.92 0.07
2458495.2338952 10.00 0.07
2458495.2351105 9.88 0.06
2458495.2359785 9.93 0.07
2458495.2361522 9.92 0.07
2458495.2364994 9.85 0.06
2458495.2368466 9.91 0.07
2458495.2373674 9.91 0.07
2458495.2378883 9.88 0.06
2458495.2384091 9.89 0.06
2458495.2391035 9.90 0.07
2458495.2392772 9.87 0.06
2458495.2394508 9.86 0.06
2458495.2397980 9.89 0.07
2458495.2399716 9.85 0.06
2458495.2401452 9.94 0.07
2458495.2403188 9.90 0.07
2458495.2406660 10.01 0.07
2458495.2411869 9.86 0.06
2458495.2415341 9.83 0.06
2458495.2418813 9.98 0.07
2458495.2420549 9.83 0.06
2458495.2425758 9.97 0.07
2458495.2427508 9.92 0.07
2458495.2430977 9.88 0.06
2458495.2432711 9.86 0.06
2458495.2434445 9.86 0.06
2458495.2436180 9.85 0.06
2458495.2437914 9.89 0.07
2458495.2439649 9.93 0.07
2458495.2441383 9.92 0.07
2458495.2444855 9.86 0.06
2458495.2448327 9.85 0.06
2458495.2453536 9.99 0.07
2458495.2462216 9.87 0.06
2458495.2465688 9.77 0.06
2458495.2469160 9.92 0.07
2458495.2481313 9.90 0.07
2458495.2483049 9.96 0.07
2458495.2486522 9.86 0.06
2458495.2488258 9.87 0.06
2458495.2493466 9.80 0.06
2458495.2502147 9.97 0.07
2458495.2503883 9.85 0.06
2458495.2505619 9.89 0.07
2458495.2510827 9.83 0.06
2458495.2514299 9.85 0.06
2458495.2519508 9.90 0.07
2458495.2529924 9.94 0.07
2458495.2533397 9.86 0.06
2458495.2535133 9.88 0.06
2458495.2536869 9.79 0.06
2458495.2538605 10.00 0.07
2458495.2540341 9.84 0.06
2458495.2542077 9.93 0.07
2458495.2545549 9.90 0.06
2458495.2547300 9.81 0.06
2458495.2549034 10.00 0.07
2458495.2554238 9.94 0.07
2458495.2555972 10.02 0.07
2458495.2557706 9.85 0.06
2458495.2559441 9.99 0.07
2458495.2561175 9.91 0.06
2458495.2562910 9.83 0.06
2458495.2564647 9.89 0.06
2458495.2566383 9.89 0.06
2458495.2568119 10.00 0.07
2458495.2569855 9.90 0.06
2458495.2571591 9.86 0.06
2458495.2573327 9.87 0.06
2458495.2575063 10.04 0.07
2458495.2578536 10.03 0.07
2458495.2582008 9.90 0.06
2458495.2583744 9.91 0.06
2458495.2590688 9.96 0.07
2458495.2592424 9.83 0.06
2458495.2594161 9.94 0.06
2458495.2595897 10.05 0.07
2458495.2597633 9.90 0.06
2458495.2599369 9.94 0.07
2458495.2601105 9.93 0.06
2458495.2602841 9.96 0.07
2458495.2604577 9.92 0.06
2458495.2606313 9.91 0.06
2458495.2608049 9.94 0.07
2458495.2611522 9.95 0.07
2458495.2613258 10.04 0.07
2458495.2614994 9.89 0.06
2458495.2616730 9.86 0.06
2458495.2620202 9.83 0.06
2458495.2621938 9.85 0.06
2458495.2623674 9.88 0.06
2458495.2625410 9.86 0.06
2458495.2627147 9.96 0.07
2458495.2628883 9.93 0.07
2458495.2630619 9.90 0.06
2458495.2632355 9.82 0.06
2458495.2634091 9.83 0.06
2458495.2635827 9.80 0.06
2458495.2637563 9.92 0.07
2458495.2639299 9.87 0.06
2458495.2641035 9.97 0.07
2458495.2642772 9.77 0.06
2458495.2644508 9.85 0.06
2458495.2646244 9.89 0.06
2458495.2647980 9.82 0.06
2458495.2649716 9.92 0.06
2458495.2651452 10.05 0.07
2458495.2653188 9.94 0.07
2458495.2654924 9.92 0.06
2458495.2656661 9.87 0.06
2458495.2658397 9.91 0.07
2458495.2661869 9.89 0.06
2458495.2663605 9.89 0.06
2458495.2665341 9.82 0.06
2458495.2667077 9.80 0.06
2458495.2668826 9.82 0.06
2458495.2670561 9.82 0.06
2458495.2672295 10.01 0.07
2458495.2674030 9.91 0.06
2458495.2675764 9.99 0.07
2458495.2677498 9.91 0.06
2458495.2680967 9.88 0.06
2458495.2682702 9.89 0.06
2458495.2684438 9.89 0.06
2458495.2686174 9.90 0.06
2458495.2687911 9.88 0.06
2458495.2689647 9.86 0.06
2458495.2693119 9.81 0.06
2458495.2694855 9.91 0.06
2458495.2696591 9.96 0.07
2458495.2701799 9.93 0.06
2458495.2705272 9.98 0.07
2458495.2707008 9.80 0.06
2458495.2708744 9.82 0.06
2458495.2710480 9.92 0.06
2458495.2712216 9.92 0.06
2458495.2713952 9.99 0.07
2458495.2715688 9.91 0.06
2458495.2717424 9.89 0.06
2458495.2719160 9.99 0.07
2458495.2743466 9.85 0.06
2458495.2745202 9.86 0.06
2458495.2746938 9.80 0.06
2458495.2748674 9.89 0.06
2458495.2750411 9.84 0.06
2458495.2752147 9.90 0.06
2458495.2753883 9.97 0.07
2458495.2755619 9.90 0.06
2458495.2757355 9.94 0.07
2458495.2760827 9.98 0.07
2458495.2762563 9.87 0.06
2458495.2764299 9.85 0.06
2458495.2766036 9.86 0.06
2458495.2767772 9.88 0.06
2458498.1654809 9.90 0.08
2458498.1656545 9.88 0.07
2458498.1658281 9.89 0.06
2458498.1660017 9.88 0.06
2458498.1665238 9.86 0.06
2458498.1666972 9.88 0.06
2458498.1668707 9.83 0.06
2458498.1670441 9.85 0.06
2458498.1673910 9.92 0.06
2458498.1679114 9.84 0.06
2458498.1680850 9.81 0.06
2458498.1682586 9.82 0.06
2458498.1684322 9.84 0.06
2458498.1687795 9.91 0.06
2458498.1689531 9.90 0.06
2458498.1691267 9.90 0.06
2458498.1693003 9.92 0.06
2458498.1698211 9.84 0.06
2458498.1699947 9.95 0.06
2458498.1703420 9.84 0.06
2458498.1705156 9.88 0.06
2458498.1706892 9.82 0.06
2458498.1708628 9.89 0.06
2458498.1710364 9.79 0.05
2458498.1712100 9.87 0.06
2458498.1717309 9.94 0.06
2458498.1719045 9.85 0.06
2458498.1720781 9.85 0.06
2458498.1724253 9.85 0.06
2458498.1725989 9.88 0.06
2458498.1729461 9.94 0.06
2458498.1732934 9.88 0.06
2458498.1734670 9.84 0.06
2458498.1736406 9.88 0.06
2458498.1739878 9.84 0.06
2458498.1743350 9.83 0.05
2458498.1746823 9.92 0.06
2458498.1752031 9.96 0.06
2458498.1753767 9.92 0.06
2458498.1755503 9.87 0.06
2458498.1758975 9.92 0.06
2458498.1760711 9.96 0.06
2458498.1765920 9.85 0.05
2458498.1767656 9.91 0.06
2458498.1769392 9.91 0.06
2458498.1771128 9.89 0.06
2458498.1772864 9.89 0.06
2458498.1774600 9.90 0.06
2458498.1778072 9.90 0.06
2458498.1779809 9.92 0.06
2458498.1783295 9.88 0.06
2458498.1785029 9.96 0.06
2458498.1786763 9.79 0.05
2458498.1791967 9.94 0.06
2458498.1795436 9.91 0.06
2458498.1797170 9.83 0.05
2458498.1805850 9.98 0.06
2458498.1807586 9.82 0.05
2458498.1809323 9.85 0.05
2458498.1811059 9.91 0.06
2458498.1812795 9.84 0.05
2458498.1814531 9.99 0.06
2458498.1816267 9.86 0.05
2458498.1818003 9.86 0.05
2458498.1821475 9.89 0.06
2458498.1824948 9.92 0.06
2458498.1826684 10.03 0.06
2458498.1830156 9.86 0.06
2458498.1831892 9.98 0.06
2458498.1833628 9.89 0.06
2458498.1835364 9.89 0.06
2458498.1837100 9.95 0.06
2458498.1838836 9.94 0.06
2458498.1840572 9.88 0.06
2458498.1844045 9.85 0.05
2458498.1845781 10.00 0.06
2458498.1847517 9.86 0.05
2458498.1849253 9.89 0.06
2458498.1850989 9.88 0.06
2458498.1852725 9.81 0.05
2458498.1854461 9.88 0.05
2458498.1856197 9.93 0.06
2458498.1864878 9.78 0.05
2458498.1868350 9.89 0.06
2458498.1870086 9.91 0.06
2458498.1871822 10.04 0.06
2458498.1882974 9.91 0.06
2458498.1885711 9.74 0.05
2458498.1887448 9.85 0.05
2458498.1890920 9.91 0.06
2458498.1892656 9.85 0.05
2458498.1894392 9.86 0.05
2458498.1899600 9.89 0.06
2458498.1901336 9.83 0.05
2458498.1903073 9.79 0.05
2458498.1906545 9.83 0.05
2458498.1910017 9.83 0.05
2458498.1911753 9.87 0.05
2458498.1916961 9.92 0.06
2458498.1918697 9.95 0.06
2458498.1920434 9.83 0.05
2458498.1922170 9.91 0.06
2458498.1923906 9.87 0.05
2458498.1925642 9.93 0.06
2458498.1927378 9.87 0.05
2458498.1929114 9.99 0.06
2458498.1934322 9.83 0.05
2458498.1936059 9.86 0.05
2458498.1939531 9.88 0.05
2458498.1941267 9.81 0.05
2458498.1943003 9.88 0.05
2458498.1944739 9.84 0.05
2458498.1946475 9.82 0.05
2458498.1949947 9.86 0.05
2458498.1951684 9.84 0.05
2458498.1955156 9.85 0.05
2458498.1956892 9.74 0.05
2458498.1958628 9.89 0.05
2458498.1960378 9.88 0.05
2458498.1962112 9.87 0.05
2458498.1963846 9.85 0.05
2458498.1965581 9.81 0.05
2458498.1967315 9.77 0.05
2458498.1969050 9.89 0.05
2458498.1970784 9.91 0.05
2458498.1974253 9.86 0.05
2458498.1975989 9.80 0.05
2458498.1977725 9.97 0.06
2458498.1979461 9.88 0.05
2458498.1981198 9.83 0.05
2458498.1982934 9.89 0.05
2458498.1984670 9.99 0.06
2458498.1986406 9.95 0.06
2458498.1988142 9.81 0.05
2458498.1989878 9.90 0.05
2458498.1991614 9.77 0.05
2458498.1993350 9.86 0.05
2458498.1995086 9.82 0.05
2458498.1996822 9.82 0.05
2458498.2000295 9.86 0.05
2458498.2003767 9.87 0.05
2458498.2008975 9.90 0.05
2458498.2010711 9.82 0.05
2458498.2014184 9.84 0.05
2458498.2015920 9.88 0.05
2458498.2017656 9.89 0.05
2458498.2019392 9.84 0.05
2458498.2021128 9.87 0.05
2458498.2022864 9.83 0.05
2458498.2024600 9.85 0.05
2458498.2026336 9.83 0.05
2458498.2028072 9.86 0.05
2458498.2029809 9.84 0.05
2458498.2031545 9.83 0.05
2458498.2035017 9.76 0.05
2458498.2036753 9.85 0.05
2458498.2041961 9.84 0.05
2458498.2043698 9.85 0.05
2458498.2045434 9.88 0.05
2458498.2047170 9.82 0.05
2458498.2052378 9.92 0.05
2458498.2054114 9.86 0.05
2458498.2059323 9.79 0.05
2458498.2061059 9.91 0.05
2458498.2064531 9.85 0.05
2458498.2066267 9.89 0.05
2458498.2068003 9.89 0.05
2458498.2069739 9.93 0.05
2458498.2073211 9.82 0.05
2458498.2074947 9.83 0.05
2458498.2078420 9.84 0.05
2458498.2080169 9.84 0.05
2458498.2081904 9.84 0.05
2458498.2085373 9.87 0.05
2458498.2087107 9.83 0.05
2458498.2088841 9.91 0.05
2458498.2092310 9.88 0.05
2458498.2094045 9.82 0.05
2458498.2095781 9.87 0.05
2458498.2099253 9.88 0.05
2458498.2100989 9.81 0.05
2458498.2102725 9.87 0.05
2458498.2106197 9.83 0.05
2458498.2107934 9.88 0.05
2458498.2109670 9.91 0.05
2458498.2111406 9.82 0.05
2458498.2113142 9.84 0.05
2458498.2116614 9.87 0.05
2458498.2118350 9.86 0.05
2458498.2120086 9.83 0.05
2458498.2123559 9.87 0.05
2458498.2125295 9.87 0.05
2458498.2127031 9.89 0.05
2458498.2128767 9.90 0.05
2458498.2130503 9.85 0.05
2458498.2132239 9.83 0.05
2458498.2139184 9.85 0.05
2458498.2142656 9.87 0.05
2458498.2144392 9.81 0.05
2458498.2149600 9.86 0.05
2458498.2151336 9.85 0.05
2458498.2154809 9.84 0.05
2458498.2156545 9.86 0.05
2458498.2158281 9.90 0.05
2458498.2163489 9.92 0.05
2458498.2165225 9.84 0.05
2458498.2168697 9.74 0.04
2458498.2172170 9.94 0.05
2458498.2173906 9.88 0.05
2458498.2177378 9.85 0.05
2458498.2179114 9.84 0.05
2458498.2180850 9.82 0.05
2458498.2182586 9.79 0.05
2458498.2184322 9.80 0.05
2458498.2186059 9.82 0.05
2458498.2187795 9.83 0.05
2458498.2191267 9.80 0.05
2458498.2196475 9.87 0.05
2458498.2199960 9.91 0.05
2458498.2205163 9.80 0.05
2458498.2206898 9.92 0.05
2458498.2208632 9.88 0.05
2458498.2210366 9.84 0.05
2458498.2212101 9.92 0.05
2458498.2215573 9.78 0.05
2458498.2219045 9.80 0.05
2458498.2225989 9.86 0.05
2458498.2227725 9.78 0.04
2458498.2231197 9.80 0.05
2458498.2238142 9.78 0.04
2458498.2239878 9.90 0.05
2458498.2245086 9.89 0.05
2458498.2248559 9.83 0.05
2458498.2250295 9.84 0.05
2458498.2252031 9.79 0.04
2458498.2253767 9.85 0.05
2458498.2255503 9.91 0.05
2458498.2257239 9.84 0.05
2458498.2260711 9.85 0.05
2458498.2262447 9.90 0.05
2458498.2264184 9.83 0.05
2458498.2267656 9.84 0.05
2458498.2269392 9.83 0.05
2458498.2271128 9.85 0.05
2458498.2272864 9.80 0.05
2458498.2274600 9.83 0.05
2458498.2276336 9.93 0.05
2458498.2278073 9.93 0.05
2458498.2279809 9.80 0.05
2458498.2281545 9.89 0.05
2458498.2283281 9.82 0.05
2458498.2285017 9.87 0.05
2458498.2288489 9.81 0.05
2458498.2290225 9.85 0.05
2458498.2291961 9.88 0.05
2458498.2293698 9.88 0.05
2458498.2300642 9.84 0.05
2458498.2302378 9.88 0.05
2458498.2304114 9.88 0.05
2458498.2305850 9.79 0.05
2458498.2307586 9.81 0.05
2458498.2311059 9.91 0.05
2458498.2321485 9.86 0.05
2458498.2324954 9.86 0.05
2458498.2340572 9.86 0.05
2458498.2350989 9.85 0.05
2458498.2354461 9.90 0.05
2458498.2356198 9.86 0.05
2458498.2377031 9.83 0.05
2458498.2380503 9.81 0.05
2458498.2387447 9.82 0.05
2458498.2390920 9.91 0.05
2458498.2394392 9.91 0.05
2458498.2396128 9.94 0.05
2458498.2401336 9.87 0.05
2458498.2406545 9.84 0.05
2458498.2408281 9.87 0.05
2458498.2413489 9.92 0.05
2458498.2420434 9.90 0.05
2458498.2423906 9.90 0.05
2458498.2425642 9.80 0.05
2458498.2429114 9.88 0.05
2458498.2432586 9.88 0.05
2458498.2434323 9.83 0.05
2458498.2437807 9.86 0.05
2458498.2443010 9.97 0.06
2458498.2444745 9.88 0.05
2458498.2448214 9.89 0.05
2458498.2451684 9.93 0.05
2458498.2455156 9.86 0.05
2458498.2462100 9.89 0.05
2458498.2463836 9.91 0.05
2458498.2472517 9.83 0.05
2458498.2475989 9.84 0.05
2458498.2477725 9.93 0.05
2458498.2486406 9.90 0.05
2458498.2488142 9.91 0.05
2458498.2489878 9.93 0.05
2458498.2495086 9.93 0.05
2458498.2502031 9.99 0.06
2458498.2512448 9.96 0.06
2458498.2514184 9.88 0.05
2458498.2519392 9.92 0.06
2458498.2521128 9.94 0.06
2458498.2529809 9.85 0.05
2458498.2533281 9.92 0.05
2458498.2535017 9.87 0.05
2458498.2536753 9.93 0.05
2458498.2540225 9.88 0.05
2458498.2543697 9.98 0.06
2458498.2545434 9.93 0.06
2458498.2548906 10.00 0.06
2458498.2550642 9.90 0.05
2458498.2559332 9.83 0.05
2458498.2561066 9.95 0.06
2458498.2564535 9.84 0.05
2458498.2568004 9.83 0.05
2458498.2571475 9.88 0.05
2458498.2573211 9.88 0.05
2458498.2574947 9.83 0.05
2458498.2576684 9.86 0.05
2458498.2578420 9.88 0.05
2458498.2580156 9.95 0.06
2458498.2581892 9.85 0.05
2458498.2583628 9.90 0.05
2458498.2585364 9.88 0.05
2458498.2587100 9.92 0.06
2458498.2588836 9.97 0.06
2458498.2590573 9.93 0.06
2458498.2597517 9.91 0.05
2458498.2599253 9.92 0.06
2458498.2600989 9.88 0.05
2458498.2602725 9.91 0.06
2458498.2604461 9.97 0.06
2458498.2609670 9.88 0.05
2458498.2611406 9.94 0.06
2458498.2613142 9.90 0.05
2458498.2616614 9.87 0.05
2458498.2618350 9.88 0.05
2458498.2620086 9.94 0.06
2458498.2621822 9.85 0.05
2458498.2623559 9.83 0.05
2458498.2625295 9.94 0.06
2458498.2627031 9.85 0.04
2458498.2628767 9.86 0.04
2458498.2632239 9.85 0.04
2458498.2633975 9.87 0.04
2458498.2635711 9.87 0.04
2458498.2637447 9.86 0.04
2458498.2639184 9.83 0.04
2458498.2640920 9.85 0.04
2458498.2642656 9.79 0.04
2458498.2644392 9.91 0.04
2458498.2646128 9.87 0.04
2458498.2647864 9.86 0.04
2458498.2649600 9.89 0.05
2458498.2651336 9.87 0.04
2458498.2653072 9.83 0.04
2458498.2654809 9.83 0.04
2458498.2656545 9.82 0.04
2458498.2658281 9.97 0.05
2458498.2660017 9.90 0.05
2458498.2661753 9.91 0.05
2458498.2663489 9.81 0.04
2458498.2665225 9.93 0.05
2458498.2666961 9.90 0.05
2458498.2668698 9.87 0.04
2458498.2670434 9.88 0.04
2458498.2673906 9.87 0.04
2458498.2675655 9.84 0.04
2458498.2677389 9.88 0.04
2458498.2679124 9.89 0.05
2458498.2680858 9.87 0.04
2458498.2682593 9.93 0.05
2458498.2684327 9.92 0.05
2458498.2686062 9.83 0.04
2458498.2687796 9.90 0.04
2458498.2689531 9.84 0.04
2458498.2691267 9.84 0.04
2458498.2693003 9.82 0.04
2458498.2694739 9.83 0.04
2458498.2696475 9.86 0.04
2458498.2698211 9.88 0.04
2458498.2699947 9.93 0.05
2458498.2705156 9.81 0.04
2458498.2706892 9.91 0.04
2458498.2708628 9.86 0.04
2458498.2710364 9.93 0.05
2458498.2713836 9.88 0.04
2458498.2715572 9.88 0.04
2458498.2719045 9.88 0.04
2458498.2724253 9.82 0.04
2458498.2725989 9.75 0.04
2458498.2727725 9.87 0.04
2458498.2729461 9.89 0.04
2458498.2731197 9.92 0.05
2458498.2732934 9.88 0.04
2458498.2734670 9.89 0.04
2458498.2736406 9.91 0.05
2458498.2738142 9.84 0.04
2458498.2739878 9.84 0.04
2458498.2741614 9.85 0.04
2458498.2743350 9.88 0.04
2458498.2745086 9.88 0.04
2458498.2746823 9.81 0.04
2458498.2748559 9.87 0.04
2458498.2750295 9.80 0.04
2458498.2752031 9.87 0.04
2458498.2753767 9.83 0.04
2458498.2755503 9.96 0.05
2458498.2757239 9.85 0.04
2458498.2758975 9.86 0.04
2458498.2760711 9.90 0.04
2458498.2762448 9.82 0.04
2458498.2764184 9.89 0.04
2458498.2765920 9.80 0.04
2458498.2767656 9.82 0.04
2458498.2769392 9.92 0.05
2458498.2771128 9.94 0.05
2458498.2774600 9.88 0.04
2458498.2776336 9.84 0.04
2458498.2778072 9.89 0.04
2458498.2779809 9.84 0.04
2458498.2781545 9.85 0.04
2458498.2783281 9.89 0.04
2458498.2788489 9.84 0.04
2458498.2790225 9.89 0.04
2458498.2791961 9.81 0.04
2458498.2793697 9.87 0.04
2458498.2795448 9.84 0.04
2458498.2797182 9.86 0.04
2458498.2798916 9.86 0.04
2458498.2800651 9.87 0.04
2458498.2802385 9.88 0.04
2458498.2804120 9.80 0.04
2458498.2805854 9.79 0.04
2458498.2807589 9.82 0.04
2458498.2809323 9.86 0.04
2458498.2811059 9.93 0.05
2458498.2812795 9.92 0.05
2458498.2814531 9.86 0.04
2458498.2816267 9.92 0.05
2458498.2818003 9.80 0.04
2458498.2819739 9.84 0.04
2458498.2821475 9.80 0.04
2458498.2823211 9.84 0.04
2458498.2824948 9.82 0.04
2458498.2826684 9.86 0.04
2458498.2828420 9.90 0.05
2458498.2830156 9.84 0.04
2458498.2831892 9.81 0.04
2458498.2833628 9.84 0.04
2458498.2835364 9.85 0.04
2458498.2837100 9.86 0.04
2458498.2838836 9.83 0.04
2458498.2840573 9.87 0.04
2458498.2842309 9.85 0.04
2458498.2844045 9.91 0.05
2458498.2847517 9.85 0.04
2458498.2852725 9.84 0.04
2458498.2854461 9.74 0.04
2458498.2856197 9.83 0.04
2458498.2857934 9.85 0.04
2458498.2859670 9.92 0.05
2458498.2861406 9.85 0.04
2458498.2863142 9.92 0.05
2458498.2864878 9.87 0.04
2458498.2866614 9.92 0.05
2458498.2868350 9.88 0.05
2458498.2870086 9.84 0.04
2458498.2871822 9.86 0.04
2458498.2873559 9.84 0.04
2458498.2875295 9.87 0.04
2458498.2877031 9.79 0.04
2458498.2878767 9.86 0.04
2458498.2880503 9.82 0.04
2458498.2882239 9.86 0.04
2458498.2883975 9.83 0.04
2458498.2885711 9.86 0.05
2458498.2887447 9.85 0.04
2458498.2889184 9.89 0.05
2458498.2892656 9.81 0.04
2458498.2896128 9.80 0.04
2458498.2897864 9.85 0.04
2458498.2899600 9.82 0.04
2458498.2903073 9.88 0.04
2458498.2904809 9.85 0.04
2458498.2906545 9.85 0.04
2458498.2908281 9.87 0.04
2458498.2910017 9.84 0.04
2458498.2911753 9.84 0.04
2458498.2913489 9.82 0.04
2458498.2922177 9.83 0.04
2458498.2925646 9.85 0.04
2458498.2930850 9.84 0.04
2458498.2932586 9.88 0.05
2458498.2937795 9.87 0.04
2458498.2939531 9.82 0.04
2458498.2943003 9.97 0.05
2458498.2944739 9.87 0.05
2458498.2948211 9.85 0.05
2458498.2949947 9.81 0.04
2458498.2951684 9.83 0.04
2458498.2955156 9.88 0.05
2458498.2956892 9.84 0.04
2458498.2958628 9.81 0.04
2458498.2960364 9.83 0.04
2458498.2962100 9.92 0.05
2458498.2963836 9.76 0.04
2458498.2965572 9.89 0.05
2458498.2967309 9.87 0.04
2458498.2969045 9.78 0.04
2458498.2972517 9.87 0.04
2458498.2974253 9.82 0.04
2458498.2977725 9.86 0.04
2458498.2979461 9.86 0.04
2458498.2981198 9.75 0.04
2458498.2982934 9.90 0.05
2458498.2984670 9.86 0.04
2458498.2988142 9.80 0.04
2458498.2989878 9.78 0.04
2458498.2991614 9.86 0.04
2458498.2993350 9.88 0.05
2458498.2996823 9.81 0.04
2458498.2998559 9.88 0.05
2458498.3000295 9.83 0.04
2458498.3002031 9.86 0.05
2458498.3003767 9.89 0.05
2458498.3005503 9.81 0.04
2458498.3007239 9.86 0.04
2458498.3008975 9.94 0.05
2458498.3012447 9.91 0.05
2458498.3014184 9.88 0.05
2458498.3015920 9.87 0.04
2458498.3017656 9.94 0.05
2458498.3024600 9.88 0.05
2458498.3026336 9.89 0.04
2458498.3028072 9.90 0.05
2458498.3029809 9.84 0.04
2458498.3033281 9.89 0.04
2458498.3038500 9.90 0.04
2458498.3040235 9.90 0.05
2458498.3041969 9.85 0.04
2458498.3043703 9.93 0.05
2458498.3045438 9.89 0.05
2458498.3052378 9.86 0.04
2458498.3055850 9.87 0.04
2458498.3059323 9.81 0.04
2458498.3061059 9.87 0.04
2458498.3087100 9.87 0.05
2458498.3090572 9.93 0.05
2458498.3104461 9.86 0.04
2458498.3116614 9.86 0.05
2458498.3123559 9.90 0.05
2458498.3127031 9.92 0.05
2458498.3128767 9.87 0.05
2458498.3139184 9.83 0.04
2458498.3140920 9.92 0.05
2458498.3144392 9.93 0.05
2458498.3146128 9.85 0.04
2458498.3147864 9.83 0.04
2458498.3156558 9.89 0.05
2458498.3160027 9.84 0.05
2458498.3165230 9.82 0.04
2458498.3166965 9.84 0.05
2458498.3170434 9.83 0.04
2458498.3172170 10.00 0.05
2458498.3173906 9.88 0.05
2458498.3175642 9.85 0.04
2458498.3177378 9.86 0.04
2458498.3179114 9.93 0.05
2458498.3180850 9.89 0.05
2458500.2340341 9.85 0.06
2458500.2342077 9.84 0.06
2458500.2343813 9.90 0.06
2458500.2345549 9.84 0.06
2458500.2347285 9.86 0.06
2458500.2349022 9.79 0.06
2458500.2350758 9.80 0.06
2458500.2352494 9.92 0.06
2458500.2357702 9.93 0.06
2458500.2359438 9.80 0.06
2458500.2364647 9.88 0.06
2458500.2368119 9.80 0.06
2458500.2373327 9.90 0.06
2458500.2375063 9.76 0.05
2458500.2376799 9.92 0.06
2458500.2382008 9.81 0.06
2458500.2383744 9.82 0.06
2458500.2385480 9.91 0.06
2458500.2387216 9.85 0.06
2458500.2392424 9.85 0.06
2458500.2395897 9.83 0.06
2458500.2401105 9.86 0.06
2458500.2402841 9.86 0.06
2458500.2404577 9.81 0.06
2458500.2406313 9.84 0.06
2458500.2408049 9.87 0.06
2458500.2409785 9.75 0.05
2458500.2413258 9.91 0.06
2458500.2414994 9.87 0.06
2458500.2416730 9.85 0.06
2458500.2418466 9.83 0.06
2458500.2420202 9.82 0.06
2458500.2421938 9.96 0.07
2458500.2427147 9.82 0.06
2458500.2428883 9.78 0.05
2458500.2434091 9.88 0.06
2458500.2435827 9.93 0.06
2458500.2437563 9.83 0.06
2458500.2439299 9.92 0.06
2458500.2441035 9.84 0.06
2458500.2442772 9.82 0.06
2458500.2444520 9.84 0.06
2458500.2446255 9.71 0.05
2458500.2447989 9.80 0.05
2458500.2451458 9.78 0.05
2458500.2454927 9.88 0.06
2458500.2456661 9.88 0.06
2458500.2460133 9.85 0.06
2458500.2461869 9.84 0.06
2458500.2463605 9.92 0.06
2458500.2468813 9.90 0.06
2458500.2470549 9.73 0.05
2458500.2472286 9.81 0.05
2458500.2474022 9.91 0.06
2458500.2475758 9.91 0.06
2458500.2477494 9.91 0.06
2458500.2482702 9.89 0.06
2458500.2484438 9.94 0.06
2458500.2486174 9.91 0.06
2458500.2487910 9.89 0.06
2458500.2491383 9.85 0.06
2458500.2493119 9.86 0.06
2458500.2498327 9.83 0.05
2458500.2501799 9.83 0.05
2458500.2505272 9.83 0.05
2458500.2507008 9.84 0.05
2458500.2508744 9.93 0.06
2458500.2512216 9.86 0.06
2458500.2513952 9.79 0.05
2458500.2515688 9.87 0.06
2458500.2517424 9.84 0.05
2458500.2520897 9.86 0.06
2458500.2522633 9.83 0.05
2458500.2524369 9.82 0.05
2458500.2526105 9.79 0.05
2458500.2527841 9.78 0.05
2458500.2531313 9.77 0.05
2458500.2533049 9.89 0.06
2458500.2536522 9.85 0.06
2458500.2541730 9.92 0.06
2458500.2543466 9.98 0.06
2458500.2545202 9.90 0.06
2458500.2546938 9.88 0.06
2458500.2548674 9.91 0.06
2458500.2550411 9.85 0.06
2458500.2552147 9.74 0.05
2458500.2553883 9.88 0.06
2458500.2559091 9.83 0.05
2458500.2564312 9.83 0.05
2458500.2566046 9.83 0.05
2458500.2567781 9.88 0.06
2458500.2571250 9.95 0.06
2458500.2578188 9.82 0.05
2458500.2579924 9.85 0.06
2458500.2581660 9.85 0.06
2458500.2583397 9.80 0.05
2458500.2588605 9.88 0.06
2458500.2590341 9.77 0.05
2458500.2592077 9.84 0.05
2458500.2593813 9.88 0.06
2458500.2595549 9.88 0.06
2458500.2599022 9.86 0.06
2458500.2600758 9.92 0.06
2458500.2604230 9.75 0.05
2458500.2605966 9.77 0.05
2458500.2609438 9.83 0.05
2458500.2611174 9.86 0.05
2458500.2616383 9.89 0.06
2458500.2619855 9.83 0.05
2458500.2623327 9.91 0.06
2458500.2630272 9.79 0.05
2458500.2633744 9.81 0.05
2458500.2637216 9.74 0.05
2458500.2640688 9.87 0.05
2458500.2642424 9.89 0.05
2458500.2644160 9.83 0.05
2458500.2645897 9.81 0.05
2458500.2651105 9.87 0.05
2458500.2656313 9.89 0.05
2458500.2658049 9.88 0.05
2458500.2659785 9.85 0.05
2458500.2661522 9.83 0.05
2458500.2663258 9.78 0.05
2458500.2666730 9.75 0.05
2458500.2668466 9.82 0.05
2458500.2670202 9.86 0.05
2458500.2671938 9.82 0.05
2458500.2673674 9.81 0.05
2458500.2675410 9.76 0.05
2458500.2677147 9.79 0.05
2458500.2678883 9.81 0.05
2458500.2680619 9.86 0.05
2458500.2682355 9.86 0.05
2458500.2684104 9.87 0.05
2458500.2687573 9.82 0.05
2458500.2689307 9.84 0.05
2458500.2691042 9.79 0.05
2458500.2692776 9.90 0.05
2458500.2694511 9.84 0.05
2458500.2697980 9.88 0.05
2458500.2701452 9.90 0.06
2458500.2703188 9.81 0.05
2458500.2704924 9.82 0.05
2458500.2706661 9.77 0.05
2458500.2708397 9.72 0.05
2458500.2710133 9.90 0.06
2458500.2713605 9.85 0.05
2458500.2715341 9.82 0.05
2458500.2718813 9.77 0.05
2458500.2720549 9.93 0.06
2458500.2722285 9.90 0.05
2458500.2724022 9.82 0.05
2458500.2725758 9.82 0.05
2458500.2727494 9.79 0.05
2458500.2730966 9.87 0.05
2458500.2736174 9.78 0.05
2458500.2737910 9.84 0.05
2458500.2739647 9.85 0.05
2458500.2741383 9.79 0.05
2458500.2743119 9.75 0.05
2458500.2744855 9.79 0.05
2458500.2746591 9.81 0.05
2458500.2748327 9.85 0.05
2458500.2750063 9.84 0.05
2458500.2751799 9.85 0.05
2458500.2753535 9.80 0.05
2458500.2755272 9.79 0.05
2458500.2760480 9.94 0.06
2458500.2763952 9.71 0.04
2458500.2765688 9.85 0.05
2458500.2769161 9.88 0.05
2458500.2772633 9.81 0.05
2458500.2774369 9.88 0.05
2458500.2779577 9.85 0.05
2458500.2783049 9.80 0.05
2458500.2786522 9.85 0.05
2458500.2791730 9.77 0.05
2458500.2795202 9.84 0.05
2458500.2796938 9.85 0.05
2458500.2800410 9.82 0.05
2458500.2802147 9.81 0.05
2458500.2803896 9.84 0.05
2458500.2805631 9.83 0.05
2458500.2807365 9.77 0.05
2458500.2810834 9.80 0.05
2458500.2814303 9.78 0.05
2458500.2816037 9.85 0.05
2458500.2819508 9.79 0.05
2458500.2821244 9.87 0.05
2458500.2822980 9.81 0.05
2458500.2824716 9.77 0.05
2458500.2829924 9.78 0.05
2458500.2831660 9.79 0.05
2458500.2833397 9.82 0.05
2458500.2836869 9.80 0.05
2458500.2840341 9.85 0.05
2458500.2842077 9.82 0.05
2458500.2843813 9.78 0.05
2458500.2845549 9.82 0.05
2458500.2847286 9.84 0.05
2458500.2849022 9.91 0.05
2458500.2850758 9.79 0.05
2458500.2852494 9.84 0.05
2458500.2854230 9.78 0.05
2458500.2855966 9.82 0.05
2458500.2857702 9.85 0.05
2458500.2859438 9.84 0.05
2458500.2864647 9.84 0.05
2458500.2866383 9.76 0.05
2458500.2868119 9.89 0.05
2458500.2869855 9.80 0.05
2458500.2871591 9.82 0.05
2458500.2873327 9.79 0.05
2458500.2875063 9.73 0.05
2458500.2876799 9.82 0.05
2458500.2878535 9.86 0.05
2458500.2882008 9.84 0.05
2458500.2883744 9.94 0.06
2458500.2885480 9.87 0.05
2458500.2887216 9.84 0.05
2458500.2890688 9.79 0.05
2458500.2892424 9.82 0.05
2458500.2894160 9.83 0.05
2458500.2895897 9.84 0.05
2458500.2897633 9.86 0.05
2458500.2899369 9.91 0.05
2458500.2901105 9.74 0.05
2458500.2902841 9.85 0.05
2458500.2904577 9.90 0.05
2458500.2906313 9.84 0.05
2458500.2908049 9.88 0.05
2458500.2909785 9.87 0.05
2458500.2911522 9.79 0.05
2458500.2913258 9.91 0.05
2458500.2914994 9.83 0.05
2458500.2916730 9.92 0.05
2458500.2920202 9.86 0.05
2458500.2921938 9.87 0.05
2458500.2923688 9.83 0.05
2458500.2925423 9.90 0.05
2458500.2927157 9.78 0.05
2458500.2928892 9.81 0.05
2458500.2932360 9.84 0.05
2458528.2616651 9.88 0.13
2458528.2618387 9.85 0.12
2458528.2620123 9.74 0.11
2458528.2621859 9.74 0.11
2458528.2623608 9.76 0.11
2458528.2625342 9.94 0.13
2458528.2634015 9.63 0.11