2458467.3675459 10.89 0.13
2458467.3680667 10.79 0.12
2458467.3687611 10.76 0.12
2458467.3689347 10.95 0.14
2458467.3696292 11.04 0.15
2458467.3699764 10.96 0.14
2458467.3711917 10.81 0.13
2458467.3715389 11.00 0.15
2458467.3717125 11.07 0.16
2458467.3722334 10.84 0.13
2458467.3724070 10.90 0.14
2458467.3732750 10.97 0.15
2458467.3744903 10.90 0.14
2458467.3746639 10.76 0.12
2458467.3751848 10.98 0.15
2458467.3753584 11.03 0.15
2458467.3757067 10.99 0.15
2458467.3758801 11.06 0.16
2458467.3760536 10.97 0.15
2458467.3764005 11.01 0.15
2458467.3765739 11.03 0.15
2458467.3767473 11.03 0.15
2458467.3772681 11.00 0.15
2458467.3779625 10.94 0.14
2458467.3783097 11.00 0.15
2458467.3790042 10.93 0.14
2458467.3796986 11.08 0.16
2458467.3802195 10.92 0.14
2458467.3807403 10.82 0.13
2458467.3814348 10.82 0.13
2458467.3817820 11.14 0.17
2458467.3819556 10.90 0.14
2458467.3821292 10.98 0.15
2458467.3826500 10.89 0.14
2458467.3828236 11.00 0.15
2458467.3829973 11.00 0.15
2458467.3831709 10.90 0.14
2458467.3833445 10.98 0.15
2458467.3835181 10.81 0.13
2458467.3838653 10.87 0.14
2458467.3847334 10.93 0.15
2458467.3850806 11.02 0.16
2458467.3854278 11.01 0.15
2458467.3859486 10.93 0.14
2458467.3861222 10.94 0.15
2458467.3866431 11.00 0.15
2458467.3873389 10.86 0.13
2458467.3875123 10.98 0.15
2458467.3883795 11.03 0.16
2458467.3885530 11.04 0.16
2458467.3887264 10.95 0.15
2458467.3889000 10.97 0.15
2458467.3890736 11.03 0.16
2458467.3892473 10.90 0.14
2458467.3895945 10.96 0.15
2458467.3899417 10.86 0.14
2458467.3904625 11.00 0.15
2458467.3909834 11.00 0.15
2458467.3911570 10.90 0.14
2458467.3918514 10.93 0.14
2458467.3921986 10.97 0.15
2458467.3928931 10.84 0.13
2458467.3930667 10.82 0.13
2458467.3937611 10.95 0.15
2458467.3944556 10.88 0.14
2458467.3946292 11.01 0.15
2458467.3948028 10.93 0.14
2458467.3949764 10.66 0.11
2458467.3953236 10.86 0.14
2458467.3956709 10.80 0.13
2458467.3963653 11.01 0.16
2458467.3970598 10.97 0.15
2458467.3975806 11.05 0.16
2458467.3977542 11.04 0.16
2458467.3981014 10.86 0.14
2458467.3984486 10.89 0.14
2458467.3994914 10.93 0.15
2458467.4000118 10.91 0.14
2458467.4008792 10.94 0.15
2458467.4014000 10.86 0.14
2458467.4024417 10.87 0.14
2458467.4029625 10.85 0.13
2458467.4033098 11.03 0.16
2458467.4040042 10.95 0.15
2458467.4041778 11.03 0.16
2458467.4043514 11.01 0.16
2458467.4045250 10.92 0.14
2458467.4048723 10.98 0.15
2458467.4066084 10.86 0.14
2458467.4067820 10.99 0.15
2458467.4069556 10.99 0.15
2458467.4071292 10.93 0.14
2458467.4073028 10.85 0.13
2458467.4079972 10.85 0.14
2458467.4086917 10.93 0.14
2458467.4088653 10.94 0.15
2458467.4090389 11.06 0.16
2458467.4095597 11.01 0.16
2458467.4097334 11.04 0.16
2458467.4100806 10.77 0.13
2458467.4104278 11.04 0.16
2458467.4106014 10.99 0.15
2458467.4107750 10.90 0.14
2458467.4112971 10.94 0.15
2458467.4116440 10.90 0.14
2458467.4132056 10.94 0.15
2458467.4140736 10.99 0.16
2458467.4142473 10.96 0.15
2458467.4145945 11.01 0.16
2458467.4156361 11.00 0.16
2458467.4158097 10.88 0.14
2458467.4159834 10.74 0.12
2458467.4168514 10.81 0.13
2458467.4170250 10.88 0.14
2458467.4171986 10.82 0.14
2458469.3667865 11.01 0.11
2458469.3670135 11.09 0.12
2458469.3671871 10.97 0.11
2458469.3673607 11.14 0.12
2458469.3675343 10.93 0.10
2458469.3677079 11.00 0.11
2458469.3678815 11.00 0.11
2458469.3680551 11.04 0.11
2458469.3682287 10.95 0.10
2458469.3684023 10.96 0.11
2458469.3685760 11.13 0.12
2458469.3687496 10.97 0.11
2458469.3689232 11.07 0.12
2458469.3690968 10.97 0.11
2458469.3692704 10.99 0.11
2458469.3694440 11.02 0.11
2458469.3696176 11.16 0.13
2458469.3697912 11.05 0.11
2458469.3699648 11.18 0.13
2458469.3701384 11.06 0.12
2458469.3703121 10.94 0.10
2458469.3704857 11.04 0.11
2458469.3706593 11.04 0.12
2458469.3708329 11.10 0.12
2458469.3710065 11.19 0.13
2458469.3711801 11.18 0.13
2458469.3713537 11.01 0.11
2458469.3715273 11.08 0.12
2458469.3717009 11.06 0.12
2458469.3718746 11.11 0.12
2458469.3720482 11.02 0.11
2458469.3722218 10.98 0.11
2458469.3723954 11.16 0.13
2458469.3725690 11.03 0.11
2458469.3727426 11.29 0.14
2458469.3729162 11.33 0.15
2458469.3730898 10.99 0.11
2458469.3734371 10.98 0.11
2458469.3736107 11.18 0.13
2458469.3737843 11.31 0.15
2458469.3739579 10.93 0.10
2458469.3741315 11.08 0.12
2458469.3743051 11.16 0.13
2458469.3744787 11.07 0.12
2458469.3746524 11.06 0.11
2458469.3748260 11.00 0.11
2458469.3749996 10.90 0.10
2458469.3751732 11.02 0.11
2458469.3753468 11.26 0.14
2458469.3755204 10.92 0.10
2458469.3756940 11.07 0.12
2458469.3758676 10.93 0.10
2458469.3760425 11.24 0.13
2458469.3762159 10.94 0.10
2458469.3763894 10.87 0.10
2458469.3765628 10.96 0.10
2458469.3767363 11.02 0.11
2458469.3769097 11.15 0.12
2458469.3770832 10.93 0.10
2458469.3772566 11.05 0.11
2458469.3774301 11.14 0.12
2458469.3776037 10.91 0.10
2458469.3777773 11.01 0.11
2458469.3779510 11.16 0.13
2458469.3781246 10.88 0.10
2458469.3782982 10.93 0.10
2458469.3784718 10.98 0.11
2458469.3786454 11.07 0.11
2458488.3044163 10.75 0.11
2458488.3045899 10.99 0.14
2458488.3047635 10.88 0.12
2458488.3049371 11.03 0.14
2458488.3051107 10.90 0.12
2458488.3052844 11.12 0.15
2458488.3054579 10.90 0.12
2458488.3056316 10.89 0.12
2458488.3058052 10.79 0.11
2458488.3061524 10.85 0.12
2458488.3063260 10.90 0.13
2458488.3064996 10.97 0.13
2458488.3066732 10.89 0.12
2458488.3068468 10.98 0.13
2458488.3070205 10.96 0.13
2458488.3071941 10.96 0.13
2458488.3073677 11.03 0.14
2458488.3075413 10.98 0.14
2458488.3077149 10.81 0.12
2458488.3078885 11.06 0.14
2458488.3080621 10.80 0.12
2458488.3082357 10.93 0.13
2458488.3084093 10.79 0.11
2458488.3085830 10.90 0.13
2458488.3087566 10.83 0.12
2458488.3091038 11.02 0.14
2458488.3094522 10.77 0.11
2458488.3096257 10.90 0.13
2458488.3097991 11.13 0.15
2458488.3099726 11.05 0.14
2458488.3101460 10.98 0.14
2458488.3103194 10.78 0.11
2458488.3104929 11.00 0.14
2458488.3106663 10.94 0.13
2458488.3110135 10.93 0.13
2458488.3111871 11.05 0.15
2458488.3113607 10.98 0.14
2458488.3115344 10.84 0.12
2458488.3118816 10.93 0.13
2458488.3120552 10.98 0.14
2458488.3122288 10.85 0.12
2458488.3124024 11.02 0.14
2458488.3127496 10.91 0.13
2458488.3129232 10.91 0.13
2458488.3134441 10.67 0.10
2458488.3136177 10.78 0.12
2458488.3139649 10.99 0.14
2458488.3141385 10.97 0.14
2458488.3143121 10.83 0.12
2458488.3144857 10.98 0.14
2458488.3146593 10.94 0.13
2458488.3150066 11.16 0.16
2458488.3153538 10.67 0.11
2458488.3155274 10.78 0.12
2458488.3157010 10.92 0.13
2458488.3158746 10.76 0.11
2458488.3160482 10.73 0.11
2458488.3162218 10.85 0.12
2458488.3163955 10.87 0.13
2458488.3165691 10.90 0.13
2458488.3167427 11.05 0.15
2458488.3169163 10.91 0.13
2458488.3170899 10.80 0.12
2458488.3172635 10.96 0.14
2458488.3174371 10.83 0.12
2458488.3176107 10.85 0.12
2458488.3177844 10.83 0.12
2458488.3179580 11.02 0.14
2458488.3181316 10.78 0.12
2458488.3184788 10.98 0.14
2458488.3186524 10.93 0.14
2458488.3188260 11.06 0.15
2458488.3189996 10.97 0.14
2458488.3195205 10.96 0.14
2458488.3196941 10.90 0.13
2458488.3198677 10.69 0.11
2458488.3200413 10.84 0.12
2458488.3203885 10.88 0.13
2458488.3205621 11.04 0.15
2458488.3212579 11.10 0.16
2458488.3214314 10.85 0.12
2458488.3219517 10.86 0.13
2458488.3221252 10.88 0.13
2458488.3222986 10.74 0.11
2458488.3224720 11.02 0.15
2458488.3226455 10.89 0.13
2458488.3228191 10.89 0.13
2458488.3229927 10.92 0.13
2458488.3231663 10.93 0.14
2458488.3235135 11.04 0.15
2458488.3236871 10.78 0.12
2458488.3238607 10.91 0.13
2458488.3242080 11.00 0.14
2458488.3243816 10.95 0.14
2458488.3245552 10.91 0.13
2458488.3247288 11.00 0.14
2458488.3249024 10.96 0.14
2458488.3250760 10.83 0.12
2458488.3254232 11.00 0.14
2458488.3255969 11.08 0.16
2458488.3257705 10.90 0.13
2458488.3259441 10.98 0.14
2458488.3261177 10.98 0.14
2458488.3262913 10.86 0.13
2458488.3264649 10.96 0.14
2458488.3266385 11.01 0.15
2458488.3268121 10.91 0.14
2458488.3271594 10.89 0.13
2458488.3273330 10.90 0.13
2458488.3275066 10.85 0.13
2458488.3276802 10.92 0.14
2458488.3278538 11.07 0.15
2458488.3280274 11.09 0.16
2458488.3282010 11.10 0.16
2458488.3283746 10.87 0.13
2458488.3287218 10.92 0.13
2458488.3290691 10.84 0.13
2458488.3292427 10.90 0.13
2458488.3294163 10.88 0.13
2458488.3295899 10.81 0.12
2458488.3299371 10.94 0.14
2458488.3302843 11.10 0.16
2458488.3304580 10.94 0.14
2458488.3306316 10.91 0.14
2458488.3308052 10.81 0.12
2458488.3309788 10.97 0.14
2458488.3311524 10.74 0.11
2458488.3313260 11.01 0.15
2458488.3314996 11.04 0.15
2458488.3316732 10.98 0.14
2458488.3318468 10.87 0.13
2458488.3320205 10.79 0.12
2458488.3321941 11.02 0.15
2458488.3323677 10.87 0.13
2458488.3325413 10.85 0.13
2458488.3328885 10.98 0.14
2458488.3330621 11.00 0.15
2458488.3332370 11.07 0.16
2458488.3334105 11.06 0.16
2458488.3335839 10.99 0.15
2458488.3337574 10.96 0.14
2458488.3339308 11.06 0.16
2458488.3342777 10.87 0.13
2458488.3344511 10.87 0.13
2458488.3346246 10.95 0.14
2458488.3347982 10.85 0.13
2458488.3349719 11.02 0.15
2458488.3353191 11.02 0.15
2458488.3360135 10.99 0.15
2458488.3363607 10.99 0.15
2458488.3365344 10.71 0.11
2458488.3367080 11.00 0.15
2458488.3368816 10.92 0.14
2458488.3370552 10.94 0.14
2458488.3372288 10.96 0.14
2458488.3375760 10.85 0.13
2458488.3377496 10.88 0.13
2458488.3379232 10.97 0.14
2458488.3380968 10.89 0.13
2458488.3382705 10.71 0.11
2458488.3384441 10.87 0.13
2458488.3387913 10.82 0.13
2458488.3393121 10.87 0.13
2458488.3394857 10.76 0.12
2458488.3396593 10.98 0.15
2458488.3398330 11.01 0.15
2458488.3400066 10.99 0.15
2458488.3403538 11.02 0.15
2458488.3405274 10.92 0.14
2458488.3407010 10.81 0.13
2458488.3408746 10.87 0.13
2458488.3415691 10.93 0.14
2458488.3419163 10.86 0.13
2458488.3420899 10.94 0.14
2458488.3431316 11.00 0.15
2458488.3434788 11.03 0.15
2458488.3436524 10.90 0.14
2458488.3438260 10.96 0.14
2458488.3439996 11.03 0.16
2458488.3441732 11.01 0.15
2458488.3450413 10.86 0.13
2458488.3452162 10.91 0.14
2458488.3453896 10.98 0.15
2458488.3455631 11.08 0.16
2458488.3457365 11.00 0.15
2458488.3459100 10.84 0.13
2458488.3469510 10.91 0.14
2458488.3476455 10.95 0.14
2458488.3481663 10.89 0.14
2458488.3483399 10.93 0.14
2458488.3485135 11.05 0.16
2458488.3486871 10.90 0.13
2458488.3490344 10.92 0.14
2458488.3492080 10.92 0.14
2458488.3499024 10.88 0.13
2458488.3500760 11.01 0.15
2458488.3502496 10.88 0.13
2458488.3511177 10.81 0.13
2458488.3512913 10.95 0.14
2458488.3516385 11.05 0.16
2458488.3537218 10.96 0.14
2458488.3540691 10.89 0.14
2458488.3547635 10.80 0.13
2458488.3554580 11.02 0.15
2458488.3556316 10.75 0.12
2458488.3558052 11.11 0.16
2458488.3561524 11.15 0.17
2458488.3578891 11.01 0.15
2458488.3584094 11.05 0.16
2458488.3587566 10.84 0.13
2458488.3591038 11.03 0.15
2458488.3594510 10.89 0.13
2458488.3603191 10.90 0.14
2458488.3604927 10.98 0.15
2458488.3634441 10.95 0.14
2458488.3636177 10.97 0.15
2458488.3639649 10.87 0.13
2458488.3643121 11.02 0.15
2458488.3650066 11.07 0.16
2458488.3655274 10.98 0.15
2458488.3660482 10.93 0.14
2458488.3663955 10.96 0.15
2458488.3677844 10.92 0.14
2458488.3681316 10.87 0.13
2458488.3683052 10.94 0.14
2458488.3691744 11.01 0.15
2458488.3695213 11.06 0.16
2458488.3702150 10.99 0.15
2458488.3705621 10.81 0.13
2458488.3709093 10.95 0.15
2458488.3712566 11.02 0.15
2458488.3716038 11.12 0.17
2458488.3717774 10.75 0.12
2458488.3719510 10.88 0.14
2458488.3721246 10.94 0.14
2458488.3724718 10.98 0.15
2458488.3728191 11.03 0.16
2458488.3729927 11.10 0.17
2458488.3731663 10.82 0.13
2458488.3733399 10.83 0.13
2458488.3735135 11.00 0.15
2458488.3740343 10.84 0.13
2458493.2521475 10.91 0.12
2458493.2524947 11.07 0.14
2458493.2528420 10.94 0.13
2458493.2530156 10.99 0.13
2458493.2533628 10.85 0.11
2458493.2538836 10.75 0.11
2458493.2540586 10.98 0.13
2458493.2544055 11.05 0.14
2458493.2545789 10.88 0.12
2458493.2547524 10.99 0.13
2458493.2549258 11.06 0.14
2458493.2550993 11.00 0.13
2458493.2552727 10.86 0.12
2458493.2554461 10.89 0.12
2458493.2556198 11.07 0.14
2458493.2557934 10.64 0.10
2458493.2561406 11.13 0.15
2458493.2564878 10.80 0.11
2458493.2566614 11.12 0.15
2458493.2568350 10.96 0.13
2458493.2570086 11.02 0.14
2458493.2573559 11.11 0.14
2458493.2575295 10.95 0.13
2458493.2577031 11.10 0.14
2458493.2578767 10.93 0.12
2458493.2580503 11.09 0.14
2458493.2582239 11.02 0.13
2458493.2583975 11.04 0.14
2458493.2585711 11.01 0.13
2458493.2587447 11.03 0.13
2458493.2589184 11.02 0.13
2458493.2592656 11.12 0.15
2458493.2594392 11.16 0.15
2458493.2599600 10.83 0.11
2458493.2603072 11.08 0.14
2458493.2604809 10.97 0.13
2458493.2606545 11.06 0.14
2458493.2608281 11.04 0.14
2458493.2610017 11.11 0.15
2458493.2611753 11.06 0.14
2458493.2613489 11.28 0.17
2458493.2615225 11.01 0.13
2458493.2616961 10.98 0.13
2458493.2618697 11.00 0.13
2458493.2620434 10.89 0.12
2458493.2622170 11.12 0.15
2458493.2623906 10.97 0.13
2458493.2625642 11.09 0.14
2458493.2627378 11.07 0.14
2458493.2630850 11.09 0.14
2458493.2637795 10.84 0.11
2458493.2639531 10.90 0.12
2458493.2641267 11.01 0.13
2458493.2643003 10.86 0.12
2458493.2644739 11.09 0.14
2458493.2646475 10.99 0.13
2458493.2648211 11.20 0.16
2458493.2649948 10.84 0.11
2458493.2651684 11.06 0.14
2458493.2653420 11.12 0.15
2458493.2655156 10.95 0.12
2458493.2656892 11.06 0.14
2458493.2658628 11.04 0.13
2458493.2660378 11.05 0.14
2458493.2662112 10.86 0.11
2458493.2663847 10.81 0.11
2458493.2665581 11.03 0.14
2458493.2667316 10.98 0.13
2458493.2669050 11.04 0.14
2458493.2670784 10.97 0.13
2458493.2672519 11.10 0.14
2458493.2674253 11.18 0.15
2458493.2675989 11.10 0.14
2458493.2679461 11.20 0.16
2458493.2681197 11.01 0.13
2458493.2682934 10.98 0.13
2458493.2684670 10.93 0.12
2458493.2688142 11.15 0.15
2458493.2691614 10.90 0.12
2458493.2695086 10.86 0.12
2458493.2696822 10.78 0.11
2458493.2698559 10.87 0.12
2458493.2700295 10.88 0.12
2458493.2702031 10.84 0.11
2458493.2703767 11.01 0.13
2458493.2705503 11.17 0.15
2458493.2707239 10.91 0.12
2458493.2710711 11.04 0.14
2458493.2712448 10.92 0.12
2458493.2714184 11.07 0.14
2458493.2715920 11.00 0.13
2458493.2717656 11.06 0.14
2458493.2722864 10.92 0.12
2458493.2726336 10.98 0.13
2458493.2728073 10.92 0.12
2458493.2731545 11.10 0.14
2458493.2735017 11.17 0.15
2458493.2738489 10.97 0.13
2458493.2740225 11.01 0.13
2458493.2741961 10.84 0.11
2458493.2745434 11.05 0.14
2458493.2748906 11.14 0.15
2458493.2752378 10.91 0.12
2458493.2754114 11.04 0.14
2458493.2755850 11.02 0.14
2458493.2759322 10.88 0.12
2458493.2761059 11.09 0.14
2458493.2764531 10.97 0.13
2458493.2771475 10.92 0.12
2458493.2773211 10.87 0.12
2458493.2778420 11.11 0.14
2458493.2780169 10.84 0.12
2458493.2783638 11.17 0.15
2458493.2785373 11.14 0.15
2458493.2787107 10.91 0.12
2458493.2788841 11.01 0.13
2458493.2792310 11.02 0.13
2458493.2794045 11.01 0.13
2458493.2795781 10.89 0.12
2458493.2797517 10.94 0.12
2458493.2799253 10.92 0.12
2458493.2800989 10.88 0.12
2458493.2802725 11.06 0.14
2458493.2809670 10.99 0.13
2458493.2811406 10.97 0.13
2458493.2813142 10.91 0.12
2458493.2814878 11.10 0.15
2458493.2816614 10.96 0.13
2458493.2818350 11.05 0.14
2458493.2823559 11.21 0.16
2458493.2825295 10.97 0.13
2458493.2830503 10.92 0.12
2458493.2832239 11.04 0.14
2458493.2833975 11.14 0.15
2458493.2835711 11.10 0.15
2458493.2837447 10.91 0.12
2458493.2839184 11.12 0.15
2458493.2844392 10.86 0.12
2458493.2847864 10.96 0.13
2458493.2849600 11.08 0.14
2458493.2851336 11.11 0.15
2458493.2853072 10.91 0.12
2458493.2854809 11.19 0.16
2458493.2858281 11.09 0.14
2458493.2860017 11.04 0.14
2458493.2861753 11.02 0.13
2458493.2863489 10.93 0.12
2458493.2865225 11.13 0.15
2458493.2866961 11.00 0.13
2458493.2868698 11.12 0.15
2458493.2873906 11.10 0.14
2458493.2879114 10.98 0.13
2458493.2882586 11.00 0.13
2458493.2884323 10.94 0.13
2458493.2886059 10.98 0.13
2458493.2887795 11.11 0.15
2458493.2889531 11.08 0.14
2458493.2891267 11.10 0.15
2458493.2893003 11.02 0.14
2458493.2898211 10.91 0.12
2458493.2899961 10.96 0.13
2458493.2901695 11.08 0.14
2458493.2905164 11.07 0.14
2458493.2906898 11.04 0.14
2458493.2910367 10.84 0.11
2458493.2913836 11.08 0.14
2458493.2915572 10.99 0.13
2458493.2919045 10.88 0.12
2458493.2920781 10.98 0.13
2458493.2922517 10.96 0.13
2458493.2924253 10.93 0.12
2458493.2927725 10.93 0.12
2458493.2936406 10.98 0.13
2458493.2938142 11.02 0.13
2458493.2939878 11.04 0.14
2458493.2941614 11.01 0.13
2458493.2943350 11.05 0.14
2458493.2945086 11.13 0.15
2458493.2946823 11.01 0.14
2458493.2950295 11.02 0.14
2458493.2953767 10.94 0.13
2458493.2955503 10.93 0.13
2458493.2957239 10.99 0.13
2458493.2958975 11.01 0.13
2458493.2960711 10.78 0.11
2458493.2962448 11.11 0.15
2458493.2964184 11.10 0.15
2458493.2965920 11.04 0.14
2458493.2967656 11.03 0.14
2458493.2971128 10.85 0.12
2458493.2972864 10.84 0.12
2458493.2976336 11.06 0.14
2458493.2978072 10.99 0.13
2458493.2979809 10.97 0.13
2458493.2981545 10.90 0.12
2458493.2983281 10.98 0.13
2458493.2985017 11.05 0.14
2458493.2986753 10.92 0.12
2458493.2990225 11.26 0.17
2458493.2993697 11.01 0.14
2458493.2995434 10.97 0.13
2458493.2997170 10.97 0.13
2458493.2998906 11.05 0.14
2458493.3002378 11.13 0.15
2458493.3004114 11.22 0.16
2458493.3005850 11.18 0.16
2458493.3007586 10.96 0.13
2458493.3018931 11.15 0.15
2458493.3021591 11.05 0.14
2458493.3023327 11.02 0.13
2458493.3028536 11.15 0.15
2458493.3032008 11.12 0.15
2458493.3033744 10.95 0.13
2458493.3035480 11.10 0.15
2458493.3037216 11.14 0.15
2458493.3038952 11.12 0.15
2458493.3040688 11.18 0.16
2458493.3042424 11.24 0.16
2458493.3044161 11.07 0.14
2458493.3045897 11.10 0.14
2458493.3047633 11.17 0.15
2458493.3049369 11.07 0.14
2458493.3052841 11.01 0.13
2458493.3056313 10.95 0.13
2458493.3058049 11.17 0.15
2458493.3059785 11.03 0.14
2458493.3061522 11.22 0.16
2458493.3063258 11.04 0.14
2458493.3066730 11.13 0.15
2458493.3068466 11.10 0.14
2458493.3070202 10.97 0.13
2458493.3071938 11.15 0.15
2458493.3077147 11.21 0.16
2458493.3082355 10.86 0.12
2458493.3084091 11.12 0.14
2458493.3085827 11.14 0.15
2458493.3087563 10.94 0.12
2458493.3089299 11.06 0.14
2458493.3091036 10.99 0.13
2458493.3092772 10.93 0.12
2458493.3094508 11.05 0.14
2458493.3096244 11.04 0.14
2458493.3097980 11.17 0.15
2458493.3099716 10.95 0.13
2458493.3101452 11.09 0.14
2458493.3103188 10.95 0.12
2458493.3106661 11.00 0.13
2458493.3110133 11.03 0.13
2458493.3113605 11.07 0.14
2458493.3117077 11.04 0.13
2458493.3120549 11.01 0.13
2458493.3124033 10.95 0.12
2458493.3127502 10.95 0.13
2458493.3129236 10.97 0.13
2458493.3130971 11.07 0.14
2458493.3132705 11.08 0.14
2458493.3136174 11.00 0.13
2458493.3137910 10.91 0.12
2458493.3144855 11.05 0.14
2458493.3150063 11.01 0.13
2458493.3155272 10.83 0.11
2458493.3157008 10.93 0.12
2458493.3158744 11.10 0.14
2458493.3160480 10.99 0.13
2458493.3162216 10.88 0.12
2458493.3165688 11.12 0.15
2458493.3167424 11.02 0.13
2458493.3170897 11.04 0.13
2458493.3172633 11.02 0.13
2458493.3174369 11.13 0.15
2458493.3179577 11.06 0.14
2458493.3181313 10.92 0.12
2458493.3183049 11.11 0.14
2458493.3184786 10.88 0.12
2458493.3188258 11.14 0.15
2458493.3189994 11.13 0.15
2458493.3191730 11.16 0.15
2458493.3193466 10.82 0.11
2458493.3198674 11.04 0.13
2458493.3202147 11.15 0.15
2458493.3203883 10.93 0.12
2458493.3205619 11.07 0.14
2458493.3207355 11.11 0.14
2458493.3209091 11.00 0.13
2458493.3210827 10.92 0.12
2458493.3212563 10.99 0.13
2458493.3216035 10.91 0.12
2458493.3217772 11.11 0.14
2458493.3219508 10.95 0.12
2458493.3221244 11.12 0.14
2458493.3222980 11.01 0.13
2458493.3224716 11.01 0.13
2458493.3228188 11.06 0.14
2458493.3231662 11.06 0.14
2458493.3233397 11.12 0.14
2458493.3235133 11.06 0.14
2458493.3236869 11.09 0.14
2458493.3240341 11.02 0.13
2458493.3242090 11.03 0.13
2458493.3243824 11.00 0.13
2458493.3247293 10.98 0.13
2458493.3250762 11.11 0.14
2458493.3252497 11.29 0.17
2458493.3254231 11.13 0.14
2458493.3255966 11.08 0.14
2458493.3257702 10.90 0.12
2458493.3262911 11.10 0.14
2458493.3266383 11.14 0.15
2458493.3268119 11.16 0.15
2458493.3269855 10.94 0.12
2458493.3273327 11.14 0.15
2458493.3275063 11.03 0.13
2458493.3278536 11.00 0.13
2458493.3280272 11.02 0.13
2458493.3282008 10.89 0.12
2458493.3285480 11.02 0.13
2458493.3288952 11.04 0.13
2458493.3290688 11.03 0.13
2458493.3294160 11.11 0.14
2458493.3295897 10.97 0.12
2458493.3297633 10.98 0.12
2458493.3301105 11.06 0.14
2458493.3302841 11.05 0.13
2458493.3309785 11.05 0.13
2458493.3313258 11.19 0.15
2458493.3314994 11.09 0.14
2458493.3318466 10.93 0.12
2458493.3320202 10.97 0.13
2458493.3323674 11.18 0.15
2458493.3328883 11.14 0.15
2458493.3330619 11.05 0.13
2458493.3332355 11.04 0.13
2458493.3334091 10.94 0.12
2458493.3335827 11.16 0.15
2458493.3339299 10.84 0.11
2458493.3342772 10.97 0.13
2458493.3344508 11.31 0.17
2458493.3346244 11.02 0.13
2458493.3347980 11.00 0.13
2458493.3349716 11.07 0.14
2458493.3351452 11.10 0.14
2458493.3353188 11.09 0.14
2458493.3354924 11.05 0.14
2458493.3356661 11.15 0.15
2458493.3358397 11.15 0.15
2458493.3360133 11.16 0.15
2458493.3361882 11.02 0.13
2458493.3363616 11.20 0.16
2458493.3375758 11.00 0.13
2458493.3377494 11.15 0.15
2458493.3379230 11.00 0.13
2458493.3380966 11.10 0.14
2458493.3386174 11.11 0.15
2458493.3387910 11.13 0.15
2458493.3398327 10.89 0.12
2458493.3400063 11.25 0.17
2458493.3403536 11.00 0.13
2458493.3405272 11.06 0.14
2458493.3410480 10.87 0.12
2458493.3415688 11.17 0.15
2458493.3417424 11.12 0.15
2458493.3419161 11.04 0.14
2458493.3424369 10.85 0.11
2458493.3429577 11.00 0.13
2458493.3433049 11.09 0.14
2458493.3441730 11.07 0.14
2458493.3445202 11.16 0.15
2458493.3448674 11.06 0.14
2458493.3452147 11.04 0.14
2458493.3464299 10.96 0.13
2458493.3467772 11.09 0.14
2458493.3469508 10.98 0.13
2458493.3474716 11.05 0.14
2458493.3476452 11.07 0.14
2458493.3481673 11.10 0.14
2458493.3493814 11.11 0.15
2458493.3495549 11.03 0.14
2458493.3497286 11.04 0.14
2458493.3499022 11.08 0.14
2458493.3500758 11.07 0.14
2458493.3502494 10.95 0.13
2458493.3505966 11.09 0.14
2458493.3511174 11.08 0.14
2458493.3514647 11.14 0.15
2458493.3516383 11.08 0.14
2458493.3518119 11.09 0.14
2458493.3521591 10.97 0.13
2458493.3523327 11.24 0.16
2458493.3525063 11.11 0.14
2458493.3526799 11.12 0.15
2458493.3528535 10.97 0.13
2458493.3532008 11.02 0.13
2458493.3533744 11.13 0.15
2458493.3537216 11.23 0.16
2458493.3540688 11.04 0.13
2458493.3544160 11.21 0.16
2458493.3545897 10.99 0.13
2458493.3547633 11.15 0.15
2458493.3549369 11.21 0.16
2458493.3551105 11.14 0.15
2458493.3552841 11.11 0.14
2458493.3554577 11.08 0.14
2458493.3558049 10.90 0.12
2458493.3561522 11.04 0.13
2458493.3564994 11.05 0.14
2458493.3568466 11.00 0.13
2458493.3570202 11.27 0.17
2458493.3571938 10.90 0.12
2458493.3573674 11.23 0.16
2458493.3575411 10.94 0.12
2458493.3582355 11.09 0.14
2458493.3585827 11.22 0.16
2458493.3587563 11.08 0.14
2458493.3589299 11.21 0.16
2458493.3592772 10.99 0.13
2458493.3596244 11.11 0.14
2458493.3597980 11.09 0.14
2458493.3599716 11.03 0.13
2458493.3603199 11.11 0.15
2458493.3604934 11.12 0.15
2458493.3606668 10.95 0.13
2458493.3608403 11.12 0.15
2458493.3611871 11.13 0.15
2458493.3613606 11.20 0.16
2458493.3617077 11.16 0.15
2458493.3618813 11.16 0.15
2458493.3620549 11.25 0.17
2458493.3622285 11.03 0.13
2458493.3624022 11.14 0.15
2458493.3625758 11.19 0.16
2458493.3627494 11.15 0.15
2458493.3629230 11.10 0.14
2458493.3632702 11.14 0.15
2458493.3634438 11.02 0.13
2458493.3636174 10.96 0.13
2458493.3639647 11.20 0.16
2458493.3641383 11.16 0.15
2458493.3644855 11.21 0.16
2458493.3651799 10.94 0.12
2458493.3655272 11.02 0.13
2458493.3657008 11.09 0.14
2458493.3658744 11.16 0.15
2458493.3660480 11.10 0.14
2458493.3662216 11.05 0.14
2458493.3669161 11.04 0.14
2458493.3672633 11.05 0.14
2458493.3676105 10.98 0.13
2458493.3677841 11.18 0.15
2458493.3688258 11.19 0.16
2458493.3691730 11.03 0.14
2458493.3693466 11.09 0.14
2458493.3698674 11.06 0.14
2458493.3700410 10.86 0.12
2458493.3702147 10.99 0.13
2458493.3705619 11.01 0.13
2458493.3712563 11.07 0.14
2458493.3716036 10.90 0.12
2458493.3717772 11.10 0.14
2458493.3719508 10.94 0.13
2458493.3721257 11.19 0.16
2458493.3722991 11.22 0.16
2458493.3726460 11.06 0.14
2458493.3729928 11.15 0.15
2458493.3733397 11.08 0.14
2458493.3735133 11.06 0.14
2458493.3736869 11.10 0.15
2458493.3742077 10.94 0.12
2458493.3743813 11.00 0.13
2458493.3747286 11.12 0.15
2458493.3752494 10.94 0.13
2458493.3754230 11.08 0.14
2458493.3761174 10.91 0.12
2458493.3762910 11.10 0.14
2458493.3764647 11.09 0.14
2458493.3771591 11.13 0.15
2458493.3778535 11.02 0.14
2458493.3782008 11.08 0.15
2458493.3783744 11.07 0.14
2458493.3787216 11.06 0.14
2458493.3792424 11.10 0.15
2458493.3794161 10.93 0.13
2458493.3795897 11.13 0.15
2458493.3802841 11.12 0.15
2458493.3804577 11.07 0.14
2458493.3811522 11.02 0.14
2458493.3828883 11.06 0.14
2458493.3830619 11.05 0.14
2458493.3839313 10.83 0.12
2458493.3847985 11.06 0.14
2458493.3849720 11.02 0.14
2458493.3854924 11.07 0.15
2458493.3856660 11.07 0.15
2458493.3860133 10.92 0.13
2458493.3874022 11.08 0.15
2458493.3877494 11.19 0.16
2458493.3879230 11.05 0.14
2458493.3882702 10.98 0.13
2458493.3887911 11.03 0.14
2458493.3889647 10.92 0.13
2458493.3891383 11.01 0.14
2458493.3893119 11.09 0.15
2458493.3894855 11.07 0.15
2458493.3896591 10.98 0.13
2458493.3898327 10.97 0.13
2458493.3900063 11.16 0.16
2458493.3901799 10.97 0.14
2458493.3903536 11.18 0.16
2458493.3908744 11.03 0.14
2458493.3913952 10.98 0.14
2458493.3919160 10.77 0.11
2458493.3922633 11.14 0.16
2458493.3926105 10.94 0.13
2458493.3927841 11.15 0.16
2458493.3929577 11.08 0.15
2458493.3938258 10.87 0.12
2458493.3939994 10.83 0.12
2458493.3941730 11.09 0.15
2458493.3946938 11.07 0.15
2458493.3950411 10.97 0.14
2458493.3959105 11.13 0.16
2458493.3962574 11.02 0.14
2458493.3964308 11.05 0.15
2458493.3974716 10.95 0.13
2458493.3976452 10.95 0.13
2458493.3978188 10.74 0.11
2458493.3983397 11.03 0.14
2458493.3993813 11.03 0.14
2458493.4000758 10.99 0.14
2458493.4004230 11.05 0.15
2458493.4007702 10.88 0.13
2458493.4012910 10.97 0.14
2458493.4016383 10.95 0.14
2458493.4018119 11.02 0.14
2458493.4019855 10.93 0.13
2458493.4021591 11.03 0.14
2458493.4025063 10.97 0.14
2458493.4026799 11.07 0.15
2458493.4028536 11.12 0.16
2458493.4032008 11.00 0.14
2458493.4040688 11.11 0.16
2458493.4042424 10.99 0.14
2458493.4044161 11.16 0.16
2458493.4045897 11.15 0.16
2458493.4052841 10.96 0.14
2458493.4058049 11.04 0.15
2458493.4063258 10.94 0.14
2458493.4064994 11.17 0.17
2458493.4071938 10.96 0.14
2458493.4073674 11.07 0.15
2458493.4078896 11.10 0.16
2458493.4082365 11.04 0.15
2458493.4085833 10.91 0.13
2458493.4089302 11.00 0.14
2458493.4092772 11.05 0.15
2458493.4094508 10.94 0.14
2458493.4096244 11.06 0.15
2458493.4097980 10.97 0.14
2458493.4099716 10.90 0.13
2458493.4103188 11.16 0.17
2458493.4106661 10.84 0.13
2458493.4108397 10.98 0.14
2458493.4117077 11.04 0.15
2458493.4118813 10.95 0.14
2458493.4136174 11.06 0.15
2458493.4150063 11.23 0.18
2458493.4153535 11.10 0.16
2458493.4158744 10.93 0.14
2458495.1519508 10.65 0.15
2458495.1531660 10.74 0.16
2458495.1536869 10.72 0.16
2458495.1562911 10.68 0.15
2458495.1599371 10.74 0.16
2458495.1752147 10.84 0.17
2458495.1790341 10.83 0.17
2458495.1792077 10.74 0.15
2458495.1795549 10.67 0.15
2458495.1814647 10.82 0.16
2458495.1833752 10.83 0.17
2458495.1950075 10.77 0.15
2458495.2069867 10.71 0.15
2458495.2090688 10.68 0.14
2458495.2099369 10.75 0.15
2458495.2108049 10.72 0.15
2458495.2118466 10.73 0.15
2458495.2250410 10.71 0.14
2458495.2259091 10.67 0.14
2458495.2260827 10.87 0.16
2458495.2262563 10.82 0.16
2458495.2264299 10.67 0.14
2458495.2272980 10.71 0.14
2458495.2316388 10.83 0.15
2458495.2361522 10.71 0.14
2458495.2385827 10.83 0.15
2458495.2387563 10.94 0.17
2458495.2404924 10.74 0.14
2458495.2420549 10.89 0.16
2458495.2429242 10.80 0.15
2458495.2437914 10.87 0.16
2458495.2455272 10.90 0.16
2458495.2460480 10.86 0.16
2458495.2549034 10.79 0.15
2458495.2561175 10.77 0.14
2458495.2576799 10.73 0.14
2458495.2578536 10.82 0.15
2458495.2606313 10.78 0.14
2458495.2613258 10.73 0.13
2458495.2620202 10.99 0.17
2458495.2632355 10.82 0.15
2458495.2642772 10.84 0.15
2458495.2651452 10.80 0.14
2458495.2653188 10.94 0.17
2458495.2661869 10.91 0.16
2458495.2667077 10.83 0.15
2458495.2668826 10.75 0.14
2458495.2679233 10.83 0.15
2458495.2693119 10.90 0.16
2458495.2700063 10.82 0.15
2458495.2717424 10.82 0.15
2458495.2733049 10.84 0.15
2458495.2748674 10.75 0.14
2458495.2755619 10.91 0.16
2458495.2759091 10.82 0.15
2458495.2760827 10.90 0.16
2458495.2776452 10.99 0.17
2458495.2783397 10.80 0.14
2458495.2790353 10.90 0.16
2458495.2819855 10.94 0.16
2458495.2823327 11.05 0.18
2458495.2825063 10.85 0.15
2458495.2833744 10.89 0.15
2458495.2837216 10.89 0.15
2458495.2840688 10.80 0.14
2458495.2842424 10.99 0.17
2458495.2875410 10.84 0.15
2458495.2885827 10.84 0.15
2458495.2934438 10.82 0.15
2458495.2957008 10.73 0.13
2458495.2969160 10.92 0.16
2458495.2986522 10.92 0.16
2458495.3000411 10.87 0.15
2458495.3002147 10.96 0.16
2458495.3005619 11.01 0.17
2458495.3019508 10.97 0.16
2458495.3024716 10.89 0.15
2458495.3033406 10.93 0.16
2458495.3043813 10.84 0.15
2458495.3055966 10.89 0.15
2458495.3061174 10.86 0.15
2458495.3080272 10.88 0.15
2458495.3085480 10.80 0.14
2458495.3090688 10.87 0.15
2458495.3108049 10.91 0.16
2458495.3109785 10.74 0.13
2458495.3137563 10.83 0.14
2458498.1656545 10.67 0.15
2458498.1680850 10.90 0.15
2458498.1684322 10.89 0.15
2458498.1686059 11.06 0.17
2458498.1691267 10.97 0.16
2458498.1693003 10.93 0.15
2458498.1696475 11.01 0.17
2458498.1699947 10.98 0.16
2458498.1705156 11.00 0.16
2458498.1708628 10.97 0.16
2458498.1719045 10.84 0.14
2458498.1725989 10.93 0.15
2458498.1731198 10.80 0.14
2458498.1732934 10.96 0.16
2458498.1758975 10.90 0.14
2458498.1762447 10.82 0.13
2458498.1765920 11.02 0.16
2458498.1772864 10.94 0.15
2458498.1786763 10.91 0.14
2458498.1788498 10.94 0.15
2458498.1790232 10.89 0.14
2458498.1800642 10.97 0.15
2458498.1818003 10.83 0.13
2458498.1823211 10.98 0.15
2458498.1835364 10.93 0.14
2458498.1838836 10.85 0.13
2458498.1842309 10.85 0.13
2458498.1844045 11.02 0.16
2458498.1852725 10.87 0.14
2458498.1859670 10.94 0.14
2458498.1861406 10.95 0.15
2458498.1863142 10.95 0.15
2458498.1866614 10.98 0.15
2458498.1868350 10.95 0.15
2458498.1870086 10.94 0.14
2458498.1871822 10.91 0.14
2458498.1882974 10.97 0.15
2458498.1887448 10.75 0.12
2458498.1889184 11.05 0.16
2458498.1890920 10.94 0.15
2458498.1894392 10.91 0.14
2458498.1896128 10.83 0.13
2458498.1897864 10.97 0.15
2458498.1899600 11.06 0.16
2458498.1901336 11.01 0.15
2458498.1903073 10.93 0.14
2458498.1904809 11.01 0.15
2458498.1910017 10.95 0.14
2458498.1913489 10.83 0.13
2458498.1915225 10.98 0.15
2458498.1923906 10.76 0.12
2458498.1927378 10.86 0.13
2458498.1937795 10.85 0.13
2458498.1939531 10.89 0.13
2458498.1965581 10.88 0.13
2458498.1967315 11.01 0.15
2458498.1969050 10.92 0.14
2458498.1972519 10.90 0.13
2458498.1977725 10.89 0.13
2458498.1984670 11.10 0.16
2458498.1989878 10.87 0.13
2458498.1991614 10.93 0.13
2458498.1993350 11.11 0.16
2458498.1995086 11.02 0.15
2458498.1998559 11.08 0.15
2458498.2000295 11.08 0.15
2458498.2002031 11.02 0.15
2458498.2003767 11.13 0.16
2458498.2007239 10.93 0.13
2458498.2008975 11.03 0.14
2458498.2010711 10.96 0.14
2458498.2012447 10.96 0.14
2458498.2017656 10.76 0.11
2458498.2019392 10.98 0.14
2458498.2021128 10.76 0.12
2458498.2022864 10.92 0.13
2458498.2029809 11.07 0.15
2458498.2031545 11.03 0.15
2458498.2033281 11.09 0.15
2458498.2036753 11.02 0.14
2458498.2040225 10.93 0.13
2458498.2045434 10.92 0.13
2458498.2047170 11.01 0.14
2458498.2048906 11.02 0.14
2458498.2050642 11.05 0.15
2458498.2052378 10.80 0.12
2458498.2057586 11.01 0.14
2458498.2059323 11.00 0.14
2458498.2061059 11.12 0.16
2458498.2062795 10.91 0.13
2458498.2064531 10.94 0.13
2458498.2066267 11.02 0.14
2458498.2069739 11.03 0.14
2458498.2071475 10.91 0.13
2458498.2073211 10.98 0.14
2458498.2074947 11.00 0.14
2458498.2080169 10.83 0.12
2458498.2085373 11.03 0.14
2458498.2088841 11.09 0.15
2458498.2090576 11.02 0.14
2458498.2094045 11.04 0.15
2458498.2095781 10.99 0.14
2458498.2097517 10.94 0.13
2458498.2104461 11.00 0.14
2458498.2106197 11.04 0.14
2458498.2113142 10.82 0.12
2458498.2116614 10.92 0.13
2458498.2121823 11.03 0.15
2458498.2125295 10.78 0.11
2458498.2127031 10.94 0.13
2458498.2128767 10.94 0.13
2458498.2130503 11.09 0.15
2458498.2132239 10.80 0.12
2458498.2133975 10.96 0.14
2458498.2135711 10.99 0.14
2458498.2137448 10.70 0.11
2458498.2139184 10.99 0.14
2458498.2144392 11.07 0.15
2458498.2146128 11.09 0.15
2458498.2147864 10.93 0.13
2458498.2149600 11.12 0.15
2458498.2151336 10.98 0.13
2458498.2153072 11.12 0.15
2458498.2154809 11.10 0.15
2458498.2161753 11.13 0.15
2458498.2163489 11.13 0.16
2458498.2166961 11.02 0.14
2458498.2168697 10.94 0.13
2458498.2172170 11.11 0.15
2458498.2173906 11.02 0.14
2458498.2175642 11.04 0.14
2458498.2179114 10.82 0.12
2458498.2182586 10.79 0.11
2458498.2187795 11.01 0.14
2458498.2191267 11.01 0.14
2458498.2193003 10.96 0.13
2458498.2194739 10.93 0.13
2458498.2199960 10.82 0.12
2458498.2201694 10.98 0.14
2458498.2206898 10.94 0.13
2458498.2208632 10.84 0.12
2458498.2217309 10.97 0.13
2458498.2219045 11.13 0.15
2458498.2225989 11.01 0.14
2458498.2227725 10.83 0.12
2458498.2231197 11.04 0.14
2458498.2232934 11.05 0.14
2458498.2238142 10.90 0.12
2458498.2239878 11.03 0.14
2458498.2241614 10.89 0.12
2458498.2245086 11.18 0.16
2458498.2248559 11.15 0.15
2458498.2250295 11.12 0.15
2458498.2253767 11.00 0.14
2458498.2257239 11.09 0.15
2458498.2260711 11.15 0.15
2458498.2262447 11.10 0.15
2458498.2264184 10.89 0.12
2458498.2265920 10.83 0.11
2458498.2267656 10.99 0.13
2458498.2269392 11.08 0.14
2458498.2271128 10.94 0.13
2458498.2272864 10.98 0.13
2458498.2276336 11.11 0.15
2458498.2279809 10.79 0.11
2458498.2281545 10.91 0.13
2458498.2283281 10.91 0.13
2458498.2285017 11.01 0.14
2458498.2288489 10.97 0.13
2458498.2290225 11.20 0.17
2458498.2293698 10.93 0.13
2458498.2295434 11.14 0.16
2458498.2297170 11.15 0.16
2458498.2298906 11.06 0.14
2458498.2300642 11.03 0.14
2458498.2305850 11.04 0.14
2458498.2307586 10.89 0.13
2458498.2311059 11.06 0.15
2458498.2312795 10.94 0.13
2458498.2316267 11.10 0.15
2458498.2318016 11.11 0.15
2458498.2321485 10.88 0.12
2458498.2323219 11.05 0.15
2458498.2326688 10.93 0.13
2458498.2328422 11.12 0.16
2458498.2331892 10.90 0.13
2458498.2335364 11.01 0.14
2458498.2337100 11.05 0.15
2458498.2338836 10.89 0.13
2458498.2342309 11.04 0.15
2458498.2344045 11.00 0.14
2458498.2347517 10.91 0.13
2458498.2356198 10.82 0.12
2458498.2361406 10.97 0.14
2458498.2366614 10.97 0.14
2458498.2370086 11.14 0.16
2458498.2375295 10.99 0.14
2458498.2377031 11.04 0.15
2458498.2378767 10.94 0.14
2458498.2382239 10.87 0.13
2458498.2399600 11.13 0.16
2458498.2401336 10.88 0.13
2458498.2406545 10.86 0.13
2458498.2408281 10.86 0.13
2458498.2415225 11.02 0.14
2458498.2416961 10.90 0.13
2458498.2420434 10.88 0.13
2458498.2422170 11.01 0.15
2458498.2423906 11.07 0.15
2458498.2425642 10.99 0.14
2458498.2429114 10.98 0.14
2458498.2430850 10.94 0.13
2458498.2432586 10.98 0.14
2458498.2434323 11.03 0.15
2458498.2439541 10.86 0.12
2458498.2441276 10.87 0.13
2458498.2443010 10.87 0.13
2458498.2444745 11.12 0.16
2458498.2446479 11.14 0.16
2458498.2448214 10.99 0.14
2458498.2451684 11.01 0.15
2458498.2453420 11.05 0.15
2458498.2456892 10.85 0.13
2458498.2458628 10.99 0.14
2458498.2463836 10.99 0.14
2458498.2467309 10.74 0.12
2458498.2470781 11.03 0.15
2458498.2474253 10.88 0.13
2458498.2475989 11.09 0.16
2458498.2481197 11.14 0.16
2458498.2482934 10.97 0.14
2458498.2484670 10.95 0.14
2458498.2486406 10.93 0.13
2458498.2488142 10.97 0.14
2458498.2489878 11.09 0.16
2458498.2491614 11.02 0.15
2458498.2498559 10.95 0.14
2458498.2503767 10.81 0.12
2458498.2507239 10.87 0.13
2458498.2508975 10.84 0.13
2458498.2533281 11.04 0.15
2458498.2535017 10.90 0.13
2458498.2538489 11.03 0.15
2458498.2540225 10.89 0.13
2458498.2547170 11.04 0.15
2458498.2552378 11.00 0.15
2458498.2559332 11.02 0.15
2458498.2568004 11.09 0.16
2458498.2571475 10.86 0.13
2458498.2574947 10.97 0.14
2458498.2581892 11.09 0.16
2458498.2583628 10.91 0.14
2458498.2587100 11.01 0.15
2458498.2590573 10.84 0.13
2458498.2592309 11.00 0.15
2458498.2599253 10.97 0.14
2458498.2600989 10.91 0.14
2458498.2602725 11.05 0.16
2458498.2606198 10.91 0.14
2458498.2607934 10.96 0.15
2458498.2609670 11.02 0.15
2458498.2613142 11.12 0.16
2458498.2614878 11.12 0.16
2458498.2616614 10.94 0.14
2458498.2620086 10.99 0.15
2458498.2621822 10.97 0.14
2458498.2623559 11.12 0.16
2458498.2627031 10.86 0.11
2458498.2628767 10.88 0.11
2458498.2630503 10.96 0.12
2458498.2632239 11.02 0.12
2458498.2633975 10.97 0.12
2458498.2637447 11.23 0.15
2458498.2639184 10.75 0.10
2458498.2640920 10.97 0.12
2458498.2644392 11.17 0.14
2458498.2647864 11.00 0.12
2458498.2649600 11.03 0.13
2458498.2651336 10.98 0.12
2458498.2654809 11.06 0.13
2458498.2656545 11.04 0.13
2458498.2658281 11.03 0.13
2458498.2660017 10.92 0.11
2458498.2661753 11.12 0.14
2458498.2665225 11.09 0.13
2458498.2666961 11.05 0.13
2458498.2668698 11.06 0.13
2458498.2670434 11.09 0.13
2458498.2672170 10.99 0.12
2458498.2673906 11.02 0.13
2458498.2675655 11.27 0.16
2458498.2677389 10.82 0.10
2458498.2679124 11.09 0.13
2458498.2680858 11.07 0.13
2458498.2682593 11.00 0.13
2458498.2684327 11.26 0.16
2458498.2686062 11.19 0.15
2458498.2687796 11.16 0.14
2458498.2689531 10.93 0.11
2458498.2691267 10.99 0.12
2458498.2693003 11.14 0.14
2458498.2694739 10.98 0.12
2458498.2696475 10.89 0.11
2458498.2698211 10.94 0.12
2458498.2699947 11.03 0.12
2458498.2701684 10.88 0.11
2458498.2703420 11.20 0.15
2458498.2705156 11.16 0.14
2458498.2706892 11.10 0.13
2458498.2708628 11.14 0.14
2458498.2710364 11.19 0.14
2458498.2712100 11.02 0.12
2458498.2713836 10.94 0.11
2458498.2715572 11.17 0.14
2458498.2717309 10.90 0.11
2458498.2719045 11.07 0.13
2458498.2720781 11.15 0.14
2458498.2722517 11.10 0.13
2458498.2724253 11.08 0.13
2458498.2725989 10.95 0.11
2458498.2727725 10.83 0.10
2458498.2729461 11.21 0.15
2458498.2731197 11.08 0.13
2458498.2732934 11.09 0.13
2458498.2734670 10.98 0.12
2458498.2736406 10.95 0.12
2458498.2738142 10.98 0.12
2458498.2739878 11.07 0.13
2458498.2741614 11.08 0.13
2458498.2743350 10.98 0.12
2458498.2745086 11.03 0.12
2458498.2746823 11.06 0.13
2458498.2748559 10.99 0.12
2458498.2750295 11.11 0.13
2458498.2752031 11.16 0.14
2458498.2753767 11.07 0.13
2458498.2755503 10.93 0.11
2458498.2757239 11.19 0.14
2458498.2758975 10.94 0.11
2458498.2760711 11.05 0.12
2458498.2762448 11.04 0.12
2458498.2764184 11.09 0.13
2458498.2765920 11.01 0.12
2458498.2767656 11.03 0.12
2458498.2769392 11.01 0.12
2458498.2771128 10.92 0.11
2458498.2774600 10.88 0.11
2458498.2779809 11.06 0.13
2458498.2781545 11.08 0.13
2458498.2783281 11.04 0.13
2458498.2785017 11.14 0.14
2458498.2786753 10.98 0.12
2458498.2788489 10.86 0.11
2458498.2790225 10.95 0.12
2458498.2791961 10.92 0.11
2458498.2795448 11.13 0.14
2458498.2797182 10.92 0.11
2458498.2798916 11.13 0.14
2458498.2800651 10.89 0.11
2458498.2802385 10.99 0.12
2458498.2804120 10.92 0.11
2458498.2805854 10.94 0.12
2458498.2807589 10.93 0.11
2458498.2809323 10.90 0.11
2458498.2812795 10.76 0.10
2458498.2814531 11.04 0.13
2458498.2818003 10.86 0.11
2458498.2819739 10.91 0.11
2458498.2821475 11.13 0.14
2458498.2823211 11.02 0.12
2458498.2824948 11.02 0.13
2458498.2826684 11.02 0.13
2458498.2828420 10.89 0.12
2458498.2830156 11.11 0.14
2458498.2831892 11.08 0.13
2458498.2833628 11.10 0.14
2458498.2835364 10.94 0.12
2458498.2837100 10.97 0.12
2458498.2838836 11.03 0.13
2458498.2840573 11.12 0.14
2458498.2842309 11.14 0.14
2458498.2844045 10.85 0.11
2458498.2845781 11.20 0.15
2458498.2847517 11.01 0.12
2458498.2850989 11.08 0.13
2458498.2852725 10.96 0.12
2458498.2854461 11.18 0.15
2458498.2856197 10.94 0.12
2458498.2857934 11.14 0.14
2458498.2859670 11.00 0.12
2458498.2861406 11.06 0.13
2458498.2863142 10.98 0.12
2458498.2864878 11.08 0.13
2458498.2866614 11.00 0.12
2458498.2868350 11.05 0.13
2458498.2871822 11.05 0.13
2458498.2873559 11.02 0.13
2458498.2877031 10.91 0.11
2458498.2878767 10.87 0.11
2458498.2880503 11.11 0.14
2458498.2885711 11.20 0.15
2458498.2887447 10.97 0.12
2458498.2889184 10.96 0.12
2458498.2890920 10.93 0.12
2458498.2892656 10.91 0.11
2458498.2894392 10.96 0.12
2458498.2896128 11.05 0.13
2458498.2897864 11.03 0.13
2458498.2899600 10.85 0.11
2458498.2901336 11.05 0.13
2458498.2903073 10.93 0.12
2458498.2904809 11.13 0.14
2458498.2906545 10.86 0.11
2458498.2908281 10.92 0.12
2458498.2910017 10.88 0.11
2458498.2911753 11.12 0.14
2458498.2913489 10.95 0.12
2458498.2916974 10.94 0.12
2458498.2918708 10.90 0.11
2458498.2920443 10.99 0.12
2458498.2922177 10.86 0.11
2458498.2923912 11.02 0.13
2458498.2925646 11.09 0.14
2458498.2927381 10.99 0.12
2458498.2929115 10.97 0.12
2458498.2930850 10.94 0.12
2458498.2932586 11.05 0.13
2458498.2934322 10.97 0.12
2458498.2936059 10.99 0.12
2458498.2939531 11.01 0.13
2458498.2941267 10.91 0.12
2458498.2944739 10.87 0.12
2458498.2946475 10.96 0.13
2458498.2948211 10.98 0.13
2458498.2949947 11.03 0.13
2458498.2951684 11.09 0.14
2458498.2953420 10.93 0.12
2458498.2955156 10.92 0.12
2458498.2956892 10.87 0.11
2458498.2958628 10.92 0.12
2458498.2960364 11.01 0.13
2458498.2962100 10.78 0.10
2458498.2963836 11.04 0.13
2458498.2965572 10.87 0.11
2458498.2967309 10.98 0.12
2458498.2969045 11.00 0.12
2458498.2970781 11.07 0.13
2458498.2972517 11.09 0.13
2458498.2974253 10.78 0.10
2458498.2975989 11.00 0.12
2458498.2977725 10.95 0.12
2458498.2979461 11.18 0.14
2458498.2981198 10.87 0.11
2458498.2982934 10.99 0.13
2458498.2984670 10.87 0.11
2458498.2986406 10.95 0.12
2458498.2988142 11.05 0.13
2458498.2989878 10.89 0.12
2458498.2991614 10.85 0.11
2458498.2995086 11.08 0.14
2458498.2996823 10.95 0.12
2458498.2998559 10.90 0.12
2458498.3000295 10.92 0.12
2458498.3002031 10.89 0.11
2458498.3003767 10.90 0.12
2458498.3005503 10.95 0.12
2458498.3007239 11.09 0.14
2458498.3008975 11.07 0.13
2458498.3010711 11.08 0.14
2458498.3012447 11.06 0.13
2458498.3014184 10.84 0.11
2458498.3015920 11.04 0.13
2458498.3017656 10.96 0.12
2458498.3019392 10.92 0.12
2458498.3021128 10.94 0.12
2458498.3022864 10.94 0.12
2458498.3024600 10.99 0.12
2458498.3028072 11.01 0.12
2458498.3029809 10.98 0.12
2458498.3031545 10.94 0.12
2458498.3033281 11.02 0.13
2458498.3038500 10.98 0.12
2458498.3040235 10.82 0.11
2458498.3041969 10.85 0.11
2458498.3043703 10.88 0.11
2458498.3045438 10.86 0.11
2458498.3047172 10.96 0.12
2458498.3050642 11.14 0.14
2458498.3054114 10.87 0.11
2458498.3055850 10.97 0.12
2458498.3057586 11.03 0.13
2458498.3059323 11.04 0.13
2458498.3061059 11.15 0.14
2458498.3062795 10.97 0.12
2458498.3064531 10.96 0.12
2458498.3066267 11.30 0.16
2458498.3068003 10.96 0.12
2458498.3069739 10.97 0.12
2458498.3071475 11.02 0.13
2458498.3073211 11.00 0.13
2458498.3074948 11.09 0.14
2458498.3078420 10.88 0.11
2458498.3080156 11.05 0.13
2458498.3081892 10.95 0.12
2458498.3083628 10.98 0.12
2458498.3085364 11.01 0.13
2458498.3087100 10.99 0.13
2458498.3090572 10.81 0.11
2458498.3094045 10.88 0.12
2458498.3095781 10.78 0.10
2458498.3097517 11.10 0.14
2458498.3099253 11.00 0.13
2458498.3100989 11.14 0.15
2458498.3102725 11.00 0.13
2458498.3104461 10.80 0.11
2458498.3107934 10.96 0.12
2458498.3109670 10.92 0.12
2458498.3111406 10.89 0.12
2458498.3113142 10.96 0.12
2458498.3114878 10.97 0.12
2458498.3116614 11.12 0.14
2458498.3120086 10.91 0.12
2458498.3121822 11.10 0.14
2458498.3123559 10.91 0.12
2458498.3125295 11.06 0.14
2458498.3127031 10.99 0.13
2458498.3128767 10.99 0.13
2458498.3130503 11.03 0.13
2458498.3132239 10.94 0.12
2458498.3133975 11.03 0.13
2458498.3135711 10.88 0.11
2458498.3137448 10.87 0.12
2458498.3139184 11.04 0.13
2458498.3140920 10.85 0.11
2458498.3142656 10.84 0.11
2458498.3144392 11.00 0.13
2458498.3146128 10.89 0.12
2458498.3147864 11.03 0.13
2458498.3149600 11.00 0.13
2458498.3151336 10.85 0.11
2458498.3156558 11.08 0.14
2458498.3158292 10.97 0.13
2458498.3160027 11.00 0.13
2458498.3161761 10.94 0.12
2458498.3163496 11.10 0.14
2458498.3165230 10.87 0.12
2458498.3166965 11.03 0.14
2458498.3168699 11.10 0.14
2458498.3170434 11.07 0.14
2458498.3173906 10.84 0.11
2458498.3175642 11.05 0.13
2458498.3177378 10.90 0.12
2458498.3179114 10.87 0.12
2458498.3180850 10.97 0.13
2458500.2349022 10.73 0.14
2458500.2362910 10.93 0.16
2458500.2385480 10.89 0.15
2458500.2394161 10.88 0.15
2458500.2399369 10.96 0.16
2458500.2421938 10.91 0.15
2458500.2434091 11.00 0.16
2458500.2439299 10.91 0.15
2458500.2454927 10.95 0.15
2458500.2456661 10.92 0.15
2458500.2470549 10.99 0.16
2458500.2472286 10.97 0.16
2458500.2477494 10.94 0.15
2458500.2479230 11.03 0.16
2458500.2484438 10.95 0.15
2458500.2496591 10.96 0.15
2458500.2498327 11.05 0.17
2458500.2505272 10.86 0.14
2458500.2515688 10.94 0.15
2458500.2529577 10.99 0.16
2458500.2531313 10.87 0.14
2458500.2548674 10.95 0.15
2458500.2555619 10.98 0.15
2458500.2557355 11.03 0.16
2458500.2564312 10.96 0.15
2458500.2566046 10.84 0.14
2458500.2567781 10.87 0.14
2458500.2571250 10.85 0.14
2458500.2574719 10.97 0.15
2458500.2578188 10.82 0.14
2458500.2585133 10.92 0.15
2458500.2590341 10.94 0.15
2458500.2595549 11.02 0.16
2458500.2604230 10.92 0.14
2458500.2609438 10.82 0.13
2458500.2621591 11.06 0.16
2458500.2625063 11.00 0.15
2458500.2630272 10.90 0.14
2458500.2632008 10.96 0.15
2458500.2654577 11.14 0.17
2458500.2659785 10.93 0.14
2458500.2663258 11.07 0.16
2458500.2668466 10.88 0.13
2458500.2677147 10.91 0.14
2458500.2678883 10.93 0.14
2458500.2684104 10.91 0.14
2458500.2687573 10.98 0.15
2458500.2689307 11.03 0.15
2458500.2691042 10.89 0.14
2458500.2701452 10.96 0.14
2458500.2718813 10.79 0.12
2458500.2724022 11.06 0.16
2458500.2730966 10.97 0.15
2458500.2732702 10.97 0.15
2458500.2736174 10.98 0.15
2458500.2737910 11.07 0.16
2458500.2739647 10.74 0.12
2458500.2741383 10.97 0.15
2458500.2753535 11.00 0.15
2458500.2760480 10.84 0.13
2458500.2769161 10.87 0.13
2458500.2783049 11.00 0.15
2458500.2795202 10.97 0.14
2458500.2800410 11.07 0.16
2458500.2805631 11.01 0.15
2458500.2810834 10.98 0.15
2458500.2817772 10.95 0.14
2458500.2819508 10.70 0.11
2458500.2829924 10.96 0.14
2458500.2835133 11.01 0.15
2458500.2838605 10.97 0.14
2458500.2842077 10.99 0.15
2458500.2849022 10.79 0.12
2458500.2855966 10.92 0.14
2458500.2866383 10.87 0.13
2458500.2868119 10.96 0.14
2458500.2869855 10.87 0.13
2458500.2871591 10.84 0.13
2458500.2883744 10.86 0.13
2458500.2885480 10.96 0.14
2458500.2888952 10.97 0.14
2458500.2892424 11.06 0.15
2458500.2899369 10.99 0.14
2458500.2901105 10.99 0.14
2458500.2908049 10.91 0.13
2458500.2911522 10.85 0.13
2458500.2913258 10.91 0.13
2458500.2916730 10.85 0.13
2458500.2920202 11.16 0.16
2458500.2921938 10.98 0.14
2458500.2925423 10.93 0.13
2458500.2927157 11.09 0.15
2458500.2928892 10.95 0.13
2458500.2930626 11.16 0.16
2458500.2932360 11.07 0.15