2458467.3675459 10.95 0.14
2458467.3687611 10.98 0.14
2458467.3762270 10.96 0.14
2458467.3774417 10.99 0.14
2458467.3777889 11.11 0.16
2458467.3781361 11.00 0.15
2458467.3796986 11.13 0.17
2458467.3802195 11.01 0.15
2458467.3803931 10.96 0.14
2458467.3817820 11.04 0.15
2458467.3819556 10.99 0.15
2458467.3885530 11.08 0.16
2458467.3890736 11.03 0.15
2458467.3894209 11.00 0.15
2458467.3916778 11.19 0.18
2458467.4000118 10.91 0.14
2458467.4003586 11.03 0.15
2458467.4060875 11.01 0.15
2458467.4102542 10.96 0.15
2458467.4119908 11.08 0.16
2458467.4132056 10.89 0.14
2458467.4158097 10.83 0.13
2458469.3667865 11.17 0.13
2458469.3670135 10.98 0.11
2458469.3671871 11.32 0.14
2458469.3673607 11.07 0.12
2458469.3675343 11.11 0.12
2458469.3677079 11.06 0.11
2458469.3678815 11.15 0.12
2458469.3680551 11.13 0.12
2458469.3682287 11.20 0.13
2458469.3684023 11.04 0.11
2458469.3685760 11.00 0.11
2458469.3687496 10.94 0.10
2458469.3689232 10.98 0.11
2458469.3692704 10.89 0.10
2458469.3694440 11.24 0.13
2458469.3696176 10.98 0.11
2458469.3697912 11.19 0.13
2458469.3699648 11.20 0.13
2458469.3701384 10.99 0.11
2458469.3703121 11.18 0.13
2458469.3704857 11.08 0.12
2458469.3706593 11.12 0.12
2458469.3710065 11.04 0.11
2458469.3711801 10.99 0.11
2458469.3713537 11.02 0.11
2458469.3717009 11.05 0.11
2458469.3718746 11.17 0.13
2458469.3720482 11.18 0.13
2458469.3722218 11.17 0.13
2458469.3723954 10.94 0.10
2458469.3725690 11.29 0.14
2458469.3727426 11.10 0.12
2458469.3729162 11.28 0.14
2458469.3730898 11.25 0.14
2458469.3732635 11.14 0.12
2458469.3734371 10.99 0.11
2458469.3736107 11.09 0.12
2458469.3737843 11.24 0.13
2458469.3739579 11.18 0.13
2458469.3741315 11.08 0.12
2458469.3743051 11.12 0.12
2458469.3744787 11.08 0.12
2458469.3746524 11.19 0.13
2458469.3748260 11.21 0.13
2458469.3749996 11.19 0.13
2458469.3751732 11.15 0.12
2458469.3753468 11.23 0.13
2458469.3755204 11.07 0.11
2458469.3756940 11.27 0.14
2458469.3758676 11.12 0.12
2458469.3760425 11.08 0.12
2458469.3762159 11.07 0.11
2458469.3763894 11.25 0.13
2458469.3765628 11.32 0.14
2458469.3767363 11.07 0.11
2458469.3769097 11.15 0.12
2458469.3770832 11.19 0.13
2458469.3772566 11.09 0.12
2458469.3774301 11.21 0.13
2458469.3776037 11.10 0.12
2458469.3777773 11.18 0.13
2458469.3779510 10.96 0.10
2458469.3781246 11.18 0.13
2458469.3782982 11.28 0.14
2458469.3784718 11.14 0.12
2458469.3786454 11.07 0.11
2458488.3051107 11.13 0.15
2458488.3056316 11.04 0.14
2458488.3061524 11.21 0.16
2458488.3070205 11.17 0.16
2458488.3071941 11.05 0.14
2458488.3089302 10.95 0.13
2458488.3106663 11.12 0.15
2458488.3115344 11.20 0.16
2458488.3122288 11.29 0.18
2458488.3127496 11.19 0.16
2458488.3137913 11.18 0.16
2458488.3139649 11.11 0.15
2458488.3144857 11.05 0.14
2458488.3150066 11.18 0.16
2458488.3157010 11.08 0.15
2458488.3158746 11.10 0.15
2458488.3176107 10.97 0.14
2458488.3179580 11.02 0.14
2458488.3188260 11.18 0.17
2458488.3191732 11.03 0.14
2458488.3195205 11.06 0.15
2458488.3200413 11.03 0.14
2458488.3205621 10.93 0.13
2458488.3219517 10.87 0.13
2458488.3228191 11.17 0.17
2458488.3229927 11.07 0.15
2458488.3242080 11.05 0.15
2458488.3249024 11.21 0.17
2458488.3262913 11.12 0.16
2458488.3271594 11.10 0.16
2458488.3275066 10.96 0.14
2458488.3283746 11.04 0.15
2458488.3287218 11.08 0.15
2458488.3302843 11.00 0.14
2458488.3306316 11.14 0.16
2458488.3309788 11.09 0.15
2458488.3311524 10.98 0.14
2458488.3320205 11.12 0.16
2458488.3342777 11.06 0.15
2458488.3351455 11.18 0.17
2458488.3396593 10.85 0.13
2458488.3398330 11.01 0.15
2458488.3403538 10.99 0.15
2458488.3408746 10.74 0.12
2458488.3419163 10.94 0.14
2458488.3426107 11.08 0.16
2458488.3434788 11.13 0.17
2458488.3439996 11.07 0.16
2458488.3493816 11.06 0.16
2458488.3514649 11.08 0.16
2458488.3518121 11.00 0.15
2458488.3549371 11.11 0.16
2458488.3559788 11.03 0.15
2458488.3563260 11.16 0.17
2458488.3566732 11.03 0.15
2458488.3568469 10.98 0.14
2458488.3570218 11.00 0.15
2458488.3577156 11.08 0.16
2458488.3582360 11.14 0.17
2458488.3585830 11.01 0.15
2458488.3587566 10.81 0.12
2458488.3608399 11.00 0.15
2458488.3615343 10.82 0.13
2458488.3655274 10.90 0.14
2458488.3684788 10.84 0.13
2458488.3691744 11.03 0.15
2458488.3717774 10.93 0.14
2458493.2519739 10.92 0.12
2458493.2521475 11.22 0.16
2458493.2528420 11.18 0.16
2458493.2538836 11.12 0.15
2458493.2545789 11.05 0.14
2458493.2547524 10.97 0.13
2458493.2549258 11.18 0.15
2458493.2550993 11.13 0.15
2458493.2552727 11.09 0.14
2458493.2554461 10.77 0.11
2458493.2556198 11.02 0.13
2458493.2557934 11.29 0.17
2458493.2559670 11.20 0.16
2458493.2561406 11.13 0.15
2458493.2564878 11.01 0.13
2458493.2568350 11.07 0.14
2458493.2573559 11.05 0.14
2458493.2577031 11.20 0.15
2458493.2585711 11.08 0.14
2458493.2587447 11.20 0.15
2458493.2589184 11.04 0.14
2458493.2590920 11.09 0.14
2458493.2594392 11.20 0.16
2458493.2608281 11.14 0.15
2458493.2620434 11.17 0.15
2458493.2622170 11.05 0.14
2458493.2623906 10.95 0.12
2458493.2627378 11.09 0.14
2458493.2636059 11.12 0.14
2458493.2643003 11.11 0.14
2458493.2646475 10.92 0.12
2458493.2651684 11.15 0.15
2458493.2656892 11.07 0.14
2458493.2672519 10.89 0.12
2458493.2675989 11.10 0.14
2458493.2679461 11.04 0.13
2458493.2681197 11.19 0.15
2458493.2684670 11.05 0.14
2458493.2691614 11.19 0.15
2458493.2696822 11.18 0.15
2458493.2700295 11.13 0.14
2458493.2702031 11.30 0.17
2458493.2705503 11.16 0.15
2458493.2707239 11.25 0.16
2458493.2708975 11.15 0.15
2458493.2710711 11.24 0.16
2458493.2717656 11.00 0.13
2458493.2721128 11.14 0.15
2458493.2731545 11.19 0.15
2458493.2733281 11.22 0.16
2458493.2736753 11.03 0.13
2458493.2740225 11.14 0.15
2458493.2741961 11.01 0.13
2458493.2754114 11.05 0.14
2458493.2759322 11.18 0.15
2458493.2761059 11.10 0.14
2458493.2762795 11.06 0.14
2458493.2766267 10.95 0.12
2458493.2781904 11.04 0.13
2458493.2783638 11.08 0.14
2458493.2785373 11.11 0.14
2458493.2788841 11.06 0.14
2458493.2792310 10.95 0.12
2458493.2795781 11.11 0.14
2458493.2806198 11.15 0.15
2458493.2809670 11.29 0.17
2458493.2816614 11.06 0.14
2458493.2823559 11.10 0.14
2458493.2846128 11.12 0.14
2458493.2851336 11.07 0.14
2458493.2853072 11.11 0.14
2458493.2863489 11.22 0.16
2458493.2865225 11.17 0.15
2458493.2872170 11.01 0.13
2458493.2873906 11.08 0.14
2458493.2875642 11.34 0.18
2458493.2879114 11.23 0.16
2458493.2880850 11.16 0.15
2458493.2882586 11.25 0.16
2458493.2901695 11.11 0.14
2458493.2906898 10.98 0.13
2458493.2913836 11.19 0.15
2458493.2915572 11.07 0.14
2458493.2917309 11.19 0.15
2458493.2920781 11.15 0.15
2458493.2922517 11.22 0.16
2458493.2924253 11.26 0.16
2458493.2932934 11.28 0.17
2458493.2945086 11.09 0.14
2458493.2953767 11.18 0.15
2458493.2962448 11.04 0.14
2458493.2964184 11.07 0.14
2458493.2978072 11.18 0.15
2458493.2986753 11.16 0.15
2458493.2991961 11.09 0.14
2458493.2998906 11.04 0.14
2458493.3002378 10.97 0.13
2458493.3005850 11.22 0.16
2458493.3037216 11.17 0.15
2458493.3038952 11.18 0.15
2458493.3040688 11.17 0.15
2458493.3049369 11.18 0.15
2458493.3051105 11.24 0.16
2458493.3052841 11.10 0.14
2458493.3054577 11.15 0.15
2458493.3080619 11.25 0.16
2458493.3082355 11.07 0.14
2458493.3092772 11.29 0.17
2458493.3097980 11.19 0.15
2458493.3103188 11.12 0.14
2458493.3104924 11.21 0.16
2458493.3111869 11.15 0.15
2458493.3122298 10.96 0.12
2458493.3127502 11.24 0.16
2458493.3130971 11.09 0.14
2458493.3132705 11.09 0.14
2458493.3143119 11.16 0.15
2458493.3144855 11.10 0.14
2458493.3153535 11.04 0.13
2458493.3158744 11.10 0.14
2458493.3163952 11.22 0.16
2458493.3165688 11.08 0.14
2458493.3179577 11.11 0.14
2458493.3181313 11.07 0.14
2458493.3183049 11.05 0.13
2458493.3186522 10.96 0.12
2458493.3188258 11.19 0.15
2458493.3189994 10.98 0.13
2458493.3191730 11.11 0.14
2458493.3198674 11.21 0.15
2458493.3200411 10.97 0.12
2458493.3203883 11.23 0.16
2458493.3210827 11.19 0.15
2458493.3212563 11.12 0.14
2458493.3216035 10.92 0.12
2458493.3222980 11.01 0.13
2458493.3228188 11.01 0.13
2458493.3235133 11.05 0.13
2458493.3240341 11.21 0.15
2458493.3242090 11.23 0.15
2458493.3247293 10.99 0.13
2458493.3249028 11.05 0.13
2458493.3250762 11.15 0.14
2458493.3252497 11.03 0.13
2458493.3255966 11.02 0.13
2458493.3262911 10.99 0.13
2458493.3264647 11.22 0.15
2458493.3268119 10.98 0.12
2458493.3271591 11.13 0.14
2458493.3275063 11.24 0.16
2458493.3276799 11.11 0.14
2458493.3280272 11.11 0.14
2458493.3283744 11.22 0.15
2458493.3285480 11.09 0.14
2458493.3287216 11.05 0.13
2458493.3288952 11.02 0.13
2458493.3292430 11.10 0.14
2458493.3294160 11.17 0.15
2458493.3299369 11.19 0.15
2458493.3301105 11.13 0.14
2458493.3302841 11.21 0.15
2458493.3304577 11.24 0.16
2458493.3308049 11.13 0.14
2458493.3314994 11.00 0.13
2458493.3316730 11.01 0.13
2458493.3318466 11.12 0.14
2458493.3321938 11.12 0.14
2458493.3323674 11.14 0.14
2458493.3325411 10.97 0.12
2458493.3327147 11.25 0.16
2458493.3328883 11.14 0.14
2458493.3330619 11.04 0.13
2458493.3332355 11.20 0.15
2458493.3334091 11.24 0.16
2458493.3335827 11.21 0.15
2458493.3337563 11.00 0.13
2458493.3339299 11.22 0.15
2458493.3341036 10.91 0.12
2458493.3342772 11.09 0.14
2458493.3344508 11.05 0.13
2458493.3346244 11.01 0.13
2458493.3347980 11.11 0.14
2458493.3351452 11.02 0.13
2458493.3354924 11.06 0.13
2458493.3360133 10.96 0.12
2458493.3370554 11.28 0.16
2458493.3372288 11.18 0.15
2458493.3377494 10.97 0.12
2458493.3380966 11.01 0.13
2458493.3382702 11.24 0.16
2458493.3384438 11.00 0.13
2458493.3386174 11.04 0.13
2458493.3387910 11.29 0.17
2458493.3389647 11.07 0.14
2458493.3391383 10.96 0.12
2458493.3393119 11.14 0.15
2458493.3396591 11.16 0.15
2458493.3398327 11.22 0.16
2458493.3400063 11.06 0.14
2458493.3401799 11.09 0.14
2458493.3405272 11.02 0.13
2458493.3407008 11.17 0.15
2458493.3410480 11.18 0.15
2458493.3412216 11.10 0.14
2458493.3415688 11.16 0.15
2458493.3419161 11.12 0.14
2458493.3420897 11.01 0.13
2458493.3422633 11.03 0.13
2458493.3424369 10.95 0.12
2458493.3431313 11.17 0.15
2458493.3436522 11.13 0.14
2458493.3438258 11.16 0.15
2458493.3441730 11.02 0.13
2458493.3443466 10.93 0.12
2458493.3446938 11.01 0.13
2458493.3448674 11.11 0.14
2458493.3450410 11.18 0.15
2458493.3452147 11.10 0.14
2458493.3453883 10.99 0.13
2458493.3457355 11.07 0.14
2458493.3460827 11.11 0.14
2458493.3462563 11.15 0.15
2458493.3464299 11.12 0.15
2458493.3469508 11.18 0.15
2458493.3471244 11.12 0.14
2458493.3472980 10.86 0.11
2458493.3474716 11.31 0.17
2458493.3483408 10.99 0.13
2458493.3490345 11.21 0.16
2458493.3493814 11.23 0.16
2458493.3495549 11.09 0.14
2458493.3499022 11.09 0.14
2458493.3502494 11.02 0.13
2458493.3504230 11.15 0.15
2458493.3507702 11.17 0.15
2458493.3511174 10.97 0.13
2458493.3512911 11.14 0.14
2458493.3516383 11.09 0.14
2458493.3519855 11.11 0.14
2458493.3521591 10.92 0.12
2458493.3523327 11.05 0.13
2458493.3528535 11.04 0.13
2458493.3530272 10.98 0.13
2458493.3532008 11.11 0.14
2458493.3540688 11.04 0.13
2458493.3549369 11.11 0.14
2458493.3551105 11.09 0.14
2458493.3554577 10.77 0.10
2458493.3556313 10.80 0.11
2458493.3558049 11.03 0.13
2458493.3559786 11.06 0.13
2458493.3561522 11.13 0.14
2458493.3563258 11.19 0.15
2458493.3566730 11.11 0.14
2458493.3568466 10.94 0.12
2458493.3570202 11.19 0.15
2458493.3573674 10.99 0.13
2458493.3575411 11.07 0.14
2458493.3577147 10.98 0.13
2458493.3578883 10.99 0.13
2458493.3584091 10.96 0.12
2458493.3585827 11.01 0.13
2458493.3587563 11.20 0.15
2458493.3591036 11.01 0.13
2458493.3599716 11.13 0.15
2458493.3601465 10.97 0.13
2458493.3603199 10.99 0.13
2458493.3604934 11.19 0.15
2458493.3606668 11.03 0.13
2458493.3610137 11.20 0.16
2458493.3611871 11.21 0.16
2458493.3613606 11.15 0.15
2458493.3615341 10.99 0.13
2458493.3617077 11.11 0.14
2458493.3620549 11.04 0.13
2458493.3624022 10.95 0.12
2458493.3625758 10.98 0.13
2458493.3627494 11.12 0.14
2458493.3629230 11.07 0.14
2458493.3630966 10.91 0.12
2458493.3632702 11.03 0.13
2458493.3636174 11.10 0.14
2458493.3637911 10.84 0.11
2458493.3641383 10.81 0.11
2458493.3643119 10.99 0.13
2458493.3644855 11.04 0.13
2458493.3646591 11.06 0.14
2458493.3648327 11.12 0.14
2458493.3650063 11.16 0.15
2458493.3651799 11.11 0.14
2458493.3653536 11.05 0.13
2458493.3660480 10.80 0.11
2458493.3669161 11.08 0.14
2458493.3670897 11.24 0.16
2458493.3674369 11.18 0.15
2458493.3676105 11.11 0.14
2458493.3677841 10.84 0.11
2458493.3679577 11.30 0.17
2458493.3681313 11.16 0.15
2458493.3688258 11.05 0.13
2458493.3689994 11.00 0.13
2458493.3691730 10.96 0.13
2458493.3693466 11.13 0.15
2458493.3695202 10.96 0.13
2458493.3696938 11.20 0.16
2458493.3700410 11.04 0.14
2458493.3705619 11.07 0.14
2458493.3707355 11.23 0.16
2458493.3709091 11.06 0.14
2458493.3714299 11.26 0.16
2458493.3721257 11.09 0.14
2458493.3722991 11.00 0.13
2458493.3726460 11.08 0.14
2458493.3728194 11.23 0.16
2458493.3729928 11.03 0.13
2458493.3731663 11.04 0.13
2458493.3733397 11.12 0.15
2458493.3735133 11.09 0.14
2458493.3736869 11.06 0.14
2458493.3743813 10.95 0.13
2458493.3745549 11.04 0.13
2458493.3749022 11.11 0.14
2458493.3750758 10.87 0.11
2458493.3754230 11.14 0.15
2458493.3759438 11.20 0.16
2458493.3762910 11.10 0.14
2458493.3768119 11.20 0.16
2458493.3771591 11.06 0.14
2458493.3773327 11.16 0.15
2458493.3775063 11.03 0.13
2458493.3776799 11.03 0.14
2458493.3782008 11.10 0.14
2458493.3788952 10.90 0.12
2458493.3795897 11.00 0.13
2458493.3797633 10.98 0.13
2458493.3804577 11.05 0.14
2458493.3806313 11.14 0.15
2458493.3809786 10.93 0.13
2458493.3828883 11.17 0.16
2458493.3832355 11.09 0.15
2458493.3835827 11.09 0.15
2458493.3837563 11.12 0.15
2458493.3839313 11.07 0.14
2458493.3847985 10.91 0.12
2458493.3849720 10.99 0.13
2458493.3856660 11.04 0.14
2458493.3865341 11.16 0.15
2458493.3868813 11.10 0.15
2458493.3870549 11.06 0.14
2458493.3872286 10.97 0.13
2458493.3875758 10.86 0.12
2458493.3877494 10.93 0.13
2458493.3900063 11.00 0.14
2458493.3901799 10.92 0.13
2458493.3905272 10.90 0.12
2458493.3912216 11.00 0.14
2458493.3922633 11.03 0.14
2458493.3933049 11.03 0.14
2458493.3934785 11.14 0.15
2458493.3936522 11.12 0.15
2458493.3943466 10.89 0.12
2458493.3945202 10.96 0.13
2458493.3946938 11.05 0.14
2458493.3948674 11.20 0.16
2458493.3950411 10.95 0.13
2458493.3953883 11.16 0.16
2458493.3955619 11.22 0.17
2458493.3959105 11.19 0.16
2458493.3964308 11.15 0.16
2458493.3966043 11.12 0.15
2458493.3971246 11.27 0.18
2458493.3978188 11.14 0.15
2458493.3981661 11.10 0.15
2458493.3983397 11.11 0.15
2458493.3985133 11.08 0.15
2458493.3990341 11.09 0.15
2458493.3995549 11.12 0.15
2458493.4004230 11.17 0.16
2458493.4005966 11.08 0.15
2458493.4007702 11.29 0.18
2458493.4009438 11.05 0.14
2458493.4016383 10.89 0.12
2458493.4018119 11.07 0.15
2458493.4019855 11.10 0.15
2458493.4026799 11.06 0.15
2458493.4037216 11.04 0.14
2458493.4044161 11.11 0.15
2458493.4045897 10.96 0.14
2458493.4052841 11.10 0.15
2458493.4056313 11.15 0.16
2458493.4058049 11.05 0.15
2458493.4059786 11.16 0.16
2458493.4061522 11.03 0.14
2458493.4064994 10.81 0.12
2458493.4068466 11.26 0.18
2458493.4075410 11.17 0.16
2458493.4106661 11.12 0.16
2458493.4108397 11.08 0.15
2458493.4113605 11.09 0.15
2458493.4115341 11.09 0.15
2458493.4117077 11.08 0.15
2458493.4118813 11.02 0.14
2458493.4122286 11.04 0.15
2458493.4143119 11.08 0.15
2458493.4148327 11.08 0.15
2458495.1814647 10.79 0.16
2458495.1830283 10.81 0.16
2458495.1993466 10.91 0.17
2458495.2052494 10.86 0.16
2458495.2151452 10.86 0.16
2458495.2174022 10.80 0.15
2458495.2323327 10.94 0.17
2458495.2503883 10.96 0.17
2458495.2542077 10.89 0.16
2458495.2604577 10.94 0.16
2458495.2621938 10.87 0.15
2458495.2674030 11.08 0.18
2458495.2713952 10.94 0.16
2458495.2719160 10.92 0.15
2458495.2739994 10.90 0.15
2458495.2816383 10.88 0.15
2458495.2842424 11.02 0.17
2458495.2863258 10.85 0.14
2458495.2873674 11.02 0.17
2458495.2875410 10.99 0.16
2458495.2894508 10.90 0.15
2458495.2951799 10.99 0.16
2458495.2970897 10.89 0.15
2458495.2996938 10.94 0.15
2458495.3017772 10.80 0.14
2458495.3038609 10.86 0.15
2458495.3045549 10.98 0.16
2458495.3052494 10.83 0.14
2458495.3055966 10.93 0.16
2458495.3064647 10.82 0.14
2458495.3069855 10.92 0.15
2458495.3085480 10.77 0.14
2458495.3088952 10.83 0.14
2458495.3090688 10.86 0.15
2458495.3099369 10.79 0.14
2458495.3111522 10.90 0.15
2458495.3113258 10.94 0.16
2458498.1660017 11.07 0.17
2458498.1679114 11.03 0.17
2458498.1680850 11.02 0.17
2458498.1706892 10.91 0.15
2458498.1720781 11.05 0.17
2458498.1724253 10.98 0.16
2458498.1752031 11.08 0.16
2458498.1753767 11.04 0.16
2458498.1778072 10.90 0.14
2458498.1786763 11.04 0.16
2458498.1805850 11.03 0.15
2458498.1828420 10.98 0.15
2458498.1833628 10.99 0.15
2458498.1835364 10.84 0.13
2458498.1847517 11.06 0.16
2458498.1849253 11.00 0.15
2458498.1854461 11.16 0.17
2458498.1856197 10.89 0.14
2458498.1882974 10.95 0.14
2458498.1908281 11.04 0.15
2458498.1929114 11.01 0.15
2458498.1932586 11.10 0.16
2458498.1944739 11.11 0.16
2458498.1965581 10.99 0.14
2458498.1969050 10.90 0.13
2458498.1982934 11.00 0.14
2458498.1986406 10.87 0.12
2458498.1989878 11.18 0.17
2458498.2003767 10.97 0.13
2458498.2005503 11.08 0.15
2458498.2007239 10.91 0.13
2458498.2008975 11.03 0.14
2458498.2010711 10.97 0.13
2458498.2012447 10.96 0.13
2458498.2014184 10.85 0.12
2458498.2021128 11.11 0.15
2458498.2026336 11.02 0.14
2458498.2031545 10.95 0.13
2458498.2033281 11.21 0.17
2458498.2035017 11.17 0.16
2458498.2041961 11.02 0.14
2458498.2048906 11.05 0.14
2458498.2050642 11.09 0.15
2458498.2059323 11.04 0.14
2458498.2068003 11.23 0.17
2458498.2069739 11.02 0.14
2458498.2071475 11.16 0.16
2458498.2073211 11.12 0.15
2458498.2078420 10.97 0.13
2458498.2085373 11.10 0.15
2458498.2087107 11.11 0.15
2458498.2092310 11.00 0.14
2458498.2094045 11.08 0.15
2458498.2104461 10.90 0.12
2458498.2106197 11.14 0.15
2458498.2107934 11.10 0.15
2458498.2116614 11.05 0.14
2458498.2123559 10.89 0.12
2458498.2125295 11.04 0.14
2458498.2127031 11.12 0.15
2458498.2128767 11.07 0.14
2458498.2135711 11.09 0.15
2458498.2139184 11.09 0.15
2458498.2140920 11.11 0.15
2458498.2146128 11.06 0.14
2458498.2147864 11.05 0.14
2458498.2151336 10.93 0.13
2458498.2161753 11.00 0.13
2458498.2163489 11.11 0.15
2458498.2165225 11.05 0.14
2458498.2168697 11.03 0.14
2458498.2173906 11.07 0.14
2458498.2175642 10.91 0.12
2458498.2177378 10.93 0.13
2458498.2184322 10.88 0.12
2458498.2186059 10.94 0.13
2458498.2187795 11.04 0.14
2458498.2189531 10.96 0.13
2458498.2198225 11.12 0.15
2458498.2201694 11.07 0.14
2458498.2203429 10.90 0.12
2458498.2205163 11.11 0.15
2458498.2206898 11.08 0.14
2458498.2212101 11.10 0.15
2458498.2213836 11.19 0.16
2458498.2219045 11.13 0.15
2458498.2220781 10.97 0.13
2458498.2224253 11.12 0.16
2458498.2227725 11.18 0.16
2458498.2231197 11.29 0.17
2458498.2234670 11.09 0.14
2458498.2238142 11.13 0.15
2458498.2239878 10.99 0.13
2458498.2241614 11.18 0.15
2458498.2243350 11.22 0.16
2458498.2246822 11.10 0.14
2458498.2252031 11.14 0.15
2458498.2257239 10.99 0.13
2458498.2260711 11.12 0.15
2458498.2264184 11.06 0.14
2458498.2272864 11.05 0.14
2458498.2274600 11.03 0.14
2458498.2276336 11.13 0.15
2458498.2281545 9.80 0.04
2458498.2286753 11.24 0.17
2458498.2288489 11.12 0.15
2458498.2290225 11.20 0.16
2458498.2291961 11.21 0.16
2458498.2293698 11.09 0.14
2458498.2304114 10.97 0.13
2458498.2305850 10.86 0.12
2458498.2312795 11.02 0.14
2458498.2314531 11.05 0.14
2458498.2316267 11.14 0.15
2458498.2323219 11.07 0.14
2458498.2324954 11.16 0.16
2458498.2326688 11.01 0.14
2458498.2328422 10.98 0.13
2458498.2330157 11.12 0.15
2458498.2335364 11.20 0.16
2458498.2344045 11.09 0.15
2458498.2345781 11.17 0.16
2458498.2347517 10.99 0.14
2458498.2350989 11.01 0.14
2458498.2352725 11.20 0.16
2458498.2354461 11.11 0.15
2458498.2356198 10.98 0.14
2458498.2363142 11.05 0.14
2458498.2378767 11.04 0.14
2458498.2382239 10.97 0.14
2458498.2383975 10.91 0.13
2458498.2389184 10.94 0.13
2458498.2394392 11.16 0.16
2458498.2396128 11.11 0.15
2458498.2401336 11.03 0.14
2458498.2403072 11.02 0.14
2458498.2404809 11.15 0.16
2458498.2406545 11.15 0.16
2458498.2411753 11.15 0.16
2458498.2413489 11.04 0.14
2458498.2420434 11.01 0.14
2458498.2427378 10.99 0.14
2458498.2429114 11.02 0.14
2458498.2430850 11.09 0.15
2458498.2432586 11.08 0.15
2458498.2434323 11.09 0.15
2458498.2436073 11.02 0.14
2458498.2439541 11.08 0.15
2458498.2446479 11.08 0.15
2458498.2448214 11.03 0.14
2458498.2451684 11.11 0.15
2458498.2453420 11.14 0.16
2458498.2463836 11.15 0.16
2458498.2470781 11.03 0.15
2458498.2472517 11.10 0.16
2458498.2474253 11.07 0.15
2458498.2477725 11.10 0.15
2458498.2479461 10.98 0.14
2458498.2491614 11.01 0.14
2458498.2498559 10.93 0.13
2458498.2500295 11.07 0.15
2458498.2507239 10.99 0.14
2458498.2508975 10.94 0.13
2458498.2515920 10.89 0.13
2458498.2519392 10.95 0.14
2458498.2535017 11.21 0.17
2458498.2536753 11.11 0.15
2458498.2541961 11.07 0.15
2458498.2554114 11.02 0.15
2458498.2557598 11.03 0.15
2458498.2561066 11.10 0.16
2458498.2566270 11.06 0.15
2458498.2569739 11.04 0.15
2458498.2571475 11.03 0.15
2458498.2592309 11.07 0.15
2458498.2609670 11.08 0.16
2458498.2611406 11.03 0.15
2458498.2613142 11.02 0.15
2458498.2614878 11.05 0.15
2458498.2618350 10.97 0.14
2458498.2621822 10.89 0.13
2458498.2628767 11.21 0.14
2458498.2632239 11.20 0.14
2458498.2635711 11.14 0.13
2458498.2637447 11.29 0.15
2458498.2642656 11.25 0.15
2458498.2644392 11.23 0.15
2458498.2646128 11.09 0.13
2458498.2647864 11.24 0.15
2458498.2654809 11.15 0.14
2458498.2660017 11.06 0.13
2458498.2665225 11.17 0.14
2458498.2666961 11.09 0.13
2458498.2673906 11.12 0.14
2458498.2675655 11.14 0.14
2458498.2677389 11.00 0.12
2458498.2679124 11.09 0.13
2458498.2680858 11.10 0.13
2458498.2684327 11.29 0.16
2458498.2686062 11.20 0.14
2458498.2689531 11.23 0.15
2458498.2691267 11.20 0.15
2458498.2693003 11.22 0.14
2458498.2694739 11.16 0.14
2458498.2699947 11.03 0.12
2458498.2701684 11.33 0.16
2458498.2705156 11.29 0.15
2458498.2708628 11.23 0.15
2458498.2710364 11.00 0.12
2458498.2712100 11.21 0.14
2458498.2715572 11.36 0.16
2458498.2717309 11.11 0.13
2458498.2719045 11.28 0.15
2458498.2720781 11.14 0.14
2458498.2722517 11.27 0.15
2458498.2725989 11.26 0.15
2458498.2727725 11.24 0.15
2458498.2729461 11.27 0.15
2458498.2732934 11.29 0.15
2458498.2734670 11.18 0.14
2458498.2736406 11.24 0.15
2458498.2739878 11.18 0.14
2458498.2741614 10.98 0.12
2458498.2743350 11.21 0.14
2458498.2746823 11.10 0.13
2458498.2748559 11.09 0.13
2458498.2752031 11.17 0.14
2458498.2755503 11.10 0.13
2458498.2757239 11.05 0.12
2458498.2764184 11.12 0.13
2458498.2765920 11.20 0.14
2458498.2767656 11.23 0.15
2458498.2769392 11.13 0.13
2458498.2774600 11.26 0.15
2458498.2776336 10.88 0.10
2458498.2778072 11.15 0.14
2458498.2779809 11.07 0.13
2458498.2781545 11.24 0.15
2458498.2783281 11.18 0.14
2458498.2786753 11.16 0.14
2458498.2788489 11.22 0.14
2458498.2793697 11.17 0.14
2458498.2795448 11.32 0.16
2458498.2798916 11.12 0.13
2458498.2802385 11.22 0.15
2458498.2805854 11.23 0.15
2458498.2807589 11.16 0.14
2458498.2811059 11.04 0.12
2458498.2812795 11.00 0.12
2458498.2814531 11.15 0.14
2458498.2818003 11.01 0.12
2458498.2821475 11.08 0.13
2458498.2828420 10.97 0.12
2458498.2830156 11.10 0.13
2458498.2835364 11.03 0.12
2458498.2840573 11.08 0.13
2458498.2842309 11.02 0.12
2458498.2844045 11.08 0.13
2458498.2847517 11.01 0.12
2458498.2849253 11.18 0.14
2458498.2852725 10.81 0.10
2458498.2859670 11.16 0.14
2458498.2861406 11.18 0.14
2458498.2866614 11.14 0.14
2458498.2868350 11.39 0.17
2458498.2870086 11.15 0.14
2458498.2871822 11.35 0.17
2458498.2873559 11.23 0.15
2458498.2875295 11.15 0.14
2458498.2877031 11.10 0.13
2458498.2880503 11.31 0.16
2458498.2882239 10.98 0.12
2458498.2883975 11.31 0.16
2458498.2885711 11.12 0.14
2458498.2887447 11.27 0.16
2458498.2890920 11.36 0.17
2458498.2892656 11.17 0.14
2458498.2894392 11.16 0.14
2458498.2896128 11.19 0.14
2458498.2897864 11.09 0.13
2458498.2899600 11.12 0.13
2458498.2901336 11.16 0.14
2458498.2903073 11.23 0.15
2458498.2906545 11.08 0.13
2458498.2910017 11.25 0.15
2458498.2911753 10.97 0.12
2458498.2913489 10.99 0.12
2458498.2915239 11.18 0.14
2458498.2918708 11.08 0.13
2458498.2920443 11.09 0.13
2458498.2922177 11.02 0.12
2458498.2923912 11.24 0.15
2458498.2925646 11.11 0.14
2458498.2927381 11.04 0.13
2458498.2929115 11.04 0.13
2458498.2932586 11.26 0.16
2458498.2946475 10.99 0.13
2458498.2948211 11.14 0.14
2458498.2953420 11.21 0.15
2458498.2955156 11.16 0.14
2458498.2960364 11.10 0.14
2458498.2962100 11.35 0.17
2458498.2967309 11.09 0.13
2458498.2969045 11.13 0.14
2458498.2979461 11.08 0.13
2458498.2991614 11.09 0.13
2458498.2995086 10.89 0.11
2458498.2996823 10.94 0.12
2458498.2998559 10.97 0.12
2458498.3003767 11.06 0.13
2458498.3005503 11.25 0.15
2458498.3007239 11.20 0.15
2458498.3014184 11.08 0.13
2458498.3019392 11.08 0.13
2458498.3021128 11.19 0.14
2458498.3022864 11.18 0.14
2458498.3024600 11.28 0.16
2458498.3026336 11.15 0.14
2458498.3028072 11.09 0.13
2458498.3029809 11.30 0.16
2458498.3031545 11.26 0.16
2458498.3033281 11.19 0.14
2458498.3035017 11.07 0.13
2458498.3036766 11.24 0.15
2458498.3040235 11.25 0.15
2458498.3041969 11.11 0.13
2458498.3045438 11.09 0.13
2458498.3047172 11.21 0.14
2458498.3052378 11.18 0.14
2458498.3054114 10.91 0.11
2458498.3055850 11.14 0.14
2458498.3059323 11.14 0.14
2458498.3062795 11.13 0.14
2458498.3066267 11.03 0.13
2458498.3068003 11.04 0.13
2458498.3071475 11.12 0.14
2458498.3073211 10.98 0.12
2458498.3076684 11.05 0.13
2458498.3080156 11.10 0.13
2458498.3085364 11.04 0.13
2458498.3087100 11.29 0.16
2458498.3088836 11.17 0.14
2458498.3090572 11.16 0.14
2458498.3092309 11.12 0.14
2458498.3094045 11.06 0.13
2458498.3095781 11.11 0.14
2458498.3097517 11.23 0.15
2458498.3099253 11.15 0.14
2458498.3102725 11.11 0.14
2458498.3104461 11.14 0.14
2458498.3107934 11.01 0.13
2458498.3109670 10.91 0.12
2458498.3114878 11.06 0.13
2458498.3120086 11.09 0.14
2458498.3123559 11.08 0.13
2458498.3125295 11.06 0.13
2458498.3127031 11.12 0.14
2458498.3128767 10.83 0.11
2458498.3130503 11.13 0.14
2458498.3133975 11.03 0.13
2458498.3135711 11.22 0.15
2458498.3139184 11.02 0.13
2458498.3142656 11.28 0.16
2458498.3144392 11.14 0.14
2458498.3146128 11.17 0.15
2458498.3151336 11.11 0.14
2458498.3153073 11.20 0.15
2458498.3154809 11.07 0.13
2458498.3156558 11.18 0.15
2458498.3158292 11.18 0.15
2458498.3160027 11.12 0.14
2458498.3163496 11.03 0.13
2458498.3165230 10.98 0.12
2458498.3170434 11.13 0.14
2458498.3173906 10.91 0.12
2458498.3179114 11.12 0.14
2458498.3180850 10.96 0.12
2458500.2347285 10.88 0.15
2458500.2411522 10.97 0.16
2458500.2427147 10.99 0.16
2458500.2446255 11.11 0.18
2458500.2449724 10.99 0.16
2458500.2453193 11.01 0.16
2458500.2467077 11.04 0.16
2458500.2470549 10.83 0.13
2458500.2474022 10.98 0.15
2458500.2477494 10.93 0.15
2458500.2480966 10.84 0.13
2458500.2491383 11.01 0.16
2458500.2515688 10.85 0.14
2458500.2572984 10.95 0.15
2458500.2595549 10.98 0.15
2458500.2599022 10.94 0.15
2458500.2602494 11.08 0.16
2458500.2607702 11.07 0.16
2458500.2625063 11.02 0.15
2458500.2626799 11.10 0.16
2458500.2666730 11.17 0.17
2458500.2670202 10.87 0.13
2458500.2720549 11.01 0.15
2458500.2727494 11.00 0.15
2458500.2758744 10.94 0.14
2458500.2767424 11.16 0.17
2458500.2776105 11.19 0.17
2458500.2777841 10.92 0.14
2458500.2783049 11.02 0.15
2458500.2786522 10.93 0.14
2458500.2795202 10.91 0.13
2458500.2883744 11.11 0.16
2458500.2885480 11.17 0.17
2458500.2894160 11.05 0.15
2458500.2899369 11.02 0.15
2458500.2916730 10.97 0.14
2458500.2920202 11.10 0.15
2458500.2921938 10.97 0.13
2458500.2927157 11.10 0.15
2458500.2930626 11.10 0.15
2458500.2932360 11.15 0.15
2458500.2934095 11.09 0.15