2458467.3724070 10.58 0.10
2458467.3725806 10.49 0.09
2458467.3755332 10.55 0.10
2458467.3777889 10.64 0.11
2458467.3790042 10.76 0.12
2458467.3842125 10.60 0.10
2458467.3882061 10.47 0.09
2458467.3996649 10.41 0.09
2458467.4078236 10.57 0.10
2458467.4107750 10.43 0.09
2458467.4119908 10.39 0.09
2458467.4139000 10.51 0.10
2458467.4170250 10.45 0.09
2458469.3667865 10.59 0.07
2458469.3670135 10.56 0.07
2458469.3671871 10.68 0.08
2458469.3673607 10.68 0.08
2458469.3675343 10.64 0.08
2458469.3677079 10.65 0.08
2458469.3678815 10.63 0.08
2458469.3680551 10.62 0.08
2458469.3682287 10.61 0.07
2458469.3684023 10.55 0.07
2458469.3685760 10.58 0.07
2458469.3687496 10.66 0.08
2458469.3689232 10.62 0.08
2458469.3690968 10.61 0.08
2458469.3692704 10.68 0.08
2458469.3694440 10.52 0.07
2458469.3696176 10.61 0.07
2458469.3697912 10.49 0.07
2458469.3699648 10.72 0.08
2458469.3701384 10.56 0.07
2458469.3703121 10.60 0.07
2458469.3704857 10.50 0.07
2458469.3706593 10.59 0.07
2458469.3708329 10.60 0.08
2458469.3710065 10.61 0.07
2458469.3711801 10.57 0.07
2458469.3713537 10.47 0.06
2458469.3715273 10.62 0.08
2458469.3717009 10.43 0.06
2458469.3718746 10.48 0.07
2458469.3720482 10.67 0.08
2458469.3722218 10.57 0.07
2458469.3723954 10.51 0.07
2458469.3725690 10.58 0.07
2458469.3727426 10.54 0.07
2458469.3729162 10.65 0.08
2458469.3730898 10.63 0.08
2458469.3732635 10.59 0.07
2458469.3734371 10.62 0.08
2458469.3736107 10.56 0.07
2458469.3737843 10.64 0.08
2458469.3739579 10.66 0.08
2458469.3741315 10.55 0.07
2458469.3743051 10.52 0.07
2458469.3744787 10.54 0.07
2458469.3746524 10.63 0.08
2458469.3748260 10.66 0.08
2458469.3749996 10.52 0.07
2458469.3751732 10.68 0.08
2458469.3753468 10.55 0.07
2458469.3755204 10.63 0.08
2458469.3756940 10.59 0.07
2458469.3758676 10.69 0.08
2458469.3760425 10.60 0.07
2458469.3762159 10.60 0.07
2458469.3763894 10.59 0.07
2458469.3765628 10.59 0.07
2458469.3767363 10.58 0.07
2458469.3769097 10.62 0.07
2458469.3770832 10.63 0.07
2458469.3772566 10.55 0.07
2458469.3774301 10.56 0.07
2458469.3776037 10.71 0.08
2458469.3777773 10.62 0.08
2458469.3779510 10.59 0.07
2458469.3781246 10.46 0.06
2458469.3782982 10.67 0.08
2458469.3784718 10.56 0.07
2458469.3786454 10.54 0.07
2458488.3049371 10.54 0.09
2458488.3051107 10.52 0.09
2458488.3061524 10.67 0.10
2458488.3063260 10.60 0.09
2458488.3064996 10.62 0.09
2458488.3066732 10.71 0.10
2458488.3070205 10.41 0.08
2458488.3077149 10.58 0.09
2458488.3087566 10.54 0.09
2458488.3092788 10.66 0.10
2458488.3099726 10.55 0.09
2458488.3101460 10.46 0.08
2458488.3103194 10.67 0.10
2458488.3108399 10.65 0.10
2458488.3117080 10.65 0.10
2458488.3118816 10.49 0.09
2458488.3120552 10.67 0.10
2458488.3127496 10.69 0.10
2458488.3130969 10.61 0.10
2458488.3132705 10.46 0.08
2458488.3134441 10.61 0.10
2458488.3136177 10.57 0.09
2458488.3143121 10.49 0.09
2458488.3144857 10.71 0.11
2458488.3157010 10.45 0.08
2458488.3165691 10.55 0.09
2458488.3172635 10.69 0.11
2458488.3179580 10.58 0.10
2458488.3186524 10.65 0.10
2458488.3188260 10.53 0.09
2458488.3231663 10.46 0.09
2458488.3235135 10.69 0.11
2458488.3526802 10.52 0.10
2458488.3530274 10.69 0.11
2458488.3533746 10.65 0.11
2458488.3545899 10.49 0.09
2458488.3639649 10.50 0.09
2458488.3690010 10.66 0.11
2458488.3714302 10.80 0.13
2458493.2519739 10.51 0.08
2458493.2521475 10.68 0.10
2458493.2524947 10.54 0.09
2458493.2526684 10.60 0.09
2458493.2528420 10.52 0.08
2458493.2530156 10.65 0.10
2458493.2531892 10.50 0.08
2458493.2535364 10.61 0.09
2458493.2537100 10.73 0.10
2458493.2540586 10.57 0.09
2458493.2542320 10.50 0.08
2458493.2544055 10.76 0.11
2458493.2547524 10.56 0.09
2458493.2549258 10.72 0.10
2458493.2550993 10.68 0.10
2458493.2552727 10.61 0.09
2458493.2554461 10.62 0.09
2458493.2557934 10.54 0.09
2458493.2559670 10.48 0.08
2458493.2563142 10.56 0.09
2458493.2564878 10.47 0.08
2458493.2566614 10.54 0.08
2458493.2568350 10.52 0.08
2458493.2570086 10.80 0.11
2458493.2575295 10.75 0.10
2458493.2577031 10.52 0.08
2458493.2578767 10.57 0.09
2458493.2582239 10.58 0.09
2458493.2583975 10.61 0.09
2458493.2585711 10.60 0.09
2458493.2587447 10.60 0.09
2458493.2589184 10.87 0.12
2458493.2590920 10.61 0.09
2458493.2592656 10.53 0.09
2458493.2596128 10.61 0.09
2458493.2597864 10.62 0.09
2458493.2599600 10.68 0.10
2458493.2601336 10.63 0.09
2458493.2603072 10.53 0.08
2458493.2610017 10.80 0.11
2458493.2613489 10.64 0.09
2458493.2616961 10.70 0.10
2458493.2620434 10.68 0.10
2458493.2622170 10.68 0.10
2458493.2623906 10.67 0.09
2458493.2627378 10.70 0.10
2458493.2629114 10.53 0.08
2458493.2630850 10.77 0.11
2458493.2634323 10.70 0.10
2458493.2636059 10.60 0.09
2458493.2639531 10.55 0.09
2458493.2641267 10.66 0.10
2458493.2644739 10.59 0.09
2458493.2646475 10.69 0.10
2458493.2648211 10.52 0.08
2458493.2649948 10.72 0.10
2458493.2651684 10.55 0.09
2458493.2653420 10.67 0.10
2458493.2655156 10.78 0.11
2458493.2658628 10.75 0.10
2458493.2660378 10.56 0.09
2458493.2663847 10.50 0.08
2458493.2667316 10.57 0.09
2458493.2669050 10.68 0.10
2458493.2670784 10.58 0.09
2458493.2672519 10.90 0.12
2458493.2674253 10.61 0.09
2458493.2677725 10.58 0.09
2458493.2681197 10.68 0.10
2458493.2686406 10.66 0.09
2458493.2688142 10.58 0.09
2458493.2689878 10.76 0.10
2458493.2691614 10.73 0.10
2458493.2693350 10.58 0.09
2458493.2695086 10.67 0.10
2458493.2696822 10.72 0.10
2458493.2698559 10.64 0.09
2458493.2700295 10.59 0.09
2458493.2702031 10.62 0.09
2458493.2705503 10.50 0.08
2458493.2707239 10.62 0.09
2458493.2710711 10.60 0.09
2458493.2714184 10.57 0.09
2458493.2715920 10.50 0.08
2458493.2717656 10.67 0.10
2458493.2719392 10.72 0.10
2458493.2721128 10.59 0.09
2458493.2722864 10.76 0.10
2458493.2724600 10.59 0.09
2458493.2726336 10.61 0.09
2458493.2728073 10.68 0.10
2458493.2729809 10.64 0.09
2458493.2735017 10.53 0.08
2458493.2736753 10.63 0.09
2458493.2738489 10.68 0.10
2458493.2740225 10.76 0.10
2458493.2741961 10.51 0.08
2458493.2743697 10.62 0.09
2458493.2745434 10.77 0.11
2458493.2748906 10.58 0.09
2458493.2752378 10.74 0.10
2458493.2754114 10.73 0.10
2458493.2757586 10.64 0.09
2458493.2759322 10.59 0.09
2458493.2762795 10.70 0.10
2458493.2764531 10.64 0.09
2458493.2766267 10.69 0.10
2458493.2768003 10.52 0.08
2458493.2769739 10.60 0.09
2458493.2771475 10.59 0.09
2458493.2773211 10.61 0.09
2458493.2774947 10.72 0.10
2458493.2776684 10.62 0.09
2458493.2778420 10.79 0.11
2458493.2781904 10.71 0.10
2458493.2783638 10.70 0.10
2458493.2787107 10.60 0.09
2458493.2788841 10.56 0.09
2458493.2790576 10.61 0.09
2458493.2794045 10.55 0.08
2458493.2795781 10.58 0.09
2458493.2799253 10.71 0.10
2458493.2800989 10.72 0.10
2458493.2802725 10.51 0.08
2458493.2804461 10.51 0.08
2458493.2806198 10.50 0.08
2458493.2809670 10.68 0.10
2458493.2813142 10.64 0.09
2458493.2814878 10.46 0.08
2458493.2816614 10.60 0.09
2458493.2818350 10.59 0.09
2458493.2821822 10.64 0.09
2458493.2825295 10.57 0.09
2458493.2827031 10.75 0.10
2458493.2828767 10.56 0.09
2458493.2837447 10.69 0.10
2458493.2839184 10.58 0.09
2458493.2840920 10.65 0.10
2458493.2844392 10.59 0.09
2458493.2846128 10.48 0.08
2458493.2847864 10.60 0.09
2458493.2849600 10.57 0.09
2458493.2851336 10.67 0.10
2458493.2854809 10.67 0.10
2458493.2856545 10.53 0.08
2458493.2861753 10.67 0.10
2458493.2863489 10.54 0.09
2458493.2866961 10.60 0.09
2458493.2873906 10.71 0.10
2458493.2889531 10.49 0.08
2458493.2891267 10.60 0.09
2458493.2894739 10.52 0.08
2458493.2901695 10.61 0.09
2458493.2903429 10.59 0.09
2458493.2905164 10.54 0.09
2458493.2908633 10.62 0.09
2458493.2910367 10.53 0.08
2458493.2912102 10.62 0.09
2458493.2913836 10.54 0.09
2458493.2919045 10.49 0.08
2458493.2920781 10.51 0.08
2458493.2922517 10.71 0.10
2458493.2924253 10.59 0.09
2458493.2929461 10.65 0.09
2458493.2932934 10.63 0.09
2458493.2934670 10.57 0.09
2458493.2936406 10.50 0.08
2458493.2938142 10.58 0.09
2458493.2939878 10.59 0.09
2458493.2941614 10.53 0.09
2458493.2943350 10.49 0.08
2458493.2945086 10.52 0.08
2458493.2948559 10.75 0.10
2458493.2950295 10.55 0.09
2458493.2957239 10.63 0.09
2458493.2960711 10.56 0.09
2458493.2964184 10.58 0.09
2458493.2971128 10.58 0.09
2458493.2972864 10.51 0.08
2458493.2974600 10.52 0.08
2458493.2981545 10.60 0.09
2458493.2983281 10.61 0.09
2458493.2985017 10.57 0.09
2458493.2986753 10.54 0.09
2458493.2988489 10.68 0.10
2458493.2995434 10.57 0.09
2458493.2998906 10.41 0.08
2458493.3023327 10.56 0.09
2458493.3026799 10.58 0.09
2458493.3028536 10.53 0.09
2458493.3030272 10.66 0.10
2458493.3038952 10.68 0.10
2458493.3040688 10.62 0.09
2458493.3042424 10.58 0.09
2458493.3047633 10.60 0.09
2458493.3059785 10.66 0.10
2458493.3064994 10.56 0.09
2458493.3068466 10.48 0.08
2458493.3070202 10.55 0.09
2458493.3073674 10.48 0.08
2458493.3080619 10.51 0.08
2458493.3082355 10.64 0.09
2458493.3084091 10.69 0.10
2458493.3085827 10.68 0.10
2458493.3087563 10.65 0.09
2458493.3092772 10.64 0.09
2458493.3096244 10.65 0.09
2458493.3099716 10.62 0.09
2458493.3103188 10.45 0.08
2458493.3106661 10.59 0.09
2458493.3108397 10.53 0.08
2458493.3110133 10.71 0.10
2458493.3113605 10.58 0.09
2458493.3118813 10.55 0.09
2458493.3120549 10.51 0.08
2458493.3122298 10.72 0.10
2458493.3124033 10.68 0.09
2458493.3129236 10.53 0.08
2458493.3130971 10.67 0.10
2458493.3132705 10.53 0.08
2458493.3137910 10.48 0.08
2458493.3139647 10.46 0.08
2458493.3141383 10.53 0.08
2458493.3143119 10.66 0.09
2458493.3148327 10.63 0.09
2458493.3151799 10.65 0.09
2458493.3153535 10.57 0.09
2458493.3157008 10.65 0.09
2458493.3158744 10.53 0.08
2458493.3163952 10.70 0.10
2458493.3165688 10.51 0.08
2458493.3167424 10.64 0.09
2458493.3169161 10.63 0.09
2458493.3170897 10.62 0.09
2458493.3172633 10.73 0.10
2458493.3174369 10.50 0.08
2458493.3176105 10.62 0.09
2458493.3177841 10.54 0.08
2458493.3179577 10.57 0.09
2458493.3181313 10.61 0.09
2458493.3183049 10.57 0.09
2458493.3184786 10.66 0.09
2458493.3186522 10.59 0.09
2458493.3188258 10.57 0.09
2458493.3189994 10.58 0.09
2458493.3191730 10.58 0.09
2458493.3196938 10.51 0.08
2458493.3198674 10.51 0.08
2458493.3200411 10.58 0.09
2458493.3202147 10.70 0.10
2458493.3203883 10.57 0.09
2458493.3205619 10.62 0.09
2458493.3207355 10.49 0.08
2458493.3209091 10.70 0.10
2458493.3210827 10.66 0.09
2458493.3216035 10.65 0.09
2458493.3217772 10.69 0.10
2458493.3219508 10.53 0.08
2458493.3226452 10.57 0.09
2458493.3228188 10.51 0.08
2458493.3231662 10.47 0.08
2458493.3233397 10.56 0.08
2458493.3236869 10.68 0.09
2458493.3240341 10.52 0.08
2458493.3242090 10.73 0.10
2458493.3243824 10.55 0.08
2458493.3245559 10.52 0.08
2458493.3249028 10.63 0.09
2458493.3250762 10.59 0.09
2458493.3252497 10.67 0.09
2458493.3255966 10.64 0.09
2458493.3257702 10.61 0.09
2458493.3261174 10.58 0.09
2458493.3262911 10.75 0.10
2458493.3264647 10.42 0.07
2458493.3266383 10.67 0.09
2458493.3268119 10.59 0.09
2458493.3269855 10.73 0.10
2458493.3271591 10.65 0.09
2458493.3276799 10.60 0.09
2458493.3278536 10.57 0.09
2458493.3280272 10.45 0.08
2458493.3282008 10.55 0.08
2458493.3283744 10.63 0.09
2458493.3285480 10.45 0.08
2458493.3287216 10.54 0.08
2458493.3288952 10.57 0.09
2458493.3290688 10.43 0.08
2458493.3292430 10.59 0.09
2458493.3295897 10.59 0.09
2458493.3297633 10.47 0.08
2458493.3299369 10.56 0.08
2458493.3302841 10.63 0.09
2458493.3304577 10.57 0.08
2458493.3306313 10.55 0.08
2458493.3308049 10.62 0.09
2458493.3311522 10.38 0.07
2458493.3313258 10.64 0.09
2458493.3314994 10.62 0.09
2458493.3321938 10.66 0.09
2458493.3323674 10.60 0.09
2458493.3325411 10.55 0.08
2458493.3327147 10.54 0.08
2458493.3328883 10.62 0.09
2458493.3330619 10.58 0.09
2458493.3332355 10.59 0.09
2458493.3334091 10.51 0.08
2458493.3335827 10.56 0.09
2458493.3337563 10.65 0.09
2458493.3339299 10.56 0.08
2458493.3341036 10.65 0.09
2458493.3342772 10.58 0.09
2458493.3344508 10.59 0.09
2458493.3346244 10.61 0.09
2458493.3349716 10.52 0.08
2458493.3351452 10.50 0.08
2458493.3353188 10.57 0.09
2458493.3358397 10.52 0.08
2458493.3363616 10.52 0.08
2458493.3365351 10.64 0.09
2458493.3367085 10.44 0.08
2458493.3372288 10.62 0.09
2458493.3374023 10.47 0.08
2458493.3375758 10.53 0.08
2458493.3377494 10.59 0.09
2458493.3379230 10.67 0.09
2458493.3380966 10.64 0.09
2458493.3382702 10.56 0.09
2458493.3386174 10.69 0.10
2458493.3387910 10.54 0.08
2458493.3389647 10.66 0.09
2458493.3391383 10.50 0.08
2458493.3393119 10.49 0.08
2458493.3394855 10.59 0.09
2458493.3396591 10.74 0.10
2458493.3398327 10.59 0.09
2458493.3401799 10.58 0.09
2458493.3405272 10.56 0.09
2458493.3407008 10.57 0.09
2458493.3408744 10.61 0.09
2458493.3410480 10.65 0.09
2458493.3412216 10.55 0.09
2458493.3415688 10.52 0.08
2458493.3417424 10.58 0.09
2458493.3419161 10.68 0.10
2458493.3420897 10.64 0.09
2458493.3422633 10.55 0.08
2458493.3424369 10.47 0.08
2458493.3429577 10.56 0.09
2458493.3431313 10.66 0.09
2458493.3433049 10.70 0.10
2458493.3434786 10.57 0.09
2458493.3438258 10.67 0.10
2458493.3439994 10.64 0.09
2458493.3445202 10.65 0.09
2458493.3448674 10.60 0.09
2458493.3452147 10.57 0.09
2458493.3453883 10.45 0.08
2458493.3455619 10.58 0.09
2458493.3459091 10.68 0.10
2458493.3469508 10.57 0.09
2458493.3471244 10.68 0.10
2458493.3478188 10.71 0.10
2458493.3479924 10.45 0.08
2458493.3486876 10.60 0.09
2458493.3488611 10.70 0.10
2458493.3492080 10.58 0.09
2458493.3495549 10.62 0.09
2458493.3497286 10.65 0.09
2458493.3499022 10.61 0.09
2458493.3500758 10.60 0.09
2458493.3502494 10.84 0.11
2458493.3504230 10.50 0.08
2458493.3507702 10.59 0.09
2458493.3509438 10.64 0.09
2458493.3511174 10.62 0.09
2458493.3512911 10.60 0.09
2458493.3514647 10.71 0.10
2458493.3516383 10.53 0.08
2458493.3518119 10.60 0.09
2458493.3519855 10.58 0.09
2458493.3521591 10.70 0.10
2458493.3523327 10.59 0.09
2458493.3525063 10.61 0.09
2458493.3526799 10.66 0.09
2458493.3528535 10.47 0.08
2458493.3530272 10.63 0.09
2458493.3533744 10.58 0.09
2458493.3537216 10.57 0.09
2458493.3538952 10.62 0.09
2458493.3540688 10.44 0.08
2458493.3542424 10.58 0.09
2458493.3545897 10.49 0.08
2458493.3549369 10.48 0.08
2458493.3551105 10.65 0.09
2458493.3552841 10.75 0.10
2458493.3554577 10.73 0.10
2458493.3556313 10.74 0.10
2458493.3558049 10.57 0.09
2458493.3559786 10.54 0.08
2458493.3561522 10.57 0.09
2458493.3563258 10.48 0.08
2458493.3564994 10.58 0.09
2458493.3566730 10.54 0.08
2458493.3568466 10.58 0.09
2458493.3570202 10.60 0.09
2458493.3571938 10.67 0.09
2458493.3573674 10.79 0.11
2458493.3575411 10.59 0.09
2458493.3577147 10.50 0.08
2458493.3578883 10.46 0.08
2458493.3580619 10.54 0.08
2458493.3582355 10.58 0.09
2458493.3584091 10.56 0.09
2458493.3585827 10.57 0.09
2458493.3587563 10.58 0.09
2458493.3589299 10.65 0.09
2458493.3591036 10.54 0.08
2458493.3592772 10.66 0.09
2458493.3594508 10.62 0.09
2458493.3596244 10.61 0.09
2458493.3597980 10.60 0.09
2458493.3599716 10.69 0.10
2458493.3601465 10.69 0.10
2458493.3603199 10.63 0.09
2458493.3604934 10.62 0.09
2458493.3606668 10.68 0.10
2458493.3608403 10.54 0.08
2458493.3610137 10.50 0.08
2458493.3611871 10.55 0.09
2458493.3613606 10.61 0.09
2458493.3615341 10.56 0.09
2458493.3617077 10.53 0.08
2458493.3618813 10.66 0.10
2458493.3620549 10.60 0.09
2458493.3622285 10.45 0.08
2458493.3624022 10.51 0.08
2458493.3627494 10.54 0.08
2458493.3632702 10.60 0.09
2458493.3634438 10.71 0.10
2458493.3636174 10.69 0.10
2458493.3637911 10.56 0.09
2458493.3639647 10.59 0.09
2458493.3641383 10.65 0.09
2458493.3643119 10.48 0.08
2458493.3644855 10.63 0.09
2458493.3646591 10.50 0.08
2458493.3648327 10.63 0.09
2458493.3650063 10.46 0.08
2458493.3651799 10.64 0.09
2458493.3653536 10.60 0.09
2458493.3655272 10.61 0.09
2458493.3657008 10.57 0.09
2458493.3658744 10.75 0.10
2458493.3660480 10.66 0.09
2458493.3662216 10.55 0.09
2458493.3663952 10.56 0.09
2458493.3665688 10.69 0.10
2458493.3667424 10.67 0.09
2458493.3669161 10.60 0.09
2458493.3670897 10.55 0.09
2458493.3674369 10.78 0.11
2458493.3676105 10.57 0.09
2458493.3677841 10.69 0.10
2458493.3681313 10.65 0.09
2458493.3683049 10.63 0.09
2458493.3684785 10.50 0.08
2458493.3686522 10.63 0.09
2458493.3688258 10.48 0.08
2458493.3691730 10.62 0.09
2458493.3693466 10.61 0.09
2458493.3696938 10.73 0.10
2458493.3702147 10.71 0.10
2458493.3705619 10.57 0.09
2458493.3707355 10.55 0.09
2458493.3709091 10.54 0.09
2458493.3710827 10.47 0.08
2458493.3712563 10.61 0.09
2458493.3716036 10.77 0.11
2458493.3717772 10.51 0.08
2458493.3719508 10.48 0.08
2458493.3721257 10.53 0.08
2458493.3722991 10.60 0.09
2458493.3724725 10.59 0.09
2458493.3726460 10.53 0.08
2458493.3729928 10.53 0.08
2458493.3731663 10.69 0.10
2458493.3735133 10.50 0.08
2458493.3738605 10.66 0.09
2458493.3742077 10.53 0.08
2458493.3743813 10.70 0.10
2458493.3745549 10.48 0.08
2458493.3747286 10.73 0.10
2458493.3749022 10.45 0.08
2458493.3750758 10.53 0.08
2458493.3752494 10.51 0.08
2458493.3754230 10.62 0.09
2458493.3755966 10.62 0.09
2458493.3759438 10.41 0.08
2458493.3761174 10.54 0.09
2458493.3762910 10.44 0.08
2458493.3764647 10.60 0.09
2458493.3766383 10.55 0.09
2458493.3768119 10.60 0.09
2458493.3769855 10.65 0.10
2458493.3773327 10.53 0.08
2458493.3775063 10.61 0.09
2458493.3776799 10.66 0.10
2458493.3780272 10.52 0.08
2458493.3782008 10.53 0.08
2458493.3783744 10.58 0.09
2458493.3785480 10.55 0.09
2458493.3787216 10.56 0.09
2458493.3788952 10.61 0.09
2458493.3790688 10.58 0.09
2458493.3792424 10.66 0.10
2458493.3794161 10.60 0.09
2458493.3795897 10.49 0.08
2458493.3799369 10.64 0.09
2458493.3801105 10.62 0.09
2458493.3804577 10.76 0.11
2458493.3806313 10.54 0.09
2458493.3808049 10.57 0.09
2458493.3809786 10.56 0.09
2458493.3811522 10.48 0.08
2458493.3816730 10.50 0.08
2458493.3818466 10.56 0.09
2458493.3820202 10.62 0.09
2458493.3821938 10.54 0.09
2458493.3825411 10.44 0.08
2458493.3828883 10.55 0.09
2458493.3832355 10.77 0.11
2458493.3834091 10.60 0.09
2458493.3835827 10.69 0.10
2458493.3839313 10.62 0.09
2458493.3841048 10.51 0.09
2458493.3842782 10.47 0.08
2458493.3844517 10.62 0.09
2458493.3846251 10.51 0.09
2458493.3849720 10.51 0.09
2458493.3853189 10.44 0.08
2458493.3856660 10.45 0.08
2458493.3858397 10.60 0.09
2458493.3861869 10.58 0.09
2458493.3863605 10.63 0.10
2458493.3868813 10.60 0.09
2458493.3877494 10.61 0.09
2458493.3879230 10.54 0.09
2458493.3882702 10.65 0.10
2458493.3884438 10.59 0.09
2458493.3887911 10.49 0.08
2458493.3889647 10.68 0.10
2458493.3891383 10.55 0.09
2458493.3900063 10.66 0.10
2458493.3901799 10.60 0.09
2458493.3903536 10.70 0.10
2458493.3907008 10.65 0.10
2458493.3908744 10.66 0.10
2458493.3912216 10.52 0.09
2458493.3915688 10.52 0.09
2458493.3920897 10.63 0.10
2458493.3926105 10.50 0.09
2458493.3927841 10.58 0.09
2458493.3929577 10.55 0.09
2458493.3931313 10.47 0.08
2458493.3934785 10.58 0.09
2458493.3938258 10.62 0.10
2458493.3939994 10.68 0.10
2458493.3941730 10.63 0.10
2458493.3948674 10.51 0.09
2458493.3952147 10.54 0.09
2458493.3953883 10.53 0.09
2458493.3957355 10.56 0.09
2458493.3959105 10.65 0.10
2458493.3960839 10.53 0.09
2458493.3962574 10.55 0.09
2458493.3966043 10.61 0.10
2458493.3967777 10.55 0.09
2458493.3969511 10.48 0.08
2458493.3974716 10.41 0.08
2458493.3978188 10.50 0.09
2458493.3981661 10.60 0.09
2458493.3985133 10.59 0.09
2458493.3990341 10.53 0.09
2458493.3992077 10.54 0.09
2458493.3997285 10.48 0.09
2458493.3999022 10.54 0.09
2458493.4000758 10.62 0.10
2458493.4004230 10.57 0.09
2458493.4009438 10.49 0.09
2458493.4012910 10.40 0.08
2458493.4014647 10.64 0.10
2458493.4016383 10.67 0.10
2458493.4023327 10.44 0.08
2458493.4026799 10.54 0.09
2458493.4030272 10.57 0.09
2458493.4033744 10.57 0.09
2458493.4035480 10.81 0.12
2458493.4037216 10.69 0.10
2458493.4038952 10.63 0.10
2458493.4049369 10.64 0.10
2458493.4054577 10.58 0.09
2458493.4056313 10.68 0.10
2458493.4058049 10.60 0.10
2458493.4061522 10.46 0.08
2458493.4063258 10.58 0.09
2458493.4068466 10.57 0.09
2458493.4071938 10.55 0.09
2458493.4075410 10.45 0.08
2458493.4084099 10.51 0.09
2458493.4089302 10.61 0.10
2458493.4091037 10.66 0.10
2458493.4092772 10.54 0.09
2458493.4094508 10.42 0.08
2458493.4097980 10.76 0.11
2458493.4101452 10.57 0.09
2458493.4103188 10.48 0.09
2458493.4113605 10.57 0.09
2458493.4117077 10.42 0.08
2458493.4118813 10.45 0.09
2458493.4120549 10.49 0.09
2458493.4132702 10.50 0.09
2458493.4136174 10.49 0.09
2458493.4137911 10.52 0.09
2458493.4139647 10.58 0.10
2458493.4144855 10.70 0.11
2458493.4151799 10.55 0.10
2458493.4155272 10.44 0.09
2458494.3456892 10.68 0.14
2458494.3460364 10.49 0.12
2458494.3467309 10.53 0.12
2458494.3484670 10.53 0.12
2458495.1564647 10.31 0.11
2458495.1566383 10.59 0.14
2458495.1580272 10.35 0.11
2458495.1582008 10.61 0.14
2458495.1587230 10.48 0.13
2458495.1588964 10.67 0.15
2458495.1592433 10.47 0.13
2458495.1762563 10.56 0.13
2458495.1767772 10.57 0.13
2458495.1774716 10.62 0.14
2458495.1779924 10.46 0.12
2458495.1790341 10.53 0.13
2458495.1911869 10.47 0.12
2458495.1925758 10.75 0.15
2458495.1936174 10.47 0.12
2458495.2113258 10.65 0.14
2458495.2172285 10.70 0.14
2458495.2219161 10.47 0.11
2458495.2349369 10.54 0.12
2458495.2441383 10.71 0.14
2458495.2450063 10.60 0.12
2458495.2476105 10.61 0.12
2458495.2535133 10.57 0.12
2458495.2549034 10.59 0.12
2458495.2569855 10.70 0.13
2458495.2592424 10.56 0.11
2458495.2594161 10.70 0.13
2458495.2599369 10.70 0.13
2458495.2613258 10.68 0.13
2458495.2620202 10.71 0.13
2458495.2628883 10.55 0.11
2458495.2634091 10.72 0.13
2458495.2701799 10.72 0.13
2458495.2719160 10.69 0.13
2458495.2766036 10.67 0.13
2458495.2767772 10.62 0.12
2458495.2799025 10.75 0.13
2458495.2805966 10.57 0.11
2458495.2844161 10.54 0.11
2458495.2866730 10.64 0.12
2458495.2877147 10.45 0.10
2458495.2924022 10.78 0.14
2458495.2925758 10.55 0.11
2458495.2934438 10.73 0.13
2458495.2944855 10.71 0.13
2458495.2955272 10.65 0.12
2458495.2960480 10.52 0.11
2458495.2977841 10.46 0.10
2458495.2979577 10.71 0.13
2458495.2995202 10.63 0.12
2458495.3002147 10.50 0.10
2458495.3021244 10.56 0.11
2458495.3026452 10.60 0.11
2458495.3141036 10.66 0.12
2458495.3142772 10.68 0.13
2458495.3149729 10.57 0.11
2458498.1660017 10.54 0.11
2458498.1666972 10.61 0.11
2458498.1687795 10.72 0.13
2458498.1725989 10.53 0.10
2458498.1734670 10.43 0.09
2458498.1771128 10.63 0.11
2458498.1805850 10.70 0.12
2458498.1816267 10.63 0.11
2458498.1818003 10.62 0.11
2458498.1823211 10.66 0.11
2458498.1828420 10.44 0.09
2458498.1831892 10.52 0.10
2458498.1835364 10.60 0.11
2458498.1837100 10.48 0.10
2458498.1838836 10.45 0.09
2458498.1840572 10.56 0.10
2458498.1849253 10.61 0.11
2458498.1868350 10.63 0.11
2458498.1923906 10.58 0.10
2458498.1932586 10.53 0.10
2458498.1953420 10.37 0.08
2458498.1955156 10.46 0.09
2458498.1998559 10.50 0.09
2458498.2012447 10.52 0.09
2458498.2015920 10.41 0.08
2458498.2022864 10.46 0.09
2458498.2031545 10.56 0.09
2458498.2036753 10.45 0.08
2458498.2038489 10.40 0.08
2458498.2048906 10.59 0.10
2458498.2081904 10.45 0.08
2458498.2090576 10.53 0.09
2458498.2092310 10.37 0.08
2458498.2097517 10.44 0.08
2458498.2107934 10.45 0.08
2458498.2111406 10.46 0.08
2458498.2118350 10.46 0.08
2458498.2125295 10.59 0.09
2458498.2128767 10.71 0.11
2458498.2130503 10.49 0.09
2458498.2135711 10.46 0.08
2458498.2144392 10.43 0.08
2458498.2149600 10.56 0.09
2458498.2151336 10.49 0.08
2458498.2153072 10.36 0.08
2458498.2154809 10.55 0.09
2458498.2156545 10.58 0.09
2458498.2158281 10.41 0.08
2458498.2163489 10.58 0.09
2458498.2166961 10.55 0.09
2458498.2168697 10.48 0.09
2458498.2172170 10.55 0.09
2458498.2177378 10.50 0.09
2458498.2182586 10.51 0.09
2458498.2184322 10.43 0.08
2458498.2189531 10.55 0.09
2458498.2191267 10.68 0.10
2458498.2194739 10.60 0.09
2458498.2199960 10.59 0.09
2458498.2215573 10.45 0.08
2458498.2222517 10.56 0.09
2458498.2232934 10.32 0.07
2458498.2234670 10.72 0.11
2458498.2239878 10.56 0.09
2458498.2241614 10.34 0.07
2458498.2248559 10.49 0.08
2458498.2257239 10.66 0.10
2458498.2258975 10.38 0.08
2458498.2260711 10.41 0.08
2458498.2264184 10.61 0.09
2458498.2269392 10.49 0.08
2458498.2271128 10.57 0.09
2458498.2274600 10.43 0.08
2458498.2276336 10.53 0.09
2458498.2279809 10.49 0.08
2458498.2281545 10.48 0.08
2458498.2288489 10.46 0.08
2458498.2297170 10.54 0.09
2458498.2309322 10.53 0.09
2458498.2312795 10.49 0.09
2458498.2318016 10.54 0.09
2458498.2324954 10.51 0.09
2458498.2326688 10.52 0.09
2458498.2328422 10.47 0.09
2458498.2331892 10.51 0.09
2458498.2333628 10.49 0.09
2458498.2337100 10.43 0.08
2458498.2338836 10.48 0.09
2458498.2347517 10.54 0.09
2458498.2356198 10.76 0.11
2458498.2357934 10.52 0.09
2458498.2363142 10.60 0.10
2458498.2422170 10.52 0.09
2458498.2446479 10.42 0.08
2458498.2448214 10.49 0.09
2458498.2458628 10.50 0.09
2458498.2477725 10.59 0.10
2458498.2479461 10.46 0.09
2458498.2531545 10.52 0.09
2458498.2548906 10.44 0.09
2458498.2592309 10.65 0.11
2458498.2611406 10.49 0.09
2458498.2627031 10.61 0.08
2458498.2628767 10.55 0.08
2458498.2632239 10.63 0.08
2458498.2633975 10.48 0.07
2458498.2635711 10.67 0.09
2458498.2637447 10.64 0.09
2458498.2639184 10.68 0.09
2458498.2640920 10.55 0.08
2458498.2642656 10.56 0.08
2458498.2644392 10.52 0.08
2458498.2646128 10.61 0.08
2458498.2647864 10.72 0.10
2458498.2649600 10.53 0.08
2458498.2651336 10.46 0.07
2458498.2653072 10.57 0.08
2458498.2654809 10.59 0.08
2458498.2656545 10.64 0.09
2458498.2660017 10.62 0.08
2458498.2661753 10.45 0.07
2458498.2663489 10.51 0.08
2458498.2665225 10.59 0.08
2458498.2666961 10.57 0.08
2458498.2668698 10.63 0.09
2458498.2670434 10.55 0.08
2458498.2672170 10.47 0.08
2458498.2673906 10.53 0.08
2458498.2675655 10.44 0.07
2458498.2679124 10.69 0.09
2458498.2680858 10.52 0.08
2458498.2682593 10.65 0.09
2458498.2684327 10.62 0.09
2458498.2686062 10.63 0.09
2458498.2687796 10.46 0.07
2458498.2689531 10.67 0.09
2458498.2691267 10.55 0.08
2458498.2693003 10.65 0.09
2458498.2694739 10.64 0.09
2458498.2696475 10.56 0.08
2458498.2698211 10.48 0.07
2458498.2699947 10.51 0.08
2458498.2701684 10.58 0.08
2458498.2705156 10.65 0.09
2458498.2706892 10.59 0.08
2458498.2708628 10.62 0.08
2458498.2710364 10.45 0.07
2458498.2712100 10.54 0.08
2458498.2713836 10.52 0.08
2458498.2715572 10.48 0.07
2458498.2717309 10.63 0.09
2458498.2719045 10.60 0.08
2458498.2720781 10.47 0.08
2458498.2722517 10.56 0.08
2458498.2724253 10.59 0.08
2458498.2725989 10.47 0.07
2458498.2727725 10.69 0.09
2458498.2729461 10.65 0.09
2458498.2731197 10.50 0.08
2458498.2732934 10.75 0.10
2458498.2734670 10.63 0.08
2458498.2736406 10.52 0.08
2458498.2738142 10.47 0.07
2458498.2739878 10.56 0.08
2458498.2741614 10.43 0.07
2458498.2743350 10.44 0.07
2458498.2745086 10.46 0.07
2458498.2746823 10.57 0.08
2458498.2748559 10.71 0.09
2458498.2750295 10.62 0.08
2458498.2752031 10.60 0.08
2458498.2753767 10.56 0.08
2458498.2755503 10.52 0.07
2458498.2757239 10.49 0.07
2458498.2758975 10.65 0.08
2458498.2760711 10.52 0.08
2458498.2762448 10.61 0.08
2458498.2764184 10.47 0.07
2458498.2765920 10.58 0.08
2458498.2767656 10.49 0.07
2458498.2769392 10.72 0.09
2458498.2771128 10.66 0.09
2458498.2772864 10.59 0.08
2458498.2774600 10.61 0.08
2458498.2776336 10.63 0.08
2458498.2778072 10.59 0.08
2458498.2779809 10.55 0.08
2458498.2781545 10.50 0.07
2458498.2785017 10.65 0.09
2458498.2786753 10.66 0.09
2458498.2788489 10.53 0.08
2458498.2790225 10.45 0.07
2458498.2791961 10.34 0.06
2458498.2795448 10.58 0.08
2458498.2797182 10.65 0.08
2458498.2800651 10.61 0.08
2458498.2802385 10.56 0.08
2458498.2804120 10.57 0.08
2458498.2805854 10.54 0.08
2458498.2807589 10.58 0.08
2458498.2809323 10.55 0.08
2458498.2812795 10.57 0.08
2458498.2814531 10.67 0.09
2458498.2818003 10.50 0.07
2458498.2819739 10.45 0.07
2458498.2821475 10.72 0.09
2458498.2826684 10.38 0.07
2458498.2828420 10.67 0.09
2458498.2830156 10.60 0.08
2458498.2831892 10.52 0.08
2458498.2835364 10.64 0.09
2458498.2837100 10.56 0.08
2458498.2838836 10.66 0.09
2458498.2840573 10.68 0.09
2458498.2842309 10.57 0.08
2458498.2844045 10.61 0.08
2458498.2845781 10.66 0.09
2458498.2847517 10.58 0.08
2458498.2849253 10.66 0.09
2458498.2852725 10.63 0.09
2458498.2854461 10.55 0.08
2458498.2856197 10.63 0.09
2458498.2857934 10.72 0.09
2458498.2859670 10.64 0.09
2458498.2861406 10.56 0.08
2458498.2863142 10.57 0.08
2458498.2864878 10.61 0.09
2458498.2866614 10.52 0.08
2458498.2868350 10.59 0.08
2458498.2870086 10.49 0.08
2458498.2871822 10.60 0.08
2458498.2873559 10.69 0.09
2458498.2875295 10.80 0.10
2458498.2877031 10.65 0.09
2458498.2878767 10.58 0.08
2458498.2880503 10.51 0.08
2458498.2882239 10.54 0.08
2458498.2883975 10.49 0.08
2458498.2887447 10.64 0.09
2458498.2889184 10.50 0.08
2458498.2890920 10.69 0.09
2458498.2892656 10.54 0.08
2458498.2894392 10.53 0.08
2458498.2899600 10.53 0.08
2458498.2901336 10.73 0.09
2458498.2903073 10.51 0.08
2458498.2906545 10.65 0.09
2458498.2908281 10.61 0.09
2458498.2910017 10.61 0.08
2458498.2911753 10.58 0.08
2458498.2913489 10.56 0.08
2458498.2915239 10.59 0.08
2458498.2918708 10.74 0.10
2458498.2920443 10.57 0.08
2458498.2927381 10.70 0.09
2458498.2930850 10.57 0.08
2458498.2934322 10.42 0.07
2458498.2936059 10.72 0.10
2458498.2939531 10.63 0.09
2458498.2941267 10.51 0.08
2458498.2943003 10.59 0.09
2458498.2951684 10.57 0.08
2458498.2953420 10.64 0.09
2458498.2955156 10.56 0.08
2458498.2958628 10.62 0.09
2458498.2960364 10.43 0.07
2458498.2962100 10.53 0.08
2458498.2965572 10.47 0.07
2458498.2969045 10.60 0.08
2458498.2970781 10.72 0.09
2458498.2972517 10.56 0.08
2458498.2974253 10.60 0.08
2458498.2975989 10.68 0.09
2458498.2979461 10.52 0.08
2458498.2981198 10.69 0.09
2458498.2982934 10.59 0.08
2458498.2984670 10.60 0.09
2458498.2986406 10.56 0.08
2458498.2988142 10.50 0.08
2458498.2989878 10.65 0.09
2458498.2991614 10.60 0.09
2458498.2993350 10.58 0.08
2458498.2995086 10.52 0.08
2458498.2996823 10.53 0.08
2458498.2998559 10.57 0.08
2458498.3000295 10.69 0.10
2458498.3002031 10.56 0.08
2458498.3005503 10.50 0.08
2458498.3007239 10.57 0.08
2458498.3014184 10.55 0.08
2458498.3015920 10.64 0.09
2458498.3017656 10.53 0.08
2458498.3019392 10.67 0.09
2458498.3021128 10.69 0.09
2458498.3024600 10.51 0.08
2458498.3026336 10.55 0.08
2458498.3028072 10.72 0.09
2458498.3029809 10.55 0.08
2458498.3031545 10.55 0.08
2458498.3033281 10.59 0.08
2458498.3035017 10.70 0.09
2458498.3036766 10.70 0.09
2458498.3038500 10.69 0.09
2458498.3040235 10.59 0.08
2458498.3041969 10.59 0.08
2458498.3043703 10.65 0.09
2458498.3045438 10.74 0.10
2458498.3047172 10.72 0.09
2458498.3048907 10.65 0.09
2458498.3050642 10.58 0.08
2458498.3052378 10.66 0.09
2458498.3054114 10.62 0.09
2458498.3057586 10.69 0.09
2458498.3059323 10.57 0.08
2458498.3061059 10.63 0.09
2458498.3062795 10.48 0.08
2458498.3068003 10.56 0.08
2458498.3069739 10.72 0.10
2458498.3073211 10.59 0.09
2458498.3074948 10.73 0.10
2458498.3076684 10.63 0.09
2458498.3078420 10.51 0.08
2458498.3080156 10.48 0.08
2458498.3081892 10.51 0.08
2458498.3083628 10.51 0.08
2458498.3085364 10.58 0.08
2458498.3090572 10.70 0.09
2458498.3092309 10.70 0.10
2458498.3094045 10.58 0.08
2458498.3095781 10.76 0.10
2458498.3099253 10.64 0.09
2458498.3100989 10.74 0.10
2458498.3102725 10.50 0.08
2458498.3104461 10.64 0.09
2458498.3106197 10.48 0.08
2458498.3107934 10.53 0.08
2458498.3109670 10.48 0.08
2458498.3111406 10.54 0.08
2458498.3113142 10.65 0.09
2458498.3114878 10.55 0.08
2458498.3116614 10.53 0.08
2458498.3118350 10.67 0.09
2458498.3120086 10.61 0.09
2458498.3121822 10.76 0.10
2458498.3125295 10.57 0.08
2458498.3127031 10.60 0.09
2458498.3128767 10.76 0.10
2458498.3130503 10.50 0.08
2458498.3132239 10.65 0.09
2458498.3133975 10.58 0.09
2458498.3135711 10.55 0.08
2458498.3139184 10.52 0.08
2458498.3142656 10.56 0.08
2458498.3144392 10.55 0.08
2458498.3146128 10.61 0.09
2458498.3147864 10.57 0.08
2458498.3151336 10.59 0.09
2458498.3153073 10.72 0.10
2458498.3154809 10.41 0.07
2458498.3156558 10.71 0.10
2458498.3158292 10.56 0.08
2458498.3160027 10.69 0.09
2458498.3161761 10.58 0.09
2458498.3163496 10.55 0.08
2458498.3165230 10.57 0.09
2458498.3168699 10.54 0.08
2458498.3175642 10.60 0.09
2458498.3177378 10.58 0.09
2458498.3180850 10.59 0.09
2458500.2357702 10.60 0.12
2458500.2446255 10.49 0.10
2458500.2449724 10.75 0.13
2458500.2496591 10.66 0.11
2458500.2498327 10.55 0.10
2458500.2507008 10.53 0.10
2458500.2531313 10.59 0.11
2458500.2533049 10.48 0.10
2458500.2539994 10.59 0.11
2458500.2543466 10.77 0.13
2458500.2550411 10.68 0.12
2458500.2583397 10.54 0.10
2458500.2599022 10.65 0.11
2458500.2604230 10.65 0.11
2458500.2611174 10.54 0.10
2458500.2616383 10.64 0.11
2458500.2621591 10.67 0.11
2458500.2637216 10.49 0.09
2458500.2668466 10.65 0.11
2458500.2680619 10.59 0.10
2458500.2687573 10.64 0.11
2458500.2701452 10.52 0.10
2458500.2708397 10.55 0.10
2458500.2718813 10.81 0.12
2458500.2722285 10.70 0.11
2458500.2725758 10.66 0.11
2458500.2730966 10.60 0.10
2458500.2732702 10.47 0.09
2458500.2734438 10.68 0.11
2458500.2736174 10.54 0.10
2458500.2748327 10.68 0.11
2458500.2751799 10.59 0.10
2458500.2755272 10.58 0.10
2458500.2762216 10.63 0.10
2458500.2763952 10.67 0.11
2458500.2767424 10.54 0.10
2458500.2770897 10.67 0.11
2458500.2772633 10.55 0.10
2458500.2779577 10.46 0.09
2458500.2781313 10.76 0.12
2458500.2783049 10.61 0.10
2458500.2786522 10.80 0.13
2458500.2788258 10.70 0.11
2458500.2793466 10.72 0.11
2458500.2795202 10.65 0.11
2458500.2812568 10.62 0.10
2458500.2816037 10.60 0.10
2458500.2819508 10.53 0.09
2458500.2822980 10.60 0.10
2458500.2824716 10.57 0.10
2458500.2826452 10.58 0.10
2458500.2829924 10.70 0.11
2458500.2833397 10.74 0.11
2458500.2838605 10.82 0.12
2458500.2842077 10.61 0.10
2458500.2843813 10.65 0.11
2458500.2847286 10.59 0.10
2458500.2850758 10.76 0.12
2458500.2852494 10.46 0.09
2458500.2864647 10.81 0.12
2458500.2888952 10.77 0.12
2458500.2890688 10.68 0.11
2458500.2894160 10.70 0.11
2458500.2895897 10.68 0.11
2458500.2899369 10.59 0.10
2458500.2909785 10.69 0.11
2458500.2911522 10.73 0.11
2458500.2913258 10.56 0.09
2458500.2916730 10.45 0.08
2458500.2918466 10.61 0.10
2458500.2921938 10.62 0.10
2458500.2927157 10.68 0.10
2458500.2932360 10.76 0.11
2458500.2934095 10.69 0.10