2458467.3668514 10.95 0.14
2458467.3687611 10.97 0.14
2458467.3691084 10.96 0.14
2458467.3698028 10.84 0.13
2458467.3699764 10.70 0.11
2458467.3703236 11.05 0.15
2458467.3706709 11.04 0.15
2458467.3710181 10.88 0.13
2458467.3711917 10.80 0.12
2458467.3713653 10.97 0.14
2458467.3717125 10.93 0.14
2458467.3724070 10.87 0.13
2458467.3727542 11.00 0.15
2458467.3729278 10.93 0.14
2458467.3731014 10.97 0.14
2458467.3741431 10.85 0.13
2458467.3746639 10.82 0.12
2458467.3758801 10.85 0.13
2458467.3760536 11.09 0.16
2458467.3762270 10.89 0.13
2458467.3764005 10.99 0.14
2458467.3765739 10.95 0.14
2458467.3769209 10.91 0.14
2458467.3770945 10.80 0.12
2458467.3772681 10.75 0.12
2458467.3774417 10.93 0.14
2458467.3777889 10.99 0.15
2458467.3781361 10.93 0.14
2458467.3784834 10.93 0.14
2458467.3788306 11.00 0.15
2458467.3791778 11.00 0.15
2458467.3793514 10.82 0.13
2458467.3795250 10.97 0.14
2458467.3796986 10.95 0.14
2458467.3807403 11.01 0.15
2458467.3809139 10.90 0.13
2458467.3810875 10.75 0.12
2458467.3812611 10.94 0.14
2458467.3814348 10.76 0.12
2458467.3816084 10.81 0.13
2458467.3817820 10.90 0.14
2458467.3819556 11.01 0.15
2458467.3823028 10.87 0.13
2458467.3829973 11.01 0.15
2458467.3831709 10.61 0.10
2458467.3836917 10.93 0.14
2458467.3840389 10.87 0.13
2458467.3842125 10.94 0.14
2458467.3849070 10.95 0.14
2458467.3850806 10.80 0.13
2458467.3852542 10.92 0.14
2458467.3854278 10.95 0.14
2458467.3856014 11.01 0.15
2458467.3862959 11.02 0.15
2458467.3864695 10.80 0.13
2458467.3866431 10.76 0.12
2458467.3868167 10.99 0.15
2458467.3873389 11.01 0.15
2458467.3875123 10.89 0.13
2458467.3876858 10.84 0.13
2458467.3880327 10.83 0.13
2458467.3882061 11.08 0.16
2458467.3883795 10.73 0.12
2458467.3885530 11.00 0.15
2458467.3890736 10.80 0.12
2458467.3897681 10.92 0.14
2458467.3899417 10.83 0.13
2458467.3902889 10.61 0.11
2458467.3913306 10.92 0.14
2458467.3918514 10.99 0.15
2458467.3920250 10.98 0.15
2458467.3925459 10.90 0.14
2458467.3930667 10.96 0.14
2458467.3932403 10.93 0.14
2458467.3935875 10.93 0.14
2458467.3941084 10.94 0.14
2458467.3942820 10.87 0.13
2458467.3953236 10.98 0.15
2458467.3956709 10.73 0.12
2458467.3961917 10.77 0.12
2458467.3963653 10.83 0.13
2458467.3965389 10.83 0.13
2458467.3967125 10.74 0.12
2458467.3974070 10.86 0.13
2458467.3975806 10.86 0.13
2458467.3977542 10.96 0.14
2458467.3979278 11.05 0.16
2458467.3981014 11.00 0.15
2458467.3987959 10.85 0.13
2458467.3991431 10.77 0.12
2458467.3993180 10.84 0.13
2458467.4001852 10.95 0.14
2458467.4003586 10.70 0.11
2458467.4008792 10.69 0.11
2458467.4014000 11.00 0.15
2458467.4019209 10.88 0.14
2458467.4022681 10.84 0.13
2458467.4024417 11.01 0.15
2458467.4027889 10.92 0.14
2458467.4031361 10.81 0.13
2458467.4034834 10.93 0.14
2458467.4036570 10.88 0.14
2458467.4040042 10.86 0.13
2458467.4041778 10.96 0.14
2458467.4045250 10.86 0.13
2458467.4052195 10.83 0.13
2458467.4055667 10.87 0.13
2458467.4059139 10.74 0.12
2458467.4060875 10.95 0.14
2458467.4067820 10.87 0.13
2458467.4069556 10.98 0.15
2458467.4081709 11.01 0.15
2458467.4086917 10.88 0.14
2458467.4088653 10.66 0.11
2458467.4090389 10.83 0.13
2458467.4093861 10.87 0.13
2458467.4095597 10.77 0.12
2458467.4097334 10.73 0.12
2458467.4099070 10.90 0.14
2458467.4100806 10.86 0.13
2458467.4102542 11.03 0.16
2458467.4104278 10.87 0.13
2458467.4107750 10.87 0.13
2458467.4111236 11.05 0.16
2458467.4112971 10.90 0.14
2458467.4114705 10.88 0.14
2458467.4116440 10.68 0.11
2458467.4118174 10.87 0.13
2458467.4119908 10.93 0.14
2458467.4121643 10.79 0.13
2458467.4125112 10.70 0.12
2458467.4126848 11.13 0.17
2458467.4132056 10.85 0.13
2458467.4133792 10.97 0.15
2458467.4137264 10.97 0.15
2458467.4139000 10.99 0.15
2458467.4140736 10.98 0.15
2458467.4147681 10.79 0.12
2458467.4149417 11.08 0.16
2458467.4151153 11.04 0.16
2458467.4152889 10.96 0.15
2458467.4158097 10.83 0.13
2458467.4159834 10.78 0.12
2458467.4161570 10.97 0.15
2458467.4163306 10.95 0.15
2458467.4168514 10.79 0.13
2458467.4170250 11.05 0.16
2458467.4171986 10.86 0.14
2458467.4173722 10.93 0.15
2458467.4177195 10.98 0.15
2458467.4178931 10.72 0.12
2458467.4180667 10.81 0.13
2458467.4182403 10.66 0.11
2458467.4184139 10.95 0.15
2458467.4185875 11.10 0.17
2458467.4187611 11.07 0.17
2458467.4191084 10.82 0.13
2458467.4192820 10.83 0.14
2458467.4194556 10.81 0.13
2458467.4196292 10.90 0.14
2458467.4198028 10.89 0.14
2458467.4203236 10.73 0.12
2458467.4204973 10.92 0.15
2458469.3671871 11.10 0.12
2458469.3673607 10.91 0.10
2458469.3680551 10.99 0.11
2458469.3682287 10.84 0.09
2458469.3684023 11.17 0.13
2458469.3685760 11.00 0.11
2458469.3687496 11.10 0.12
2458469.3692704 10.97 0.11
2458469.3694440 11.06 0.12
2458469.3696176 10.97 0.11
2458469.3697912 11.09 0.12
2458469.3699648 10.93 0.10
2458469.3703121 10.85 0.10
2458469.3706593 10.94 0.10
2458469.3708329 10.88 0.10
2458469.3710065 10.99 0.11
2458469.3711801 10.77 0.09
2458469.3713537 10.81 0.09
2458469.3715273 10.91 0.10
2458469.3717009 10.86 0.10
2458469.3718746 10.74 0.09
2458469.3720482 10.93 0.10
2458469.3723954 10.75 0.09
2458469.3729162 10.92 0.10
2458469.3730898 10.89 0.10
2458469.3732635 10.96 0.10
2458469.3734371 10.93 0.10
2458469.3736107 10.88 0.10
2458469.3737843 11.11 0.12
2458469.3739579 11.06 0.12
2458469.3743051 10.90 0.10
2458469.3744787 10.92 0.10
2458469.3748260 11.05 0.11
2458469.3751732 10.83 0.09
2458469.3753468 10.97 0.11
2458469.3755204 11.01 0.11
2458469.3756940 10.93 0.10
2458469.3758676 11.11 0.12
2458469.3760425 10.81 0.09
2458469.3762159 11.04 0.11
2458469.3763894 11.06 0.12
2458469.3765628 10.90 0.10
2458469.3767363 10.85 0.09
2458469.3769097 10.88 0.10
2458469.3770832 11.05 0.12
2458469.3776037 10.88 0.10
2458469.3777773 11.03 0.11
2458469.3779510 10.88 0.10
2458469.3782982 10.88 0.10
2458469.3784718 10.89 0.10
2458469.3786454 10.85 0.10
2458488.3044163 10.89 0.12
2458488.3045899 10.85 0.12
2458488.3047635 10.89 0.12
2458488.3049371 10.99 0.14
2458488.3052844 11.01 0.14
2458488.3058052 10.99 0.14
2458488.3059788 10.93 0.13
2458488.3061524 11.08 0.15
2458488.3063260 11.03 0.14
2458488.3064996 10.96 0.13
2458488.3068468 10.81 0.12
2458488.3071941 10.94 0.13
2458488.3073677 10.99 0.14
2458488.3078885 10.91 0.13
2458488.3080621 10.89 0.13
2458488.3082357 10.91 0.13
2458488.3087566 11.00 0.14
2458488.3091038 10.86 0.12
2458488.3092788 10.95 0.13
2458488.3094522 10.75 0.11
2458488.3096257 10.96 0.13
2458488.3097991 10.72 0.11
2458488.3104929 10.82 0.12
2458488.3106663 11.02 0.14
2458488.3108399 10.81 0.12
2458488.3111871 11.06 0.15
2458488.3117080 10.85 0.12
2458488.3125760 10.97 0.14
2458488.3127496 10.84 0.12
2458488.3129232 11.01 0.14
2458488.3130969 11.02 0.14
2458488.3132705 10.78 0.11
2458488.3134441 10.93 0.13
2458488.3136177 10.94 0.13
2458488.3137913 10.74 0.11
2458488.3141385 10.95 0.13
2458488.3143121 11.05 0.15
2458488.3144857 10.86 0.12
2458488.3146593 10.91 0.13
2458488.3150066 10.94 0.13
2458488.3151802 10.91 0.13
2458488.3157010 11.08 0.15
2458488.3158746 10.86 0.13
2458488.3160482 11.09 0.15
2458488.3163955 10.89 0.13
2458488.3167427 11.01 0.14
2458488.3169163 10.79 0.12
2458488.3170899 10.95 0.14
2458488.3172635 10.97 0.14
2458488.3176107 10.92 0.13
2458488.3177844 10.99 0.14
2458488.3179580 10.93 0.13
2458488.3181316 10.91 0.13
2458488.3183052 10.99 0.14
2458488.3184788 11.04 0.15
2458488.3186524 10.80 0.12
2458488.3188260 11.02 0.14
2458488.3191732 10.97 0.14
2458488.3193469 11.12 0.16
2458488.3195205 11.07 0.15
2458488.3198677 10.79 0.12
2458488.3200413 10.92 0.13
2458488.3202149 10.99 0.14
2458488.3205621 10.89 0.13
2458488.3209094 10.87 0.13
2458488.3210830 11.01 0.14
2458488.3214314 10.87 0.13
2458488.3217783 11.00 0.14
2458488.3221252 10.97 0.14
2458488.3222986 10.90 0.13
2458488.3224720 10.82 0.12
2458488.3228191 10.92 0.13
2458488.3229927 10.89 0.13
2458488.3231663 10.91 0.13
2458488.3236871 11.03 0.15
2458488.3238607 10.98 0.14
2458488.3240343 10.93 0.14
2458488.3242080 10.85 0.13
2458488.3243816 10.94 0.14
2458488.3247288 11.02 0.15
2458488.3249024 10.91 0.13
2458488.3250760 10.95 0.14
2458488.3255969 10.80 0.12
2458488.3257705 10.75 0.12
2458488.3259441 10.93 0.14
2458488.3261177 11.01 0.15
2458488.3262913 10.83 0.12
2458488.3268121 10.88 0.13
2458488.3269857 10.95 0.14
2458488.3275066 11.03 0.15
2458488.3276802 10.84 0.13
2458488.3278538 11.05 0.15
2458488.3280274 11.03 0.15
2458488.3283746 10.77 0.12
2458488.3285482 10.90 0.13
2458488.3288955 10.88 0.13
2458488.3290691 11.06 0.15
2458488.3292427 10.81 0.12
2458488.3299371 10.95 0.14
2458488.3301107 10.90 0.13
2458488.3302843 11.00 0.15
2458488.3304580 10.98 0.14
2458488.3306316 10.97 0.14
2458488.3308052 11.00 0.15
2458488.3309788 11.08 0.16
2458488.3311524 10.87 0.13
2458488.3314996 10.89 0.13
2458488.3316732 10.79 0.12
2458488.3318468 10.88 0.13
2458488.3320205 11.10 0.16
2458488.3334105 10.76 0.12
2458488.3335839 10.75 0.12
2458488.3337574 10.88 0.13
2458488.3351455 11.13 0.17
2458488.3353191 11.03 0.15
2458488.3354927 11.01 0.15
2458488.3360135 10.94 0.14
2458488.3368816 10.98 0.14
2458488.3370552 10.91 0.14
2458488.3377496 11.00 0.15
2458488.3379232 10.80 0.12
2458488.3380968 10.77 0.12
2458488.3389649 10.71 0.11
2458488.3396593 10.98 0.15
2458488.3408746 10.66 0.11
2458488.3419163 10.75 0.12
2458488.3426107 10.91 0.14
2458488.3427844 10.97 0.14
2458488.3429580 11.00 0.15
2458488.3433052 11.03 0.15
2458488.3446941 10.90 0.14
2458488.3455631 11.00 0.15
2458488.3460834 11.04 0.15
2458488.3462569 10.95 0.14
2458488.3464303 10.84 0.13
2458488.3466038 10.85 0.13
2458488.3471246 10.66 0.11
2458488.3472982 10.89 0.14
2458488.3476455 11.00 0.15
2458488.3478191 10.93 0.14
2458488.3479927 11.01 0.15
2458488.3495552 10.97 0.14
2458488.3500760 10.85 0.13
2458488.3504232 10.70 0.11
2458488.3505969 10.67 0.11
2458488.3509441 10.94 0.14
2458488.3511177 10.74 0.12
2458488.3518121 10.88 0.13
2458488.3519857 10.86 0.13
2458488.3521594 10.89 0.13
2458488.3525066 10.99 0.15
2458488.3526802 10.84 0.13
2458488.3532010 10.99 0.15
2458488.3533746 10.93 0.14
2458488.3540691 10.91 0.14
2458488.3547635 10.99 0.15
2458488.3549371 11.04 0.15
2458488.3551107 10.84 0.13
2458488.3556316 10.85 0.13
2458488.3559788 10.75 0.12
2458488.3563260 10.88 0.13
2458488.3566732 10.80 0.13
2458488.3570218 10.91 0.14
2458488.3571953 10.90 0.14
2458488.3575422 10.89 0.14
2458488.3578891 10.92 0.14
2458488.3584094 10.86 0.13
2458488.3585830 10.71 0.11
2458488.3589302 10.96 0.14
2458488.3591038 10.81 0.13
2458488.3592774 10.96 0.14
2458488.3596246 10.88 0.13
2458488.3597982 10.93 0.14
2458488.3599718 11.01 0.15
2458488.3601455 10.89 0.14
2458488.3603191 10.83 0.13
2458488.3606663 10.88 0.13
2458488.3608399 11.08 0.16
2458488.3613607 10.75 0.12
2458488.3617080 10.78 0.12
2458488.3618816 11.02 0.15
2458488.3622288 10.86 0.13
2458488.3625760 10.90 0.14
2458488.3627496 11.05 0.16
2458488.3629232 10.96 0.14
2458488.3630968 10.96 0.14
2458488.3632705 11.01 0.15
2458488.3634441 10.86 0.13
2458488.3636177 10.71 0.12
2458488.3639649 11.00 0.15
2458488.3641385 10.80 0.12
2458488.3643121 10.85 0.13
2458488.3644857 11.01 0.15
2458488.3646594 10.75 0.12
2458488.3648330 10.91 0.14
2458488.3650066 11.01 0.15
2458488.3651802 10.95 0.14
2458488.3653538 10.86 0.13
2458488.3657010 10.98 0.15
2458488.3665691 10.99 0.15
2458488.3667427 10.98 0.15
2458488.3672635 10.71 0.12
2458488.3684788 10.83 0.13
2458488.3686524 10.63 0.11
2458488.3690010 10.85 0.13
2458488.3691744 10.81 0.13
2458488.3693479 10.92 0.14
2458488.3695213 10.87 0.13
2458488.3696948 10.87 0.14
2458488.3700417 10.76 0.12
2458488.3702150 10.85 0.13
2458488.3703885 11.01 0.15
2458488.3705621 11.06 0.16
2458488.3709093 10.88 0.13
2458488.3710830 10.83 0.13
2458488.3717774 10.86 0.13
2458488.3719510 10.94 0.14
2458488.3726455 10.99 0.15
2458488.3733399 10.85 0.13
2458488.3735135 10.79 0.13
2458488.3740343 10.85 0.13
2458488.3742080 10.87 0.14
2458493.2524947 10.88 0.12
2458493.2526684 10.95 0.13
2458493.2528420 10.94 0.13
2458493.2530156 10.98 0.13
2458493.2531892 11.22 0.17
2458493.2533628 10.93 0.13
2458493.2535364 11.02 0.14
2458493.2537100 10.98 0.13
2458493.2538836 11.03 0.14
2458493.2542320 10.95 0.13
2458493.2544055 10.97 0.13
2458493.2545789 10.92 0.12
2458493.2549258 11.03 0.14
2458493.2550993 11.12 0.15
2458493.2554461 10.94 0.13
2458493.2556198 10.90 0.12
2458493.2557934 10.85 0.12
2458493.2559670 10.88 0.12
2458493.2561406 10.84 0.12
2458493.2563142 10.98 0.13
2458493.2564878 11.04 0.14
2458493.2566614 10.88 0.12
2458493.2568350 10.91 0.12
2458493.2570086 11.10 0.15
2458493.2571823 11.10 0.15
2458493.2575295 10.99 0.13
2458493.2580503 11.04 0.14
2458493.2582239 10.86 0.12
2458493.2583975 11.18 0.16
2458493.2585711 11.00 0.13
2458493.2587447 10.86 0.12
2458493.2589184 10.78 0.11
2458493.2590920 10.96 0.13
2458493.2592656 11.00 0.13
2458493.2594392 11.00 0.13
2458493.2596128 10.95 0.13
2458493.2597864 11.14 0.15
2458493.2599600 10.94 0.13
2458493.2603072 10.96 0.13
2458493.2608281 10.94 0.13
2458493.2610017 10.86 0.12
2458493.2611753 11.10 0.15
2458493.2613489 10.92 0.12
2458493.2616961 11.00 0.13
2458493.2618697 10.95 0.13
2458493.2620434 10.93 0.12
2458493.2622170 11.02 0.14
2458493.2623906 11.05 0.14
2458493.2625642 10.80 0.11
2458493.2627378 11.07 0.14
2458493.2629114 10.99 0.13
2458493.2630850 10.93 0.12
2458493.2632586 11.01 0.13
2458493.2634323 11.12 0.15
2458493.2636059 10.92 0.12
2458493.2639531 10.95 0.13
2458493.2641267 10.71 0.10
2458493.2643003 11.04 0.14
2458493.2644739 11.18 0.15
2458493.2646475 11.07 0.14
2458493.2648211 11.03 0.14
2458493.2649948 11.02 0.13
2458493.2651684 10.78 0.11
2458493.2653420 10.79 0.11
2458493.2655156 10.92 0.12
2458493.2656892 11.02 0.13
2458493.2658628 10.72 0.10
2458493.2660378 10.85 0.12
2458493.2662112 11.05 0.14
2458493.2663847 10.79 0.11
2458493.2665581 11.03 0.13
2458493.2669050 10.83 0.11
2458493.2670784 10.80 0.11
2458493.2672519 10.83 0.11
2458493.2674253 10.92 0.12
2458493.2675989 10.82 0.11
2458493.2677725 11.04 0.14
2458493.2679461 10.89 0.12
2458493.2681197 10.80 0.11
2458493.2682934 10.82 0.11
2458493.2684670 10.76 0.11
2458493.2686406 10.96 0.13
2458493.2688142 11.10 0.14
2458493.2689878 10.83 0.11
2458493.2691614 10.85 0.12
2458493.2693350 11.05 0.14
2458493.2695086 11.09 0.14
2458493.2696822 10.79 0.11
2458493.2698559 10.77 0.11
2458493.2700295 10.93 0.12
2458493.2702031 10.95 0.13
2458493.2703767 10.96 0.13
2458493.2705503 10.87 0.12
2458493.2708975 11.05 0.14
2458493.2710711 10.85 0.12
2458493.2712448 10.77 0.11
2458493.2714184 10.87 0.12
2458493.2715920 10.92 0.12
2458493.2717656 10.87 0.12
2458493.2719392 10.80 0.11
2458493.2722864 11.00 0.13
2458493.2724600 10.85 0.11
2458493.2726336 10.90 0.12
2458493.2728073 10.73 0.10
2458493.2729809 10.85 0.12
2458493.2735017 10.74 0.10
2458493.2736753 10.76 0.11
2458493.2738489 10.91 0.12
2458493.2740225 10.78 0.11
2458493.2741961 10.93 0.12
2458493.2747170 11.06 0.14
2458493.2748906 10.92 0.12
2458493.2750642 10.82 0.11
2458493.2752378 10.89 0.12
2458493.2754114 10.90 0.12
2458493.2755850 10.88 0.12
2458493.2757586 10.95 0.13
2458493.2759322 10.85 0.12
2458493.2761059 10.90 0.12
2458493.2762795 10.88 0.12
2458493.2764531 10.78 0.11
2458493.2766267 10.99 0.13
2458493.2768003 10.86 0.12
2458493.2771475 10.84 0.11
2458493.2773211 10.85 0.12
2458493.2774947 10.91 0.12
2458493.2776684 11.01 0.13
2458493.2778420 10.90 0.12
2458493.2780169 10.88 0.12
2458493.2781904 10.84 0.12
2458493.2783638 10.77 0.11
2458493.2785373 10.90 0.12
2458493.2790576 10.85 0.12
2458493.2792310 10.79 0.11
2458493.2795781 10.72 0.10
2458493.2797517 10.84 0.11
2458493.2800989 10.75 0.11
2458493.2802725 10.93 0.13
2458493.2809670 10.86 0.12
2458493.2811406 10.81 0.11
2458493.2813142 10.65 0.10
2458493.2816614 10.91 0.12
2458493.2818350 10.74 0.11
2458493.2820086 10.90 0.12
2458493.2821822 10.68 0.10
2458493.2823559 10.96 0.13
2458493.2827031 10.69 0.10
2458493.2828767 10.84 0.12
2458493.2832239 11.01 0.14
2458493.2837447 10.83 0.11
2458493.2846128 10.82 0.11
2458493.2847864 10.80 0.11
2458493.2851336 10.76 0.11
2458493.2853072 10.60 0.09
2458493.2854809 10.82 0.11
2458493.2856545 10.81 0.11
2458493.2858281 10.89 0.12
2458493.2868698 10.95 0.13
2458493.2870434 10.82 0.11
2458493.2875642 10.97 0.13
2458493.2877378 10.69 0.10
2458493.2880850 10.92 0.12
2458493.2882586 10.87 0.12
2458493.2884323 10.81 0.11
2458493.2886059 10.78 0.11
2458493.2887795 10.80 0.11
2458493.2889531 10.99 0.13
2458493.2891267 10.80 0.11
2458493.2893003 10.73 0.10
2458493.2894739 10.98 0.13
2458493.2896475 10.84 0.12
2458493.2898211 10.80 0.11
2458493.2899961 10.84 0.12
2458493.2901695 10.90 0.12
2458493.2906898 11.01 0.13
2458493.2908633 10.85 0.12
2458493.2910367 10.77 0.11
2458493.2912102 10.91 0.12
2458493.2919045 10.76 0.11
2458493.2925989 10.75 0.11
2458493.2927725 10.90 0.12
2458493.2929461 10.96 0.13
2458493.2932934 10.93 0.12
2458493.2934670 10.89 0.12
2458493.2936406 10.87 0.12
2458493.2938142 10.81 0.11
2458493.2939878 10.90 0.12
2458493.2941614 10.89 0.12
2458493.2943350 10.93 0.12
2458493.2945086 10.88 0.12
2458493.2946823 10.87 0.12
2458493.2950295 10.78 0.11
2458493.2952031 10.74 0.11
2458493.2953767 10.73 0.10
2458493.2955503 10.98 0.13
2458493.2957239 10.73 0.10
2458493.2958975 10.89 0.12
2458493.2960711 10.84 0.12
2458493.2962448 10.78 0.11
2458493.2969392 10.77 0.11
2458493.2971128 10.62 0.10
2458493.2972864 10.81 0.11
2458493.2976336 10.79 0.11
2458493.2979809 10.92 0.12
2458493.2981545 10.80 0.11
2458493.2985017 10.81 0.11
2458493.2988489 10.97 0.13
2458493.2991961 10.67 0.10
2458493.2993697 11.14 0.15
2458493.2995434 11.00 0.14
2458493.2997170 10.83 0.12
2458493.3005850 10.73 0.10
2458493.3018931 10.82 0.12
2458493.3021591 10.81 0.11
2458493.3023327 10.95 0.13
2458493.3026799 10.73 0.11
2458493.3030272 10.95 0.13
2458493.3032008 10.74 0.10
2458493.3033744 10.88 0.12
2458493.3035480 10.77 0.11
2458493.3045897 10.78 0.11
2458493.3052841 10.76 0.11
2458493.3054577 10.89 0.12
2458493.3059785 10.89 0.12
2458493.3066730 10.71 0.10
2458493.3068466 10.89 0.12
2458493.3071938 10.91 0.12
2458493.3075410 10.86 0.12
2458493.3084091 10.81 0.11
2458493.3089299 10.92 0.12
2458493.3097980 10.76 0.11
2458493.3099716 10.91 0.12
2458493.3101452 10.86 0.12
2458493.3103188 10.88 0.12
2458493.3108397 10.72 0.10
2458493.3110133 10.97 0.13
2458493.3117077 10.76 0.11
2458493.3120549 10.83 0.11
2458493.3122298 10.98 0.13
2458493.3127502 10.82 0.11
2458493.3136174 10.82 0.11
2458493.3137910 10.74 0.10
2458493.3139647 10.98 0.13
2458493.3143119 10.76 0.10
2458493.3144855 11.08 0.14
2458493.3148327 10.83 0.11
2458493.3150063 10.99 0.13
2458493.3153535 10.82 0.11
2458493.3157008 10.92 0.12
2458493.3158744 10.75 0.10
2458493.3163952 10.70 0.10
2458493.3167424 10.93 0.12
2458493.3181313 10.79 0.11
2458493.3183049 10.96 0.13
2458493.3189994 11.08 0.14
2458493.3195202 10.91 0.12
2458493.3196938 10.98 0.13
2458493.3203883 10.90 0.12
2458493.3207355 11.02 0.13
2458493.3209091 10.97 0.13
2458493.3212563 10.92 0.12
2458493.3224716 10.83 0.11
2458493.3226452 10.93 0.12
2458493.3228188 10.96 0.13
2458493.3242090 10.77 0.11
2458493.3243824 10.94 0.12
2458493.3245559 10.89 0.12
2458493.3249028 10.87 0.12
2458493.3250762 10.84 0.11
2458493.3252497 10.87 0.12
2458493.3257702 10.86 0.12
2458493.3259438 11.06 0.14
2458493.3268119 10.86 0.11
2458493.3275063 10.86 0.11
2458493.3282008 11.00 0.13
2458493.3287216 10.89 0.12
2458493.3297633 10.86 0.11
2458493.3302841 10.77 0.10
2458493.3308049 10.97 0.13
2458493.3313258 11.16 0.15
2458493.3316730 10.99 0.13
2458493.3318466 10.74 0.10
2458493.3320202 10.85 0.11
2458493.3332355 10.82 0.11
2458493.3334091 10.96 0.12
2458493.3335827 11.05 0.13
2458493.3337563 11.06 0.14
2458493.3341036 11.01 0.13
2458493.3344508 10.93 0.12
2458493.3347980 10.91 0.12
2458493.3349716 11.07 0.14
2458493.3353188 10.79 0.11
2458493.3354924 10.94 0.12
2458493.3358397 10.74 0.10
2458493.3360133 10.99 0.13
2458493.3361882 10.84 0.11
2458493.3363616 11.01 0.13
2458493.3370554 10.98 0.13
2458493.3372288 11.04 0.14
2458493.3374023 10.88 0.12
2458493.3379230 10.93 0.12
2458493.3380966 11.05 0.14
2458493.3386174 10.89 0.12
2458493.3387910 10.95 0.13
2458493.3389647 11.06 0.14
2458493.3391383 10.90 0.12
2458493.3393119 11.02 0.13
2458493.3394855 11.00 0.13
2458493.3396591 10.91 0.12
2458493.3401799 10.94 0.12
2458493.3403536 10.85 0.11
2458493.3405272 11.03 0.13
2458493.3407008 10.92 0.12
2458493.3410480 10.98 0.13
2458493.3415688 10.91 0.12
2458493.3419161 10.90 0.12
2458493.3427841 10.80 0.11
2458493.3429577 11.13 0.15
2458493.3431313 10.94 0.12
2458493.3433049 11.00 0.13
2458493.3438258 10.97 0.13
2458493.3439994 11.06 0.14
2458493.3448674 10.81 0.11
2458493.3455619 10.70 0.10
2458493.3462563 10.97 0.13
2458493.3467772 10.83 0.11
2458493.3472980 10.90 0.12
2458493.3478188 10.70 0.10
2458493.3486876 10.89 0.12
2458493.3488611 10.92 0.12
2458493.3490345 10.91 0.12
2458493.3495549 10.86 0.12
2458493.3516383 10.80 0.11
2458493.3523327 10.84 0.11
2458493.3530272 10.87 0.12
2458493.3532008 10.96 0.13
2458493.3545897 10.92 0.12
2458493.3547633 10.89 0.12
2458493.3552841 10.79 0.11
2458493.3559786 10.92 0.12
2458493.3566730 10.93 0.12
2458493.3573674 10.94 0.12
2458493.3575411 11.12 0.15
2458493.3577147 10.85 0.12
2458493.3580619 10.92 0.12
2458493.3591036 10.92 0.12
2458493.3592772 10.93 0.12
2458493.3596244 11.02 0.13
2458493.3603199 10.92 0.12
2458493.3606668 10.93 0.12
2458493.3610137 10.87 0.12
2458493.3611871 10.78 0.11
2458493.3615341 10.95 0.13
2458493.3618813 10.80 0.11
2458493.3627494 10.96 0.13
2458493.3630966 10.92 0.12
2458493.3637911 10.87 0.11
2458493.3639647 10.96 0.13
2458493.3641383 11.02 0.13
2458493.3648327 11.01 0.13
2458493.3650063 10.80 0.11
2458493.3651799 10.91 0.12
2458493.3653536 10.89 0.12
2458493.3655272 11.02 0.13
2458493.3657008 11.00 0.13
2458493.3658744 10.95 0.12
2458493.3662216 10.97 0.13
2458493.3663952 11.00 0.13
2458493.3665688 10.87 0.12
2458493.3667424 10.93 0.12
2458493.3669161 10.87 0.12
2458493.3670897 10.81 0.11
2458493.3672633 10.97 0.13
2458493.3674369 10.88 0.12
2458493.3676105 11.01 0.13
2458493.3681313 11.11 0.15
2458493.3684785 10.94 0.12
2458493.3693466 10.81 0.11
2458493.3696938 10.79 0.11
2458493.3698674 10.97 0.13
2458493.3700410 11.06 0.14
2458493.3703883 11.04 0.14
2458493.3705619 11.12 0.15
2458493.3707355 10.77 0.11
2458493.3710827 10.99 0.13
2458493.3712563 10.82 0.11
2458493.3714299 10.91 0.12
2458493.3716036 11.01 0.13
2458493.3717772 10.79 0.11
2458493.3719508 10.76 0.11
2458493.3733397 10.68 0.10
2458493.3735133 11.12 0.15
2458493.3736869 10.94 0.13
2458493.3747286 11.00 0.13
2458493.3749022 11.01 0.13
2458493.3750758 10.91 0.12
2458493.3752494 11.03 0.14
2458493.3754230 11.10 0.14
2458493.3764647 10.99 0.13
2458493.3773327 11.02 0.14
2458493.3782008 11.06 0.14
2458493.3783744 10.93 0.13
2458493.3785480 11.01 0.14
2458493.3787216 11.03 0.14
2458493.3788952 11.01 0.14
2458493.3794161 10.91 0.12
2458493.3795897 10.98 0.13
2458493.3802841 10.93 0.13
2458493.3806313 10.98 0.13
2458493.3813258 10.83 0.12
2458493.3816730 10.96 0.13
2458493.3818466 10.90 0.12
2458493.3820202 10.75 0.11
2458493.3825411 10.95 0.13
2458493.3827147 10.99 0.14
2458493.3830619 10.93 0.13
2458493.3835827 10.99 0.13
2458493.3837563 10.88 0.12
2458493.3839313 10.71 0.10
2458493.3841048 10.94 0.13
2458493.3842782 10.87 0.12
2458493.3844517 11.07 0.14
2458493.3846251 10.95 0.13
2458493.3849720 10.96 0.13
2458493.3851454 10.83 0.12
2458493.3854924 10.97 0.13
2458493.3860133 10.97 0.13
2458493.3861869 10.96 0.13
2458493.3863605 11.14 0.15
2458493.3865341 10.87 0.12
2458493.3867077 10.87 0.12
2458493.3868813 11.10 0.15
2458493.3870549 10.92 0.13
2458493.3872286 11.01 0.14
2458493.3874022 10.92 0.13
2458493.3875758 11.00 0.14
2458493.3877494 10.90 0.12
2458493.3879230 11.03 0.14
2458493.3880966 10.92 0.13
2458493.3886174 10.79 0.11
2458493.3887911 11.13 0.15
2458493.3889647 11.03 0.14
2458493.3891383 10.89 0.12
2458493.3893119 10.73 0.11
2458493.3894855 10.98 0.14
2458493.3896591 10.98 0.13
2458493.3900063 10.89 0.12
2458493.3901799 10.99 0.14
2458493.3907008 10.93 0.13
2458493.3910480 10.76 0.11
2458493.3913952 11.08 0.15
2458493.3915688 10.93 0.13
2458493.3919160 10.88 0.12
2458493.3920897 11.00 0.14
2458493.3926105 11.04 0.14
2458493.3927841 10.84 0.12
2458493.3929577 10.87 0.12
2458493.3931313 11.00 0.14
2458493.3938258 10.85 0.12
2458493.3939994 11.04 0.14
2458493.3941730 10.94 0.13
2458493.3943466 10.84 0.12
2458493.3945202 10.91 0.13
2458493.3946938 10.83 0.12
2458493.3948674 10.82 0.12
2458493.3950411 11.07 0.15
2458493.3952147 11.09 0.15
2458493.3953883 11.06 0.15
2458493.3955619 10.87 0.12
2458493.3957355 10.91 0.13
2458493.3959105 10.94 0.13
2458493.3962574 10.90 0.12
2458493.3964308 11.19 0.16
2458493.3966043 10.94 0.13
2458493.3967777 11.17 0.16
2458493.3969511 11.03 0.14
2458493.3972980 11.02 0.14
2458493.3974716 10.84 0.12
2458493.3976452 10.97 0.13
2458493.3981661 10.87 0.12
2458493.3985133 10.85 0.12
2458493.4004230 11.04 0.15
2458493.4007702 10.82 0.12
2458493.4011174 11.04 0.15
2458493.4012910 10.94 0.13
2458493.4016383 10.94 0.13
2458493.4018119 10.92 0.13
2458493.4019855 11.15 0.16
2458493.4021591 10.88 0.13
2458493.4023327 11.07 0.15
2458493.4025063 11.05 0.15
2458493.4028536 10.83 0.12
2458493.4030272 11.11 0.15
2458493.4032008 10.93 0.13
2458493.4033744 10.97 0.14
2458493.4035480 10.93 0.13
2458493.4037216 11.04 0.14
2458493.4038952 10.81 0.12
2458493.4040688 11.02 0.14
2458493.4042424 10.89 0.13
2458493.4044161 11.13 0.16
2458493.4045897 11.01 0.14
2458493.4047633 11.04 0.14
2458493.4077147 10.72 0.11
2458493.4078896 11.18 0.17
2458493.4080630 10.85 0.12
2458493.4082365 10.89 0.13
2458493.4085833 11.02 0.14
2458493.4087568 11.02 0.14
2458493.4089302 10.99 0.14
2458493.4096244 11.02 0.14
2458493.4097980 10.89 0.13
2458493.4099716 10.99 0.14
2458493.4104924 11.04 0.15
2458493.4108397 11.01 0.15
2458493.4118813 10.68 0.11
2458493.4120549 10.98 0.14
2458493.4122286 10.93 0.13
2458493.4125758 10.97 0.14
2458493.4137911 10.77 0.12
2458493.4139647 11.07 0.15
2458493.4141383 11.10 0.16
2458493.4143119 11.08 0.16
2458493.4144855 10.91 0.13
2458493.4153535 11.02 0.15
2458493.4155272 10.86 0.13
2458493.4158744 10.84 0.13
2458494.3472517 10.73 0.15
2458494.3495086 10.66 0.14
2458494.3557586 10.65 0.17
2458495.1378883 10.61 0.15
2458495.1609785 10.64 0.15
2458495.1653188 10.74 0.16
2458495.1674022 10.63 0.14
2458495.1731313 10.73 0.16
2458495.1774716 10.74 0.16
2458495.1807702 10.74 0.15
2458495.1818119 10.81 0.17
2458495.1854577 10.63 0.14
2458495.1918813 10.64 0.14
2458495.1930966 10.65 0.14
2458495.1937910 10.82 0.16
2458495.1946591 10.76 0.15
2458495.1955278 10.66 0.14
2458495.1972633 10.88 0.17
2458495.2002147 10.83 0.16
2458495.2026452 10.66 0.14
2458495.2082008 10.73 0.15
2458495.2083744 10.63 0.14
2458495.2125411 10.64 0.14
2458495.2137563 10.76 0.15
2458495.2153188 10.80 0.15
2458495.2163605 10.60 0.13
2458495.2196596 10.66 0.14
2458495.2297286 10.66 0.13
2458495.2305966 10.66 0.13
2458495.2314654 10.76 0.15
2458495.2328535 10.69 0.14
2458495.2330272 10.83 0.15
2458495.2356313 10.84 0.16
2458495.2363258 10.75 0.14
2458495.2399716 10.71 0.14
2458495.2410133 10.79 0.15
2458495.2415341 10.79 0.15
2458495.2422286 10.77 0.14
2458495.2444855 10.81 0.15
2458495.2448327 10.82 0.15
2458495.2451799 10.85 0.16
2458495.2453536 10.76 0.14
2458495.2457008 10.81 0.15
2458495.2488258 10.88 0.16
2458495.2489994 10.65 0.13
2458495.2493466 10.79 0.15
2458495.2502147 10.90 0.16
2458495.2509091 10.76 0.14
2458495.2524716 10.84 0.15
2458495.2526452 10.67 0.13
2458495.2571591 10.82 0.15
2458495.2585480 10.89 0.16
2458495.2634091 10.76 0.14
2458495.2644508 10.70 0.13
2458495.2682702 10.81 0.15
2458495.2687911 10.77 0.14
2458495.2821591 10.94 0.16
2458495.2826799 10.75 0.13
2458495.2835480 10.85 0.15
2458495.2840688 10.97 0.16
2458495.2859785 10.88 0.15
2458495.2903188 10.84 0.15
2458495.2944855 10.78 0.14
2458495.2951799 10.85 0.15
2458495.2995202 10.92 0.16
2458495.3007355 10.88 0.15
2458495.3010827 10.90 0.15
2458495.3016035 10.91 0.16
2458495.3019508 10.91 0.15
2458495.3021244 10.80 0.14
2458495.3022980 10.85 0.15
2458495.3031671 10.86 0.15
2458495.3078536 10.89 0.15
2458495.3101105 10.78 0.14
2458495.3108049 10.74 0.13
2458495.3114994 10.99 0.17
2458495.3118466 10.76 0.14
2458495.3125411 10.83 0.15
2458495.3144508 10.69 0.13
2458498.1660017 10.87 0.15
2458498.1665238 10.96 0.16
2458498.1666972 10.68 0.13
2458498.1677379 10.74 0.13
2458498.1679114 10.82 0.14
2458498.1687795 10.74 0.13
2458498.1694739 10.95 0.16
2458498.1696475 10.74 0.13
2458498.1699947 10.89 0.15
2458498.1705156 10.88 0.15
2458498.1706892 10.88 0.15
2458498.1710364 10.81 0.14
2458498.1712100 10.84 0.14
2458498.1715572 10.84 0.14
2458498.1717309 10.82 0.14
2458498.1719045 10.89 0.15
2458498.1720781 10.69 0.12
2458498.1722517 10.91 0.15
2458498.1725989 10.93 0.15
2458498.1729461 10.83 0.14
2458498.1731198 10.75 0.13
2458498.1734670 10.90 0.15
2458498.1738142 10.85 0.14
2458498.1739878 10.98 0.16
2458498.1741614 10.83 0.14
2458498.1743350 10.75 0.13
2458498.1745086 10.93 0.15
2458498.1750295 10.69 0.12
2458498.1753767 10.92 0.15
2458498.1755503 10.86 0.14
2458498.1762447 10.79 0.13
2458498.1765920 10.84 0.14
2458498.1771128 10.66 0.12
2458498.1772864 10.86 0.14
2458498.1774600 10.94 0.15
2458498.1778072 10.90 0.14
2458498.1781545 10.75 0.12
2458498.1793701 10.86 0.14
2458498.1795436 10.80 0.13
2458498.1797170 10.90 0.14
2458498.1802378 10.95 0.15
2458498.1805850 10.64 0.11
2458498.1812795 10.92 0.14
2458498.1814531 10.73 0.12
2458498.1818003 11.00 0.15
2458498.1823211 10.79 0.13
2458498.1826684 10.68 0.12
2458498.1830156 10.85 0.14
2458498.1833628 10.93 0.14
2458498.1835364 10.76 0.13
2458498.1840572 10.98 0.15
2458498.1842309 10.97 0.15
2458498.1847517 10.72 0.12
2458498.1849253 10.87 0.14
2458498.1852725 10.80 0.13
2458498.1854461 10.90 0.14
2458498.1856197 10.81 0.13
2458498.1859670 11.04 0.16
2458498.1861406 10.80 0.13
2458498.1868350 10.96 0.15
2458498.1885711 10.90 0.14
2458498.1899600 10.56 0.10
2458498.1901336 10.77 0.12
2458498.1908281 10.84 0.13
2458498.1913489 10.81 0.13
2458498.1915225 10.88 0.14
2458498.1922170 10.71 0.12
2458498.1923906 10.98 0.15
2458498.1927378 10.78 0.12
2458498.1929114 10.92 0.14
2458498.1934322 10.76 0.12
2458498.1936059 10.82 0.13
2458498.1937795 10.78 0.12
2458498.1939531 10.94 0.14
2458498.1941267 10.88 0.13
2458498.1943003 10.82 0.13
2458498.1949947 10.83 0.13
2458498.1951684 10.96 0.14
2458498.1955156 10.78 0.12
2458498.1958628 10.83 0.13
2458498.1967315 10.94 0.14
2458498.1970784 10.96 0.14
2458498.1972519 10.74 0.12
2458498.1975989 10.98 0.14
2458498.1981198 10.87 0.13
2458498.1986406 10.66 0.11
2458498.1991614 10.90 0.13
2458498.1993350 10.99 0.14
2458498.2002031 11.08 0.15
2458498.2003767 11.04 0.15
2458498.2005503 10.77 0.12
2458498.2017656 10.96 0.14
2458498.2019392 10.92 0.13
2458498.2021128 10.86 0.13
2458498.2022864 10.87 0.13
2458498.2035017 11.02 0.14
2458498.2054114 10.83 0.12
2458498.2059323 10.71 0.11
2458498.2061059 10.91 0.13
2458498.2062795 10.83 0.12
2458498.2066267 10.65 0.10
2458498.2069739 10.75 0.11
2458498.2073211 10.89 0.13
2458498.2081904 10.68 0.11
2458498.2083638 10.66 0.10
2458498.2088841 10.97 0.14
2458498.2094045 10.85 0.12
2458498.2104461 10.75 0.11
2458498.2109670 10.85 0.12
2458498.2113142 10.89 0.13
2458498.2125295 10.74 0.11
2458498.2137448 10.72 0.11
2458498.2142656 10.96 0.14
2458498.2144392 10.99 0.14
2458498.2160017 10.85 0.12
2458498.2161753 10.84 0.12
2458498.2165225 10.88 0.12
2458498.2166961 10.85 0.12
2458498.2168697 10.85 0.12
2458498.2172170 10.85 0.12
2458498.2173906 10.76 0.11
2458498.2175642 10.77 0.11
2458498.2179114 10.74 0.11
2458498.2191267 10.88 0.12
2458498.2193003 10.74 0.11
2458498.2194739 10.91 0.13
2458498.2198225 10.78 0.11
2458498.2199960 10.94 0.13
2458498.2222517 10.95 0.14
2458498.2232934 10.82 0.11
2458498.2239878 10.84 0.12
2458498.2241614 10.73 0.10
2458498.2243350 11.17 0.16
2458498.2245086 10.86 0.12
2458498.2252031 10.96 0.13
2458498.2255503 10.77 0.11
2458498.2257239 10.80 0.11
2458498.2260711 11.07 0.14
2458498.2262447 10.89 0.12
2458498.2267656 11.12 0.15
2458498.2269392 10.89 0.12
2458498.2271128 10.85 0.12
2458498.2272864 11.09 0.15
2458498.2276336 10.82 0.12
2458498.2281545 10.91 0.13
2458498.2286753 10.89 0.12
2458498.2295434 11.00 0.14
2458498.2300642 10.88 0.12
2458498.2304114 10.87 0.12
2458498.2305850 11.02 0.14
2458498.2309322 11.00 0.14
2458498.2311059 11.04 0.14
2458498.2314531 10.94 0.13
2458498.2318016 10.87 0.12
2458498.2323219 11.17 0.16
2458498.2324954 10.77 0.11
2458498.2331892 10.84 0.12
2458498.2345781 10.87 0.12
2458498.2347517 10.92 0.13
2458498.2349253 10.88 0.12
2458498.2350989 10.77 0.11
2458498.2356198 10.80 0.12
2458498.2357934 10.92 0.13
2458498.2361406 10.96 0.14
2458498.2363142 11.07 0.15
2458498.2368350 11.01 0.14
2458498.2373559 10.85 0.12
2458498.2385711 10.77 0.12
2458498.2387447 11.10 0.16
2458498.2389184 10.94 0.14
2458498.2420434 11.07 0.15
2458498.2423906 10.88 0.13
2458498.2425642 10.97 0.14
2458498.2430850 10.93 0.13
2458498.2436073 10.90 0.13
2458498.2437807 10.86 0.13
2458498.2444745 10.99 0.14
2458498.2458628 10.99 0.14
2458498.2465572 10.97 0.14
2458498.2469045 10.92 0.13
2458498.2475989 10.92 0.13
2458498.2477725 10.92 0.13
2458498.2481197 11.00 0.14
2458498.2482934 10.88 0.13
2458498.2484670 11.00 0.14
2458498.2488142 10.88 0.13
2458498.2489878 10.89 0.13
2458498.2491614 10.94 0.13
2458498.2493350 10.98 0.14
2458498.2498559 10.97 0.14
2458498.2500295 10.93 0.13
2458498.2502031 10.90 0.13
2458498.2503767 10.96 0.14
2458498.2505503 10.69 0.11
2458498.2519392 10.80 0.13
2458498.2521128 11.06 0.16
2458498.2538489 10.79 0.12
2458498.2543697 10.89 0.14
2458498.2545434 10.81 0.12
2458498.2552378 11.08 0.16
2458498.2554114 10.68 0.11
2458498.2555863 10.86 0.13
2458498.2557598 10.73 0.12
2458498.2568004 10.94 0.14
2458498.2573211 11.01 0.15
2458498.2576684 10.93 0.14
2458498.2580156 10.81 0.13
2458498.2583628 10.89 0.13
2458498.2590573 10.90 0.14
2458498.2592309 10.92 0.14
2458498.2594045 10.76 0.12
2458498.2595781 10.80 0.12
2458498.2597517 10.96 0.14
2458498.2599253 10.92 0.14
2458498.2607934 10.92 0.14
2458498.2613142 10.89 0.13
2458498.2614878 11.03 0.15
2458498.2616614 10.99 0.15
2458498.2618350 10.95 0.14
2458498.2620086 10.75 0.12
2458498.2627031 10.72 0.10
2458498.2632239 10.82 0.10
2458498.2649600 10.96 0.13
2458498.2651336 11.02 0.13
2458498.2653072 10.83 0.11
2458498.2654809 10.96 0.12
2458498.2656545 11.17 0.15
2458498.2658281 11.04 0.13
2458498.2663489 10.87 0.11
2458498.2672170 10.72 0.10
2458498.2673906 10.90 0.12
2458498.2675655 11.04 0.13
2458498.2680858 10.94 0.12
2458498.2682593 10.98 0.12
2458498.2684327 11.02 0.13
2458498.2698211 11.02 0.13
2458498.2701684 10.84 0.11
2458498.2706892 10.75 0.10
2458498.2712100 11.05 0.13
2458498.2713836 10.98 0.12
2458498.2715572 10.97 0.12
2458498.2717309 11.00 0.12
2458498.2720781 11.08 0.14
2458498.2722517 10.93 0.12
2458498.2724253 11.03 0.13
2458498.2725989 11.00 0.12
2458498.2727725 11.22 0.15
2458498.2741614 10.77 0.10
2458498.2743350 11.00 0.12
2458498.2746823 10.95 0.12
2458498.2748559 10.97 0.12
2458498.2750295 10.93 0.12
2458498.2753767 11.03 0.12
2458498.2757239 11.02 0.12
2458498.2760711 10.86 0.11
2458498.2762448 10.78 0.10
2458498.2764184 11.15 0.14
2458498.2767656 11.13 0.14
2458498.2769392 11.01 0.12
2458498.2771128 11.01 0.13
2458498.2772864 11.00 0.12
2458498.2774600 10.90 0.11
2458498.2781545 10.92 0.11
2458498.2783281 10.90 0.11
2458498.2785017 10.90 0.11
2458498.2786753 10.86 0.11
2458498.2791961 10.99 0.12
2458498.2793697 11.12 0.14
2458498.2797182 11.20 0.15
2458498.2807589 11.20 0.15
2458498.2811059 10.99 0.12
2458498.2812795 10.97 0.12
2458498.2814531 10.89 0.11
2458498.2816267 10.97 0.12
2458498.2818003 11.01 0.12
2458498.2819739 11.00 0.12
2458498.2828420 11.05 0.13
2458498.2830156 11.09 0.13
2458498.2831892 11.10 0.13
2458498.2837100 11.06 0.13
2458498.2838836 10.99 0.12
2458498.2840573 10.99 0.12
2458498.2844045 11.06 0.13
2458498.2845781 10.89 0.11
2458498.2847517 10.87 0.11
2458498.2849253 10.99 0.12
2458498.2850989 11.05 0.13
2458498.2856197 10.87 0.11
2458498.2861406 11.07 0.13
2458498.2868350 11.04 0.13
2458498.2870086 10.97 0.12
2458498.2875295 10.86 0.11
2458498.2878767 10.94 0.12
2458498.2882239 10.98 0.12
2458498.2883975 11.04 0.13
2458498.2887447 11.05 0.13
2458498.2903073 11.03 0.13
2458498.2911753 11.02 0.13
2458498.2913489 10.88 0.11
2458498.2915239 10.89 0.11
2458498.2916974 10.89 0.12
2458498.2920443 10.85 0.11
2458498.2923912 10.97 0.13
2458498.2929115 10.94 0.12
2458498.2930850 10.86 0.11
2458498.2932586 10.87 0.12
2458498.2936059 10.82 0.11
2458498.2937795 11.01 0.13
2458498.2939531 10.93 0.12
2458498.2941267 10.85 0.11
2458498.2944739 10.87 0.13
2458498.2946475 10.97 0.13
2458498.2949947 11.08 0.14
2458498.2951684 10.86 0.11
2458498.2953420 10.94 0.12
2458498.2958628 11.05 0.13
2458498.2960364 10.65 0.09
2458498.2962100 10.98 0.12
2458498.2963836 10.85 0.11
2458498.2965572 10.85 0.11
2458498.2969045 10.98 0.12
2458498.2972517 10.99 0.13
2458498.2974253 11.07 0.13
2458498.2975989 10.94 0.12
2458498.2977725 10.86 0.11
2458498.2979461 10.96 0.12
2458498.2981198 11.01 0.13
2458498.2982934 11.05 0.13
2458498.2984670 10.83 0.11
2458498.2988142 10.98 0.12
2458498.2989878 10.98 0.12
2458498.2991614 10.85 0.11
2458498.2993350 10.93 0.12
2458498.2995086 10.88 0.11
2458498.2996823 11.20 0.15
2458498.2998559 11.10 0.14
2458498.3000295 10.90 0.12
2458498.3002031 11.06 0.13
2458498.3003767 10.89 0.12
2458498.3005503 10.94 0.12
2458498.3007239 10.83 0.11
2458498.3010711 10.94 0.12
2458498.3012447 10.86 0.11
2458498.3014184 10.90 0.12
2458498.3015920 10.95 0.12
2458498.3017656 10.92 0.12
2458498.3019392 10.92 0.11
2458498.3021128 10.96 0.12
2458498.3022864 10.94 0.12
2458498.3026336 11.15 0.14
2458498.3029809 11.02 0.13
2458498.3033281 10.75 0.10
2458498.3035017 10.68 0.09
2458498.3038500 10.78 0.10
2458498.3040235 10.87 0.11
2458498.3047172 11.03 0.13
2458498.3048907 10.70 0.09
2458498.3050642 11.04 0.13
2458498.3052378 10.95 0.12
2458498.3054114 10.93 0.12
2458498.3057586 10.91 0.11
2458498.3059323 10.99 0.12
2458498.3061059 11.04 0.13
2458498.3062795 11.01 0.13
2458498.3066267 10.94 0.12
2458498.3069739 10.94 0.12
2458498.3071475 11.21 0.15
2458498.3073211 10.96 0.12
2458498.3074948 10.83 0.11
2458498.3076684 11.01 0.13
2458498.3078420 10.74 0.10
2458498.3080156 11.12 0.14
2458498.3081892 10.86 0.11
2458498.3085364 10.86 0.11
2458498.3087100 10.87 0.11
2458498.3090572 10.91 0.12
2458498.3095781 10.82 0.11
2458498.3099253 10.83 0.11
2458498.3102725 10.81 0.11
2458498.3106197 10.93 0.12
2458498.3107934 10.99 0.13
2458498.3109670 11.16 0.15
2458498.3111406 10.90 0.12
2458498.3113142 11.03 0.13
2458498.3114878 10.89 0.12
2458498.3118350 10.88 0.11
2458498.3123559 10.89 0.12
2458498.3125295 10.69 0.10
2458498.3127031 10.87 0.11
2458498.3128767 10.87 0.11
2458498.3135711 10.99 0.13
2458498.3137448 10.92 0.12
2458498.3139184 10.74 0.10
2458498.3140920 10.85 0.11
2458498.3142656 10.90 0.12
2458498.3144392 11.01 0.13
2458498.3147864 11.01 0.13
2458498.3149600 10.97 0.12
2458498.3154809 10.87 0.11
2458498.3158292 10.85 0.11
2458498.3160027 10.90 0.12
2458498.3161761 10.85 0.11
2458498.3163496 10.78 0.11
2458498.3165230 10.87 0.12
2458498.3166965 10.67 0.10
2458498.3168699 10.88 0.12
2458498.3172170 10.76 0.10
2458498.3173906 11.07 0.14
2458498.3177378 10.91 0.12
2458498.3179114 10.88 0.11
2458500.2355966 10.76 0.14
2458500.2362910 10.84 0.15
2458500.2375063 10.80 0.14
2458500.2385480 10.97 0.16
2458500.2394161 10.76 0.14
2458500.2395897 10.80 0.14
2458500.2413258 10.86 0.15
2458500.2425410 10.93 0.16
2458500.2442772 10.84 0.14
2458500.2465341 10.93 0.15
2458500.2467077 10.82 0.14
2458500.2474022 10.96 0.15
2458500.2479230 11.02 0.16
2458500.2487910 10.91 0.15
2458500.2500063 10.83 0.14
2458500.2510480 10.96 0.15
2458500.2512216 10.82 0.14
2458500.2545202 10.90 0.15
2458500.2546938 10.81 0.13
2458500.2559091 10.68 0.12
2458500.2562563 10.81 0.13
2458500.2593813 10.91 0.14
2458500.2595549 10.81 0.13
2458500.2597285 10.94 0.15
2458500.2599022 10.98 0.15
2458500.2602494 10.93 0.15
2458500.2604230 10.94 0.15
2458500.2605966 10.94 0.15
2458500.2611174 11.02 0.16
2458500.2618119 10.94 0.15
2458500.2623327 10.80 0.13
2458500.2625063 10.78 0.13
2458500.2626799 11.03 0.16
2458500.2628535 10.97 0.15
2458500.2630272 10.87 0.14
2458500.2632008 10.93 0.14
2458500.2633744 10.78 0.13
2458500.2635480 11.14 0.17
2458500.2637216 10.93 0.14
2458500.2645897 10.87 0.13
2458500.2649369 11.01 0.15
2458500.2661522 10.85 0.13
2458500.2673674 10.88 0.13
2458500.2675410 10.90 0.14
2458500.2699716 10.93 0.14
2458500.2703188 10.88 0.14
2458500.2715341 10.90 0.14
2458500.2722285 10.96 0.15
2458500.2737910 10.95 0.14
2458500.2744855 11.03 0.16
2458500.2757008 10.82 0.13
2458500.2758744 10.96 0.14
2458500.2763952 10.87 0.13
2458500.2765688 11.00 0.15
2458500.2772633 10.92 0.14
2458500.2774369 11.01 0.15
2458500.2777841 10.96 0.15
2458500.2803896 10.74 0.12
2458500.2805631 10.83 0.13
2458500.2807365 10.92 0.14
2458500.2819508 10.82 0.12
2458500.2831660 10.87 0.13
2458500.2850758 10.71 0.11
2458500.2852494 10.91 0.14
2458500.2875063 10.93 0.14
2458500.2897633 10.80 0.12
2458500.2899369 10.83 0.12
2458500.2901105 10.95 0.14
2458500.2904577 10.99 0.14
2458500.2914994 10.82 0.12