2458467.3675459 11.07 0.16
2458467.3725806 11.06 0.16
2458467.3729278 11.02 0.15
2458467.3744903 11.03 0.15
2458467.3746639 10.94 0.14
2458467.3758801 10.92 0.14
2458467.3764005 10.75 0.12
2458467.3779625 10.90 0.14
2458467.3784834 10.99 0.15
2458467.3793514 10.92 0.14
2458467.3796986 10.98 0.15
2458467.3798723 10.90 0.14
2458467.3802195 10.88 0.14
2458467.3810875 10.92 0.14
2458467.3823028 11.04 0.16
2458467.3826500 11.13 0.17
2458467.3828236 10.89 0.14
2458467.3836917 10.95 0.14
2458467.3838653 10.85 0.13
2458467.3840389 11.02 0.15
2458467.3849070 10.92 0.14
2458467.3850806 11.12 0.17
2458467.3852542 11.00 0.15
2458467.3871639 10.99 0.15
2458467.3885530 10.91 0.14
2458467.3889000 10.83 0.13
2458467.3895945 10.93 0.14
2458467.3899417 11.06 0.16
2458467.3904625 10.88 0.14
2458467.3908098 11.01 0.15
2458467.3911570 11.00 0.15
2458467.3916778 10.98 0.15
2458467.3923722 10.94 0.14
2458467.3932403 11.07 0.16
2458467.3941084 10.99 0.15
2458467.3946292 10.97 0.15
2458467.3958445 10.95 0.15
2458467.3960181 10.93 0.15
2458467.3963653 10.95 0.15
2458467.3967125 10.96 0.15
2458467.3970598 11.05 0.16
2458467.3977542 10.97 0.15
2458467.3979278 10.85 0.13
2458467.3984486 11.07 0.16
2458467.3989695 10.88 0.14
2458467.4005321 10.98 0.15
2458467.4019209 10.90 0.14
2458467.4034834 10.92 0.14
2458467.4045250 10.84 0.13
2458467.4052195 10.80 0.13
2458467.4053931 10.94 0.14
2458467.4067820 10.98 0.15
2458467.4074764 10.99 0.15
2458467.4079972 10.92 0.14
2458467.4081709 10.95 0.15
2458467.4083445 10.93 0.15
2458467.4092125 11.05 0.16
2458467.4093861 11.00 0.16
2458467.4097334 10.94 0.15
2458467.4102542 10.89 0.14
2458467.4107750 10.95 0.15
2458467.4109486 10.84 0.13
2458467.4114705 10.85 0.14
2458467.4116440 10.93 0.15
2458467.4126848 10.99 0.15
2458467.4132056 10.81 0.13
2458467.4133792 10.86 0.14
2458467.4137264 10.91 0.14
2458467.4139000 11.02 0.16
2458467.4142473 10.85 0.14
2458467.4144209 10.66 0.11
2458467.4149417 10.98 0.15
2458467.4156361 10.92 0.15
2458467.4161570 10.92 0.15
2458467.4166778 10.93 0.15
2458467.4168514 10.92 0.15
2458467.4173722 10.86 0.14
2458467.4180667 10.99 0.16
2458469.3667865 10.96 0.11
2458469.3670135 10.92 0.10
2458469.3671871 10.93 0.10
2458469.3673607 11.05 0.11
2458469.3675343 11.13 0.12
2458469.3677079 10.99 0.11
2458469.3678815 11.12 0.12
2458469.3680551 11.07 0.12
2458469.3682287 11.01 0.11
2458469.3684023 10.94 0.10
2458469.3685760 11.23 0.14
2458469.3687496 11.06 0.12
2458469.3689232 11.11 0.12
2458469.3690968 11.01 0.11
2458469.3694440 11.12 0.12
2458469.3696176 10.97 0.11
2458469.3697912 11.12 0.12
2458469.3699648 11.01 0.11
2458469.3701384 11.10 0.12
2458469.3703121 10.91 0.10
2458469.3704857 11.16 0.13
2458469.3706593 10.96 0.11
2458469.3710065 11.11 0.12
2458469.3711801 11.16 0.13
2458469.3713537 11.05 0.11
2458469.3715273 11.02 0.11
2458469.3717009 11.05 0.11
2458469.3718746 11.08 0.12
2458469.3720482 10.93 0.10
2458469.3722218 11.20 0.13
2458469.3723954 11.05 0.11
2458469.3725690 10.99 0.11
2458469.3727426 11.04 0.12
2458469.3729162 11.14 0.12
2458469.3730898 10.85 0.10
2458469.3732635 11.05 0.12
2458469.3734371 10.95 0.10
2458469.3736107 11.23 0.14
2458469.3737843 11.07 0.12
2458469.3739579 11.14 0.13
2458469.3741315 11.17 0.13
2458469.3743051 11.17 0.13
2458469.3744787 11.06 0.12
2458469.3746524 11.06 0.12
2458469.3748260 10.98 0.11
2458469.3749996 11.12 0.12
2458469.3751732 11.22 0.13
2458469.3753468 11.16 0.13
2458469.3755204 11.01 0.11
2458469.3756940 11.02 0.11
2458469.3758676 11.05 0.12
2458469.3760425 10.92 0.10
2458469.3762159 11.09 0.12
2458469.3763894 11.06 0.12
2458469.3765628 11.06 0.12
2458469.3767363 11.04 0.11
2458469.3769097 11.05 0.11
2458469.3770832 11.07 0.12
2458469.3772566 11.13 0.12
2458469.3774301 10.98 0.11
2458469.3776037 11.05 0.11
2458469.3777773 11.04 0.11
2458469.3779510 10.98 0.11
2458469.3781246 11.05 0.11
2458469.3782982 11.02 0.11
2458469.3784718 11.29 0.14
2458469.3786454 11.25 0.14
2458488.3068468 10.95 0.13
2458488.3130969 11.05 0.15
2458488.3134441 10.96 0.14
2458488.3136177 10.94 0.13
2458488.3139649 11.11 0.16
2458488.3141385 10.99 0.14
2458488.3143121 10.87 0.13
2458488.3146593 10.90 0.13
2458488.3150066 10.88 0.13
2458488.3163955 11.02 0.15
2458488.3169163 10.90 0.13
2458488.3170899 11.04 0.15
2458488.3177844 11.01 0.14
2458488.3179580 10.98 0.14
2458488.3181316 10.79 0.12
2458488.3186524 11.00 0.14
2458488.3193469 11.05 0.15
2458488.3195205 11.16 0.17
2458488.3196941 10.95 0.14
2458488.3198677 10.91 0.13
2458488.3202149 11.10 0.16
2458488.3203885 10.92 0.13
2458488.3209094 10.95 0.14
2458488.3214314 10.90 0.13
2458488.3217783 10.89 0.13
2458488.3219517 10.96 0.14
2458488.3221252 10.92 0.14
2458488.3231663 10.85 0.13
2458488.3233399 11.07 0.15
2458488.3238607 10.98 0.14
2458488.3247288 10.97 0.14
2458488.3249024 10.94 0.14
2458488.3250760 10.83 0.12
2458488.3259441 10.96 0.14
2458488.3262913 10.90 0.13
2458488.3268121 10.89 0.13
2458488.3271594 10.89 0.13
2458488.3275066 10.95 0.14
2458488.3276802 10.93 0.14
2458488.3278538 10.93 0.14
2458488.3282010 10.97 0.14
2458488.3285482 11.01 0.15
2458488.3287218 10.96 0.14
2458488.3292427 10.95 0.14
2458488.3297635 10.96 0.14
2458488.3301107 10.87 0.13
2458488.3302843 10.92 0.14
2458488.3304580 10.99 0.15
2458488.3309788 10.94 0.14
2458488.3314996 10.95 0.14
2458488.3316732 11.01 0.15
2458488.3320205 10.90 0.13
2458488.3323677 10.98 0.14
2458488.3325413 10.80 0.12
2458488.3332370 10.91 0.13
2458488.3334105 10.94 0.14
2458488.3339308 11.03 0.15
2458488.3341043 10.92 0.14
2458488.3344511 11.11 0.16
2458488.3351455 11.01 0.15
2458488.3360135 10.87 0.13
2458488.3365344 10.89 0.14
2458488.3367080 10.83 0.13
2458488.3368816 10.88 0.13
2458488.3380968 10.92 0.14
2458488.3391385 11.02 0.15
2458488.3396593 11.01 0.15
2458488.3401802 11.07 0.16
2458488.3408746 10.94 0.14
2458488.3412219 11.03 0.15
2458488.3415691 11.04 0.16
2458488.3420899 11.12 0.17
2458488.3422635 10.94 0.14
2458488.3429580 10.83 0.13
2458488.3431316 10.86 0.13
2458488.3441732 11.06 0.16
2458488.3443469 11.00 0.15
2458488.3445205 10.89 0.14
2458488.3448677 11.05 0.16
2458488.3455631 11.08 0.16
2458488.3462569 11.01 0.15
2458488.3476455 11.03 0.15
2458488.3478191 10.99 0.15
2458488.3479927 10.97 0.15
2458488.3492080 11.00 0.15
2458488.3493816 10.98 0.15
2458488.3497288 10.93 0.14
2458488.3500760 11.09 0.16
2458488.3507705 10.95 0.14
2458488.3512913 10.93 0.14
2458488.3518121 10.98 0.15
2458488.3523330 11.01 0.15
2458488.3537218 10.79 0.12
2458488.3542427 11.05 0.16
2458488.3547635 11.12 0.17
2458488.3564996 10.94 0.14
2458488.3568469 11.03 0.15
2458488.3575422 11.05 0.16
2458488.3580625 10.87 0.13
2458488.3582360 10.93 0.14
2458488.3584094 10.94 0.14
2458488.3585830 10.94 0.14
2458488.3601455 10.84 0.13
2458488.3603191 11.03 0.15
2458488.3610135 10.99 0.15
2458488.3620552 10.92 0.14
2458488.3625760 10.89 0.13
2458488.3636177 11.01 0.15
2458488.3641385 10.80 0.13
2458488.3643121 11.00 0.15
2458488.3648330 11.02 0.15
2458488.3650066 10.73 0.12
2458488.3663955 11.02 0.15
2458488.3665691 10.94 0.14
2458488.3669163 11.10 0.17
2458488.3672635 11.00 0.15
2458488.3677844 10.98 0.15
2458488.3688260 11.01 0.15
2458488.3691744 10.99 0.15
2458488.3693479 10.82 0.13
2458488.3696948 10.97 0.15
2458488.3700417 11.04 0.16
2458488.3702150 10.78 0.12
2458488.3703885 10.94 0.14
2458488.3721246 10.99 0.15
2458488.3731663 10.93 0.14
2458488.3742080 10.98 0.15
2458493.2643003 11.05 0.14
2458493.2677725 11.06 0.14
2458493.2696822 11.02 0.13
2458493.2712448 10.95 0.13
2458493.2721128 11.16 0.16
2458493.2750642 11.06 0.14
2458493.2755850 11.18 0.16
2458493.2771475 11.16 0.15
2458493.2773211 11.02 0.14
2458493.2781904 11.17 0.16
2458493.2783638 11.11 0.15
2458493.2797517 11.06 0.14
2458493.2800989 11.07 0.14
2458493.2807934 11.14 0.15
2458493.2809670 11.11 0.15
2458493.2811406 10.94 0.13
2458493.2813142 11.11 0.15
2458493.2814878 10.96 0.13
2458493.2820086 10.91 0.12
2458493.2825295 11.05 0.14
2458493.2827031 11.19 0.16
2458493.2833975 11.17 0.16
2458493.2835711 11.18 0.16
2458493.2839184 11.13 0.15
2458493.2840920 11.01 0.14
2458493.2844392 10.85 0.12
2458493.2846128 11.05 0.14
2458493.2847864 10.96 0.13
2458493.2849600 11.15 0.15
2458493.2851336 11.13 0.15
2458493.2854809 10.98 0.13
2458493.2856545 11.12 0.15
2458493.2858281 11.12 0.15
2458493.2866961 11.07 0.14
2458493.2870434 10.93 0.13
2458493.2872170 11.11 0.15
2458493.2906898 11.09 0.14
2458493.2910367 10.97 0.13
2458493.2922517 11.04 0.14
2458493.2924253 10.98 0.13
2458493.2932934 11.14 0.15
2458493.2945086 11.07 0.14
2458493.2952031 11.16 0.15
2458493.2953767 11.08 0.14
2458493.2955503 11.03 0.14
2458493.2960711 11.01 0.14
2458493.2964184 10.93 0.13
2458493.2981545 11.09 0.15
2458493.2983281 11.17 0.16
2458493.2986753 11.06 0.14
2458493.2990225 11.00 0.13
2458493.2997170 11.05 0.14
2458493.2998906 11.07 0.14
2458493.3000642 11.12 0.15
2458493.3005850 10.95 0.13
2458493.3007586 11.09 0.15
2458493.3018931 10.99 0.13
2458493.3021591 11.06 0.14
2458493.3026799 11.06 0.14
2458493.3030272 11.17 0.16
2458493.3037216 11.16 0.16
2458493.3040688 10.96 0.13
2458493.3042424 11.06 0.14
2458493.3054577 11.28 0.17
2458493.3092772 11.05 0.14
2458493.3097980 11.08 0.14
2458493.3106661 11.03 0.14
2458493.3108397 11.13 0.15
2458493.3113605 11.00 0.13
2458493.3124033 11.06 0.14
2458493.3139647 11.13 0.15
2458493.3214299 11.16 0.15
2458493.3219508 11.02 0.13
2458493.3222980 11.15 0.15
2458493.3224716 11.12 0.15
2458493.3231662 11.10 0.14
2458493.3235133 11.03 0.13
2458493.3236869 11.18 0.16
2458493.3255966 11.27 0.17
2458493.3257702 11.05 0.14
2458493.3268119 11.03 0.13
2458493.3271591 11.00 0.13
2458493.3280272 10.89 0.12
2458493.3282008 11.17 0.15
2458493.3297633 11.14 0.15
2458493.3320202 11.12 0.14
2458493.3328883 10.97 0.13
2458493.3330619 10.86 0.11
2458493.3353188 10.95 0.13
2458493.3358397 11.09 0.14
2458493.3363616 10.95 0.13
2458493.3377494 11.10 0.14
2458493.3415688 11.06 0.14
2458493.3424369 11.12 0.15
2458493.3427841 11.12 0.15
2458493.3433049 11.11 0.15
2458493.3434786 11.20 0.16
2458493.3439994 11.11 0.15
2458493.3443466 11.05 0.14
2458493.3448674 10.98 0.13
2458493.3455619 11.25 0.17
2458493.3457355 11.15 0.15
2458493.3479924 11.17 0.16
2458493.3483408 11.12 0.15
2458493.3485142 11.03 0.14
2458493.3499022 11.18 0.16
2458493.3504230 11.17 0.15
2458493.3507702 11.12 0.15
2458493.3509438 11.08 0.14
2458493.3516383 11.06 0.14
2458493.3518119 11.09 0.14
2458493.3519855 11.13 0.15
2458493.3526799 11.18 0.15
2458493.3538952 10.96 0.13
2458493.3540688 11.00 0.13
2458493.3544160 10.99 0.13
2458493.3545897 11.06 0.14
2458493.3547633 11.06 0.14
2458493.3551105 11.17 0.15
2458493.3554577 11.11 0.15
2458493.3556313 11.14 0.15
2458493.3558049 11.19 0.16
2458493.3563258 11.08 0.14
2458493.3564994 11.08 0.14
2458493.3566730 11.07 0.14
2458493.3568466 11.26 0.17
2458493.3570202 11.04 0.14
2458493.3571938 11.01 0.13
2458493.3577147 11.11 0.15
2458493.3592772 11.03 0.13
2458493.3596244 11.11 0.15
2458493.3601465 11.14 0.15
2458493.3611871 10.93 0.13
2458493.3613606 10.98 0.13
2458493.3618813 11.20 0.16
2458493.3624022 10.98 0.13
2458493.3637911 11.15 0.15
2458493.3643119 11.00 0.13
2458493.3655272 11.02 0.13
2458493.3657008 11.04 0.14
2458493.3658744 10.92 0.12
2458493.3663952 10.95 0.13
2458493.3669161 11.03 0.14
2458493.3672633 11.10 0.15
2458493.3681313 10.90 0.12
2458493.3696938 11.05 0.14
2458493.3698674 11.16 0.16
2458493.3702147 11.05 0.14
2458493.3705619 10.93 0.13
2458493.3707355 11.15 0.15
2458493.3709091 11.15 0.15
2458493.3710827 11.16 0.15
2458493.3717772 11.08 0.14
2458493.3719508 11.12 0.15
2458493.3724725 11.06 0.14
2458493.3729928 10.95 0.13
2458493.3731663 11.06 0.14
2458493.3736869 11.03 0.14
2458493.3742077 11.03 0.14
2458493.3743813 10.96 0.13
2458493.3749022 10.98 0.13
2458493.3755966 11.06 0.14
2458493.3757702 11.08 0.14
2458493.3762910 11.12 0.15
2458493.3766383 11.02 0.14
2458493.3773327 11.05 0.14
2458493.3778535 10.95 0.13
2458493.3782008 11.10 0.15
2458493.3783744 11.19 0.16
2458493.3785480 11.13 0.15
2458493.3788952 11.17 0.16
2458493.3794161 10.87 0.12
2458493.3801105 11.08 0.15
2458493.3809786 11.14 0.15
2458493.3811522 11.13 0.15
2458493.3813258 11.01 0.14
2458493.3818466 11.11 0.15
2458493.3820202 11.18 0.16
2458493.3821938 11.12 0.15
2458493.3823674 10.98 0.13
2458493.3825411 11.13 0.15
2458493.3828883 11.11 0.15
2458493.3832355 11.09 0.15
2458493.3835827 11.03 0.14
2458493.3839313 11.03 0.14
2458493.3841048 10.96 0.13
2458493.3842782 10.81 0.12
2458493.3849720 11.09 0.15
2458493.3865341 11.15 0.16
2458493.3867077 10.99 0.14
2458493.3868813 10.96 0.13
2458493.3872286 10.78 0.11
2458493.3875758 11.20 0.16
2458493.3879230 10.99 0.14
2458493.3880966 11.13 0.16
2458493.3882702 11.15 0.16
2458493.3884438 10.95 0.13
2458493.3887911 11.16 0.16
2458493.3889647 11.15 0.16
2458493.3893119 11.13 0.15
2458493.3896591 10.82 0.12
2458493.3901799 10.97 0.13
2458493.3903536 11.19 0.16
2458493.3905272 11.14 0.16
2458493.3912216 11.09 0.15
2458493.3913952 11.01 0.14
2458493.3915688 11.08 0.15
2458493.3917424 11.06 0.15
2458493.3919160 11.02 0.14
2458493.3920897 11.01 0.14
2458493.3924369 11.01 0.14
2458493.3926105 11.03 0.14
2458493.3931313 10.99 0.14
2458493.3933049 11.10 0.15
2458493.3941730 10.93 0.13
2458493.3943466 10.88 0.12
2458493.3945202 11.15 0.16
2458493.3946938 11.17 0.16
2458493.3948674 11.01 0.14
2458493.3952147 11.06 0.15
2458493.3953883 11.05 0.15
2458493.3955619 11.12 0.16
2458493.3957355 10.99 0.14
2458493.3959105 11.00 0.14
2458493.3962574 11.12 0.15
2458493.3966043 11.00 0.14
2458493.3969511 10.99 0.14
2458493.3971246 11.09 0.15
2458493.3972980 10.96 0.13
2458493.3974716 11.10 0.15
2458493.3976452 11.06 0.15
2458493.3978188 11.02 0.14
2458493.3981661 11.03 0.14
2458493.3983397 10.99 0.14
2458493.3985133 11.05 0.15
2458493.3986869 11.08 0.15
2458493.3990341 11.04 0.15
2458493.3993813 11.10 0.15
2458493.4000758 11.01 0.14
2458493.4004230 11.00 0.14
2458493.4005966 10.96 0.13
2458493.4009438 11.10 0.15
2458493.4011174 11.01 0.14
2458493.4012910 10.95 0.13
2458493.4014647 11.21 0.17
2458493.4016383 11.06 0.15
2458493.4023327 10.97 0.14
2458493.4025063 11.12 0.16
2458493.4028536 11.02 0.14
2458493.4038952 11.05 0.15
2458493.4040688 11.16 0.16
2458493.4042424 11.15 0.16
2458493.4044161 11.10 0.16
2458493.4049369 10.88 0.13
2458493.4054577 11.13 0.16
2458493.4059786 11.04 0.15
2458493.4063258 11.00 0.14
2458493.4064994 10.97 0.14
2458493.4066730 10.90 0.13
2458493.4071938 10.88 0.13
2458493.4073674 11.05 0.15
2458493.4075410 10.98 0.14
2458493.4077147 11.06 0.15
2458493.4078896 11.06 0.15
2458493.4087568 10.98 0.14
2458493.4089302 11.01 0.14
2458493.4091037 10.82 0.12
2458493.4092772 11.13 0.16
2458493.4094508 11.11 0.16
2458493.4096244 10.90 0.13
2458493.4097980 11.15 0.17
2458493.4099716 10.87 0.13
2458493.4101452 11.01 0.14
2458493.4103188 11.07 0.15
2458493.4111869 11.04 0.15
2458493.4118813 11.09 0.16
2458493.4125758 10.97 0.14
2458493.4136174 11.04 0.15
2458493.4141383 11.02 0.15
2458493.4143119 11.04 0.15
2458493.4144855 10.99 0.14
2458493.4146591 11.15 0.17
2458493.4151799 11.02 0.15
2458493.4155272 11.07 0.16
2458494.3448211 10.51 0.15
2458494.3449948 10.56 0.15
2458494.3453420 10.52 0.13
2458494.3455156 10.63 0.14
2458494.3462100 10.63 0.14
2458494.3463836 10.64 0.14
2458494.3467309 10.78 0.16
2458494.3470781 10.65 0.14
2458494.3477725 10.73 0.15
2458494.3479462 10.49 0.12
2458494.3481197 10.58 0.13
2458494.3491614 10.47 0.12
2458494.3493350 10.65 0.15
2458494.3496822 10.56 0.13
2458494.3503767 10.66 0.15
2458494.3507239 10.66 0.15
2458494.3508975 10.69 0.15
2458494.3510711 10.55 0.14
2458494.3515920 10.64 0.15
2458494.3517656 10.41 0.13
2458494.3519392 10.52 0.14
2458494.3521128 10.62 0.15
2458494.3531545 10.51 0.14
2458494.3536765 10.46 0.13
2458494.3538500 10.49 0.14
2458494.3540234 10.52 0.14
2458494.3541969 10.58 0.15
2458494.3545438 10.55 0.15
2458494.3550642 10.49 0.15
2458494.3552378 10.40 0.13
2458494.3574947 10.32 0.15
2458494.3576684 10.38 0.16
2458494.3578420 10.23 0.14
2458494.3583628 10.27 0.14
2458494.3587100 10.12 0.13
2458494.3616614 10.30 0.16
2458494.3630503 10.11 0.15
2458494.3633975 10.24 0.17
2458494.3639184 10.15 0.17
2458494.3647864 9.94 0.15
2458495.2257355 10.93 0.18
2458495.2269508 10.75 0.15
2458495.2417077 10.89 0.16
2458495.2439649 10.96 0.17
2458495.2457008 10.81 0.15
2458495.2463952 10.83 0.15
2458495.2469160 10.88 0.16
2458495.2489994 10.79 0.15
2458495.2493466 10.91 0.17
2458495.2502147 10.88 0.16
2458495.2569855 10.85 0.15
2458495.2641035 10.81 0.15
2458495.2684438 10.74 0.14
2458495.2693119 10.81 0.15
2458495.2696591 10.87 0.16
2458495.2720897 10.69 0.13
2458495.2750411 10.80 0.15
2458495.2752147 10.83 0.15
2458495.2805966 10.89 0.16
2458495.2819855 11.03 0.18
2458495.2842424 10.80 0.14
2458495.2844161 10.81 0.14
2458495.2856313 10.90 0.16
2458495.2880619 10.87 0.15
2458495.2882355 10.78 0.14
2458495.2897980 10.81 0.15
2458495.2911879 10.85 0.15
2458495.2951799 11.03 0.18
2458495.2981313 10.95 0.16
2458495.3035140 10.91 0.16
2458498.1687795 10.74 0.13
2458498.1696475 10.93 0.16
2458498.1741614 10.99 0.16
2458498.1765920 10.88 0.14
2458498.1767656 11.00 0.16
2458498.1769392 11.01 0.16
2458498.1771128 10.98 0.15
2458498.1785029 10.92 0.15
2458498.1816267 11.01 0.16
2458498.1818003 11.01 0.15
2458498.1830156 10.92 0.15
2458498.1831892 11.10 0.17
2458498.1845781 10.85 0.14
2458498.1859670 10.92 0.14
2458498.1958628 10.95 0.14
2458498.1960378 11.02 0.15
2458498.1965581 10.84 0.13
2458498.1967315 10.91 0.14
2458498.1969050 10.88 0.13
2458498.1970784 10.93 0.14
2458498.1972519 11.03 0.15
2458498.1982934 11.12 0.16
2458498.1986406 11.02 0.15
2458498.1988142 10.89 0.13
2458498.1989878 11.07 0.15
2458498.1991614 11.03 0.15
2458498.1993350 11.05 0.15
2458498.1996822 11.02 0.15
2458498.1998559 10.95 0.14
2458498.2003767 10.98 0.14
2458498.2008975 10.89 0.13
2458498.2010711 11.11 0.16
2458498.2015920 11.00 0.14
2458498.2019392 11.17 0.17
2458498.2022864 11.15 0.17
2458498.2024600 11.00 0.14
2458498.2026336 11.00 0.14
2458498.2028072 11.06 0.15
2458498.2029809 11.00 0.14
2458498.2031545 11.11 0.16
2458498.2035017 11.06 0.15
2458498.2036753 11.07 0.15
2458498.2038489 11.04 0.15
2458498.2040225 11.01 0.14
2458498.2041961 10.97 0.14
2458498.2043698 11.03 0.15
2458498.2045434 11.14 0.16
2458498.2048906 10.81 0.12
2458498.2054114 10.92 0.13
2458498.2055850 10.92 0.13
2458498.2057586 11.02 0.15
2458498.2064531 11.05 0.15
2458498.2066267 11.01 0.14
2458498.2068003 11.07 0.15
2458498.2069739 10.89 0.13
2458498.2071475 10.91 0.13
2458498.2073211 11.05 0.15
2458498.2078420 10.92 0.13
2458498.2083638 11.05 0.15
2458498.2087107 10.96 0.14
2458498.2092310 10.95 0.14
2458498.2094045 10.91 0.13
2458498.2114878 10.93 0.13
2458498.2116614 11.08 0.15
2458498.2118350 10.93 0.13
2458498.2123559 11.04 0.15
2458498.2125295 10.94 0.13
2458498.2127031 10.97 0.14
2458498.2133975 10.94 0.13
2458498.2135711 10.78 0.12
2458498.2140920 10.87 0.13
2458498.2144392 11.03 0.14
2458498.2147864 10.94 0.13
2458498.2151336 11.02 0.14
2458498.2153072 10.97 0.14
2458498.2154809 11.08 0.15
2458498.2156545 10.98 0.14
2458498.2158281 10.97 0.14
2458498.2160017 11.10 0.15
2458498.2161753 10.82 0.12
2458498.2163489 11.01 0.14
2458498.2165225 10.99 0.14
2458498.2166961 11.04 0.14
2458498.2170434 10.74 0.11
2458498.2173906 11.05 0.15
2458498.2175642 11.11 0.15
2458498.2177378 10.96 0.13
2458498.2180850 10.98 0.14
2458498.2184322 11.03 0.14
2458498.2186059 11.08 0.15
2458498.2187795 11.10 0.15
2458498.2191267 10.97 0.14
2458498.2193003 10.93 0.13
2458498.2196475 10.90 0.13
2458498.2198225 11.15 0.16
2458498.2199960 11.03 0.14
2458498.2201694 10.88 0.12
2458498.2203429 10.69 0.10
2458498.2205163 11.19 0.17
2458498.2208632 11.02 0.14
2458498.2210366 10.95 0.13
2458498.2215573 11.08 0.15
2458498.2217309 10.95 0.13
2458498.2220781 10.99 0.14
2458498.2222517 10.98 0.14
2458498.2225989 11.12 0.15
2458498.2227725 10.94 0.13
2458498.2229461 11.11 0.15
2458498.2231197 10.99 0.14
2458498.2236406 11.11 0.15
2458498.2238142 10.82 0.12
2458498.2239878 10.96 0.13
2458498.2241614 11.01 0.14
2458498.2243350 11.15 0.15
2458498.2253767 10.89 0.12
2458498.2255503 10.93 0.13
2458498.2265920 10.99 0.13
2458498.2269392 11.01 0.14
2458498.2272864 11.02 0.14
2458498.2274600 11.02 0.14
2458498.2276336 11.09 0.15
2458498.2283281 10.93 0.13
2458498.2285017 10.96 0.13
2458498.2290225 10.99 0.14
2458498.2295434 10.88 0.12
2458498.2304114 11.01 0.14
2458498.2305850 10.89 0.13
2458498.2309322 10.93 0.13
2458498.2311059 10.74 0.11
2458498.2312795 10.99 0.14
2458498.2316267 10.89 0.13
2458498.2321485 10.79 0.12
2458498.2324954 10.93 0.13
2458498.2330157 11.03 0.15
2458498.2337100 10.90 0.13
2458498.2338836 11.07 0.15
2458498.2340572 11.08 0.15
2458498.2347517 10.99 0.14
2458498.2350989 11.12 0.16
2458498.2377031 11.07 0.15
2458498.2378767 10.97 0.14
2458498.2397864 11.04 0.15
2458498.2455156 11.13 0.17
2458498.2469045 10.98 0.15
2458498.2479461 11.07 0.15
2458498.2496822 10.98 0.14
2458498.2528073 10.96 0.14
2458498.2533281 11.02 0.15
2458498.2535017 11.04 0.15
2458498.2536753 11.07 0.16
2458498.2538489 10.99 0.15
2458498.2550642 10.98 0.15
2458498.2555863 11.03 0.15
2458498.2559332 11.05 0.15
2458498.2569739 10.93 0.14
2458498.2573211 11.00 0.15
2458498.2578420 11.06 0.15
2458498.2587100 10.82 0.13
2458498.2604461 10.95 0.14
2458498.2606198 10.91 0.14
2458498.2607934 10.89 0.14
2458498.2613142 10.96 0.14
2458498.2614878 10.87 0.13
2458498.2627031 10.98 0.12
2458498.2628767 11.10 0.14
2458498.2630503 11.11 0.14
2458498.2632239 10.97 0.12
2458498.2633975 11.11 0.14
2458498.2635711 11.10 0.13
2458498.2637447 11.17 0.15
2458498.2639184 11.08 0.14
2458498.2640920 11.06 0.13
2458498.2644392 10.87 0.11
2458498.2646128 11.11 0.14
2458498.2647864 10.94 0.12
2458498.2651336 11.12 0.14
2458498.2660017 11.09 0.14
2458498.2661753 10.89 0.12
2458498.2665225 10.98 0.12
2458498.2666961 10.95 0.12
2458498.2668698 10.98 0.12
2458498.2670434 10.91 0.12
2458498.2672170 10.86 0.11
2458498.2675655 11.09 0.14
2458498.2677389 11.13 0.14
2458498.2679124 11.12 0.14
2458498.2680858 11.12 0.14
2458498.2684327 11.06 0.13
2458498.2687796 10.96 0.12
2458498.2689531 11.08 0.13
2458498.2691267 11.01 0.12
2458498.2693003 11.00 0.12
2458498.2694739 11.14 0.14
2458498.2696475 11.19 0.15
2458498.2698211 11.04 0.13
2458498.2699947 11.07 0.13
2458498.2701684 10.97 0.12
2458498.2703420 10.88 0.11
2458498.2705156 11.01 0.12
2458498.2706892 11.15 0.14
2458498.2708628 11.08 0.13
2458498.2710364 11.19 0.15
2458498.2712100 10.97 0.12
2458498.2713836 11.17 0.14
2458498.2715572 11.01 0.12
2458498.2717309 11.17 0.14
2458498.2719045 11.09 0.14
2458498.2720781 11.06 0.13
2458498.2722517 11.06 0.13
2458498.2724253 11.09 0.13
2458498.2725989 10.97 0.12
2458498.2727725 10.89 0.11
2458498.2729461 11.09 0.13
2458498.2731197 11.02 0.13
2458498.2732934 10.96 0.12
2458498.2734670 10.90 0.11
2458498.2736406 10.96 0.12
2458498.2738142 11.08 0.13
2458498.2739878 11.21 0.15
2458498.2741614 10.92 0.11
2458498.2743350 10.93 0.12
2458498.2745086 10.95 0.12
2458498.2746823 11.02 0.13
2458498.2748559 10.99 0.12
2458498.2750295 10.87 0.11
2458498.2752031 10.99 0.12
2458498.2753767 10.98 0.12
2458498.2755503 11.10 0.13
2458498.2758975 11.01 0.12
2458498.2760711 11.01 0.12
2458498.2764184 11.07 0.13
2458498.2765920 11.03 0.13
2458498.2767656 10.94 0.12
2458498.2769392 11.14 0.14
2458498.2771128 10.77 0.10
2458498.2772864 11.15 0.14
2458498.2774600 10.97 0.12
2458498.2776336 10.98 0.12
2458498.2778072 11.00 0.12
2458498.2779809 11.08 0.13
2458498.2781545 10.92 0.12
2458498.2783281 10.94 0.12
2458498.2785017 10.96 0.12
2458498.2786753 10.97 0.12
2458498.2788489 10.80 0.10
2458498.2790225 11.04 0.13
2458498.2791961 10.83 0.11
2458498.2793697 11.00 0.12
2458498.2795448 11.01 0.12
2458498.2797182 11.08 0.13
2458498.2798916 10.93 0.12
2458498.2800651 11.13 0.14
2458498.2802385 10.88 0.11
2458498.2804120 11.12 0.14
2458498.2805854 10.97 0.12
2458498.2807589 10.98 0.12
2458498.2809323 10.75 0.10
2458498.2811059 11.03 0.13
2458498.2812795 10.76 0.10
2458498.2814531 10.76 0.10
2458498.2816267 11.19 0.15
2458498.2818003 10.95 0.12
2458498.2819739 10.97 0.12
2458498.2821475 11.08 0.13
2458498.2823211 11.02 0.13
2458498.2828420 11.07 0.14
2458498.2831892 11.04 0.13
2458498.2835364 10.95 0.12
2458498.2837100 11.07 0.14
2458498.2840573 10.97 0.12
2458498.2842309 11.13 0.14
2458498.2844045 11.00 0.12
2458498.2845781 10.99 0.12
2458498.2847517 10.97 0.12
2458498.2849253 10.96 0.12
2458498.2850989 10.85 0.11
2458498.2852725 11.00 0.13
2458498.2856197 10.98 0.12
2458498.2857934 11.06 0.13
2458498.2863142 11.03 0.13
2458498.2866614 11.14 0.14
2458498.2873559 10.98 0.12
2458498.2875295 11.07 0.13
2458498.2877031 10.93 0.12
2458498.2880503 11.04 0.13
2458498.2887447 10.98 0.12
2458498.2889184 10.95 0.12
2458498.2894392 11.30 0.17
2458498.2896128 11.14 0.14
2458498.2897864 11.07 0.13
2458498.2899600 11.08 0.14
2458498.2901336 11.12 0.14
2458498.2903073 11.03 0.13
2458498.2906545 10.92 0.12
2458498.2908281 10.97 0.12
2458498.2910017 10.87 0.11
2458498.2911753 10.95 0.12
2458498.2923912 10.76 0.11
2458498.2925646 11.06 0.14
2458498.2927381 11.05 0.13
2458498.2932586 10.94 0.12
2458498.2934322 11.19 0.15
2458498.2937795 11.07 0.14
2458498.2941267 11.01 0.13
2458498.2944739 10.93 0.13
2458498.2946475 10.92 0.12
2458498.2948211 11.07 0.14
2458498.2955156 10.95 0.12
2458498.2958628 11.07 0.14
2458498.2962100 10.90 0.12
2458498.2963836 10.97 0.12
2458498.2967309 10.94 0.12
2458498.2969045 10.87 0.11
2458498.2970781 11.08 0.13
2458498.2972517 11.00 0.13
2458498.2974253 11.02 0.13
2458498.2977725 10.95 0.12
2458498.2982934 11.18 0.15
2458498.2988142 11.11 0.14
2458498.3012447 11.06 0.14
2458498.3014184 11.08 0.14
2458498.3015920 10.92 0.12
2458498.3017656 10.86 0.11
2458498.3019392 11.05 0.13
2458498.3024600 11.18 0.15
2458498.3026336 11.03 0.13
2458498.3028072 10.97 0.12
2458498.3031545 11.13 0.14
2458498.3033281 10.95 0.12
2458498.3035017 11.08 0.14
2458498.3036766 11.10 0.14
2458498.3038500 11.15 0.14
2458498.3040235 11.11 0.14
2458498.3041969 11.09 0.14
2458498.3048907 11.16 0.15
2458498.3050642 10.99 0.13
2458498.3052378 11.08 0.14
2458498.3054114 10.96 0.12
2458498.3055850 10.97 0.12
2458498.3057586 11.00 0.13
2458498.3059323 11.03 0.13
2458498.3062795 11.19 0.15
2458498.3064531 10.92 0.12
2458498.3066267 11.06 0.13
2458498.3069739 11.18 0.15
2458498.3071475 11.04 0.13
2458498.3074948 10.93 0.12
2458498.3076684 11.05 0.13
2458498.3078420 11.13 0.14
2458498.3080156 11.14 0.14
2458498.3081892 11.04 0.13
2458498.3085364 11.16 0.15
2458498.3087100 11.13 0.14
2458498.3088836 11.05 0.13
2458498.3090572 10.99 0.13
2458498.3092309 10.98 0.13
2458498.3094045 11.06 0.14
2458498.3095781 11.12 0.14
2458498.3097517 10.99 0.13
2458498.3099253 11.17 0.15
2458498.3100989 11.08 0.14
2458498.3106197 11.09 0.14
2458498.3107934 10.88 0.12
2458498.3109670 11.12 0.14
2458498.3111406 11.05 0.13
2458498.3118350 10.97 0.13
2458498.3120086 11.08 0.14
2458498.3121822 11.22 0.16
2458498.3123559 11.13 0.15
2458498.3125295 11.00 0.13
2458498.3127031 10.98 0.13
2458498.3128767 11.07 0.14
2458498.3130503 11.19 0.15
2458498.3132239 10.98 0.13
2458498.3133975 11.21 0.16
2458498.3135711 11.03 0.13
2458498.3137448 10.90 0.12
2458498.3144392 11.22 0.16
2458498.3146128 11.08 0.14
2458498.3147864 10.89 0.12
2458498.3151336 10.98 0.13
2458498.3153073 10.92 0.12
2458498.3156558 11.20 0.16
2458498.3158292 10.92 0.12
2458498.3160027 11.01 0.13
2458498.3161761 10.80 0.11
2458498.3163496 10.89 0.12
2458498.3165230 10.99 0.13
2458498.3168699 11.06 0.14
2458498.3170434 11.06 0.14
2458498.3172170 11.17 0.15
2458498.3173906 11.06 0.14
2458498.3175642 11.06 0.14
2458498.3177378 11.22 0.16
2458500.2423674 10.80 0.14
2458500.2427147 10.97 0.16
2458500.2435827 10.88 0.15
2458500.2439299 10.92 0.15
2458500.2442772 10.87 0.15
2458500.2446255 11.02 0.17
2458500.2451458 10.94 0.16
2458500.2453193 10.99 0.16
2458500.2454927 10.99 0.16
2458500.2460133 10.88 0.15
2458500.2461869 11.07 0.17
2458500.2463605 10.90 0.15
2458500.2468813 10.93 0.15
2458500.2470549 11.02 0.16
2458500.2484438 10.69 0.12
2458500.2487910 11.00 0.16
2458500.2494855 10.73 0.13
2458500.2500063 10.87 0.14
2458500.2508744 10.70 0.12
2458500.2510480 10.73 0.13
2458500.2512216 10.87 0.14
2458500.2517424 10.77 0.13
2458500.2519160 10.90 0.15
2458500.2520897 10.96 0.15
2458500.2522633 11.05 0.17
2458500.2534786 11.02 0.16
2458500.2539994 10.83 0.14
2458500.2553883 10.86 0.14
2458500.2557355 10.97 0.16
2458500.2562563 10.84 0.14
2458500.2567781 11.10 0.18
2458500.2576453 10.76 0.13
2458500.2585133 10.98 0.16
2458500.2588605 10.94 0.15
2458500.2592077 10.85 0.14
2458500.2597285 11.02 0.16
2458500.2602494 10.83 0.14
2458500.2605966 11.00 0.16
2458500.2611174 11.01 0.16
2458500.2614647 10.80 0.13
2458500.2621591 10.99 0.15
2458500.2623327 10.96 0.15
2458500.2638952 10.96 0.15
2458500.2654577 10.91 0.14
2458500.2658049 10.98 0.15
2458500.2659785 10.93 0.14
2458500.2661522 10.95 0.14
2458500.2668466 10.90 0.14
2458500.2685839 10.92 0.14
2458500.2691042 10.88 0.14
2458500.2696245 10.89 0.14
2458500.2710133 10.95 0.14
2458500.2711869 10.98 0.15
2458500.2718813 11.01 0.15
2458500.2730966 11.03 0.15
2458500.2732702 11.04 0.16
2458500.2737910 11.10 0.17
2458500.2750063 10.98 0.15
2458500.2753535 11.01 0.15
2458500.2758744 10.90 0.14
2458500.2760480 11.01 0.15
2458500.2763952 10.96 0.14
2458500.2765688 11.05 0.16
2458500.2767424 11.05 0.16
2458500.2770897 10.98 0.15
2458500.2772633 10.98 0.15
2458500.2774369 10.98 0.15
2458500.2777841 11.12 0.17
2458500.2779577 10.95 0.15
2458500.2783049 10.92 0.14
2458500.2788258 11.05 0.16
2458500.2789994 11.02 0.15
2458500.2798674 10.89 0.14
2458500.2805631 11.06 0.16
2458500.2810834 10.92 0.14
2458500.2824716 10.94 0.14
2458500.2828188 10.99 0.15
2458500.2835133 10.96 0.15
2458500.2854230 10.88 0.13
2458500.2855966 10.95 0.14
2458500.2859438 11.00 0.15
2458500.2869855 10.86 0.14
2458500.2875063 10.93 0.14
2458500.2876799 11.03 0.16
2458500.2880272 10.84 0.13
2458500.2882008 11.03 0.15
2458500.2885480 10.87 0.13
2458500.2894160 10.94 0.14
2458500.2895897 11.07 0.15
2458500.2897633 10.96 0.14
2458500.2899369 10.92 0.14
2458500.2901105 11.04 0.15
2458500.2902841 10.93 0.14
2458500.2904577 10.91 0.13
2458500.2914994 10.88 0.13
2458500.2918466 10.93 0.13
2458500.2921938 11.00 0.14
2458500.2923688 11.08 0.15
2458500.2925423 11.00 0.14
2458500.2927157 10.84 0.12