2458467.3670250 10.36 0.08
2458467.3680667 10.46 0.09
2458467.3691084 10.44 0.09
2458467.3698028 10.36 0.08
2458467.3703236 10.28 0.08
2458467.3706709 10.41 0.09
2458467.3720598 10.41 0.09
2458467.3724070 10.28 0.08
2458467.3736223 10.46 0.09
2458467.3739695 10.42 0.09
2458467.3743167 10.53 0.10
2458467.3767473 10.39 0.08
2458467.3776153 10.40 0.08
2458467.3781361 10.44 0.09
2458467.3783097 10.43 0.09
2458467.3790042 10.37 0.08
2458467.3802195 10.43 0.09
2458467.3814348 10.45 0.09
2458467.3821292 10.32 0.08
2458467.3823028 10.36 0.08
2458467.3826500 10.46 0.09
2458467.3831709 10.45 0.09
2458467.3833445 10.33 0.08
2458467.3838653 10.43 0.09
2458467.3840389 10.40 0.09
2458467.3847334 10.29 0.08
2458467.3854278 10.42 0.09
2458467.3856014 10.42 0.09
2458467.3857750 10.28 0.08
2458467.3859486 10.45 0.09
2458467.3862959 10.43 0.09
2458467.3866431 10.42 0.09
2458467.3885530 10.40 0.09
2458467.3887264 10.38 0.09
2458467.3894209 10.33 0.08
2458467.3895945 10.45 0.09
2458467.3899417 10.35 0.08
2458467.3920250 10.49 0.09
2458467.3942820 10.41 0.09
2458467.3953236 10.37 0.08
2458467.3954973 10.50 0.10
2458467.3956709 10.36 0.08
2458467.3958445 10.35 0.08
2458467.3968861 10.33 0.08
2458467.3979278 10.44 0.09
2458467.3989695 10.32 0.08
2458467.3991431 10.33 0.08
2458467.3993180 10.38 0.08
2458467.3996649 10.41 0.09
2458467.3998383 10.34 0.08
2458467.4007056 10.32 0.08
2458467.4008792 10.46 0.09
2458467.4017472 10.40 0.09
2458467.4019209 10.43 0.09
2458467.4020945 10.47 0.09
2458467.4022681 10.31 0.08
2458467.4026153 10.36 0.08
2458467.4027889 10.41 0.09
2458467.4033098 10.36 0.08
2458467.4036570 10.34 0.08
2458467.4046986 10.41 0.09
2458467.4055667 10.45 0.09
2458467.4086917 10.36 0.08
2458467.4106014 10.46 0.09
2458467.4111236 10.40 0.09
2458467.4112971 10.27 0.08
2458467.4114705 10.40 0.09
2458467.4116440 10.41 0.09
2458467.4151153 10.35 0.08
2458467.4173722 10.32 0.08
2458467.4185875 10.46 0.10
2458467.4194556 10.29 0.08
2458467.4206709 10.41 0.09
2458469.3667865 10.35 0.06
2458469.3670135 10.47 0.07
2458469.3671871 10.37 0.06
2458469.3673607 10.36 0.06
2458469.3675343 10.43 0.06
2458469.3677079 10.44 0.07
2458469.3678815 10.33 0.06
2458469.3680551 10.43 0.07
2458469.3682287 10.45 0.07
2458469.3684023 10.34 0.06
2458469.3685760 10.43 0.07
2458469.3687496 10.44 0.07
2458469.3689232 10.39 0.06
2458469.3690968 10.38 0.06
2458469.3692704 10.47 0.07
2458469.3694440 10.28 0.06
2458469.3696176 10.44 0.07
2458469.3697912 10.36 0.06
2458469.3699648 10.46 0.07
2458469.3703121 10.43 0.06
2458469.3704857 10.53 0.07
2458469.3706593 10.44 0.07
2458469.3708329 10.39 0.06
2458469.3710065 10.40 0.06
2458469.3711801 10.48 0.07
2458469.3713537 10.35 0.06
2458469.3715273 10.44 0.07
2458469.3717009 10.44 0.07
2458469.3718746 10.38 0.06
2458469.3720482 10.38 0.06
2458469.3722218 10.42 0.06
2458469.3723954 10.39 0.06
2458469.3725690 10.34 0.06
2458469.3727426 10.41 0.06
2458469.3729162 10.39 0.06
2458469.3730898 10.43 0.07
2458469.3732635 10.37 0.06
2458469.3734371 10.38 0.06
2458469.3736107 10.38 0.06
2458469.3737843 10.45 0.07
2458469.3739579 10.38 0.06
2458469.3741315 10.49 0.07
2458469.3743051 10.29 0.06
2458469.3744787 10.43 0.07
2458469.3746524 10.42 0.06
2458469.3748260 10.43 0.07
2458469.3749996 10.27 0.06
2458469.3751732 10.44 0.07
2458469.3753468 10.48 0.07
2458469.3755204 10.34 0.06
2458469.3756940 10.44 0.07
2458469.3758676 10.33 0.06
2458469.3760425 10.42 0.06
2458469.3762159 10.42 0.06
2458469.3763894 10.40 0.06
2458469.3765628 10.52 0.07
2458469.3767363 10.32 0.06
2458469.3769097 10.47 0.07
2458469.3770832 10.41 0.06
2458469.3772566 10.49 0.07
2458469.3774301 10.44 0.07
2458469.3776037 10.40 0.06
2458469.3777773 10.41 0.06
2458469.3779510 10.43 0.06
2458469.3781246 10.41 0.06
2458469.3782982 10.40 0.06
2458469.3784718 10.45 0.07
2458469.3786454 10.50 0.07
2458488.3044163 10.21 0.07
2458488.3045899 10.36 0.08
2458488.3052844 10.44 0.08
2458488.3054579 10.33 0.07
2458488.3056316 10.44 0.08
2458488.3059788 10.38 0.08
2458488.3061524 10.41 0.08
2458488.3064996 10.52 0.09
2458488.3066732 10.46 0.08
2458488.3068468 10.29 0.07
2458488.3070205 10.37 0.08
2458488.3071941 10.40 0.08
2458488.3075413 10.35 0.08
2458488.3077149 10.39 0.08
2458488.3078885 10.44 0.08
2458488.3080621 10.35 0.08
2458488.3082357 10.47 0.09
2458488.3084093 10.41 0.08
2458488.3089302 10.35 0.08
2458488.3091038 10.29 0.07
2458488.3094522 10.44 0.08
2458488.3096257 10.43 0.08
2458488.3097991 10.30 0.07
2458488.3099726 10.30 0.07
2458488.3104929 10.26 0.07
2458488.3106663 10.40 0.08
2458488.3108399 10.38 0.08
2458488.3110135 10.45 0.08
2458488.3113607 10.26 0.07
2458488.3115344 10.38 0.08
2458488.3117080 10.34 0.08
2458488.3118816 10.38 0.08
2458488.3127496 10.30 0.07
2458488.3143121 10.30 0.07
2458488.3151802 10.28 0.07
2458488.3155274 10.37 0.08
2458488.3157010 10.37 0.08
2458488.3160482 10.31 0.08
2458488.3162218 10.38 0.08
2458488.3165691 10.41 0.08
2458488.3167427 10.46 0.09
2458488.3170899 10.40 0.08
2458488.3172635 10.22 0.07
2458488.3174371 10.40 0.08
2458488.3184788 10.37 0.08
2458488.3188260 10.38 0.08
2458488.3193469 10.47 0.09
2458488.3195205 10.45 0.09
2458488.3196941 10.35 0.08
2458488.3198677 10.38 0.08
2458488.3200413 10.36 0.08
2458488.3202149 10.43 0.09
2458488.3205621 10.42 0.09
2458488.3209094 10.36 0.08
2458488.3217783 10.47 0.09
2458488.3219517 10.37 0.08
2458488.3222986 10.34 0.08
2458488.3224720 10.50 0.09
2458488.3228191 10.40 0.08
2458488.3229927 10.36 0.08
2458488.3231663 10.47 0.09
2458488.3233399 10.31 0.08
2458488.3235135 10.30 0.08
2458488.3236871 10.48 0.09
2458488.3238607 10.53 0.10
2458488.3240343 10.35 0.08
2458488.3243816 10.25 0.07
2458488.3245552 10.40 0.08
2458488.3247288 10.36 0.08
2458488.3250760 10.31 0.08
2458488.3254232 10.47 0.09
2458488.3257705 10.44 0.09
2458488.3264649 10.31 0.08
2458488.3268121 10.43 0.09
2458488.3271594 10.40 0.08
2458488.3288955 10.25 0.08
2458488.3292427 10.34 0.08
2458488.3314996 10.32 0.08
2458488.3325413 10.34 0.08
2458488.3327149 10.44 0.09
2458488.3328885 10.27 0.08
2458488.3330621 10.24 0.07
2458488.3334105 10.38 0.08
2458488.3337574 10.33 0.08
2458488.3339308 10.27 0.08
2458488.3341043 10.29 0.08
2458488.3342777 10.44 0.09
2458488.3344511 10.29 0.08
2458488.3353191 10.29 0.08
2458488.3358399 10.34 0.08
2458488.3365344 10.44 0.09
2458488.3367080 10.50 0.09
2458488.3372288 10.46 0.09
2458488.3380968 10.35 0.08
2458488.3384441 10.40 0.09
2458488.3386177 10.36 0.08
2458488.3387913 10.38 0.09
2458488.3391385 10.31 0.08
2458488.3396593 10.31 0.08
2458488.3408746 10.27 0.08
2458488.3410482 10.47 0.09
2458488.3413955 10.33 0.08
2458488.3415691 10.34 0.08
2458488.3417427 10.40 0.09
2458488.3419163 10.30 0.08
2458488.3420899 10.41 0.09
2458488.3422635 10.26 0.08
2458488.3424371 10.51 0.10
2458488.3445205 10.39 0.09
2458488.3450413 10.28 0.08
2458488.3452162 10.31 0.08
2458488.3453896 10.45 0.09
2458488.3459100 10.25 0.08
2458488.3462569 10.40 0.09
2458488.3466038 10.36 0.08
2458488.3469510 10.36 0.09
2458488.3472982 10.34 0.08
2458488.3483399 10.29 0.08
2458488.3493816 10.33 0.08
2458488.3497288 10.35 0.08
2458488.3499024 10.42 0.09
2458488.3502496 10.48 0.09
2458488.3507705 10.35 0.08
2458488.3511177 10.41 0.09
2458488.3512913 10.40 0.09
2458488.3526802 10.29 0.08
2458488.3537218 10.31 0.08
2458488.3538955 10.44 0.09
2458488.3545899 10.42 0.09
2458488.3547635 10.37 0.08
2458488.3549371 10.43 0.09
2458488.3556316 10.36 0.08
2458488.3558052 10.33 0.08
2458488.3563260 10.60 0.10
2458488.3564996 10.28 0.08
2458488.3566732 10.43 0.09
2458488.3570218 10.24 0.07
2458488.3571953 10.41 0.09
2458488.3573687 10.35 0.08
2458488.3578891 10.42 0.09
2458488.3582360 10.25 0.08
2458488.3584094 10.34 0.08
2458488.3585830 10.39 0.08
2458488.3589302 10.42 0.09
2458488.3591038 10.39 0.09
2458488.3596246 10.37 0.08
2458488.3597982 10.37 0.08
2458488.3603191 10.26 0.08
2458488.3606663 10.31 0.08
2458488.3608399 10.43 0.09
2458488.3610135 10.28 0.08
2458488.3613607 10.35 0.08
2458488.3615343 10.41 0.09
2458488.3617080 10.43 0.09
2458488.3618816 10.43 0.09
2458488.3622288 10.39 0.09
2458488.3624024 10.31 0.08
2458488.3625760 10.36 0.08
2458488.3627496 10.40 0.09
2458488.3629232 10.38 0.08
2458488.3630968 10.43 0.09
2458488.3634441 10.44 0.09
2458488.3637913 10.37 0.08
2458488.3639649 10.48 0.09
2458488.3643121 10.35 0.08
2458488.3644857 10.46 0.09
2458488.3646594 10.28 0.08
2458488.3651802 10.39 0.09
2458488.3662219 10.35 0.08
2458488.3667427 10.33 0.08
2458488.3670899 10.40 0.09
2458488.3679580 10.35 0.08
2458488.3684788 10.36 0.08
2458488.3688260 10.29 0.08
2458488.3693479 10.30 0.08
2458488.3695213 10.47 0.09
2458488.3696948 10.46 0.09
2458488.3702150 10.34 0.08
2458488.3721246 10.38 0.09
2458488.3722982 10.31 0.08
2458488.3726455 10.43 0.09
2458488.3729927 10.30 0.08
2458488.3736871 10.25 0.08
2458488.3742080 10.32 0.08
2458493.2523211 10.36 0.08
2458493.2524947 10.38 0.08
2458493.2531892 10.39 0.08
2458493.2533628 10.42 0.08
2458493.2535364 10.52 0.09
2458493.2538836 10.44 0.08
2458493.2540586 10.37 0.08
2458493.2542320 10.31 0.07
2458493.2550993 10.33 0.07
2458493.2552727 10.33 0.07
2458493.2554461 10.37 0.08
2458493.2556198 10.36 0.08
2458493.2559670 10.35 0.08
2458493.2563142 10.42 0.08
2458493.2564878 10.40 0.08
2458493.2566614 10.30 0.07
2458493.2568350 10.52 0.09
2458493.2571823 10.38 0.08
2458493.2573559 10.48 0.08
2458493.2578767 10.40 0.08
2458493.2580503 10.31 0.07
2458493.2582239 10.46 0.08
2458493.2583975 10.33 0.07
2458493.2585711 10.38 0.08
2458493.2587447 10.30 0.07
2458493.2589184 10.32 0.07
2458493.2590920 10.46 0.08
2458493.2592656 10.29 0.07
2458493.2596128 10.33 0.07
2458493.2599600 10.43 0.08
2458493.2601336 10.28 0.07
2458493.2603072 10.51 0.09
2458493.2606545 10.37 0.08
2458493.2608281 10.46 0.08
2458493.2610017 10.41 0.08
2458493.2611753 10.52 0.09
2458493.2613489 10.33 0.07
2458493.2615225 10.36 0.07
2458493.2616961 10.24 0.07
2458493.2618697 10.27 0.07
2458493.2620434 10.48 0.08
2458493.2623906 10.40 0.08
2458493.2625642 10.30 0.07
2458493.2630850 10.36 0.07
2458493.2632586 10.41 0.08
2458493.2634323 10.42 0.08
2458493.2636059 10.35 0.07
2458493.2639531 10.46 0.08
2458493.2643003 10.37 0.07
2458493.2644739 10.36 0.07
2458493.2646475 10.51 0.09
2458493.2648211 10.39 0.08
2458493.2649948 10.40 0.08
2458493.2651684 10.39 0.08
2458493.2655156 10.31 0.07
2458493.2656892 10.20 0.06
2458493.2658628 10.42 0.08
2458493.2660378 10.28 0.07
2458493.2662112 10.47 0.08
2458493.2663847 10.31 0.07
2458493.2670784 10.42 0.08
2458493.2679461 10.35 0.07
2458493.2681197 10.25 0.07
2458493.2684670 10.28 0.07
2458493.2686406 10.29 0.07
2458493.2688142 10.38 0.08
2458493.2689878 10.34 0.07
2458493.2700295 10.18 0.06
2458493.2703767 10.30 0.07
2458493.2705503 10.32 0.07
2458493.2712448 10.43 0.08
2458493.2714184 10.32 0.07
2458493.2715920 10.51 0.09
2458493.2717656 10.41 0.08
2458493.2719392 10.40 0.08
2458493.2722864 10.35 0.07
2458493.2726336 10.33 0.07
2458493.2731545 10.33 0.07
2458493.2733281 10.51 0.08
2458493.2740225 10.39 0.08
2458493.2743697 10.42 0.08
2458493.2745434 10.33 0.07
2458493.2748906 10.32 0.07
2458493.2750642 10.34 0.07
2458493.2752378 10.37 0.08
2458493.2754114 10.41 0.08
2458493.2755850 10.30 0.07
2458493.2757586 10.39 0.08
2458493.2759322 10.45 0.08
2458493.2761059 10.24 0.07
2458493.2764531 10.40 0.08
2458493.2766267 10.46 0.08
2458493.2768003 10.40 0.08
2458493.2769739 10.35 0.07
2458493.2771475 10.37 0.08
2458493.2773211 10.35 0.07
2458493.2774947 10.33 0.07
2458493.2778420 10.50 0.08
2458493.2780169 10.43 0.08
2458493.2781904 10.27 0.07
2458493.2783638 10.31 0.07
2458493.2785373 10.29 0.07
2458493.2790576 10.27 0.07
2458493.2794045 10.28 0.07
2458493.2799253 10.39 0.08
2458493.2809670 10.33 0.07
2458493.2811406 10.28 0.07
2458493.2820086 10.46 0.08
2458493.2823559 10.40 0.08
2458493.2825295 10.32 0.07
2458493.2832239 10.32 0.07
2458493.2833975 10.34 0.07
2458493.2837447 10.24 0.07
2458493.2842656 10.40 0.08
2458493.2844392 10.30 0.07
2458493.2846128 10.38 0.08
2458493.2847864 10.33 0.07
2458493.2853072 10.33 0.07
2458493.2854809 10.25 0.07
2458493.2856545 10.42 0.08
2458493.2858281 10.34 0.07
2458493.2860017 10.39 0.08
2458493.2863489 10.34 0.07
2458493.2866961 10.33 0.07
2458493.2868698 10.42 0.08
2458493.2872170 10.39 0.08
2458493.2875642 10.34 0.07
2458493.2877378 10.41 0.08
2458493.2879114 10.42 0.08
2458493.2880850 10.36 0.07
2458493.2882586 10.33 0.07
2458493.2886059 10.30 0.07
2458493.2887795 10.31 0.07
2458493.2893003 10.38 0.08
2458493.2896475 10.33 0.07
2458493.2901695 10.31 0.07
2458493.2903429 10.29 0.07
2458493.2905164 10.42 0.08
2458493.2906898 10.40 0.08
2458493.2912102 10.47 0.08
2458493.2913836 10.39 0.08
2458493.2915572 10.35 0.07
2458493.2917309 10.42 0.08
2458493.2919045 10.34 0.07
2458493.2922517 10.54 0.09
2458493.2925989 10.48 0.08
2458493.2927725 10.40 0.08
2458493.2929461 10.48 0.08
2458493.2931197 10.35 0.07
2458493.2934670 10.42 0.08
2458493.2936406 10.42 0.08
2458493.2938142 10.36 0.07
2458493.2939878 10.49 0.08
2458493.2941614 10.44 0.08
2458493.2943350 10.29 0.07
2458493.2945086 10.46 0.08
2458493.2946823 10.42 0.08
2458493.2948559 10.37 0.08
2458493.2953767 10.45 0.08
2458493.2957239 10.33 0.07
2458493.2958975 10.43 0.08
2458493.2960711 10.30 0.07
2458493.2962448 10.34 0.07
2458493.2964184 10.41 0.08
2458493.2965920 10.46 0.08
2458493.2967656 10.47 0.08
2458493.2969392 10.42 0.08
2458493.2971128 10.40 0.08
2458493.2974600 10.39 0.08
2458493.2976336 10.35 0.08
2458493.2978072 10.45 0.08
2458493.2979809 10.49 0.08
2458493.2981545 10.47 0.08
2458493.2983281 10.31 0.07
2458493.2985017 10.49 0.08
2458493.2988489 10.41 0.08
2458493.2990225 10.34 0.07
2458493.2991961 10.45 0.08
2458493.2993697 10.31 0.07
2458493.2995434 10.33 0.07
2458493.2998906 10.39 0.08
2458493.3000642 10.44 0.08
2458493.3004114 10.38 0.08
2458493.3005850 10.39 0.08
2458493.3007586 10.35 0.07
2458493.3018931 10.39 0.08
2458493.3026799 10.30 0.07
2458493.3030272 10.43 0.08
2458493.3033744 10.41 0.08
2458493.3044161 10.27 0.07
2458493.3045897 10.33 0.07
2458493.3047633 10.29 0.07
2458493.3051105 10.30 0.07
2458493.3054577 10.35 0.07
2458493.3056313 10.44 0.08
2458493.3059785 10.41 0.08
2458493.3061522 10.45 0.08
2458493.3066730 10.32 0.07
2458493.3068466 10.39 0.08
2458493.3070202 10.36 0.07
2458493.3071938 10.38 0.08
2458493.3073674 10.34 0.07
2458493.3075410 10.33 0.07
2458493.3077147 10.53 0.09
2458493.3078883 10.42 0.08
2458493.3080619 10.36 0.07
2458493.3084091 10.37 0.08
2458493.3085827 10.39 0.08
2458493.3089299 10.40 0.08
2458493.3091036 10.26 0.07
2458493.3096244 10.43 0.08
2458493.3097980 10.46 0.08
2458493.3099716 10.31 0.07
2458493.3101452 10.42 0.08
2458493.3103188 10.30 0.07
2458493.3104924 10.39 0.08
2458493.3106661 10.26 0.07
2458493.3110133 10.42 0.08
2458493.3111869 10.29 0.07
2458493.3113605 10.33 0.07
2458493.3115341 10.37 0.07
2458493.3118813 10.31 0.07
2458493.3120549 10.39 0.08
2458493.3122298 10.48 0.08
2458493.3129236 10.40 0.08
2458493.3130971 10.43 0.08
2458493.3143119 10.40 0.08
2458493.3144855 10.47 0.08
2458493.3150063 10.48 0.08
2458493.3151799 10.41 0.08
2458493.3153535 10.40 0.08
2458493.3155272 10.34 0.07
2458493.3157008 10.37 0.07
2458493.3158744 10.40 0.08
2458493.3160480 10.39 0.08
2458493.3163952 10.33 0.07
2458493.3165688 10.36 0.07
2458493.3167424 10.35 0.07
2458493.3169161 10.35 0.07
2458493.3172633 10.38 0.07
2458493.3176105 10.43 0.08
2458493.3181313 10.42 0.08
2458493.3184786 10.37 0.07
2458493.3189994 10.36 0.07
2458493.3193466 10.43 0.08
2458493.3195202 10.42 0.08
2458493.3196938 10.30 0.07
2458493.3200411 10.41 0.08
2458493.3202147 10.41 0.08
2458493.3203883 10.32 0.07
2458493.3205619 10.32 0.07
2458493.3212563 10.40 0.08
2458493.3216035 10.39 0.07
2458493.3217772 10.33 0.07
2458493.3221244 10.38 0.07
2458493.3224716 10.44 0.08
2458493.3233397 10.44 0.08
2458493.3235133 10.41 0.08
2458493.3236869 10.31 0.07
2458493.3238605 10.40 0.08
2458493.3240341 10.37 0.07
2458493.3242090 10.38 0.07
2458493.3243824 10.34 0.07
2458493.3245559 10.39 0.07
2458493.3252497 10.41 0.08
2458493.3259438 10.49 0.08
2458493.3261174 10.42 0.08
2458493.3262911 10.40 0.08
2458493.3268119 10.39 0.07
2458493.3271591 10.43 0.08
2458493.3273327 10.43 0.08
2458493.3275063 10.37 0.07
2458493.3276799 10.38 0.07
2458493.3280272 10.39 0.07
2458493.3283744 10.37 0.07
2458493.3285480 10.39 0.07
2458493.3288952 10.36 0.07
2458493.3290688 10.52 0.08
2458493.3292430 10.30 0.07
2458493.3295897 10.35 0.07
2458493.3297633 10.39 0.07
2458493.3299369 10.40 0.07
2458493.3301105 10.31 0.07
2458493.3304577 10.35 0.07
2458493.3309785 10.39 0.07
2458493.3311522 10.34 0.07
2458493.3316730 10.29 0.07
2458493.3321938 10.31 0.07
2458493.3323674 10.45 0.08
2458493.3325411 10.31 0.07
2458493.3328883 10.35 0.07
2458493.3330619 10.29 0.07
2458493.3334091 10.31 0.07
2458493.3335827 10.36 0.07
2458493.3337563 10.37 0.07
2458493.3339299 10.52 0.08
2458493.3342772 10.48 0.08
2458493.3344508 10.35 0.07
2458493.3347980 10.34 0.07
2458493.3349716 10.38 0.07
2458493.3351452 10.39 0.08
2458493.3354924 10.38 0.07
2458493.3356661 10.41 0.08
2458493.3358397 10.40 0.08
2458493.3361882 10.39 0.08
2458493.3365351 10.33 0.07
2458493.3367085 10.35 0.07
2458493.3368820 10.32 0.07
2458493.3370554 10.47 0.08
2458493.3372288 10.36 0.07
2458493.3375758 10.44 0.08
2458493.3377494 10.44 0.08
2458493.3379230 10.45 0.08
2458493.3380966 10.41 0.08
2458493.3382702 10.48 0.08
2458493.3384438 10.49 0.08
2458493.3386174 10.41 0.08
2458493.3387910 10.46 0.08
2458493.3389647 10.48 0.08
2458493.3391383 10.40 0.08
2458493.3393119 10.47 0.08
2458493.3394855 10.40 0.08
2458493.3396591 10.26 0.07
2458493.3398327 10.36 0.07
2458493.3401799 10.39 0.08
2458493.3403536 10.46 0.08
2458493.3405272 10.39 0.08
2458493.3407008 10.26 0.07
2458493.3408744 10.34 0.07
2458493.3410480 10.39 0.08
2458493.3412216 10.41 0.08
2458493.3413952 10.36 0.07
2458493.3415688 10.44 0.08
2458493.3417424 10.38 0.08
2458493.3419161 10.41 0.08
2458493.3424369 10.36 0.07
2458493.3426105 10.45 0.08
2458493.3427841 10.33 0.07
2458493.3429577 10.43 0.08
2458493.3431313 10.45 0.08
2458493.3433049 10.49 0.08
2458493.3434786 10.35 0.07
2458493.3436522 10.36 0.07
2458493.3438258 10.47 0.08
2458493.3439994 10.44 0.08
2458493.3441730 10.33 0.07
2458493.3443466 10.47 0.08
2458493.3445202 10.33 0.07
2458493.3446938 10.47 0.08
2458493.3448674 10.44 0.08
2458493.3452147 10.32 0.07
2458493.3459091 10.39 0.08
2458493.3460827 10.46 0.08
2458493.3466035 10.32 0.07
2458493.3471244 10.46 0.08
2458493.3472980 10.43 0.08
2458493.3474716 10.35 0.07
2458493.3479924 10.26 0.07
2458493.3483408 10.33 0.07
2458493.3485142 10.36 0.07
2458493.3486876 10.30 0.07
2458493.3488611 10.36 0.07
2458493.3490345 10.44 0.08
2458493.3492080 10.44 0.08
2458493.3493814 10.34 0.07
2458493.3495549 10.34 0.07
2458493.3499022 10.34 0.07
2458493.3500758 10.39 0.08
2458493.3502494 10.32 0.07
2458493.3512911 10.37 0.07
2458493.3516383 10.40 0.08
2458493.3519855 10.34 0.07
2458493.3521591 10.41 0.08
2458493.3526799 10.35 0.07
2458493.3528535 10.31 0.07
2458493.3530272 10.34 0.07
2458493.3533744 10.43 0.08
2458493.3535480 10.40 0.08
2458493.3537216 10.39 0.07
2458493.3538952 10.39 0.07
2458493.3542424 10.47 0.08
2458493.3544160 10.41 0.08
2458493.3547633 10.41 0.08
2458493.3549369 10.45 0.08
2458493.3551105 10.38 0.07
2458493.3552841 10.44 0.08
2458493.3558049 10.36 0.07
2458493.3559786 10.37 0.07
2458493.3561522 10.42 0.08
2458493.3563258 10.35 0.07
2458493.3564994 10.37 0.07
2458493.3566730 10.37 0.07
2458493.3568466 10.34 0.07
2458493.3571938 10.32 0.07
2458493.3573674 10.42 0.08
2458493.3575411 10.44 0.08
2458493.3578883 10.42 0.08
2458493.3580619 10.43 0.08
2458493.3582355 10.47 0.08
2458493.3584091 10.41 0.08
2458493.3587563 10.37 0.07
2458493.3589299 10.36 0.07
2458493.3591036 10.38 0.08
2458493.3592772 10.43 0.08
2458493.3603199 10.31 0.07
2458493.3613606 10.47 0.08
2458493.3615341 10.40 0.08
2458493.3617077 10.34 0.07
2458493.3618813 10.34 0.07
2458493.3622285 10.43 0.08
2458493.3625758 10.49 0.08
2458493.3627494 10.37 0.07
2458493.3629230 10.41 0.08
2458493.3630966 10.48 0.08
2458493.3632702 10.42 0.08
2458493.3636174 10.34 0.07
2458493.3637911 10.39 0.08
2458493.3639647 10.35 0.07
2458493.3644855 10.38 0.07
2458493.3648327 10.36 0.07
2458493.3655272 10.46 0.08
2458493.3657008 10.37 0.07
2458493.3658744 10.40 0.08
2458493.3660480 10.34 0.07
2458493.3662216 10.28 0.07
2458493.3663952 10.44 0.08
2458493.3665688 10.50 0.08
2458493.3667424 10.41 0.08
2458493.3669161 10.41 0.08
2458493.3672633 10.40 0.08
2458493.3676105 10.45 0.08
2458493.3679577 10.38 0.08
2458493.3689994 10.35 0.07
2458493.3693466 10.42 0.08
2458493.3695202 10.50 0.08
2458493.3696938 10.34 0.07
2458493.3700410 10.37 0.08
2458493.3702147 10.37 0.07
2458493.3705619 10.38 0.08
2458493.3707355 10.32 0.07
2458493.3709091 10.31 0.07
2458493.3710827 10.33 0.07
2458493.3716036 10.47 0.08
2458493.3717772 10.46 0.08
2458493.3721257 10.32 0.07
2458493.3722991 10.42 0.08
2458493.3724725 10.40 0.08
2458493.3736869 10.48 0.08
2458493.3738605 10.28 0.07
2458493.3745549 10.36 0.07
2458493.3749022 10.39 0.08
2458493.3752494 10.46 0.08
2458493.3754230 10.42 0.08
2458493.3757702 10.41 0.08
2458493.3761174 10.40 0.08
2458493.3762910 10.39 0.08
2458493.3764647 10.42 0.08
2458493.3768119 10.55 0.09
2458493.3773327 10.30 0.07
2458493.3776799 10.38 0.08
2458493.3778535 10.37 0.08
2458493.3780272 10.41 0.08
2458493.3782008 10.35 0.07
2458493.3794161 10.42 0.08
2458493.3797633 10.42 0.08
2458493.3811522 10.29 0.07
2458493.3813258 10.25 0.07
2458493.3814994 10.35 0.08
2458493.3835827 10.41 0.08
2458493.3837563 10.45 0.08
2458493.3839313 10.42 0.08
2458493.3841048 10.28 0.07
2458493.3847985 10.39 0.08
2458493.3849720 10.37 0.08
2458493.3853189 10.39 0.08
2458493.3854924 10.40 0.08
2458493.3860133 10.45 0.08
2458493.3861869 10.46 0.08
2458493.3863605 10.54 0.09
2458493.3865341 10.37 0.08
2458493.3867077 10.40 0.08
2458493.3868813 10.30 0.07
2458493.3875758 10.41 0.08
2458493.3880966 10.49 0.09
2458493.3884438 10.31 0.07
2458493.3886174 10.38 0.08
2458493.3887911 10.31 0.07
2458493.3889647 10.37 0.08
2458493.3891383 10.44 0.08
2458493.3894855 10.38 0.08
2458493.3908744 10.38 0.08
2458493.3910480 10.42 0.08
2458493.3912216 10.38 0.08
2458493.3913952 10.34 0.08
2458493.3915688 10.45 0.08
2458493.3917424 10.35 0.08
2458493.3919160 10.42 0.08
2458493.3922633 10.41 0.08
2458493.3924369 10.36 0.08
2458493.3926105 10.31 0.07
2458493.3929577 10.33 0.07
2458493.3933049 10.41 0.08
2458493.3934785 10.30 0.07
2458493.3936522 10.37 0.08
2458493.3939994 10.46 0.09
2458493.3941730 10.39 0.08
2458493.3943466 10.42 0.08
2458493.3945202 10.52 0.09
2458493.3946938 10.50 0.09
2458493.3948674 10.51 0.09
2458493.3950411 10.41 0.08
2458493.3952147 10.30 0.07
2458493.3953883 10.35 0.08
2458493.3955619 10.41 0.08
2458493.3957355 10.42 0.08
2458493.3959105 10.37 0.08
2458493.3960839 10.47 0.09
2458493.3962574 10.39 0.08
2458493.3964308 10.45 0.08
2458493.3966043 10.39 0.08
2458493.3967777 10.37 0.08
2458493.3969511 10.49 0.09
2458493.3971246 10.49 0.09
2458493.3972980 10.31 0.07
2458493.3974716 10.37 0.08
2458493.3976452 10.32 0.08
2458493.3979924 10.34 0.08
2458493.3990341 10.39 0.08
2458493.3993813 10.36 0.08
2458493.3995549 10.32 0.08
2458493.3997285 10.50 0.09
2458493.4004230 10.35 0.08
2458493.4005966 10.44 0.08
2458493.4011174 10.25 0.07
2458493.4012910 10.39 0.08
2458493.4014647 10.35 0.08
2458493.4016383 10.51 0.09
2458493.4018119 10.51 0.09
2458493.4019855 10.51 0.09
2458493.4021591 10.41 0.08
2458493.4023327 10.45 0.09
2458493.4025063 10.51 0.09
2458493.4026799 10.42 0.08
2458493.4028536 10.53 0.09
2458493.4032008 10.52 0.09
2458493.4033744 10.35 0.08
2458493.4035480 10.34 0.08
2458493.4038952 10.50 0.09
2458493.4040688 10.38 0.08
2458493.4042424 10.36 0.08
2458493.4044161 10.46 0.09
2458493.4049369 10.38 0.08
2458493.4051105 10.34 0.08
2458493.4052841 10.33 0.08
2458493.4056313 10.49 0.09
2458493.4070202 10.29 0.08
2458493.4078896 10.53 0.09
2458493.4080630 10.42 0.08
2458493.4082365 10.45 0.09
2458493.4085833 10.39 0.08
2458493.4089302 10.39 0.08
2458493.4091037 10.41 0.08
2458493.4097980 10.33 0.08
2458493.4101452 10.44 0.09
2458493.4113605 10.32 0.08
2458493.4129230 10.52 0.09
2458493.4130966 10.31 0.08
2458493.4136174 10.37 0.08
2458493.4141383 10.37 0.08
2458493.4153535 10.44 0.09
2458493.4157008 10.29 0.08
2458493.4158744 10.45 0.09
2458494.3467309 10.34 0.10
2458494.3470781 10.36 0.11
2458494.3498559 10.25 0.10
2458494.3502031 10.35 0.11
2458494.3507239 10.50 0.12
2458494.3528073 10.38 0.12
2458494.3576684 10.32 0.14
2458494.3583628 10.32 0.14
2458494.3637447 10.18 0.15
2458495.1364994 10.30 0.12
2458495.1366730 10.39 0.13
2458495.1368466 10.23 0.11
2458495.1385827 10.32 0.12
2458495.1396244 10.19 0.10
2458495.1397980 10.40 0.13
2458495.1432702 10.33 0.12
2458495.1444855 10.21 0.11
2458495.1524716 10.37 0.12
2458495.1536869 10.16 0.10
2458495.1540341 10.25 0.11
2458495.1587230 10.26 0.11
2458495.1630619 10.45 0.13
2458495.1672285 10.35 0.11
2458495.1680966 10.52 0.13
2458495.1738258 10.37 0.12
2458495.1852841 10.17 0.09
2458495.1870202 10.58 0.13
2458495.1897980 10.31 0.10
2458495.1917077 10.21 0.09
2458495.1950075 10.29 0.10
2458495.1960481 10.25 0.10
2458495.1979577 10.24 0.10
2458495.1989994 10.28 0.10
2458495.1991730 10.31 0.10
2458495.2014299 10.24 0.10
2458495.2016035 10.53 0.13
2458495.2022980 10.46 0.12
2458495.2040341 10.28 0.10
2458495.2045549 10.37 0.11
2458495.2049022 10.30 0.10
2458495.2142772 10.21 0.09
2458495.2194862 10.08 0.08
2458495.2201799 10.33 0.10
2458495.2205272 10.45 0.11
2458495.2208744 10.37 0.11
2458495.2210480 10.48 0.12
2458495.2212216 10.42 0.11
2458495.2226105 10.58 0.13
2458495.2305966 10.32 0.10
2458495.2358049 10.64 0.13
2458495.2364994 10.27 0.09
2458495.2382355 10.60 0.13
2458495.2397980 10.37 0.10
2458495.2432711 10.29 0.10
2458495.2437914 10.27 0.09
2458495.2443119 10.36 0.10
2458495.2457008 10.21 0.09
2458495.2529924 10.28 0.09
2458495.2557706 10.43 0.11
2458495.2566383 10.38 0.10
2458495.2569855 10.22 0.09
2458495.2583744 10.34 0.10
2458495.2587216 10.64 0.13
2458495.2592424 10.24 0.09
2458495.2609786 10.38 0.10
2458495.2616730 10.24 0.09
2458495.2625410 10.16 0.08
2458495.2642772 10.31 0.09
2458495.2679233 10.35 0.10
2458495.2680967 10.35 0.10
2458495.2708744 10.42 0.10
2458495.2741730 10.63 0.12
2458495.2746938 10.57 0.12
2458495.2764299 10.43 0.10
2458495.2804230 10.48 0.11
2458495.2805966 10.27 0.09
2458495.2845897 10.40 0.10
2458495.2854577 10.29 0.09
2458495.2863258 10.46 0.10
2458495.2868466 10.40 0.10
2458495.2889299 10.46 0.10
2458495.2896244 10.35 0.09
2458495.2897980 10.59 0.12
2458495.2903188 10.58 0.12
2458495.2906661 10.27 0.09
2458495.2911879 10.37 0.10
2458495.2930966 10.31 0.09
2458495.2953535 10.41 0.10
2458495.2965688 10.30 0.09
2458495.2976105 10.33 0.09
2458495.2998674 10.42 0.10
2458495.3019508 10.36 0.09
2458495.3059438 10.41 0.10
2458495.3064647 10.34 0.09
2458495.3066383 10.35 0.09
2458495.3068119 10.46 0.10
2458495.3078536 10.22 0.08
2458495.3088952 10.41 0.10
2458498.1658281 10.40 0.10
2458498.1663489 10.29 0.09
2458498.1665238 10.38 0.10
2458498.1693003 10.33 0.09
2458498.1696475 10.39 0.10
2458498.1698211 10.38 0.10
2458498.1701684 10.31 0.09
2458498.1703420 10.33 0.09
2458498.1705156 10.31 0.09
2458498.1706892 10.31 0.09
2458498.1715572 10.27 0.09
2458498.1729461 10.26 0.08
2458498.1731198 10.34 0.09
2458498.1736406 10.32 0.09
2458498.1741614 10.36 0.09
2458498.1743350 10.41 0.09
2458498.1745086 10.31 0.09
2458498.1750295 10.25 0.08
2458498.1752031 10.33 0.09
2458498.1755503 10.33 0.09
2458498.1758975 10.41 0.09
2458498.1765920 10.40 0.09
2458498.1767656 10.47 0.10
2458498.1778072 10.25 0.08
2458498.1781545 10.40 0.09
2458498.1788498 10.37 0.09
2458498.1809323 10.37 0.09
2458498.1819739 10.23 0.08
2458498.1835364 10.39 0.09
2458498.1837100 10.51 0.10
2458498.1847517 10.31 0.08
2458498.1849253 10.22 0.08
2458498.1852725 10.41 0.09
2458498.1854461 10.36 0.09
2458498.1859670 10.44 0.09
2458498.1864878 10.55 0.10
2458498.1871822 10.38 0.09
2458498.1882974 10.38 0.09
2458498.1899600 10.37 0.09
2458498.1901336 10.27 0.08
2458498.1916961 10.33 0.08
2458498.1920434 10.37 0.08
2458498.1934322 10.37 0.08
2458498.1943003 10.26 0.08
2458498.1944739 10.36 0.08
2458498.1956892 10.31 0.08
2458498.1963846 10.26 0.07
2458498.1974253 10.22 0.07
2458498.1977725 10.36 0.08
2458498.1984670 10.39 0.08
2458498.1988142 10.38 0.08
2458498.1991614 10.36 0.08
2458498.1995086 10.38 0.08
2458498.1996822 10.43 0.08
2458498.2000295 10.33 0.08
2458498.2002031 10.45 0.09
2458498.2005503 10.49 0.09
2458498.2022864 10.34 0.08
2458498.2028072 10.41 0.08
2458498.2033281 10.47 0.09
2458498.2035017 10.48 0.09
2458498.2040225 10.40 0.08
2458498.2048906 10.43 0.08
2458498.2052378 10.35 0.08
2458498.2055850 10.34 0.08
2458498.2062795 10.38 0.08
2458498.2064531 10.32 0.08
2458498.2066267 10.22 0.07
2458498.2071475 10.49 0.09
2458498.2073211 10.37 0.08
2458498.2074947 10.47 0.09
2458498.2076684 10.24 0.07
2458498.2080169 10.38 0.08
2458498.2081904 10.39 0.08
2458498.2085373 10.40 0.08
2458498.2090576 10.31 0.08
2458498.2094045 10.37 0.08
2458498.2095781 10.28 0.07
2458498.2097517 10.39 0.08
2458498.2099253 10.42 0.08
2458498.2100989 10.34 0.08
2458498.2106197 10.49 0.09
2458498.2109670 10.45 0.08
2458498.2113142 10.40 0.08
2458498.2118350 10.25 0.07
2458498.2127031 10.43 0.08
2458498.2130503 10.31 0.07
2458498.2132239 10.44 0.08
2458498.2133975 10.42 0.08
2458498.2139184 10.53 0.09
2458498.2140920 10.40 0.08
2458498.2142656 10.43 0.08
2458498.2144392 10.40 0.08
2458498.2147864 10.47 0.09
2458498.2149600 10.33 0.07
2458498.2151336 10.30 0.07
2458498.2153072 10.43 0.08
2458498.2156545 10.46 0.09
2458498.2158281 10.45 0.08
2458498.2160017 10.44 0.08
2458498.2161753 10.30 0.07
2458498.2163489 10.40 0.08
2458498.2165225 10.43 0.08
2458498.2166961 10.49 0.09
2458498.2168697 10.42 0.08
2458498.2170434 10.47 0.09
2458498.2172170 10.23 0.07
2458498.2173906 10.45 0.08
2458498.2175642 10.38 0.08
2458498.2177378 10.38 0.08
2458498.2182586 10.36 0.08
2458498.2186059 10.36 0.08
2458498.2187795 10.49 0.09
2458498.2193003 10.22 0.07
2458498.2196475 10.27 0.07
2458498.2203429 10.29 0.07
2458498.2208632 10.29 0.07
2458498.2212101 10.46 0.09
2458498.2215573 10.43 0.08
2458498.2217309 10.36 0.08
2458498.2243350 10.40 0.08
2458498.2250295 10.42 0.08
2458498.2252031 10.49 0.08
2458498.2253767 10.29 0.07
2458498.2257239 10.32 0.07
2458498.2258975 10.44 0.08
2458498.2260711 10.40 0.08
2458498.2265920 10.42 0.08
2458498.2267656 10.43 0.08
2458498.2269392 10.43 0.08
2458498.2271128 10.38 0.08
2458498.2272864 10.33 0.07
2458498.2276336 10.36 0.08
2458498.2279809 10.43 0.08
2458498.2281545 10.40 0.08
2458498.2283281 10.33 0.08
2458498.2285017 10.46 0.08
2458498.2290225 10.35 0.08
2458498.2297170 10.37 0.08
2458498.2298906 10.33 0.07
2458498.2300642 10.44 0.08
2458498.2302378 10.43 0.08
2458498.2304114 10.48 0.09
2458498.2305850 10.46 0.09
2458498.2307586 10.51 0.09
2458498.2309322 10.38 0.08
2458498.2311059 10.25 0.07
2458498.2312795 10.42 0.08
2458498.2314531 10.31 0.07
2458498.2318016 10.52 0.09
2458498.2319750 10.31 0.07
2458498.2321485 10.46 0.08
2458498.2323219 10.44 0.08
2458498.2324954 10.36 0.08
2458498.2342309 10.25 0.07
2458498.2344045 10.44 0.08
2458498.2345781 10.37 0.08
2458498.2347517 10.33 0.08
2458498.2350989 10.44 0.08
2458498.2354461 10.43 0.08
2458498.2356198 10.42 0.08
2458498.2359670 10.26 0.07
2458498.2363142 10.42 0.08
2458498.2364878 10.39 0.08
2458498.2366614 10.40 0.08
2458498.2368350 10.45 0.09
2458498.2370086 10.39 0.08
2458498.2385711 10.35 0.08
2458498.2389184 10.30 0.08
2458498.2390920 10.24 0.07
2458498.2394392 10.28 0.07
2458498.2401336 10.48 0.09
2458498.2403072 10.26 0.07
2458498.2404809 10.35 0.08
2458498.2410017 10.40 0.08
2458498.2411753 10.26 0.07
2458498.2416961 10.33 0.08
2458498.2422170 10.40 0.08
2458498.2427378 10.41 0.08
2458498.2430850 10.36 0.08
2458498.2432586 10.41 0.08
2458498.2436073 10.29 0.07
2458498.2439541 10.44 0.09
2458498.2441276 10.40 0.08
2458498.2443010 10.44 0.09
2458498.2451684 10.33 0.08
2458498.2455156 10.41 0.08
2458498.2456892 10.37 0.08
2458498.2458628 10.41 0.08
2458498.2465572 10.45 0.09
2458498.2467309 10.42 0.09
2458498.2472517 10.27 0.07
2458498.2477725 10.48 0.09
2458498.2479461 10.34 0.08
2458498.2481197 10.41 0.08
2458498.2482934 10.26 0.07
2458498.2491614 10.37 0.08
2458498.2495086 10.34 0.08
2458498.2496822 10.30 0.08
2458498.2498559 10.38 0.08
2458498.2500295 10.46 0.09
2458498.2502031 10.40 0.08
2458498.2505503 10.36 0.08
2458498.2508975 10.32 0.08
2458498.2515920 10.44 0.09
2458498.2519392 10.48 0.09
2458498.2522864 10.41 0.09
2458498.2526336 10.46 0.09
2458498.2535017 10.43 0.09
2458498.2536753 10.35 0.08
2458498.2538489 10.39 0.09
2458498.2540225 10.39 0.09
2458498.2541961 10.25 0.07
2458498.2545434 10.27 0.08
2458498.2554114 10.40 0.09
2458498.2559332 10.46 0.09
2458498.2569739 10.44 0.09
2458498.2571475 10.34 0.08
2458498.2573211 10.39 0.08
2458498.2580156 10.42 0.09
2458498.2585364 10.40 0.09
2458498.2587100 10.39 0.09
2458498.2588836 10.33 0.08
2458498.2590573 10.38 0.08
2458498.2597517 10.35 0.08
2458498.2600989 10.37 0.08
2458498.2604461 10.53 0.10
2458498.2606198 10.29 0.08
2458498.2607934 10.36 0.08
2458498.2614878 10.32 0.08
2458498.2616614 10.45 0.09
2458498.2618350 10.40 0.09
2458498.2621822 10.51 0.10
2458498.2627031 10.50 0.08
2458498.2628767 10.49 0.08
2458498.2630503 10.30 0.06
2458498.2632239 10.40 0.07
2458498.2633975 10.27 0.06
2458498.2635711 10.45 0.08
2458498.2637447 10.37 0.07
2458498.2639184 10.20 0.06
2458498.2640920 10.44 0.07
2458498.2642656 10.37 0.07
2458498.2647864 10.44 0.08
2458498.2651336 10.33 0.07
2458498.2653072 10.39 0.07
2458498.2654809 10.42 0.07
2458498.2660017 10.32 0.07
2458498.2663489 10.41 0.07
2458498.2665225 10.38 0.07
2458498.2666961 10.46 0.08
2458498.2670434 10.39 0.07
2458498.2675655 10.32 0.07
2458498.2677389 10.33 0.07
2458498.2679124 10.49 0.08
2458498.2684327 10.44 0.07
2458498.2686062 10.46 0.08
2458498.2687796 10.47 0.08
2458498.2689531 10.41 0.07
2458498.2691267 10.35 0.07
2458498.2694739 10.33 0.07
2458498.2698211 10.39 0.07
2458498.2703420 10.44 0.07
2458498.2705156 10.50 0.08
2458498.2712100 10.35 0.07
2458498.2713836 10.40 0.07
2458498.2715572 10.38 0.07
2458498.2717309 10.41 0.07
2458498.2719045 10.47 0.08
2458498.2720781 10.36 0.07
2458498.2722517 10.42 0.07
2458498.2724253 10.58 0.08
2458498.2725989 10.46 0.08
2458498.2727725 10.40 0.07
2458498.2731197 10.49 0.08
2458498.2732934 10.46 0.08
2458498.2736406 10.54 0.08
2458498.2738142 10.32 0.07
2458498.2741614 10.48 0.08
2458498.2743350 10.47 0.08
2458498.2745086 10.48 0.08
2458498.2746823 10.46 0.08
2458498.2748559 10.39 0.07
2458498.2752031 10.36 0.07
2458498.2753767 10.42 0.07
2458498.2755503 10.34 0.07
2458498.2757239 10.46 0.07
2458498.2758975 10.41 0.07
2458498.2760711 10.46 0.07
2458498.2762448 10.52 0.08
2458498.2765920 10.34 0.07
2458498.2769392 10.47 0.08
2458498.2771128 10.39 0.07
2458498.2772864 10.47 0.08
2458498.2774600 10.38 0.07
2458498.2776336 10.35 0.07
2458498.2779809 10.43 0.07
2458498.2781545 10.44 0.08
2458498.2783281 10.39 0.07
2458498.2786753 10.37 0.07
2458498.2790225 10.37 0.07
2458498.2793697 10.41 0.07
2458498.2795448 10.47 0.08
2458498.2797182 10.46 0.07
2458498.2800651 10.43 0.07
2458498.2802385 10.46 0.08
2458498.2804120 10.39 0.07
2458498.2805854 10.40 0.07
2458498.2807589 10.46 0.08
2458498.2809323 10.43 0.07
2458498.2811059 10.41 0.07
2458498.2814531 10.38 0.07
2458498.2816267 10.47 0.08
2458498.2818003 10.42 0.07
2458498.2819739 10.37 0.07
2458498.2821475 10.51 0.08
2458498.2823211 10.47 0.08
2458498.2826684 10.40 0.07
2458498.2828420 10.42 0.07
2458498.2833628 10.46 0.08
2458498.2837100 10.39 0.07
2458498.2838836 10.32 0.07
2458498.2840573 10.45 0.07
2458498.2842309 10.47 0.08
2458498.2844045 10.41 0.07
2458498.2845781 10.45 0.08
2458498.2847517 10.39 0.07
2458498.2849253 10.42 0.07
2458498.2850989 10.37 0.07
2458498.2852725 10.41 0.07
2458498.2854461 10.43 0.08
2458498.2856197 10.33 0.07
2458498.2857934 10.56 0.08
2458498.2861406 10.44 0.07
2458498.2863142 10.49 0.08
2458498.2864878 10.47 0.08
2458498.2866614 10.48 0.08
2458498.2868350 10.39 0.07
2458498.2870086 10.36 0.07
2458498.2871822 10.42 0.07
2458498.2873559 10.49 0.08
2458498.2875295 10.40 0.07
2458498.2877031 10.37 0.07
2458498.2878767 10.37 0.07
2458498.2880503 10.41 0.07
2458498.2882239 10.50 0.08
2458498.2883975 10.42 0.08
2458498.2885711 10.42 0.08
2458498.2887447 10.44 0.08
2458498.2889184 10.24 0.06
2458498.2890920 10.31 0.07
2458498.2892656 10.46 0.08
2458498.2894392 10.44 0.08
2458498.2896128 10.44 0.08
2458498.2897864 10.39 0.07
2458498.2899600 10.45 0.08
2458498.2901336 10.33 0.07
2458498.2903073 10.34 0.07
2458498.2904809 10.42 0.07
2458498.2906545 10.32 0.07
2458498.2908281 10.37 0.07
2458498.2910017 10.34 0.07
2458498.2911753 10.39 0.07
2458498.2913489 10.53 0.08
2458498.2915239 10.37 0.07
2458498.2918708 10.44 0.08
2458498.2923912 10.41 0.08
2458498.2925646 10.33 0.07
2458498.2927381 10.47 0.08
2458498.2929115 10.35 0.07
2458498.2930850 10.41 0.07
2458498.2932586 10.41 0.08
2458498.2936059 10.42 0.08
2458498.2939531 10.44 0.08
2458498.2941267 10.47 0.08
2458498.2948211 10.31 0.08
2458498.2949947 10.43 0.08
2458498.2956892 10.47 0.08
2458498.2958628 10.41 0.07
2458498.2962100 10.44 0.08
2458498.2965572 10.46 0.08
2458498.2969045 10.42 0.07
2458498.2970781 10.46 0.08
2458498.2972517 10.46 0.08
2458498.2974253 10.39 0.07
2458498.2975989 10.43 0.08
2458498.2977725 10.48 0.08
2458498.2981198 10.42 0.07
2458498.2982934 10.33 0.07
2458498.2984670 10.47 0.08
2458498.2989878 10.46 0.08
2458498.2991614 10.34 0.07
2458498.2995086 10.43 0.08
2458498.2996823 10.38 0.07
2458498.2998559 10.47 0.08
2458498.3000295 10.41 0.07
2458498.3002031 10.35 0.07
2458498.3005503 10.44 0.08
2458498.3010711 10.49 0.08
2458498.3012447 10.45 0.08
2458498.3017656 10.43 0.08
2458498.3019392 10.47 0.08
2458498.3021128 10.46 0.08
2458498.3022864 10.49 0.08
2458498.3026336 10.46 0.08
2458498.3028072 10.39 0.07
2458498.3029809 10.42 0.08
2458498.3031545 10.44 0.08
2458498.3033281 10.39 0.07
2458498.3035017 10.35 0.07
2458498.3054114 10.33 0.07
2458498.3055850 10.48 0.08
2458498.3057586 10.32 0.07
2458498.3059323 10.41 0.07
2458498.3064531 10.38 0.07
2458498.3066267 10.46 0.08
2458498.3071475 10.44 0.08
2458498.3073211 10.38 0.07
2458498.3074948 10.36 0.07
2458498.3076684 10.33 0.07
2458498.3078420 10.43 0.08
2458498.3081892 10.39 0.07
2458498.3083628 10.49 0.08
2458498.3087100 10.41 0.07
2458498.3088836 10.36 0.07
2458498.3090572 10.42 0.08
2458498.3092309 10.31 0.07
2458498.3094045 10.42 0.08
2458498.3095781 10.44 0.08
2458498.3097517 10.41 0.08
2458498.3099253 10.45 0.08
2458498.3102725 10.42 0.08
2458498.3104461 10.46 0.08
2458498.3109670 10.41 0.08
2458498.3113142 10.45 0.08
2458498.3116614 10.33 0.07
2458498.3125295 10.39 0.07
2458498.3127031 10.34 0.07
2458498.3130503 10.64 0.09
2458498.3133975 10.33 0.07
2458498.3135711 10.44 0.08
2458498.3140920 10.34 0.07
2458498.3142656 10.31 0.07
2458498.3144392 10.37 0.07
2458498.3147864 10.37 0.07
2458498.3151336 10.40 0.07
2458498.3160027 10.40 0.08
2458498.3163496 10.40 0.08
2458498.3165230 10.31 0.07
2458498.3168699 10.53 0.09
2458498.3170434 10.35 0.07
2458498.3179114 10.48 0.08
2458498.3180850 10.44 0.08
2458500.2368119 10.39 0.10
2458500.2395897 10.19 0.08
2458500.2404577 10.27 0.09
2458500.2425410 10.32 0.09
2458500.2437563 10.30 0.09
2458500.2441035 10.31 0.09
2458500.2453193 10.38 0.09
2458500.2470549 10.33 0.09
2458500.2486174 10.37 0.09
2458500.2507008 10.28 0.08
2458500.2513952 10.28 0.08
2458500.2533049 10.46 0.10
2458500.2538258 10.37 0.09
2458500.2550411 10.34 0.09
2458500.2562563 10.43 0.10
2458500.2567781 10.35 0.09
2458500.2585133 10.36 0.09
2458500.2586869 10.27 0.08
2458500.2602494 10.45 0.10
2458500.2604230 10.44 0.10
2458500.2607702 10.35 0.09
2458500.2614647 10.39 0.09
2458500.2628535 10.37 0.09
2458500.2661522 10.38 0.09
2458500.2682355 10.33 0.08
2458500.2691042 10.35 0.08
2458500.2696245 10.30 0.08
2458500.2699716 10.35 0.08
2458500.2704924 10.23 0.08
2458500.2711869 10.41 0.09
2458500.2724022 10.37 0.08
2458500.2725758 10.32 0.08
2458500.2727494 10.40 0.09
2458500.2729230 10.40 0.09
2458500.2730966 10.40 0.09
2458500.2739647 10.42 0.09
2458500.2741383 10.48 0.10
2458500.2750063 10.38 0.09
2458500.2751799 10.41 0.09
2458500.2760480 10.38 0.09
2458500.2765688 10.45 0.09
2458500.2767424 10.47 0.09
2458500.2774369 10.41 0.09
2458500.2776105 10.41 0.09
2458500.2783049 10.38 0.09
2458500.2795202 10.40 0.09
2458500.2802147 10.43 0.09
2458500.2821244 10.40 0.09
2458500.2829924 10.40 0.09
2458500.2833397 10.30 0.08
2458500.2843813 10.46 0.09
2458500.2847286 10.33 0.08
2458500.2850758 10.44 0.09
2458500.2855966 10.36 0.08
2458500.2859438 10.46 0.09
2458500.2861174 10.37 0.08
2458500.2862911 10.41 0.09
2458500.2864647 10.43 0.09
2458500.2868119 10.50 0.10
2458500.2873327 10.51 0.10
2458500.2883744 10.34 0.08
2458500.2890688 10.44 0.09
2458500.2894160 10.33 0.08
2458500.2895897 10.42 0.09
2458500.2899369 10.38 0.08
2458500.2901105 10.40 0.08
2458500.2904577 10.36 0.08
2458500.2908049 10.44 0.09
2458500.2920202 10.42 0.08
2458500.2923688 10.34 0.08
2458500.2930626 10.38 0.08
2458500.2932360 10.42 0.09