2458467.3668514 11.01 0.14
2458467.3673723 11.05 0.15
2458467.3675459 10.97 0.14
2458467.3677195 10.96 0.14
2458467.3678931 10.92 0.14
2458467.3691084 10.88 0.13
2458467.3696292 11.02 0.15
2458467.3699764 11.06 0.15
2458467.3701500 11.01 0.15
2458467.3720598 10.92 0.14
2458467.3724070 11.01 0.15
2458467.3727542 10.97 0.14
2458467.3729278 10.99 0.15
2458467.3732750 11.01 0.15
2458467.3736223 11.17 0.17
2458467.3741431 10.87 0.13
2458467.3743167 11.00 0.15
2458467.3748375 11.00 0.15
2458467.3750111 10.89 0.13
2458467.3753584 10.85 0.13
2458467.3764005 10.98 0.15
2458467.3765739 10.84 0.13
2458467.3770945 10.82 0.13
2458467.3772681 11.06 0.16
2458467.3781361 11.04 0.15
2458467.3783097 10.83 0.13
2458467.3784834 10.87 0.13
2458467.3786570 10.88 0.14
2458467.3788306 10.88 0.13
2458467.3791778 11.10 0.16
2458467.3798723 10.85 0.13
2458467.3828236 10.97 0.15
2458467.3831709 11.02 0.15
2458467.3840389 10.89 0.13
2458467.3842125 11.07 0.16
2458467.3845597 10.96 0.14
2458467.3849070 11.01 0.15
2458467.3854278 11.00 0.15
2458467.3859486 11.00 0.15
2458467.3868167 11.03 0.15
2458467.3871639 11.03 0.15
2458467.3878592 11.01 0.15
2458467.3883795 10.81 0.13
2458467.3887264 11.07 0.16
2458467.3889000 10.90 0.14
2458467.3894209 11.08 0.16
2458467.3904625 11.08 0.16
2458467.3906361 10.88 0.13
2458467.3908098 11.10 0.16
2458467.3916778 10.97 0.15
2458467.3920250 11.05 0.16
2458467.3921986 10.97 0.15
2458467.3937611 11.06 0.16
2458467.3939347 11.08 0.16
2458467.3948028 11.00 0.15
2458467.3953236 10.78 0.12
2458467.3961917 10.97 0.15
2458467.3968861 10.94 0.14
2458467.3977542 10.90 0.14
2458467.3981014 10.88 0.13
2458467.3987959 10.86 0.13
2458467.3991431 10.91 0.14
2458467.3993180 10.83 0.13
2458467.4005321 11.07 0.16
2458467.4014000 10.99 0.15
2458467.4022681 10.93 0.14
2458467.4026153 10.91 0.14
2458467.4027889 10.91 0.14
2458467.4034834 10.87 0.14
2458467.4048723 10.99 0.15
2458467.4050459 10.97 0.15
2458467.4060875 10.97 0.15
2458467.4066084 11.03 0.16
2458467.4076500 10.92 0.14
2458467.4079972 10.93 0.14
2458467.4081709 10.89 0.14
2458467.4083445 10.98 0.15
2458467.4095597 10.92 0.14
2458467.4100806 11.07 0.16
2458467.4107750 10.76 0.12
2458467.4111236 10.77 0.12
2458467.4123377 10.84 0.13
2458467.4125112 11.07 0.16
2458467.4128584 11.14 0.18
2458467.4140736 11.00 0.15
2458467.4154625 10.99 0.15
2458467.4163306 11.02 0.16
2458467.4173722 10.82 0.13
2458467.4178931 11.03 0.16
2458467.4184139 10.89 0.14
2458467.4198028 10.94 0.15
2458467.4201500 10.78 0.13
2458469.3667865 11.31 0.14
2458469.3670135 11.09 0.12
2458469.3671871 10.97 0.10
2458469.3673607 11.00 0.11
2458469.3675343 11.26 0.13
2458469.3677079 10.99 0.11
2458469.3678815 11.03 0.11
2458469.3680551 11.09 0.12
2458469.3684023 11.08 0.11
2458469.3685760 11.05 0.11
2458469.3687496 11.00 0.11
2458469.3689232 10.86 0.09
2458469.3690968 10.98 0.11
2458469.3692704 10.99 0.11
2458469.3694440 11.30 0.14
2458469.3696176 11.04 0.11
2458469.3697912 11.05 0.11
2458469.3699648 11.05 0.11
2458469.3701384 10.97 0.10
2458469.3703121 11.12 0.12
2458469.3704857 11.10 0.12
2458469.3706593 11.00 0.11
2458469.3708329 11.20 0.13
2458469.3710065 10.97 0.10
2458469.3711801 11.10 0.12
2458469.3713537 10.94 0.10
2458469.3715273 10.93 0.10
2458469.3717009 11.06 0.11
2458469.3718746 11.09 0.12
2458469.3720482 11.08 0.11
2458469.3722218 11.04 0.11
2458469.3723954 10.99 0.11
2458469.3725690 11.03 0.11
2458469.3727426 11.30 0.14
2458469.3729162 11.17 0.13
2458469.3730898 11.06 0.11
2458469.3732635 11.05 0.11
2458469.3734371 11.18 0.12
2458469.3736107 11.17 0.12
2458469.3737843 11.09 0.12
2458469.3739579 11.08 0.11
2458469.3741315 11.27 0.14
2458469.3743051 11.08 0.12
2458469.3744787 11.18 0.13
2458469.3746524 10.99 0.11
2458469.3748260 10.92 0.10
2458469.3749996 11.27 0.14
2458469.3751732 11.15 0.12
2458469.3753468 10.88 0.10
2458469.3755204 11.08 0.11
2458469.3756940 11.07 0.11
2458469.3758676 11.02 0.11
2458469.3760425 11.09 0.12
2458469.3762159 11.17 0.13
2458469.3763894 11.14 0.12
2458469.3765628 11.13 0.12
2458469.3767363 11.22 0.13
2458469.3769097 11.11 0.12
2458469.3770832 10.99 0.11
2458469.3772566 11.24 0.13
2458469.3774301 11.18 0.12
2458469.3776037 11.16 0.12
2458469.3777773 11.07 0.11
2458469.3779510 11.11 0.12
2458469.3781246 11.08 0.11
2458469.3782982 11.00 0.11
2458469.3784718 11.34 0.14
2458469.3786454 11.09 0.12
2458488.3044163 11.07 0.14
2458488.3045899 11.12 0.15
2458488.3047635 11.05 0.14
2458488.3049371 11.09 0.15
2458488.3051107 10.93 0.13
2458488.3052844 11.12 0.15
2458488.3056316 10.87 0.12
2458488.3058052 11.03 0.14
2458488.3064996 11.07 0.14
2458488.3066732 11.02 0.14
2458488.3070205 11.06 0.14
2458488.3073677 11.01 0.14
2458488.3077149 11.06 0.14
2458488.3078885 11.01 0.14
2458488.3080621 10.97 0.13
2458488.3089302 10.91 0.12
2458488.3092788 11.13 0.15
2458488.3094522 11.16 0.16
2458488.3106663 11.03 0.14
2458488.3127496 10.98 0.14
2458488.3129232 11.00 0.14
2458488.3141385 11.07 0.15
2458488.3157010 11.03 0.15
2458488.3158746 11.11 0.15
2458488.3165691 11.10 0.15
2458488.3179580 11.07 0.15
2458488.3191732 10.91 0.13
2458488.3195205 11.03 0.15
2458488.3198677 11.04 0.15
2458488.3203885 11.02 0.14
2458488.3216048 11.15 0.16
2458488.3217783 10.90 0.13
2458488.3222986 11.08 0.15
2458488.3228191 11.07 0.15
2458488.3240343 11.00 0.14
2458488.3242080 10.95 0.14
2458488.3266385 11.03 0.15
2458488.3269857 11.05 0.15
2458488.3282010 11.02 0.15
2458488.3288955 11.04 0.15
2458488.3302843 11.03 0.15
2458488.3306316 10.99 0.14
2458488.3313260 11.10 0.16
2458488.3321941 10.91 0.14
2458488.3325413 11.14 0.16
2458488.3330621 11.02 0.15
2458488.3337574 10.97 0.14
2458488.3346246 11.02 0.15
2458488.3356663 11.09 0.16
2458488.3377496 11.01 0.15
2458488.3380968 11.05 0.15
2458488.3387913 11.08 0.16
2458488.3389649 11.10 0.16
2458488.3391385 11.09 0.16
2458488.3393121 11.06 0.16
2458488.3401802 11.04 0.15
2458488.3403538 11.16 0.17
2458488.3407010 11.10 0.16
2458488.3410482 11.06 0.16
2458488.3415691 10.98 0.15
2458488.3434788 10.98 0.15
2458488.3445205 11.00 0.15
2458488.3457365 10.90 0.13
2458488.3459100 11.04 0.15
2458488.3467774 11.00 0.15
2458488.3478191 11.12 0.17
2458488.3493816 10.95 0.14
2458488.3497288 11.02 0.15
2458488.3514649 11.09 0.16
2458488.3526802 10.95 0.14
2458488.3532010 10.96 0.14
2458488.3533746 10.94 0.14
2458488.3535482 11.02 0.15
2458488.3540691 11.06 0.16
2458488.3545899 11.01 0.15
2458488.3556316 10.97 0.14
2458488.3568469 11.03 0.15
2458488.3571953 11.09 0.16
2458488.3577156 10.94 0.14
2458488.3580625 11.06 0.16
2458488.3585830 11.05 0.15
2458488.3587566 11.02 0.15
2458488.3597982 11.01 0.15
2458488.3603191 10.82 0.13
2458488.3618816 10.99 0.15
2458488.3620552 10.98 0.14
2458488.3624024 10.92 0.14
2458488.3632705 10.95 0.14
2458488.3636177 11.01 0.15
2458488.3672635 11.03 0.15
2458488.3683052 10.92 0.14
2458488.3686524 10.94 0.14
2458488.3693479 10.97 0.15
2458488.3698682 11.04 0.16
2458488.3726455 10.93 0.14
2458488.3728191 11.06 0.16
2458488.3729927 11.00 0.15
2458488.3736871 11.03 0.16
2458488.3740343 10.95 0.14
2458493.2519739 11.13 0.15
2458493.2521475 11.03 0.14
2458493.2524947 11.01 0.13
2458493.2528420 11.04 0.14
2458493.2530156 11.03 0.14
2458493.2531892 11.02 0.14
2458493.2533628 11.05 0.14
2458493.2535364 10.97 0.13
2458493.2537100 11.19 0.16
2458493.2540586 11.18 0.15
2458493.2542320 11.15 0.15
2458493.2544055 11.16 0.15
2458493.2545789 10.99 0.13
2458493.2556198 10.95 0.12
2458493.2559670 11.01 0.13
2458493.2561406 11.20 0.16
2458493.2564878 11.04 0.14
2458493.2568350 10.98 0.13
2458493.2570086 11.03 0.13
2458493.2571823 11.18 0.15
2458493.2573559 10.93 0.12
2458493.2575295 11.21 0.16
2458493.2577031 11.17 0.15
2458493.2582239 10.93 0.12
2458493.2583975 11.19 0.15
2458493.2585711 10.99 0.13
2458493.2589184 11.21 0.16
2458493.2590920 11.26 0.16
2458493.2592656 11.07 0.14
2458493.2594392 11.00 0.13
2458493.2596128 11.20 0.16
2458493.2597864 11.12 0.15
2458493.2599600 11.15 0.15
2458493.2601336 11.12 0.15
2458493.2603072 10.98 0.13
2458493.2604809 11.16 0.15
2458493.2606545 10.83 0.11
2458493.2610017 11.12 0.14
2458493.2611753 10.95 0.12
2458493.2613489 10.95 0.12
2458493.2615225 11.06 0.14
2458493.2616961 10.87 0.11
2458493.2618697 11.10 0.14
2458493.2622170 11.02 0.13
2458493.2623906 10.96 0.12
2458493.2625642 10.95 0.12
2458493.2630850 11.03 0.13
2458493.2632586 11.11 0.14
2458493.2636059 11.05 0.14
2458493.2637795 10.81 0.11
2458493.2643003 11.17 0.15
2458493.2648211 11.12 0.14
2458493.2649948 11.08 0.14
2458493.2651684 11.21 0.15
2458493.2656892 11.11 0.14
2458493.2658628 10.98 0.13
2458493.2662112 11.05 0.13
2458493.2663847 11.11 0.14
2458493.2665581 11.08 0.14
2458493.2667316 11.00 0.13
2458493.2670784 11.03 0.13
2458493.2672519 10.93 0.12
2458493.2674253 10.84 0.11
2458493.2675989 10.93 0.12
2458493.2677725 11.16 0.15
2458493.2681197 11.08 0.14
2458493.2682934 11.01 0.13
2458493.2684670 11.03 0.13
2458493.2686406 11.09 0.14
2458493.2688142 11.12 0.14
2458493.2693350 11.09 0.14
2458493.2695086 11.14 0.15
2458493.2696822 11.07 0.14
2458493.2700295 10.93 0.12
2458493.2702031 11.01 0.13
2458493.2703767 10.96 0.12
2458493.2705503 11.06 0.14
2458493.2707239 11.10 0.14
2458493.2710711 11.11 0.14
2458493.2712448 11.05 0.14
2458493.2715920 10.98 0.13
2458493.2717656 10.87 0.12
2458493.2719392 10.95 0.12
2458493.2722864 11.33 0.18
2458493.2728073 10.88 0.12
2458493.2729809 11.04 0.14
2458493.2731545 11.00 0.13
2458493.2733281 11.01 0.13
2458493.2735017 10.96 0.12
2458493.2736753 11.12 0.14
2458493.2738489 11.07 0.14
2458493.2740225 11.01 0.13
2458493.2741961 11.07 0.14
2458493.2743697 11.15 0.15
2458493.2745434 11.00 0.13
2458493.2747170 11.13 0.15
2458493.2748906 10.97 0.13
2458493.2750642 11.01 0.13
2458493.2752378 10.93 0.12
2458493.2754114 11.13 0.15
2458493.2755850 11.12 0.14
2458493.2757586 11.09 0.14
2458493.2761059 10.90 0.12
2458493.2762795 10.94 0.12
2458493.2764531 11.10 0.14
2458493.2768003 11.01 0.13
2458493.2769739 10.84 0.11
2458493.2771475 11.05 0.14
2458493.2773211 10.85 0.11
2458493.2776684 10.97 0.13
2458493.2778420 11.08 0.14
2458493.2780169 11.10 0.14
2458493.2781904 11.11 0.14
2458493.2783638 11.23 0.16
2458493.2785373 10.97 0.13
2458493.2787107 11.12 0.14
2458493.2788841 11.11 0.14
2458493.2790576 11.14 0.15
2458493.2792310 11.03 0.13
2458493.2794045 11.08 0.14
2458493.2795781 11.09 0.14
2458493.2797517 10.96 0.12
2458493.2799253 11.00 0.13
2458493.2804461 10.98 0.13
2458493.2806198 11.07 0.14
2458493.2811406 11.11 0.14
2458493.2813142 11.12 0.14
2458493.2814878 11.05 0.14
2458493.2816614 11.20 0.16
2458493.2820086 11.03 0.13
2458493.2821822 10.96 0.12
2458493.2823559 10.93 0.12
2458493.2825295 10.96 0.12
2458493.2827031 10.95 0.12
2458493.2828767 10.88 0.12
2458493.2832239 11.10 0.14
2458493.2833975 11.00 0.13
2458493.2835711 11.17 0.15
2458493.2837447 11.03 0.13
2458493.2840920 10.92 0.12
2458493.2842656 11.15 0.15
2458493.2844392 11.17 0.15
2458493.2846128 10.98 0.13
2458493.2851336 11.12 0.14
2458493.2853072 11.04 0.13
2458493.2854809 11.00 0.13
2458493.2856545 11.19 0.15
2458493.2858281 11.05 0.14
2458493.2860017 11.11 0.14
2458493.2863489 11.06 0.14
2458493.2865225 11.16 0.15
2458493.2866961 11.11 0.14
2458493.2872170 10.93 0.12
2458493.2875642 10.88 0.12
2458493.2880850 10.88 0.12
2458493.2882586 11.09 0.14
2458493.2893003 10.98 0.13
2458493.2896475 11.09 0.14
2458493.2898211 10.98 0.13
2458493.2899961 10.94 0.12
2458493.2903429 11.10 0.14
2458493.2905164 10.98 0.13
2458493.2906898 11.06 0.14
2458493.2910367 11.02 0.13
2458493.2912102 10.86 0.11
2458493.2913836 10.92 0.12
2458493.2917309 11.03 0.13
2458493.2924253 11.24 0.16
2458493.2931197 10.99 0.13
2458493.2934670 11.03 0.13
2458493.2936406 10.82 0.11
2458493.2938142 10.94 0.12
2458493.2939878 11.09 0.14
2458493.2941614 10.94 0.12
2458493.2945086 11.15 0.15
2458493.2948559 11.23 0.16
2458493.2950295 11.15 0.15
2458493.2952031 11.22 0.16
2458493.2953767 11.07 0.14
2458493.2955503 11.15 0.15
2458493.2957239 11.33 0.17
2458493.2958975 11.15 0.15
2458493.2960711 11.06 0.14
2458493.2962448 11.06 0.14
2458493.2964184 11.08 0.14
2458493.2965920 10.92 0.12
2458493.2967656 11.17 0.15
2458493.2969392 11.26 0.16
2458493.2972864 11.06 0.14
2458493.2974600 11.17 0.15
2458493.2976336 10.90 0.12
2458493.2979809 10.90 0.12
2458493.2981545 11.08 0.14
2458493.2983281 10.90 0.12
2458493.2988489 10.79 0.11
2458493.2990225 11.05 0.14
2458493.2993697 10.90 0.12
2458493.2997170 10.98 0.13
2458493.2998906 10.97 0.13
2458493.3002378 11.02 0.13
2458493.3025063 11.13 0.15
2458493.3030272 11.03 0.13
2458493.3033744 11.09 0.14
2458493.3035480 10.99 0.13
2458493.3037216 11.17 0.15
2458493.3038952 11.06 0.14
2458493.3042424 10.92 0.12
2458493.3045897 11.00 0.13
2458493.3047633 11.03 0.13
2458493.3049369 11.08 0.14
2458493.3051105 10.98 0.13
2458493.3052841 11.11 0.14
2458493.3054577 11.14 0.15
2458493.3058049 11.11 0.14
2458493.3059785 11.03 0.13
2458493.3063258 11.00 0.13
2458493.3064994 11.01 0.13
2458493.3073674 11.02 0.13
2458493.3075410 10.93 0.12
2458493.3077147 11.11 0.14
2458493.3080619 11.05 0.14
2458493.3084091 11.02 0.13
2458493.3087563 11.10 0.14
2458493.3089299 11.17 0.15
2458493.3091036 11.04 0.13
2458493.3092772 11.06 0.14
2458493.3094508 10.89 0.12
2458493.3099716 11.06 0.14
2458493.3103188 10.97 0.13
2458493.3104924 10.97 0.13
2458493.3108397 10.89 0.12
2458493.3110133 11.06 0.14
2458493.3111869 11.00 0.13
2458493.3113605 11.15 0.15
2458493.3117077 11.22 0.16
2458493.3118813 11.12 0.14
2458493.3120549 11.12 0.14
2458493.3122298 11.20 0.15
2458493.3125767 11.03 0.13
2458493.3127502 11.03 0.13
2458493.3129236 11.01 0.13
2458493.3132705 10.96 0.12
2458493.3136174 10.96 0.12
2458493.3137910 11.12 0.14
2458493.3143119 10.98 0.13
2458493.3146591 10.97 0.12
2458493.3148327 11.03 0.13
2458493.3150063 11.12 0.14
2458493.3151799 11.04 0.13
2458493.3153535 10.97 0.12
2458493.3155272 11.04 0.13
2458493.3157008 11.03 0.13
2458493.3158744 10.94 0.12
2458493.3160480 10.96 0.12
2458493.3163952 11.08 0.14
2458493.3167424 10.97 0.12
2458493.3169161 11.01 0.13
2458493.3170897 11.22 0.16
2458493.3172633 11.23 0.16
2458493.3176105 11.19 0.15
2458493.3177841 11.15 0.15
2458493.3179577 11.17 0.15
2458493.3181313 10.94 0.12
2458493.3183049 11.06 0.14
2458493.3188258 11.24 0.16
2458493.3189994 11.08 0.14
2458493.3191730 11.22 0.16
2458493.3195202 11.13 0.14
2458493.3196938 11.15 0.15
2458493.3198674 11.19 0.15
2458493.3200411 11.11 0.14
2458493.3202147 11.26 0.16
2458493.3205619 10.99 0.13
2458493.3207355 11.01 0.13
2458493.3209091 11.12 0.14
2458493.3212563 11.16 0.15
2458493.3214299 10.96 0.12
2458493.3216035 11.16 0.15
2458493.3219508 11.05 0.13
2458493.3221244 10.92 0.12
2458493.3224716 11.12 0.14
2458493.3229924 11.06 0.14
2458493.3233397 11.11 0.14
2458493.3235133 11.06 0.13
2458493.3236869 11.10 0.14
2458493.3242090 11.03 0.13
2458493.3245559 11.07 0.14
2458493.3249028 11.29 0.17
2458493.3252497 11.04 0.13
2458493.3254231 11.17 0.15
2458493.3255966 11.13 0.14
2458493.3257702 11.02 0.13
2458493.3259438 11.14 0.14
2458493.3261174 11.06 0.13
2458493.3269855 11.30 0.17
2458493.3271591 11.05 0.13
2458493.3275063 11.19 0.15
2458493.3276799 11.03 0.13
2458493.3278536 11.07 0.14
2458493.3280272 11.11 0.14
2458493.3283744 11.04 0.13
2458493.3287216 11.08 0.14
2458493.3288952 10.94 0.12
2458493.3292430 10.98 0.13
2458493.3294160 11.06 0.13
2458493.3295897 11.11 0.14
2458493.3297633 10.86 0.11
2458493.3301105 11.16 0.15
2458493.3302841 11.07 0.13
2458493.3306313 10.94 0.12
2458493.3309785 11.03 0.13
2458493.3311522 11.15 0.15
2458493.3314994 11.08 0.14
2458493.3316730 10.94 0.12
2458493.3318466 11.09 0.14
2458493.3320202 11.14 0.14
2458493.3325411 11.08 0.13
2458493.3328883 11.11 0.14
2458493.3330619 11.28 0.16
2458493.3334091 11.06 0.13
2458493.3335827 11.10 0.14
2458493.3337563 10.98 0.13
2458493.3339299 11.25 0.16
2458493.3341036 11.26 0.16
2458493.3344508 11.00 0.13
2458493.3346244 11.17 0.15
2458493.3347980 11.04 0.13
2458493.3349716 11.03 0.13
2458493.3351452 10.90 0.12
2458493.3353188 11.09 0.14
2458493.3360133 10.99 0.13
2458493.3361882 10.97 0.12
2458493.3363616 11.16 0.15
2458493.3367085 11.01 0.13
2458493.3368820 11.11 0.14
2458493.3372288 10.98 0.13
2458493.3374023 11.11 0.14
2458493.3375758 10.88 0.11
2458493.3377494 11.11 0.14
2458493.3379230 11.07 0.14
2458493.3380966 10.95 0.12
2458493.3382702 11.09 0.14
2458493.3384438 11.09 0.14
2458493.3387910 11.01 0.13
2458493.3393119 11.21 0.16
2458493.3394855 10.98 0.13
2458493.3396591 10.95 0.12
2458493.3401799 11.24 0.16
2458493.3405272 10.88 0.12
2458493.3408744 11.22 0.16
2458493.3410480 10.90 0.12
2458493.3413952 11.17 0.15
2458493.3417424 11.16 0.15
2458493.3419161 11.12 0.14
2458493.3424369 11.18 0.15
2458493.3426105 11.26 0.16
2458493.3427841 11.04 0.13
2458493.3429577 11.25 0.16
2458493.3431313 11.07 0.14
2458493.3433049 11.11 0.14
2458493.3434786 11.01 0.13
2458493.3436522 11.08 0.14
2458493.3438258 11.05 0.14
2458493.3441730 11.02 0.13
2458493.3443466 11.24 0.16
2458493.3445202 11.09 0.14
2458493.3446938 10.97 0.12
2458493.3448674 11.09 0.14
2458493.3450410 11.17 0.15
2458493.3457355 11.18 0.15
2458493.3459091 10.99 0.13
2458493.3460827 11.07 0.14
2458493.3462563 11.15 0.15
2458493.3466035 11.19 0.15
2458493.3469508 11.22 0.16
2458493.3472980 11.15 0.15
2458493.3474716 11.10 0.14
2458493.3476452 11.10 0.14
2458493.3478188 11.11 0.14
2458493.3479924 10.87 0.11
2458493.3481673 11.16 0.15
2458493.3483408 11.19 0.16
2458493.3485142 11.18 0.15
2458493.3486876 11.02 0.13
2458493.3492080 11.18 0.15
2458493.3493814 10.87 0.12
2458493.3499022 11.06 0.14
2458493.3500758 11.20 0.16
2458493.3502494 11.10 0.14
2458493.3505966 10.97 0.13
2458493.3507702 11.08 0.14
2458493.3509438 11.01 0.13
2458493.3514647 11.10 0.14
2458493.3516383 11.03 0.13
2458493.3521591 11.08 0.14
2458493.3523327 10.94 0.12
2458493.3525063 11.11 0.14
2458493.3526799 11.06 0.14
2458493.3528535 10.99 0.13
2458493.3530272 11.13 0.14
2458493.3538952 10.86 0.11
2458493.3542424 10.98 0.13
2458493.3544160 11.12 0.14
2458493.3547633 10.89 0.12
2458493.3549369 11.04 0.13
2458493.3551105 11.00 0.13
2458493.3552841 10.93 0.12
2458493.3558049 11.12 0.14
2458493.3559786 11.10 0.14
2458493.3566730 11.07 0.14
2458493.3570202 11.12 0.14
2458493.3571938 11.03 0.13
2458493.3573674 10.99 0.13
2458493.3575411 11.02 0.13
2458493.3577147 11.12 0.14
2458493.3580619 11.05 0.14
2458493.3582355 11.11 0.14
2458493.3584091 11.04 0.13
2458493.3589299 10.96 0.12
2458493.3594508 11.09 0.14
2458493.3596244 11.10 0.14
2458493.3599716 10.95 0.12
2458493.3606668 11.06 0.14
2458493.3608403 10.85 0.11
2458493.3610137 10.80 0.11
2458493.3613606 11.07 0.14
2458493.3617077 11.00 0.13
2458493.3620549 11.09 0.14
2458493.3622285 11.09 0.14
2458493.3624022 11.04 0.13
2458493.3625758 11.02 0.13
2458493.3627494 11.12 0.14
2458493.3629230 10.95 0.12
2458493.3630966 11.16 0.15
2458493.3632702 11.16 0.15
2458493.3634438 11.01 0.13
2458493.3636174 11.14 0.15
2458493.3637911 10.97 0.13
2458493.3639647 11.03 0.13
2458493.3641383 11.01 0.13
2458493.3648327 11.14 0.15
2458493.3651799 10.94 0.12
2458493.3657008 11.14 0.15
2458493.3662216 10.99 0.13
2458493.3663952 10.94 0.12
2458493.3667424 11.10 0.14
2458493.3669161 11.08 0.14
2458493.3674369 11.02 0.13
2458493.3676105 11.10 0.14
2458493.3677841 11.06 0.14
2458493.3679577 11.21 0.16
2458493.3683049 11.11 0.14
2458493.3686522 11.14 0.15
2458493.3689994 10.94 0.12
2458493.3691730 10.97 0.13
2458493.3693466 11.12 0.14
2458493.3700410 11.01 0.13
2458493.3702147 11.27 0.17
2458493.3705619 10.94 0.12
2458493.3707355 11.12 0.14
2458493.3709091 10.91 0.12
2458493.3710827 11.03 0.13
2458493.3712563 11.28 0.17
2458493.3714299 11.08 0.14
2458493.3719508 11.14 0.15
2458493.3721257 11.11 0.14
2458493.3722991 11.13 0.15
2458493.3724725 10.95 0.12
2458493.3731663 11.14 0.15
2458493.3735133 11.15 0.15
2458493.3742077 11.08 0.14
2458493.3743813 11.10 0.14
2458493.3745549 11.13 0.15
2458493.3747286 11.14 0.15
2458493.3749022 11.11 0.14
2458493.3750758 10.99 0.13
2458493.3752494 11.17 0.15
2458493.3754230 11.07 0.14
2458493.3759438 11.03 0.13
2458493.3761174 11.15 0.15
2458493.3762910 11.01 0.13
2458493.3764647 11.15 0.15
2458493.3766383 11.06 0.14
2458493.3769855 11.02 0.13
2458493.3771591 11.11 0.15
2458493.3773327 11.04 0.14
2458493.3775063 11.04 0.13
2458493.3776799 11.03 0.13
2458493.3778535 11.16 0.15
2458493.3782008 11.17 0.15
2458493.3783744 11.14 0.15
2458493.3785480 11.11 0.14
2458493.3787216 11.01 0.13
2458493.3788952 11.03 0.14
2458493.3790688 10.96 0.13
2458493.3792424 11.06 0.14
2458493.3794161 11.16 0.15
2458493.3795897 11.09 0.14
2458493.3797633 11.13 0.15
2458493.3799369 11.01 0.13
2458493.3802841 10.87 0.12
2458493.3804577 11.25 0.17
2458493.3806313 10.98 0.13
2458493.3808049 11.02 0.14
2458493.3809786 11.09 0.14
2458493.3813258 11.09 0.14
2458493.3816730 11.16 0.15
2458493.3818466 11.11 0.15
2458493.3820202 10.75 0.11
2458493.3823674 11.25 0.17
2458493.3827147 11.11 0.15
2458493.3828883 11.07 0.14
2458493.3830619 11.14 0.15
2458493.3837563 11.16 0.15
2458493.3839313 11.00 0.13
2458493.3841048 11.24 0.17
2458493.3842782 10.95 0.13
2458493.3846251 11.09 0.15
2458493.3849720 11.13 0.15
2458493.3853189 10.87 0.12
2458493.3854924 10.88 0.12
2458493.3860133 10.94 0.13
2458493.3861869 11.02 0.14
2458493.3863605 10.94 0.13
2458493.3865341 10.87 0.12
2458493.3867077 11.09 0.15
2458493.3870549 11.08 0.14
2458493.3872286 11.00 0.13
2458493.3874022 10.93 0.13
2458493.3875758 10.87 0.12
2458493.3877494 10.98 0.13
2458493.3879230 10.91 0.12
2458493.3880966 10.96 0.13
2458493.3884438 10.91 0.12
2458493.3886174 11.03 0.14
2458493.3887911 11.08 0.14
2458493.3889647 10.95 0.13
2458493.3891383 11.08 0.14
2458493.3894855 11.15 0.15
2458493.3900063 11.17 0.16
2458493.3901799 10.95 0.13
2458493.3903536 10.88 0.12
2458493.3905272 10.94 0.13
2458493.3908744 10.83 0.12
2458493.3912216 11.01 0.14
2458493.3919160 10.87 0.12
2458493.3920897 10.94 0.13
2458493.3927841 11.02 0.14
2458493.3929577 11.01 0.14
2458493.3931313 11.06 0.14
2458493.3933049 10.90 0.12
2458493.3934785 11.01 0.14
2458493.3936522 11.00 0.14
2458493.3943466 11.04 0.14
2458493.3948674 10.84 0.12
2458493.3950411 10.95 0.13
2458493.3952147 11.02 0.14
2458493.3953883 11.01 0.14
2458493.3960839 11.09 0.15
2458493.3967777 10.95 0.13
2458493.3969511 10.92 0.13
2458493.3971246 10.93 0.13
2458493.3972980 10.79 0.11
2458493.3978188 11.06 0.14
2458493.3979924 11.04 0.14
2458493.3981661 11.07 0.14
2458493.3983397 10.92 0.13
2458493.3986869 10.96 0.13
2458493.3988605 10.98 0.13
2458493.3995549 11.05 0.14
2458493.3999022 10.94 0.13
2458493.4000758 11.14 0.16
2458493.4004230 11.10 0.15
2458493.4005966 10.99 0.14
2458493.4014647 11.02 0.14
2458493.4016383 10.79 0.11
2458493.4021591 11.09 0.15
2458493.4023327 10.91 0.13
2458493.4025063 11.01 0.14
2458493.4028536 10.93 0.13
2458493.4030272 11.00 0.14
2458493.4032008 11.00 0.14
2458493.4033744 10.96 0.13
2458493.4035480 11.01 0.14
2458493.4040688 10.94 0.13
2458493.4042424 10.87 0.12
2458493.4044161 10.93 0.13
2458493.4051105 10.89 0.13
2458493.4052841 10.98 0.14
2458493.4056313 10.89 0.13
2458493.4059786 11.02 0.14
2458493.4064994 10.92 0.13
2458493.4066730 10.80 0.12
2458493.4070202 11.00 0.14
2458493.4075410 11.02 0.14
2458493.4077147 10.99 0.14
2458493.4084099 10.96 0.14
2458493.4092772 10.95 0.13
2458493.4097980 11.06 0.15
2458493.4101452 11.02 0.14
2458493.4106661 11.12 0.16
2458493.4108397 11.14 0.16
2458493.4110133 11.06 0.15
2458493.4111869 11.04 0.15
2458493.4120549 11.15 0.16
2458493.4130966 10.76 0.12
2458493.4134438 11.07 0.15
2458493.4144855 11.00 0.14
2458493.4146591 10.95 0.14
2458493.4150063 11.13 0.16
2458493.4158744 10.93 0.13
2458494.3515920 10.72 0.15
2458494.3526336 10.75 0.16
2458495.1601105 10.82 0.17
2458495.1606313 10.66 0.15
2458495.1651452 10.69 0.15
2458495.1710491 10.80 0.16
2458495.1720897 10.60 0.14
2458495.1771244 10.75 0.15
2458495.1871938 10.75 0.15
2458495.1873674 10.77 0.15
2458495.1906661 10.64 0.13
2458495.1927494 10.67 0.14
2458495.1955278 10.86 0.16
2458495.1983049 10.66 0.14
2458495.2021244 10.74 0.14
2458495.2040341 10.77 0.15
2458495.2047286 10.87 0.17
2458495.2059438 10.80 0.16
2458495.2087216 10.73 0.15
2458495.2097633 10.83 0.16
2458495.2108049 10.77 0.15
2458495.2111522 10.88 0.17
2458495.2121938 10.83 0.16
2458495.2125411 10.86 0.16
2458495.2137563 10.75 0.15
2458495.2198331 10.71 0.14
2458495.2259091 10.98 0.18
2458495.2272980 10.87 0.16
2458495.2307716 10.88 0.16
2458495.2333744 10.72 0.14
2458495.2344161 10.70 0.13
2458495.2358049 10.79 0.15
2458495.2363258 10.84 0.15
2458495.2368466 10.86 0.15
2458495.2377147 10.93 0.16
2458495.2380619 10.78 0.14
2458495.2403188 10.69 0.13
2458495.2425758 10.84 0.15
2458495.2437914 10.84 0.15
2458495.2446591 10.76 0.14
2458495.2484785 10.75 0.14
2458495.2536869 10.89 0.16
2458495.2540341 10.96 0.17
2458495.2542077 10.84 0.15
2458495.2571591 10.83 0.15
2458495.2588952 10.74 0.13
2458495.2595897 10.75 0.13
2458495.2602841 10.95 0.16
2458495.2609786 10.95 0.16
2458495.2613258 10.94 0.16
2458495.2620202 10.87 0.15
2458495.2625410 10.81 0.14
2458495.2677498 10.85 0.15
2458495.2679233 10.73 0.13
2458495.2693119 10.81 0.14
2458495.2729577 10.93 0.16
2458495.2741730 10.96 0.16
2458495.2743466 10.96 0.16
2458495.2748674 10.97 0.16
2458495.2750411 10.99 0.17
2458495.2759091 10.62 0.12
2458495.2767772 11.01 0.17
2458495.2774716 10.67 0.12
2458495.2778188 10.97 0.17
2458495.2797290 10.87 0.15
2458495.2809438 11.01 0.17
2458495.2823327 10.87 0.15
2458495.2826799 10.84 0.14
2458495.2830272 10.88 0.15
2458495.2854577 10.85 0.14
2458495.2856313 10.91 0.15
2458495.2896244 10.77 0.14
2458495.2904924 11.04 0.17
2458495.2955272 10.86 0.15
2458495.2977841 10.92 0.15
2458495.2983049 10.88 0.15
2458495.3007355 10.75 0.13
2458495.3016035 10.83 0.14
2458495.3028202 10.77 0.14
2458495.3033406 10.86 0.15
2458495.3062911 11.00 0.17
2458495.3075063 10.83 0.14
2458495.3078536 10.85 0.15
2458495.3139299 10.90 0.15
2458498.1661753 10.89 0.15
2458498.1663489 10.99 0.16
2458498.1708628 10.86 0.14
2458498.1713836 10.86 0.14
2458498.1720781 11.05 0.17
2458498.1734670 10.99 0.16
2458498.1736406 10.99 0.15
2458498.1738142 10.97 0.15
2458498.1758975 11.00 0.15
2458498.1776336 10.88 0.14
2458498.1793701 10.96 0.15
2458498.1795436 10.90 0.14
2458498.1802378 11.09 0.16
2458498.1812795 11.09 0.16
2458498.1816267 10.91 0.14
2458498.1830156 10.94 0.15
2458498.1833628 10.95 0.15
2458498.1844045 10.89 0.14
2458498.1847517 11.03 0.15
2458498.1849253 10.89 0.14
2458498.1887448 11.11 0.16
2458498.1901336 11.08 0.16
2458498.1904809 11.11 0.17
2458498.1908281 11.00 0.15
2458498.1910017 10.99 0.15
2458498.1916961 10.97 0.14
2458498.1925642 10.99 0.15
2458498.1932586 10.96 0.14
2458498.1943003 10.89 0.13
2458498.1955156 10.97 0.14
2458498.1963846 10.79 0.12
2458498.1967315 11.13 0.16
2458498.1974253 11.13 0.16
2458498.1981198 10.81 0.12
2458498.1984670 11.09 0.15
2458498.1986406 10.77 0.11
2458498.1988142 11.04 0.15
2458498.1989878 10.99 0.14
2458498.1995086 10.95 0.13
2458498.1996822 11.02 0.14
2458498.1998559 10.96 0.14
2458498.2000295 11.04 0.14
2458498.2008975 11.07 0.15
2458498.2015920 11.14 0.16
2458498.2026336 10.99 0.14
2458498.2028072 11.15 0.16
2458498.2031545 11.16 0.16
2458498.2035017 11.07 0.15
2458498.2038489 11.17 0.16
2458498.2040225 11.02 0.14
2458498.2041961 11.10 0.15
2458498.2045434 11.12 0.15
2458498.2047170 11.06 0.15
2458498.2048906 11.07 0.15
2458498.2050642 10.99 0.14
2458498.2054114 10.96 0.13
2458498.2055850 10.95 0.13
2458498.2057586 10.85 0.12
2458498.2059323 10.93 0.13
2458498.2064531 11.18 0.16
2458498.2068003 10.93 0.13
2458498.2069739 11.08 0.15
2458498.2076684 11.21 0.17
2458498.2081904 10.99 0.14
2458498.2085373 11.06 0.14
2458498.2087107 11.20 0.16
2458498.2090576 11.03 0.14
2458498.2092310 11.08 0.15
2458498.2097517 11.03 0.14
2458498.2100989 11.13 0.15
2458498.2102725 11.08 0.15
2458498.2111406 11.00 0.14
2458498.2113142 10.86 0.12
2458498.2116614 11.06 0.14
2458498.2120086 11.01 0.14
2458498.2123559 10.78 0.11
2458498.2127031 10.83 0.12
2458498.2133975 11.01 0.14
2458498.2135711 11.03 0.14
2458498.2137448 10.87 0.12
2458498.2140920 10.99 0.14
2458498.2142656 11.11 0.15
2458498.2144392 10.97 0.13
2458498.2146128 10.89 0.12
2458498.2149600 11.04 0.14
2458498.2153072 10.79 0.11
2458498.2158281 11.10 0.15
2458498.2163489 11.05 0.14
2458498.2165225 10.99 0.13
2458498.2166961 11.09 0.15
2458498.2168697 11.12 0.15
2458498.2170434 11.04 0.14
2458498.2172170 11.06 0.14
2458498.2175642 10.95 0.13
2458498.2177378 11.02 0.14
2458498.2179114 11.03 0.14
2458498.2180850 11.15 0.15
2458498.2184322 11.01 0.14
2458498.2187795 11.13 0.15
2458498.2189531 11.06 0.14
2458498.2191267 11.00 0.14
2458498.2194739 11.07 0.14
2458498.2196475 11.07 0.14
2458498.2198225 11.05 0.14
2458498.2199960 11.06 0.14
2458498.2201694 10.95 0.13
2458498.2205163 10.98 0.13
2458498.2206898 11.01 0.14
2458498.2210366 11.12 0.15
2458498.2212101 10.93 0.13
2458498.2222517 10.97 0.13
2458498.2229461 11.13 0.15
2458498.2231197 10.99 0.13
2458498.2232934 10.77 0.11
2458498.2234670 11.01 0.14
2458498.2236406 11.08 0.14
2458498.2238142 10.99 0.13
2458498.2239878 11.04 0.14
2458498.2243350 10.86 0.11
2458498.2246822 10.98 0.13
2458498.2250295 10.97 0.13
2458498.2252031 11.02 0.13
2458498.2253767 11.16 0.15
2458498.2255503 11.03 0.14
2458498.2257239 11.05 0.14
2458498.2258975 10.93 0.12
2458498.2260711 11.00 0.13
2458498.2264184 11.06 0.14
2458498.2265920 10.99 0.13
2458498.2271128 11.05 0.14
2458498.2272864 10.94 0.13
2458498.2278073 11.07 0.14
2458498.2279809 11.01 0.14
2458498.2283281 11.07 0.14
2458498.2286753 11.15 0.15
2458498.2291961 10.92 0.12
2458498.2293698 10.99 0.13
2458498.2295434 10.83 0.12
2458498.2297170 11.09 0.15
2458498.2302378 10.93 0.13
2458498.2304114 10.86 0.12
2458498.2305850 10.93 0.13
2458498.2307586 11.03 0.14
2458498.2309322 11.08 0.15
2458498.2314531 11.10 0.15
2458498.2316267 11.00 0.14
2458498.2318016 11.11 0.15
2458498.2319750 10.97 0.13
2458498.2321485 10.96 0.13
2458498.2323219 11.08 0.15
2458498.2324954 10.95 0.13
2458498.2326688 11.02 0.14
2458498.2330157 11.15 0.16
2458498.2331892 11.09 0.15
2458498.2333628 11.07 0.15
2458498.2337100 10.91 0.13
2458498.2338836 11.00 0.14
2458498.2342309 11.03 0.14
2458498.2344045 10.99 0.14
2458498.2345781 10.99 0.14
2458498.2347517 10.99 0.14
2458498.2349253 10.84 0.12
2458498.2350989 11.07 0.15
2458498.2352725 11.01 0.14
2458498.2356198 11.03 0.14
2458498.2359670 10.89 0.13
2458498.2361406 11.05 0.14
2458498.2363142 10.92 0.13
2458498.2370086 10.99 0.13
2458498.2377031 10.92 0.13
2458498.2380503 11.06 0.15
2458498.2382239 10.90 0.13
2458498.2383975 10.84 0.12
2458498.2385711 11.02 0.14
2458498.2387447 10.92 0.13
2458498.2389184 11.00 0.14
2458498.2390920 10.96 0.14
2458498.2396128 10.99 0.14
2458498.2399600 11.02 0.14
2458498.2401336 10.94 0.13
2458498.2408281 10.78 0.12
2458498.2410017 11.04 0.15
2458498.2411753 11.05 0.15
2458498.2413489 10.69 0.11
2458498.2416961 11.01 0.14
2458498.2418697 10.89 0.13
2458498.2423906 11.07 0.15
2458498.2427378 10.95 0.13
2458498.2429114 10.87 0.13
2458498.2432586 10.91 0.13
2458498.2434323 10.96 0.14
2458498.2443010 11.10 0.15
2458498.2444745 11.01 0.14
2458498.2449948 10.89 0.13
2458498.2451684 10.96 0.14
2458498.2453420 10.96 0.14
2458498.2455156 11.05 0.15
2458498.2456892 10.90 0.13
2458498.2458628 10.88 0.13
2458498.2467309 11.03 0.15
2458498.2470781 10.87 0.13
2458498.2488142 10.94 0.13
2458498.2489878 10.94 0.13
2458498.2493350 10.92 0.13
2458498.2495086 11.15 0.16
2458498.2496822 10.90 0.13
2458498.2502031 10.88 0.13
2458498.2503767 11.05 0.15
2458498.2512448 10.92 0.14
2458498.2517656 10.89 0.13
2458498.2521128 11.09 0.16
2458498.2524600 10.96 0.14
2458498.2535017 10.99 0.14
2458498.2545434 10.92 0.14
2458498.2548906 10.78 0.12
2458498.2550642 11.09 0.16
2458498.2555863 11.03 0.15
2458498.2557598 10.99 0.15
2458498.2564535 10.95 0.14
2458498.2569739 11.07 0.16
2458498.2571475 10.91 0.14
2458498.2576684 11.08 0.16
2458498.2578420 10.65 0.11
2458498.2585364 11.09 0.16
2458498.2588836 11.06 0.15
2458498.2597517 10.98 0.14
2458498.2599253 11.12 0.16
2458498.2600989 11.09 0.16
2458498.2604461 10.97 0.14
2458498.2606198 10.85 0.13
2458498.2613142 10.73 0.11
2458498.2616614 10.99 0.14
2458498.2618350 11.08 0.16
2458498.2620086 11.00 0.15
2458498.2627031 11.25 0.15
2458498.2628767 11.09 0.13
2458498.2630503 10.96 0.11
2458498.2632239 11.07 0.12
2458498.2633975 11.20 0.14
2458498.2635711 11.13 0.13
2458498.2637447 11.21 0.14
2458498.2640920 10.91 0.11
2458498.2642656 10.97 0.12
2458498.2644392 11.00 0.12
2458498.2646128 11.18 0.14
2458498.2647864 10.95 0.12
2458498.2649600 11.06 0.13
2458498.2651336 11.02 0.13
2458498.2654809 11.17 0.14
2458498.2656545 11.14 0.14
2458498.2658281 11.08 0.13
2458498.2660017 11.08 0.13
2458498.2661753 10.91 0.11
2458498.2666961 11.10 0.13
2458498.2668698 11.18 0.14
2458498.2670434 11.10 0.13
2458498.2672170 11.09 0.13
2458498.2673906 11.03 0.12
2458498.2675655 11.10 0.13
2458498.2679124 10.94 0.11
2458498.2680858 11.00 0.12
2458498.2682593 11.01 0.12
2458498.2686062 10.98 0.12
2458498.2689531 11.03 0.12
2458498.2691267 11.10 0.13
2458498.2693003 10.96 0.11
2458498.2694739 11.11 0.13
2458498.2696475 11.00 0.12
2458498.2698211 11.04 0.13
2458498.2699947 11.17 0.14
2458498.2701684 11.12 0.13
2458498.2703420 11.11 0.13
2458498.2705156 10.94 0.11
2458498.2706892 11.19 0.14
2458498.2708628 11.06 0.13
2458498.2710364 10.89 0.11
2458498.2713836 11.05 0.12
2458498.2717309 11.09 0.13
2458498.2719045 11.18 0.14
2458498.2722517 10.96 0.12
2458498.2724253 11.12 0.13
2458498.2725989 11.13 0.13
2458498.2727725 10.86 0.10
2458498.2729461 11.10 0.13
2458498.2732934 11.00 0.12
2458498.2734670 11.17 0.14
2458498.2736406 11.09 0.13
2458498.2738142 11.06 0.12
2458498.2739878 11.08 0.13
2458498.2741614 11.24 0.15
2458498.2743350 11.04 0.12
2458498.2745086 11.10 0.13
2458498.2746823 11.26 0.15
2458498.2748559 11.03 0.12
2458498.2750295 11.13 0.13
2458498.2752031 11.07 0.12
2458498.2753767 11.05 0.12
2458498.2755503 10.96 0.11
2458498.2757239 10.96 0.11
2458498.2760711 10.85 0.10
2458498.2762448 11.11 0.13
2458498.2764184 11.05 0.12
2458498.2765920 11.02 0.12
2458498.2767656 11.27 0.15
2458498.2769392 10.99 0.12
2458498.2771128 11.07 0.12
2458498.2772864 11.00 0.12
2458498.2774600 11.09 0.13
2458498.2778072 11.03 0.12
2458498.2779809 11.22 0.14
2458498.2781545 11.06 0.12
2458498.2783281 11.02 0.12
2458498.2785017 11.08 0.13
2458498.2788489 11.07 0.13
2458498.2790225 10.90 0.11
2458498.2791961 11.12 0.13
2458498.2793697 11.03 0.12
2458498.2795448 11.19 0.14
2458498.2797182 11.14 0.13
2458498.2798916 11.13 0.13
2458498.2800651 11.08 0.13
2458498.2802385 11.07 0.13
2458498.2805854 11.08 0.13
2458498.2809323 10.98 0.12
2458498.2811059 10.87 0.11
2458498.2812795 10.98 0.12
2458498.2814531 11.02 0.12
2458498.2816267 10.85 0.10
2458498.2818003 11.13 0.13
2458498.2821475 10.96 0.12
2458498.2823211 10.92 0.11
2458498.2824948 11.20 0.15
2458498.2826684 10.98 0.12
2458498.2828420 11.08 0.13
2458498.2830156 11.07 0.13
2458498.2831892 11.12 0.13
2458498.2833628 11.00 0.12
2458498.2835364 11.32 0.16
2458498.2837100 11.05 0.13
2458498.2838836 10.96 0.11
2458498.2840573 11.15 0.14
2458498.2842309 10.90 0.11
2458498.2844045 11.08 0.13
2458498.2845781 11.06 0.13
2458498.2849253 11.15 0.14
2458498.2856197 11.10 0.13
2458498.2859670 11.09 0.13
2458498.2861406 11.03 0.12
2458498.2863142 11.04 0.13
2458498.2866614 11.24 0.15
2458498.2868350 11.06 0.13
2458498.2870086 11.24 0.15
2458498.2871822 11.22 0.15
2458498.2873559 10.99 0.12
2458498.2875295 11.06 0.13
2458498.2878767 11.12 0.14
2458498.2880503 10.97 0.12
2458498.2882239 11.26 0.15
2458498.2883975 11.20 0.15
2458498.2885711 11.06 0.13
2458498.2887447 11.07 0.13
2458498.2889184 10.88 0.11
2458498.2890920 10.97 0.12
2458498.2892656 11.12 0.14
2458498.2896128 11.00 0.12
2458498.2897864 11.06 0.13
2458498.2899600 10.93 0.11
2458498.2901336 11.10 0.13
2458498.2904809 11.11 0.13
2458498.2906545 11.09 0.13
2458498.2910017 11.14 0.14
2458498.2911753 11.14 0.14
2458498.2913489 11.13 0.14
2458498.2915239 11.10 0.13
2458498.2916974 11.14 0.14
2458498.2920443 10.86 0.11
2458498.2922177 11.17 0.14
2458498.2923912 11.00 0.12
2458498.2927381 11.09 0.13
2458498.2930850 10.99 0.12
2458498.2932586 11.04 0.13
2458498.2939531 11.08 0.13
2458498.2941267 11.05 0.13
2458498.2943003 11.11 0.14
2458498.2944739 10.96 0.13
2458498.2946475 11.14 0.15
2458498.2948211 10.97 0.13
2458498.2951684 11.17 0.14
2458498.2953420 11.11 0.13
2458498.2956892 11.08 0.13
2458498.2962100 11.08 0.13
2458498.2967309 11.02 0.12
2458498.2969045 11.05 0.13
2458498.2977725 11.12 0.13
2458498.2979461 11.04 0.12
2458498.2981198 11.06 0.13
2458498.2982934 11.14 0.14
2458498.2984670 11.08 0.13
2458498.2986406 11.19 0.15
2458498.2989878 11.25 0.15
2458498.2991614 11.21 0.15
2458498.2995086 11.05 0.13
2458498.2996823 11.24 0.15
2458498.2998559 11.07 0.13
2458498.3000295 11.16 0.15
2458498.3003767 11.18 0.15
2458498.3005503 10.96 0.12
2458498.3007239 11.07 0.13
2458498.3008975 10.95 0.12
2458498.3010711 11.26 0.16
2458498.3012447 10.95 0.12
2458498.3014184 11.24 0.16
2458498.3015920 10.95 0.12
2458498.3021128 11.21 0.15
2458498.3022864 10.98 0.12
2458498.3024600 11.09 0.13
2458498.3026336 11.11 0.13
2458498.3028072 11.10 0.13
2458498.3029809 11.18 0.15
2458498.3031545 11.10 0.13
2458498.3033281 11.28 0.16
2458498.3035017 11.10 0.13
2458498.3036766 10.99 0.12
2458498.3038500 10.86 0.11
2458498.3040235 10.99 0.12
2458498.3041969 11.04 0.13
2458498.3043703 11.00 0.12
2458498.3045438 11.05 0.13
2458498.3047172 10.95 0.12
2458498.3048907 11.04 0.13
2458498.3050642 10.79 0.10
2458498.3054114 11.01 0.12
2458498.3055850 10.92 0.11
2458498.3057586 10.90 0.11
2458498.3059323 11.06 0.13
2458498.3061059 11.08 0.13
2458498.3062795 11.13 0.14
2458498.3066267 11.08 0.13
2458498.3069739 11.06 0.13
2458498.3071475 11.05 0.13
2458498.3073211 11.03 0.13
2458498.3074948 11.10 0.13
2458498.3078420 10.95 0.12
2458498.3080156 10.99 0.12
2458498.3081892 10.84 0.11
2458498.3083628 11.15 0.14
2458498.3085364 11.02 0.13
2458498.3087100 11.24 0.15
2458498.3088836 11.11 0.14
2458498.3090572 11.06 0.13
2458498.3092309 11.08 0.13
2458498.3094045 11.21 0.15
2458498.3095781 11.07 0.13
2458498.3097517 11.12 0.14
2458498.3099253 11.14 0.14
2458498.3100989 11.11 0.14
2458498.3102725 11.17 0.14
2458498.3106197 11.12 0.14
2458498.3107934 11.25 0.16
2458498.3113142 10.96 0.12
2458498.3114878 11.06 0.13
2458498.3116614 11.10 0.14
2458498.3118350 11.05 0.13
2458498.3120086 11.03 0.13
2458498.3121822 11.24 0.16
2458498.3123559 11.02 0.13
2458498.3125295 11.02 0.13
2458498.3130503 11.23 0.16
2458498.3132239 11.21 0.15
2458498.3133975 11.04 0.13
2458498.3135711 11.02 0.13
2458498.3137448 11.16 0.15
2458498.3139184 11.08 0.14
2458498.3140920 11.24 0.16
2458498.3142656 11.05 0.13
2458498.3146128 11.01 0.13
2458498.3147864 10.94 0.12
2458498.3149600 11.22 0.15
2458498.3151336 11.23 0.15
2458498.3153073 11.21 0.15
2458498.3154809 11.20 0.15
2458498.3156558 11.08 0.13
2458498.3158292 10.94 0.12
2458498.3161761 11.06 0.13
2458498.3163496 10.94 0.12
2458498.3165230 11.06 0.13
2458498.3170434 11.17 0.15
2458498.3172170 10.99 0.13
2458498.3173906 11.09 0.14
2458498.3175642 11.23 0.16
2458498.3177378 11.17 0.15
2458498.3179114 11.20 0.15
2458498.3180850 11.04 0.13
2458500.2342077 10.87 0.15
2458500.2343813 10.85 0.15
2458500.2350758 10.78 0.14
2458500.2361174 10.91 0.15
2458500.2362910 10.93 0.16
2458500.2383744 10.91 0.15
2458500.2388952 11.00 0.17
2458500.2395897 10.66 0.12
2458500.2441035 10.89 0.14
2458500.2463605 10.94 0.15
2458500.2470549 11.00 0.16
2458500.2477494 11.02 0.16
2458500.2493119 11.02 0.16
2458500.2503535 10.96 0.15
2458500.2507008 11.00 0.16
2458500.2517424 11.03 0.16
2458500.2519160 11.15 0.18
2458500.2531313 10.94 0.15
2458500.2538258 10.89 0.14
2458500.2562563 10.92 0.14
2458500.2578188 10.99 0.16
2458500.2600758 10.90 0.14
2458500.2623327 10.94 0.14
2458500.2626799 10.86 0.13
2458500.2632008 11.00 0.15
2458500.2635480 11.06 0.16
2458500.2642424 10.88 0.13
2458500.2656313 10.96 0.14
2458500.2664994 10.96 0.14
2458500.2666730 11.04 0.15
2458500.2668466 11.09 0.16
2458500.2680619 11.15 0.17
2458500.2682355 11.08 0.16
2458500.2684104 11.14 0.17
2458500.2685839 11.04 0.15
2458500.2689307 10.99 0.14
2458500.2691042 10.97 0.14
2458500.2694511 11.00 0.15
2458500.2701452 10.83 0.13
2458500.2715341 10.97 0.14
2458500.2717077 11.02 0.15
2458500.2724022 11.15 0.17
2458500.2727494 11.05 0.15
2458500.2729230 10.84 0.13
2458500.2739647 10.97 0.14
2458500.2750063 10.98 0.14
2458500.2753535 10.97 0.14
2458500.2769161 11.00 0.14
2458500.2777841 11.10 0.16
2458500.2784786 11.01 0.15
2458500.2789994 11.05 0.15
2458500.2791730 11.09 0.16
2458500.2795202 11.05 0.15
2458500.2798674 11.14 0.16
2458500.2807365 11.06 0.15
2458500.2812568 11.11 0.16
2458500.2814303 10.87 0.13
2458500.2817772 11.11 0.16
2458500.2819508 10.93 0.14
2458500.2821244 10.84 0.13
2458500.2824716 10.99 0.14
2458500.2826452 11.15 0.17
2458500.2829924 10.96 0.14
2458500.2840341 11.07 0.15
2458500.2843813 11.00 0.14
2458500.2845549 10.97 0.14
2458500.2849022 11.16 0.17
2458500.2852494 10.99 0.14
2458500.2854230 11.06 0.15
2458500.2855966 11.06 0.15
2458500.2857702 11.08 0.16
2458500.2861174 11.07 0.15
2458500.2864647 11.02 0.15
2458500.2869855 11.00 0.15
2458500.2876799 10.89 0.13
2458500.2885480 11.08 0.15
2458500.2887216 11.07 0.15
2458500.2899369 11.03 0.15
2458500.2901105 11.02 0.14
2458500.2904577 11.11 0.16
2458500.2906313 11.02 0.14
2458500.2908049 10.94 0.13
2458500.2913258 10.85 0.12
2458500.2914994 11.02 0.14
2458500.2916730 11.03 0.14
2458500.2927157 11.13 0.15
2458500.2934095 10.95 0.13