2458467.3670250 10.84 0.13
2458467.3675459 10.96 0.14
2458467.3677195 10.92 0.14
2458467.3678931 11.03 0.15
2458467.3680667 10.96 0.14
2458467.3682403 10.79 0.12
2458467.3684139 10.88 0.13
2458467.3685875 10.72 0.11
2458467.3687611 11.03 0.15
2458467.3689347 10.95 0.14
2458467.3691084 11.10 0.16
2458467.3694556 10.78 0.12
2458467.3696292 10.98 0.14
2458467.3699764 10.92 0.13
2458467.3703236 10.80 0.12
2458467.3704972 11.02 0.15
2458467.3708445 10.88 0.13
2458467.3710181 10.86 0.13
2458467.3711917 11.09 0.16
2458467.3713653 10.99 0.15
2458467.3715389 11.02 0.15
2458467.3718861 10.97 0.14
2458467.3720598 10.80 0.12
2458467.3722334 10.74 0.12
2458467.3725806 11.03 0.15
2458467.3731014 10.79 0.12
2458467.3734486 10.95 0.14
2458467.3737959 11.02 0.15
2458467.3744903 10.98 0.15
2458467.3746639 10.83 0.13
2458467.3748375 10.95 0.14
2458467.3750111 10.99 0.15
2458467.3751848 11.03 0.15
2458467.3753584 10.95 0.14
2458467.3755332 10.91 0.14
2458467.3760536 11.03 0.15
2458467.3764005 11.08 0.16
2458467.3767473 10.97 0.14
2458467.3769209 11.02 0.15
2458467.3770945 10.91 0.14
2458467.3772681 10.96 0.14
2458467.3774417 10.81 0.12
2458467.3776153 10.99 0.15
2458467.3779625 10.90 0.14
2458467.3783097 10.96 0.14
2458467.3784834 11.10 0.16
2458467.3786570 10.92 0.14
2458467.3790042 11.02 0.15
2458467.3791778 10.92 0.14
2458467.3795250 10.94 0.14
2458467.3796986 10.98 0.15
2458467.3800459 11.00 0.15
2458467.3803931 11.04 0.15
2458467.3805667 10.83 0.13
2458467.3807403 10.94 0.14
2458467.3810875 10.93 0.14
2458467.3816084 10.96 0.14
2458467.3817820 11.04 0.15
2458467.3821292 10.95 0.14
2458467.3824764 11.08 0.16
2458467.3826500 10.99 0.15
2458467.3828236 10.89 0.13
2458467.3829973 10.93 0.14
2458467.3835181 10.96 0.14
2458467.3838653 11.05 0.16
2458467.3840389 11.10 0.16
2458467.3842125 10.98 0.15
2458467.3845597 10.93 0.14
2458467.3847334 10.81 0.13
2458467.3849070 11.01 0.15
2458467.3850806 10.85 0.13
2458467.3852542 10.95 0.14
2458467.3857750 10.97 0.15
2458467.3859486 10.89 0.13
2458467.3861222 10.87 0.13
2458467.3862959 11.07 0.16
2458467.3864695 11.03 0.15
2458467.3869903 11.11 0.17
2458467.3873389 11.00 0.15
2458467.3875123 10.93 0.14
2458467.3876858 10.98 0.15
2458467.3878592 10.90 0.14
2458467.3880327 11.06 0.16
2458467.3882061 10.78 0.12
2458467.3883795 11.06 0.16
2458467.3885530 10.78 0.12
2458467.3887264 10.89 0.14
2458467.3890736 10.80 0.13
2458467.3895945 10.83 0.13
2458467.3899417 10.99 0.15
2458467.3901153 10.96 0.15
2458467.3902889 10.77 0.12
2458467.3904625 10.80 0.12
2458467.3915042 10.74 0.12
2458467.3918514 10.94 0.14
2458467.3921986 10.97 0.15
2458467.3925459 10.87 0.13
2458467.3928931 10.96 0.15
2458467.3937611 11.03 0.15
2458467.3941084 10.93 0.14
2458467.3946292 10.90 0.14
2458467.3956709 10.87 0.13
2458467.3960181 10.92 0.14
2458467.3963653 10.88 0.14
2458467.3967125 10.86 0.13
2458467.3974070 10.91 0.14
2458467.3975806 10.84 0.13
2458467.3981014 10.81 0.13
2458467.3982750 11.02 0.15
2458467.3984486 10.92 0.14
2458467.3987959 11.01 0.15
2458467.3989695 10.85 0.13
2458467.3993180 10.97 0.15
2458467.3996649 10.83 0.13
2458467.3998383 11.03 0.16
2458467.4001852 10.92 0.14
2458467.4007056 11.01 0.15
2458467.4008792 10.93 0.14
2458467.4010528 10.98 0.15
2458467.4012264 10.71 0.12
2458467.4015736 10.91 0.14
2458467.4017472 10.95 0.14
2458467.4022681 10.89 0.14
2458467.4024417 10.75 0.12
2458467.4031361 10.82 0.13
2458467.4034834 11.03 0.16
2458467.4038306 10.93 0.14
2458467.4041778 10.75 0.12
2458467.4043514 10.82 0.13
2458467.4045250 10.95 0.15
2458467.4050459 10.79 0.13
2458467.4055667 11.01 0.15
2458467.4060875 10.93 0.14
2458467.4062611 10.70 0.12
2458467.4067820 10.83 0.13
2458467.4071292 10.99 0.15
2458467.4074764 10.90 0.14
2458467.4076500 10.84 0.13
2458467.4081709 10.95 0.15
2458467.4086917 10.87 0.14
2458467.4088653 10.92 0.14
2458467.4090389 10.96 0.15
2458467.4092125 10.75 0.12
2458467.4093861 10.90 0.14
2458467.4097334 10.82 0.13
2458467.4100806 10.77 0.12
2458467.4104278 10.93 0.14
2458467.4106014 10.84 0.13
2458467.4107750 10.78 0.12
2458467.4109486 10.78 0.12
2458467.4111236 10.93 0.14
2458467.4112971 10.80 0.13
2458467.4114705 10.99 0.15
2458467.4116440 10.87 0.14
2458467.4118174 10.84 0.13
2458467.4121643 10.81 0.13
2458467.4123377 10.86 0.13
2458467.4130320 10.76 0.12
2458467.4139000 10.80 0.13
2458467.4147681 10.90 0.14
2458467.4149417 10.98 0.15
2458467.4151153 10.79 0.13
2458467.4156361 11.01 0.16
2458467.4161570 10.92 0.14
2458467.4177195 10.86 0.14
2458467.4187611 10.84 0.14
2458467.4189348 10.95 0.15
2458467.4191084 10.74 0.13
2458467.4196292 10.77 0.13
2458467.4199764 10.75 0.13
2458467.4201500 10.72 0.12
2458467.4204973 10.78 0.13
2458469.3667865 10.94 0.10
2458469.3670135 11.00 0.11
2458469.3671871 11.09 0.12
2458469.3673607 11.12 0.12
2458469.3675343 10.97 0.10
2458469.3677079 10.99 0.11
2458469.3678815 10.96 0.10
2458469.3680551 11.03 0.11
2458469.3682287 11.07 0.12
2458469.3684023 11.00 0.11
2458469.3685760 11.14 0.12
2458469.3687496 10.84 0.09
2458469.3689232 11.10 0.12
2458469.3690968 11.04 0.11
2458469.3692704 10.97 0.11
2458469.3694440 11.04 0.11
2458469.3696176 10.95 0.10
2458469.3697912 11.01 0.11
2458469.3699648 10.85 0.09
2458469.3701384 11.04 0.11
2458469.3703121 11.03 0.11
2458469.3704857 10.93 0.10
2458469.3706593 11.07 0.12
2458469.3708329 11.03 0.11
2458469.3710065 10.93 0.10
2458469.3711801 11.18 0.13
2458469.3713537 11.07 0.12
2458469.3715273 11.05 0.11
2458469.3717009 10.96 0.11
2458469.3718746 11.04 0.11
2458469.3720482 10.92 0.10
2458469.3722218 10.89 0.10
2458469.3723954 11.01 0.11
2458469.3725690 10.90 0.10
2458469.3727426 11.10 0.12
2458469.3729162 11.03 0.11
2458469.3730898 11.21 0.13
2458469.3732635 10.99 0.11
2458469.3734371 11.04 0.11
2458469.3736107 10.94 0.10
2458469.3737843 11.05 0.11
2458469.3739579 11.04 0.11
2458469.3741315 11.19 0.13
2458469.3743051 11.03 0.11
2458469.3744787 11.12 0.12
2458469.3746524 10.96 0.10
2458469.3748260 11.05 0.11
2458469.3749996 11.08 0.12
2458469.3751732 10.92 0.10
2458469.3753468 11.03 0.11
2458469.3755204 10.92 0.10
2458469.3756940 11.02 0.11
2458469.3758676 11.19 0.13
2458469.3760425 10.97 0.10
2458469.3762159 11.31 0.14
2458469.3763894 11.10 0.12
2458469.3765628 11.06 0.11
2458469.3767363 10.90 0.10
2458469.3769097 11.13 0.12
2458469.3770832 11.04 0.11
2458469.3772566 11.09 0.12
2458469.3774301 10.94 0.10
2458469.3776037 10.90 0.10
2458469.3777773 10.96 0.10
2458469.3779510 11.04 0.11
2458469.3781246 10.87 0.10
2458469.3782982 10.99 0.11
2458469.3784718 10.89 0.10
2458469.3786454 11.01 0.11
2458488.3044163 10.92 0.13
2458488.3045899 10.91 0.13
2458488.3047635 10.95 0.13
2458488.3051107 10.88 0.12
2458488.3052844 10.91 0.13
2458488.3056316 11.11 0.15
2458488.3059788 10.91 0.13
2458488.3061524 10.76 0.11
2458488.3063260 11.08 0.15
2458488.3064996 10.94 0.13
2458488.3068468 10.95 0.13
2458488.3070205 11.06 0.14
2458488.3071941 10.87 0.12
2458488.3075413 11.03 0.14
2458488.3077149 10.86 0.12
2458488.3078885 11.00 0.14
2458488.3080621 11.01 0.14
2458488.3082357 10.93 0.13
2458488.3089302 10.98 0.13
2458488.3091038 10.82 0.12
2458488.3092788 10.97 0.13
2458488.3096257 10.80 0.12
2458488.3097991 10.70 0.11
2458488.3103194 10.70 0.10
2458488.3104929 11.01 0.14
2458488.3108399 10.91 0.13
2458488.3111871 10.86 0.12
2458488.3113607 11.17 0.16
2458488.3117080 10.94 0.13
2458488.3120552 10.92 0.13
2458488.3122288 11.01 0.14
2458488.3125760 10.90 0.13
2458488.3129232 10.95 0.13
2458488.3132705 11.09 0.15
2458488.3134441 10.99 0.14
2458488.3136177 10.87 0.13
2458488.3141385 11.12 0.16
2458488.3143121 10.83 0.12
2458488.3144857 11.12 0.16
2458488.3146593 11.02 0.14
2458488.3148330 10.90 0.13
2458488.3150066 10.97 0.14
2458488.3151802 11.01 0.14
2458488.3155274 11.04 0.15
2458488.3160482 10.93 0.13
2458488.3162218 10.89 0.13
2458488.3169163 10.88 0.13
2458488.3176107 10.85 0.12
2458488.3181316 10.89 0.13
2458488.3183052 10.93 0.13
2458488.3186524 10.73 0.11
2458488.3188260 10.95 0.14
2458488.3189996 10.86 0.13
2458488.3196941 10.97 0.14
2458488.3198677 10.84 0.12
2458488.3200413 10.99 0.14
2458488.3202149 10.93 0.14
2458488.3203885 11.14 0.16
2458488.3207357 11.01 0.15
2458488.3209094 10.84 0.12
2458488.3210830 11.01 0.14
2458488.3214314 11.09 0.16
2458488.3217783 11.01 0.15
2458488.3219517 10.91 0.13
2458488.3221252 11.00 0.14
2458488.3228191 10.89 0.13
2458488.3233399 11.00 0.14
2458488.3235135 10.85 0.13
2458488.3238607 11.08 0.16
2458488.3254232 11.03 0.15
2458488.3255969 10.69 0.11
2458488.3261177 11.02 0.15
2458488.3262913 11.03 0.15
2458488.3264649 10.92 0.14
2458488.3266385 11.05 0.15
2458488.3269857 11.02 0.15
2458488.3271594 10.97 0.14
2458488.3273330 10.93 0.14
2458488.3275066 11.00 0.15
2458488.3276802 10.96 0.14
2458488.3278538 10.90 0.13
2458488.3280274 11.04 0.15
2458488.3282010 11.07 0.16
2458488.3283746 10.95 0.14
2458488.3287218 11.00 0.15
2458488.3292427 10.88 0.13
2458488.3294163 10.90 0.14
2458488.3295899 10.81 0.12
2458488.3297635 10.81 0.13
2458488.3301107 11.00 0.15
2458488.3306316 10.89 0.13
2458488.3308052 10.89 0.13
2458488.3311524 10.96 0.14
2458488.3314996 10.99 0.15
2458488.3316732 10.76 0.12
2458488.3328885 10.97 0.14
2458488.3335839 11.12 0.17
2458488.3341043 11.11 0.16
2458488.3344511 10.99 0.15
2458488.3349719 10.80 0.12
2458488.3351455 11.03 0.15
2458488.3353191 10.92 0.14
2458488.3358399 11.03 0.15
2458488.3360135 10.91 0.14
2458488.3361871 10.85 0.13
2458488.3367080 10.95 0.14
2458488.3368816 10.83 0.13
2458488.3372288 10.95 0.14
2458488.3374024 10.94 0.14
2458488.3375760 11.01 0.15
2458488.3377496 10.84 0.13
2458488.3380968 11.03 0.15
2458488.3384441 11.03 0.15
2458488.3386177 10.94 0.14
2458488.3387913 10.92 0.14
2458488.3398330 11.13 0.17
2458488.3401802 10.94 0.14
2458488.3403538 10.98 0.15
2458488.3405274 10.86 0.13
2458488.3408746 11.00 0.15
2458488.3412219 10.86 0.13
2458488.3413955 10.95 0.14
2458488.3415691 10.90 0.14
2458488.3417427 10.93 0.14
2458488.3419163 10.93 0.14
2458488.3420899 11.06 0.16
2458488.3422635 10.94 0.14
2458488.3427844 10.91 0.14
2458488.3429580 10.92 0.14
2458488.3431316 10.97 0.14
2458488.3439996 10.99 0.15
2458488.3441732 10.95 0.14
2458488.3443469 10.96 0.14
2458488.3446941 11.03 0.15
2458488.3450413 10.86 0.13
2458488.3452162 10.90 0.14
2458488.3453896 10.97 0.15
2458488.3455631 11.17 0.18
2458488.3462569 11.08 0.16
2458488.3464303 10.92 0.14
2458488.3466038 10.89 0.14
2458488.3472982 11.00 0.15
2458488.3476455 10.97 0.15
2458488.3481663 10.86 0.13
2458488.3483399 10.83 0.13
2458488.3486871 10.97 0.15
2458488.3488607 11.07 0.16
2458488.3490344 10.90 0.14
2458488.3492080 10.92 0.14
2458488.3493816 10.90 0.14
2458488.3495552 10.93 0.14
2458488.3500760 10.77 0.12
2458488.3502496 10.97 0.15
2458488.3509441 10.95 0.14
2458488.3516385 11.05 0.16
2458488.3526802 10.98 0.15
2458488.3528538 11.03 0.15
2458488.3535482 10.92 0.14
2458488.3537218 10.89 0.13
2458488.3538955 10.75 0.12
2458488.3540691 10.66 0.11
2458488.3542427 11.02 0.15
2458488.3544163 10.73 0.12
2458488.3545899 10.71 0.12
2458488.3547635 10.86 0.13
2458488.3551107 10.78 0.12
2458488.3554580 10.88 0.14
2458488.3559788 10.88 0.13
2458488.3561524 10.98 0.15
2458488.3563260 10.79 0.12
2458488.3571953 11.00 0.15
2458488.3573687 11.11 0.16
2458488.3575422 10.98 0.15
2458488.3577156 10.76 0.12
2458488.3578891 11.05 0.16
2458488.3582360 10.88 0.14
2458488.3587566 10.93 0.14
2458488.3591038 10.93 0.14
2458488.3592774 10.85 0.13
2458488.3594510 10.96 0.14
2458488.3596246 10.90 0.14
2458488.3599718 10.90 0.14
2458488.3601455 10.95 0.14
2458488.3604927 10.92 0.14
2458488.3606663 10.75 0.12
2458488.3610135 10.86 0.13
2458488.3611871 10.97 0.14
2458488.3615343 10.86 0.13
2458488.3617080 10.92 0.14
2458488.3620552 10.78 0.12
2458488.3622288 10.92 0.14
2458488.3627496 10.90 0.14
2458488.3629232 11.05 0.16
2458488.3639649 10.86 0.13
2458488.3641385 10.99 0.15
2458488.3643121 11.03 0.16
2458488.3644857 10.92 0.14
2458488.3648330 10.92 0.14
2458488.3650066 10.85 0.13
2458488.3651802 10.90 0.14
2458488.3653538 10.78 0.12
2458488.3655274 10.90 0.14
2458488.3657010 10.90 0.14
2458488.3658746 10.91 0.14
2458488.3660482 11.06 0.16
2458488.3662219 10.94 0.14
2458488.3663955 10.80 0.13
2458488.3665691 10.86 0.13
2458488.3667427 10.99 0.15
2458488.3669163 10.92 0.14
2458488.3670899 10.64 0.11
2458488.3672635 10.89 0.14
2458488.3674371 10.86 0.13
2458488.3676107 10.96 0.14
2458488.3677844 10.87 0.13
2458488.3684788 11.02 0.16
2458488.3690010 10.81 0.13
2458488.3693479 10.70 0.11
2458488.3695213 10.89 0.14
2458488.3696948 10.85 0.13
2458488.3698682 11.06 0.16
2458488.3702150 10.87 0.14
2458488.3703885 10.90 0.14
2458488.3705621 11.01 0.15
2458488.3707357 10.95 0.15
2458488.3712566 10.94 0.14
2458488.3714302 10.83 0.13
2458488.3716038 11.09 0.16
2458488.3717774 10.78 0.13
2458488.3721246 10.84 0.13
2458488.3722982 10.88 0.14
2458488.3724718 10.96 0.15
2458488.3726455 10.98 0.15
2458488.3729927 10.90 0.14
2458488.3731663 10.98 0.15
2458488.3733399 10.99 0.15
2458488.3735135 10.93 0.14
2458488.3736871 11.03 0.16
2458488.3738607 10.90 0.14
2458488.3742080 10.91 0.14
2458493.2519739 11.06 0.14
2458493.2521475 11.05 0.14
2458493.2523211 10.83 0.12
2458493.2524947 10.93 0.13
2458493.2526684 11.02 0.14
2458493.2528420 10.89 0.12
2458493.2530156 11.05 0.14
2458493.2531892 10.80 0.11
2458493.2533628 11.08 0.14
2458493.2535364 10.89 0.12
2458493.2538836 10.87 0.12
2458493.2540586 10.75 0.11
2458493.2544055 10.98 0.13
2458493.2545789 10.86 0.12
2458493.2547524 10.75 0.11
2458493.2549258 11.04 0.14
2458493.2552727 11.00 0.14
2458493.2554461 10.80 0.11
2458493.2556198 11.08 0.14
2458493.2557934 11.07 0.14
2458493.2559670 10.82 0.11
2458493.2561406 10.98 0.13
2458493.2563142 10.93 0.13
2458493.2564878 11.08 0.14
2458493.2566614 11.15 0.15
2458493.2568350 11.03 0.14
2458493.2571823 11.08 0.14
2458493.2575295 10.94 0.13
2458493.2577031 10.92 0.12
2458493.2578767 11.11 0.15
2458493.2580503 11.04 0.14
2458493.2583975 10.90 0.12
2458493.2585711 10.89 0.12
2458493.2587447 10.82 0.11
2458493.2589184 11.05 0.14
2458493.2590920 10.93 0.13
2458493.2592656 10.99 0.13
2458493.2594392 10.87 0.12
2458493.2596128 10.87 0.12
2458493.2597864 10.72 0.10
2458493.2599600 10.98 0.13
2458493.2601336 10.84 0.12
2458493.2603072 10.81 0.11
2458493.2604809 11.00 0.13
2458493.2606545 10.94 0.13
2458493.2608281 10.78 0.11
2458493.2610017 10.71 0.10
2458493.2611753 10.99 0.13
2458493.2613489 11.01 0.13
2458493.2615225 11.03 0.14
2458493.2616961 11.05 0.14
2458493.2618697 11.09 0.14
2458493.2622170 11.10 0.14
2458493.2623906 10.82 0.11
2458493.2625642 11.19 0.16
2458493.2627378 11.04 0.14
2458493.2629114 10.96 0.13
2458493.2630850 10.95 0.13
2458493.2632586 11.11 0.15
2458493.2634323 11.02 0.14
2458493.2636059 10.95 0.13
2458493.2637795 10.93 0.13
2458493.2639531 11.02 0.14
2458493.2641267 10.87 0.12
2458493.2643003 11.01 0.13
2458493.2644739 11.07 0.14
2458493.2649948 11.11 0.15
2458493.2651684 10.76 0.11
2458493.2653420 11.06 0.14
2458493.2655156 11.14 0.15
2458493.2656892 10.86 0.12
2458493.2658628 10.93 0.12
2458493.2660378 10.86 0.12
2458493.2662112 11.12 0.15
2458493.2663847 11.10 0.14
2458493.2665581 10.86 0.12
2458493.2667316 10.93 0.12
2458493.2669050 10.98 0.13
2458493.2670784 10.91 0.12
2458493.2672519 11.00 0.13
2458493.2674253 10.92 0.12
2458493.2677725 10.94 0.13
2458493.2679461 10.94 0.13
2458493.2681197 10.88 0.12
2458493.2682934 10.88 0.12
2458493.2684670 11.16 0.15
2458493.2686406 10.96 0.13
2458493.2688142 10.76 0.11
2458493.2689878 10.89 0.12
2458493.2691614 10.81 0.11
2458493.2693350 10.97 0.13
2458493.2695086 10.88 0.12
2458493.2696822 11.04 0.14
2458493.2698559 10.92 0.12
2458493.2700295 10.98 0.13
2458493.2702031 10.99 0.13
2458493.2703767 10.91 0.12
2458493.2705503 10.98 0.13
2458493.2707239 10.81 0.11
2458493.2708975 11.05 0.14
2458493.2710711 10.94 0.12
2458493.2712448 10.83 0.11
2458493.2715920 10.91 0.12
2458493.2717656 10.75 0.11
2458493.2719392 10.97 0.13
2458493.2721128 10.91 0.12
2458493.2722864 11.05 0.14
2458493.2724600 11.06 0.14
2458493.2726336 10.97 0.13
2458493.2728073 10.89 0.12
2458493.2731545 10.83 0.11
2458493.2733281 10.79 0.11
2458493.2735017 11.05 0.14
2458493.2736753 10.82 0.11
2458493.2740225 10.75 0.11
2458493.2743697 10.99 0.13
2458493.2745434 10.80 0.11
2458493.2747170 10.96 0.13
2458493.2748906 10.95 0.13
2458493.2750642 10.99 0.13
2458493.2752378 10.90 0.12
2458493.2754114 11.01 0.13
2458493.2755850 11.09 0.14
2458493.2757586 10.94 0.13
2458493.2759322 10.84 0.11
2458493.2761059 11.06 0.14
2458493.2762795 10.98 0.13
2458493.2766267 10.91 0.12
2458493.2768003 11.16 0.15
2458493.2769739 11.01 0.13
2458493.2771475 11.00 0.13
2458493.2773211 11.09 0.14
2458493.2774947 10.99 0.13
2458493.2776684 10.87 0.12
2458493.2778420 10.87 0.12
2458493.2780169 11.08 0.14
2458493.2781904 10.84 0.12
2458493.2783638 10.74 0.10
2458493.2785373 10.92 0.12
2458493.2787107 11.14 0.15
2458493.2788841 11.00 0.13
2458493.2790576 10.95 0.13
2458493.2792310 10.88 0.12
2458493.2794045 10.96 0.13
2458493.2797517 10.86 0.12
2458493.2799253 10.82 0.11
2458493.2800989 10.91 0.12
2458493.2802725 10.87 0.12
2458493.2804461 10.88 0.12
2458493.2806198 10.84 0.12
2458493.2807934 10.90 0.12
2458493.2809670 11.06 0.14
2458493.2811406 11.07 0.14
2458493.2813142 10.80 0.11
2458493.2814878 10.83 0.11
2458493.2816614 10.85 0.12
2458493.2818350 11.09 0.15
2458493.2820086 10.83 0.11
2458493.2821822 11.03 0.14
2458493.2823559 10.76 0.11
2458493.2825295 10.84 0.11
2458493.2827031 10.96 0.13
2458493.2828767 10.96 0.13
2458493.2830503 10.93 0.12
2458493.2832239 10.95 0.13
2458493.2833975 10.83 0.11
2458493.2835711 11.08 0.14
2458493.2837447 10.83 0.11
2458493.2839184 10.96 0.13
2458493.2840920 10.98 0.13
2458493.2842656 10.81 0.11
2458493.2844392 11.00 0.13
2458493.2846128 10.75 0.11
2458493.2847864 10.99 0.13
2458493.2849600 10.84 0.11
2458493.2851336 10.92 0.12
2458493.2853072 10.86 0.12
2458493.2856545 10.94 0.13
2458493.2858281 10.84 0.11
2458493.2860017 10.84 0.11
2458493.2861753 10.92 0.12
2458493.2863489 10.91 0.12
2458493.2865225 10.99 0.13
2458493.2866961 10.96 0.13
2458493.2868698 11.08 0.14
2458493.2870434 11.09 0.14
2458493.2872170 11.02 0.14
2458493.2873906 11.02 0.14
2458493.2875642 10.70 0.10
2458493.2877378 10.93 0.12
2458493.2879114 10.96 0.13
2458493.2880850 10.95 0.13
2458493.2882586 10.93 0.13
2458493.2884323 10.80 0.11
2458493.2886059 11.04 0.14
2458493.2887795 10.89 0.12
2458493.2889531 11.02 0.14
2458493.2891267 10.89 0.12
2458493.2893003 11.02 0.13
2458493.2894739 10.96 0.13
2458493.2896475 10.95 0.13
2458493.2898211 10.72 0.10
2458493.2899961 11.05 0.14
2458493.2901695 10.92 0.13
2458493.2903429 10.90 0.12
2458493.2905164 10.98 0.13
2458493.2906898 10.88 0.12
2458493.2908633 10.82 0.11
2458493.2910367 10.90 0.12
2458493.2912102 10.95 0.13
2458493.2913836 10.94 0.13
2458493.2915572 10.96 0.13
2458493.2919045 10.82 0.11
2458493.2920781 11.15 0.15
2458493.2922517 10.91 0.12
2458493.2924253 10.91 0.12
2458493.2925989 10.92 0.12
2458493.2927725 10.84 0.12
2458493.2929461 10.96 0.13
2458493.2931197 11.04 0.14
2458493.2932934 11.04 0.14
2458493.2934670 10.76 0.11
2458493.2936406 10.79 0.11
2458493.2938142 11.15 0.15
2458493.2939878 10.88 0.12
2458493.2943350 10.89 0.12
2458493.2945086 10.86 0.12
2458493.2946823 10.82 0.11
2458493.2948559 10.94 0.13
2458493.2950295 11.10 0.15
2458493.2952031 10.88 0.12
2458493.2953767 10.95 0.13
2458493.2955503 10.82 0.11
2458493.2957239 10.72 0.10
2458493.2960711 10.86 0.12
2458493.2962448 10.99 0.13
2458493.2964184 10.91 0.12
2458493.2965920 10.95 0.13
2458493.2969392 10.95 0.13
2458493.2971128 10.93 0.13
2458493.2972864 10.94 0.13
2458493.2974600 11.03 0.14
2458493.2976336 10.92 0.12
2458493.2978072 10.87 0.12
2458493.2979809 11.01 0.13
2458493.2981545 10.82 0.11
2458493.2985017 10.87 0.12
2458493.2988489 10.82 0.11
2458493.2990225 10.91 0.12
2458493.2991961 10.96 0.13
2458493.2993697 10.98 0.13
2458493.2997170 11.06 0.14
2458493.3000642 11.11 0.15
2458493.3002378 11.12 0.15
2458493.3004114 11.09 0.15
2458493.3005850 10.93 0.13
2458493.3007586 10.90 0.12
2458493.3018931 11.06 0.14
2458493.3021591 10.84 0.12
2458493.3023327 10.81 0.11
2458493.3025063 11.03 0.14
2458493.3026799 10.95 0.13
2458493.3028536 10.94 0.13
2458493.3030272 10.91 0.12
2458493.3032008 10.87 0.12
2458493.3033744 10.99 0.13
2458493.3035480 10.86 0.12
2458493.3037216 11.07 0.14
2458493.3040688 10.88 0.12
2458493.3042424 10.80 0.11
2458493.3044161 10.99 0.13
2458493.3045897 10.85 0.12
2458493.3047633 10.88 0.12
2458493.3049369 10.98 0.13
2458493.3051105 10.95 0.13
2458493.3052841 11.12 0.15
2458493.3056313 10.93 0.12
2458493.3058049 11.02 0.13
2458493.3059785 11.03 0.14
2458493.3061522 10.87 0.12
2458493.3063258 10.93 0.12
2458493.3064994 10.97 0.13
2458493.3066730 10.90 0.12
2458493.3068466 10.93 0.12
2458493.3070202 10.99 0.13
2458493.3071938 11.08 0.14
2458493.3073674 10.98 0.13
2458493.3075410 11.05 0.14
2458493.3078883 10.82 0.11
2458493.3080619 11.01 0.13
2458493.3082355 10.96 0.13
2458493.3084091 10.87 0.12
2458493.3085827 10.92 0.12
2458493.3087563 10.84 0.11
2458493.3089299 10.88 0.12
2458493.3091036 10.97 0.13
2458493.3092772 11.01 0.13
2458493.3094508 10.93 0.12
2458493.3096244 10.92 0.12
2458493.3097980 10.91 0.12
2458493.3099716 10.93 0.12
2458493.3101452 11.03 0.14
2458493.3103188 10.96 0.13
2458493.3104924 10.90 0.12
2458493.3106661 10.72 0.10
2458493.3108397 10.82 0.11
2458493.3110133 10.81 0.11
2458493.3111869 11.06 0.14
2458493.3113605 11.08 0.14
2458493.3115341 10.94 0.12
2458493.3117077 10.94 0.12
2458493.3122298 10.80 0.11
2458493.3125767 10.97 0.13
2458493.3127502 10.87 0.12
2458493.3129236 10.81 0.11
2458493.3130971 10.88 0.12
2458493.3132705 10.97 0.13
2458493.3134439 10.91 0.12
2458493.3137910 10.98 0.13
2458493.3139647 10.78 0.11
2458493.3141383 10.81 0.11
2458493.3143119 11.05 0.14
2458493.3144855 10.82 0.11
2458493.3146591 11.09 0.14
2458493.3148327 10.97 0.13
2458493.3151799 10.79 0.11
2458493.3153535 11.05 0.14
2458493.3155272 11.01 0.13
2458493.3157008 10.97 0.13
2458493.3158744 10.93 0.12
2458493.3160480 10.94 0.12
2458493.3162216 11.10 0.14
2458493.3163952 10.82 0.11
2458493.3165688 11.06 0.14
2458493.3167424 10.89 0.12
2458493.3169161 10.85 0.11
2458493.3170897 10.92 0.12
2458493.3172633 11.08 0.14
2458493.3174369 10.91 0.12
2458493.3176105 10.95 0.12
2458493.3177841 11.02 0.13
2458493.3179577 11.02 0.13
2458493.3181313 10.99 0.13
2458493.3183049 10.75 0.10
2458493.3186522 11.03 0.13
2458493.3188258 10.78 0.11
2458493.3189994 11.08 0.14
2458493.3191730 11.02 0.13
2458493.3193466 10.99 0.13
2458493.3195202 11.00 0.13
2458493.3196938 10.91 0.12
2458493.3198674 11.08 0.14
2458493.3200411 11.05 0.14
2458493.3202147 10.96 0.13
2458493.3203883 10.91 0.12
2458493.3205619 11.09 0.14
2458493.3209091 10.85 0.11
2458493.3212563 10.96 0.13
2458493.3214299 10.89 0.12
2458493.3216035 10.96 0.12
2458493.3219508 11.04 0.13
2458493.3221244 11.00 0.13
2458493.3222980 10.89 0.12
2458493.3224716 10.99 0.13
2458493.3226452 10.95 0.12
2458493.3228188 11.03 0.13
2458493.3229924 11.16 0.15
2458493.3231662 11.04 0.13
2458493.3233397 10.93 0.12
2458493.3235133 10.97 0.13
2458493.3236869 11.13 0.15
2458493.3238605 10.92 0.12
2458493.3242090 10.82 0.11
2458493.3243824 11.11 0.14
2458493.3245559 11.04 0.13
2458493.3247293 10.96 0.12
2458493.3249028 10.97 0.13
2458493.3250762 11.03 0.13
2458493.3252497 10.98 0.13
2458493.3254231 10.84 0.11
2458493.3255966 10.94 0.12
2458493.3257702 10.88 0.12
2458493.3259438 11.13 0.15
2458493.3261174 11.02 0.13
2458493.3262911 10.98 0.13
2458493.3264647 10.99 0.13
2458493.3268119 11.18 0.15
2458493.3269855 10.89 0.12
2458493.3271591 10.95 0.12
2458493.3273327 10.79 0.11
2458493.3275063 10.92 0.12
2458493.3276799 11.03 0.13
2458493.3278536 10.99 0.13
2458493.3280272 10.97 0.12
2458493.3282008 11.00 0.13
2458493.3283744 11.09 0.14
2458493.3285480 10.87 0.11
2458493.3287216 10.97 0.12
2458493.3288952 10.93 0.12
2458493.3290688 10.99 0.13
2458493.3292430 10.95 0.12
2458493.3294160 10.93 0.12
2458493.3295897 11.01 0.13
2458493.3297633 10.99 0.13
2458493.3299369 10.96 0.12
2458493.3301105 11.06 0.14
2458493.3302841 10.95 0.12
2458493.3304577 11.07 0.14
2458493.3306313 10.91 0.12
2458493.3308049 11.10 0.14
2458493.3309785 11.02 0.13
2458493.3311522 11.11 0.14
2458493.3313258 11.02 0.13
2458493.3314994 11.09 0.14
2458493.3316730 10.91 0.12
2458493.3320202 11.09 0.14
2458493.3321938 11.07 0.14
2458493.3323674 10.98 0.13
2458493.3325411 11.06 0.14
2458493.3327147 11.04 0.13
2458493.3328883 10.87 0.12
2458493.3330619 10.89 0.12
2458493.3341036 10.81 0.11
2458493.3342772 10.88 0.12
2458493.3344508 10.97 0.13
2458493.3346244 10.98 0.13
2458493.3347980 10.99 0.13
2458493.3354924 11.01 0.13
2458493.3356661 11.18 0.15
2458493.3358397 11.00 0.13
2458493.3360133 11.05 0.14
2458493.3363616 11.08 0.14
2458493.3365351 10.94 0.12
2458493.3368820 11.03 0.14
2458493.3370554 11.12 0.15
2458493.3372288 11.10 0.14
2458493.3374023 11.23 0.16
2458493.3379230 11.06 0.14
2458493.3380966 10.99 0.13
2458493.3382702 11.08 0.14
2458493.3386174 10.92 0.12
2458493.3387910 10.93 0.12
2458493.3389647 11.00 0.13
2458493.3391383 10.97 0.13
2458493.3394855 11.12 0.15
2458493.3396591 11.06 0.14
2458493.3398327 10.98 0.13
2458493.3400063 11.04 0.14
2458493.3401799 10.88 0.12
2458493.3403536 10.77 0.11
2458493.3405272 10.94 0.12
2458493.3407008 10.94 0.13
2458493.3412216 10.97 0.13
2458493.3413952 10.90 0.12
2458493.3415688 10.98 0.13
2458493.3417424 10.91 0.12
2458493.3419161 11.10 0.14
2458493.3420897 10.97 0.13
2458493.3422633 10.84 0.11
2458493.3424369 11.13 0.15
2458493.3426105 11.13 0.15
2458493.3427841 10.92 0.12
2458493.3429577 10.76 0.11
2458493.3431313 10.98 0.13
2458493.3433049 11.01 0.13
2458493.3434786 10.93 0.12
2458493.3436522 10.99 0.13
2458493.3438258 10.91 0.12
2458493.3439994 10.86 0.12
2458493.3441730 11.11 0.15
2458493.3443466 11.03 0.14
2458493.3445202 10.98 0.13
2458493.3446938 11.14 0.15
2458493.3448674 10.90 0.12
2458493.3450410 11.09 0.14
2458493.3452147 10.80 0.11
2458493.3453883 10.96 0.13
2458493.3455619 10.88 0.12
2458493.3457355 10.87 0.12
2458493.3459091 11.04 0.14
2458493.3460827 11.03 0.14
2458493.3462563 10.83 0.11
2458493.3464299 10.97 0.13
2458493.3466035 11.08 0.14
2458493.3469508 11.05 0.14
2458493.3472980 11.02 0.14
2458493.3474716 10.90 0.12
2458493.3476452 10.97 0.13
2458493.3478188 11.08 0.14
2458493.3479924 10.98 0.13
2458493.3481673 11.02 0.14
2458493.3483408 11.06 0.14
2458493.3486876 10.96 0.13
2458493.3488611 10.95 0.13
2458493.3490345 11.06 0.14
2458493.3492080 11.00 0.13
2458493.3493814 11.04 0.14
2458493.3495549 11.05 0.14
2458493.3497286 11.02 0.13
2458493.3500758 11.22 0.16
2458493.3502494 10.93 0.12
2458493.3504230 11.16 0.15
2458493.3507702 10.90 0.12
2458493.3509438 10.93 0.12
2458493.3511174 11.11 0.15
2458493.3512911 10.93 0.12
2458493.3514647 10.92 0.12
2458493.3516383 11.21 0.16
2458493.3518119 10.89 0.12
2458493.3519855 11.11 0.14
2458493.3521591 11.08 0.14
2458493.3523327 10.91 0.12
2458493.3525063 10.99 0.13
2458493.3526799 10.86 0.11
2458493.3528535 10.95 0.12
2458493.3530272 10.93 0.12
2458493.3532008 11.02 0.13
2458493.3533744 11.13 0.15
2458493.3535480 11.00 0.13
2458493.3537216 11.03 0.13
2458493.3538952 10.99 0.13
2458493.3540688 11.03 0.13
2458493.3542424 11.05 0.14
2458493.3544160 11.06 0.14
2458493.3545897 10.92 0.12
2458493.3547633 11.02 0.13
2458493.3549369 10.99 0.13
2458493.3551105 11.11 0.14
2458493.3552841 10.94 0.12
2458493.3554577 10.76 0.11
2458493.3556313 11.08 0.14
2458493.3558049 11.09 0.14
2458493.3559786 11.03 0.13
2458493.3561522 11.02 0.13
2458493.3563258 11.01 0.13
2458493.3564994 10.89 0.12
2458493.3566730 10.97 0.13
2458493.3570202 10.92 0.12
2458493.3571938 10.95 0.12
2458493.3577147 11.02 0.13
2458493.3578883 10.87 0.12
2458493.3580619 10.93 0.12
2458493.3582355 10.81 0.11
2458493.3584091 10.89 0.12
2458493.3587563 10.95 0.13
2458493.3589299 10.99 0.13
2458493.3591036 11.02 0.13
2458493.3592772 10.98 0.13
2458493.3594508 10.96 0.13
2458493.3597980 11.03 0.13
2458493.3599716 10.86 0.12
2458493.3601465 10.94 0.12
2458493.3603199 10.81 0.11
2458493.3604934 11.03 0.13
2458493.3606668 10.87 0.12
2458493.3608403 10.89 0.12
2458493.3610137 10.87 0.12
2458493.3611871 10.92 0.12
2458493.3613606 11.08 0.14
2458493.3615341 10.91 0.12
2458493.3617077 11.02 0.13
2458493.3618813 10.88 0.12
2458493.3620549 11.03 0.13
2458493.3622285 10.99 0.13
2458493.3625758 11.02 0.13
2458493.3627494 10.79 0.11
2458493.3629230 10.85 0.12
2458493.3630966 10.92 0.12
2458493.3632702 10.94 0.12
2458493.3636174 10.82 0.11
2458493.3637911 10.89 0.12
2458493.3639647 10.87 0.12
2458493.3641383 10.93 0.12
2458493.3643119 10.83 0.11
2458493.3644855 10.86 0.12
2458493.3646591 10.92 0.12
2458493.3648327 10.96 0.13
2458493.3650063 10.81 0.11
2458493.3651799 11.02 0.13
2458493.3653536 11.03 0.13
2458493.3655272 10.86 0.11
2458493.3657008 10.96 0.13
2458493.3660480 11.07 0.14
2458493.3662216 11.02 0.13
2458493.3663952 10.83 0.11
2458493.3665688 10.96 0.13
2458493.3667424 10.90 0.12
2458493.3669161 11.02 0.13
2458493.3670897 10.94 0.12
2458493.3672633 10.92 0.12
2458493.3674369 10.82 0.11
2458493.3676105 10.76 0.11
2458493.3677841 10.86 0.12
2458493.3679577 10.95 0.13
2458493.3681313 11.03 0.14
2458493.3683049 10.89 0.12
2458493.3684785 10.98 0.13
2458493.3686522 10.85 0.12
2458493.3688258 10.85 0.11
2458493.3689994 11.16 0.15
2458493.3691730 11.03 0.14
2458493.3698674 10.84 0.11
2458493.3700410 10.82 0.11
2458493.3702147 11.01 0.13
2458493.3703883 11.07 0.14
2458493.3705619 10.80 0.11
2458493.3707355 10.93 0.13
2458493.3709091 11.03 0.13
2458493.3710827 11.14 0.15
2458493.3712563 11.21 0.16
2458493.3714299 11.01 0.13
2458493.3716036 11.03 0.13
2458493.3717772 10.87 0.12
2458493.3719508 10.85 0.12
2458493.3722991 10.89 0.12
2458493.3724725 10.91 0.12
2458493.3726460 10.94 0.12
2458493.3728194 11.19 0.16
2458493.3729928 10.81 0.11
2458493.3731663 10.90 0.12
2458493.3736869 10.90 0.12
2458493.3738605 10.94 0.12
2458493.3742077 10.74 0.10
2458493.3743813 10.93 0.12
2458493.3745549 10.99 0.13
2458493.3747286 11.01 0.13
2458493.3749022 10.94 0.12
2458493.3750758 10.86 0.12
2458493.3752494 10.90 0.12
2458493.3754230 10.97 0.13
2458493.3755966 10.92 0.12
2458493.3757702 10.99 0.13
2458493.3759438 11.04 0.14
2458493.3761174 10.96 0.13
2458493.3762910 10.82 0.11
2458493.3764647 10.99 0.13
2458493.3766383 10.98 0.13
2458493.3768119 11.13 0.15
2458493.3771591 11.09 0.15
2458493.3773327 11.07 0.14
2458493.3775063 10.84 0.12
2458493.3776799 11.13 0.15
2458493.3778535 10.90 0.12
2458493.3780272 10.88 0.12
2458493.3782008 10.84 0.12
2458493.3785480 10.92 0.13
2458493.3787216 11.16 0.16
2458493.3795897 10.90 0.12
2458493.3797633 10.79 0.11
2458493.3799369 10.95 0.13
2458493.3801105 11.04 0.14
2458493.3804577 10.85 0.12
2458493.3806313 10.81 0.11
2458493.3808049 11.05 0.14
2458493.3809786 11.03 0.14
2458493.3813258 11.02 0.14
2458493.3814994 11.12 0.15
2458493.3816730 10.92 0.13
2458493.3818466 11.00 0.13
2458493.3820202 11.06 0.14
2458493.3821938 11.06 0.14
2458493.3823674 10.93 0.13
2458493.3825411 10.88 0.12
2458493.3828883 10.84 0.12
2458493.3830619 10.82 0.12
2458493.3832355 10.82 0.11
2458493.3834091 10.72 0.11
2458493.3837563 10.82 0.12
2458493.3839313 10.86 0.12
2458493.3841048 10.97 0.13
2458493.3842782 10.82 0.12
2458493.3844517 11.07 0.14
2458493.3846251 10.78 0.11
2458493.3847985 10.97 0.13
2458493.3849720 10.97 0.13
2458493.3851454 10.85 0.12
2458493.3853189 10.97 0.13
2458493.3856660 10.87 0.12
2458493.3858397 11.11 0.15
2458493.3860133 10.70 0.10
2458493.3863605 10.99 0.13
2458493.3867077 10.87 0.12
2458493.3868813 10.87 0.12
2458493.3870549 11.04 0.14
2458493.3872286 11.05 0.14
2458493.3874022 10.87 0.12
2458493.3875758 10.88 0.12
2458493.3877494 10.81 0.12
2458493.3879230 10.84 0.12
2458493.3880966 11.00 0.14
2458493.3884438 10.81 0.12
2458493.3886174 11.00 0.14
2458493.3887911 10.92 0.13
2458493.3889647 11.05 0.14
2458493.3891383 11.07 0.14
2458493.3893119 10.66 0.10
2458493.3894855 10.82 0.12
2458493.3896591 10.94 0.13
2458493.3900063 10.96 0.13
2458493.3901799 10.77 0.11
2458493.3903536 10.92 0.13
2458493.3905272 10.88 0.12
2458493.3907008 10.85 0.12
2458493.3910480 10.98 0.13
2458493.3912216 10.89 0.12
2458493.3913952 10.92 0.13
2458493.3915688 11.01 0.14
2458493.3917424 11.13 0.15
2458493.3919160 11.05 0.14
2458493.3920897 10.96 0.13
2458493.3922633 10.87 0.12
2458493.3924369 10.78 0.11
2458493.3926105 11.00 0.14
2458493.3927841 10.84 0.12
2458493.3929577 10.99 0.14
2458493.3931313 10.88 0.12
2458493.3933049 11.00 0.14
2458493.3934785 10.96 0.13
2458493.3936522 10.85 0.12
2458493.3938258 11.08 0.15
2458493.3939994 10.86 0.12
2458493.3941730 10.90 0.13
2458493.3943466 11.05 0.14
2458493.3946938 11.01 0.14
2458493.3948674 10.93 0.13
2458493.3950411 10.83 0.12
2458493.3953883 11.10 0.15
2458493.3955619 10.79 0.11
2458493.3957355 10.84 0.12
2458493.3959105 10.91 0.13
2458493.3960839 10.85 0.12
2458493.3962574 11.08 0.15
2458493.3964308 10.75 0.11
2458493.3966043 10.95 0.13
2458493.3972980 11.01 0.14
2458493.3976452 10.89 0.12
2458493.3978188 10.96 0.13
2458493.3979924 11.00 0.14
2458493.3981661 10.92 0.13
2458493.3983397 10.97 0.13
2458493.3986869 10.86 0.12
2458493.3990341 10.99 0.14
2458493.3992077 10.89 0.13
2458493.3993813 11.00 0.14
2458493.3997285 10.95 0.13
2458493.3999022 10.98 0.14
2458493.4000758 10.92 0.13
2458493.4002494 10.99 0.14
2458493.4004230 10.99 0.14
2458493.4005966 11.03 0.14
2458493.4007702 10.85 0.12
2458493.4009438 11.04 0.14
2458493.4011174 11.12 0.16
2458493.4012910 10.89 0.13
2458493.4014647 10.94 0.13
2458493.4016383 10.86 0.12
2458493.4018119 10.87 0.12
2458493.4019855 11.09 0.15
2458493.4021591 10.85 0.12
2458493.4023327 10.81 0.12
2458493.4025063 11.04 0.14
2458493.4026799 10.92 0.13
2458493.4028536 10.89 0.13
2458493.4030272 10.80 0.12
2458493.4032008 11.00 0.14
2458493.4033744 10.96 0.14
2458493.4037216 10.80 0.12
2458493.4038952 10.71 0.11
2458493.4040688 10.98 0.14
2458493.4042424 11.03 0.14
2458493.4044161 11.10 0.15
2458493.4045897 11.06 0.15
2458493.4047633 10.84 0.12
2458493.4049369 10.97 0.14
2458493.4051105 10.84 0.12
2458493.4052841 10.92 0.13
2458493.4054577 11.01 0.14
2458493.4056313 11.14 0.16
2458493.4059786 11.01 0.14
2458493.4061522 11.00 0.14
2458493.4063258 11.04 0.15
2458493.4066730 10.94 0.13
2458493.4068466 11.03 0.14
2458493.4070202 10.93 0.13
2458493.4071938 10.85 0.12
2458493.4073674 11.05 0.15
2458493.4075410 10.91 0.13
2458493.4077147 10.84 0.12
2458493.4078896 11.01 0.14
2458493.4080630 10.77 0.12
2458493.4082365 11.09 0.16
2458493.4084099 10.97 0.14
2458493.4085833 10.97 0.14
2458493.4089302 10.86 0.13
2458493.4091037 10.99 0.14
2458493.4092772 11.02 0.15
2458493.4094508 11.09 0.15
2458493.4096244 11.10 0.16
2458493.4103188 10.95 0.14
2458493.4104924 10.68 0.11
2458493.4106661 10.93 0.13
2458493.4108397 10.95 0.14
2458493.4110133 11.00 0.14
2458493.4111869 11.10 0.16
2458493.4113605 10.87 0.13
2458493.4115341 10.89 0.13
2458493.4117077 10.73 0.11
2458493.4118813 11.04 0.15
2458493.4120549 10.85 0.12
2458493.4122286 11.16 0.16
2458493.4124022 10.94 0.13
2458493.4125758 11.08 0.16
2458493.4127494 10.77 0.12
2458493.4129230 11.04 0.15
2458493.4130966 10.88 0.13
2458493.4132702 11.03 0.15
2458493.4134438 10.97 0.14
2458493.4136174 10.92 0.14
2458493.4137911 10.94 0.14
2458493.4139647 10.91 0.13
2458493.4141383 11.06 0.15
2458493.4143119 10.93 0.14
2458493.4144855 10.95 0.14
2458493.4146591 10.84 0.13
2458493.4148327 10.89 0.13
2458493.4150063 11.11 0.16
2458493.4151799 10.98 0.14
2458493.4155272 10.84 0.13
2458493.4157008 10.87 0.13
2458493.4158744 10.89 0.13
2458494.3488142 10.88 0.17
2458495.1422286 10.66 0.16
2458495.1582008 10.80 0.18
2458495.1604577 10.61 0.14
2458495.1663605 10.78 0.17
2458495.1719163 10.66 0.15
2458495.1778188 10.82 0.17
2458495.1845897 10.78 0.16
2458495.2007355 10.67 0.14
2458495.2012563 10.86 0.17
2458495.2066383 10.72 0.15
2458495.2069867 10.82 0.16
2458495.2080274 10.65 0.14
2458495.2083744 10.87 0.17
2458495.2101105 10.81 0.16
2458495.2116730 10.81 0.16
2458495.2130619 10.68 0.14
2458495.2151452 10.79 0.15
2458495.2219161 10.96 0.18
2458495.2245202 10.75 0.15
2458495.2266036 10.78 0.15
2458495.2271244 10.69 0.14
2458495.2278188 10.79 0.15
2458495.2283397 10.88 0.16
2458495.2297286 10.81 0.15
2458495.2349369 10.81 0.15
2458495.2356313 10.91 0.16
2458495.2389299 10.75 0.14
2458495.2392772 10.76 0.14
2458495.2396244 10.77 0.14
2458495.2397980 10.68 0.13
2458495.2404924 10.84 0.15
2458495.2427508 10.78 0.15
2458495.2443119 10.70 0.13
2458495.2453536 10.87 0.16
2458495.2462216 10.89 0.16
2458495.2463952 10.96 0.17
2458495.2465688 10.81 0.15
2458495.2469160 10.80 0.15
2458495.2476105 10.78 0.14
2458495.2479577 10.86 0.15
2458495.2481313 10.73 0.14
2458495.2484785 10.82 0.15
2458495.2547300 10.72 0.13
2458495.2555972 10.73 0.14
2458495.2566383 10.71 0.13
2458495.2575063 10.84 0.15
2458495.2576799 10.63 0.12
2458495.2582008 10.61 0.12
2458495.2583744 10.78 0.14
2458495.2592424 10.90 0.16
2458495.2594161 10.87 0.15
2458495.2595897 10.83 0.14
2458495.2604577 10.76 0.14
2458495.2608049 10.86 0.15
2458495.2609786 10.79 0.14
2458495.2613258 10.73 0.13
2458495.2614994 10.92 0.16
2458495.2616730 10.90 0.15
2458495.2618466 10.73 0.13
2458495.2620202 10.90 0.16
2458495.2621938 10.92 0.16
2458495.2625410 10.79 0.14
2458495.2627147 10.82 0.14
2458495.2630619 10.89 0.15
2458495.2634091 10.85 0.15
2458495.2635827 10.82 0.15
2458495.2641035 10.73 0.13
2458495.2642772 10.90 0.16
2458495.2649716 10.90 0.16
2458495.2658397 10.74 0.13
2458495.2660133 10.81 0.14
2458495.2665341 10.84 0.15
2458495.2667077 10.78 0.14
2458495.2674030 10.96 0.16
2458495.2693119 10.84 0.15
2458495.2710480 10.96 0.16
2458495.2713952 10.91 0.16
2458495.2720897 10.80 0.14
2458495.2726105 10.82 0.14
2458495.2752147 10.72 0.13
2458495.2757355 10.82 0.14
2458495.2759091 10.76 0.14
2458495.2762563 10.86 0.15
2458495.2764299 10.79 0.14
2458495.2767772 10.85 0.15
2458495.2778188 10.89 0.15
2458495.2785133 10.81 0.14
2458495.2786869 10.96 0.16
2458495.2790353 10.90 0.15
2458495.2792087 10.84 0.15
2458495.2793822 10.89 0.15
2458495.2795556 10.86 0.15
2458495.2800759 10.76 0.13
2458495.2805966 10.95 0.16
2458495.2809438 10.78 0.14
2458495.2811174 10.81 0.14
2458495.2825063 10.95 0.16
2458495.2826799 10.90 0.15
2458495.2828536 10.92 0.15
2458495.2838952 10.72 0.13
2458495.2840688 10.90 0.15
2458495.2844161 10.66 0.12
2458495.2845897 10.92 0.16
2458495.2851105 10.91 0.15
2458495.2852841 10.77 0.14
2458495.2854577 10.73 0.13
2458495.2856313 10.93 0.16
2458495.2858049 10.87 0.15
2458495.2861522 10.88 0.15
2458495.2864994 10.84 0.14
2458495.2866730 10.87 0.15
2458495.2868466 10.75 0.13
2458495.2871938 10.96 0.16
2458495.2873674 10.77 0.14
2458495.2875410 10.72 0.13
2458495.2882355 10.84 0.15
2458495.2884091 10.84 0.15
2458495.2891036 10.76 0.14
2458495.2901452 11.00 0.17
2458495.2910145 10.70 0.13
2458495.2911879 10.73 0.13
2458495.2929230 10.93 0.16
2458495.2930966 10.84 0.14
2458495.2934438 11.08 0.18
2458495.2936174 10.93 0.16
2458495.2937910 10.98 0.17
2458495.2939647 10.96 0.16
2458495.2941383 10.77 0.13
2458495.2943119 10.90 0.15
2458495.2948327 10.84 0.14
2458495.2953535 10.89 0.15
2458495.2957008 10.85 0.14
2458495.2962216 10.85 0.14
2458495.2965688 10.84 0.14
2458495.2967424 10.78 0.14
2458495.2970897 10.90 0.15
2458495.2974369 10.74 0.13
2458495.2976105 10.84 0.14
2458495.2977841 10.97 0.16
2458495.2979577 10.90 0.15
2458495.2981313 10.84 0.14
2458495.2983049 10.74 0.13
2458495.2984785 10.79 0.14
2458495.2991730 10.84 0.14
2458495.2993466 10.88 0.15
2458495.2995202 10.79 0.14
2458495.2996938 10.86 0.14
2458495.3000411 10.77 0.13
2458495.3005619 10.85 0.14
2458495.3009091 10.84 0.14
2458495.3014299 10.95 0.16
2458495.3024716 10.92 0.15
2458495.3029937 10.91 0.15
2458495.3033406 10.78 0.14
2458495.3054230 10.71 0.13
2458495.3055966 10.72 0.13
2458495.3057702 10.68 0.13
2458495.3059438 10.73 0.13
2458495.3064647 10.68 0.12
2458495.3066383 10.87 0.15
2458495.3071591 10.72 0.13
2458495.3073327 10.86 0.15
2458495.3083744 10.92 0.16
2458495.3095897 10.88 0.15
2458495.3097633 11.01 0.17
2458495.3104577 10.78 0.14
2458495.3108049 10.88 0.15
2458495.3116730 10.67 0.13
2458495.3120202 10.89 0.15
2458495.3121938 10.87 0.15
2458495.3127147 10.82 0.14
2458495.3128883 10.77 0.14
2458495.3139299 10.92 0.16
2458495.3141036 10.82 0.14
2458495.3144508 10.82 0.14
2458495.3153198 10.90 0.15
2458498.1660017 10.88 0.15
2458498.1661753 10.89 0.15
2458498.1665238 10.86 0.15
2458498.1672176 10.87 0.15
2458498.1675645 10.81 0.14
2458498.1693003 10.91 0.15
2458498.1699947 10.90 0.15
2458498.1705156 11.09 0.17
2458498.1706892 10.86 0.14
2458498.1712100 10.82 0.14
2458498.1724253 10.81 0.14
2458498.1731198 10.80 0.13
2458498.1738142 10.85 0.14
2458498.1739878 10.92 0.15
2458498.1745086 10.89 0.14
2458498.1750295 10.77 0.13
2458498.1753767 10.95 0.15
2458498.1764184 10.80 0.13
2458498.1769392 11.00 0.15
2458498.1772864 10.94 0.15
2458498.1778072 11.14 0.18
2458498.1781545 10.83 0.13
2458498.1785029 10.77 0.13
2458498.1788498 10.95 0.15
2458498.1795436 11.06 0.16
2458498.1802378 10.78 0.13
2458498.1804114 10.93 0.14
2458498.1807586 10.79 0.13
2458498.1811059 10.86 0.13
2458498.1814531 10.85 0.13
2458498.1821475 10.96 0.15
2458498.1824948 11.00 0.15
2458498.1830156 10.88 0.14
2458498.1838836 10.98 0.15
2458498.1840572 10.89 0.14
2458498.1845781 10.98 0.15
2458498.1849253 10.88 0.14
2458498.1850989 10.94 0.14
2458498.1854461 11.02 0.15
2458498.1857934 10.95 0.14
2458498.1859670 11.01 0.15
2458498.1863142 11.04 0.16
2458498.1866614 10.90 0.14
2458498.1871822 10.90 0.14
2458498.1889184 11.01 0.15
2458498.1899600 10.79 0.12
2458498.1901336 11.08 0.16
2458498.1903073 10.92 0.14
2458498.1908281 10.96 0.15
2458498.1913489 10.92 0.14
2458498.1915225 10.88 0.13
2458498.1918697 11.12 0.17
2458498.1922170 11.07 0.16
2458498.1923906 11.01 0.15
2458498.1927378 11.01 0.15
2458498.1929114 11.04 0.15
2458498.1930850 10.81 0.12
2458498.1936059 11.07 0.16
2458498.1937795 10.95 0.14
2458498.1939531 11.07 0.16
2458498.1941267 10.85 0.13
2458498.1944739 10.76 0.12
2458498.1946475 10.95 0.14
2458498.1948211 10.78 0.12
2458498.1949947 10.95 0.14
2458498.1951684 10.86 0.13
2458498.1953420 11.04 0.15
2458498.1955156 10.73 0.11
2458498.1956892 11.01 0.14
2458498.1958628 10.78 0.12
2458498.1962112 10.89 0.13
2458498.1963846 11.01 0.15
2458498.1969050 11.01 0.15
2458498.1970784 10.97 0.14
2458498.1972519 10.77 0.12
2458498.1974253 10.68 0.11
2458498.1975989 10.87 0.13
2458498.1979461 10.87 0.13
2458498.1981198 10.96 0.14
2458498.1982934 11.04 0.15
2458498.1989878 10.89 0.13
2458498.1991614 10.95 0.14
2458498.1995086 10.89 0.13
2458498.1998559 10.95 0.13
2458498.2002031 11.14 0.16
2458498.2005503 10.89 0.13
2458498.2008975 11.04 0.15
2458498.2010711 10.94 0.13
2458498.2012447 11.04 0.15
2458498.2014184 11.00 0.14
2458498.2015920 11.03 0.14
2458498.2017656 10.99 0.14
2458498.2019392 10.92 0.13
2458498.2021128 11.00 0.14
2458498.2022864 10.90 0.13
2458498.2026336 10.79 0.12
2458498.2028072 11.01 0.14
2458498.2029809 11.07 0.15
2458498.2031545 10.81 0.12
2458498.2033281 11.03 0.14
2458498.2035017 10.84 0.12
2458498.2036753 10.78 0.12
2458498.2038489 10.95 0.13
2458498.2040225 11.01 0.14
2458498.2041961 11.11 0.15
2458498.2043698 10.96 0.14
2458498.2045434 11.00 0.14
2458498.2047170 10.94 0.13
2458498.2048906 11.02 0.14
2458498.2050642 11.08 0.15
2458498.2052378 10.90 0.13
2458498.2054114 11.15 0.16
2458498.2055850 10.94 0.13
2458498.2057586 10.86 0.12
2458498.2061059 10.94 0.13
2458498.2062795 10.84 0.12
2458498.2066267 10.94 0.13
2458498.2068003 10.93 0.13
2458498.2071475 10.97 0.14
2458498.2073211 10.89 0.13
2458498.2074947 11.08 0.15
2458498.2078420 10.86 0.12
2458498.2080169 10.89 0.13
2458498.2081904 11.03 0.14
2458498.2083638 11.03 0.14
2458498.2085373 10.80 0.12
2458498.2087107 10.91 0.13
2458498.2088841 11.08 0.15
2458498.2090576 10.94 0.13
2458498.2092310 10.95 0.13
2458498.2094045 10.89 0.13
2458498.2095781 10.93 0.13
2458498.2097517 11.01 0.14
2458498.2099253 10.71 0.11
2458498.2104461 11.05 0.14
2458498.2106197 11.00 0.14
2458498.2111406 10.95 0.13
2458498.2114878 10.83 0.12
2458498.2116614 11.15 0.16
2458498.2120086 10.95 0.13
2458498.2123559 10.87 0.12
2458498.2125295 10.78 0.11
2458498.2128767 11.02 0.14
2458498.2130503 10.92 0.13
2458498.2132239 10.96 0.13
2458498.2135711 10.72 0.11
2458498.2137448 10.91 0.13
2458498.2140920 10.91 0.13
2458498.2142656 11.05 0.14
2458498.2144392 10.80 0.11
2458498.2146128 10.95 0.13
2458498.2147864 10.86 0.12
2458498.2149600 10.78 0.11
2458498.2151336 11.00 0.14
2458498.2153072 10.92 0.13
2458498.2154809 11.04 0.14
2458498.2156545 10.99 0.13
2458498.2160017 11.04 0.14
2458498.2161753 10.94 0.13
2458498.2163489 10.64 0.10
2458498.2165225 11.05 0.14
2458498.2166961 11.03 0.14
2458498.2168697 10.72 0.11
2458498.2170434 11.03 0.14
2458498.2172170 11.07 0.15
2458498.2173906 10.86 0.12
2458498.2175642 10.90 0.13
2458498.2177378 11.12 0.15
2458498.2179114 10.88 0.12
2458498.2186059 10.88 0.12
2458498.2187795 10.98 0.13
2458498.2191267 10.98 0.13
2458498.2193003 10.75 0.11
2458498.2194739 10.96 0.13
2458498.2196475 10.85 0.12
2458498.2198225 10.91 0.12
2458498.2199960 10.86 0.12
2458498.2203429 10.97 0.13
2458498.2205163 11.03 0.14
2458498.2206898 10.87 0.12
2458498.2208632 11.05 0.14
2458498.2210366 11.07 0.15
2458498.2212101 10.79 0.11
2458498.2213836 10.83 0.12
2458498.2217309 10.85 0.12
2458498.2219045 11.01 0.14
2458498.2222517 10.71 0.10
2458498.2224253 10.92 0.13
2458498.2225989 11.16 0.16
2458498.2227725 10.94 0.13
2458498.2229461 10.99 0.13
2458498.2231197 11.00 0.13
2458498.2232934 11.07 0.14
2458498.2234670 11.06 0.14
2458498.2236406 10.95 0.13
2458498.2238142 11.06 0.14
2458498.2239878 10.86 0.12
2458498.2241614 10.93 0.12
2458498.2243350 10.87 0.12
2458498.2245086 11.05 0.14
2458498.2248559 10.84 0.11
2458498.2250295 10.90 0.12
2458498.2252031 10.96 0.13
2458498.2253767 10.94 0.13
2458498.2257239 11.04 0.14
2458498.2260711 10.95 0.13
2458498.2262447 11.09 0.14
2458498.2264184 10.81 0.11
2458498.2265920 10.92 0.12
2458498.2269392 10.80 0.11
2458498.2271128 11.01 0.14
2458498.2272864 10.92 0.13
2458498.2274600 10.89 0.12
2458498.2276336 11.06 0.14
2458498.2278073 11.08 0.15
2458498.2279809 10.89 0.12
2458498.2281545 10.93 0.13
2458498.2283281 10.96 0.13
2458498.2285017 10.97 0.13
2458498.2286753 10.89 0.12
2458498.2288489 10.90 0.12
2458498.2290225 10.86 0.12
2458498.2291961 10.83 0.12
2458498.2293698 10.96 0.13
2458498.2295434 11.06 0.14
2458498.2297170 11.02 0.14
2458498.2298906 10.92 0.12
2458498.2300642 11.08 0.15
2458498.2302378 10.78 0.11
2458498.2304114 10.87 0.12
2458498.2305850 11.04 0.14
2458498.2307586 10.71 0.11
2458498.2309322 10.93 0.13
2458498.2311059 10.70 0.10
2458498.2312795 10.80 0.11
2458498.2314531 11.02 0.14
2458498.2316267 10.97 0.13
2458498.2319750 10.88 0.12
2458498.2323219 10.75 0.11
2458498.2324954 10.91 0.13
2458498.2328422 10.79 0.11
2458498.2330157 10.86 0.12
2458498.2331892 11.00 0.14
2458498.2333628 10.95 0.13
2458498.2335364 10.87 0.12
2458498.2337100 11.03 0.14
2458498.2338836 11.05 0.15
2458498.2340572 10.92 0.13
2458498.2342309 11.00 0.14
2458498.2344045 11.00 0.14
2458498.2345781 10.99 0.14
2458498.2349253 10.90 0.13
2458498.2350989 10.97 0.13
2458498.2352725 10.95 0.13
2458498.2354461 10.97 0.14
2458498.2357934 10.97 0.13
2458498.2359670 11.01 0.14
2458498.2363142 10.93 0.13
2458498.2364878 10.85 0.12
2458498.2366614 10.83 0.12
2458498.2368350 10.86 0.12
2458498.2370086 11.07 0.15
2458498.2371823 10.86 0.12
2458498.2375295 10.94 0.13
2458498.2378767 11.05 0.15
2458498.2380503 10.91 0.13
2458498.2382239 10.93 0.13
2458498.2383975 10.91 0.13
2458498.2385711 10.91 0.13
2458498.2387447 10.80 0.12
2458498.2389184 10.76 0.12
2458498.2390920 11.00 0.14
2458498.2392656 11.05 0.15
2458498.2396128 11.11 0.16
2458498.2397864 11.17 0.16
2458498.2399600 11.06 0.15
2458498.2404809 10.97 0.14
2458498.2406545 10.97 0.14
2458498.2410017 10.89 0.13
2458498.2413489 10.92 0.13
2458498.2415225 10.96 0.14
2458498.2416961 11.00 0.14
2458498.2418697 10.87 0.13
2458498.2420434 10.93 0.13
2458498.2422170 10.82 0.12
2458498.2423906 10.83 0.12
2458498.2425642 10.88 0.13
2458498.2427378 10.99 0.14
2458498.2430850 10.75 0.11
2458498.2434323 11.01 0.14
2458498.2436073 10.84 0.12
2458498.2437807 10.90 0.13
2458498.2443010 10.97 0.14
2458498.2444745 10.77 0.11
2458498.2446479 11.00 0.14
2458498.2448214 11.02 0.14
2458498.2451684 10.96 0.14
2458498.2453420 10.97 0.14
2458498.2455156 10.87 0.13
2458498.2456892 10.99 0.14
2458498.2458628 10.94 0.14
2458498.2460364 11.11 0.16
2458498.2463836 10.94 0.14
2458498.2469045 10.88 0.13
2458498.2472517 11.11 0.16
2458498.2474253 10.84 0.12
2458498.2475989 11.04 0.15
2458498.2477725 10.88 0.13
2458498.2479461 11.13 0.16
2458498.2482934 11.04 0.14
2458498.2484670 11.05 0.15
2458498.2486406 10.95 0.14
2458498.2488142 10.89 0.13
2458498.2489878 11.03 0.15
2458498.2491614 10.95 0.13
2458498.2493350 10.98 0.14
2458498.2495086 11.05 0.15
2458498.2496822 10.87 0.13
2458498.2498559 10.86 0.13
2458498.2500295 10.93 0.13
2458498.2502031 10.92 0.13
2458498.2505503 11.00 0.14
2458498.2507239 11.09 0.16
2458498.2508975 10.99 0.14
2458498.2510711 11.02 0.15
2458498.2514184 10.96 0.14
2458498.2515920 10.87 0.13
2458498.2519392 10.99 0.14
2458498.2522864 11.03 0.15
2458498.2528073 10.97 0.14
2458498.2529809 10.92 0.13
2458498.2533281 10.91 0.13
2458498.2536753 10.92 0.13
2458498.2541961 10.92 0.14
2458498.2545434 11.00 0.15
2458498.2547170 10.97 0.14
2458498.2555863 10.91 0.14
2458498.2559332 11.06 0.15
2458498.2561066 11.06 0.15
2458498.2562801 11.01 0.15
2458498.2564535 11.01 0.15
2458498.2568004 11.00 0.14
2458498.2571475 11.13 0.17
2458498.2573211 10.89 0.13
2458498.2576684 11.04 0.15
2458498.2580156 11.12 0.16
2458498.2585364 11.00 0.15
2458498.2588836 11.01 0.15
2458498.2592309 10.82 0.12
2458498.2594045 10.85 0.13
2458498.2595781 10.84 0.13
2458498.2600989 10.94 0.14
2458498.2602725 10.83 0.13
2458498.2604461 10.78 0.12
2458498.2606198 11.03 0.15
2458498.2609670 10.79 0.12
2458498.2611406 10.98 0.14
2458498.2614878 11.02 0.15
2458498.2616614 11.01 0.15
2458498.2618350 11.01 0.15
2458498.2620086 10.99 0.15
2458498.2625295 10.90 0.13
2458498.2627031 11.03 0.12
2458498.2628767 11.04 0.12
2458498.2630503 11.14 0.14
2458498.2632239 11.08 0.13
2458498.2633975 10.87 0.11
2458498.2635711 10.93 0.11
2458498.2637447 11.10 0.13
2458498.2639184 11.10 0.13
2458498.2640920 10.90 0.11
2458498.2642656 11.02 0.12
2458498.2644392 11.08 0.13
2458498.2646128 11.05 0.13
2458498.2647864 11.00 0.12
2458498.2649600 10.92 0.12
2458498.2651336 10.89 0.12
2458498.2653072 10.90 0.11
2458498.2654809 11.10 0.14
2458498.2656545 10.82 0.11
2458498.2658281 11.10 0.14
2458498.2660017 10.94 0.12
2458498.2661753 11.01 0.12
2458498.2663489 10.84 0.11
2458498.2665225 10.96 0.12
2458498.2666961 11.00 0.12
2458498.2668698 10.83 0.11
2458498.2670434 10.97 0.12
2458498.2672170 11.09 0.14
2458498.2673906 11.01 0.13
2458498.2675655 10.90 0.11
2458498.2677389 11.01 0.12
2458498.2679124 11.00 0.13
2458498.2680858 10.79 0.10
2458498.2682593 10.99 0.12
2458498.2684327 11.05 0.13
2458498.2687796 11.10 0.13
2458498.2689531 10.91 0.11
2458498.2691267 10.81 0.10
2458498.2693003 10.99 0.12
2458498.2694739 10.96 0.12
2458498.2696475 11.10 0.13
2458498.2698211 11.04 0.12
2458498.2699947 10.95 0.12
2458498.2701684 11.10 0.13
2458498.2705156 11.18 0.14
2458498.2706892 10.99 0.12
2458498.2708628 10.90 0.11
2458498.2710364 11.07 0.13
2458498.2712100 11.08 0.13
2458498.2713836 11.22 0.15
2458498.2715572 10.99 0.12
2458498.2717309 10.91 0.11
2458498.2719045 10.90 0.11
2458498.2722517 11.13 0.14
2458498.2724253 11.13 0.13
2458498.2725989 11.10 0.13
2458498.2727725 10.90 0.11
2458498.2729461 11.13 0.14
2458498.2731197 11.02 0.12
2458498.2732934 10.93 0.11
2458498.2734670 10.93 0.11
2458498.2736406 11.17 0.14
2458498.2738142 11.13 0.13
2458498.2739878 11.05 0.13
2458498.2741614 10.94 0.11
2458498.2743350 10.99 0.12
2458498.2745086 11.12 0.13
2458498.2746823 10.82 0.10
2458498.2748559 10.99 0.12
2458498.2750295 10.87 0.11
2458498.2752031 11.11 0.13
2458498.2753767 11.14 0.14
2458498.2755503 10.93 0.11
2458498.2757239 11.02 0.12
2458498.2760711 10.96 0.11
2458498.2762448 11.05 0.12
2458498.2764184 11.03 0.12
2458498.2765920 11.03 0.13
2458498.2767656 11.14 0.14
2458498.2769392 10.86 0.11
2458498.2771128 10.89 0.11
2458498.2772864 11.02 0.12
2458498.2774600 10.97 0.12
2458498.2776336 10.95 0.12
2458498.2778072 11.01 0.12
2458498.2779809 10.90 0.11
2458498.2781545 11.07 0.13
2458498.2783281 10.97 0.12
2458498.2785017 10.98 0.12
2458498.2786753 10.96 0.12
2458498.2788489 11.17 0.14
2458498.2790225 10.93 0.11
2458498.2791961 10.76 0.10
2458498.2793697 11.25 0.15
2458498.2795448 11.06 0.13
2458498.2797182 10.97 0.12
2458498.2798916 10.91 0.11
2458498.2800651 11.21 0.14
2458498.2802385 11.06 0.13
2458498.2804120 11.17 0.14
2458498.2805854 10.95 0.12
2458498.2807589 10.97 0.12
2458498.2809323 11.10 0.14
2458498.2811059 11.24 0.15
2458498.2814531 10.86 0.11
2458498.2816267 10.82 0.10
2458498.2818003 11.05 0.13
2458498.2819739 10.98 0.12
2458498.2821475 11.02 0.12
2458498.2823211 10.85 0.11
2458498.2824948 11.07 0.13
2458498.2826684 10.87 0.11
2458498.2828420 11.12 0.13
2458498.2830156 11.11 0.14
2458498.2831892 11.01 0.12
2458498.2833628 10.90 0.11
2458498.2835364 10.95 0.12
2458498.2837100 10.93 0.11
2458498.2838836 10.90 0.11
2458498.2840573 11.04 0.13
2458498.2842309 10.96 0.12
2458498.2844045 11.06 0.13
2458498.2845781 10.83 0.10
2458498.2847517 11.01 0.12
2458498.2849253 11.08 0.13
2458498.2852725 10.97 0.12
2458498.2854461 11.08 0.13
2458498.2856197 11.01 0.12
2458498.2857934 11.06 0.13
2458498.2859670 10.86 0.11
2458498.2861406 11.03 0.13
2458498.2863142 11.08 0.13
2458498.2864878 10.99 0.12
2458498.2866614 10.97 0.12
2458498.2868350 11.06 0.13
2458498.2870086 11.09 0.13
2458498.2871822 11.07 0.13
2458498.2873559 11.00 0.13
2458498.2875295 11.02 0.13
2458498.2877031 10.86 0.11
2458498.2878767 11.09 0.14
2458498.2880503 11.08 0.14
2458498.2882239 11.00 0.12
2458498.2883975 11.02 0.13
2458498.2885711 11.09 0.14
2458498.2889184 10.84 0.11
2458498.2890920 10.85 0.11
2458498.2892656 10.94 0.12
2458498.2894392 11.15 0.14
2458498.2896128 11.03 0.13
2458498.2897864 10.87 0.11
2458498.2899600 10.91 0.11
2458498.2901336 11.12 0.14
2458498.2903073 11.04 0.13
2458498.2904809 10.90 0.11
2458498.2906545 10.89 0.11
2458498.2908281 11.01 0.12
2458498.2910017 11.08 0.13
2458498.2911753 10.99 0.12
2458498.2913489 10.97 0.12
2458498.2915239 11.20 0.15
2458498.2916974 10.95 0.12
2458498.2918708 11.06 0.13
2458498.2920443 11.05 0.13
2458498.2922177 10.90 0.12
2458498.2923912 11.06 0.13
2458498.2925646 10.97 0.12
2458498.2927381 10.99 0.12
2458498.2932586 11.18 0.15
2458498.2934322 11.10 0.14
2458498.2936059 10.98 0.12
2458498.2937795 11.03 0.13
2458498.2939531 11.23 0.15
2458498.2941267 11.02 0.13
2458498.2943003 11.12 0.15
2458498.2944739 10.86 0.12
2458498.2948211 11.11 0.15
2458498.2949947 10.96 0.13
2458498.2951684 11.04 0.13
2458498.2955156 11.01 0.12
2458498.2956892 10.95 0.12
2458498.2958628 10.78 0.10
2458498.2960364 11.04 0.13
2458498.2962100 11.10 0.14
2458498.2963836 11.03 0.13
2458498.2965572 10.91 0.12
2458498.2967309 11.08 0.13
2458498.2969045 11.09 0.13
2458498.2970781 10.92 0.12
2458498.2972517 10.97 0.12
2458498.2974253 10.99 0.12
2458498.2975989 11.03 0.13
2458498.2977725 11.07 0.13
2458498.2979461 11.08 0.13
2458498.2981198 11.11 0.14
2458498.2982934 10.92 0.12
2458498.2984670 11.23 0.15
2458498.2986406 11.00 0.13
2458498.2988142 11.05 0.13
2458498.2989878 11.09 0.14
2458498.2991614 10.93 0.12
2458498.2995086 10.79 0.10
2458498.2996823 10.80 0.10
2458498.2998559 11.23 0.15
2458498.3000295 10.94 0.12
2458498.3002031 11.12 0.14
2458498.3003767 10.84 0.11
2458498.3005503 11.06 0.13
2458498.3007239 10.94 0.12
2458498.3008975 10.91 0.12
2458498.3010711 10.86 0.11
2458498.3014184 11.16 0.15
2458498.3015920 11.07 0.13
2458498.3017656 11.12 0.14
2458498.3019392 11.16 0.14
2458498.3021128 11.06 0.13
2458498.3022864 11.08 0.13
2458498.3024600 10.81 0.10
2458498.3026336 11.15 0.14
2458498.3028072 11.13 0.14
2458498.3029809 11.06 0.13
2458498.3031545 11.03 0.13
2458498.3033281 11.08 0.13
2458498.3035017 11.04 0.13
2458498.3036766 11.00 0.12
2458498.3038500 11.19 0.14
2458498.3040235 10.96 0.12
2458498.3041969 10.95 0.12
2458498.3045438 11.02 0.12
2458498.3047172 10.87 0.11
2458498.3048907 11.05 0.13
2458498.3050642 10.92 0.12
2458498.3052378 10.87 0.11
2458498.3054114 11.08 0.13
2458498.3055850 11.02 0.13
2458498.3057586 11.03 0.13
2458498.3059323 11.15 0.14
2458498.3061059 11.18 0.15
2458498.3062795 10.88 0.11
2458498.3064531 10.89 0.11
2458498.3066267 10.97 0.12
2458498.3069739 11.03 0.13
2458498.3071475 10.97 0.12
2458498.3073211 11.01 0.13
2458498.3074948 10.97 0.12
2458498.3076684 11.14 0.14
2458498.3078420 11.05 0.13
2458498.3080156 10.96 0.12
2458498.3081892 11.13 0.14
2458498.3083628 11.08 0.13
2458498.3085364 11.00 0.12
2458498.3087100 11.01 0.13
2458498.3088836 11.11 0.14
2458498.3090572 10.86 0.11
2458498.3092309 10.95 0.12
2458498.3094045 10.89 0.11
2458498.3095781 11.10 0.14
2458498.3097517 11.01 0.13
2458498.3099253 11.13 0.14
2458498.3100989 11.01 0.13
2458498.3102725 11.09 0.14
2458498.3104461 11.09 0.14
2458498.3106197 11.01 0.13
2458498.3109670 10.88 0.11
2458498.3111406 10.82 0.11
2458498.3116614 11.01 0.13
2458498.3118350 11.00 0.13
2458498.3120086 10.97 0.12
2458498.3121822 11.02 0.13
2458498.3123559 10.85 0.11
2458498.3125295 10.92 0.12
2458498.3127031 10.90 0.12
2458498.3128767 10.90 0.12
2458498.3130503 11.06 0.13
2458498.3132239 10.91 0.12
2458498.3133975 10.97 0.13
2458498.3135711 10.94 0.12
2458498.3137448 11.05 0.13
2458498.3139184 10.97 0.12
2458498.3140920 11.15 0.15
2458498.3142656 10.91 0.12
2458498.3144392 11.03 0.13
2458498.3146128 10.94 0.12
2458498.3149600 11.08 0.14
2458498.3153073 10.97 0.12
2458498.3154809 11.07 0.14
2458498.3158292 10.97 0.13
2458498.3160027 10.95 0.12
2458498.3161761 10.98 0.12
2458498.3163496 11.15 0.15
2458498.3165230 11.02 0.13
2458498.3166965 11.04 0.14
2458498.3168699 10.93 0.12
2458498.3170434 10.88 0.11
2458498.3172170 11.00 0.13
2458498.3173906 11.02 0.13
2458498.3175642 10.91 0.12
2458498.3177378 11.04 0.13
2458498.3179114 10.86 0.11
2458498.3180850 11.12 0.14
2458500.2342077 10.71 0.13
2458500.2345549 10.91 0.16
2458500.2359438 10.56 0.11
2458500.2364647 10.86 0.15
2458500.2368119 10.78 0.14
2458500.2369855 10.79 0.14
2458500.2375063 10.84 0.15
2458500.2376799 10.76 0.14
2458500.2382008 10.92 0.16
2458500.2390688 10.73 0.13
2458500.2392424 10.80 0.14
2458500.2395897 10.90 0.15
2458500.2401105 10.80 0.14
2458500.2404577 10.94 0.16
2458500.2413258 10.78 0.14
2458500.2423674 10.71 0.13
2458500.2428883 10.95 0.16
2458500.2430619 10.95 0.15
2458500.2434091 10.83 0.14
2458500.2435827 10.83 0.14
2458500.2437563 10.84 0.14
2458500.2441035 10.79 0.13
2458500.2444520 10.71 0.13
2458500.2446255 10.95 0.15
2458500.2447989 11.00 0.16
2458500.2451458 10.93 0.15
2458500.2453193 10.93 0.15
2458500.2456661 10.98 0.15
2458500.2460133 10.84 0.14
2458500.2470549 10.95 0.15
2458500.2472286 10.93 0.15
2458500.2474022 10.82 0.14
2458500.2479230 10.86 0.14
2458500.2484438 11.03 0.16
2458500.2491383 10.82 0.14
2458500.2493119 10.88 0.14
2458500.2494855 10.94 0.15
2458500.2496591 10.84 0.13
2458500.2498327 11.07 0.17
2458500.2500063 10.85 0.14
2458500.2501799 10.80 0.13
2458500.2505272 10.83 0.13
2458500.2513952 10.87 0.14
2458500.2515688 10.96 0.15
2458500.2517424 10.80 0.13
2458500.2519160 10.94 0.15
2458500.2520897 10.87 0.14
2458500.2526105 10.96 0.15
2458500.2527841 11.00 0.16
2458500.2536522 10.85 0.14
2458500.2538258 10.75 0.12
2458500.2539994 10.87 0.14
2458500.2541730 10.85 0.14
2458500.2543466 10.84 0.14
2458500.2545202 10.79 0.13
2458500.2546938 10.98 0.15
2458500.2548674 10.88 0.14
2458500.2550411 10.98 0.15
2458500.2557355 10.93 0.15
2458500.2560827 10.78 0.13
2458500.2564312 10.87 0.14
2458500.2567781 10.92 0.15
2458500.2569515 10.85 0.14
2458500.2572984 10.84 0.13
2458500.2574719 10.94 0.15
2458500.2588605 10.90 0.14
2458500.2597285 10.92 0.14
2458500.2599022 10.82 0.13
2458500.2600758 10.83 0.13
2458500.2602494 10.93 0.14
2458500.2604230 10.82 0.13
2458500.2607702 11.05 0.16
2458500.2609438 10.81 0.13
2458500.2611174 10.83 0.13
2458500.2612911 10.79 0.12
2458500.2614647 10.99 0.15
2458500.2616383 10.81 0.13
2458500.2618119 10.82 0.13
2458500.2619855 11.00 0.15
2458500.2621591 10.99 0.15
2458500.2628535 10.97 0.15
2458500.2635480 10.88 0.14
2458500.2638952 10.85 0.13
2458500.2644160 10.78 0.12
2458500.2645897 10.80 0.13
2458500.2647633 10.63 0.11
2458500.2656313 10.93 0.14
2458500.2658049 11.01 0.15
2458500.2659785 10.93 0.14
2458500.2663258 10.96 0.14
2458500.2664994 11.07 0.16
2458500.2666730 11.06 0.16
2458500.2668466 10.79 0.12
2458500.2670202 11.04 0.15
2458500.2671938 11.02 0.15
2458500.2675410 11.03 0.15
2458500.2677147 10.87 0.13
2458500.2678883 10.97 0.14
2458500.2680619 10.92 0.14
2458500.2682355 10.94 0.14
2458500.2685839 11.08 0.16
2458500.2687573 10.95 0.14
2458500.2689307 11.02 0.15
2458500.2691042 11.00 0.15
2458500.2694511 10.87 0.13
2458500.2704924 10.96 0.14
2458500.2708397 11.00 0.15
2458500.2713605 11.05 0.16
2458500.2715341 10.87 0.13
2458500.2717077 10.92 0.14
2458500.2718813 10.93 0.14
2458500.2720549 10.95 0.14
2458500.2722285 11.01 0.15
2458500.2724022 10.96 0.14
2458500.2727494 11.13 0.17
2458500.2734438 10.91 0.14
2458500.2737910 10.98 0.15
2458500.2739647 10.71 0.11
2458500.2746591 10.95 0.14
2458500.2748327 10.93 0.14
2458500.2751799 10.81 0.13
2458500.2757008 10.93 0.14
2458500.2758744 10.94 0.14
2458500.2760480 10.93 0.14
2458500.2762216 10.86 0.13
2458500.2763952 10.90 0.13
2458500.2769161 10.88 0.13
2458500.2772633 11.04 0.15
2458500.2774369 10.73 0.12
2458500.2779577 11.09 0.16
2458500.2781313 10.97 0.15
2458500.2783049 11.02 0.15
2458500.2784786 11.02 0.15
2458500.2786522 11.00 0.15
2458500.2788258 11.02 0.15
2458500.2791730 10.94 0.14
2458500.2793466 10.83 0.13
2458500.2795202 10.93 0.14
2458500.2796938 10.98 0.14
2458500.2798674 11.06 0.16
2458500.2800410 10.91 0.14
2458500.2802147 11.02 0.15
2458500.2803896 11.05 0.15
2458500.2809100 11.05 0.15
2458500.2814303 11.04 0.15
2458500.2816037 10.93 0.14
2458500.2817772 11.04 0.15
2458500.2819508 11.02 0.15
2458500.2821244 10.88 0.13
2458500.2822980 11.02 0.15
2458500.2826452 11.04 0.15
2458500.2828188 11.09 0.16
2458500.2831660 10.98 0.14
2458500.2835133 10.94 0.14
2458500.2836869 11.07 0.16
2458500.2838605 11.05 0.15
2458500.2840341 10.85 0.13
2458500.2842077 11.04 0.15
2458500.2845549 10.81 0.12
2458500.2847286 10.83 0.12
2458500.2849022 11.00 0.15
2458500.2850758 10.80 0.12
2458500.2852494 10.81 0.12
2458500.2854230 10.98 0.14
2458500.2855966 10.89 0.13
2458500.2857702 10.96 0.14
2458500.2859438 11.15 0.17
2458500.2864647 10.82 0.13
2458500.2869855 10.90 0.14
2458500.2876799 10.94 0.14
2458500.2878535 10.90 0.14
2458500.2882008 10.93 0.14
2458500.2883744 10.89 0.13
2458500.2888952 10.90 0.13
2458500.2892424 10.88 0.13
2458500.2897633 10.83 0.12
2458500.2899369 10.89 0.13
2458500.2908049 10.95 0.14
2458500.2909785 10.93 0.13
2458500.2911522 10.90 0.13
2458500.2914994 10.94 0.13
2458500.2923688 10.91 0.13
2458500.2925423 10.86 0.12
2458500.2927157 11.01 0.14
2458500.2928892 10.96 0.14
2458500.2930626 11.00 0.14
2458500.2932360 10.93 0.13