2458467.3670250 10.48 0.09
2458467.3684139 10.56 0.10
2458467.3689347 10.50 0.09
2458467.3691084 10.60 0.10
2458467.3696292 10.53 0.09
2458467.3698028 10.38 0.08
2458467.3699764 10.58 0.10
2458467.3708445 10.50 0.09
2458467.3710181 10.56 0.10
2458467.3713653 10.47 0.09
2458467.3717125 10.65 0.11
2458467.3724070 10.48 0.09
2458467.3727542 10.39 0.09
2458467.3731014 10.49 0.09
2458467.3734486 10.53 0.10
2458467.3736223 10.31 0.08
2458467.3743167 10.44 0.09
2458467.3744903 10.58 0.10
2458467.3746639 10.34 0.08
2458467.3751848 10.59 0.10
2458467.3753584 10.44 0.09
2458467.3757067 10.47 0.09
2458467.3760536 10.51 0.09
2458467.3765739 10.42 0.09
2458467.3772681 10.43 0.09
2458467.3788306 10.54 0.10
2458467.3812611 10.50 0.09
2458467.3828236 10.51 0.10
2458467.3840389 10.52 0.10
2458467.3842125 10.46 0.09
2458467.3845597 10.51 0.10
2458467.3854278 10.55 0.10
2458467.3868167 10.45 0.09
2458467.3876858 10.57 0.10
2458467.3878592 10.45 0.09
2458467.3882061 10.53 0.10
2458467.3890736 10.49 0.09
2458467.3894209 10.57 0.10
2458467.3895945 10.56 0.10
2458467.3899417 10.40 0.09
2458467.3901153 10.47 0.09
2458467.3902889 10.51 0.10
2458467.3906361 10.41 0.09
2458467.3908098 10.38 0.08
2458467.3911570 10.48 0.09
2458467.3913306 10.51 0.10
2458467.3915042 10.42 0.09
2458467.3918514 10.40 0.09
2458467.3920250 10.44 0.09
2458467.3928931 10.43 0.09
2458467.3930667 10.20 0.07
2458467.3939347 10.40 0.09
2458467.3941084 10.50 0.10
2458467.3942820 10.47 0.09
2458467.3944556 10.56 0.10
2458467.3948028 10.50 0.09
2458467.3949764 10.59 0.10
2458467.3953236 10.54 0.10
2458467.3956709 10.46 0.09
2458467.3958445 10.49 0.09
2458467.3961917 10.42 0.09
2458467.3974070 10.45 0.09
2458467.3981014 10.67 0.11
2458467.3982750 10.48 0.09
2458467.3984486 10.43 0.09
2458467.3989695 10.49 0.09
2458467.3993180 10.56 0.10
2458467.3994914 10.36 0.09
2458467.4015736 10.61 0.11
2458467.4022681 10.58 0.10
2458467.4031361 10.52 0.10
2458467.4041778 10.47 0.09
2458467.4055667 10.52 0.10
2458467.4066084 10.64 0.11
2458467.4067820 10.58 0.10
2458467.4071292 10.55 0.10
2458467.4076500 10.46 0.09
2458467.4088653 10.63 0.11
2458467.4095597 10.42 0.09
2458467.4102542 10.57 0.10
2458467.4109486 10.67 0.11
2458467.4111236 10.50 0.10
2458467.4114705 10.35 0.09
2458467.4119908 10.50 0.10
2458467.4130320 10.54 0.10
2458467.4140736 10.40 0.09
2458467.4145945 10.66 0.11
2458467.4147681 10.52 0.10
2458467.4149417 10.51 0.10
2458467.4154625 10.51 0.10
2458467.4156361 10.55 0.10
2458467.4158097 10.45 0.09
2458467.4161570 10.54 0.10
2458467.4175459 10.27 0.08
2458467.4184139 10.53 0.10
2458467.4185875 10.54 0.10
2458467.4199764 10.42 0.09
2458467.4201500 10.35 0.09
2458467.4203236 10.59 0.11
2458467.4204973 10.45 0.10
2458467.4206709 10.64 0.12
2458469.3667865 10.48 0.07
2458469.3677079 10.43 0.06
2458469.3682287 10.47 0.07
2458469.3689232 10.41 0.06
2458469.3701384 10.43 0.06
2458469.3713537 10.52 0.07
2458469.3722218 10.39 0.06
2458469.3723954 10.54 0.07
2458469.3727426 10.44 0.06
2458469.3730898 10.52 0.07
2458469.3732635 10.41 0.06
2458469.3734371 10.45 0.07
2458469.3736107 10.54 0.07
2458469.3744787 10.52 0.07
2458469.3748260 10.34 0.06
2458469.3751732 10.48 0.07
2458469.3753468 10.50 0.07
2458469.3755204 10.51 0.07
2458469.3756940 10.47 0.07
2458469.3758676 10.44 0.07
2458469.3760425 10.47 0.07
2458469.3767363 10.43 0.06
2458469.3770832 10.46 0.07
2458469.3772566 10.44 0.06
2458469.3774301 10.57 0.07
2458469.3776037 10.30 0.06
2458469.3777773 10.44 0.06
2458469.3779510 10.56 0.07
2458469.3781246 10.61 0.08
2458469.3784718 10.47 0.07
2458493.2523211 10.45 0.08
2458493.2524947 10.48 0.08
2458493.2526684 10.51 0.09
2458493.2530156 10.46 0.08
2458493.2531892 10.53 0.09
2458493.2533628 10.56 0.09
2458493.2535364 10.50 0.09
2458493.2537100 10.51 0.09
2458493.2540586 10.63 0.09
2458493.2542320 10.47 0.08
2458493.2544055 10.36 0.07
2458493.2547524 10.44 0.08
2458493.2549258 10.52 0.09
2458493.2554461 10.53 0.09
2458493.2557934 10.45 0.08
2458493.2561406 10.51 0.09
2458493.2568350 10.51 0.08
2458493.2570086 10.67 0.10
2458493.2577031 10.59 0.09
2458493.2582239 10.59 0.09
2458493.2583975 10.59 0.09
2458493.2585711 10.53 0.09
2458493.2587447 10.57 0.09
2458493.2589184 10.53 0.09
2458493.2590920 10.58 0.09
2458493.2594392 10.45 0.08
2458493.2596128 10.51 0.09
2458493.2599600 10.49 0.08
2458493.2601336 10.45 0.08
2458493.2606545 10.61 0.09
2458493.2610017 10.49 0.08
2458493.2611753 10.52 0.09
2458493.2613489 10.63 0.09
2458493.2615225 10.47 0.08
2458493.2618697 10.60 0.09
2458493.2620434 10.48 0.08
2458493.2648211 10.49 0.08
2458493.2651684 10.39 0.08
2458493.2656892 10.48 0.08
2458493.2660378 10.46 0.08
2458493.2663847 10.42 0.08
2458493.2665581 10.49 0.08
2458493.2669050 10.50 0.08
2458493.2674253 10.39 0.08
2458493.2675989 10.51 0.08
2458493.2677725 10.45 0.08
2458493.2679461 10.71 0.10
2458493.2681197 10.41 0.08
2458493.2682934 10.55 0.09
2458493.2684670 10.51 0.08
2458493.2686406 10.56 0.09
2458493.2688142 10.50 0.08
2458493.2689878 10.47 0.08
2458493.2691614 10.52 0.08
2458493.2695086 10.41 0.08
2458493.2700295 10.50 0.08
2458493.2703767 10.36 0.07
2458493.2705503 10.53 0.09
2458493.2710711 10.45 0.08
2458493.2712448 10.42 0.08
2458493.2714184 10.53 0.09
2458493.2715920 10.43 0.08
2458493.2721128 10.48 0.08
2458493.2722864 10.42 0.08
2458493.2724600 10.41 0.08
2458493.2728073 10.58 0.09
2458493.2729809 10.51 0.08
2458493.2733281 10.67 0.10
2458493.2736753 10.66 0.10
2458493.2738489 10.46 0.08
2458493.2748906 10.56 0.09
2458493.2750642 10.54 0.09
2458493.2752378 10.52 0.09
2458493.2757586 10.43 0.08
2458493.2764531 10.59 0.09
2458493.2769739 10.40 0.08
2458493.2780169 10.51 0.09
2458493.2781904 10.62 0.09
2458493.2785373 10.46 0.08
2458493.2800989 10.37 0.07
2458493.2813142 10.63 0.09
2458493.2818350 10.62 0.09
2458493.2820086 10.42 0.08
2458493.2821822 10.52 0.09
2458493.2823559 10.50 0.08
2458493.2825295 10.49 0.08
2458493.2827031 10.48 0.08
2458493.2828767 10.68 0.10
2458493.2832239 10.49 0.08
2458493.2835711 10.46 0.08
2458493.2839184 10.42 0.08
2458493.2851336 10.50 0.08
2458493.2854809 10.52 0.09
2458493.2858281 10.47 0.08
2458493.2860017 10.47 0.08
2458493.2861753 10.38 0.08
2458493.2866961 10.42 0.08
2458493.2870434 10.50 0.08
2458493.2884323 10.55 0.09
2458493.2886059 10.57 0.09
2458493.2887795 10.35 0.07
2458493.2893003 10.52 0.09
2458493.2903429 10.56 0.09
2458493.2917309 10.56 0.09
2458493.2925989 10.49 0.08
2458493.2927725 10.46 0.08
2458493.2931197 10.63 0.09
2458493.2932934 10.50 0.08
2458493.2934670 10.70 0.10
2458493.2936406 10.42 0.08
2458493.2938142 10.57 0.09
2458493.2939878 10.34 0.07
2458493.2972864 10.49 0.08
2458493.2985017 10.56 0.09
2458493.2986753 10.44 0.08
2458493.2988489 10.46 0.08
2458493.2990225 10.46 0.08
2458493.2991961 10.50 0.09
2458493.2997170 10.52 0.09
2458493.3002378 10.50 0.09
2458493.3023327 10.39 0.08
2458493.3037216 10.43 0.08
2458493.3038952 10.42 0.08
2458493.3045897 10.47 0.08
2458493.3047633 10.49 0.08
2458493.3049369 10.46 0.08
2458493.3054577 10.43 0.08
2458493.3056313 10.50 0.08
2458493.3058049 10.54 0.09
2458493.3059785 10.47 0.08
2458493.3063258 10.37 0.08
2458493.3066730 10.52 0.08
2458493.3071938 10.38 0.07
2458493.3075410 10.46 0.08
2458493.3077147 10.38 0.08
2458493.3078883 10.43 0.08
2458493.3080619 10.40 0.08
2458493.3082355 10.45 0.08
2458493.3089299 10.45 0.08
2458493.3099716 10.54 0.09
2458493.3101452 10.44 0.08
2458493.3115341 10.52 0.09
2458493.3117077 10.50 0.08
2458493.3120549 10.45 0.08
2458493.3124033 10.31 0.07
2458493.3125767 10.33 0.07
2458493.3127502 10.35 0.07
2458493.3130971 10.38 0.07
2458493.3137910 10.46 0.08
2458493.3141383 10.47 0.08
2458493.3143119 10.46 0.08
2458493.3144855 10.54 0.08
2458493.3151799 10.47 0.08
2458493.3153535 10.42 0.08
2458493.3155272 10.47 0.08
2458493.3158744 10.38 0.07
2458493.3160480 10.53 0.08
2458493.3163952 10.45 0.08
2458493.3169161 10.59 0.09
2458493.3172633 10.56 0.09
2458493.3181313 10.64 0.09
2458493.3184786 10.41 0.08
2458493.3188258 10.65 0.09
2458493.3189994 10.43 0.08
2458493.3205619 10.51 0.08
2458493.3214299 10.60 0.09
2458493.3216035 10.47 0.08
2458493.3219508 10.54 0.09
2458493.3221244 10.46 0.08
2458493.3226452 10.61 0.09
2458493.3228188 10.44 0.08
2458493.3231662 10.48 0.08
2458493.3233397 10.56 0.09
2458493.3240341 10.50 0.08
2458493.3243824 10.42 0.08
2458493.3249028 10.59 0.09
2458493.3264647 10.54 0.08
2458493.3280272 10.60 0.09
2458493.3282008 10.45 0.08
2458493.3283744 10.45 0.08
2458493.3287216 10.53 0.08
2458493.3288952 10.51 0.08
2458493.3290688 10.37 0.07
2458493.3292430 10.47 0.08
2458493.3294160 10.53 0.08
2458493.3295897 10.52 0.08
2458493.3297633 10.44 0.08
2458493.3302841 10.56 0.08
2458493.3304577 10.47 0.08
2458493.3306313 10.42 0.08
2458493.3321938 10.40 0.07
2458493.3325411 10.52 0.08
2458493.3328883 10.50 0.08
2458493.3335827 10.58 0.09
2458493.3341036 10.63 0.09
2458493.3346244 10.49 0.08
2458493.3354924 10.58 0.09
2458493.3360133 10.53 0.08
2458493.3361882 10.60 0.09
2458493.3391383 10.51 0.08
2458493.3393119 10.54 0.09
2458493.3394855 10.51 0.08
2458493.3410480 10.54 0.09
2458493.3448674 10.46 0.08
2458493.3462563 10.52 0.08
2458493.3466035 10.51 0.08
2458493.3467772 10.61 0.09
2458493.3469508 10.57 0.09
2458493.3471244 10.55 0.09
2458493.3490345 10.56 0.09
2458493.3509438 10.50 0.08
2458493.3511174 10.50 0.08
2458493.3512911 10.64 0.09
2458493.3514647 10.42 0.08
2458493.3519855 10.69 0.10
2458493.3521591 10.52 0.08
2458493.3523327 10.53 0.08
2458493.3525063 10.56 0.09
2458493.3526799 10.56 0.09
2458493.3528535 10.35 0.07
2458493.3532008 10.52 0.08
2458493.3533744 10.55 0.09
2458493.3535480 10.42 0.08
2458493.3537216 10.53 0.08
2458493.3540688 10.61 0.09
2458493.3542424 10.53 0.08
2458493.3547633 10.61 0.09
2458493.3549369 10.48 0.08
2458493.3551105 10.58 0.09
2458493.3552841 10.60 0.09
2458493.3554577 10.50 0.08
2458493.3556313 10.59 0.09
2458493.3563258 10.66 0.10
2458493.3564994 10.32 0.07
2458493.3566730 10.53 0.08
2458493.3571938 10.56 0.09
2458493.3573674 10.42 0.08
2458493.3575411 10.64 0.09
2458493.3577147 10.65 0.10
2458493.3578883 10.58 0.09
2458493.3584091 10.60 0.09
2458493.3585827 10.56 0.09
2458493.3591036 10.57 0.09
2458493.3597980 10.60 0.09
2458493.3599716 10.48 0.08
2458493.3601465 10.46 0.08
2458493.3603199 10.43 0.08
2458493.3604934 10.59 0.09
2458493.3610137 10.47 0.08
2458493.3613606 10.43 0.08
2458493.3615341 10.56 0.09
2458493.3617077 10.54 0.09
2458493.3629230 10.60 0.09
2458493.3632702 10.50 0.08
2458493.3634438 10.54 0.09
2458493.3641383 10.35 0.07
2458493.3644855 10.73 0.10
2458493.3648327 10.60 0.09
2458493.3651799 10.59 0.09
2458493.3655272 10.57 0.09
2458493.3657008 10.69 0.10
2458493.3663952 10.59 0.09
2458493.3665688 10.44 0.08
2458493.3679577 10.47 0.08
2458493.3681313 10.51 0.08
2458493.3683049 10.58 0.09
2458493.3684785 10.41 0.08
2458493.3686522 10.53 0.08
2458493.3688258 10.43 0.08
2458493.3689994 10.55 0.09
2458493.3695202 10.57 0.09
2458493.3696938 10.50 0.08
2458493.3703883 10.59 0.09
2458493.3705619 10.47 0.08
2458493.3707355 10.55 0.09
2458493.3709091 10.42 0.08
2458493.3710827 10.60 0.09
2458493.3724725 10.67 0.10
2458493.3726460 10.55 0.09
2458493.3752494 10.52 0.09
2458493.3785480 10.57 0.09
2458493.3787216 10.49 0.08
2458493.3792424 10.45 0.08
2458493.3794161 10.48 0.08
2458493.3797633 10.48 0.08
2458493.3799369 10.50 0.08
2458493.3804577 10.49 0.08
2458493.3806313 10.45 0.08
2458493.3808049 10.54 0.09
2458493.3811522 10.49 0.08
2458493.3818466 10.54 0.09
2458493.3823674 10.61 0.09
2458493.3825411 10.57 0.09
2458493.3828883 10.49 0.09
2458493.3830619 10.55 0.09
2458493.3835827 10.54 0.09
2458493.3841048 10.43 0.08
2458493.3842782 10.55 0.09
2458493.3847985 10.58 0.09
2458493.3849720 10.64 0.10
2458493.3853189 10.64 0.10
2458493.3854924 10.62 0.10
2458493.3856660 10.62 0.10
2458493.3858397 10.44 0.08
2458493.3860133 10.61 0.10
2458493.3863605 10.52 0.09
2458493.3867077 10.44 0.08
2458493.3868813 10.48 0.08
2458493.3870549 10.48 0.08
2458493.3874022 10.47 0.08
2458493.3877494 10.44 0.08
2458493.3879230 10.47 0.08
2458493.3880966 10.52 0.09
2458493.3884438 10.48 0.08
2458493.3886174 10.59 0.09
2458493.3887911 10.55 0.09
2458493.3889647 10.40 0.08
2458493.3891383 10.58 0.09
2458493.3893119 10.40 0.08
2458493.3894855 10.34 0.07
2458493.3896591 10.51 0.09
2458493.3898327 10.51 0.09
2458493.3900063 10.48 0.08
2458493.3901799 10.42 0.08
2458493.3903536 10.39 0.08
2458493.3905272 10.37 0.08
2458493.3907008 10.40 0.08
2458493.3908744 10.53 0.09
2458493.3910480 10.45 0.08
2458493.3912216 10.50 0.09
2458493.3913952 10.43 0.08
2458493.3915688 10.44 0.08
2458493.3917424 10.50 0.09
2458493.3924369 10.59 0.09
2458493.3927841 10.42 0.08
2458493.3936522 10.39 0.08
2458493.3945202 10.50 0.09
2458493.3946938 10.49 0.09
2458493.3948674 10.59 0.09
2458493.3952147 10.43 0.08
2458493.3955619 10.52 0.09
2458493.3957355 10.58 0.09
2458493.3960839 10.44 0.08
2458493.3962574 10.43 0.08
2458493.3964308 10.55 0.09
2458493.3966043 10.53 0.09
2458493.3967777 10.48 0.09
2458493.3971246 10.49 0.09
2458493.3972980 10.56 0.09
2458493.3981661 10.47 0.09
2458493.3985133 10.51 0.09
2458493.3995549 10.53 0.09
2458493.4016383 10.57 0.09
2458493.4018119 10.47 0.09
2458493.4019855 10.46 0.08
2458493.4023327 10.50 0.09
2458493.4025063 10.40 0.08
2458493.4026799 10.52 0.09
2458493.4028536 10.56 0.09
2458493.4030272 10.50 0.09
2458493.4032008 10.60 0.10
2458493.4037216 10.36 0.08
2458493.4038952 10.53 0.09
2458493.4044161 10.49 0.09
2458493.4045897 10.46 0.09
2458493.4049369 10.54 0.09
2458493.4052841 10.60 0.10
2458493.4054577 10.53 0.09
2458493.4058049 10.54 0.09
2458493.4063258 10.61 0.10
2458493.4077147 10.44 0.09
2458493.4078896 10.39 0.08
2458493.4080630 10.41 0.08
2458493.4082365 10.37 0.08
2458493.4084099 10.48 0.09
2458493.4087568 10.48 0.09
2458493.4091037 10.35 0.08
2458493.4094508 10.43 0.08
2458493.4096244 10.58 0.10
2458493.4099716 10.38 0.08
2458493.4103188 10.45 0.09
2458493.4106661 10.31 0.08
2458493.4110133 10.60 0.10
2458493.4111869 10.40 0.08
2458493.4115341 10.59 0.10
2458493.4120549 10.63 0.10
2458493.4122286 10.60 0.10
2458493.4125758 10.50 0.09
2458493.4132702 10.51 0.09
2458493.4146591 10.46 0.09
2458493.4153535 10.50 0.09
2458493.4157008 10.54 0.10
2458493.4158744 10.58 0.10
2458494.3458628 10.39 0.12
2458494.3462100 10.49 0.12
2458494.3463836 10.30 0.10
2458494.3470781 10.48 0.12
2458494.3500295 10.33 0.10
2458494.3503767 10.39 0.11
2458494.3514184 10.40 0.11
2458494.3515920 10.58 0.13
2458494.3521128 10.54 0.13
2458494.3526336 10.44 0.11
2458494.3531545 10.52 0.12
2458494.3547172 10.61 0.14
2458494.3562795 10.54 0.16
2458494.3568003 10.53 0.15
2458494.3580156 10.33 0.14
2458494.3632239 10.24 0.16
2458495.1344161 10.40 0.13
2458495.1358052 10.32 0.12
2458495.1370202 10.45 0.13
2458495.1385827 10.41 0.13
2458495.1387563 10.50 0.14
2458495.1394508 10.61 0.15
2458495.1399716 10.56 0.15
2458495.1401452 10.43 0.13
2458495.1404924 10.50 0.14
2458495.1413605 10.22 0.11
2458495.1420549 10.45 0.13
2458495.1424022 10.45 0.13
2458495.1425758 10.43 0.13
2458495.1448327 10.35 0.12
2458495.1465688 10.47 0.13
2458495.1477844 10.34 0.12
2458495.1493466 10.31 0.11
2458495.1514299 10.41 0.12
2458495.1524716 10.58 0.15
2458495.1526452 10.51 0.13
2458495.1543813 10.40 0.13
2458495.1545549 10.64 0.15
2458495.1580272 10.49 0.13
2458495.1601105 10.50 0.13
2458495.1611522 10.56 0.14
2458495.1641036 10.41 0.12
2458495.1647980 10.27 0.11
2458495.1651452 10.61 0.14
2458495.1653188 10.42 0.12
2458495.1667077 10.60 0.14
2458495.1670549 10.55 0.14
2458495.1672285 10.39 0.12
2458495.1680966 10.50 0.13
2458495.1698327 10.42 0.12
2458495.1700063 10.54 0.14
2458495.1703535 10.53 0.13
2458495.1707022 10.69 0.15
2458495.1712225 10.43 0.12
2458495.1713960 10.46 0.12
2458495.1715694 10.40 0.12
2458495.1717428 10.35 0.11
2458495.1722633 10.42 0.12
2458495.1724369 10.53 0.13
2458495.1734786 10.35 0.11
2458495.1759091 10.39 0.12
2458495.1771244 10.69 0.15
2458495.1772980 10.50 0.13
2458495.1781660 10.37 0.11
2458495.1783397 10.46 0.12
2458495.1788605 10.49 0.12
2458495.1795549 10.36 0.11
2458495.1799022 10.57 0.13
2458495.1804230 10.46 0.12
2458495.1814647 10.36 0.11
2458495.1816383 10.47 0.12
2458495.1819855 10.41 0.12
2458495.1823327 10.45 0.12
2458495.1830283 10.59 0.14
2458495.1837221 10.23 0.10
2458495.1838955 10.47 0.12
2458495.1840689 10.37 0.11
2458495.1859785 10.52 0.13
2458495.1864994 10.31 0.10
2458495.1870202 10.45 0.12
2458495.1880619 10.43 0.11
2458495.1887563 10.53 0.13
2458495.1889299 10.39 0.11
2458495.1894508 10.43 0.11
2458495.1904924 10.40 0.11
2458495.1910133 10.54 0.13
2458495.1911869 10.58 0.13
2458495.1913605 10.61 0.13
2458495.1915341 10.62 0.13
2458495.1917077 10.48 0.12
2458495.1922285 10.33 0.10
2458495.1924022 10.60 0.13
2458495.1925758 10.61 0.13
2458495.1930966 10.40 0.11
2458495.1950075 10.47 0.12
2458495.1951809 10.46 0.11
2458495.1965688 10.61 0.13
2458495.1969161 10.40 0.11
2458495.1976105 10.43 0.11
2458495.1981313 10.44 0.11
2458495.1986522 10.58 0.13
2458495.1989994 10.69 0.14
2458495.1991730 10.61 0.13
2458495.1995202 10.37 0.11
2458495.1996938 10.23 0.09
2458495.1998674 10.43 0.11
2458495.2005619 10.45 0.11
2458495.2007355 10.41 0.11
2458495.2010827 10.31 0.10
2458495.2014299 10.55 0.12
2458495.2019508 10.39 0.11
2458495.2024716 10.44 0.11
2458495.2031661 10.42 0.11
2458495.2033397 10.24 0.09
2458495.2036869 10.63 0.14
2458495.2049022 10.49 0.12
2458495.2050758 10.66 0.14
2458495.2068132 10.39 0.11
2458495.2082008 10.52 0.12
2458495.2083744 10.55 0.13
2458495.2090688 10.36 0.11
2458495.2092424 10.33 0.10
2458495.2099369 10.37 0.11
2458495.2135827 10.67 0.14
2458495.2141036 10.60 0.13
2458495.2158397 10.42 0.11
2458495.2160133 10.40 0.11
2458495.2161869 10.49 0.12
2458495.2168813 10.53 0.12
2458495.2174022 10.38 0.10
2458495.2180966 10.37 0.10
2458495.2186174 10.58 0.13
2458495.2187924 10.44 0.11
2458495.2191393 10.53 0.12
2458495.2194862 10.50 0.12
2458495.2198331 10.56 0.13
2458495.2205272 10.69 0.14
2458495.2210480 10.47 0.11
2458495.2215688 10.58 0.13
2458495.2219161 10.45 0.11
2458495.2248674 10.54 0.12
2458495.2253883 10.48 0.12
2458495.2255619 10.51 0.12
2458495.2260827 10.51 0.12
2458495.2266036 10.54 0.12
2458495.2267772 10.57 0.13
2458495.2276452 10.50 0.12
2458495.2279924 10.51 0.12
2458495.2281661 10.70 0.14
2458495.2283397 10.53 0.12
2458495.2290341 10.52 0.12
2458495.2319857 10.43 0.11
2458495.2326799 10.42 0.10
2458495.2332008 10.48 0.11
2458495.2335480 10.64 0.13
2458495.2361522 10.50 0.11
2458495.2363258 10.69 0.13
2458495.2366730 10.54 0.12
2458495.2368466 10.62 0.13
2458495.2371938 10.47 0.11
2458495.2378883 10.37 0.10
2458495.2380619 10.60 0.12
2458495.2382355 10.40 0.10
2458495.2385827 10.50 0.11
2458495.2391035 10.46 0.11
2458495.2401452 10.55 0.12
2458495.2404924 10.70 0.13
2458495.2408397 10.50 0.11
2458495.2410133 10.52 0.11
2458495.2411869 10.50 0.11
2458495.2413605 10.53 0.11
2458495.2415341 10.64 0.13
2458495.2417077 10.67 0.13
2458495.2420549 10.76 0.14
2458495.2425758 10.58 0.12
2458495.2458744 10.72 0.14
2458495.2462216 10.42 0.10
2458495.2463952 10.48 0.11
2458495.2481313 10.44 0.11
2458495.2484785 10.55 0.12
2458495.2486522 10.61 0.12
2458495.2488258 10.54 0.12
2458495.2495202 10.41 0.10
2458495.2496938 10.49 0.11
2458495.2502147 10.42 0.10
2458495.2505619 10.61 0.12
2458495.2510827 10.46 0.11
2458495.2521244 10.71 0.14
2458495.2526452 10.64 0.13
2458495.2531661 10.60 0.12
2458495.2536869 10.47 0.11
2458495.2538605 10.39 0.10
2458495.2542077 10.59 0.12
2458495.2545549 10.44 0.10
2458495.2549034 10.63 0.12
2458495.2555972 10.64 0.13
2458495.2562910 10.49 0.11
2458495.2564647 10.50 0.11
2458495.2568119 10.48 0.11
2458495.2571591 10.51 0.11
2458495.2573327 10.51 0.11
2458495.2575063 10.54 0.11
2458495.2576799 10.59 0.12
2458495.2582008 10.68 0.13
2458495.2585480 10.38 0.10
2458495.2592424 10.79 0.14
2458495.2595897 10.54 0.11
2458495.2597633 10.54 0.11
2458495.2599369 10.77 0.14
2458495.2601105 10.63 0.12
2458495.2604577 10.74 0.13
2458495.2606313 10.47 0.10
2458495.2618466 10.59 0.12
2458495.2620202 10.69 0.13
2458495.2625410 10.78 0.14
2458495.2627147 10.69 0.13
2458495.2628883 10.39 0.10
2458495.2630619 10.50 0.11
2458495.2632355 10.67 0.13
2458495.2634091 10.83 0.15
2458495.2635827 10.80 0.14
2458495.2637563 10.71 0.13
2458495.2639299 10.48 0.11
2458495.2641035 10.77 0.14
2458495.2642772 10.46 0.10
2458495.2644508 10.56 0.11
2458495.2647980 10.76 0.14
2458495.2649716 10.57 0.11
2458495.2651452 10.55 0.11
2458495.2654924 10.40 0.10
2458495.2660133 10.59 0.12
2458495.2677498 10.45 0.10
2458495.2680967 10.44 0.10
2458495.2684438 10.37 0.09
2458495.2686174 10.47 0.10
2458495.2693119 10.52 0.11
2458495.2701799 10.44 0.10
2458495.2703535 10.42 0.10
2458495.2708744 10.58 0.12
2458495.2710480 10.43 0.10
2458495.2712216 10.47 0.11
2458495.2717424 10.59 0.12
2458495.2720897 10.43 0.10
2458495.2745202 10.73 0.13
2458495.2746938 10.52 0.11
2458495.2748674 10.51 0.11
2458495.2757355 10.51 0.11
2458495.2759091 10.47 0.10
2458495.2760827 10.35 0.09
2458495.2764299 10.45 0.10
2458498.1658281 10.48 0.10
2458498.1660017 10.35 0.09
2458498.1666972 10.48 0.10
2458498.1672176 10.52 0.11
2458498.1677379 10.49 0.11
2458498.1682586 10.60 0.12
2458498.1703420 10.59 0.11
2458498.1715572 10.66 0.12
2458498.1719045 10.58 0.11
2458498.1725989 10.45 0.10
2458498.1734670 10.53 0.10
2458498.1736406 10.50 0.10
2458498.1738142 10.46 0.10
2458498.1750295 10.37 0.09
2458498.1758975 10.45 0.10
2458498.1765920 10.52 0.10
2458498.1769392 10.52 0.10
2458498.1774600 10.50 0.10
2458498.1783295 10.57 0.11
2458498.1785029 10.37 0.09
2458498.1802378 10.47 0.09
2458498.1809323 10.61 0.11
2458498.1811059 10.64 0.11
2458498.1823211 10.37 0.09
2458498.1830156 10.41 0.09
2458498.1838836 10.71 0.12
2458498.1845781 10.43 0.09
2458498.1847517 10.48 0.10
2458498.1871822 10.63 0.11
2458498.1896128 10.59 0.10
2458498.1904809 10.45 0.09
2458498.1913489 10.54 0.10
2458498.1918697 10.47 0.09
2458498.1922170 10.48 0.09
2458498.1937795 10.72 0.11
2458498.1943003 10.38 0.08
2458498.1960378 10.46 0.09
2458498.1962112 10.44 0.09
2458498.1982934 10.55 0.09
2458498.1984670 10.66 0.11
2458498.1989878 10.66 0.10
2458498.2002031 10.46 0.09
2458498.2010711 10.63 0.10
2458498.2012447 10.60 0.10
2458498.2028072 10.62 0.10
2458498.2041961 10.58 0.10
2458498.2050642 10.52 0.09
2458498.2052378 10.58 0.09
2458498.2054114 10.38 0.08
2458498.2055850 10.45 0.08
2458498.2057586 10.50 0.09
2458498.2059323 10.40 0.08
2458498.2061059 10.41 0.08
2458498.2062795 10.60 0.10
2458498.2064531 10.46 0.09
2458498.2066267 10.41 0.08
2458498.2069739 10.49 0.09
2458498.2073211 10.58 0.09
2458498.2074947 10.50 0.09
2458498.2076684 10.52 0.09
2458498.2081904 10.66 0.10
2458498.2123559 10.43 0.08
2458498.2135711 10.50 0.09
2458498.2182586 10.45 0.08
2458498.2191267 10.58 0.09
2458498.2196475 10.54 0.09
2458498.2208632 10.48 0.08
2458498.2210366 10.44 0.08
2458498.2213836 10.41 0.08
2458498.2225989 10.45 0.08
2458498.2238142 10.42 0.08
2458498.2248559 10.55 0.09
2458498.2252031 10.66 0.10
2458498.2253767 10.55 0.09
2458498.2255503 10.57 0.09
2458498.2258975 10.49 0.08
2458498.2260711 10.49 0.08
2458498.2262447 10.58 0.09
2458498.2264184 10.46 0.08
2458498.2265920 10.67 0.10
2458498.2267656 10.52 0.09
2458498.2274600 10.52 0.09
2458498.2295434 10.57 0.09
2458498.2312795 10.44 0.08
2458498.2328422 10.45 0.08
2458498.2330157 10.40 0.08
2458498.2338836 10.51 0.09
2458498.2344045 10.66 0.10
2458498.2352725 10.50 0.09
2458498.2363142 10.50 0.09
2458498.2364878 10.35 0.08
2458498.2375295 10.55 0.09
2458498.2378767 10.61 0.10
2458498.2392656 10.60 0.10
2458498.2396128 10.61 0.10
2458498.2411753 10.60 0.10
2458498.2413489 10.37 0.08
2458498.2418697 10.63 0.10
2458498.2420434 10.66 0.10
2458498.2427378 10.43 0.08
2458498.2429114 10.47 0.09
2458498.2430850 10.50 0.09
2458498.2441276 10.52 0.09
2458498.2470781 10.47 0.09
2458498.2472517 10.52 0.09
2458498.2477725 10.40 0.08
2458498.2484670 10.32 0.08
2458498.2488142 10.46 0.09
2458498.2489878 10.53 0.09
2458498.2495086 10.47 0.09
2458498.2496822 10.41 0.08
2458498.2500295 10.47 0.09
2458498.2505503 10.51 0.09
2458498.2524600 10.48 0.09
2458498.2526336 10.50 0.09
2458498.2531545 10.50 0.09
2458498.2535017 10.49 0.09
2458498.2540225 10.40 0.08
2458498.2543697 10.66 0.11
2458498.2555863 10.51 0.09
2458498.2559332 10.43 0.09
2458498.2578420 10.38 0.08
2458498.2580156 10.65 0.11
2458498.2611406 10.64 0.10
2458498.2623559 10.51 0.09
2458498.2625295 10.53 0.10
2458498.2630503 10.49 0.07
2458498.2646128 10.47 0.07
2458498.2647864 10.53 0.08
2458498.2649600 10.50 0.08
2458498.2651336 10.52 0.08
2458498.2653072 10.44 0.07
2458498.2654809 10.53 0.08
2458498.2656545 10.43 0.08
2458498.2658281 10.50 0.08
2458498.2660017 10.54 0.08
2458498.2661753 10.34 0.07
2458498.2663489 10.62 0.09
2458498.2665225 10.41 0.07
2458498.2666961 10.53 0.08
2458498.2668698 10.51 0.08
2458498.2679124 10.62 0.09
2458498.2680858 10.53 0.08
2458498.2686062 10.48 0.08
2458498.2687796 10.54 0.08
2458498.2691267 10.63 0.09
2458498.2693003 10.49 0.08
2458498.2698211 10.56 0.08
2458498.2705156 10.50 0.08
2458498.2706892 10.49 0.07
2458498.2708628 10.54 0.08
2458498.2710364 10.56 0.08
2458498.2713836 10.36 0.07
2458498.2715572 10.49 0.08
2458498.2719045 10.48 0.08
2458498.2720781 10.54 0.08
2458498.2725989 10.75 0.10
2458498.2727725 10.43 0.07
2458498.2729461 10.44 0.07
2458498.2738142 10.46 0.07
2458498.2743350 10.58 0.08
2458498.2746823 10.52 0.08
2458498.2748559 10.44 0.07
2458498.2750295 10.54 0.08
2458498.2762448 10.58 0.08
2458498.2765920 10.45 0.07
2458498.2767656 10.52 0.08
2458498.2769392 10.53 0.08
2458498.2776336 10.44 0.07
2458498.2778072 10.74 0.10
2458498.2786753 10.41 0.07
2458498.2788489 10.43 0.07
2458498.2790225 10.46 0.07
2458498.2791961 10.47 0.07
2458498.2793697 10.58 0.08
2458498.2797182 10.49 0.07
2458498.2800651 10.54 0.08
2458498.2802385 10.56 0.08
2458498.2811059 10.50 0.08
2458498.2812795 10.56 0.08
2458498.2814531 10.34 0.07
2458498.2816267 10.54 0.08
2458498.2818003 10.57 0.08
2458498.2821475 10.39 0.07
2458498.2823211 10.51 0.08
2458498.2824948 10.56 0.08
2458498.2828420 10.62 0.09
2458498.2842309 10.60 0.08
2458498.2849253 10.46 0.07
2458498.2850989 10.49 0.08
2458498.2871822 10.38 0.07
2458498.2878767 10.43 0.07
2458498.2880503 10.50 0.08
2458498.2882239 10.40 0.07
2458498.2883975 10.52 0.08
2458498.2885711 10.60 0.09
2458498.2890920 10.57 0.08
2458498.2892656 10.55 0.08
2458498.2894392 10.48 0.08
2458498.2897864 10.49 0.08
2458498.2903073 10.58 0.08
2458498.2904809 10.43 0.07
2458498.2913489 10.49 0.08
2458498.2922177 10.51 0.08
2458498.2923912 10.55 0.08
2458498.2925646 10.56 0.08
2458498.2929115 10.48 0.08
2458498.2930850 10.58 0.08
2458498.2932586 10.57 0.08
2458498.2934322 10.59 0.09
2458498.2936059 10.51 0.08
2458498.2937795 10.53 0.08
2458498.2946475 10.48 0.09
2458498.2949947 10.54 0.09
2458498.2951684 10.56 0.08
2458498.2953420 10.54 0.08
2458498.2958628 10.68 0.09
2458498.2960364 10.39 0.07
2458498.2962100 10.43 0.07
2458498.2963836 10.51 0.08
2458498.2977725 10.51 0.08
2458498.2979461 10.50 0.08
2458498.2993350 10.51 0.08
2458498.2995086 10.33 0.07
2458498.2998559 10.49 0.08
2458498.3003767 10.59 0.09
2458498.3010711 10.40 0.07
2458498.3021128 10.50 0.08
2458498.3022864 10.61 0.09
2458498.3026336 10.48 0.08
2458498.3029809 10.44 0.07
2458498.3043703 10.54 0.08
2458498.3048907 10.47 0.08
2458498.3052378 10.52 0.08
2458498.3055850 10.37 0.07
2458498.3057586 10.51 0.08
2458498.3064531 10.46 0.08
2458498.3066267 10.46 0.08
2458498.3071475 10.37 0.07
2458498.3076684 10.53 0.08
2458498.3081892 10.55 0.08
2458498.3085364 10.43 0.07
2458498.3088836 10.42 0.07
2458498.3090572 10.42 0.07
2458498.3092309 10.48 0.08
2458498.3095781 10.53 0.08
2458498.3107934 10.38 0.07
2458498.3113142 10.52 0.08
2458498.3114878 10.47 0.08
2458498.3116614 10.42 0.07
2458498.3118350 10.44 0.08
2458498.3120086 10.66 0.09
2458498.3121822 10.55 0.08
2458498.3123559 10.52 0.08
2458498.3127031 10.51 0.08
2458498.3130503 10.58 0.09
2458498.3137448 10.52 0.08
2458498.3139184 10.44 0.08
2458498.3144392 10.48 0.08
2458498.3147864 10.56 0.08
2458498.3149600 10.47 0.08
2458498.3154809 10.54 0.08
2458498.3156558 10.58 0.09
2458498.3170434 10.48 0.08
2458498.3172170 10.46 0.08
2458498.3179114 10.52 0.08
2458500.2340341 10.30 0.09
2458500.2354230 10.50 0.11
2458500.2357702 10.39 0.10
2458500.2359438 10.40 0.10
2458500.2361174 10.53 0.11
2458500.2362910 10.45 0.10
2458500.2369855 10.47 0.10
2458500.2373327 10.32 0.09
2458500.2382008 10.54 0.11
2458500.2395897 10.46 0.10
2458500.2406313 10.66 0.12
2458500.2408049 10.52 0.11
2458500.2409785 10.40 0.10
2458500.2421938 10.61 0.12
2458500.2427147 10.44 0.10
2458500.2428883 10.64 0.12
2458500.2444520 10.38 0.09
2458500.2460133 10.67 0.12
2458500.2482702 10.45 0.09
2458500.2493119 10.46 0.10
2458500.2510480 10.51 0.10
2458500.2527841 10.46 0.10
2458500.2529577 10.61 0.11
2458500.2534786 10.62 0.11
2458500.2538258 10.36 0.09
2458500.2539994 10.54 0.10
2458500.2545202 10.49 0.10
2458500.2546938 10.63 0.11
2458500.2552147 10.58 0.11
2458500.2553883 10.74 0.12
2458500.2560827 10.53 0.10
2458500.2572984 10.60 0.11
2458500.2574719 10.57 0.11
2458500.2585133 10.62 0.11
2458500.2586869 10.50 0.10
2458500.2590341 10.41 0.09
2458500.2595549 10.49 0.10
2458500.2599022 10.41 0.09
2458500.2611174 10.63 0.11
2458500.2614647 10.56 0.10
2458500.2616383 10.68 0.12
2458500.2618119 10.41 0.09
2458500.2619855 10.46 0.09
2458500.2621591 10.61 0.11
2458500.2625063 10.45 0.09
2458500.2630272 10.51 0.10
2458500.2647633 10.58 0.10
2458500.2651105 10.32 0.08
2458500.2659785 10.42 0.09
2458500.2666730 10.78 0.12
2458500.2673674 10.42 0.09
2458500.2677147 10.51 0.09
2458500.2680619 10.58 0.10
2458500.2684104 10.54 0.10
2458500.2685839 10.48 0.09
2458500.2689307 10.71 0.11
2458500.2692776 10.55 0.10
2458500.2701452 10.54 0.10
2458500.2703188 10.40 0.09
2458500.2711869 10.58 0.10
2458500.2713605 10.35 0.08
2458500.2718813 10.43 0.09
2458500.2720549 10.66 0.11
2458500.2725758 10.43 0.09
2458500.2734438 10.58 0.10
2458500.2737910 10.51 0.09
2458500.2743119 10.52 0.10
2458500.2744855 10.51 0.10
2458500.2757008 10.59 0.10
2458500.2758744 10.55 0.10
2458500.2767424 10.39 0.08
2458500.2770897 10.63 0.10
2458500.2779577 10.71 0.12
2458500.2793466 10.71 0.11
2458500.2796938 10.59 0.10
2458500.2802147 10.56 0.10
2458500.2803896 10.67 0.11
2458500.2812568 10.35 0.08
2458500.2814303 10.51 0.09
2458500.2816037 10.57 0.10
2458500.2817772 10.61 0.10
2458500.2821244 10.73 0.11
2458500.2822980 10.73 0.11
2458500.2826452 10.39 0.08
2458500.2831660 10.56 0.10
2458500.2836869 10.52 0.09
2458500.2840341 10.57 0.10
2458500.2845549 10.58 0.10
2458500.2849022 10.58 0.10
2458500.2852494 10.53 0.09
2458500.2854230 10.72 0.11
2458500.2855966 10.61 0.10
2458500.2862911 10.70 0.11
2458500.2864647 10.40 0.08
2458500.2866383 10.67 0.11
2458500.2868119 10.51 0.09
2458500.2869855 10.56 0.10
2458500.2873327 10.56 0.10
2458500.2876799 10.53 0.10
2458500.2882008 10.41 0.09
2458500.2890688 10.61 0.10
2458500.2892424 10.45 0.09
2458500.2895897 10.54 0.09
2458500.2899369 10.45 0.09
2458500.2901105 10.59 0.10
2458500.2904577 10.52 0.09
2458500.2914994 10.60 0.10
2458500.2920202 10.66 0.10
2458500.2934095 10.49 0.09