2458467.3668514 11.03 0.15
2458467.3675459 11.06 0.15
2458467.3677195 10.93 0.14
2458467.3680667 10.90 0.13
2458467.3684139 10.97 0.14
2458467.3689347 11.05 0.15
2458467.3694556 10.81 0.12
2458467.3696292 10.99 0.14
2458467.3698028 11.12 0.16
2458467.3704972 10.87 0.13
2458467.3710181 10.85 0.13
2458467.3711917 10.95 0.14
2458467.3715389 11.01 0.15
2458467.3727542 10.97 0.14
2458467.3729278 10.94 0.14
2458467.3748375 10.98 0.14
2458467.3750111 11.11 0.16
2458467.3757067 10.93 0.14
2458467.3760536 11.03 0.15
2458467.3764005 11.03 0.15
2458467.3765739 11.09 0.16
2458467.3779625 10.87 0.13
2458467.3786570 11.06 0.16
2458467.3800459 10.93 0.14
2458467.3802195 10.86 0.13
2458467.3803931 10.81 0.13
2458467.3805667 10.99 0.15
2458467.3809139 11.07 0.16
2458467.3810875 10.93 0.14
2458467.3817820 11.00 0.15
2458467.3821292 11.09 0.16
2458467.3823028 10.97 0.15
2458467.3836917 11.11 0.17
2458467.3838653 11.06 0.16
2458467.3840389 10.88 0.14
2458467.3852542 10.98 0.15
2458467.3854278 10.97 0.14
2458467.3864695 11.00 0.15
2458467.3875123 11.02 0.15
2458467.3909834 10.99 0.15
2458467.3915042 10.97 0.15
2458467.3923722 10.90 0.14
2458467.3932403 11.01 0.15
2458467.3939347 10.85 0.13
2458467.3946292 10.96 0.15
2458467.3949764 10.85 0.13
2458467.3974070 10.96 0.15
2458467.3975806 11.03 0.15
2458467.3986223 11.09 0.16
2458467.3987959 11.10 0.17
2458467.3994914 10.91 0.14
2458467.4010528 11.05 0.16
2458467.4026153 10.90 0.14
2458467.4041778 11.08 0.16
2458467.4043514 11.05 0.16
2458467.4045250 11.03 0.16
2458467.4048723 11.02 0.15
2458467.4050459 10.97 0.15
2458467.4052195 10.90 0.14
2458467.4055667 10.92 0.14
2458467.4059139 10.93 0.14
2458467.4073028 10.84 0.13
2458467.4081709 10.92 0.14
2458467.4086917 11.11 0.17
2458467.4088653 11.06 0.16
2458467.4093861 11.06 0.16
2458467.4097334 10.75 0.12
2458467.4107750 11.02 0.15
2458467.4111236 11.02 0.16
2458467.4112971 11.02 0.16
2458467.4116440 10.93 0.15
2458467.4121643 10.93 0.14
2458467.4135528 10.94 0.15
2458467.4139000 11.01 0.16
2458467.4144209 11.03 0.16
2458467.4145945 10.88 0.14
2458467.4147681 11.08 0.17
2458467.4154625 11.12 0.17
2458467.4156361 10.90 0.14
2458467.4161570 11.02 0.16
2458467.4189348 10.95 0.15
2458467.4191084 10.97 0.16
2458467.4194556 10.94 0.15
2458467.4201500 10.87 0.14
2458469.3667865 11.08 0.12
2458469.3670135 11.14 0.12
2458469.3671871 11.01 0.11
2458469.3675343 11.20 0.13
2458469.3677079 11.14 0.12
2458469.3678815 10.99 0.11
2458469.3680551 11.14 0.13
2458469.3682287 11.17 0.13
2458469.3684023 11.11 0.12
2458469.3685760 10.96 0.11
2458469.3687496 11.07 0.12
2458469.3689232 11.21 0.13
2458469.3690968 11.05 0.11
2458469.3692704 11.31 0.15
2458469.3694440 11.09 0.12
2458469.3696176 10.94 0.10
2458469.3697912 11.27 0.14
2458469.3699648 11.17 0.13
2458469.3701384 11.05 0.12
2458469.3703121 11.11 0.12
2458469.3704857 11.11 0.12
2458469.3706593 10.96 0.11
2458469.3708329 11.02 0.11
2458469.3710065 11.10 0.12
2458469.3711801 11.15 0.13
2458469.3713537 10.82 0.09
2458469.3715273 11.18 0.13
2458469.3717009 11.18 0.13
2458469.3718746 11.10 0.12
2458469.3722218 11.09 0.12
2458469.3725690 11.04 0.11
2458469.3727426 11.14 0.13
2458469.3729162 11.18 0.13
2458469.3732635 10.87 0.10
2458469.3734371 11.25 0.14
2458469.3736107 11.10 0.12
2458469.3737843 11.21 0.13
2458469.3739579 11.16 0.13
2458469.3741315 11.14 0.13
2458469.3743051 11.10 0.12
2458469.3744787 11.07 0.12
2458469.3746524 10.89 0.10
2458469.3748260 11.09 0.12
2458469.3749996 10.98 0.11
2458469.3751732 11.14 0.12
2458469.3753468 11.09 0.12
2458469.3755204 11.11 0.12
2458469.3756940 11.04 0.11
2458469.3758676 11.07 0.12
2458469.3760425 10.98 0.11
2458469.3762159 11.15 0.12
2458469.3763894 10.88 0.10
2458469.3765628 11.23 0.13
2458469.3767363 11.10 0.12
2458469.3769097 11.05 0.11
2458469.3770832 11.16 0.13
2458469.3772566 11.10 0.12
2458469.3774301 10.96 0.11
2458469.3776037 11.35 0.15
2458469.3777773 10.93 0.10
2458469.3779510 11.01 0.11
2458469.3781246 11.22 0.13
2458469.3782982 11.23 0.13
2458469.3784718 11.15 0.12
2458469.3786454 11.14 0.12
2458488.3044163 10.95 0.13
2458488.3049371 10.91 0.13
2458488.3054579 10.95 0.13
2458488.3061524 11.04 0.14
2458488.3064996 10.92 0.13
2458488.3070205 10.97 0.13
2458488.3077149 10.89 0.13
2458488.3078885 11.14 0.16
2458488.3080621 11.00 0.14
2458488.3091038 11.13 0.15
2458488.3092788 11.09 0.15
2458488.3094522 11.08 0.15
2458488.3099726 11.09 0.15
2458488.3103194 11.04 0.15
2458488.3108399 11.05 0.15
2458488.3113607 11.08 0.15
2458488.3115344 11.08 0.15
2458488.3117080 11.00 0.14
2458488.3120552 11.07 0.15
2458488.3124024 10.88 0.13
2458488.3125760 11.07 0.15
2458488.3130969 10.95 0.13
2458488.3137913 11.09 0.15
2458488.3141385 10.95 0.13
2458488.3148330 10.99 0.14
2458488.3151802 11.12 0.16
2458488.3153538 11.06 0.15
2458488.3155274 11.06 0.15
2458488.3157010 10.95 0.14
2458488.3158746 11.03 0.15
2458488.3162218 11.16 0.17
2458488.3163955 10.96 0.14
2458488.3165691 11.01 0.14
2458488.3167427 11.09 0.15
2458488.3169163 10.94 0.14
2458488.3170899 11.07 0.15
2458488.3172635 11.06 0.15
2458488.3174371 11.04 0.15
2458488.3176107 10.92 0.13
2458488.3177844 11.18 0.17
2458488.3179580 11.14 0.16
2458488.3183052 11.08 0.15
2458488.3184788 10.81 0.12
2458488.3186524 11.07 0.15
2458488.3191732 10.85 0.13
2458488.3195205 10.73 0.11
2458488.3196941 11.00 0.14
2458488.3202149 10.96 0.14
2458488.3210830 10.96 0.14
2458488.3212579 11.12 0.16
2458488.3217783 10.90 0.13
2458488.3233399 10.91 0.13
2458488.3235135 10.89 0.13
2458488.3236871 10.99 0.14
2458488.3240343 11.12 0.16
2458488.3242080 11.06 0.15
2458488.3245552 10.93 0.14
2458488.3250760 11.01 0.15
2458488.3254232 10.88 0.13
2458488.3255969 10.86 0.13
2458488.3257705 10.89 0.13
2458488.3259441 10.99 0.15
2458488.3266385 10.97 0.14
2458488.3268121 11.01 0.15
2458488.3269857 10.85 0.13
2458488.3273330 11.00 0.15
2458488.3282010 11.01 0.15
2458488.3283746 11.05 0.15
2458488.3285482 10.96 0.14
2458488.3288955 10.89 0.13
2458488.3290691 11.07 0.16
2458488.3294163 11.04 0.15
2458488.3295899 11.07 0.16
2458488.3299371 10.97 0.14
2458488.3301107 11.05 0.15
2458488.3302843 10.89 0.13
2458488.3316732 10.98 0.14
2458488.3318468 10.97 0.14
2458488.3327149 10.94 0.14
2458488.3328885 10.86 0.13
2458488.3339308 11.11 0.16
2458488.3341043 11.04 0.15
2458488.3346246 10.83 0.13
2458488.3349719 10.75 0.12
2458488.3353191 11.01 0.15
2458488.3363607 10.83 0.13
2458488.3365344 11.05 0.15
2458488.3370552 11.03 0.15
2458488.3379232 10.93 0.14
2458488.3386177 10.88 0.13
2458488.3387913 10.88 0.13
2458488.3391385 10.92 0.14
2458488.3393121 10.82 0.13
2458488.3394857 11.05 0.16
2458488.3396593 11.07 0.16
2458488.3398330 10.92 0.14
2458488.3400066 10.95 0.14
2458488.3412219 10.95 0.14
2458488.3424371 10.90 0.14
2458488.3426107 10.97 0.15
2458488.3446941 10.80 0.13
2458488.3455631 10.97 0.15
2458488.3460834 10.99 0.15
2458488.3462569 10.82 0.13
2458488.3466038 10.74 0.12
2458488.3469510 10.95 0.14
2458488.3478191 10.91 0.14
2458488.3479927 10.82 0.13
2458488.3485135 10.98 0.15
2458488.3492080 10.95 0.14
2458488.3497288 10.80 0.12
2458488.3499024 10.97 0.14
2458488.3502496 10.88 0.13
2458488.3504232 10.90 0.14
2458488.3507705 10.87 0.13
2458488.3512913 10.94 0.14
2458488.3519857 10.95 0.14
2458488.3521594 10.77 0.12
2458488.3523330 11.03 0.15
2458488.3525066 10.94 0.14
2458488.3526802 10.93 0.14
2458488.3530274 10.74 0.12
2458488.3533746 11.04 0.15
2458488.3538955 10.86 0.13
2458488.3540691 11.09 0.16
2458488.3544163 10.92 0.14
2458488.3545899 11.03 0.15
2458488.3547635 11.19 0.18
2458488.3551107 11.21 0.18
2458488.3556316 10.89 0.13
2458488.3558052 10.92 0.14
2458488.3559788 10.98 0.14
2458488.3561524 11.03 0.15
2458488.3564996 10.97 0.14
2458488.3566732 11.04 0.15
2458488.3568469 11.14 0.17
2458488.3571953 10.88 0.13
2458488.3575422 11.02 0.15
2458488.3578891 10.99 0.15
2458488.3580625 10.96 0.14
2458488.3582360 10.89 0.13
2458488.3584094 11.16 0.17
2458488.3585830 10.86 0.13
2458488.3587566 10.85 0.13
2458488.3601455 11.00 0.15
2458488.3606663 11.03 0.15
2458488.3610135 10.83 0.13
2458488.3611871 11.03 0.15
2458488.3615343 11.01 0.15
2458488.3617080 10.99 0.15
2458488.3618816 10.90 0.14
2458488.3620552 10.96 0.14
2458488.3622288 10.96 0.14
2458488.3624024 11.12 0.17
2458488.3625760 10.96 0.14
2458488.3627496 11.09 0.16
2458488.3629232 10.96 0.14
2458488.3630968 10.88 0.13
2458488.3632705 11.08 0.16
2458488.3636177 10.96 0.15
2458488.3643121 10.88 0.13
2458488.3650066 11.09 0.16
2458488.3651802 10.88 0.13
2458488.3660482 10.97 0.15
2458488.3662219 10.83 0.13
2458488.3663955 11.04 0.16
2458488.3665691 10.98 0.15
2458488.3676107 10.97 0.15
2458488.3677844 10.99 0.15
2458488.3679580 11.06 0.16
2458488.3681316 10.96 0.14
2458488.3684788 11.03 0.15
2458488.3686524 10.98 0.15
2458488.3693479 10.98 0.15
2458488.3695213 10.98 0.15
2458488.3700417 11.08 0.16
2458488.3702150 10.98 0.15
2458488.3721246 10.95 0.14
2458488.3724718 11.03 0.16
2458488.3729927 11.04 0.16
2458488.3733399 10.96 0.15
2458493.2519739 11.11 0.15
2458493.2524947 10.92 0.13
2458493.2530156 10.94 0.13
2458493.2535364 11.15 0.15
2458493.2537100 10.96 0.13
2458493.2542320 10.98 0.13
2458493.2544055 11.03 0.14
2458493.2549258 10.91 0.12
2458493.2554461 11.06 0.14
2458493.2556198 11.12 0.15
2458493.2557934 11.12 0.15
2458493.2559670 11.14 0.15
2458493.2561406 10.92 0.12
2458493.2563142 11.22 0.16
2458493.2564878 11.04 0.14
2458493.2568350 11.07 0.14
2458493.2571823 11.20 0.16
2458493.2573559 11.17 0.16
2458493.2575295 11.15 0.15
2458493.2577031 11.09 0.14
2458493.2578767 11.24 0.17
2458493.2585711 10.92 0.12
2458493.2587447 11.18 0.16
2458493.2590920 11.09 0.14
2458493.2594392 11.03 0.14
2458493.2596128 11.23 0.16
2458493.2597864 11.00 0.13
2458493.2601336 10.97 0.13
2458493.2603072 11.09 0.14
2458493.2606545 11.08 0.14
2458493.2610017 10.96 0.13
2458493.2613489 11.08 0.14
2458493.2615225 11.09 0.14
2458493.2616961 11.06 0.14
2458493.2620434 11.04 0.14
2458493.2623906 11.20 0.16
2458493.2627378 11.08 0.14
2458493.2629114 11.10 0.15
2458493.2630850 11.08 0.14
2458493.2632586 11.13 0.15
2458493.2636059 11.10 0.14
2458493.2637795 11.05 0.14
2458493.2643003 11.09 0.14
2458493.2644739 11.05 0.14
2458493.2646475 10.90 0.12
2458493.2649948 10.93 0.12
2458493.2651684 11.24 0.17
2458493.2655156 11.00 0.13
2458493.2667316 11.13 0.15
2458493.2677725 11.05 0.14
2458493.2679461 11.02 0.14
2458493.2689878 11.11 0.15
2458493.2691614 11.21 0.16
2458493.2693350 11.18 0.15
2458493.2695086 10.96 0.13
2458493.2696822 11.10 0.14
2458493.2700295 11.04 0.14
2458493.2708975 10.95 0.13
2458493.2710711 11.13 0.15
2458493.2712448 11.21 0.16
2458493.2717656 11.18 0.16
2458493.2719392 11.15 0.15
2458493.2722864 11.04 0.14
2458493.2724600 11.11 0.15
2458493.2735017 11.15 0.15
2458493.2741961 11.03 0.14
2458493.2747170 11.10 0.14
2458493.2748906 10.92 0.13
2458493.2752378 11.13 0.15
2458493.2754114 11.05 0.14
2458493.2759322 10.85 0.12
2458493.2769739 11.03 0.14
2458493.2780169 10.84 0.12
2458493.2781904 11.00 0.13
2458493.2783638 10.99 0.13
2458493.2795781 11.28 0.17
2458493.2797517 10.96 0.13
2458493.2800989 11.12 0.15
2458493.2802725 11.08 0.14
2458493.2813142 11.06 0.14
2458493.2814878 11.04 0.14
2458493.2816614 11.08 0.14
2458493.2821822 11.16 0.15
2458493.2830503 11.01 0.14
2458493.2840920 11.01 0.13
2458493.2846128 11.17 0.15
2458493.2847864 11.10 0.15
2458493.2851336 11.04 0.14
2458493.2860017 11.22 0.16
2458493.2861753 11.01 0.13
2458493.2863489 10.98 0.13
2458493.2866961 11.24 0.16
2458493.2875642 11.13 0.15
2458493.2877378 11.23 0.16
2458493.2879114 11.01 0.14
2458493.2880850 11.16 0.15
2458493.2882586 11.09 0.15
2458493.2884323 11.13 0.15
2458493.2886059 11.19 0.16
2458493.2887795 11.03 0.14
2458493.2893003 11.04 0.14
2458493.2898211 11.11 0.15
2458493.2899961 11.26 0.17
2458493.2901695 11.00 0.13
2458493.2905164 11.17 0.15
2458493.2910367 11.01 0.13
2458493.2915572 11.16 0.15
2458493.2917309 10.82 0.11
2458493.2919045 10.89 0.12
2458493.2925989 11.11 0.15
2458493.2931197 11.05 0.14
2458493.2936406 11.06 0.14
2458493.2939878 11.10 0.14
2458493.2945086 11.11 0.15
2458493.2953767 11.12 0.15
2458493.2957239 11.14 0.15
2458493.2962448 10.90 0.12
2458493.2964184 10.94 0.13
2458493.2965920 11.17 0.16
2458493.2969392 11.07 0.14
2458493.2979809 10.99 0.13
2458493.2983281 11.09 0.15
2458493.2985017 11.10 0.15
2458493.2986753 11.07 0.14
2458493.2988489 10.99 0.13
2458493.2991961 11.10 0.15
2458493.3000642 11.04 0.14
2458493.3002378 11.13 0.15
2458493.3004114 10.97 0.13
2458493.3018931 11.03 0.14
2458493.3023327 11.08 0.14
2458493.3026799 11.05 0.14
2458493.3028536 11.12 0.15
2458493.3037216 11.07 0.14
2458493.3038952 11.14 0.15
2458493.3052841 11.13 0.15
2458493.3054577 10.99 0.13
2458493.3056313 11.06 0.14
2458493.3059785 11.09 0.14
2458493.3063258 11.11 0.15
2458493.3066730 11.00 0.13
2458493.3082355 11.07 0.14
2458493.3085827 11.15 0.15
2458493.3091036 10.90 0.12
2458493.3097980 11.13 0.15
2458493.3103188 11.17 0.15
2458493.3104924 11.07 0.14
2458493.3106661 11.12 0.15
2458493.3110133 11.15 0.15
2458493.3113605 11.05 0.14
2458493.3115341 11.10 0.15
2458493.3117077 10.96 0.13
2458493.3120549 11.09 0.14
2458493.3122298 11.21 0.16
2458493.3137910 10.96 0.13
2458493.3143119 11.09 0.14
2458493.3146591 11.14 0.15
2458493.3148327 10.89 0.12
2458493.3162216 11.12 0.15
2458493.3170897 11.13 0.15
2458493.3172633 11.10 0.14
2458493.3174369 11.10 0.14
2458493.3183049 11.07 0.14
2458493.3184786 11.10 0.14
2458493.3186522 11.03 0.13
2458493.3196938 11.08 0.14
2458493.3198674 11.30 0.17
2458493.3200411 10.98 0.13
2458493.3203883 11.18 0.15
2458493.3210827 11.02 0.13
2458493.3212563 11.08 0.14
2458493.3214299 11.19 0.16
2458493.3216035 10.81 0.11
2458493.3219508 11.06 0.14
2458493.3221244 11.14 0.15
2458493.3228188 11.14 0.15
2458493.3233397 11.21 0.16
2458493.3242090 11.21 0.16
2458493.3243824 11.04 0.13
2458493.3247293 11.06 0.14
2458493.3250762 11.18 0.15
2458493.3254231 11.30 0.17
2458493.3255966 11.03 0.13
2458493.3264647 11.11 0.14
2458493.3273327 11.00 0.13
2458493.3288952 11.21 0.16
2458493.3290688 11.09 0.14
2458493.3294160 11.22 0.16
2458493.3295897 11.20 0.15
2458493.3297633 11.14 0.15
2458493.3299369 11.22 0.15
2458493.3304577 11.18 0.15
2458493.3308049 11.26 0.16
2458493.3309785 11.25 0.16
2458493.3321938 10.92 0.12
2458493.3323674 11.10 0.14
2458493.3325411 11.12 0.14
2458493.3327147 11.13 0.15
2458493.3332355 11.30 0.17
2458493.3337563 11.04 0.13
2458493.3341036 11.11 0.14
2458493.3342772 11.12 0.14
2458493.3344508 11.07 0.14
2458493.3346244 11.06 0.14
2458493.3347980 11.00 0.13
2458493.3351452 11.13 0.15
2458493.3353188 11.14 0.15
2458493.3354924 11.07 0.14
2458493.3358397 11.14 0.15
2458493.3360133 11.13 0.15
2458493.3367085 11.14 0.15
2458493.3374023 11.18 0.15
2458493.3375758 11.19 0.16
2458493.3377494 11.11 0.15
2458493.3382702 11.03 0.13
2458493.3393119 10.97 0.13
2458493.3398327 11.04 0.14
2458493.3412216 11.04 0.14
2458493.3413952 11.24 0.16
2458493.3420897 11.02 0.14
2458493.3431313 11.06 0.14
2458493.3433049 10.92 0.12
2458493.3434786 11.09 0.15
2458493.3438258 11.11 0.15
2458493.3443466 11.02 0.14
2458493.3459091 11.04 0.14
2458493.3460827 11.10 0.14
2458493.3472980 11.21 0.16
2458493.3478188 11.16 0.15
2458493.3481673 11.13 0.15
2458493.3502494 11.12 0.15
2458493.3505966 11.04 0.14
2458493.3507702 11.08 0.14
2458493.3511174 11.03 0.14
2458493.3512911 11.06 0.14
2458493.3525063 11.17 0.15
2458493.3526799 11.08 0.14
2458493.3533744 11.21 0.16
2458493.3535480 11.18 0.15
2458493.3538952 11.08 0.14
2458493.3545897 11.15 0.15
2458493.3558049 11.10 0.14
2458493.3559786 11.11 0.14
2458493.3561522 11.20 0.16
2458493.3573674 11.03 0.14
2458493.3589299 11.08 0.14
2458493.3603199 10.98 0.13
2458493.3606668 11.12 0.15
2458493.3608403 10.90 0.12
2458493.3610137 11.15 0.15
2458493.3617077 11.13 0.15
2458493.3625758 11.11 0.14
2458493.3627494 11.19 0.16
2458493.3634438 11.04 0.14
2458493.3637911 11.19 0.15
2458493.3641383 11.22 0.16
2458493.3643119 11.15 0.15
2458493.3644855 11.01 0.13
2458493.3646591 11.11 0.14
2458493.3655272 11.07 0.14
2458493.3658744 11.12 0.15
2458493.3665688 11.09 0.14
2458493.3667424 11.12 0.15
2458493.3669161 11.18 0.16
2458493.3683049 11.06 0.14
2458493.3684785 11.15 0.15
2458493.3691730 11.23 0.16
2458493.3696938 10.94 0.13
2458493.3700410 11.00 0.13
2458493.3705619 11.19 0.16
2458493.3716036 11.06 0.14
2458493.3719508 10.86 0.12
2458493.3721257 11.22 0.16
2458493.3722991 10.96 0.13
2458493.3726460 10.99 0.13
2458493.3728194 11.09 0.14
2458493.3731663 10.82 0.11
2458493.3750758 11.08 0.14
2458493.3752494 10.98 0.13
2458493.3754230 11.09 0.14
2458493.3764647 11.14 0.15
2458493.3775063 10.85 0.12
2458493.3780272 11.05 0.14
2458493.3794161 10.97 0.13
2458493.3797633 11.05 0.14
2458493.3808049 11.02 0.14
2458493.3811522 11.09 0.15
2458493.3813258 11.17 0.16
2458493.3816730 11.03 0.14
2458493.3820202 11.09 0.15
2458493.3821938 11.05 0.14
2458493.3823674 11.10 0.15
2458493.3825411 11.14 0.15
2458493.3827147 11.13 0.15
2458493.3837563 10.95 0.13
2458493.3841048 10.95 0.13
2458493.3842782 11.07 0.15
2458493.3846251 11.01 0.14
2458493.3849720 11.17 0.16
2458493.3853189 10.98 0.13
2458493.3854924 11.04 0.14
2458493.3865341 11.04 0.14
2458493.3872286 10.93 0.13
2458493.3879230 11.11 0.15
2458493.3880966 11.08 0.15
2458493.3882702 11.08 0.15
2458493.3884438 11.13 0.15
2458493.3889647 11.23 0.17
2458493.3891383 11.19 0.16
2458493.3893119 10.93 0.13
2458493.3894855 10.88 0.12
2458493.3900063 11.10 0.15
2458493.3903536 11.24 0.17
2458493.3907008 11.16 0.16
2458493.3915688 11.11 0.15
2458493.3917424 11.16 0.16
2458493.3920897 11.17 0.16
2458493.3922633 11.11 0.15
2458493.3926105 10.99 0.14
2458493.3927841 11.09 0.15
2458493.3929577 11.15 0.16
2458493.3931313 11.06 0.15
2458493.3933049 11.16 0.16
2458493.3943466 11.15 0.16
2458493.3945202 11.06 0.14
2458493.3946938 11.13 0.16
2458493.3948674 11.00 0.14
2458493.3953883 11.14 0.16
2458493.3957355 11.21 0.17
2458493.3964308 11.05 0.15
2458493.3986869 10.97 0.14
2458493.3992077 11.03 0.14
2458493.3993813 11.06 0.15
2458493.3995549 11.18 0.16
2458493.4005966 11.01 0.14
2458493.4019855 11.00 0.14
2458493.4023327 11.03 0.14
2458493.4032008 11.02 0.14
2458493.4038952 10.97 0.14
2458493.4040688 10.98 0.14
2458493.4058049 10.99 0.14
2458493.4059786 10.93 0.13
2458493.4061522 11.06 0.15
2458493.4064994 11.05 0.15
2458493.4068466 11.00 0.14
2458493.4071938 11.09 0.15
2458493.4091037 11.06 0.15
2458493.4096244 10.94 0.14
2458493.4099716 11.07 0.15
2458493.4108397 10.99 0.14
2458493.4111869 10.94 0.14
2458493.4115341 11.03 0.15
2458493.4132702 11.11 0.16
2458493.4134438 11.03 0.15
2458493.4139647 11.04 0.15
2458493.4143119 11.00 0.14
2458493.4148327 11.01 0.15
2458493.4157008 11.03 0.15
2458495.2062911 10.83 0.16
2458495.2227841 10.80 0.16
2458495.2377147 10.79 0.15
2458495.2547300 10.86 0.16
2458495.2828536 10.86 0.15
2458495.2838952 10.74 0.13
2458495.2861522 10.78 0.14
2458495.2877147 11.03 0.18
2458495.2937910 10.90 0.16
2458495.2962216 10.88 0.15
2458495.2965688 10.77 0.14
2458495.2996938 10.69 0.13
2458495.3026452 10.91 0.15
2458495.3066383 10.86 0.15
2458495.3108049 10.84 0.15
2458495.3123674 10.96 0.16
2458495.3134091 10.96 0.16
2458495.3135827 10.90 0.16
2458498.1687795 10.81 0.14
2458498.1689531 10.85 0.14
2458498.1694739 10.87 0.15
2458498.1701684 10.83 0.14
2458498.1719045 10.86 0.14
2458498.1750295 10.99 0.16
2458498.1755503 10.80 0.13
2458498.1760711 11.04 0.16
2458498.1762447 11.01 0.16
2458498.1776336 11.08 0.17
2458498.1778072 11.04 0.16
2458498.1781545 10.98 0.15
2458498.1790232 10.90 0.15
2458498.1793701 10.89 0.14
2458498.1797170 10.77 0.13
2458498.1802378 10.89 0.14
2458498.1804114 10.91 0.14
2458498.1807586 11.07 0.17
2458498.1816267 10.98 0.15
2458498.1826684 10.88 0.14
2458498.1828420 10.82 0.13
2458498.1840572 10.99 0.15
2458498.1844045 10.86 0.14
2458498.1845781 10.99 0.15
2458498.1847517 11.01 0.16
2458498.1850989 11.05 0.16
2458498.1854461 10.91 0.14
2458498.1863142 10.99 0.15
2458498.1892656 11.01 0.15
2458498.1894392 10.88 0.14
2458498.1899600 11.08 0.16
2458498.1915225 11.02 0.16
2458498.1916961 10.79 0.12
2458498.1923906 10.84 0.13
2458498.1932586 10.95 0.14
2458498.1934322 10.86 0.13
2458498.1937795 11.00 0.15
2458498.1939531 11.03 0.15
2458498.1946475 11.04 0.15
2458498.1949947 10.91 0.14
2458498.1951684 10.95 0.14
2458498.1953420 10.86 0.13
2458498.1955156 10.95 0.14
2458498.1960378 10.91 0.14
2458498.1963846 10.94 0.14
2458498.1969050 10.88 0.13
2458498.1975989 10.91 0.14
2458498.1977725 10.85 0.13
2458498.1982934 10.99 0.14
2458498.1991614 10.90 0.13
2458498.1998559 11.02 0.15
2458498.2000295 11.12 0.16
2458498.2005503 11.06 0.15
2458498.2012447 10.84 0.12
2458498.2014184 11.03 0.15
2458498.2015920 10.98 0.14
2458498.2031545 10.98 0.14
2458498.2033281 11.01 0.14
2458498.2052378 11.14 0.16
2458498.2055850 11.05 0.15
2458498.2057586 11.03 0.14
2458498.2059323 11.15 0.16
2458498.2062795 11.02 0.14
2458498.2064531 10.87 0.13
2458498.2068003 11.20 0.17
2458498.2076684 11.08 0.15
2458498.2080169 11.10 0.15
2458498.2085373 11.03 0.15
2458498.2087107 11.00 0.14
2458498.2092310 11.09 0.15
2458498.2094045 10.93 0.13
2458498.2100989 11.09 0.15
2458498.2106197 11.16 0.16
2458498.2107934 10.97 0.14
2458498.2111406 11.05 0.15
2458498.2113142 11.07 0.15
2458498.2132239 10.95 0.14
2458498.2137448 11.05 0.15
2458498.2142656 11.15 0.16
2458498.2146128 10.87 0.12
2458498.2147864 11.03 0.14
2458498.2154809 10.99 0.14
2458498.2156545 11.10 0.15
2458498.2163489 11.07 0.15
2458498.2168697 11.08 0.15
2458498.2170434 10.84 0.12
2458498.2175642 11.09 0.15
2458498.2186059 11.01 0.14
2458498.2194739 11.14 0.16
2458498.2201694 11.16 0.16
2458498.2210366 10.97 0.14
2458498.2213836 11.19 0.17
2458498.2217309 11.02 0.14
2458498.2219045 11.04 0.14
2458498.2225989 11.10 0.15
2458498.2229461 11.01 0.14
2458498.2231197 11.19 0.16
2458498.2232934 11.05 0.14
2458498.2234670 10.94 0.13
2458498.2236406 11.12 0.15
2458498.2241614 11.15 0.15
2458498.2245086 10.93 0.13
2458498.2246822 10.92 0.12
2458498.2248559 11.08 0.14
2458498.2252031 11.03 0.14
2458498.2257239 11.07 0.15
2458498.2262447 10.93 0.13
2458498.2264184 11.16 0.16
2458498.2265920 11.03 0.14
2458498.2267656 11.00 0.14
2458498.2286753 11.07 0.14
2458498.2288489 10.91 0.13
2458498.2290225 11.06 0.15
2458498.2293698 10.95 0.13
2458498.2298906 11.10 0.15
2458498.2300642 11.14 0.16
2458498.2305850 11.04 0.14
2458498.2307586 11.01 0.14
2458498.2312795 11.10 0.15
2458498.2319750 11.08 0.15
2458498.2321485 11.12 0.16
2458498.2324954 11.05 0.15
2458498.2335364 11.14 0.16
2458498.2337100 11.06 0.15
2458498.2340572 11.08 0.15
2458498.2342309 11.17 0.16
2458498.2347517 11.09 0.15
2458498.2349253 10.92 0.13
2458498.2352725 11.03 0.15
2458498.2354461 11.11 0.16
2458498.2356198 11.04 0.14
2458498.2361406 11.01 0.14
2458498.2363142 10.87 0.13
2458498.2364878 11.08 0.15
2458498.2368350 11.12 0.16
2458498.2373559 11.00 0.14
2458498.2378767 11.02 0.15
2458498.2380503 10.88 0.13
2458498.2383975 11.13 0.16
2458498.2392656 10.95 0.14
2458498.2396128 10.84 0.13
2458498.2408281 10.94 0.14
2458498.2430850 10.95 0.14
2458498.2443010 10.99 0.14
2458498.2453420 11.09 0.16
2458498.2455156 11.13 0.16
2458498.2460364 10.89 0.13
2458498.2465572 11.13 0.17
2458498.2474253 10.99 0.14
2458498.2484670 10.98 0.14
2458498.2489878 11.01 0.15
2458498.2491614 11.04 0.15
2458498.2493350 10.94 0.14
2458498.2495086 10.98 0.14
2458498.2505503 11.01 0.15
2458498.2510711 11.04 0.15
2458498.2514184 11.00 0.15
2458498.2515920 10.94 0.14
2458498.2517656 11.01 0.15
2458498.2533281 11.03 0.15
2458498.2536753 10.89 0.13
2458498.2602725 11.07 0.16
2458498.2614878 10.94 0.14
2458498.2627031 11.24 0.15
2458498.2632239 10.93 0.11
2458498.2635711 10.98 0.12
2458498.2637447 10.89 0.11
2458498.2640920 11.14 0.14
2458498.2644392 11.08 0.13
2458498.2646128 11.00 0.12
2458498.2649600 11.13 0.15
2458498.2651336 11.08 0.14
2458498.2656545 11.16 0.15
2458498.2658281 11.14 0.14
2458498.2660017 11.10 0.14
2458498.2665225 10.98 0.12
2458498.2666961 11.22 0.15
2458498.2670434 11.30 0.16
2458498.2672170 11.11 0.14
2458498.2677389 11.22 0.15
2458498.2680858 11.19 0.15
2458498.2682593 11.10 0.14
2458498.2684327 11.03 0.13
2458498.2687796 11.07 0.13
2458498.2689531 11.22 0.15
2458498.2691267 11.07 0.13
2458498.2694739 10.92 0.11
2458498.2698211 11.01 0.13
2458498.2699947 11.22 0.15
2458498.2703420 11.04 0.13
2458498.2705156 11.33 0.17
2458498.2706892 11.17 0.14
2458498.2708628 11.22 0.15
2458498.2710364 11.10 0.13
2458498.2712100 11.20 0.15
2458498.2713836 11.15 0.14
2458498.2715572 11.20 0.15
2458498.2717309 11.02 0.13
2458498.2725989 11.12 0.14
2458498.2729461 11.04 0.13
2458498.2732934 11.04 0.13
2458498.2736406 11.11 0.13
2458498.2739878 11.09 0.13
2458498.2741614 11.07 0.13
2458498.2743350 11.18 0.14
2458498.2745086 11.25 0.15
2458498.2746823 10.91 0.11
2458498.2750295 11.27 0.15
2458498.2752031 11.05 0.13
2458498.2753767 11.17 0.14
2458498.2755503 11.09 0.13
2458498.2757239 11.03 0.12
2458498.2758975 11.11 0.13
2458498.2760711 10.98 0.12
2458498.2764184 11.10 0.13
2458498.2767656 11.08 0.13
2458498.2771128 11.21 0.15
2458498.2774600 11.11 0.14
2458498.2778072 11.19 0.15
2458498.2781545 11.23 0.15
2458498.2785017 11.11 0.14
2458498.2788489 11.17 0.14
2458498.2791961 11.09 0.13
2458498.2793697 11.03 0.13
2458498.2795448 10.97 0.12
2458498.2800651 11.31 0.16
2458498.2807589 11.02 0.13
2458498.2809323 11.19 0.15
2458498.2814531 10.97 0.12
2458498.2818003 10.92 0.11
2458498.2821475 10.96 0.12
2458498.2826684 11.24 0.16
2458498.2828420 11.12 0.14
2458498.2831892 11.24 0.15
2458498.2833628 11.18 0.15
2458498.2835364 11.24 0.16
2458498.2838836 11.20 0.15
2458498.2840573 10.93 0.12
2458498.2844045 11.24 0.15
2458498.2845781 11.11 0.14
2458498.2847517 11.07 0.13
2458498.2850989 11.17 0.14
2458498.2852725 11.25 0.16
2458498.2863142 11.24 0.16
2458498.2870086 11.15 0.14
2458498.2871822 11.15 0.15
2458498.2873559 11.15 0.14
2458498.2880503 10.98 0.13
2458498.2883975 11.20 0.15
2458498.2885711 11.20 0.15
2458498.2887447 11.13 0.14
2458498.2889184 11.11 0.14
2458498.2901336 11.06 0.13
2458498.2904809 11.31 0.16
2458498.2906545 11.18 0.15
2458498.2910017 11.23 0.15
2458498.2913489 11.10 0.14
2458498.2916974 11.12 0.14
2458498.2920443 11.20 0.15
2458498.2929115 11.05 0.13
2458498.2932586 11.15 0.15
2458498.2934322 11.22 0.16
2458498.2937795 11.14 0.14
2458498.2939531 11.17 0.15
2458498.2941267 11.24 0.16
2458498.2949947 11.16 0.15
2458498.2953420 11.08 0.14
2458498.2955156 11.19 0.15
2458498.2956892 11.05 0.13
2458498.2962100 11.16 0.15
2458498.2963836 11.15 0.15
2458498.2965572 10.99 0.13
2458498.2972517 11.14 0.14
2458498.2974253 11.10 0.14
2458498.2986406 11.18 0.15
2458498.2988142 11.24 0.16
2458498.2989878 11.12 0.14
2458498.3002031 11.20 0.15
2458498.3005503 11.17 0.15
2458498.3008975 11.23 0.16
2458498.3010711 11.03 0.13
2458498.3012447 11.15 0.15
2458498.3014184 11.18 0.15
2458498.3017656 11.06 0.13
2458498.3019392 11.00 0.13
2458498.3026336 11.03 0.13
2458498.3029809 11.16 0.15
2458498.3036766 10.99 0.12
2458498.3038500 11.22 0.15
2458498.3040235 11.21 0.15
2458498.3041969 11.21 0.15
2458498.3043703 11.05 0.13
2458498.3045438 11.30 0.16
2458498.3047172 11.24 0.15
2458498.3048907 11.11 0.14
2458498.3050642 11.15 0.14
2458498.3052378 11.24 0.16
2458498.3057586 11.17 0.14
2458498.3062795 11.14 0.14
2458498.3066267 11.14 0.14
2458498.3071475 11.04 0.13
2458498.3073211 11.00 0.13
2458498.3074948 11.30 0.17
2458498.3076684 11.14 0.14
2458498.3080156 11.33 0.17
2458498.3081892 11.04 0.13
2458498.3083628 11.13 0.14
2458498.3085364 11.06 0.13
2458498.3087100 11.15 0.15
2458498.3090572 11.11 0.14
2458498.3092309 11.06 0.14
2458498.3097517 11.17 0.15
2458498.3099253 11.27 0.16
2458498.3100989 11.10 0.14
2458498.3104461 11.15 0.15
2458498.3107934 11.16 0.15
2458498.3109670 11.10 0.14
2458498.3114878 11.21 0.16
2458498.3116614 11.11 0.14
2458498.3120086 11.18 0.15
2458498.3123559 11.07 0.14
2458498.3137448 11.03 0.13
2458498.3140920 11.05 0.14
2458498.3146128 11.13 0.14
2458498.3147864 11.15 0.15
2458498.3163496 11.10 0.14
2458498.3170434 11.11 0.14
2458498.3172170 11.03 0.13
2458498.3175642 11.17 0.15
2458500.2342077 10.94 0.16
2458500.2350758 10.83 0.15
2458500.2442772 10.86 0.14
2458500.2465341 11.00 0.16
2458500.2520897 11.05 0.17
2458500.2541730 10.94 0.15
2458500.2578188 11.13 0.18
2458500.2597285 11.00 0.16
2458500.2626799 11.00 0.16
2458500.2628535 10.95 0.15
2458500.2630272 10.98 0.15
2458500.2635480 11.00 0.15
2458500.2654577 11.01 0.15
2458500.2670202 10.97 0.15
2458500.2675410 10.93 0.14
2458500.2701452 10.86 0.13
2458500.2708397 10.87 0.14
2458500.2717077 11.01 0.15
2458500.2720549 11.05 0.16
2458500.2722285 11.01 0.15
2458500.2750063 10.94 0.14
2458500.2753535 11.02 0.15
2458500.2755272 10.84 0.13
2458500.2760480 11.03 0.15
2458500.2776105 10.89 0.14
2458500.2791730 11.00 0.15
2458500.2800410 11.08 0.16
2458500.2803896 10.97 0.15
2458500.2816037 10.82 0.13
2458500.2840341 10.75 0.12
2458500.2859438 11.06 0.16
2458500.2862911 11.03 0.15
2458500.2876799 11.03 0.16
2458500.2887216 11.02 0.15
2458500.2904577 10.93 0.13
2458500.2906313 10.91 0.13
2458500.2909785 11.09 0.16
2458500.2913258 11.04 0.15
2458500.2916730 11.03 0.15
2458500.2918466 11.04 0.15