2458467.3668514 10.94 0.14
2458467.3673723 11.15 0.17
2458467.3678931 11.07 0.15
2458467.3680667 10.88 0.13
2458467.3684139 11.11 0.16
2458467.3685875 10.90 0.13
2458467.3689347 11.01 0.15
2458467.3692820 10.87 0.13
2458467.3703236 10.96 0.14
2458467.3704972 10.88 0.13
2458467.3706709 11.01 0.15
2458467.3710181 11.01 0.15
2458467.3717125 10.97 0.14
2458467.3718861 10.94 0.14
2458467.3729278 10.99 0.15
2458467.3737959 11.11 0.16
2458467.3739695 11.02 0.15
2458467.3743167 11.01 0.15
2458467.3757067 10.93 0.14
2458467.3769209 11.02 0.15
2458467.3770945 10.96 0.14
2458467.3774417 10.83 0.13
2458467.3781361 10.94 0.14
2458467.3783097 10.98 0.15
2458467.3784834 10.97 0.14
2458467.3786570 10.86 0.13
2458467.3803931 10.92 0.14
2458467.3805667 10.88 0.13
2458467.3812611 11.00 0.15
2458467.3819556 10.98 0.14
2458467.3823028 11.02 0.15
2458467.3824764 10.98 0.15
2458467.3826500 11.02 0.15
2458467.3829973 10.99 0.15
2458467.3831709 11.09 0.16
2458467.3833445 11.01 0.15
2458467.3835181 10.93 0.14
2458467.3838653 11.04 0.16
2458467.3840389 10.93 0.14
2458467.3843861 11.16 0.18
2458467.3845597 10.97 0.15
2458467.3849070 11.08 0.16
2458467.3852542 11.10 0.16
2458467.3854278 10.83 0.13
2458467.3861222 10.99 0.15
2458467.3862959 10.97 0.15
2458467.3866431 11.00 0.15
2458467.3873389 11.05 0.16
2458467.3878592 10.83 0.13
2458467.3883795 10.91 0.14
2458467.3885530 10.81 0.13
2458467.3889000 10.99 0.15
2458467.3890736 10.88 0.13
2458467.3894209 11.09 0.16
2458467.3897681 10.97 0.15
2458467.3901153 11.06 0.16
2458467.3902889 10.97 0.15
2458467.3906361 10.89 0.14
2458467.3908098 10.92 0.14
2458467.3915042 11.03 0.15
2458467.3916778 10.97 0.14
2458467.3923722 11.00 0.15
2458467.3925459 10.80 0.13
2458467.3927195 10.99 0.15
2458467.3932403 10.91 0.14
2458467.3944556 10.86 0.13
2458467.3946292 11.03 0.15
2458467.3948028 10.86 0.13
2458467.3949764 11.06 0.16
2458467.3951500 10.86 0.13
2458467.3956709 10.97 0.15
2458467.3960181 10.95 0.15
2458467.3963653 10.95 0.14
2458467.3970598 10.83 0.13
2458467.3972334 10.85 0.13
2458467.3974070 10.89 0.14
2458467.3975806 11.03 0.15
2458467.3979278 10.98 0.15
2458467.3982750 11.08 0.16
2458467.3984486 11.02 0.15
2458467.3987959 10.91 0.14
2458467.3989695 10.90 0.14
2458467.3991431 10.68 0.11
2458467.3993180 10.91 0.14
2458467.3998383 10.95 0.14
2458467.4000118 10.93 0.14
2458467.4003586 11.03 0.15
2458467.4005321 10.91 0.14
2458467.4007056 10.86 0.13
2458467.4010528 10.95 0.14
2458467.4014000 10.88 0.14
2458467.4020945 10.88 0.13
2458467.4031361 10.95 0.15
2458467.4033098 10.90 0.14
2458467.4034834 10.93 0.14
2458467.4038306 10.81 0.13
2458467.4040042 10.83 0.13
2458467.4043514 10.96 0.15
2458467.4046986 11.00 0.15
2458467.4057403 10.84 0.13
2458467.4060875 10.93 0.14
2458467.4062611 10.73 0.12
2458467.4067820 10.85 0.13
2458467.4073028 11.06 0.16
2458467.4074764 10.75 0.12
2458467.4093861 10.96 0.14
2458467.4095597 10.82 0.13
2458467.4099070 11.06 0.16
2458467.4100806 10.77 0.12
2458467.4102542 10.96 0.15
2458467.4106014 10.96 0.15
2458467.4107750 10.97 0.15
2458467.4109486 10.89 0.14
2458467.4111236 11.03 0.16
2458467.4112971 10.86 0.13
2458467.4116440 10.99 0.15
2458467.4119908 11.06 0.16
2458467.4125112 11.05 0.16
2458467.4132056 10.76 0.12
2458467.4135528 10.86 0.13
2458467.4140736 10.76 0.12
2458467.4149417 10.84 0.13
2458467.4152889 10.79 0.13
2458467.4156361 10.79 0.13
2458467.4158097 10.84 0.13
2458467.4165042 10.98 0.15
2458467.4170250 10.98 0.15
2458467.4173722 10.91 0.14
2458467.4182403 10.91 0.14
2458467.4185875 11.10 0.17
2458467.4192820 10.85 0.14
2458467.4194556 10.93 0.15
2458469.3667865 10.84 0.09
2458469.3670135 10.95 0.11
2458469.3671871 11.05 0.11
2458469.3673607 10.89 0.10
2458469.3675343 11.02 0.11
2458469.3677079 11.01 0.11
2458469.3678815 11.11 0.12
2458469.3680551 10.92 0.10
2458469.3682287 11.02 0.11
2458469.3684023 10.91 0.10
2458469.3685760 10.87 0.10
2458469.3687496 11.07 0.12
2458469.3689232 11.00 0.11
2458469.3690968 11.02 0.11
2458469.3692704 10.86 0.10
2458469.3694440 11.05 0.12
2458469.3696176 10.90 0.10
2458469.3697912 11.12 0.12
2458469.3699648 11.18 0.13
2458469.3701384 11.01 0.11
2458469.3703121 11.09 0.12
2458469.3704857 10.87 0.10
2458469.3706593 11.03 0.11
2458469.3708329 11.02 0.11
2458469.3710065 11.09 0.12
2458469.3711801 10.95 0.11
2458469.3713537 11.11 0.12
2458469.3715273 10.98 0.11
2458469.3717009 11.14 0.13
2458469.3718746 10.91 0.10
2458469.3720482 10.92 0.10
2458469.3722218 11.01 0.11
2458469.3723954 10.87 0.10
2458469.3725690 11.09 0.12
2458469.3727426 10.88 0.10
2458469.3729162 11.08 0.12
2458469.3730898 11.08 0.12
2458469.3732635 10.95 0.11
2458469.3734371 10.89 0.10
2458469.3736107 11.01 0.11
2458469.3737843 11.03 0.11
2458469.3739579 10.94 0.11
2458469.3741315 10.95 0.11
2458469.3743051 11.00 0.11
2458469.3744787 11.11 0.12
2458469.3746524 10.94 0.10
2458469.3748260 11.08 0.12
2458469.3749996 10.94 0.10
2458469.3751732 11.10 0.12
2458469.3753468 11.00 0.11
2458469.3755204 10.98 0.11
2458469.3756940 11.00 0.11
2458469.3758676 10.93 0.10
2458469.3760425 10.95 0.11
2458469.3762159 10.93 0.10
2458469.3763894 10.90 0.10
2458469.3765628 11.05 0.12
2458469.3767363 11.08 0.12
2458469.3769097 11.13 0.12
2458469.3770832 11.02 0.11
2458469.3772566 10.87 0.10
2458469.3774301 11.13 0.12
2458469.3776037 10.92 0.10
2458469.3777773 11.00 0.11
2458469.3779510 10.99 0.11
2458469.3781246 10.96 0.11
2458469.3782982 11.04 0.11
2458469.3784718 10.96 0.11
2458469.3786454 10.82 0.09
2458488.3044163 10.69 0.11
2458488.3045899 10.99 0.14
2458488.3049371 10.87 0.12
2458488.3052844 10.98 0.14
2458488.3054579 11.00 0.14
2458488.3056316 11.04 0.14
2458488.3058052 11.01 0.14
2458488.3059788 10.97 0.13
2458488.3061524 10.89 0.13
2458488.3063260 10.95 0.13
2458488.3064996 10.93 0.13
2458488.3066732 10.95 0.13
2458488.3068468 11.00 0.14
2458488.3071941 11.07 0.15
2458488.3073677 10.90 0.13
2458488.3075413 10.93 0.13
2458488.3077149 11.11 0.15
2458488.3080621 10.99 0.14
2458488.3084093 10.97 0.14
2458488.3092788 11.10 0.15
2458488.3094522 10.90 0.13
2458488.3096257 11.10 0.15
2458488.3097991 11.06 0.15
2458488.3099726 10.88 0.13
2458488.3101460 10.86 0.12
2458488.3103194 10.97 0.14
2458488.3104929 11.03 0.14
2458488.3111871 10.89 0.13
2458488.3113607 10.82 0.12
2458488.3115344 11.01 0.14
2458488.3118816 11.05 0.15
2458488.3120552 11.02 0.14
2458488.3124024 10.93 0.13
2458488.3125760 10.94 0.13
2458488.3129232 11.02 0.15
2458488.3130969 11.04 0.15
2458488.3134441 10.91 0.13
2458488.3136177 10.88 0.13
2458488.3139649 11.00 0.14
2458488.3143121 11.00 0.14
2458488.3144857 10.99 0.14
2458488.3146593 10.78 0.12
2458488.3155274 10.90 0.13
2458488.3167427 10.91 0.13
2458488.3169163 11.01 0.14
2458488.3170899 10.96 0.14
2458488.3172635 10.96 0.14
2458488.3181316 11.04 0.15
2458488.3184788 10.91 0.13
2458488.3186524 10.81 0.12
2458488.3189996 10.94 0.14
2458488.3198677 10.94 0.14
2458488.3200413 10.99 0.14
2458488.3203885 10.97 0.14
2458488.3205621 10.93 0.14
2458488.3209094 11.01 0.14
2458488.3210830 10.87 0.13
2458488.3217783 10.76 0.12
2458488.3219517 11.02 0.15
2458488.3221252 10.82 0.12
2458488.3222986 10.71 0.11
2458488.3224720 11.06 0.15
2458488.3233399 11.00 0.15
2458488.3235135 10.82 0.12
2458488.3236871 11.06 0.15
2458488.3240343 10.93 0.14
2458488.3242080 10.91 0.14
2458488.3245552 10.86 0.13
2458488.3247288 11.10 0.16
2458488.3250760 11.10 0.16
2458488.3252496 11.13 0.16
2458488.3255969 10.87 0.13
2458488.3257705 10.92 0.14
2458488.3264649 10.94 0.14
2458488.3268121 10.96 0.14
2458488.3269857 11.10 0.16
2458488.3275066 10.89 0.13
2458488.3276802 11.02 0.15
2458488.3280274 10.99 0.15
2458488.3283746 10.94 0.14
2458488.3285482 11.02 0.15
2458488.3287218 11.04 0.15
2458488.3288955 11.12 0.16
2458488.3290691 10.99 0.15
2458488.3292427 10.92 0.14
2458488.3295899 10.93 0.14
2458488.3297635 11.11 0.16
2458488.3299371 11.06 0.16
2458488.3301107 10.72 0.12
2458488.3308052 11.00 0.15
2458488.3313260 10.98 0.15
2458488.3318468 10.99 0.15
2458488.3321941 10.99 0.15
2458488.3327149 10.92 0.14
2458488.3332370 10.95 0.14
2458488.3354927 10.81 0.13
2458488.3356663 11.03 0.15
2458488.3361871 11.00 0.15
2458488.3367080 10.96 0.14
2458488.3370552 10.88 0.13
2458488.3379232 10.92 0.14
2458488.3391385 10.88 0.13
2458488.3419163 10.98 0.15
2458488.3420899 11.06 0.16
2458488.3422635 10.71 0.12
2458488.3424371 10.90 0.14
2458488.3429580 10.99 0.15
2458488.3431316 11.04 0.15
2458488.3433052 10.91 0.14
2458488.3436524 10.88 0.14
2458488.3459100 11.01 0.15
2458488.3460834 10.87 0.13
2458488.3462569 11.03 0.16
2458488.3467774 11.06 0.16
2458488.3490344 10.97 0.15
2458488.3492080 10.81 0.13
2458488.3493816 10.99 0.15
2458488.3502496 10.93 0.14
2458488.3504232 10.90 0.14
2458488.3519857 10.79 0.12
2458488.3530274 10.93 0.14
2458488.3532010 11.06 0.16
2458488.3535482 10.91 0.14
2458488.3537218 10.95 0.14
2458488.3542427 10.93 0.14
2458488.3544163 11.04 0.16
2458488.3558052 10.96 0.15
2458488.3559788 10.93 0.14
2458488.3566732 11.05 0.16
2458488.3568469 10.87 0.13
2458488.3571953 10.76 0.12
2458488.3577156 10.93 0.14
2458488.3584094 10.96 0.14
2458488.3585830 11.00 0.15
2458488.3587566 10.98 0.15
2458488.3591038 10.74 0.12
2458488.3596246 11.03 0.15
2458488.3606663 10.91 0.14
2458488.3608399 11.05 0.16
2458488.3610135 11.06 0.16
2458488.3611871 10.94 0.14
2458488.3615343 11.00 0.15
2458488.3620552 11.09 0.16
2458488.3632705 10.95 0.14
2458488.3636177 10.86 0.13
2458488.3644857 11.09 0.16
2458488.3651802 11.09 0.16
2458488.3655274 10.87 0.13
2458488.3663955 10.87 0.13
2458488.3684788 11.05 0.16
2458488.3688260 11.04 0.16
2458488.3690010 10.93 0.14
2458488.3691744 10.95 0.15
2458488.3696948 10.94 0.15
2458488.3702150 10.99 0.15
2458488.3703885 10.99 0.15
2458488.3709093 11.06 0.16
2458488.3710830 10.95 0.15
2458488.3712566 10.84 0.13
2458488.3714302 10.97 0.15
2458488.3719510 10.95 0.15
2458488.3722982 10.87 0.14
2458488.3724718 11.03 0.16
2458488.3728191 10.90 0.14
2458488.3735135 10.91 0.14
2458488.3740343 10.85 0.13
2458493.2521475 11.04 0.14
2458493.2523211 10.97 0.13
2458493.2524947 11.00 0.14
2458493.2526684 10.87 0.12
2458493.2528420 11.11 0.15
2458493.2530156 11.09 0.15
2458493.2531892 10.96 0.13
2458493.2535364 11.02 0.14
2458493.2537100 11.03 0.14
2458493.2538836 11.05 0.14
2458493.2540586 10.83 0.12
2458493.2542320 10.95 0.13
2458493.2544055 11.12 0.15
2458493.2545789 11.01 0.14
2458493.2547524 10.99 0.14
2458493.2549258 10.87 0.12
2458493.2550993 10.98 0.13
2458493.2552727 11.04 0.14
2458493.2554461 10.82 0.12
2458493.2561406 11.03 0.14
2458493.2563142 10.91 0.13
2458493.2564878 10.92 0.12
2458493.2568350 10.94 0.13
2458493.2570086 10.91 0.13
2458493.2571823 11.07 0.14
2458493.2575295 10.94 0.13
2458493.2578767 11.04 0.14
2458493.2580503 10.92 0.13
2458493.2582239 11.05 0.14
2458493.2587447 11.08 0.14
2458493.2589184 10.82 0.12
2458493.2594392 10.94 0.13
2458493.2597864 11.04 0.14
2458493.2599600 11.03 0.14
2458493.2601336 11.17 0.16
2458493.2603072 11.04 0.14
2458493.2604809 11.05 0.14
2458493.2606545 10.93 0.13
2458493.2608281 11.14 0.15
2458493.2610017 11.13 0.15
2458493.2611753 10.96 0.13
2458493.2613489 11.07 0.14
2458493.2615225 11.14 0.15
2458493.2620434 11.00 0.14
2458493.2622170 10.87 0.12
2458493.2623906 10.96 0.13
2458493.2629114 11.13 0.15
2458493.2630850 10.90 0.12
2458493.2632586 10.85 0.12
2458493.2634323 10.85 0.12
2458493.2636059 11.00 0.13
2458493.2637795 10.98 0.13
2458493.2639531 10.91 0.12
2458493.2641267 10.99 0.13
2458493.2643003 11.05 0.14
2458493.2646475 10.99 0.13
2458493.2648211 11.12 0.15
2458493.2649948 10.88 0.12
2458493.2651684 11.03 0.14
2458493.2653420 11.00 0.13
2458493.2655156 11.03 0.14
2458493.2656892 10.92 0.12
2458493.2658628 11.08 0.14
2458493.2660378 11.00 0.13
2458493.2662112 10.97 0.13
2458493.2663847 10.95 0.13
2458493.2665581 10.96 0.13
2458493.2667316 11.05 0.14
2458493.2669050 10.97 0.13
2458493.2670784 10.87 0.12
2458493.2674253 10.97 0.13
2458493.2677725 10.95 0.13
2458493.2679461 11.09 0.14
2458493.2681197 11.06 0.14
2458493.2682934 11.00 0.13
2458493.2684670 11.04 0.14
2458493.2686406 10.95 0.13
2458493.2688142 10.97 0.13
2458493.2689878 10.87 0.12
2458493.2693350 11.09 0.15
2458493.2696822 11.15 0.15
2458493.2698559 11.18 0.16
2458493.2700295 10.88 0.12
2458493.2702031 11.08 0.14
2458493.2703767 10.98 0.13
2458493.2705503 10.88 0.12
2458493.2707239 10.93 0.13
2458493.2712448 10.91 0.13
2458493.2714184 10.84 0.12
2458493.2717656 11.15 0.15
2458493.2724600 11.01 0.14
2458493.2726336 10.84 0.12
2458493.2728073 10.93 0.13
2458493.2729809 11.15 0.15
2458493.2731545 10.91 0.12
2458493.2733281 11.12 0.15
2458493.2735017 11.09 0.15
2458493.2736753 11.00 0.13
2458493.2738489 10.89 0.12
2458493.2741961 10.99 0.13
2458493.2743697 10.96 0.13
2458493.2745434 10.90 0.12
2458493.2747170 10.87 0.12
2458493.2748906 10.93 0.13
2458493.2750642 10.86 0.12
2458493.2752378 10.82 0.12
2458493.2754114 10.97 0.13
2458493.2757586 11.05 0.14
2458493.2759322 11.03 0.14
2458493.2761059 10.86 0.12
2458493.2762795 11.00 0.14
2458493.2766267 11.12 0.15
2458493.2768003 11.03 0.14
2458493.2769739 10.92 0.12
2458493.2771475 11.07 0.14
2458493.2776684 11.21 0.16
2458493.2778420 10.93 0.13
2458493.2780169 11.07 0.14
2458493.2781904 11.04 0.14
2458493.2783638 10.98 0.13
2458493.2785373 11.00 0.13
2458493.2790576 11.04 0.14
2458493.2792310 10.96 0.13
2458493.2794045 10.89 0.12
2458493.2795781 10.99 0.13
2458493.2799253 11.06 0.14
2458493.2802725 10.99 0.13
2458493.2806198 10.87 0.12
2458493.2811406 10.98 0.13
2458493.2813142 10.99 0.13
2458493.2814878 10.82 0.11
2458493.2816614 10.97 0.13
2458493.2818350 11.14 0.15
2458493.2820086 10.99 0.13
2458493.2821822 10.94 0.13
2458493.2823559 11.06 0.14
2458493.2825295 10.98 0.13
2458493.2827031 10.86 0.12
2458493.2830503 10.88 0.12
2458493.2832239 11.05 0.14
2458493.2833975 10.97 0.13
2458493.2835711 11.11 0.15
2458493.2839184 10.97 0.13
2458493.2840920 11.19 0.16
2458493.2842656 11.09 0.15
2458493.2844392 10.93 0.13
2458493.2846128 10.86 0.12
2458493.2849600 10.91 0.12
2458493.2851336 10.81 0.11
2458493.2854809 10.95 0.13
2458493.2856545 10.83 0.12
2458493.2858281 10.96 0.13
2458493.2860017 11.02 0.14
2458493.2861753 10.86 0.12
2458493.2863489 10.82 0.12
2458493.2866961 11.04 0.14
2458493.2868698 10.89 0.12
2458493.2870434 10.90 0.12
2458493.2872170 11.01 0.14
2458493.2873906 10.88 0.12
2458493.2877378 11.07 0.14
2458493.2879114 10.89 0.12
2458493.2880850 11.24 0.17
2458493.2882586 10.97 0.13
2458493.2884323 10.80 0.11
2458493.2887795 10.79 0.11
2458493.2891267 10.96 0.13
2458493.2893003 11.03 0.14
2458493.2894739 10.95 0.13
2458493.2896475 10.81 0.11
2458493.2898211 10.91 0.13
2458493.2903429 10.94 0.13
2458493.2906898 10.94 0.13
2458493.2908633 10.83 0.12
2458493.2910367 10.89 0.12
2458493.2915572 10.89 0.12
2458493.2917309 11.08 0.14
2458493.2920781 11.06 0.14
2458493.2922517 11.03 0.14
2458493.2924253 11.10 0.15
2458493.2931197 11.15 0.15
2458493.2936406 10.96 0.13
2458493.2941614 10.81 0.11
2458493.2943350 10.89 0.12
2458493.2945086 10.75 0.11
2458493.2946823 11.01 0.14
2458493.2952031 10.90 0.12
2458493.2955503 11.06 0.14
2458493.2957239 11.09 0.15
2458493.2960711 10.94 0.13
2458493.2962448 11.01 0.14
2458493.2969392 11.01 0.14
2458493.2974600 11.11 0.15
2458493.2976336 11.03 0.14
2458493.2978072 10.87 0.12
2458493.2979809 11.12 0.15
2458493.2981545 11.15 0.16
2458493.2983281 10.87 0.12
2458493.2985017 11.05 0.14
2458493.2986753 10.91 0.13
2458493.2988489 10.92 0.13
2458493.2990225 10.79 0.11
2458493.2993697 11.05 0.14
2458493.2995434 10.91 0.13
2458493.2997170 11.17 0.16
2458493.2998906 11.06 0.15
2458493.3000642 11.03 0.14
2458493.3002378 10.91 0.13
2458493.3004114 10.93 0.13
2458493.3005850 11.08 0.15
2458493.3007586 11.06 0.14
2458493.3018931 11.02 0.14
2458493.3025063 10.93 0.13
2458493.3028536 10.97 0.13
2458493.3030272 10.89 0.12
2458493.3033744 11.01 0.14
2458493.3035480 10.86 0.12
2458493.3037216 11.08 0.15
2458493.3040688 11.09 0.14
2458493.3044161 11.03 0.14
2458493.3047633 11.15 0.15
2458493.3051105 11.09 0.14
2458493.3052841 11.11 0.15
2458493.3054577 11.00 0.13
2458493.3056313 10.89 0.12
2458493.3058049 11.01 0.14
2458493.3059785 11.01 0.13
2458493.3061522 11.19 0.16
2458493.3063258 11.07 0.14
2458493.3064994 10.99 0.13
2458493.3066730 10.90 0.12
2458493.3068466 11.15 0.15
2458493.3070202 11.16 0.15
2458493.3071938 11.00 0.13
2458493.3073674 10.99 0.13
2458493.3075410 10.90 0.12
2458493.3077147 10.94 0.13
2458493.3078883 11.12 0.15
2458493.3080619 11.15 0.15
2458493.3082355 11.02 0.14
2458493.3084091 10.87 0.12
2458493.3085827 11.06 0.14
2458493.3087563 11.08 0.14
2458493.3091036 11.05 0.14
2458493.3092772 10.90 0.12
2458493.3094508 11.00 0.13
2458493.3096244 11.15 0.15
2458493.3099716 11.04 0.14
2458493.3101452 11.02 0.13
2458493.3103188 10.92 0.12
2458493.3106661 11.10 0.15
2458493.3108397 10.99 0.13
2458493.3111869 10.97 0.13
2458493.3120549 11.02 0.14
2458493.3122298 11.15 0.15
2458493.3125767 11.00 0.13
2458493.3127502 11.01 0.13
2458493.3129236 11.07 0.14
2458493.3134439 11.06 0.14
2458493.3136174 11.18 0.15
2458493.3137910 11.07 0.14
2458493.3139647 11.21 0.16
2458493.3141383 11.18 0.16
2458493.3143119 11.14 0.15
2458493.3144855 10.95 0.13
2458493.3146591 10.93 0.12
2458493.3148327 11.03 0.14
2458493.3150063 10.99 0.13
2458493.3151799 11.05 0.14
2458493.3153535 11.03 0.14
2458493.3157008 11.09 0.14
2458493.3160480 11.13 0.15
2458493.3162216 11.03 0.14
2458493.3165688 11.17 0.15
2458493.3167424 11.13 0.15
2458493.3169161 11.05 0.14
2458493.3170897 11.18 0.15
2458493.3172633 11.06 0.14
2458493.3174369 11.08 0.14
2458493.3176105 11.05 0.14
2458493.3177841 11.03 0.13
2458493.3181313 10.96 0.13
2458493.3183049 11.17 0.15
2458493.3186522 11.10 0.14
2458493.3188258 11.14 0.15
2458493.3196938 11.08 0.14
2458493.3198674 11.07 0.14
2458493.3200411 11.07 0.14
2458493.3203883 11.13 0.15
2458493.3207355 11.06 0.14
2458493.3209091 10.96 0.13
2458493.3212563 10.97 0.13
2458493.3214299 11.09 0.14
2458493.3216035 11.13 0.15
2458493.3219508 11.14 0.15
2458493.3221244 11.09 0.14
2458493.3222980 10.98 0.13
2458493.3224716 11.00 0.13
2458493.3226452 10.95 0.13
2458493.3228188 10.94 0.13
2458493.3229924 10.87 0.12
2458493.3233397 11.09 0.14
2458493.3235133 10.81 0.11
2458493.3238605 11.04 0.14
2458493.3240341 11.09 0.14
2458493.3242090 11.09 0.14
2458493.3245559 11.08 0.14
2458493.3249028 10.99 0.13
2458493.3252497 10.99 0.13
2458493.3255966 11.05 0.14
2458493.3257702 11.07 0.14
2458493.3261174 10.93 0.12
2458493.3264647 11.04 0.14
2458493.3268119 10.95 0.12
2458493.3269855 11.13 0.15
2458493.3275063 10.88 0.12
2458493.3276799 11.20 0.16
2458493.3278536 10.75 0.10
2458493.3280272 11.05 0.14
2458493.3282008 11.10 0.14
2458493.3285480 11.17 0.15
2458493.3287216 11.19 0.15
2458493.3288952 11.13 0.15
2458493.3294160 11.07 0.14
2458493.3295897 11.14 0.15
2458493.3297633 11.01 0.13
2458493.3301105 11.12 0.14
2458493.3302841 10.97 0.13
2458493.3304577 11.03 0.13
2458493.3306313 11.09 0.14
2458493.3308049 11.08 0.14
2458493.3309785 11.10 0.14
2458493.3313258 11.06 0.14
2458493.3314994 11.14 0.15
2458493.3316730 11.01 0.13
2458493.3318466 11.03 0.13
2458493.3320202 11.11 0.14
2458493.3321938 11.03 0.13
2458493.3323674 11.19 0.15
2458493.3325411 11.08 0.14
2458493.3327147 11.06 0.14
2458493.3330619 10.90 0.12
2458493.3332355 11.05 0.14
2458493.3335827 11.13 0.15
2458493.3342772 11.05 0.14
2458493.3347980 10.92 0.12
2458493.3349716 11.08 0.14
2458493.3354924 11.05 0.14
2458493.3356661 11.04 0.14
2458493.3358397 10.95 0.13
2458493.3361882 10.98 0.13
2458493.3363616 11.10 0.14
2458493.3368820 11.10 0.14
2458493.3370554 11.11 0.15
2458493.3372288 11.01 0.13
2458493.3374023 10.92 0.12
2458493.3375758 10.97 0.13
2458493.3377494 11.02 0.13
2458493.3379230 11.02 0.14
2458493.3380966 11.15 0.15
2458493.3382702 11.17 0.15
2458493.3384438 11.12 0.15
2458493.3386174 11.15 0.15
2458493.3387910 11.13 0.15
2458493.3389647 10.99 0.13
2458493.3391383 11.11 0.14
2458493.3393119 11.20 0.16
2458493.3394855 11.13 0.15
2458493.3398327 11.06 0.14
2458493.3400063 10.99 0.13
2458493.3401799 11.03 0.14
2458493.3403536 11.17 0.16
2458493.3405272 10.83 0.11
2458493.3407008 10.90 0.12
2458493.3408744 10.93 0.12
2458493.3410480 11.06 0.14
2458493.3412216 11.04 0.14
2458493.3419161 11.01 0.13
2458493.3424369 11.09 0.14
2458493.3426105 10.91 0.12
2458493.3427841 11.00 0.13
2458493.3429577 11.03 0.14
2458493.3433049 11.04 0.14
2458493.3434786 10.99 0.13
2458493.3436522 11.00 0.13
2458493.3445202 11.04 0.14
2458493.3446938 10.97 0.13
2458493.3448674 10.94 0.12
2458493.3450410 11.15 0.15
2458493.3452147 10.99 0.13
2458493.3453883 10.97 0.13
2458493.3455619 11.01 0.13
2458493.3457355 11.11 0.15
2458493.3460827 11.03 0.14
2458493.3464299 11.01 0.13
2458493.3466035 11.12 0.15
2458493.3467772 11.00 0.13
2458493.3469508 11.05 0.14
2458493.3472980 11.04 0.14
2458493.3474716 10.99 0.13
2458493.3478188 11.19 0.16
2458493.3479924 10.98 0.13
2458493.3483408 11.16 0.15
2458493.3490345 11.04 0.14
2458493.3492080 11.10 0.15
2458493.3493814 10.97 0.13
2458493.3495549 10.89 0.12
2458493.3497286 10.96 0.13
2458493.3500758 11.11 0.15
2458493.3504230 10.95 0.13
2458493.3511174 11.00 0.13
2458493.3518119 11.01 0.14
2458493.3519855 10.83 0.11
2458493.3523327 11.18 0.16
2458493.3526799 11.05 0.14
2458493.3528535 11.09 0.14
2458493.3533744 11.07 0.14
2458493.3540688 11.00 0.13
2458493.3545897 10.88 0.12
2458493.3549369 11.02 0.14
2458493.3552841 11.20 0.16
2458493.3556313 11.17 0.16
2458493.3558049 11.03 0.14
2458493.3559786 11.08 0.14
2458493.3563258 11.06 0.14
2458493.3568466 10.93 0.12
2458493.3573674 10.91 0.12
2458493.3575411 10.96 0.13
2458493.3578883 11.07 0.14
2458493.3580619 11.20 0.16
2458493.3584091 11.00 0.13
2458493.3585827 10.93 0.12
2458493.3587563 10.96 0.13
2458493.3589299 11.12 0.15
2458493.3592772 11.00 0.13
2458493.3594508 11.11 0.15
2458493.3599716 11.20 0.16
2458493.3601465 10.88 0.12
2458493.3603199 11.03 0.14
2458493.3606668 11.17 0.15
2458493.3610137 10.87 0.12
2458493.3611871 11.04 0.14
2458493.3615341 10.96 0.13
2458493.3617077 11.03 0.14
2458493.3618813 11.17 0.16
2458493.3622285 11.01 0.13
2458493.3627494 11.20 0.16
2458493.3629230 10.98 0.13
2458493.3632702 11.05 0.14
2458493.3634438 11.08 0.14
2458493.3636174 11.21 0.16
2458493.3637911 11.00 0.13
2458493.3641383 10.81 0.11
2458493.3643119 11.02 0.14
2458493.3644855 11.03 0.14
2458493.3648327 11.23 0.16
2458493.3651799 11.03 0.14
2458493.3653536 11.13 0.15
2458493.3657008 11.11 0.15
2458493.3658744 10.91 0.12
2458493.3660480 11.08 0.14
2458493.3663952 11.02 0.14
2458493.3672633 10.91 0.12
2458493.3676105 11.13 0.15
2458493.3677841 10.96 0.13
2458493.3679577 11.06 0.14
2458493.3683049 11.00 0.13
2458493.3688258 11.17 0.16
2458493.3689994 11.06 0.14
2458493.3691730 11.00 0.13
2458493.3693466 10.98 0.13
2458493.3695202 11.05 0.14
2458493.3696938 11.04 0.14
2458493.3698674 10.98 0.13
2458493.3705619 11.04 0.14
2458493.3710827 11.06 0.14
2458493.3712563 11.00 0.13
2458493.3717772 11.10 0.15
2458493.3719508 11.10 0.15
2458493.3722991 11.21 0.16
2458493.3724725 11.15 0.15
2458493.3726460 11.13 0.15
2458493.3728194 11.22 0.16
2458493.3733397 11.19 0.16
2458493.3735133 11.16 0.15
2458493.3738605 11.12 0.15
2458493.3743813 11.03 0.14
2458493.3747286 11.10 0.15
2458493.3749022 11.00 0.14
2458493.3752494 11.06 0.14
2458493.3754230 11.01 0.13
2458493.3757702 11.00 0.13
2458493.3761174 11.16 0.15
2458493.3764647 10.96 0.13
2458493.3766383 11.22 0.16
2458493.3768119 11.10 0.15
2458493.3769855 11.13 0.15
2458493.3771591 10.95 0.13
2458493.3776799 11.08 0.15
2458493.3780272 11.04 0.14
2458493.3783744 10.89 0.12
2458493.3787216 11.05 0.14
2458493.3795897 10.94 0.13
2458493.3802841 11.13 0.15
2458493.3820202 11.00 0.14
2458493.3842782 11.11 0.15
2458493.3856660 11.06 0.15
2458493.3858397 11.01 0.14
2458493.3860133 11.08 0.15
2458493.3872286 10.93 0.13
2458493.3875758 10.87 0.12
2458493.3877494 11.05 0.14
2458493.3889647 11.07 0.15
2458493.3891383 10.93 0.13
2458493.3893119 10.95 0.13
2458493.3894855 10.92 0.13
2458493.3896591 11.12 0.15
2458493.3900063 11.01 0.14
2458493.3907008 11.09 0.15
2458493.3908744 11.00 0.14
2458493.3910480 11.12 0.15
2458493.3913952 11.18 0.16
2458493.3915688 11.05 0.15
2458493.3917424 11.04 0.14
2458493.3920897 10.98 0.13
2458493.3922633 11.07 0.15
2458493.3926105 11.00 0.14
2458493.3929577 11.16 0.16
2458493.3931313 10.89 0.13
2458493.3933049 10.83 0.12
2458493.3936522 11.04 0.14
2458493.3938258 11.00 0.14
2458493.3939994 11.01 0.14
2458493.3943466 11.02 0.14
2458493.3945202 10.99 0.14
2458493.3948674 11.11 0.15
2458493.3950411 10.93 0.13
2458493.3952147 11.09 0.15
2458493.3953883 11.05 0.15
2458493.3955619 11.18 0.17
2458493.3957355 11.09 0.15
2458493.3959105 11.01 0.14
2458493.3962574 11.24 0.17
2458493.3964308 11.08 0.15
2458493.3966043 11.14 0.16
2458493.3967777 11.11 0.16
2458493.3971246 11.13 0.16
2458493.3972980 10.87 0.12
2458493.3976452 11.14 0.16
2458493.3978188 11.09 0.15
2458493.3981661 11.02 0.14
2458493.3983397 11.05 0.15
2458493.3985133 10.90 0.13
2458493.3986869 10.97 0.14
2458493.3988605 10.88 0.13
2458493.3990341 11.09 0.15
2458493.3993813 10.96 0.14
2458493.3995549 11.07 0.15
2458493.3997285 11.00 0.14
2458493.3999022 11.05 0.15
2458493.4000758 11.13 0.16
2458493.4002494 11.08 0.15
2458493.4004230 11.04 0.15
2458493.4005966 11.21 0.17
2458493.4007702 11.06 0.15
2458493.4009438 11.11 0.16
2458493.4011174 11.13 0.16
2458493.4014647 11.16 0.16
2458493.4018119 10.94 0.13
2458493.4019855 11.06 0.15
2458493.4021591 10.97 0.14
2458493.4023327 10.98 0.14
2458493.4030272 10.98 0.14
2458493.4033744 11.03 0.15
2458493.4035480 11.01 0.14
2458493.4037216 10.91 0.13
2458493.4040688 11.01 0.14
2458493.4045897 11.10 0.16
2458493.4049369 11.07 0.15
2458493.4051105 10.98 0.14
2458493.4052841 11.07 0.15
2458493.4054577 11.03 0.15
2458493.4063258 11.06 0.15
2458493.4066730 10.90 0.13
2458493.4068466 11.00 0.14
2458493.4070202 11.01 0.14
2458493.4071938 11.07 0.15
2458493.4085833 11.14 0.16
2458493.4092772 11.08 0.15
2458493.4094508 10.90 0.13
2458493.4096244 11.01 0.15
2458493.4097980 10.99 0.14
2458493.4101452 10.90 0.13
2458493.4103188 11.16 0.17
2458493.4104924 10.93 0.14
2458493.4106661 10.99 0.14
2458493.4108397 10.99 0.14
2458493.4115341 11.03 0.15
2458493.4122286 10.98 0.14
2458493.4134438 11.02 0.15
2458493.4137911 10.98 0.14
2458493.4144855 10.93 0.14
2458493.4150063 10.91 0.14
2458493.4151799 10.97 0.14
2458493.4157008 11.02 0.15
2458495.2057702 10.77 0.16
2458495.2078539 10.79 0.16
2458495.2156660 10.62 0.13
2458495.2161869 10.82 0.16
2458495.2182702 10.70 0.14
2458495.2198331 10.80 0.16
2458495.2201799 10.76 0.15
2458495.2212216 10.81 0.16
2458495.2220897 10.76 0.15
2458495.2302494 10.75 0.15
2458495.2344161 10.82 0.15
2458495.2351105 10.72 0.14
2458495.2371938 10.76 0.15
2458495.2385827 10.85 0.16
2458495.2391035 10.80 0.15
2458495.2403188 10.80 0.15
2458495.2463952 10.73 0.14
2458495.2476105 10.64 0.13
2458495.2510827 10.84 0.16
2458495.2526452 10.64 0.13
2458495.2540341 10.93 0.17
2458495.2549034 10.86 0.16
2458495.2559441 10.71 0.14
2458495.2573327 10.92 0.16
2458495.2583744 10.85 0.15
2458495.2618466 10.78 0.14
2458495.2621938 10.89 0.16
2458495.2625410 10.86 0.15
2458495.2665341 10.77 0.14
2458495.2693119 10.68 0.13
2458495.2700063 10.90 0.16
2458495.2712216 10.94 0.16
2458495.2720897 10.73 0.14
2458495.2764299 10.76 0.14
2458495.2771244 10.76 0.14
2458495.2778188 10.75 0.14
2458495.2792087 10.78 0.14
2458495.2799025 10.78 0.14
2458495.2807702 10.81 0.14
2458495.2811174 10.87 0.15
2458495.2821591 10.81 0.14
2458495.2833744 10.80 0.14
2458495.2859785 10.80 0.14
2458495.2868466 10.93 0.16
2458495.2871938 10.89 0.15
2458495.2884091 10.92 0.16
2458495.2887563 10.87 0.15
2458495.2896244 10.81 0.14
2458495.2897980 10.90 0.16
2458495.2913614 10.84 0.15
2458495.2925758 10.82 0.15
2458495.2937910 10.86 0.15
2458495.2960480 10.86 0.15
2458495.2965688 10.84 0.15
2458495.2984785 10.94 0.16
2458495.3028202 10.77 0.14
2458495.3029937 11.00 0.17
2458495.3035140 10.78 0.14
2458495.3036875 10.91 0.16
2458495.3042078 10.90 0.16
2458495.3043813 10.99 0.17
2458495.3045549 10.93 0.16
2458495.3057702 10.86 0.15
2458495.3080272 10.88 0.15
2458495.3099369 10.81 0.15
2458495.3101105 10.77 0.14
2458495.3114994 10.80 0.14
2458495.3116730 10.63 0.12
2458495.3130619 10.76 0.14
2458498.1661753 10.70 0.13
2458498.1677379 10.82 0.15
2458498.1680850 10.81 0.15
2458498.1682586 10.88 0.15
2458498.1686059 10.93 0.16
2458498.1687795 10.95 0.16
2458498.1691267 11.02 0.17
2458498.1693003 10.85 0.15
2458498.1696475 10.99 0.17
2458498.1698211 10.91 0.15
2458498.1699947 10.93 0.16
2458498.1705156 10.86 0.15
2458498.1706892 10.99 0.17
2458498.1708628 10.95 0.16
2458498.1710364 10.89 0.15
2458498.1712100 10.98 0.16
2458498.1713836 11.00 0.17
2458498.1717309 10.75 0.13
2458498.1719045 10.79 0.14
2458498.1720781 10.91 0.15
2458498.1722517 10.95 0.16
2458498.1725989 10.84 0.14
2458498.1729461 10.95 0.16
2458498.1734670 10.99 0.16
2458498.1736406 10.90 0.15
2458498.1738142 10.93 0.15
2458498.1739878 10.73 0.13
2458498.1741614 10.95 0.15
2458498.1743350 10.89 0.15
2458498.1745086 10.96 0.16
2458498.1752031 10.92 0.15
2458498.1757239 10.87 0.15
2458498.1760711 10.87 0.14
2458498.1762447 11.01 0.16
2458498.1764184 10.86 0.14
2458498.1767656 11.04 0.16
2458498.1778072 11.02 0.16
2458498.1781545 11.00 0.16
2458498.1785029 10.76 0.13
2458498.1788498 11.07 0.17
2458498.1802378 11.01 0.16
2458498.1804114 10.92 0.15
2458498.1805850 10.93 0.15
2458498.1811059 10.97 0.15
2458498.1814531 11.01 0.16
2458498.1818003 10.77 0.13
2458498.1823211 10.97 0.15
2458498.1833628 10.81 0.13
2458498.1837100 10.99 0.16
2458498.1840572 10.94 0.15
2458498.1847517 11.01 0.16
2458498.1850989 10.84 0.14
2458498.1856197 10.83 0.13
2458498.1859670 10.91 0.14
2458498.1861406 10.99 0.15
2458498.1863142 10.89 0.14
2458498.1864878 10.98 0.15
2458498.1866614 10.89 0.14
2458498.1870086 10.83 0.13
2458498.1887448 10.82 0.13
2458498.1894392 11.03 0.16
2458498.1903073 10.99 0.15
2458498.1918697 10.90 0.14
2458498.1923906 10.99 0.15
2458498.1927378 10.90 0.14
2458498.1934322 10.77 0.12
2458498.1941267 10.94 0.14
2458498.1943003 11.01 0.15
2458498.1944739 10.96 0.14
2458498.1951684 10.93 0.14
2458498.1958628 10.78 0.12
2458498.1963846 11.10 0.16
2458498.1965581 10.87 0.13
2458498.1969050 10.98 0.15
2458498.1972519 10.98 0.14
2458498.1977725 10.93 0.14
2458498.1981198 10.97 0.14
2458498.1982934 10.91 0.14
2458498.1984670 10.99 0.14
2458498.1988142 10.90 0.13
2458498.1989878 10.98 0.14
2458498.1993350 10.99 0.14
2458498.2000295 11.02 0.15
2458498.2002031 10.88 0.13
2458498.2003767 10.88 0.13
2458498.2007239 10.88 0.13
2458498.2008975 11.00 0.14
2458498.2010711 10.84 0.12
2458498.2014184 10.94 0.14
2458498.2015920 11.01 0.15
2458498.2017656 10.90 0.13
2458498.2019392 11.05 0.15
2458498.2022864 10.87 0.13
2458498.2024600 10.94 0.14
2458498.2026336 10.72 0.11
2458498.2028072 11.00 0.14
2458498.2031545 10.95 0.14
2458498.2033281 10.94 0.13
2458498.2035017 10.85 0.12
2458498.2036753 10.85 0.12
2458498.2040225 10.89 0.13
2458498.2041961 10.94 0.14
2458498.2045434 10.94 0.14
2458498.2047170 11.07 0.15
2458498.2048906 10.75 0.11
2458498.2050642 10.91 0.13
2458498.2054114 10.82 0.12
2458498.2055850 10.95 0.13
2458498.2057586 10.83 0.12
2458498.2059323 10.98 0.14
2458498.2064531 11.05 0.15
2458498.2066267 11.03 0.15
2458498.2069739 11.02 0.14
2458498.2071475 10.99 0.14
2458498.2073211 11.00 0.14
2458498.2074947 10.94 0.13
2458498.2076684 10.84 0.12
2458498.2081904 10.85 0.12
2458498.2085373 11.06 0.15
2458498.2087107 10.90 0.13
2458498.2088841 11.02 0.14
2458498.2094045 11.03 0.15
2458498.2095781 10.95 0.13
2458498.2100989 10.89 0.13
2458498.2104461 10.83 0.12
2458498.2106197 10.98 0.14
2458498.2107934 11.15 0.16
2458498.2111406 10.94 0.13
2458498.2113142 10.95 0.13
2458498.2116614 10.93 0.13
2458498.2120086 11.08 0.15
2458498.2121823 10.74 0.11
2458498.2123559 10.94 0.13
2458498.2125295 11.01 0.14
2458498.2127031 10.87 0.13
2458498.2128767 10.83 0.12
2458498.2130503 10.85 0.12
2458498.2133975 10.90 0.13
2458498.2135711 11.00 0.14
2458498.2137448 10.83 0.12
2458498.2139184 10.93 0.13
2458498.2140920 10.96 0.14
2458498.2142656 11.03 0.14
2458498.2144392 11.01 0.14
2458498.2146128 10.96 0.13
2458498.2149600 10.92 0.13
2458498.2151336 10.97 0.13
2458498.2153072 10.72 0.11
2458498.2154809 11.13 0.15
2458498.2156545 11.14 0.16
2458498.2158281 11.06 0.15
2458498.2160017 10.89 0.13
2458498.2161753 11.02 0.14
2458498.2163489 11.10 0.15
2458498.2165225 11.05 0.15
2458498.2166961 11.03 0.15
2458498.2168697 10.99 0.14
2458498.2170434 11.01 0.14
2458498.2172170 10.96 0.13
2458498.2173906 11.17 0.16
2458498.2175642 10.90 0.13
2458498.2177378 10.74 0.11
2458498.2180850 11.04 0.14
2458498.2182586 11.13 0.16
2458498.2184322 10.87 0.12
2458498.2186059 11.04 0.14
2458498.2189531 10.94 0.13
2458498.2191267 10.95 0.13
2458498.2193003 11.00 0.14
2458498.2194739 10.95 0.13
2458498.2196475 11.02 0.14
2458498.2198225 10.85 0.12
2458498.2199960 10.91 0.13
2458498.2201694 10.93 0.13
2458498.2203429 11.05 0.14
2458498.2205163 10.95 0.13
2458498.2208632 10.98 0.14
2458498.2212101 10.98 0.14
2458498.2213836 10.97 0.14
2458498.2217309 10.98 0.14
2458498.2220781 10.97 0.14
2458498.2225989 10.85 0.12
2458498.2229461 10.94 0.13
2458498.2231197 11.08 0.15
2458498.2236406 11.10 0.15
2458498.2239878 11.08 0.14
2458498.2243350 10.82 0.11
2458498.2246822 11.07 0.14
2458498.2248559 11.03 0.14
2458498.2255503 10.85 0.12
2458498.2257239 11.12 0.15
2458498.2258975 11.03 0.14
2458498.2260711 10.98 0.13
2458498.2264184 10.96 0.13
2458498.2265920 11.04 0.14
2458498.2269392 10.92 0.13
2458498.2271128 11.24 0.17
2458498.2274600 11.09 0.15
2458498.2276336 10.80 0.12
2458498.2278073 10.97 0.13
2458498.2281545 11.04 0.14
2458498.2283281 10.88 0.13
2458498.2285017 10.98 0.14
2458498.2286753 11.06 0.15
2458498.2288489 11.05 0.14
2458498.2290225 11.02 0.14
2458498.2291961 11.03 0.14
2458498.2293698 10.80 0.11
2458498.2295434 11.01 0.14
2458498.2297170 11.02 0.14
2458498.2298906 11.01 0.14
2458498.2300642 10.90 0.13
2458498.2302378 11.04 0.14
2458498.2304114 10.90 0.13
2458498.2305850 10.95 0.13
2458498.2307586 11.06 0.15
2458498.2309322 11.02 0.14
2458498.2311059 10.88 0.12
2458498.2312795 11.00 0.14
2458498.2314531 10.98 0.14
2458498.2316267 11.16 0.16
2458498.2318016 10.91 0.13
2458498.2319750 10.77 0.11
2458498.2321485 11.07 0.15
2458498.2323219 10.95 0.13
2458498.2326688 11.00 0.14
2458498.2328422 10.92 0.13
2458498.2333628 10.98 0.14
2458498.2335364 11.07 0.15
2458498.2337100 10.92 0.13
2458498.2338836 10.84 0.12
2458498.2340572 10.99 0.14
2458498.2342309 10.96 0.14
2458498.2344045 11.06 0.15
2458498.2345781 11.09 0.15
2458498.2347517 10.83 0.12
2458498.2349253 10.91 0.13
2458498.2350989 11.17 0.17
2458498.2354461 10.98 0.14
2458498.2356198 11.02 0.14
2458498.2357934 10.98 0.14
2458498.2359670 11.10 0.15
2458498.2361406 10.99 0.14
2458498.2363142 10.91 0.13
2458498.2364878 10.92 0.13
2458498.2366614 10.88 0.13
2458498.2368350 11.00 0.14
2458498.2373559 11.07 0.15
2458498.2375295 10.90 0.13
2458498.2377031 10.95 0.14
2458498.2383975 10.98 0.14
2458498.2385711 10.94 0.14
2458498.2387447 10.93 0.14
2458498.2389184 11.03 0.15
2458498.2390920 11.06 0.15
2458498.2392656 10.93 0.13
2458498.2394392 10.86 0.13
2458498.2397864 10.76 0.11
2458498.2403072 10.97 0.14
2458498.2404809 10.98 0.14
2458498.2410017 11.00 0.14
2458498.2411753 11.08 0.15
2458498.2415225 11.02 0.15
2458498.2416961 11.02 0.15
2458498.2418697 10.89 0.13
2458498.2422170 10.98 0.14
2458498.2423906 11.12 0.16
2458498.2427378 11.00 0.14
2458498.2429114 11.07 0.15
2458498.2437807 11.00 0.14
2458498.2443010 10.94 0.14
2458498.2444745 11.02 0.15
2458498.2446479 10.88 0.13
2458498.2448214 10.91 0.13
2458498.2451684 11.00 0.14
2458498.2453420 11.03 0.15
2458498.2455156 11.21 0.17
2458498.2456892 11.04 0.15
2458498.2458628 11.09 0.16
2458498.2462100 11.15 0.16
2458498.2463836 10.90 0.14
2458498.2465572 10.87 0.13
2458498.2467309 10.95 0.14
2458498.2469045 11.09 0.16
2458498.2470781 10.96 0.14
2458498.2472517 11.00 0.14
2458498.2475989 10.98 0.14
2458498.2479461 11.06 0.15
2458498.2481197 11.17 0.17
2458498.2482934 11.09 0.15
2458498.2484670 11.10 0.15
2458498.2486406 11.12 0.16
2458498.2488142 10.85 0.13
2458498.2491614 11.00 0.14
2458498.2493350 10.85 0.12
2458498.2495086 11.04 0.15
2458498.2496822 11.10 0.16
2458498.2498559 10.99 0.14
2458498.2502031 10.92 0.13
2458498.2503767 10.97 0.14
2458498.2507239 11.10 0.16
2458498.2510711 10.98 0.14
2458498.2512448 10.83 0.13
2458498.2514184 10.90 0.13
2458498.2515920 10.92 0.14
2458498.2517656 10.83 0.13
2458498.2519392 10.83 0.13
2458498.2521128 10.85 0.13
2458498.2522864 10.93 0.14
2458498.2524600 10.87 0.13
2458498.2526336 10.89 0.13
2458498.2529809 10.86 0.13
2458498.2535017 10.96 0.14
2458498.2538489 10.86 0.13
2458498.2543697 10.94 0.14
2458498.2545434 10.84 0.13
2458498.2547170 11.01 0.15
2458498.2548906 10.83 0.13
2458498.2557598 10.97 0.14
2458498.2561066 11.05 0.15
2458498.2562801 10.99 0.15
2458498.2566270 11.14 0.17
2458498.2568004 10.94 0.14
2458498.2569739 11.05 0.15
2458498.2573211 10.91 0.14
2458498.2574947 10.85 0.13
2458498.2576684 10.80 0.12
2458498.2578420 10.91 0.14
2458498.2580156 11.18 0.18
2458498.2581892 11.03 0.15
2458498.2585364 10.97 0.15
2458498.2587100 10.96 0.15
2458498.2588836 10.94 0.14
2458498.2594045 10.98 0.15
2458498.2595781 10.93 0.14
2458498.2597517 10.90 0.13
2458498.2600989 11.07 0.16
2458498.2604461 10.83 0.13
2458498.2607934 10.95 0.14
2458498.2613142 11.02 0.15
2458498.2614878 10.92 0.14
2458498.2616614 10.88 0.13
2458498.2620086 11.06 0.16
2458498.2621822 11.02 0.15
2458498.2623559 11.04 0.16
2458498.2625295 11.07 0.16
2458498.2627031 11.20 0.15
2458498.2628767 10.89 0.11
2458498.2630503 10.86 0.11
2458498.2632239 11.12 0.14
2458498.2633975 11.03 0.13
2458498.2635711 10.94 0.12
2458498.2637447 11.06 0.13
2458498.2639184 11.01 0.13
2458498.2640920 10.93 0.12
2458498.2644392 10.93 0.12
2458498.2646128 10.90 0.11
2458498.2647864 11.14 0.14
2458498.2649600 10.91 0.12
2458498.2653072 10.86 0.11
2458498.2654809 10.87 0.11
2458498.2656545 10.86 0.12
2458498.2658281 11.09 0.14
2458498.2660017 11.17 0.15
2458498.2661753 11.12 0.14
2458498.2663489 10.95 0.12
2458498.2665225 10.89 0.11
2458498.2666961 11.01 0.13
2458498.2670434 10.97 0.12
2458498.2672170 10.85 0.12
2458498.2673906 11.11 0.14
2458498.2675655 10.92 0.12
2458498.2677389 10.95 0.12
2458498.2679124 11.03 0.13
2458498.2680858 11.04 0.13
2458498.2682593 11.11 0.14
2458498.2684327 11.16 0.15
2458498.2686062 10.95 0.12
2458498.2687796 11.12 0.14
2458498.2689531 11.08 0.13
2458498.2693003 11.09 0.13
2458498.2694739 11.06 0.13
2458498.2696475 10.96 0.12
2458498.2698211 11.04 0.13
2458498.2699947 10.85 0.11
2458498.2701684 11.06 0.13
2458498.2703420 10.92 0.12
2458498.2705156 10.93 0.12
2458498.2706892 11.03 0.13
2458498.2708628 10.97 0.12
2458498.2710364 11.13 0.14
2458498.2712100 10.93 0.12
2458498.2713836 10.96 0.12
2458498.2715572 10.84 0.11
2458498.2717309 10.99 0.12
2458498.2719045 11.01 0.13
2458498.2720781 11.01 0.13
2458498.2722517 11.09 0.13
2458498.2725989 11.08 0.13
2458498.2727725 10.91 0.11
2458498.2729461 11.31 0.16
2458498.2731197 10.97 0.12
2458498.2732934 10.98 0.12
2458498.2736406 11.13 0.14
2458498.2738142 10.97 0.12
2458498.2739878 10.91 0.11
2458498.2741614 11.10 0.13
2458498.2743350 11.04 0.13
2458498.2745086 10.95 0.12
2458498.2746823 10.98 0.12
2458498.2748559 10.94 0.12
2458498.2750295 10.84 0.11
2458498.2752031 10.93 0.12
2458498.2753767 11.02 0.13
2458498.2755503 10.85 0.11
2458498.2757239 10.83 0.11
2458498.2758975 11.09 0.13
2458498.2760711 11.02 0.13
2458498.2762448 11.09 0.13
2458498.2764184 11.05 0.13
2458498.2765920 11.00 0.12
2458498.2767656 10.99 0.12
2458498.2769392 10.94 0.12
2458498.2771128 10.93 0.12
2458498.2772864 10.85 0.11
2458498.2774600 11.05 0.13
2458498.2776336 10.92 0.11
2458498.2779809 11.03 0.13
2458498.2781545 11.09 0.14
2458498.2783281 10.92 0.12
2458498.2785017 11.18 0.15
2458498.2786753 10.88 0.11
2458498.2788489 11.06 0.13
2458498.2790225 10.98 0.12
2458498.2791961 10.85 0.11
2458498.2793697 10.80 0.10
2458498.2795448 11.04 0.13
2458498.2797182 10.93 0.12
2458498.2798916 10.90 0.11
2458498.2800651 11.12 0.14
2458498.2802385 10.93 0.12
2458498.2804120 11.09 0.14
2458498.2805854 11.04 0.13
2458498.2807589 10.99 0.13
2458498.2809323 11.04 0.13
2458498.2811059 10.98 0.12
2458498.2812795 11.11 0.14
2458498.2814531 10.87 0.11
2458498.2816267 11.04 0.13
2458498.2818003 11.05 0.13
2458498.2819739 10.78 0.10
2458498.2823211 10.79 0.10
2458498.2826684 11.21 0.15
2458498.2828420 11.05 0.13
2458498.2830156 10.96 0.12
2458498.2831892 10.81 0.10
2458498.2833628 10.98 0.12
2458498.2835364 11.06 0.13
2458498.2837100 10.97 0.12
2458498.2840573 10.93 0.12
2458498.2842309 10.93 0.12
2458498.2844045 10.92 0.12
2458498.2845781 10.98 0.12
2458498.2847517 10.83 0.11
2458498.2849253 10.88 0.11
2458498.2850989 11.03 0.13
2458498.2852725 10.86 0.11
2458498.2854461 11.11 0.14
2458498.2856197 11.07 0.13
2458498.2857934 10.99 0.12
2458498.2859670 10.94 0.12
2458498.2861406 11.21 0.15
2458498.2863142 10.89 0.11
2458498.2864878 10.85 0.11
2458498.2866614 11.10 0.14
2458498.2868350 11.05 0.13
2458498.2870086 10.84 0.11
2458498.2871822 10.93 0.12
2458498.2873559 10.92 0.12
2458498.2875295 11.02 0.13
2458498.2877031 11.05 0.13
2458498.2878767 10.86 0.11
2458498.2880503 11.03 0.13
2458498.2882239 11.19 0.15
2458498.2883975 10.95 0.12
2458498.2885711 11.02 0.13
2458498.2887447 11.01 0.13
2458498.2889184 11.15 0.15
2458498.2890920 10.97 0.12
2458498.2892656 11.27 0.16
2458498.2894392 11.04 0.13
2458498.2896128 11.11 0.14
2458498.2897864 10.95 0.12
2458498.2899600 11.07 0.13
2458498.2901336 10.99 0.12
2458498.2903073 11.04 0.13
2458498.2904809 11.16 0.15
2458498.2906545 10.93 0.12
2458498.2908281 11.18 0.15
2458498.2910017 11.09 0.14
2458498.2911753 11.17 0.15
2458498.2913489 11.12 0.14
2458498.2916974 10.95 0.12
2458498.2918708 10.93 0.12
2458498.2920443 11.16 0.15
2458498.2922177 11.13 0.14
2458498.2923912 10.94 0.12
2458498.2932586 11.11 0.14
2458498.2934322 10.88 0.12
2458498.2936059 10.93 0.12
2458498.2939531 10.93 0.12
2458498.2943003 10.96 0.13
2458498.2951684 10.99 0.13
2458498.2953420 11.10 0.14
2458498.2955156 11.05 0.13
2458498.2956892 10.97 0.12
2458498.2958628 10.97 0.12
2458498.2960364 11.15 0.15
2458498.2962100 10.99 0.13
2458498.2965572 11.00 0.13
2458498.2967309 11.19 0.15
2458498.2969045 10.96 0.12
2458498.2970781 11.14 0.14
2458498.2972517 11.24 0.16
2458498.2974253 11.08 0.14
2458498.2975989 11.14 0.14
2458498.2977725 10.90 0.12
2458498.2979461 11.12 0.14
2458498.2982934 10.79 0.10
2458498.2984670 10.92 0.12
2458498.2986406 11.14 0.14
2458498.2988142 10.80 0.11
2458498.2991614 11.12 0.14
2458498.2996823 11.06 0.14
2458498.2998559 11.16 0.15
2458498.3000295 11.10 0.14
2458498.3007239 11.09 0.14
2458498.3008975 11.04 0.13
2458498.3010711 10.89 0.12
2458498.3012447 10.88 0.12
2458498.3014184 10.94 0.12
2458498.3015920 10.99 0.13
2458498.3017656 11.27 0.16
2458498.3019392 10.93 0.12
2458498.3021128 11.17 0.15
2458498.3022864 10.96 0.12
2458498.3024600 11.23 0.16
2458498.3026336 11.12 0.14
2458498.3028072 11.05 0.13
2458498.3029809 10.84 0.11
2458498.3031545 10.97 0.12
2458498.3033281 11.02 0.13
2458498.3035017 10.96 0.12
2458498.3036766 10.96 0.12
2458498.3038500 11.00 0.12
2458498.3041969 10.94 0.12
2458498.3045438 11.27 0.16
2458498.3047172 10.96 0.12
2458498.3048907 11.00 0.13
2458498.3052378 10.79 0.10
2458498.3054114 11.01 0.13
2458498.3055850 11.02 0.13
2458498.3057586 10.84 0.11
2458498.3061059 10.95 0.12
2458498.3062795 11.08 0.14
2458498.3064531 11.01 0.13
2458498.3066267 11.14 0.14
2458498.3068003 11.12 0.14
2458498.3069739 10.97 0.13
2458498.3071475 10.94 0.12
2458498.3076684 11.00 0.13
2458498.3080156 11.09 0.14
2458498.3081892 11.02 0.13
2458498.3087100 10.72 0.10
2458498.3088836 11.19 0.15
2458498.3092309 10.97 0.13
2458498.3094045 11.05 0.13
2458498.3099253 11.21 0.15
2458498.3100989 10.99 0.13
2458498.3102725 10.85 0.11
2458498.3104461 11.10 0.14
2458498.3106197 10.94 0.12
2458498.3107934 11.19 0.15
2458498.3111406 11.05 0.13
2458498.3113142 10.95 0.12
2458498.3114878 10.93 0.12
2458498.3116614 11.06 0.14
2458498.3118350 10.99 0.13
2458498.3125295 10.97 0.13
2458498.3127031 11.22 0.16
2458498.3128767 11.02 0.13
2458498.3130503 11.11 0.14
2458498.3132239 11.08 0.14
2458498.3135711 11.00 0.13
2458498.3137448 10.97 0.13
2458498.3139184 11.07 0.14
2458498.3140920 11.05 0.14
2458498.3142656 10.93 0.12
2458498.3144392 11.05 0.14
2458498.3147864 11.11 0.14
2458498.3149600 11.09 0.14
2458498.3151336 10.99 0.13
2458498.3158292 11.16 0.15
2458498.3160027 11.01 0.13
2458498.3161761 11.07 0.14
2458498.3163496 10.77 0.11
2458498.3165230 11.05 0.14
2458498.3168699 10.90 0.12
2458498.3170434 10.88 0.12
2458498.3172170 11.03 0.14
2458498.3173906 10.96 0.13
2458498.3175642 10.99 0.13
2458498.3177378 11.21 0.16
2458498.3179114 11.28 0.17
2458498.3180850 10.93 0.12
2458500.2342077 10.80 0.15
2458500.2355966 10.77 0.14
2458500.2368119 10.88 0.15
2458500.2371591 10.89 0.16
2458500.2394161 10.74 0.13
2458500.2397633 10.89 0.15
2458500.2416730 10.78 0.14
2458500.2420202 10.84 0.15
2458500.2427147 10.93 0.16
2458500.2428883 10.87 0.15
2458500.2430619 10.80 0.14
2458500.2432355 10.94 0.16
2458500.2435827 10.92 0.15
2458500.2437563 10.79 0.14
2458500.2439299 10.96 0.16
2458500.2442772 10.84 0.14
2458500.2444520 10.88 0.15
2458500.2447989 11.01 0.17
2458500.2449724 10.80 0.14
2458500.2458397 10.83 0.14
2458500.2460133 11.00 0.16
2458500.2461869 10.79 0.13
2458500.2467077 10.87 0.14
2458500.2470549 10.64 0.12
2458500.2472286 10.85 0.14
2458500.2482702 10.72 0.13
2458500.2489647 10.80 0.13
2458500.2491383 10.86 0.14
2458500.2498327 10.87 0.14
2458500.2505272 10.84 0.14
2458500.2507008 10.87 0.14
2458500.2508744 10.94 0.15
2458500.2512216 10.85 0.14
2458500.2513952 10.91 0.15
2458500.2517424 10.80 0.13
2458500.2524369 10.71 0.12
2458500.2526105 10.79 0.13
2458500.2531313 10.71 0.12
2458500.2539994 10.70 0.12
2458500.2541730 10.96 0.15
2458500.2543466 10.84 0.14
2458500.2546938 10.95 0.15
2458500.2548674 10.83 0.14
2458500.2552147 10.89 0.14
2458500.2553883 10.84 0.14
2458500.2559091 10.94 0.15
2458500.2574719 11.02 0.16
2458500.2576453 11.04 0.17
2458500.2588605 10.96 0.15
2458500.2592077 10.94 0.15
2458500.2595549 10.83 0.14
2458500.2600758 10.98 0.15
2458500.2602494 10.95 0.15
2458500.2605966 11.05 0.17
2458500.2612911 11.03 0.16
2458500.2614647 10.87 0.14
2458500.2623327 10.92 0.15
2458500.2632008 10.98 0.15
2458500.2633744 10.87 0.14
2458500.2642424 10.90 0.14
2458500.2645897 10.93 0.14
2458500.2656313 10.80 0.13
2458500.2663258 11.02 0.16
2458500.2666730 10.87 0.14
2458500.2670202 10.82 0.13
2458500.2673674 10.94 0.14
2458500.2677147 10.78 0.12
2458500.2678883 10.97 0.15
2458500.2682355 10.90 0.14
2458500.2684104 10.99 0.15
2458500.2692776 11.12 0.17
2458500.2708397 10.96 0.15
2458500.2710133 10.95 0.15
2458500.2713605 11.00 0.15
2458500.2717077 11.03 0.16
2458500.2718813 10.92 0.14
2458500.2722285 10.72 0.12
2458500.2725758 10.76 0.12
2458500.2727494 10.98 0.15
2458500.2729230 10.73 0.12
2458500.2730966 10.86 0.13
2458500.2734438 11.01 0.15
2458500.2736174 11.10 0.17
2458500.2737910 11.02 0.15
2458500.2739647 10.83 0.13
2458500.2744855 10.86 0.13
2458500.2748327 10.90 0.14
2458500.2750063 10.93 0.14
2458500.2751799 11.11 0.17
2458500.2753535 10.88 0.14
2458500.2755272 11.04 0.16
2458500.2757008 10.90 0.14
2458500.2758744 10.87 0.13
2458500.2762216 10.85 0.13
2458500.2763952 11.05 0.16
2458500.2765688 11.07 0.16
2458500.2770897 10.86 0.13
2458500.2772633 11.00 0.15
2458500.2781313 10.91 0.14
2458500.2783049 10.93 0.15
2458500.2786522 10.99 0.15
2458500.2788258 10.89 0.14
2458500.2789994 10.93 0.14
2458500.2793466 10.91 0.14
2458500.2802147 10.81 0.13
2458500.2805631 10.76 0.12
2458500.2807365 10.89 0.14
2458500.2812568 10.91 0.14
2458500.2814303 10.87 0.13
2458500.2816037 11.03 0.15
2458500.2821244 10.97 0.15
2458500.2822980 11.09 0.16
2458500.2824716 10.77 0.12
2458500.2829924 10.86 0.13
2458500.2831660 10.64 0.11
2458500.2836869 10.90 0.13
2458500.2843813 10.80 0.12
2458500.2845549 10.82 0.13
2458500.2847286 10.89 0.14
2458500.2850758 10.96 0.14
2458500.2852494 10.99 0.15
2458500.2862911 11.05 0.16
2458500.2864647 10.96 0.14
2458500.2866383 11.04 0.16
2458500.2868119 10.90 0.14
2458500.2869855 10.92 0.14
2458500.2875063 10.88 0.14
2458500.2880272 10.98 0.15
2458500.2882008 11.03 0.15
2458500.2883744 10.93 0.14
2458500.2890688 11.02 0.15
2458500.2892424 10.93 0.14
2458500.2894160 10.98 0.14
2458500.2895897 11.07 0.16
2458500.2897633 11.08 0.16
2458500.2899369 11.01 0.15
2458500.2901105 10.92 0.14
2458500.2904577 10.87 0.13
2458500.2908049 10.80 0.12
2458500.2909785 11.00 0.15
2458500.2914994 11.04 0.15
2458500.2916730 10.87 0.13
2458500.2918466 10.96 0.14
2458500.2920202 11.12 0.16
2458500.2921938 10.92 0.13
2458500.2928892 11.06 0.15
2458500.2930626 10.91 0.13
2458500.2934095 11.02 0.15