2458467.3699764 10.49 0.09
2458467.3720598 10.36 0.08
2458467.3725806 10.48 0.09
2458467.3737959 10.42 0.09
2458467.3741431 10.42 0.09
2458467.3748375 10.58 0.10
2458467.3750111 10.44 0.09
2458467.3753584 10.36 0.08
2458467.3755332 10.45 0.09
2458467.3781361 10.47 0.09
2458467.3783097 10.49 0.09
2458467.3829973 10.40 0.08
2458467.3833445 10.49 0.09
2458467.3835181 10.42 0.09
2458467.3854278 10.44 0.09
2458467.3882061 10.43 0.09
2458467.3889000 10.51 0.10
2458467.3894209 10.39 0.09
2458467.3954973 10.40 0.09
2458467.3963653 10.50 0.10
2458467.3975806 10.46 0.09
2458467.3977542 10.50 0.09
2458467.3986223 10.38 0.09
2458467.4003586 10.35 0.08
2458467.4010528 10.48 0.09
2458467.4014000 10.38 0.09
2458467.4022681 10.47 0.09
2458467.4029625 10.37 0.09
2458467.4059139 10.38 0.09
2458467.4073028 10.43 0.09
2458467.4076500 10.45 0.09
2458467.4132056 10.57 0.10
2458467.4165042 10.46 0.09
2458467.4184139 10.69 0.12
2458469.3667865 10.46 0.07
2458469.3670135 10.50 0.07
2458469.3671871 10.61 0.08
2458469.3673607 10.52 0.07
2458469.3675343 10.51 0.07
2458469.3677079 10.55 0.07
2458469.3678815 10.39 0.06
2458469.3680551 10.63 0.08
2458469.3682287 10.44 0.07
2458469.3684023 10.57 0.07
2458469.3685760 10.49 0.07
2458469.3687496 10.51 0.07
2458469.3689232 10.42 0.06
2458469.3690968 10.51 0.07
2458469.3692704 10.44 0.07
2458469.3694440 10.46 0.07
2458469.3696176 10.49 0.07
2458469.3697912 10.60 0.08
2458469.3699648 10.44 0.07
2458469.3701384 10.49 0.07
2458469.3703121 10.37 0.06
2458469.3704857 10.47 0.07
2458469.3706593 10.48 0.07
2458469.3708329 10.56 0.07
2458469.3710065 10.46 0.07
2458469.3711801 10.62 0.08
2458469.3713537 10.59 0.08
2458469.3715273 10.53 0.07
2458469.3717009 10.40 0.06
2458469.3718746 10.49 0.07
2458469.3720482 10.46 0.07
2458469.3722218 10.49 0.07
2458469.3723954 10.54 0.07
2458469.3725690 10.49 0.07
2458469.3727426 10.59 0.07
2458469.3729162 10.41 0.06
2458469.3730898 10.44 0.07
2458469.3732635 10.51 0.07
2458469.3734371 10.44 0.07
2458469.3736107 10.57 0.07
2458469.3737843 10.39 0.06
2458469.3739579 10.52 0.07
2458469.3741315 10.43 0.06
2458469.3743051 10.43 0.06
2458469.3744787 10.49 0.07
2458469.3746524 10.74 0.09
2458469.3748260 10.43 0.07
2458469.3749996 10.43 0.07
2458469.3751732 10.55 0.07
2458469.3753468 10.63 0.08
2458469.3755204 10.59 0.07
2458469.3756940 10.37 0.06
2458469.3758676 10.46 0.07
2458469.3760425 10.47 0.07
2458469.3762159 10.51 0.07
2458469.3763894 10.50 0.07
2458469.3765628 10.52 0.07
2458469.3767363 10.56 0.07
2458469.3769097 10.55 0.07
2458469.3770832 10.48 0.07
2458469.3772566 10.49 0.07
2458469.3774301 10.41 0.06
2458469.3776037 10.55 0.07
2458469.3777773 10.61 0.08
2458469.3779510 10.53 0.07
2458469.3781246 10.38 0.06
2458469.3782982 10.46 0.07
2458469.3784718 10.44 0.06
2458469.3786454 10.57 0.07
2458488.3047635 10.44 0.08
2458488.3051107 10.45 0.08
2458488.3056316 10.45 0.08
2458488.3058052 10.55 0.09
2458488.3059788 10.40 0.08
2458488.3077149 10.58 0.09
2458488.3085830 10.58 0.09
2458488.3087566 10.54 0.09
2458488.3092788 10.45 0.08
2458488.3094522 10.52 0.09
2458488.3096257 10.43 0.08
2458488.3097991 10.47 0.09
2458488.3104929 10.51 0.09
2458488.3113607 10.50 0.09
2458488.3115344 10.48 0.09
2458488.3118816 10.51 0.09
2458488.3124024 10.53 0.09
2458488.3125760 10.47 0.09
2458488.3127496 10.62 0.10
2458488.3136177 10.49 0.09
2458488.3139649 10.45 0.09
2458488.3162218 10.57 0.10
2458488.3167427 10.57 0.10
2458488.3179580 10.52 0.09
2458488.3186524 10.31 0.08
2458488.3189996 10.43 0.08
2458488.3191732 10.44 0.09
2458488.3195205 10.53 0.09
2458488.3209094 10.46 0.09
2458488.3210830 10.51 0.09
2458488.3216048 10.39 0.08
2458488.3217783 10.42 0.08
2458488.3221252 10.36 0.08
2458488.3226455 10.48 0.09
2458488.3228191 10.50 0.09
2458488.3254232 10.58 0.10
2458488.3259441 10.45 0.09
2458488.3261177 10.44 0.09
2458488.3287218 10.38 0.08
2458488.3288955 10.28 0.08
2458488.3299371 10.49 0.09
2458488.3301107 10.26 0.08
2458488.3302843 10.36 0.08
2458488.3309788 10.71 0.11
2458488.3311524 10.53 0.09
2458488.3323677 10.54 0.10
2458488.3325413 10.36 0.08
2458488.3327149 10.44 0.09
2458488.3332370 10.38 0.08
2458488.3335839 10.32 0.08
2458488.3342777 10.63 0.11
2458488.3351455 10.39 0.08
2458488.3354927 10.77 0.12
2458488.3358399 10.42 0.09
2458488.3367080 10.55 0.10
2458488.3401802 10.45 0.09
2458488.3410482 10.48 0.09
2458488.3448677 10.35 0.08
2458488.3453896 10.45 0.09
2458488.3457365 10.59 0.10
2458488.3472982 10.70 0.12
2458488.3476455 10.42 0.09
2458488.3490344 10.36 0.08
2458488.3492080 10.48 0.09
2458488.3497288 10.31 0.08
2458488.3511177 10.53 0.10
2458488.3530274 10.53 0.10
2458488.3535482 10.60 0.10
2458488.3537218 10.40 0.08
2458488.3540691 10.60 0.10
2458488.3554580 10.42 0.09
2458488.3573687 10.74 0.12
2458488.3575422 10.55 0.10
2458488.3585830 10.54 0.10
2458488.3601455 10.44 0.09
2458488.3611871 10.38 0.08
2458488.3639649 10.64 0.11
2458488.3643121 10.55 0.10
2458488.3650066 10.62 0.11
2458488.3665691 10.58 0.10
2458488.3686524 10.35 0.08
2458488.3691744 10.40 0.09
2458488.3728191 10.40 0.09
2458493.2519739 10.53 0.09
2458493.2521475 10.56 0.09
2458493.2523211 10.50 0.09
2458493.2524947 10.53 0.09
2458493.2526684 10.46 0.08
2458493.2528420 10.54 0.09
2458493.2530156 10.44 0.08
2458493.2531892 10.53 0.09
2458493.2537100 10.42 0.08
2458493.2538836 10.54 0.09
2458493.2540586 10.47 0.08
2458493.2542320 10.49 0.08
2458493.2544055 10.64 0.10
2458493.2549258 10.37 0.07
2458493.2554461 10.54 0.09
2458493.2556198 10.43 0.08
2458493.2557934 10.45 0.08
2458493.2563142 10.43 0.08
2458493.2566614 10.43 0.08
2458493.2568350 10.46 0.08
2458493.2570086 10.42 0.08
2458493.2571823 10.50 0.09
2458493.2575295 10.51 0.09
2458493.2580503 10.57 0.09
2458493.2582239 10.55 0.09
2458493.2583975 10.44 0.08
2458493.2585711 10.50 0.08
2458493.2592656 10.48 0.08
2458493.2594392 10.39 0.08
2458493.2596128 10.49 0.08
2458493.2597864 10.57 0.09
2458493.2599600 10.61 0.09
2458493.2601336 10.43 0.08
2458493.2603072 10.62 0.09
2458493.2604809 10.51 0.08
2458493.2606545 10.57 0.09
2458493.2608281 10.57 0.09
2458493.2610017 10.41 0.08
2458493.2611753 10.41 0.08
2458493.2615225 10.39 0.08
2458493.2616961 10.58 0.09
2458493.2618697 10.48 0.08
2458493.2622170 10.46 0.08
2458493.2623906 10.54 0.09
2458493.2639531 10.65 0.10
2458493.2648211 10.57 0.09
2458493.2649948 10.45 0.08
2458493.2651684 10.55 0.09
2458493.2653420 10.53 0.08
2458493.2655156 10.47 0.08
2458493.2656892 10.61 0.09
2458493.2660378 10.44 0.08
2458493.2662112 10.45 0.08
2458493.2663847 10.52 0.09
2458493.2665581 10.48 0.08
2458493.2667316 10.52 0.08
2458493.2669050 10.48 0.08
2458493.2670784 10.44 0.08
2458493.2672519 10.47 0.08
2458493.2674253 10.49 0.08
2458493.2677725 10.40 0.08
2458493.2679461 10.54 0.09
2458493.2681197 10.49 0.08
2458493.2686406 10.53 0.09
2458493.2691614 10.58 0.09
2458493.2695086 10.42 0.08
2458493.2696822 10.52 0.08
2458493.2698559 10.72 0.10
2458493.2702031 10.52 0.08
2458493.2703767 10.34 0.07
2458493.2705503 10.49 0.08
2458493.2707239 10.51 0.08
2458493.2714184 10.52 0.08
2458493.2715920 10.39 0.08
2458493.2717656 10.42 0.08
2458493.2724600 10.46 0.08
2458493.2740225 10.45 0.08
2458493.2741961 10.47 0.08
2458493.2743697 10.60 0.09
2458493.2745434 10.51 0.09
2458493.2747170 10.49 0.08
2458493.2748906 10.55 0.09
2458493.2754114 10.58 0.09
2458493.2759322 10.53 0.09
2458493.2762795 10.48 0.08
2458493.2764531 10.43 0.08
2458493.2771475 10.50 0.08
2458493.2780169 10.44 0.08
2458493.2783638 10.62 0.09
2458493.2787107 10.63 0.09
2458493.2795781 10.45 0.08
2458493.2800989 10.51 0.08
2458493.2802725 10.49 0.08
2458493.2807934 10.46 0.08
2458493.2809670 10.50 0.08
2458493.2813142 10.44 0.08
2458493.2814878 10.45 0.08
2458493.2820086 10.55 0.09
2458493.2821822 10.52 0.08
2458493.2823559 10.52 0.08
2458493.2825295 10.56 0.09
2458493.2827031 10.52 0.09
2458493.2830503 10.65 0.10
2458493.2833975 10.54 0.09
2458493.2835711 10.40 0.08
2458493.2837447 10.54 0.09
2458493.2839184 10.51 0.08
2458493.2840920 10.46 0.08
2458493.2842656 10.50 0.08
2458493.2844392 10.47 0.08
2458493.2846128 10.50 0.08
2458493.2847864 10.32 0.07
2458493.2856545 10.65 0.10
2458493.2860017 10.52 0.09
2458493.2861753 10.55 0.09
2458493.2863489 10.49 0.08
2458493.2870434 10.52 0.09
2458493.2872170 10.45 0.08
2458493.2879114 10.49 0.08
2458493.2884323 10.49 0.08
2458493.2889531 10.46 0.08
2458493.2893003 10.52 0.09
2458493.2898211 10.48 0.08
2458493.2899961 10.46 0.08
2458493.2901695 10.57 0.09
2458493.2903429 10.69 0.10
2458493.2906898 10.60 0.09
2458493.2912102 10.28 0.07
2458493.2915572 10.60 0.09
2458493.2917309 10.64 0.09
2458493.2919045 10.39 0.08
2458493.2920781 10.57 0.09
2458493.2925989 10.51 0.08
2458493.2927725 10.55 0.09
2458493.2929461 10.62 0.09
2458493.2931197 10.52 0.09
2458493.2932934 10.58 0.09
2458493.2934670 10.43 0.08
2458493.2936406 10.56 0.09
2458493.2941614 10.50 0.08
2458493.2946823 10.50 0.08
2458493.2950295 10.44 0.08
2458493.2952031 10.55 0.09
2458493.2962448 10.60 0.09
2458493.2964184 10.43 0.08
2458493.2965920 10.43 0.08
2458493.2969392 10.65 0.10
2458493.2978072 10.72 0.10
2458493.2979809 10.63 0.10
2458493.2985017 10.47 0.08
2458493.2986753 10.55 0.09
2458493.2991961 10.46 0.08
2458493.2995434 10.43 0.08
2458493.3002378 10.57 0.09
2458493.3023327 10.63 0.10
2458493.3026799 10.55 0.09
2458493.3030272 10.58 0.09
2458493.3033744 10.56 0.09
2458493.3035480 10.51 0.09
2458493.3037216 10.59 0.09
2458493.3040688 10.52 0.09
2458493.3042424 10.54 0.09
2458493.3047633 10.54 0.09
2458493.3049369 10.57 0.09
2458493.3052841 10.59 0.09
2458493.3054577 10.61 0.09
2458493.3059785 10.65 0.10
2458493.3061522 10.58 0.09
2458493.3070202 10.69 0.10
2458493.3073674 10.47 0.08
2458493.3077147 10.53 0.09
2458493.3080619 10.51 0.08
2458493.3084091 10.52 0.08
2458493.3085827 10.60 0.09
2458493.3089299 10.53 0.09
2458493.3096244 10.55 0.09
2458493.3097980 10.50 0.08
2458493.3099716 10.60 0.09
2458493.3108397 10.46 0.08
2458493.3110133 10.58 0.09
2458493.3111869 10.44 0.08
2458493.3113605 10.53 0.09
2458493.3115341 10.57 0.09
2458493.3118813 10.60 0.09
2458493.3129236 10.54 0.09
2458493.3136174 10.65 0.10
2458493.3141383 10.64 0.09
2458493.3144855 10.53 0.09
2458493.3146591 10.59 0.09
2458493.3150063 10.55 0.09
2458493.3151799 10.52 0.08
2458493.3157008 10.42 0.08
2458493.3160480 10.57 0.09
2458493.3169161 10.55 0.09
2458493.3172633 10.51 0.08
2458493.3174369 10.40 0.08
2458493.3177841 10.63 0.09
2458493.3181313 10.53 0.09
2458493.3184786 10.67 0.10
2458493.3186522 10.49 0.08
2458493.3189994 10.65 0.09
2458493.3191730 10.48 0.08
2458493.3193466 10.59 0.09
2458493.3195202 10.52 0.08
2458493.3198674 10.51 0.08
2458493.3200411 10.58 0.09
2458493.3207355 10.45 0.08
2458493.3216035 10.72 0.10
2458493.3217772 10.55 0.09
2458493.3219508 10.60 0.09
2458493.3222980 10.47 0.08
2458493.3224716 10.58 0.09
2458493.3226452 10.53 0.08
2458493.3228188 10.45 0.08
2458493.3229924 10.45 0.08
2458493.3231662 10.46 0.08
2458493.3233397 10.43 0.08
2458493.3236869 10.53 0.08
2458493.3238605 10.48 0.08
2458493.3242090 10.55 0.09
2458493.3243824 10.51 0.08
2458493.3245559 10.66 0.10
2458493.3247293 10.51 0.08
2458493.3249028 10.63 0.09
2458493.3250762 10.56 0.09
2458493.3255966 10.72 0.10
2458493.3271591 10.67 0.09
2458493.3273327 10.58 0.09
2458493.3276799 10.46 0.08
2458493.3280272 10.62 0.09
2458493.3292430 10.59 0.09
2458493.3294160 10.57 0.09
2458493.3297633 10.63 0.09
2458493.3299369 10.47 0.08
2458493.3301105 10.50 0.08
2458493.3304577 10.57 0.09
2458493.3306313 10.62 0.09
2458493.3309785 10.67 0.10
2458493.3313258 10.51 0.08
2458493.3314994 10.63 0.09
2458493.3316730 10.57 0.09
2458493.3321938 10.53 0.08
2458493.3323674 10.51 0.08
2458493.3325411 10.49 0.08
2458493.3327147 10.48 0.08
2458493.3330619 10.47 0.08
2458493.3332355 10.43 0.08
2458493.3335827 10.68 0.10
2458493.3337563 10.49 0.08
2458493.3339299 10.54 0.09
2458493.3341036 10.53 0.08
2458493.3342772 10.60 0.09
2458493.3346244 10.58 0.09
2458493.3347980 10.50 0.08
2458493.3349716 10.56 0.09
2458493.3354924 10.40 0.08
2458493.3358397 10.50 0.08
2458493.3361882 10.42 0.08
2458493.3363616 10.50 0.08
2458493.3365351 10.52 0.08
2458493.3372288 10.45 0.08
2458493.3374023 10.62 0.09
2458493.3375758 10.63 0.09
2458493.3377494 10.52 0.08
2458493.3386174 10.49 0.08
2458493.3387910 10.69 0.10
2458493.3394855 10.56 0.09
2458493.3405272 10.35 0.07
2458493.3413952 10.46 0.08
2458493.3415688 10.56 0.09
2458493.3419161 10.65 0.09
2458493.3420897 10.44 0.08
2458493.3426105 10.56 0.09
2458493.3429577 10.46 0.08
2458493.3431313 10.63 0.09
2458493.3438258 10.44 0.08
2458493.3441730 10.63 0.09
2458493.3446938 10.53 0.09
2458493.3453883 10.66 0.10
2458493.3460827 10.60 0.09
2458493.3464299 10.59 0.09
2458493.3467772 10.52 0.09
2458493.3471244 10.48 0.08
2458493.3472980 10.53 0.09
2458493.3476452 10.54 0.09
2458493.3481673 10.61 0.09
2458493.3483408 10.47 0.08
2458493.3493814 10.52 0.09
2458493.3497286 10.51 0.08
2458493.3499022 10.64 0.09
2458493.3505966 10.52 0.09
2458493.3507702 10.55 0.09
2458493.3509438 10.66 0.10
2458493.3511174 10.52 0.08
2458493.3512911 10.57 0.09
2458493.3514647 10.57 0.09
2458493.3516383 10.49 0.08
2458493.3519855 10.52 0.08
2458493.3521591 10.50 0.08
2458493.3523327 10.62 0.09
2458493.3537216 10.54 0.09
2458493.3542424 10.54 0.09
2458493.3544160 10.46 0.08
2458493.3545897 10.58 0.09
2458493.3547633 10.45 0.08
2458493.3551105 10.64 0.09
2458493.3552841 10.58 0.09
2458493.3554577 10.44 0.08
2458493.3556313 10.46 0.08
2458493.3558049 10.46 0.08
2458493.3559786 10.47 0.08
2458493.3561522 10.50 0.08
2458493.3564994 10.48 0.08
2458493.3568466 10.54 0.09
2458493.3570202 10.52 0.08
2458493.3573674 10.42 0.08
2458493.3575411 10.43 0.08
2458493.3587563 10.56 0.09
2458493.3591036 10.35 0.07
2458493.3594508 10.41 0.08
2458493.3599716 10.52 0.08
2458493.3601465 10.51 0.08
2458493.3611871 10.63 0.09
2458493.3613606 10.57 0.09
2458493.3615341 10.60 0.09
2458493.3620549 10.46 0.08
2458493.3625758 10.58 0.09
2458493.3627494 10.61 0.09
2458493.3636174 10.49 0.08
2458493.3637911 10.52 0.08
2458493.3641383 10.50 0.08
2458493.3648327 10.70 0.10
2458493.3650063 10.57 0.09
2458493.3653536 10.42 0.08
2458493.3662216 10.55 0.09
2458493.3663952 10.46 0.08
2458493.3670897 10.61 0.09
2458493.3672633 10.37 0.07
2458493.3674369 10.62 0.09
2458493.3676105 10.46 0.08
2458493.3677841 10.52 0.09
2458493.3679577 10.66 0.10
2458493.3683049 10.71 0.10
2458493.3686522 10.49 0.08
2458493.3689994 10.45 0.08
2458493.3691730 10.58 0.09
2458493.3700410 10.63 0.10
2458493.3703883 10.53 0.09
2458493.3710827 10.32 0.07
2458493.3712563 10.48 0.08
2458493.3717772 10.41 0.08
2458493.3719508 10.60 0.09
2458493.3721257 10.51 0.09
2458493.3733397 10.54 0.09
2458493.3735133 10.45 0.08
2458493.3736869 10.41 0.08
2458493.3743813 10.59 0.09
2458493.3745549 10.40 0.08
2458493.3750758 10.43 0.08
2458493.3752494 10.41 0.08
2458493.3764647 10.56 0.09
2458493.3766383 10.42 0.08
2458493.3771591 10.57 0.09
2458493.3776799 10.42 0.08
2458493.3778535 10.69 0.10
2458493.3787216 10.52 0.09
2458493.3788952 10.48 0.08
2458493.3790688 10.51 0.09
2458493.3794161 10.57 0.09
2458493.3801105 10.44 0.08
2458493.3804577 10.49 0.08
2458493.3806313 10.68 0.10
2458493.3809786 10.47 0.08
2458493.3811522 10.40 0.08
2458493.3816730 10.52 0.09
2458493.3825411 10.51 0.09
2458493.3827147 10.57 0.09
2458493.3830619 10.52 0.09
2458493.3832355 10.43 0.08
2458493.3837563 10.51 0.09
2458493.3839313 10.43 0.08
2458493.3842782 10.42 0.08
2458493.3844517 10.45 0.08
2458493.3849720 10.58 0.09
2458493.3860133 10.60 0.09
2458493.3865341 10.51 0.09
2458493.3872286 10.49 0.09
2458493.3875758 10.52 0.09
2458493.3880966 10.43 0.08
2458493.3884438 10.51 0.09
2458493.3886174 10.49 0.09
2458493.3887911 10.37 0.08
2458493.3896591 10.46 0.08
2458493.3898327 10.47 0.08
2458493.3903536 10.47 0.08
2458493.3907008 10.47 0.08
2458493.3908744 10.43 0.08
2458493.3910480 10.57 0.09
2458493.3915688 10.56 0.09
2458493.3917424 10.49 0.09
2458493.3922633 10.42 0.08
2458493.3929577 10.64 0.10
2458493.3931313 10.47 0.08
2458493.3933049 10.59 0.10
2458493.3936522 10.48 0.09
2458493.3943466 10.43 0.08
2458493.3945202 10.49 0.09
2458493.3959105 10.47 0.09
2458493.3962574 10.60 0.10
2458493.3964308 10.52 0.09
2458493.3969511 10.53 0.09
2458493.3971246 10.55 0.09
2458493.3983397 10.46 0.08
2458493.4009438 10.49 0.09
2458493.4011174 10.56 0.09
2458493.4018119 10.68 0.10
2458493.4026799 10.49 0.09
2458493.4030272 10.52 0.09
2458493.4038952 10.53 0.09
2458493.4066730 10.60 0.10
2458493.4073674 10.46 0.09
2458493.4082365 10.63 0.10
2458493.4085833 10.53 0.09
2458493.4097980 10.51 0.09
2458493.4103188 10.54 0.09
2458493.4127494 10.46 0.09
2458493.4129230 10.49 0.09
2458493.4132702 10.42 0.08
2458493.4136174 10.78 0.12
2458493.4148327 10.57 0.10
2458493.4150063 10.57 0.10
2458494.3463836 10.50 0.12
2458494.3493350 10.64 0.14
2458494.3498559 10.37 0.11
2458494.3529809 10.54 0.14
2458494.3592309 10.39 0.15
2458495.1344161 10.45 0.13
2458495.1351115 10.40 0.13
2458495.1382355 10.64 0.15
2458495.1410133 10.47 0.13
2458495.1430966 10.47 0.13
2458495.1524716 10.35 0.11
2458495.1535133 10.50 0.13
2458495.1562911 10.56 0.14
2458495.1569855 10.48 0.13
2458495.1585480 10.58 0.14
2458495.1594167 10.64 0.15
2458495.1599371 10.54 0.13
2458495.1639299 10.54 0.14
2458495.1642772 10.41 0.12
2458495.1649716 10.49 0.13
2458495.1651452 10.48 0.13
2458495.1654924 10.49 0.13
2458495.1675758 10.58 0.14
2458495.1686174 10.51 0.13
2458495.1698327 10.47 0.12
2458495.1705272 10.50 0.13
2458495.1710491 10.59 0.14
2458495.1719163 10.68 0.15
2458495.1727841 10.51 0.13
2458495.1750411 10.37 0.11
2458495.1776452 10.55 0.13
2458495.1778188 10.51 0.13
2458495.1792077 10.63 0.14
2458495.1821591 10.49 0.12
2458495.1823327 10.47 0.12
2458495.1833752 10.49 0.12
2458495.1840689 10.54 0.13
2458495.1844160 10.43 0.12
2458495.1851105 10.53 0.13
2458495.1856313 10.60 0.14
2458495.1858049 10.65 0.14
2458495.1859785 10.35 0.11
2458495.1861522 10.46 0.12
2458495.1885827 10.34 0.10
2458495.1897980 10.59 0.13
2458495.1901452 10.47 0.12
2458495.1910133 10.52 0.12
2458495.1911869 10.51 0.12
2458495.1915341 10.55 0.13
2458495.1917077 10.37 0.11
2458495.1918813 10.49 0.12
2458495.1925758 10.59 0.13
2458495.1937910 10.57 0.13
2458495.1946591 10.54 0.12
2458495.1950075 10.47 0.12
2458495.1951809 10.55 0.13
2458495.1957013 10.57 0.13
2458495.1958747 10.80 0.16
2458495.1963952 10.58 0.13
2458495.1977841 10.41 0.11
2458495.1983049 10.47 0.12
2458495.1984786 10.36 0.11
2458495.1986522 10.53 0.12
2458495.2002147 10.67 0.14
2458495.2003883 10.44 0.11
2458495.2010827 10.63 0.14
2458495.2016035 10.35 0.11
2458495.2019508 10.54 0.12
2458495.2028188 10.53 0.12
2458495.2033397 10.53 0.12
2458495.2042077 10.60 0.13
2458495.2043813 10.67 0.14
2458495.2049022 10.46 0.12
2458495.2061174 10.46 0.12
2458495.2082008 10.50 0.12
2458495.2099369 10.54 0.13
2458495.2102841 10.47 0.12
2458495.2113258 10.59 0.13
2458495.2116730 10.50 0.12
2458495.2121938 10.66 0.14
2458495.2141036 10.46 0.12
2458495.2153188 10.49 0.12
2458495.2158397 10.59 0.13
2458495.2168813 10.43 0.11
2458495.2170549 10.52 0.12
2458495.2172285 10.41 0.11
2458495.2207008 10.59 0.13
2458495.2212216 10.46 0.12
2458495.2215688 10.61 0.13
2458495.2219161 10.38 0.11
2458495.2231313 10.58 0.13
2458495.2241730 10.32 0.10
2458495.2243466 10.58 0.13
2458495.2262563 10.53 0.12
2458495.2271244 10.44 0.11
2458495.2283397 10.58 0.13
2458495.2286869 10.29 0.10
2458495.2304230 10.70 0.14
2458495.2318122 10.58 0.12
2458495.2330272 10.52 0.12
2458495.2332008 10.57 0.12
2458495.2338952 10.44 0.11
2458495.2340688 10.28 0.09
2458495.2342424 10.44 0.11
2458495.2344161 10.53 0.12
2458495.2359785 10.60 0.13
2458495.2364994 10.53 0.12
2458495.2368466 10.57 0.12
2458495.2370202 10.53 0.12
2458495.2375411 10.49 0.11
2458495.2380619 10.69 0.14
2458495.2401452 10.38 0.10
2458495.2403188 10.61 0.13
2458495.2410133 10.52 0.12
2458495.2417077 10.56 0.12
2458495.2424022 10.23 0.09
2458495.2432711 10.59 0.12
2458495.2434445 10.66 0.13
2458495.2437914 10.54 0.12
2458495.2441383 10.62 0.13
2458495.2444855 10.50 0.11
2458495.2446591 10.61 0.13
2458495.2457008 10.69 0.14
2458495.2460480 10.59 0.12
2458495.2462216 10.58 0.12
2458495.2463952 10.71 0.14
2458495.2469160 10.75 0.14
2458495.2474369 10.66 0.13
2458495.2483049 10.58 0.12
2458495.2484785 10.58 0.12
2458495.2491730 10.37 0.10
2458495.2496938 10.55 0.12
2458495.2509091 10.42 0.11
2458495.2517772 10.58 0.12
2458495.2524716 10.39 0.10
2458495.2549034 10.62 0.12
2458495.2552503 10.61 0.12
2458495.2559441 10.80 0.15
2458495.2564647 10.56 0.12
2458495.2573327 10.79 0.14
2458495.2578536 10.56 0.12
2458495.2582008 10.49 0.11
2458495.2585480 10.59 0.12
2458495.2588952 10.67 0.13
2458495.2599369 10.44 0.10
2458495.2623674 10.55 0.12
2458495.2627147 10.62 0.12
2458495.2635827 10.37 0.10
2458495.2637563 10.56 0.12
2458495.2641035 10.41 0.10
2458495.2642772 10.44 0.10
2458495.2647980 10.62 0.12
2458495.2663605 10.44 0.10
2458495.2694855 10.67 0.13
2458495.2703535 10.53 0.11
2458495.2712216 10.47 0.11
2458495.2745202 10.52 0.11
2458495.2807702 10.34 0.09
2458495.2816383 10.68 0.13
2458495.2826799 10.70 0.13
2458495.2863258 10.41 0.10
2458495.2864994 10.33 0.09
2458495.2870202 10.31 0.09
2458495.2904924 10.58 0.12
2458495.2932702 10.46 0.10
2458495.2955272 10.49 0.11
2458495.2957008 10.51 0.11
2458495.2970897 10.54 0.11
2458495.2983049 10.57 0.11
2458495.2993466 10.68 0.12
2458495.3014299 10.69 0.13
2458495.3019508 10.54 0.11
2458495.3050758 10.43 0.10
2458495.3064647 10.30 0.09
2458495.3111522 10.48 0.11
2458495.3121938 10.48 0.11
2458495.3130619 10.55 0.11
2458495.3139299 10.39 0.10
2458495.3144508 10.61 0.12
2458498.1689531 10.54 0.11
2458498.1710364 10.68 0.12
2458498.1734670 10.56 0.11
2458498.1736406 10.61 0.11
2458498.1738142 10.79 0.13
2458498.1786763 10.50 0.10
2458498.1797170 10.45 0.09
2458498.1798906 10.44 0.09
2458498.1807586 10.76 0.13
2458498.1818003 10.62 0.11
2458498.1823211 10.44 0.09
2458498.1831892 10.54 0.10
2458498.1837100 10.49 0.10
2458498.1840572 10.40 0.09
2458498.1850989 10.60 0.11
2458498.1861406 10.59 0.11
2458498.1885711 10.48 0.10
2458498.1889184 10.36 0.08
2458498.1892656 10.34 0.08
2458498.1894392 10.46 0.09
2458498.1899600 10.68 0.11
2458498.1901336 10.51 0.10
2458498.1913489 10.70 0.12
2458498.1922170 10.50 0.10
2458498.1923906 10.51 0.10
2458498.1925642 10.28 0.08
2458498.1927378 10.49 0.09
2458498.1929114 10.47 0.09
2458498.1932586 10.49 0.09
2458498.1955156 10.44 0.09
2458498.1958628 10.35 0.08
2458498.1962112 10.41 0.09
2458498.1963846 10.39 0.08
2458498.1967315 10.37 0.08
2458498.1981198 10.25 0.07
2458498.1995086 10.40 0.08
2458498.2000295 10.44 0.09
2458498.2008975 10.46 0.09
2458498.2010711 10.53 0.09
2458498.2012447 10.51 0.09
2458498.2014184 10.43 0.09
2458498.2015920 10.70 0.11
2458498.2021128 10.52 0.09
2458498.2029809 10.55 0.09
2458498.2031545 10.54 0.09
2458498.2035017 10.47 0.09
2458498.2045434 10.52 0.09
2458498.2048906 10.41 0.08
2458498.2055850 10.64 0.10
2458498.2068003 10.68 0.11
2458498.2080169 10.42 0.08
2458498.2099253 10.43 0.08
2458498.2104461 10.47 0.09
2458498.2113142 10.50 0.09
2458498.2116614 10.54 0.09
2458498.2123559 10.52 0.09
2458498.2128767 10.50 0.09
2458498.2130503 10.44 0.08
2458498.2132239 10.43 0.08
2458498.2137448 10.49 0.09
2458498.2139184 10.57 0.10
2458498.2156545 10.56 0.09
2458498.2165225 10.60 0.10
2458498.2184322 10.41 0.08
2458498.2187795 10.49 0.09
2458498.2196475 10.43 0.08
2458498.2217309 10.68 0.11
2458498.2231197 10.46 0.08
2458498.2238142 10.41 0.08
2458498.2241614 10.48 0.08
2458498.2243350 10.43 0.08
2458498.2246822 10.40 0.08
2458498.2248559 10.58 0.09
2458498.2250295 10.64 0.10
2458498.2255503 10.57 0.09
2458498.2265920 10.41 0.08
2458498.2267656 10.59 0.09
2458498.2271128 10.56 0.09
2458498.2272864 10.52 0.09
2458498.2279809 10.35 0.08
2458498.2281545 10.45 0.08
2458498.2295434 10.55 0.09
2458498.2298906 10.43 0.08
2458498.2316267 10.39 0.08
2458498.2324954 10.51 0.09
2458498.2326688 10.53 0.09
2458498.2328422 10.51 0.09
2458498.2330157 10.54 0.09
2458498.2331892 10.48 0.09
2458498.2349253 10.51 0.09
2458498.2350989 10.52 0.09
2458498.2368350 10.37 0.08
2458498.2390920 10.42 0.09
2458498.2397864 10.48 0.09
2458498.2403072 10.47 0.09
2458498.2423906 10.45 0.09
2458498.2425642 10.47 0.09
2458498.2429114 10.67 0.11
2458498.2437807 10.33 0.08
2458498.2451684 10.45 0.09
2458498.2455156 10.49 0.09
2458498.2460364 10.48 0.09
2458498.2463836 10.49 0.09
2458498.2469045 10.45 0.09
2458498.2477725 10.40 0.08
2458498.2488142 10.62 0.10
2458498.2498559 10.47 0.09
2458498.2500295 10.49 0.09
2458498.2521128 10.46 0.09
2458498.2594045 10.43 0.09
2458498.2609670 10.47 0.09
2458498.2613142 10.51 0.09
2458498.2614878 10.51 0.09
2458498.2616614 10.49 0.09
2458498.2618350 10.51 0.10
2458498.2627031 10.35 0.07
2458498.2628767 10.46 0.08
2458498.2630503 10.51 0.08
2458498.2632239 10.47 0.08
2458498.2633975 10.49 0.08
2458498.2635711 10.47 0.08
2458498.2637447 10.58 0.08
2458498.2639184 10.53 0.08
2458498.2640920 10.56 0.08
2458498.2642656 10.40 0.07
2458498.2644392 10.45 0.07
2458498.2646128 10.54 0.08
2458498.2647864 10.49 0.08
2458498.2649600 10.54 0.09
2458498.2651336 10.64 0.09
2458498.2653072 10.44 0.08
2458498.2656545 10.60 0.09
2458498.2658281 10.51 0.08
2458498.2660017 10.41 0.07
2458498.2661753 10.54 0.08
2458498.2663489 10.44 0.07
2458498.2665225 10.42 0.07
2458498.2666961 10.58 0.08
2458498.2668698 10.51 0.08
2458498.2670434 10.50 0.08
2458498.2672170 10.56 0.09
2458498.2673906 10.44 0.08
2458498.2675655 10.49 0.08
2458498.2677389 10.53 0.08
2458498.2679124 10.44 0.08
2458498.2680858 10.47 0.08
2458498.2682593 10.38 0.07
2458498.2684327 10.45 0.08
2458498.2686062 10.40 0.07
2458498.2687796 10.53 0.08
2458498.2689531 10.46 0.08
2458498.2691267 10.57 0.08
2458498.2693003 10.56 0.08
2458498.2694739 10.57 0.08
2458498.2696475 10.53 0.08
2458498.2698211 10.53 0.08
2458498.2699947 10.56 0.08
2458498.2701684 10.45 0.07
2458498.2703420 10.43 0.07
2458498.2705156 10.49 0.08
2458498.2706892 10.44 0.07
2458498.2708628 10.55 0.08
2458498.2710364 10.50 0.08
2458498.2712100 10.36 0.07
2458498.2713836 10.64 0.09
2458498.2715572 10.46 0.07
2458498.2717309 10.42 0.07
2458498.2719045 10.51 0.08
2458498.2720781 10.44 0.07
2458498.2722517 10.61 0.09
2458498.2724253 10.46 0.08
2458498.2725989 10.60 0.08
2458498.2727725 10.44 0.07
2458498.2729461 10.42 0.07
2458498.2731197 10.53 0.08
2458498.2732934 10.40 0.07
2458498.2734670 10.42 0.07
2458498.2736406 10.50 0.08
2458498.2738142 10.41 0.07
2458498.2739878 10.46 0.07
2458498.2741614 10.44 0.07
2458498.2743350 10.42 0.07
2458498.2745086 10.43 0.07
2458498.2746823 10.40 0.07
2458498.2748559 10.51 0.08
2458498.2750295 10.44 0.07
2458498.2752031 10.37 0.07
2458498.2753767 10.42 0.07
2458498.2755503 10.44 0.07
2458498.2757239 10.36 0.07
2458498.2758975 10.33 0.07
2458498.2762448 10.44 0.07
2458498.2764184 10.49 0.08
2458498.2765920 10.55 0.08
2458498.2767656 10.55 0.08
2458498.2769392 10.38 0.07
2458498.2771128 10.47 0.08
2458498.2772864 10.44 0.07
2458498.2774600 10.42 0.07
2458498.2776336 10.40 0.07
2458498.2778072 10.57 0.08
2458498.2779809 10.53 0.08
2458498.2781545 10.39 0.07
2458498.2783281 10.46 0.08
2458498.2785017 10.44 0.07
2458498.2786753 10.54 0.08
2458498.2788489 10.53 0.08
2458498.2790225 10.50 0.08
2458498.2791961 10.43 0.07
2458498.2793697 10.61 0.09
2458498.2795448 10.47 0.08
2458498.2797182 10.45 0.07
2458498.2798916 10.55 0.08
2458498.2800651 10.48 0.08
2458498.2802385 10.59 0.08
2458498.2804120 10.44 0.07
2458498.2805854 10.50 0.08
2458498.2807589 10.48 0.08
2458498.2809323 10.52 0.08
2458498.2811059 10.54 0.08
2458498.2812795 10.46 0.07
2458498.2814531 10.52 0.08
2458498.2816267 10.49 0.08
2458498.2818003 10.34 0.07
2458498.2821475 10.52 0.08
2458498.2824948 10.32 0.07
2458498.2826684 10.41 0.07
2458498.2828420 10.49 0.08
2458498.2830156 10.59 0.09
2458498.2831892 10.55 0.08
2458498.2833628 10.48 0.08
2458498.2835364 10.54 0.08
2458498.2837100 10.55 0.08
2458498.2838836 10.57 0.08
2458498.2840573 10.51 0.08
2458498.2842309 10.47 0.08
2458498.2844045 10.52 0.08
2458498.2845781 10.47 0.08
2458498.2847517 10.50 0.08
2458498.2849253 10.60 0.09
2458498.2850989 10.45 0.08
2458498.2852725 10.49 0.08
2458498.2854461 10.48 0.08
2458498.2856197 10.45 0.08
2458498.2857934 10.59 0.09
2458498.2859670 10.54 0.08
2458498.2863142 10.54 0.08
2458498.2864878 10.46 0.08
2458498.2866614 10.55 0.08
2458498.2868350 10.54 0.08
2458498.2870086 10.51 0.08
2458498.2871822 10.44 0.08
2458498.2873559 10.37 0.07
2458498.2875295 10.57 0.08
2458498.2877031 10.50 0.08
2458498.2878767 10.51 0.08
2458498.2880503 10.57 0.09
2458498.2882239 10.52 0.08
2458498.2883975 10.40 0.07
2458498.2885711 10.46 0.08
2458498.2887447 10.41 0.07
2458498.2889184 10.38 0.07
2458498.2892656 10.48 0.08
2458498.2894392 10.43 0.07
2458498.2896128 10.54 0.08
2458498.2897864 10.62 0.09
2458498.2899600 10.42 0.07
2458498.2901336 10.51 0.08
2458498.2903073 10.47 0.08
2458498.2904809 10.53 0.08
2458498.2906545 10.49 0.08
2458498.2908281 10.55 0.08
2458498.2910017 10.38 0.07
2458498.2911753 10.43 0.07
2458498.2913489 10.58 0.09
2458498.2915239 10.46 0.08
2458498.2918708 10.49 0.08
2458498.2920443 10.40 0.07
2458498.2922177 10.35 0.07
2458498.2923912 10.52 0.08
2458498.2925646 10.45 0.08
2458498.2927381 10.39 0.07
2458498.2929115 10.49 0.08
2458498.2930850 10.42 0.07
2458498.2932586 10.55 0.08
2458498.2934322 10.49 0.08
2458498.2937795 10.53 0.08
2458498.2939531 10.45 0.08
2458498.2941267 10.58 0.09
2458498.2943003 10.44 0.08
2458498.2946475 10.40 0.07
2458498.2948211 10.48 0.08
2458498.2949947 10.47 0.08
2458498.2951684 10.54 0.08
2458498.2953420 10.47 0.08
2458498.2955156 10.58 0.09
2458498.2956892 10.43 0.07
2458498.2958628 10.37 0.07
2458498.2960364 10.45 0.08
2458498.2963836 10.48 0.08
2458498.2965572 10.49 0.08
2458498.2967309 10.48 0.08
2458498.2969045 10.57 0.08
2458498.2970781 10.64 0.09
2458498.2972517 10.59 0.08
2458498.2975989 10.50 0.08
2458498.2977725 10.42 0.07
2458498.2979461 10.53 0.08
2458498.2981198 10.43 0.07
2458498.2982934 10.49 0.08
2458498.2984670 10.47 0.08
2458498.2988142 10.46 0.08
2458498.2989878 10.51 0.08
2458498.2991614 10.48 0.08
2458498.2995086 10.53 0.08
2458498.2996823 10.40 0.07
2458498.3000295 10.34 0.07
2458498.3002031 10.47 0.08
2458498.3003767 10.41 0.07
2458498.3005503 10.53 0.08
2458498.3008975 10.42 0.07
2458498.3012447 10.58 0.09
2458498.3014184 10.51 0.08
2458498.3015920 10.42 0.07
2458498.3017656 10.51 0.08
2458498.3019392 10.52 0.08
2458498.3021128 10.43 0.07
2458498.3022864 10.57 0.08
2458498.3024600 10.39 0.07
2458498.3026336 10.45 0.08
2458498.3028072 10.56 0.08
2458498.3029809 10.58 0.09
2458498.3031545 10.45 0.08
2458498.3033281 10.49 0.08
2458498.3035017 10.60 0.09
2458498.3036766 10.54 0.08
2458498.3038500 10.44 0.07
2458498.3040235 10.51 0.08
2458498.3041969 10.45 0.08
2458498.3043703 10.47 0.08
2458498.3047172 10.53 0.08
2458498.3048907 10.50 0.08
2458498.3050642 10.42 0.07
2458498.3054114 10.41 0.07
2458498.3055850 10.58 0.09
2458498.3059323 10.62 0.09
2458498.3062795 10.40 0.07
2458498.3066267 10.51 0.08
2458498.3068003 10.56 0.08
2458498.3069739 10.53 0.08
2458498.3073211 10.55 0.08
2458498.3074948 10.55 0.08
2458498.3078420 10.47 0.08
2458498.3080156 10.55 0.08
2458498.3083628 10.60 0.09
2458498.3085364 10.36 0.07
2458498.3087100 10.50 0.08
2458498.3094045 10.52 0.08
2458498.3095781 10.40 0.07
2458498.3097517 10.48 0.08
2458498.3099253 10.40 0.07
2458498.3104461 10.45 0.08
2458498.3107934 10.36 0.07
2458498.3109670 10.49 0.08
2458498.3111406 10.50 0.08
2458498.3114878 10.45 0.08
2458498.3116614 10.35 0.07
2458498.3118350 10.50 0.08
2458498.3125295 10.36 0.07
2458498.3127031 10.53 0.08
2458498.3128767 10.58 0.09
2458498.3133975 10.48 0.08
2458498.3135711 10.66 0.10
2458498.3137448 10.49 0.08
2458498.3139184 10.43 0.08
2458498.3142656 10.44 0.08
2458498.3144392 10.39 0.07
2458498.3146128 10.48 0.08
2458498.3147864 10.60 0.09
2458498.3149600 10.45 0.08
2458498.3151336 10.43 0.08
2458498.3153073 10.54 0.08
2458498.3154809 10.48 0.08
2458498.3156558 10.45 0.08
2458498.3158292 10.63 0.09
2458498.3163496 10.35 0.07
2458498.3166965 10.47 0.08
2458498.3168699 10.41 0.08
2458498.3175642 10.53 0.08
2458498.3179114 10.50 0.08
2458498.3180850 10.56 0.09
2458500.2340341 10.61 0.12
2458500.2343813 10.56 0.12
2458500.2375063 10.60 0.12
2458500.2383744 10.69 0.13
2458500.2402841 10.64 0.12
2458500.2425410 10.48 0.10
2458500.2432355 10.48 0.10
2458500.2461869 10.24 0.08
2458500.2470549 10.54 0.10
2458500.2493119 10.44 0.10
2458500.2500063 10.74 0.13
2458500.2505272 10.62 0.11
2458500.2578188 10.68 0.12
2458500.2590341 10.41 0.09
2458500.2602494 10.56 0.10
2458500.2619855 10.59 0.11
2458500.2626799 10.35 0.09
2458500.2628535 10.56 0.10
2458500.2632008 10.41 0.09
2458500.2637216 10.33 0.08
2458500.2644160 10.28 0.08
2458500.2666730 10.35 0.08
2458500.2677147 10.34 0.08
2458500.2680619 10.42 0.09
2458500.2687573 10.45 0.09
2458500.2692776 10.37 0.08
2458500.2703188 10.62 0.11
2458500.2710133 10.63 0.11
2458500.2713605 10.31 0.08
2458500.2722285 10.40 0.09
2458500.2732702 10.37 0.08
2458500.2755272 10.47 0.09
2458500.2757008 10.38 0.08
2458500.2760480 10.35 0.08
2458500.2765688 10.45 0.09
2458500.2767424 10.45 0.09
2458500.2772633 10.45 0.09
2458500.2774369 10.61 0.11
2458500.2777841 10.42 0.09
2458500.2807365 10.33 0.08
2458500.2824716 10.29 0.08
2458500.2829924 10.50 0.09
2458500.2831660 10.36 0.08
2458500.2838605 10.49 0.09
2458500.2847286 10.30 0.08
2458500.2849022 10.49 0.09
2458500.2857702 10.26 0.08
2458500.2859438 10.34 0.08
2458500.2862911 10.53 0.10
2458500.2890688 10.37 0.08
2458500.2892424 10.45 0.09
2458500.2894160 10.49 0.09
2458500.2895897 10.42 0.09
2458500.2899369 10.26 0.07
2458500.2901105 10.44 0.09
2458500.2904577 10.40 0.08
2458500.2906313 10.47 0.09
2458500.2908049 10.51 0.09
2458500.2909785 10.41 0.08
2458500.2911522 10.48 0.09
2458500.2913258 10.40 0.08
2458500.2914994 10.45 0.09
2458500.2916730 10.46 0.09
2458500.2918466 10.45 0.09
2458500.2920202 10.42 0.08
2458500.2921938 10.46 0.09
2458500.2923688 10.48 0.09