2458467.3677195 10.93 0.14
2458467.3678931 10.88 0.13
2458467.3691084 10.88 0.13
2458467.3722334 10.91 0.14
2458467.3750111 11.14 0.17
2458467.3758801 11.07 0.16
2458467.3764005 11.12 0.16
2458467.3765739 11.08 0.16
2458467.3779625 10.91 0.14
2458467.3781361 11.00 0.15
2458467.3784834 11.05 0.16
2458467.3790042 10.90 0.13
2458467.3798723 10.80 0.12
2458467.3800459 10.95 0.14
2458467.3807403 11.02 0.15
2458467.3809139 11.05 0.16
2458467.3810875 10.94 0.14
2458467.3819556 11.05 0.15
2458467.3821292 11.04 0.15
2458467.3833445 10.91 0.14
2458467.3842125 11.05 0.16
2458467.3889000 11.05 0.16
2458467.3892473 11.10 0.16
2458467.3895945 10.85 0.13
2458467.3897681 11.04 0.16
2458467.3904625 10.92 0.14
2458467.3906361 10.92 0.14
2458467.3918514 10.94 0.14
2458467.3934139 11.11 0.17
2458467.3963653 10.84 0.13
2458467.3965389 10.95 0.14
2458467.3967125 10.92 0.14
2458467.3972334 10.79 0.12
2458467.3974070 11.01 0.15
2458467.4005321 10.92 0.14
2458467.4019209 10.98 0.15
2458467.4022681 11.00 0.15
2458467.4027889 10.85 0.13
2458467.4029625 10.92 0.14
2458467.4043514 10.89 0.14
2458467.4053931 11.05 0.16
2458467.4163306 11.02 0.16
2458467.4185875 10.89 0.14
2458469.3667865 10.99 0.11
2458469.3670135 11.16 0.13
2458469.3671871 11.12 0.12
2458469.3673607 11.25 0.14
2458469.3675343 11.12 0.12
2458469.3677079 11.14 0.12
2458469.3678815 11.23 0.13
2458469.3680551 11.03 0.11
2458469.3684023 11.22 0.13
2458469.3685760 10.98 0.11
2458469.3687496 11.10 0.12
2458469.3690968 11.14 0.12
2458469.3692704 11.16 0.13
2458469.3694440 11.10 0.12
2458469.3696176 10.98 0.11
2458469.3697912 11.11 0.12
2458469.3699648 11.12 0.12
2458469.3701384 11.20 0.13
2458469.3703121 11.12 0.12
2458469.3704857 11.22 0.14
2458469.3706593 11.09 0.12
2458469.3708329 11.26 0.14
2458469.3710065 11.09 0.12
2458469.3711801 11.18 0.13
2458469.3713537 11.09 0.12
2458469.3715273 11.37 0.15
2458469.3717009 11.01 0.11
2458469.3718746 11.10 0.12
2458469.3720482 11.23 0.13
2458469.3722218 11.12 0.12
2458469.3723954 11.04 0.11
2458469.3725690 11.11 0.12
2458469.3727426 11.26 0.14
2458469.3729162 10.89 0.10
2458469.3730898 11.08 0.12
2458469.3732635 11.21 0.13
2458469.3734371 10.93 0.10
2458469.3736107 11.19 0.13
2458469.3737843 11.01 0.11
2458469.3739579 11.25 0.14
2458469.3741315 11.07 0.12
2458469.3743051 11.10 0.12
2458469.3744787 11.28 0.14
2458469.3746524 11.01 0.11
2458469.3748260 11.05 0.11
2458469.3749996 11.17 0.13
2458469.3751732 11.07 0.12
2458469.3753468 11.06 0.11
2458469.3755204 11.02 0.11
2458469.3756940 11.15 0.12
2458469.3758676 11.26 0.14
2458469.3760425 11.17 0.13
2458469.3762159 11.00 0.11
2458469.3763894 11.24 0.13
2458469.3765628 11.09 0.12
2458469.3767363 11.14 0.12
2458469.3769097 11.05 0.11
2458469.3770832 11.05 0.11
2458469.3772566 11.31 0.14
2458469.3774301 11.13 0.12
2458469.3776037 11.23 0.13
2458469.3777773 11.14 0.12
2458469.3779510 11.05 0.11
2458469.3781246 11.21 0.13
2458469.3782982 11.23 0.13
2458469.3784718 11.25 0.14
2458469.3786454 10.99 0.11
2458488.3054579 11.08 0.15
2458488.3059788 11.04 0.14
2458488.3064996 11.19 0.16
2458488.3068468 11.13 0.15
2458488.3070205 11.03 0.14
2458488.3071941 11.10 0.15
2458488.3103194 11.12 0.16
2458488.3111871 11.07 0.15
2458488.3129232 11.16 0.16
2458488.3151802 11.00 0.14
2458488.3165691 11.05 0.15
2458488.3186524 10.97 0.14
2458488.3189996 11.06 0.15
2458488.3195205 11.19 0.17
2458488.3198677 11.12 0.16
2458488.3203885 11.05 0.15
2458488.3212579 10.90 0.13
2458488.3216048 10.96 0.14
2458488.3221252 11.15 0.17
2458488.3235135 10.98 0.14
2458488.3264649 11.00 0.15
2458488.3266385 11.10 0.16
2458488.3321941 10.95 0.14
2458488.3339308 10.95 0.14
2458488.3358399 11.17 0.17
2458488.3387913 11.09 0.16
2458488.3391385 11.16 0.17
2458488.3393121 11.08 0.16
2458488.3415691 11.00 0.15
2458488.3419163 11.08 0.16
2458488.3476455 11.01 0.15
2458488.3521594 11.01 0.15
2458488.3551107 10.90 0.14
2458488.3584094 10.98 0.15
2458488.3596246 11.09 0.16
2458488.3599718 11.13 0.17
2458488.3603191 11.09 0.16
2458488.3610135 10.99 0.15
2458488.3657010 10.99 0.15
2458488.3658746 11.13 0.17
2458488.3662219 11.00 0.15
2458488.3691744 11.00 0.15
2458488.3716038 10.94 0.15
2458493.2521475 10.94 0.13
2458493.2523211 11.15 0.16
2458493.2530156 11.03 0.14
2458493.2531892 11.13 0.15
2458493.2533628 11.07 0.14
2458493.2538836 11.02 0.14
2458493.2552727 11.06 0.14
2458493.2556198 11.02 0.13
2458493.2557934 11.10 0.15
2458493.2566614 11.17 0.15
2458493.2570086 11.04 0.14
2458493.2571823 11.10 0.15
2458493.2577031 11.07 0.14
2458493.2578767 11.11 0.15
2458493.2580503 10.96 0.13
2458493.2583975 11.16 0.15
2458493.2585711 11.16 0.15
2458493.2587447 11.14 0.15
2458493.2592656 11.00 0.13
2458493.2594392 11.11 0.15
2458493.2596128 11.03 0.14
2458493.2597864 11.19 0.16
2458493.2599600 11.18 0.16
2458493.2601336 11.01 0.13
2458493.2603072 11.24 0.16
2458493.2606545 11.00 0.13
2458493.2610017 11.22 0.16
2458493.2613489 10.99 0.13
2458493.2618697 11.17 0.16
2458493.2620434 11.07 0.14
2458493.2623906 11.18 0.16
2458493.2625642 11.13 0.15
2458493.2629114 11.04 0.14
2458493.2630850 11.15 0.15
2458493.2636059 11.06 0.14
2458493.2637795 11.19 0.16
2458493.2639531 11.17 0.15
2458493.2651684 11.00 0.13
2458493.2653420 11.05 0.14
2458493.2655156 11.10 0.14
2458493.2660378 11.15 0.15
2458493.2662112 11.16 0.15
2458493.2665581 10.97 0.13
2458493.2667316 11.07 0.14
2458493.2669050 11.10 0.14
2458493.2670784 10.95 0.13
2458493.2672519 10.95 0.13
2458493.2677725 11.00 0.14
2458493.2688142 11.21 0.16
2458493.2693350 11.12 0.15
2458493.2698559 11.00 0.13
2458493.2702031 11.23 0.16
2458493.2703767 11.10 0.14
2458493.2705503 11.08 0.14
2458493.2707239 11.03 0.14
2458493.2708975 11.05 0.14
2458493.2712448 11.13 0.15
2458493.2714184 11.01 0.13
2458493.2721128 11.05 0.14
2458493.2722864 10.95 0.13
2458493.2726336 10.99 0.13
2458493.2729809 11.00 0.13
2458493.2733281 10.99 0.13
2458493.2738489 10.99 0.13
2458493.2740225 10.96 0.13
2458493.2741961 11.05 0.14
2458493.2743697 11.05 0.14
2458493.2745434 10.91 0.12
2458493.2747170 10.85 0.12
2458493.2750642 10.95 0.13
2458493.2752378 10.93 0.12
2458493.2754114 10.95 0.13
2458493.2755850 11.03 0.14
2458493.2757586 11.17 0.15
2458493.2759322 11.04 0.14
2458493.2761059 11.07 0.14
2458493.2762795 11.13 0.15
2458493.2764531 11.19 0.16
2458493.2766267 11.15 0.15
2458493.2768003 11.19 0.16
2458493.2769739 10.95 0.13
2458493.2771475 11.20 0.16
2458493.2773211 11.23 0.16
2458493.2774947 11.05 0.14
2458493.2776684 11.11 0.15
2458493.2778420 11.12 0.15
2458493.2781904 11.12 0.15
2458493.2783638 11.02 0.13
2458493.2787107 10.99 0.13
2458493.2788841 11.01 0.13
2458493.2792310 11.10 0.14
2458493.2795781 11.08 0.14
2458493.2802725 11.08 0.14
2458493.2804461 11.00 0.13
2458493.2806198 11.02 0.14
2458493.2807934 11.07 0.14
2458493.2809670 10.93 0.12
2458493.2811406 11.06 0.14
2458493.2814878 10.92 0.12
2458493.2816614 10.99 0.13
2458493.2821822 10.95 0.13
2458493.2823559 11.13 0.15
2458493.2828767 10.86 0.12
2458493.2830503 11.09 0.14
2458493.2833975 10.90 0.12
2458493.2837447 11.09 0.14
2458493.2839184 11.15 0.15
2458493.2840920 11.15 0.15
2458493.2844392 10.93 0.12
2458493.2846128 10.93 0.12
2458493.2849600 10.94 0.13
2458493.2853072 10.97 0.13
2458493.2854809 11.10 0.15
2458493.2856545 11.04 0.14
2458493.2861753 11.05 0.14
2458493.2863489 11.13 0.15
2458493.2866961 10.97 0.13
2458493.2868698 11.05 0.14
2458493.2872170 11.01 0.13
2458493.2873906 11.09 0.14
2458493.2879114 10.87 0.12
2458493.2882586 11.07 0.14
2458493.2887795 11.00 0.13
2458493.2889531 11.07 0.14
2458493.2891267 10.95 0.13
2458493.2893003 11.07 0.14
2458493.2894739 11.05 0.14
2458493.2896475 11.08 0.14
2458493.2898211 10.80 0.11
2458493.2905164 10.91 0.12
2458493.2906898 11.06 0.14
2458493.2908633 10.99 0.13
2458493.2910367 10.93 0.12
2458493.2915572 11.00 0.13
2458493.2919045 10.98 0.13
2458493.2922517 10.78 0.11
2458493.2924253 10.88 0.12
2458493.2925989 11.01 0.13
2458493.2927725 11.11 0.15
2458493.2929461 10.97 0.13
2458493.2931197 10.98 0.13
2458493.2936406 11.08 0.14
2458493.2938142 11.07 0.14
2458493.2941614 11.04 0.14
2458493.2943350 11.06 0.14
2458493.2945086 11.12 0.15
2458493.2946823 11.03 0.14
2458493.2948559 11.02 0.14
2458493.2957239 10.80 0.11
2458493.2958975 11.07 0.14
2458493.2960711 11.00 0.13
2458493.2962448 11.05 0.14
2458493.2965920 10.99 0.13
2458493.2969392 10.96 0.13
2458493.2971128 10.99 0.13
2458493.2976336 11.09 0.15
2458493.2979809 11.18 0.16
2458493.2983281 11.14 0.15
2458493.2986753 11.01 0.13
2458493.2988489 11.07 0.14
2458493.2990225 11.06 0.14
2458493.2991961 10.97 0.13
2458493.2993697 11.13 0.15
2458493.2995434 10.90 0.12
2458493.3000642 10.90 0.12
2458493.3002378 11.20 0.16
2458493.3004114 11.08 0.15
2458493.3005850 11.05 0.14
2458493.3007586 10.98 0.13
2458493.3021591 11.16 0.15
2458493.3023327 11.08 0.14
2458493.3025063 10.84 0.12
2458493.3028536 10.97 0.13
2458493.3030272 11.09 0.14
2458493.3037216 11.03 0.14
2458493.3038952 11.02 0.14
2458493.3040688 11.13 0.15
2458493.3044161 11.01 0.13
2458493.3045897 11.04 0.14
2458493.3049369 11.06 0.14
2458493.3051105 11.05 0.14
2458493.3052841 11.13 0.15
2458493.3054577 10.91 0.12
2458493.3056313 11.14 0.15
2458493.3058049 11.15 0.15
2458493.3059785 10.92 0.12
2458493.3066730 11.12 0.15
2458493.3068466 10.94 0.13
2458493.3071938 10.94 0.12
2458493.3073674 11.20 0.16
2458493.3075410 11.09 0.14
2458493.3078883 11.16 0.15
2458493.3080619 11.11 0.15
2458493.3082355 11.11 0.14
2458493.3084091 11.01 0.13
2458493.3085827 11.09 0.14
2458493.3087563 10.93 0.12
2458493.3089299 11.11 0.15
2458493.3091036 11.01 0.13
2458493.3097980 10.98 0.13
2458493.3099716 11.06 0.14
2458493.3101452 11.11 0.15
2458493.3104924 11.09 0.14
2458493.3111869 11.10 0.14
2458493.3113605 11.06 0.14
2458493.3115341 10.91 0.12
2458493.3117077 11.23 0.16
2458493.3118813 11.16 0.15
2458493.3122298 11.07 0.14
2458493.3124033 11.03 0.13
2458493.3127502 10.93 0.12
2458493.3129236 10.87 0.12
2458493.3130971 11.02 0.13
2458493.3132705 11.16 0.15
2458493.3134439 11.21 0.16
2458493.3136174 11.18 0.15
2458493.3137910 10.94 0.12
2458493.3141383 10.88 0.12
2458493.3144855 11.11 0.14
2458493.3146591 11.27 0.17
2458493.3148327 11.09 0.14
2458493.3151799 11.12 0.15
2458493.3157008 11.09 0.14
2458493.3158744 11.18 0.15
2458493.3160480 10.97 0.13
2458493.3163952 11.12 0.15
2458493.3165688 11.14 0.15
2458493.3167424 11.25 0.16
2458493.3170897 11.24 0.16
2458493.3172633 10.97 0.13
2458493.3174369 11.20 0.16
2458493.3177841 10.97 0.13
2458493.3179577 11.09 0.14
2458493.3181313 11.14 0.15
2458493.3184786 10.98 0.13
2458493.3186522 11.13 0.15
2458493.3188258 11.04 0.13
2458493.3189994 11.17 0.15
2458493.3191730 10.98 0.13
2458493.3193466 11.01 0.13
2458493.3195202 11.14 0.15
2458493.3196938 11.21 0.16
2458493.3198674 11.17 0.15
2458493.3200411 10.95 0.12
2458493.3207355 11.14 0.14
2458493.3209091 11.09 0.14
2458493.3210827 11.19 0.15
2458493.3212563 11.09 0.14
2458493.3214299 11.06 0.14
2458493.3216035 11.03 0.13
2458493.3217772 11.08 0.14
2458493.3219508 11.09 0.14
2458493.3221244 11.08 0.14
2458493.3222980 11.22 0.16
2458493.3224716 11.02 0.13
2458493.3226452 11.09 0.14
2458493.3228188 11.09 0.14
2458493.3231662 11.33 0.18
2458493.3235133 11.28 0.17
2458493.3236869 11.00 0.13
2458493.3238605 11.06 0.14
2458493.3240341 11.09 0.14
2458493.3249028 11.17 0.15
2458493.3250762 11.10 0.14
2458493.3252497 11.21 0.16
2458493.3254231 11.08 0.14
2458493.3261174 11.07 0.14
2458493.3262911 11.01 0.13
2458493.3268119 11.09 0.14
2458493.3269855 11.06 0.14
2458493.3271591 11.03 0.13
2458493.3275063 10.94 0.12
2458493.3278536 11.13 0.14
2458493.3282008 11.09 0.14
2458493.3285480 11.10 0.14
2458493.3288952 11.12 0.14
2458493.3290688 11.08 0.14
2458493.3292430 11.06 0.14
2458493.3294160 11.16 0.15
2458493.3295897 11.13 0.14
2458493.3297633 10.98 0.13
2458493.3299369 10.99 0.13
2458493.3302841 11.04 0.13
2458493.3304577 11.04 0.13
2458493.3306313 11.14 0.14
2458493.3311522 11.04 0.13
2458493.3313258 11.24 0.16
2458493.3321938 11.00 0.13
2458493.3323674 11.09 0.14
2458493.3325411 11.03 0.13
2458493.3330619 11.01 0.13
2458493.3332355 11.15 0.15
2458493.3337563 11.02 0.13
2458493.3341036 11.18 0.15
2458493.3347980 11.08 0.14
2458493.3349716 11.11 0.14
2458493.3353188 11.23 0.16
2458493.3354924 10.96 0.13
2458493.3356661 11.10 0.14
2458493.3360133 11.04 0.13
2458493.3361882 11.15 0.15
2458493.3370554 11.06 0.14
2458493.3374023 11.10 0.14
2458493.3375758 11.19 0.15
2458493.3379230 11.06 0.14
2458493.3380966 11.10 0.14
2458493.3387910 11.07 0.14
2458493.3391383 11.03 0.13
2458493.3394855 11.10 0.14
2458493.3396591 11.16 0.15
2458493.3407008 11.17 0.15
2458493.3415688 11.02 0.13
2458493.3429577 11.02 0.13
2458493.3433049 11.03 0.14
2458493.3434786 11.11 0.14
2458493.3438258 11.15 0.15
2458493.3439994 11.14 0.15
2458493.3441730 11.01 0.13
2458493.3457355 10.98 0.13
2458493.3460827 11.18 0.16
2458493.3467772 11.01 0.13
2458493.3474716 11.01 0.13
2458493.3479924 11.01 0.13
2458493.3483408 11.08 0.14
2458493.3493814 10.93 0.12
2458493.3495549 11.08 0.14
2458493.3500758 11.03 0.14
2458493.3505966 10.96 0.13
2458493.3509438 11.07 0.14
2458493.3514647 11.10 0.14
2458493.3518119 11.11 0.15
2458493.3519855 11.15 0.15
2458493.3521591 11.15 0.15
2458493.3523327 11.16 0.15
2458493.3530272 11.08 0.14
2458493.3538952 11.19 0.15
2458493.3542424 11.27 0.17
2458493.3552841 10.91 0.12
2458493.3558049 11.07 0.14
2458493.3563258 11.13 0.15
2458493.3582355 11.01 0.13
2458493.3584091 11.12 0.15
2458493.3587563 11.12 0.14
2458493.3592772 11.01 0.13
2458493.3596244 11.15 0.15
2458493.3599716 11.14 0.15
2458493.3603199 11.12 0.15
2458493.3611871 11.20 0.16
2458493.3613606 11.07 0.14
2458493.3617077 11.00 0.13
2458493.3618813 11.23 0.16
2458493.3620549 11.10 0.14
2458493.3630966 11.02 0.14
2458493.3634438 11.20 0.16
2458493.3637911 11.16 0.15
2458493.3643119 11.29 0.17
2458493.3644855 11.18 0.15
2458493.3650063 11.06 0.14
2458493.3651799 10.96 0.12
2458493.3653536 11.01 0.13
2458493.3655272 10.94 0.12
2458493.3658744 11.20 0.16
2458493.3660480 11.27 0.17
2458493.3663952 11.04 0.13
2458493.3665688 11.28 0.17
2458493.3669161 11.14 0.15
2458493.3672633 11.32 0.18
2458493.3674369 11.22 0.16
2458493.3677841 11.33 0.18
2458493.3679577 11.07 0.14
2458493.3681313 11.15 0.15
2458493.3683049 11.27 0.17
2458493.3684785 11.04 0.14
2458493.3686522 11.06 0.14
2458493.3688258 11.18 0.15
2458493.3689994 11.08 0.14
2458493.3691730 11.16 0.15
2458493.3693466 11.10 0.14
2458493.3695202 11.21 0.16
2458493.3696938 10.98 0.13
2458493.3700410 11.10 0.14
2458493.3705619 10.99 0.13
2458493.3707355 11.20 0.16
2458493.3709091 11.10 0.14
2458493.3710827 11.16 0.15
2458493.3712563 11.16 0.15
2458493.3714299 11.01 0.13
2458493.3716036 11.18 0.16
2458493.3717772 11.12 0.15
2458493.3721257 10.90 0.12
2458493.3722991 11.02 0.13
2458493.3733397 11.03 0.14
2458493.3735133 11.06 0.14
2458493.3745549 10.99 0.13
2458493.3747286 11.10 0.14
2458493.3749022 11.19 0.16
2458493.3750758 11.08 0.14
2458493.3755966 11.08 0.14
2458493.3761174 11.05 0.14
2458493.3766383 11.12 0.15
2458493.3768119 11.04 0.14
2458493.3769855 11.15 0.15
2458493.3783744 11.11 0.15
2458493.3787216 11.06 0.14
2458493.3806313 10.94 0.13
2458493.3816730 10.91 0.12
2458493.3823674 10.88 0.12
2458493.3832355 11.04 0.14
2458493.3853189 11.03 0.14
2458493.3854924 11.11 0.15
2458493.3860133 10.96 0.13
2458493.3870549 11.05 0.14
2458493.3872286 11.04 0.14
2458493.3874022 11.03 0.14
2458493.3875758 11.18 0.16
2458493.3879230 10.88 0.12
2458493.3898327 11.04 0.14
2458493.3900063 11.21 0.16
2458493.3901799 11.17 0.16
2458493.3910480 11.12 0.15
2458493.3912216 11.03 0.14
2458493.3913952 10.93 0.13
2458493.3922633 10.96 0.13
2458493.3927841 10.98 0.14
2458493.3936522 11.12 0.15
2458493.3946938 11.11 0.15
2458493.3948674 11.11 0.15
2458493.3950411 11.03 0.14
2458493.3957355 11.07 0.15
2458493.3959105 11.08 0.15
2458493.3964308 11.01 0.14
2458493.3983397 11.10 0.15
2458493.3988605 10.98 0.14
2458493.3990341 11.07 0.15
2458493.3993813 10.93 0.13
2458493.4002494 11.12 0.16
2458493.4005966 11.14 0.16
2458493.4014647 11.06 0.15
2458493.4016383 11.04 0.14
2458493.4018119 11.20 0.17
2458493.4019855 11.09 0.15
2458493.4028536 11.07 0.15
2458493.4033744 11.17 0.16
2458493.4040688 10.98 0.14
2458493.4042424 11.09 0.15
2458493.4045897 11.18 0.17
2458493.4068466 11.07 0.15
2458493.4070202 10.95 0.14
2458493.4075410 10.98 0.14
2458493.4085833 11.00 0.14
2458493.4091037 10.99 0.14
2458493.4092772 10.91 0.13
2458493.4099716 10.97 0.14
2458493.4103188 11.14 0.16
2458493.4104924 10.98 0.14
2458493.4111869 10.87 0.13
2458493.4118813 10.99 0.14
2458493.4125758 11.05 0.15
2458493.4127494 10.95 0.14
2458493.4136174 11.05 0.15
2458493.4139647 11.03 0.15
2458493.4141383 10.94 0.14
2458493.4153535 11.01 0.15
2458494.3470781 10.81 0.16
2458495.1375410 10.55 0.15
2458495.1531660 10.61 0.15
2458495.1547285 10.67 0.16
2458495.2220897 10.73 0.14
2458495.2257355 10.69 0.14
2458495.2368466 10.77 0.14
2458495.2479577 10.88 0.16
2458495.2582008 10.79 0.14
2458495.2620202 10.92 0.16
2458495.2637563 10.97 0.17
2458495.2644508 11.00 0.17
2458495.2660133 10.97 0.17
2458495.2691383 10.84 0.15
2458495.2762563 10.83 0.15
2458495.2767772 10.77 0.14
2458495.2825063 11.03 0.17
2458495.2832008 11.00 0.17
2458495.2847633 10.89 0.15
2458495.2849369 10.89 0.15
2458495.2859785 10.90 0.15
2458495.2868466 10.81 0.14
2458495.2873674 10.73 0.13
2458495.2897980 10.67 0.13
2458495.2903188 10.89 0.15
2458495.2929230 10.95 0.16
2458495.2941383 10.93 0.16
2458495.2960480 10.90 0.15
2458495.2988258 10.85 0.14
2458495.2991730 11.04 0.17
2458495.2996938 11.01 0.16
2458495.3000411 10.92 0.15
2458495.3003883 10.92 0.15
2458495.3024716 10.89 0.15
2458495.3055966 10.93 0.16
2458495.3108049 10.90 0.15
2458495.3120202 10.88 0.15
2458498.1802378 11.05 0.16
2458498.1821475 11.08 0.16
2458498.1903073 11.03 0.15
2458498.1918697 10.99 0.15
2458498.1920434 11.09 0.16
2458498.1929114 11.13 0.17
2458498.1937795 11.13 0.17
2458498.1956892 11.10 0.16
2458498.1958628 10.83 0.12
2458498.1977725 11.08 0.15
2458498.1981198 11.06 0.15
2458498.2002031 11.01 0.14
2458498.2003767 10.95 0.14
2458498.2007239 11.13 0.16
2458498.2028072 11.11 0.16
2458498.2029809 11.02 0.14
2458498.2035017 11.04 0.14
2458498.2038489 10.91 0.13
2458498.2040225 11.04 0.15
2458498.2050642 11.01 0.14
2458498.2059323 11.12 0.16
2458498.2062795 11.05 0.15
2458498.2066267 11.18 0.16
2458498.2068003 11.20 0.17
2458498.2069739 10.98 0.14
2458498.2071475 11.09 0.15
2458498.2081904 10.90 0.13
2458498.2088841 11.05 0.14
2458498.2092310 10.93 0.13
2458498.2094045 11.02 0.14
2458498.2095781 10.95 0.13
2458498.2097517 11.09 0.15
2458498.2102725 10.88 0.12
2458498.2104461 11.23 0.17
2458498.2109670 11.05 0.14
2458498.2111406 11.10 0.15
2458498.2114878 10.83 0.12
2458498.2116614 11.12 0.16
2458498.2118350 11.08 0.15
2458498.2121823 11.09 0.15
2458498.2123559 11.17 0.16
2458498.2127031 11.13 0.15
2458498.2128767 10.98 0.13
2458498.2130503 11.00 0.14
2458498.2132239 11.04 0.14
2458498.2137448 11.06 0.15
2458498.2139184 11.02 0.14
2458498.2144392 11.07 0.15
2458498.2146128 11.11 0.15
2458498.2149600 11.05 0.14
2458498.2160017 11.02 0.14
2458498.2163489 11.05 0.14
2458498.2165225 10.93 0.13
2458498.2168697 11.00 0.14
2458498.2170434 10.85 0.12
2458498.2179114 10.82 0.12
2458498.2180850 11.10 0.15
2458498.2186059 11.06 0.14
2458498.2198225 11.15 0.16
2458498.2201694 11.14 0.15
2458498.2203429 11.07 0.14
2458498.2206898 10.96 0.13
2458498.2215573 10.99 0.14
2458498.2219045 11.02 0.14
2458498.2220781 10.91 0.13
2458498.2222517 11.07 0.15
2458498.2224253 11.06 0.15
2458498.2229461 11.05 0.14
2458498.2231197 11.02 0.14
2458498.2232934 10.99 0.13
2458498.2236406 11.08 0.14
2458498.2239878 10.99 0.13
2458498.2245086 11.12 0.15
2458498.2246822 11.07 0.14
2458498.2250295 10.95 0.13
2458498.2252031 11.02 0.14
2458498.2253767 11.10 0.15
2458498.2257239 11.04 0.14
2458498.2260711 11.05 0.14
2458498.2262447 11.00 0.13
2458498.2264184 11.16 0.15
2458498.2265920 10.97 0.13
2458498.2267656 11.09 0.14
2458498.2274600 10.92 0.13
2458498.2276336 10.98 0.13
2458498.2278073 11.13 0.15
2458498.2279809 11.12 0.15
2458498.2281545 11.04 0.14
2458498.2283281 11.11 0.15
2458498.2285017 11.24 0.17
2458498.2291961 11.03 0.14
2458498.2295434 10.98 0.13
2458498.2302378 11.08 0.15
2458498.2305850 10.98 0.14
2458498.2311059 10.94 0.13
2458498.2312795 11.09 0.15
2458498.2321485 11.01 0.14
2458498.2324954 10.90 0.13
2458498.2333628 10.93 0.13
2458498.2344045 11.08 0.15
2458498.2349253 11.05 0.15
2458498.2352725 11.13 0.16
2458498.2359670 11.10 0.15
2458498.2364878 11.10 0.15
2458498.2366614 11.02 0.14
2458498.2373559 11.15 0.16
2458498.2375295 11.12 0.16
2458498.2382239 11.04 0.15
2458498.2396128 11.02 0.14
2458498.2397864 10.87 0.12
2458498.2411753 11.17 0.16
2458498.2416961 11.05 0.15
2458498.2418697 10.95 0.14
2458498.2420434 11.04 0.15
2458498.2422170 10.99 0.14
2458498.2423906 11.13 0.16
2458498.2430850 11.16 0.16
2458498.2432586 11.18 0.17
2458498.2436073 11.11 0.16
2458498.2441276 11.04 0.15
2458498.2449948 11.02 0.14
2458498.2455156 11.10 0.15
2458498.2463836 11.08 0.15
2458498.2470781 10.93 0.13
2458498.2482934 11.04 0.15
2458498.2484670 11.02 0.14
2458498.2493350 10.92 0.13
2458498.2498559 11.03 0.15
2458498.2503767 11.05 0.15
2458498.2505503 10.96 0.14
2458498.2507239 10.94 0.14
2458498.2512448 11.01 0.15
2458498.2521128 11.01 0.14
2458498.2538489 10.93 0.14
2458498.2540225 10.93 0.14
2458498.2545434 10.96 0.14
2458498.2547170 10.98 0.14
2458498.2548906 11.12 0.16
2458498.2552378 11.07 0.16
2458498.2554114 11.10 0.16
2458498.2559332 10.91 0.13
2458498.2561066 11.09 0.16
2458498.2562801 11.10 0.16
2458498.2571475 11.10 0.16
2458498.2574947 11.07 0.15
2458498.2580156 10.98 0.14
2458498.2587100 10.97 0.15
2458498.2588836 11.00 0.15
2458498.2594045 10.96 0.14
2458498.2625295 10.99 0.15
2458498.2627031 11.20 0.15
2458498.2628767 11.02 0.12
2458498.2632239 11.07 0.13
2458498.2639184 11.11 0.13
2458498.2642656 11.11 0.13
2458498.2646128 11.34 0.16
2458498.2647864 11.26 0.15
2458498.2649600 11.19 0.15
2458498.2651336 11.04 0.13
2458498.2654809 11.10 0.14
2458498.2656545 11.17 0.15
2458498.2660017 11.26 0.15
2458498.2661753 11.14 0.14
2458498.2663489 11.20 0.15
2458498.2665225 11.16 0.14
2458498.2675655 11.17 0.14
2458498.2677389 11.26 0.16
2458498.2679124 10.97 0.12
2458498.2680858 11.02 0.13
2458498.2682593 11.01 0.12
2458498.2686062 11.12 0.14
2458498.2687796 11.06 0.13
2458498.2689531 11.19 0.14
2458498.2691267 11.09 0.13
2458498.2696475 11.09 0.13
2458498.2698211 10.98 0.12
2458498.2699947 11.32 0.16
2458498.2703420 10.92 0.11
2458498.2705156 11.16 0.14
2458498.2710364 11.18 0.14
2458498.2719045 10.91 0.11
2458498.2724253 11.23 0.15
2458498.2727725 11.23 0.15
2458498.2732934 11.15 0.14
2458498.2734670 11.00 0.12
2458498.2741614 11.32 0.16
2458498.2745086 11.23 0.15
2458498.2750295 11.20 0.14
2458498.2752031 11.21 0.14
2458498.2753767 11.09 0.13
2458498.2755503 11.03 0.12
2458498.2757239 11.15 0.14
2458498.2758975 11.17 0.14
2458498.2762448 11.02 0.12
2458498.2765920 10.96 0.12
2458498.2769392 11.01 0.12
2458498.2776336 11.25 0.15
2458498.2779809 11.19 0.14
2458498.2781545 11.10 0.13
2458498.2783281 11.20 0.15
2458498.2786753 11.09 0.13
2458498.2790225 11.20 0.14
2458498.2793697 11.12 0.13
2458498.2797182 11.05 0.12
2458498.2798916 11.25 0.15
2458498.2800651 11.08 0.13
2458498.2804120 11.19 0.14
2458498.2805854 11.35 0.17
2458498.2807589 11.12 0.14
2458498.2809323 11.02 0.13
2458498.2816267 11.31 0.16
2458498.2818003 11.03 0.12
2458498.2821475 11.00 0.12
2458498.2824948 11.15 0.14
2458498.2826684 11.15 0.14
2458498.2831892 11.09 0.13
2458498.2838836 11.00 0.12
2458498.2840573 11.24 0.15
2458498.2842309 11.28 0.16
2458498.2844045 11.27 0.15
2458498.2845781 11.08 0.13
2458498.2847517 11.14 0.14
2458498.2849253 11.31 0.16
2458498.2850989 11.18 0.14
2458498.2852725 11.11 0.14
2458498.2854461 11.05 0.13
2458498.2857934 11.26 0.16
2458498.2859670 11.21 0.15
2458498.2861406 11.16 0.14
2458498.2866614 11.37 0.17
2458498.2868350 11.19 0.15
2458498.2870086 11.11 0.14
2458498.2871822 11.08 0.13
2458498.2873559 10.99 0.12
2458498.2875295 11.11 0.14
2458498.2877031 11.31 0.16
2458498.2878767 10.90 0.11
2458498.2880503 11.11 0.14
2458498.2882239 11.17 0.15
2458498.2883975 11.19 0.15
2458498.2890920 11.18 0.15
2458498.2892656 11.10 0.13
2458498.2899600 11.17 0.14
2458498.2908281 11.15 0.14
2458498.2910017 11.09 0.13
2458498.2911753 11.10 0.13
2458498.2918708 11.13 0.14
2458498.2920443 11.09 0.14
2458498.2922177 11.03 0.13
2458498.2929115 11.04 0.13
2458498.2930850 11.15 0.14
2458498.2934322 11.12 0.14
2458498.2936059 11.09 0.14
2458498.2937795 11.01 0.13
2458498.2949947 11.23 0.16
2458498.2951684 11.20 0.15
2458498.2953420 11.20 0.15
2458498.2955156 11.08 0.13
2458498.2956892 11.18 0.15
2458498.2958628 11.14 0.14
2458498.2962100 10.92 0.12
2458498.2963836 10.97 0.12
2458498.2965572 11.01 0.13
2458498.2967309 11.14 0.14
2458498.2969045 11.08 0.13
2458498.2970781 11.01 0.12
2458498.2972517 11.11 0.14
2458498.2974253 11.00 0.12
2458498.2975989 11.11 0.14
2458498.2977725 11.26 0.16
2458498.2981198 11.20 0.15
2458498.2984670 10.95 0.12
2458498.2988142 11.03 0.13
2458498.2989878 10.94 0.12
2458498.2991614 11.06 0.13
2458498.2993350 11.14 0.14
2458498.2995086 11.02 0.13
2458498.2996823 11.16 0.15
2458498.2998559 11.06 0.13
2458498.3005503 11.21 0.15
2458498.3007239 11.09 0.13
2458498.3008975 11.13 0.14
2458498.3012447 11.19 0.15
2458498.3014184 11.18 0.15
2458498.3015920 10.98 0.12
2458498.3017656 11.30 0.17
2458498.3019392 11.21 0.15
2458498.3021128 11.03 0.13
2458498.3022864 11.04 0.13
2458498.3028072 11.14 0.14
2458498.3029809 11.07 0.13
2458498.3031545 11.11 0.14
2458498.3033281 11.01 0.13
2458498.3035017 11.04 0.13
2458498.3036766 11.11 0.14
2458498.3040235 10.91 0.11
2458498.3043703 10.88 0.11
2458498.3045438 11.04 0.13
2458498.3047172 11.07 0.13
2458498.3050642 11.00 0.12
2458498.3054114 11.03 0.13
2458498.3055850 10.97 0.12
2458498.3057586 11.02 0.13
2458498.3061059 11.03 0.13
2458498.3062795 11.08 0.13
2458498.3064531 11.12 0.14
2458498.3066267 11.02 0.13
2458498.3071475 11.23 0.16
2458498.3080156 11.06 0.13
2458498.3081892 11.16 0.14
2458498.3085364 10.89 0.11
2458498.3087100 11.23 0.15
2458498.3088836 10.81 0.11
2458498.3090572 11.14 0.14
2458498.3094045 11.25 0.16
2458498.3095781 11.10 0.14
2458498.3097517 11.11 0.14
2458498.3100989 10.95 0.12
2458498.3104461 11.20 0.15
2458498.3106197 11.16 0.15
2458498.3107934 11.18 0.15
2458498.3111406 11.18 0.15
2458498.3113142 10.98 0.12
2458498.3114878 11.11 0.14
2458498.3116614 11.02 0.13
2458498.3118350 11.09 0.14
2458498.3121822 10.93 0.12
2458498.3132239 10.98 0.13
2458498.3133975 10.97 0.13
2458498.3135711 10.99 0.13
2458498.3139184 11.08 0.14
2458498.3140920 11.13 0.14
2458498.3142656 11.08 0.14
2458498.3146128 11.04 0.13
2458498.3147864 10.97 0.12
2458498.3149600 11.12 0.14
2458498.3151336 11.04 0.13
2458498.3153073 10.97 0.12
2458498.3154809 11.16 0.15
2458498.3156558 11.01 0.13
2458498.3160027 11.17 0.15
2458498.3161761 11.01 0.13
2458498.3163496 11.13 0.14
2458498.3165230 11.11 0.14
2458498.3172170 11.24 0.16
2458498.3173906 11.08 0.14
2458498.3175642 11.10 0.14
2458498.3177378 11.09 0.14
2458498.3179114 10.93 0.12
2458498.3180850 10.91 0.12
2458500.2347285 10.92 0.16
2458500.2387216 10.98 0.16
2458500.2402841 10.97 0.16
2458500.2434091 10.97 0.16
2458500.2437563 10.92 0.15
2458500.2487910 10.83 0.14
2458500.2503535 10.98 0.15
2458500.2508744 11.00 0.16
2458500.2533049 11.04 0.16
2458500.2534786 10.82 0.13
2458500.2539994 10.99 0.16
2458500.2541730 10.88 0.14
2458500.2545202 11.04 0.16
2458500.2546938 11.00 0.16
2458500.2550411 10.89 0.14
2458500.2552147 10.85 0.14
2458500.2555619 10.90 0.14
2458500.2559091 10.86 0.14
2458500.2581660 10.84 0.14
2458500.2588605 10.86 0.14
2458500.2595549 11.08 0.17
2458500.2599022 11.09 0.17
2458500.2602494 10.93 0.14
2458500.2604230 11.01 0.15
2458500.2607702 10.93 0.14
2458500.2612911 11.00 0.15
2458500.2614647 10.98 0.15
2458500.2619855 10.97 0.15
2458500.2628535 10.99 0.15
2458500.2632008 10.96 0.15
2458500.2644160 10.94 0.14
2458500.2647633 11.01 0.15
2458500.2654577 10.85 0.13
2458500.2656313 11.05 0.16
2458500.2671938 10.91 0.14
2458500.2673674 10.94 0.14
2458500.2685839 10.99 0.15
2458500.2691042 11.00 0.15
2458500.2692776 11.02 0.15
2458500.2696245 11.02 0.15
2458500.2699716 10.98 0.15
2458500.2706661 11.02 0.15
2458500.2710133 11.02 0.15
2458500.2711869 10.97 0.14
2458500.2715341 11.11 0.16
2458500.2722285 10.88 0.13
2458500.2725758 10.97 0.14
2458500.2730966 11.06 0.16
2458500.2734438 11.13 0.17
2458500.2736174 10.94 0.14
2458500.2748327 11.07 0.16
2458500.2751799 10.88 0.13
2458500.2758744 10.92 0.14
2458500.2765688 11.13 0.17
2458500.2769161 10.92 0.14
2458500.2770897 10.86 0.13
2458500.2772633 11.01 0.15
2458500.2777841 10.93 0.14
2458500.2779577 11.08 0.16
2458500.2781313 10.85 0.13
2458500.2783049 10.94 0.14
2458500.2796938 10.97 0.14
2458500.2810834 10.81 0.13
2458500.2816037 10.96 0.14
2458500.2824716 11.09 0.16
2458500.2829924 10.97 0.14
2458500.2840341 11.06 0.15
2458500.2847286 11.08 0.16
2458500.2849022 11.14 0.17
2458500.2852494 11.06 0.15
2458500.2894160 11.03 0.15
2458500.2897633 10.97 0.14
2458500.2904577 10.92 0.13
2458500.2913258 11.01 0.14
2458500.2916730 10.89 0.13