2458467.3689347 10.91 0.13
2458467.3691084 10.80 0.12
2458467.3692820 11.03 0.15
2458467.3694556 10.96 0.14
2458467.3708445 10.78 0.12
2458467.3711917 10.88 0.13
2458467.3715389 10.94 0.14
2458467.3717125 11.03 0.15
2458467.3729278 10.93 0.14
2458467.3739695 10.89 0.13
2458467.3744903 11.02 0.15
2458467.3765739 11.06 0.16
2458467.3777889 10.86 0.13
2458467.3795250 10.91 0.14
2458467.3805667 10.73 0.12
2458467.3807403 10.96 0.14
2458467.3826500 10.94 0.14
2458467.3829973 10.85 0.13
2458467.3835181 11.00 0.15
2458467.3843861 10.83 0.13
2458467.3845597 10.93 0.14
2458467.3850806 10.84 0.13
2458467.3882061 10.59 0.10
2458467.3883795 10.83 0.13
2458467.3885530 11.01 0.15
2458467.3902889 10.96 0.15
2458467.3908098 10.86 0.13
2458467.3911570 10.91 0.14
2458467.3913306 10.94 0.14
2458467.3921986 10.91 0.14
2458467.3939347 10.77 0.12
2458467.3942820 10.89 0.14
2458467.3946292 10.90 0.14
2458467.3963653 10.88 0.14
2458467.3968861 11.01 0.15
2458467.3975806 10.83 0.13
2458467.3986223 11.05 0.16
2458467.3993180 10.76 0.12
2458467.4003586 10.83 0.13
2458467.4005321 10.98 0.15
2458467.4010528 10.70 0.12
2458467.4015736 10.90 0.14
2458467.4022681 10.94 0.14
2458467.4036570 10.97 0.15
2458467.4038306 10.93 0.14
2458467.4060875 11.03 0.16
2458467.4066084 11.01 0.16
2458467.4078236 10.99 0.15
2458467.4090389 10.82 0.13
2458467.4099070 11.06 0.16
2458467.4104278 10.96 0.15
2458467.4112971 10.96 0.15
2458467.4114705 11.02 0.16
2458467.4119908 10.88 0.14
2458467.4123377 10.95 0.15
2458467.4139000 10.95 0.15
2458467.4142473 10.98 0.15
2458467.4149417 11.08 0.17
2458467.4154625 10.84 0.13
2458469.3667865 11.08 0.12
2458469.3670135 11.09 0.12
2458469.3671871 11.00 0.11
2458469.3673607 11.07 0.11
2458469.3675343 10.98 0.11
2458469.3677079 10.96 0.10
2458469.3678815 10.92 0.10
2458469.3680551 11.03 0.11
2458469.3682287 10.96 0.10
2458469.3684023 11.04 0.11
2458469.3685760 10.83 0.09
2458469.3687496 10.77 0.09
2458469.3690968 10.84 0.09
2458469.3692704 11.14 0.12
2458469.3694440 10.98 0.11
2458469.3696176 11.03 0.11
2458469.3697912 10.94 0.10
2458469.3699648 10.99 0.11
2458469.3701384 10.84 0.09
2458469.3703121 10.99 0.11
2458469.3704857 11.00 0.11
2458469.3706593 10.95 0.10
2458469.3708329 11.03 0.11
2458469.3710065 10.91 0.10
2458469.3711801 11.01 0.11
2458469.3713537 11.11 0.12
2458469.3715273 11.03 0.11
2458469.3717009 10.84 0.09
2458469.3718746 10.91 0.10
2458469.3720482 10.96 0.10
2458469.3722218 10.98 0.10
2458469.3723954 11.11 0.12
2458469.3725690 10.97 0.11
2458469.3727426 10.90 0.10
2458469.3729162 11.09 0.12
2458469.3730898 10.90 0.10
2458469.3732635 10.84 0.09
2458469.3734371 11.08 0.12
2458469.3736107 10.91 0.10
2458469.3737843 11.08 0.11
2458469.3739579 10.88 0.10
2458469.3741315 10.99 0.11
2458469.3743051 10.93 0.10
2458469.3744787 10.89 0.10
2458469.3746524 10.92 0.10
2458469.3748260 11.18 0.13
2458469.3749996 10.91 0.10
2458469.3751732 10.96 0.10
2458469.3753468 10.96 0.10
2458469.3755204 11.05 0.11
2458469.3756940 11.01 0.11
2458469.3758676 10.87 0.09
2458469.3760425 10.85 0.09
2458469.3762159 11.10 0.12
2458469.3763894 11.20 0.13
2458469.3765628 11.02 0.11
2458469.3767363 11.02 0.11
2458469.3769097 11.05 0.11
2458469.3770832 10.97 0.10
2458469.3772566 10.96 0.10
2458469.3774301 11.06 0.11
2458469.3776037 10.95 0.10
2458469.3777773 11.01 0.11
2458469.3779510 10.96 0.10
2458469.3781246 10.99 0.11
2458469.3782982 10.92 0.10
2458469.3784718 10.90 0.10
2458469.3786454 11.13 0.12
2458488.3044163 10.70 0.10
2458488.3049371 10.87 0.12
2458488.3052844 10.93 0.13
2458488.3054579 11.10 0.15
2458488.3061524 11.07 0.14
2458488.3063260 10.89 0.12
2458488.3071941 10.91 0.13
2458488.3073677 10.97 0.13
2458488.3075413 11.12 0.15
2458488.3077149 10.84 0.12
2458488.3078885 11.00 0.14
2458488.3080621 10.89 0.12
2458488.3082357 10.83 0.12
2458488.3084093 10.99 0.14
2458488.3085830 10.86 0.12
2458488.3087566 11.02 0.14
2458488.3089302 10.91 0.13
2458488.3096257 10.88 0.12
2458488.3097991 11.07 0.15
2458488.3099726 10.94 0.13
2458488.3103194 11.11 0.15
2458488.3104929 10.95 0.13
2458488.3108399 11.05 0.14
2458488.3110135 11.14 0.16
2458488.3113607 10.99 0.14
2458488.3115344 10.97 0.14
2458488.3117080 11.04 0.14
2458488.3124024 10.98 0.14
2458488.3125760 11.05 0.14
2458488.3127496 11.04 0.14
2458488.3130969 10.87 0.12
2458488.3134441 10.93 0.13
2458488.3136177 11.08 0.15
2458488.3146593 11.00 0.14
2458488.3148330 10.93 0.13
2458488.3158746 10.93 0.13
2458488.3170899 11.15 0.16
2458488.3174371 11.14 0.16
2458488.3181316 10.96 0.14
2458488.3188260 11.08 0.15
2458488.3205621 11.07 0.15
2458488.3212579 10.77 0.11
2458488.3214314 11.08 0.15
2458488.3216048 10.94 0.14
2458488.3240343 10.90 0.13
2458488.3250760 10.99 0.14
2458488.3252496 11.04 0.15
2458488.3255969 10.90 0.13
2458488.3266385 10.91 0.13
2458488.3278538 11.06 0.15
2458488.3287218 10.89 0.13
2458488.3297635 10.80 0.12
2458488.3299371 10.92 0.14
2458488.3308052 10.83 0.13
2458488.3323677 10.70 0.11
2458488.3325413 11.00 0.14
2458488.3327149 11.06 0.15
2458488.3330621 10.98 0.14
2458488.3346246 10.81 0.12
2458488.3349719 10.91 0.14
2458488.3356663 11.08 0.16
2458488.3370552 10.85 0.13
2458488.3389649 11.12 0.17
2458488.3398330 10.88 0.13
2458488.3401802 11.01 0.15
2458488.3412219 10.96 0.14
2458488.3413955 11.01 0.15
2458488.3415691 10.85 0.13
2458488.3431316 10.84 0.13
2458488.3433052 11.01 0.15
2458488.3462569 11.03 0.15
2458488.3472982 10.85 0.13
2458488.3486871 10.93 0.14
2458488.3495552 10.80 0.12
2458488.3497288 11.09 0.16
2458488.3533746 10.76 0.12
2458488.3545899 10.86 0.13
2458488.3549371 10.85 0.13
2458488.3552843 10.82 0.13
2458488.3556316 10.97 0.14
2458488.3563260 10.85 0.13
2458488.3570218 10.97 0.14
2458488.3575422 10.91 0.14
2458488.3582360 10.85 0.13
2458488.3606663 10.90 0.14
2458488.3608399 10.90 0.14
2458488.3611871 10.83 0.13
2458488.3613607 10.88 0.13
2458488.3618816 10.83 0.13
2458488.3627496 10.79 0.12
2458488.3632705 10.86 0.13
2458488.3653538 11.05 0.16
2458488.3658746 10.89 0.13
2458488.3662219 10.69 0.11
2458488.3663955 10.96 0.14
2458488.3669163 10.86 0.13
2458488.3677844 10.91 0.14
2458488.3679580 10.95 0.14
2458488.3681316 10.93 0.14
2458488.3688260 10.85 0.13
2458488.3722982 10.69 0.11
2458493.2519739 10.89 0.12
2458493.2521475 10.98 0.13
2458493.2523211 10.97 0.13
2458493.2524947 10.92 0.12
2458493.2526684 10.91 0.12
2458493.2528420 10.96 0.13
2458493.2531892 10.96 0.13
2458493.2533628 11.04 0.14
2458493.2535364 10.89 0.12
2458493.2537100 10.89 0.12
2458493.2538836 10.96 0.13
2458493.2540586 11.03 0.13
2458493.2544055 10.90 0.12
2458493.2545789 10.88 0.12
2458493.2549258 10.96 0.13
2458493.2550993 11.05 0.14
2458493.2552727 11.03 0.14
2458493.2554461 11.06 0.14
2458493.2556198 10.91 0.12
2458493.2559670 11.05 0.14
2458493.2561406 10.90 0.12
2458493.2564878 10.77 0.11
2458493.2566614 11.07 0.14
2458493.2568350 10.93 0.12
2458493.2570086 11.04 0.13
2458493.2571823 11.07 0.14
2458493.2573559 11.00 0.13
2458493.2575295 10.89 0.12
2458493.2577031 10.96 0.13
2458493.2580503 11.00 0.13
2458493.2582239 11.01 0.13
2458493.2583975 11.03 0.13
2458493.2585711 10.87 0.12
2458493.2587447 11.01 0.13
2458493.2589184 10.81 0.11
2458493.2590920 11.00 0.13
2458493.2592656 10.98 0.13
2458493.2596128 11.00 0.13
2458493.2597864 10.94 0.13
2458493.2599600 11.07 0.14
2458493.2601336 11.03 0.14
2458493.2604809 10.95 0.13
2458493.2606545 10.98 0.13
2458493.2608281 10.87 0.12
2458493.2611753 10.84 0.11
2458493.2613489 10.71 0.10
2458493.2615225 10.88 0.12
2458493.2616961 10.88 0.12
2458493.2618697 10.74 0.10
2458493.2622170 10.78 0.11
2458493.2623906 10.87 0.12
2458493.2625642 10.89 0.12
2458493.2627378 10.90 0.12
2458493.2629114 10.92 0.12
2458493.2630850 10.85 0.11
2458493.2632586 10.77 0.11
2458493.2634323 10.88 0.12
2458493.2636059 10.87 0.12
2458493.2639531 10.84 0.11
2458493.2641267 10.90 0.12
2458493.2643003 10.95 0.12
2458493.2644739 10.91 0.12
2458493.2646475 10.94 0.12
2458493.2648211 10.83 0.11
2458493.2649948 10.89 0.12
2458493.2651684 10.99 0.13
2458493.2653420 10.91 0.12
2458493.2655156 10.77 0.11
2458493.2656892 10.90 0.12
2458493.2658628 10.89 0.12
2458493.2660378 10.92 0.12
2458493.2662112 11.01 0.13
2458493.2663847 10.97 0.13
2458493.2665581 11.14 0.15
2458493.2667316 10.99 0.13
2458493.2669050 10.85 0.11
2458493.2670784 10.74 0.10
2458493.2672519 10.85 0.11
2458493.2675989 11.11 0.14
2458493.2677725 10.85 0.12
2458493.2679461 10.96 0.13
2458493.2681197 10.78 0.11
2458493.2682934 11.03 0.13
2458493.2684670 10.89 0.12
2458493.2686406 11.05 0.13
2458493.2688142 10.83 0.11
2458493.2689878 10.83 0.11
2458493.2691614 10.92 0.12
2458493.2693350 11.07 0.14
2458493.2695086 10.90 0.12
2458493.2696822 10.87 0.12
2458493.2698559 11.01 0.13
2458493.2700295 10.88 0.12
2458493.2705503 10.97 0.12
2458493.2707239 10.89 0.12
2458493.2708975 11.05 0.14
2458493.2710711 10.96 0.12
2458493.2712448 10.93 0.12
2458493.2714184 11.06 0.14
2458493.2715920 10.92 0.12
2458493.2717656 10.96 0.12
2458493.2719392 11.05 0.14
2458493.2721128 10.94 0.12
2458493.2722864 10.99 0.13
2458493.2724600 10.87 0.11
2458493.2726336 10.95 0.12
2458493.2728073 11.09 0.14
2458493.2729809 10.98 0.13
2458493.2731545 10.83 0.11
2458493.2733281 10.96 0.12
2458493.2735017 11.13 0.15
2458493.2738489 10.96 0.13
2458493.2740225 10.85 0.11
2458493.2741961 11.11 0.14
2458493.2743697 11.05 0.14
2458493.2745434 10.74 0.10
2458493.2747170 10.79 0.11
2458493.2748906 10.90 0.12
2458493.2750642 10.96 0.13
2458493.2752378 10.83 0.11
2458493.2754114 10.92 0.12
2458493.2757586 10.87 0.12
2458493.2759322 10.92 0.12
2458493.2761059 10.71 0.10
2458493.2762795 10.99 0.13
2458493.2764531 10.79 0.11
2458493.2769739 10.87 0.12
2458493.2771475 10.91 0.12
2458493.2773211 11.01 0.13
2458493.2776684 11.04 0.14
2458493.2778420 11.07 0.14
2458493.2781904 10.84 0.11
2458493.2785373 10.79 0.11
2458493.2787107 10.93 0.12
2458493.2788841 11.00 0.13
2458493.2790576 10.79 0.11
2458493.2792310 10.94 0.12
2458493.2794045 10.89 0.12
2458493.2795781 10.92 0.12
2458493.2797517 10.84 0.11
2458493.2799253 10.99 0.13
2458493.2800989 10.76 0.11
2458493.2802725 11.00 0.13
2458493.2804461 10.69 0.10
2458493.2806198 11.04 0.14
2458493.2807934 10.86 0.11
2458493.2809670 10.95 0.13
2458493.2811406 10.91 0.12
2458493.2816614 10.77 0.11
2458493.2818350 11.01 0.13
2458493.2820086 10.84 0.11
2458493.2821822 10.83 0.11
2458493.2823559 10.80 0.11
2458493.2825295 10.88 0.12
2458493.2827031 10.85 0.12
2458493.2830503 10.91 0.12
2458493.2832239 10.92 0.12
2458493.2833975 10.66 0.10
2458493.2837447 10.85 0.11
2458493.2839184 10.77 0.11
2458493.2840920 11.10 0.14
2458493.2844392 10.92 0.12
2458493.2847864 10.81 0.11
2458493.2849600 11.03 0.13
2458493.2851336 10.69 0.10
2458493.2853072 11.04 0.14
2458493.2854809 11.09 0.14
2458493.2856545 10.93 0.12
2458493.2858281 10.91 0.12
2458493.2860017 10.98 0.13
2458493.2861753 10.83 0.11
2458493.2863489 10.91 0.12
2458493.2866961 10.82 0.11
2458493.2868698 10.86 0.12
2458493.2870434 10.88 0.12
2458493.2872170 11.01 0.13
2458493.2875642 11.05 0.14
2458493.2877378 10.95 0.13
2458493.2879114 10.80 0.11
2458493.2880850 10.94 0.12
2458493.2882586 10.88 0.12
2458493.2884323 10.96 0.13
2458493.2886059 10.84 0.11
2458493.2887795 11.03 0.14
2458493.2889531 10.82 0.11
2458493.2891267 11.02 0.13
2458493.2893003 10.93 0.12
2458493.2894739 10.99 0.13
2458493.2896475 10.95 0.13
2458493.2898211 10.92 0.12
2458493.2901695 10.95 0.13
2458493.2903429 11.01 0.13
2458493.2905164 11.00 0.13
2458493.2906898 10.98 0.13
2458493.2908633 10.93 0.12
2458493.2910367 10.85 0.11
2458493.2912102 10.97 0.13
2458493.2913836 10.82 0.11
2458493.2917309 10.98 0.13
2458493.2919045 10.87 0.12
2458493.2922517 11.01 0.13
2458493.2924253 10.96 0.13
2458493.2925989 11.02 0.13
2458493.2927725 10.86 0.11
2458493.2929461 11.06 0.14
2458493.2931197 10.93 0.12
2458493.2932934 10.94 0.12
2458493.2934670 11.02 0.13
2458493.2936406 10.99 0.13
2458493.2938142 10.82 0.11
2458493.2939878 10.82 0.11
2458493.2941614 10.82 0.11
2458493.2943350 11.11 0.15
2458493.2945086 10.94 0.13
2458493.2946823 11.02 0.13
2458493.2948559 10.82 0.11
2458493.2950295 10.95 0.13
2458493.2952031 10.97 0.13
2458493.2953767 10.92 0.12
2458493.2955503 10.91 0.12
2458493.2957239 10.97 0.13
2458493.2960711 10.91 0.12
2458493.2964184 10.81 0.11
2458493.2965920 10.88 0.12
2458493.2967656 10.76 0.11
2458493.2969392 10.96 0.13
2458493.2972864 10.86 0.12
2458493.2974600 10.98 0.13
2458493.2976336 10.90 0.12
2458493.2978072 10.90 0.12
2458493.2979809 10.91 0.12
2458493.2983281 10.79 0.11
2458493.2985017 10.94 0.12
2458493.2986753 10.77 0.11
2458493.2990225 10.96 0.13
2458493.2991961 11.07 0.14
2458493.2995434 10.91 0.12
2458493.2997170 10.84 0.12
2458493.3000642 10.92 0.12
2458493.3002378 11.01 0.14
2458493.3004114 10.84 0.12
2458493.3005850 10.89 0.12
2458493.3023327 10.88 0.12
2458493.3025063 11.11 0.15
2458493.3028536 11.01 0.13
2458493.3032008 10.91 0.12
2458493.3033744 11.04 0.14
2458493.3035480 10.96 0.13
2458493.3040688 10.92 0.12
2458493.3042424 10.79 0.11
2458493.3044161 10.99 0.13
2458493.3045897 11.08 0.14
2458493.3047633 10.80 0.11
2458493.3049369 11.01 0.13
2458493.3051105 11.13 0.15
2458493.3052841 10.91 0.12
2458493.3054577 10.97 0.13
2458493.3056313 10.78 0.11
2458493.3058049 10.93 0.12
2458493.3059785 11.16 0.15
2458493.3063258 11.14 0.15
2458493.3064994 11.01 0.13
2458493.3066730 11.07 0.14
2458493.3068466 10.95 0.13
2458493.3070202 11.05 0.14
2458493.3071938 10.92 0.12
2458493.3073674 10.95 0.12
2458493.3077147 10.96 0.13
2458493.3082355 11.00 0.13
2458493.3084091 10.89 0.12
2458493.3087563 10.81 0.11
2458493.3089299 11.11 0.14
2458493.3091036 10.88 0.12
2458493.3092772 10.90 0.12
2458493.3094508 11.02 0.13
2458493.3097980 10.87 0.11
2458493.3099716 11.10 0.14
2458493.3101452 11.02 0.13
2458493.3103188 11.00 0.13
2458493.3106661 10.81 0.11
2458493.3108397 10.90 0.12
2458493.3110133 11.04 0.13
2458493.3111869 10.92 0.12
2458493.3115341 11.03 0.14
2458493.3117077 10.94 0.12
2458493.3118813 10.93 0.12
2458493.3120549 11.00 0.13
2458493.3122298 11.14 0.15
2458493.3124033 11.03 0.13
2458493.3125767 11.02 0.13
2458493.3127502 11.20 0.15
2458493.3129236 10.90 0.12
2458493.3130971 10.96 0.12
2458493.3132705 11.03 0.13
2458493.3134439 10.95 0.12
2458493.3136174 11.11 0.14
2458493.3137910 10.82 0.11
2458493.3139647 10.98 0.13
2458493.3141383 11.01 0.13
2458493.3143119 10.84 0.11
2458493.3144855 11.06 0.14
2458493.3146591 10.91 0.12
2458493.3148327 10.95 0.12
2458493.3150063 10.87 0.11
2458493.3151799 11.11 0.14
2458493.3153535 10.91 0.12
2458493.3157008 10.94 0.12
2458493.3158744 10.77 0.10
2458493.3162216 11.03 0.13
2458493.3163952 11.10 0.14
2458493.3167424 10.97 0.13
2458493.3169161 11.07 0.14
2458493.3170897 10.86 0.11
2458493.3172633 11.06 0.14
2458493.3174369 11.02 0.13
2458493.3176105 10.91 0.12
2458493.3177841 11.02 0.13
2458493.3179577 11.07 0.14
2458493.3181313 10.94 0.12
2458493.3183049 10.98 0.13
2458493.3184786 11.01 0.13
2458493.3186522 11.13 0.14
2458493.3188258 10.92 0.12
2458493.3189994 10.81 0.11
2458493.3191730 10.97 0.12
2458493.3193466 11.03 0.13
2458493.3195202 11.01 0.13
2458493.3196938 11.19 0.15
2458493.3198674 11.14 0.15
2458493.3200411 11.05 0.13
2458493.3202147 10.95 0.12
2458493.3203883 11.19 0.15
2458493.3209091 10.91 0.12
2458493.3210827 10.99 0.13
2458493.3212563 11.05 0.13
2458493.3214299 10.95 0.12
2458493.3216035 10.90 0.12
2458493.3219508 11.10 0.14
2458493.3221244 11.11 0.14
2458493.3222980 10.99 0.13
2458493.3224716 10.94 0.12
2458493.3226452 10.87 0.11
2458493.3231662 11.07 0.14
2458493.3233397 11.18 0.15
2458493.3235133 11.06 0.14
2458493.3236869 10.94 0.12
2458493.3238605 11.09 0.14
2458493.3240341 10.92 0.12
2458493.3242090 10.98 0.13
2458493.3243824 10.97 0.13
2458493.3245559 11.14 0.15
2458493.3249028 11.00 0.13
2458493.3250762 11.14 0.15
2458493.3252497 11.00 0.13
2458493.3254231 10.90 0.12
2458493.3255966 10.99 0.13
2458493.3257702 10.95 0.12
2458493.3259438 10.88 0.11
2458493.3262911 10.86 0.11
2458493.3264647 10.96 0.12
2458493.3266383 11.20 0.15
2458493.3268119 11.12 0.14
2458493.3269855 10.97 0.12
2458493.3271591 10.91 0.12
2458493.3273327 10.95 0.12
2458493.3276799 10.88 0.11
2458493.3278536 11.14 0.14
2458493.3280272 10.80 0.11
2458493.3282008 11.12 0.14
2458493.3283744 10.80 0.11
2458493.3285480 10.98 0.13
2458493.3288952 10.97 0.12
2458493.3290688 11.00 0.13
2458493.3292430 11.15 0.15
2458493.3294160 10.92 0.12
2458493.3295897 10.86 0.11
2458493.3297633 10.98 0.12
2458493.3299369 10.94 0.12
2458493.3301105 10.81 0.11
2458493.3302841 11.00 0.13
2458493.3304577 10.91 0.12
2458493.3306313 11.08 0.14
2458493.3308049 10.85 0.11
2458493.3309785 10.95 0.12
2458493.3311522 10.95 0.12
2458493.3313258 11.03 0.13
2458493.3316730 10.98 0.13
2458493.3318466 11.28 0.16
2458493.3320202 10.88 0.11
2458493.3321938 10.99 0.12
2458493.3323674 10.94 0.12
2458493.3325411 10.90 0.12
2458493.3327147 11.12 0.14
2458493.3328883 11.08 0.14
2458493.3332355 11.03 0.13
2458493.3334091 10.95 0.12
2458493.3335827 10.96 0.12
2458493.3337563 10.85 0.11
2458493.3341036 11.07 0.14
2458493.3344508 11.14 0.15
2458493.3346244 10.80 0.11
2458493.3347980 10.97 0.13
2458493.3351452 11.10 0.14
2458493.3353188 11.04 0.13
2458493.3358397 11.03 0.13
2458493.3360133 11.08 0.14
2458493.3361882 10.78 0.10
2458493.3363616 10.92 0.12
2458493.3365351 10.86 0.11
2458493.3367085 11.03 0.13
2458493.3374023 10.96 0.13
2458493.3380966 11.03 0.13
2458493.3382702 10.93 0.12
2458493.3384438 10.95 0.12
2458493.3386174 10.96 0.13
2458493.3387910 11.13 0.15
2458493.3389647 11.06 0.14
2458493.3391383 11.08 0.14
2458493.3393119 11.04 0.13
2458493.3394855 10.79 0.11
2458493.3396591 11.11 0.14
2458493.3398327 10.94 0.12
2458493.3400063 10.82 0.11
2458493.3401799 11.10 0.14
2458493.3403536 11.01 0.13
2458493.3405272 11.05 0.14
2458493.3407008 10.90 0.12
2458493.3408744 10.96 0.13
2458493.3412216 11.04 0.14
2458493.3413952 10.85 0.11
2458493.3415688 11.17 0.15
2458493.3417424 11.07 0.14
2458493.3419161 11.02 0.13
2458493.3420897 11.03 0.13
2458493.3424369 10.86 0.11
2458493.3427841 10.94 0.12
2458493.3429577 10.92 0.12
2458493.3433049 10.98 0.13
2458493.3434786 10.98 0.13
2458493.3436522 11.13 0.15
2458493.3439994 11.11 0.14
2458493.3441730 11.01 0.13
2458493.3443466 11.10 0.14
2458493.3445202 11.10 0.14
2458493.3446938 10.91 0.12
2458493.3450410 11.00 0.13
2458493.3453883 10.98 0.13
2458493.3455619 10.98 0.13
2458493.3457355 10.95 0.12
2458493.3459091 11.00 0.13
2458493.3460827 11.03 0.14
2458493.3464299 10.76 0.10
2458493.3466035 11.05 0.13
2458493.3467772 11.02 0.13
2458493.3472980 10.91 0.12
2458493.3476452 10.99 0.13
2458493.3478188 11.09 0.14
2458493.3490345 10.87 0.12
2458493.3492080 10.95 0.12
2458493.3493814 10.95 0.12
2458493.3497286 11.03 0.13
2458493.3499022 10.99 0.13
2458493.3500758 10.97 0.13
2458493.3502494 11.04 0.14
2458493.3504230 11.15 0.15
2458493.3505966 11.04 0.14
2458493.3507702 10.90 0.12
2458493.3509438 10.92 0.12
2458493.3511174 11.14 0.15
2458493.3512911 10.91 0.12
2458493.3514647 10.78 0.11
2458493.3516383 10.88 0.12
2458493.3518119 10.93 0.12
2458493.3519855 11.20 0.15
2458493.3521591 11.02 0.13
2458493.3523327 10.93 0.12
2458493.3525063 11.01 0.13
2458493.3526799 10.95 0.12
2458493.3528535 11.04 0.13
2458493.3532008 10.97 0.13
2458493.3533744 10.83 0.11
2458493.3535480 10.98 0.13
2458493.3537216 10.77 0.10
2458493.3538952 10.90 0.12
2458493.3540688 11.09 0.14
2458493.3542424 10.90 0.12
2458493.3544160 11.10 0.14
2458493.3545897 11.11 0.14
2458493.3547633 11.02 0.13
2458493.3549369 10.97 0.13
2458493.3551105 10.85 0.11
2458493.3552841 11.04 0.13
2458493.3556313 10.77 0.10
2458493.3558049 10.95 0.12
2458493.3559786 10.90 0.12
2458493.3561522 11.01 0.13
2458493.3564994 10.97 0.13
2458493.3570202 11.00 0.13
2458493.3571938 11.02 0.13
2458493.3573674 10.93 0.12
2458493.3575411 10.98 0.13
2458493.3577147 10.75 0.10
2458493.3578883 10.97 0.13
2458493.3580619 10.96 0.12
2458493.3582355 11.10 0.14
2458493.3584091 10.98 0.13
2458493.3585827 11.00 0.13
2458493.3587563 10.95 0.12
2458493.3589299 10.95 0.12
2458493.3591036 10.87 0.12
2458493.3592772 10.89 0.12
2458493.3594508 11.06 0.14
2458493.3596244 10.97 0.13
2458493.3597980 11.15 0.15
2458493.3599716 11.15 0.15
2458493.3601465 11.08 0.14
2458493.3603199 11.07 0.14
2458493.3604934 11.05 0.14
2458493.3606668 11.19 0.15
2458493.3608403 10.91 0.12
2458493.3610137 10.89 0.12
2458493.3611871 10.99 0.13
2458493.3613606 11.00 0.13
2458493.3615341 10.99 0.13
2458493.3617077 10.93 0.12
2458493.3618813 10.89 0.12
2458493.3620549 11.13 0.15
2458493.3622285 10.82 0.11
2458493.3624022 10.82 0.11
2458493.3625758 10.95 0.12
2458493.3627494 11.20 0.15
2458493.3629230 11.15 0.15
2458493.3630966 11.15 0.15
2458493.3632702 10.90 0.12
2458493.3634438 10.97 0.13
2458493.3636174 10.95 0.12
2458493.3637911 11.10 0.14
2458493.3639647 11.13 0.15
2458493.3641383 10.91 0.12
2458493.3643119 10.93 0.12
2458493.3644855 11.08 0.14
2458493.3646591 11.22 0.16
2458493.3650063 11.08 0.14
2458493.3651799 11.00 0.13
2458493.3655272 10.92 0.12
2458493.3657008 10.85 0.11
2458493.3658744 10.73 0.10
2458493.3663952 11.02 0.13
2458493.3665688 10.93 0.12
2458493.3667424 10.87 0.12
2458493.3669161 10.93 0.12
2458493.3670897 10.93 0.12
2458493.3672633 10.94 0.12
2458493.3674369 10.79 0.11
2458493.3676105 10.90 0.12
2458493.3677841 11.03 0.13
2458493.3679577 11.11 0.14
2458493.3681313 10.83 0.11
2458493.3683049 11.05 0.14
2458493.3684785 11.12 0.15
2458493.3686522 10.97 0.13
2458493.3689994 11.01 0.13
2458493.3691730 11.01 0.13
2458493.3693466 11.02 0.13
2458493.3696938 10.93 0.12
2458493.3698674 10.91 0.12
2458493.3700410 10.93 0.12
2458493.3703883 10.87 0.12
2458493.3705619 10.92 0.12
2458493.3707355 11.06 0.14
2458493.3709091 11.01 0.13
2458493.3710827 10.83 0.11
2458493.3712563 10.84 0.11
2458493.3714299 10.87 0.12
2458493.3719508 11.01 0.13
2458493.3721257 10.98 0.13
2458493.3722991 10.97 0.13
2458493.3724725 11.08 0.14
2458493.3726460 10.84 0.11
2458493.3728194 10.97 0.13
2458493.3729928 11.17 0.15
2458493.3731663 11.00 0.13
2458493.3733397 10.98 0.13
2458493.3735133 10.87 0.12
2458493.3736869 11.01 0.13
2458493.3738605 11.01 0.13
2458493.3742077 10.87 0.12
2458493.3743813 10.94 0.12
2458493.3745549 11.06 0.14
2458493.3749022 10.85 0.11
2458493.3750758 11.14 0.15
2458493.3752494 10.86 0.11
2458493.3754230 11.04 0.14
2458493.3755966 11.04 0.14
2458493.3757702 10.85 0.11
2458493.3759438 10.78 0.11
2458493.3761174 10.96 0.13
2458493.3762910 10.94 0.13
2458493.3766383 10.87 0.12
2458493.3769855 10.93 0.13
2458493.3771591 11.08 0.14
2458493.3773327 10.95 0.13
2458493.3775063 10.80 0.11
2458493.3776799 10.77 0.11
2458493.3778535 10.93 0.12
2458493.3780272 10.94 0.12
2458493.3783744 11.00 0.13
2458493.3785480 11.08 0.14
2458493.3788952 10.97 0.13
2458493.3790688 10.78 0.11
2458493.3792424 10.95 0.13
2458493.3794161 10.94 0.13
2458493.3795897 11.00 0.13
2458493.3797633 10.90 0.12
2458493.3801105 10.95 0.13
2458493.3802841 11.03 0.14
2458493.3804577 10.72 0.10
2458493.3806313 10.85 0.12
2458493.3808049 10.75 0.11
2458493.3809786 10.96 0.13
2458493.3813258 11.05 0.14
2458493.3814994 11.01 0.14
2458493.3816730 10.97 0.13
2458493.3818466 10.99 0.13
2458493.3820202 10.75 0.11
2458493.3825411 10.99 0.13
2458493.3827147 10.95 0.13
2458493.3828883 10.89 0.12
2458493.3830619 10.91 0.13
2458493.3832355 10.99 0.13
2458493.3834091 11.06 0.14
2458493.3835827 10.80 0.11
2458493.3837563 10.82 0.11
2458493.3839313 10.83 0.12
2458493.3841048 10.83 0.11
2458493.3842782 10.87 0.12
2458493.3844517 11.02 0.14
2458493.3846251 10.96 0.13
2458493.3847985 11.06 0.14
2458493.3849720 10.92 0.13
2458493.3851454 10.94 0.13
2458493.3853189 11.15 0.15
2458493.3854924 10.78 0.11
2458493.3856660 10.88 0.12
2458493.3858397 10.91 0.12
2458493.3860133 10.78 0.11
2458493.3861869 10.94 0.13
2458493.3863605 11.08 0.14
2458493.3865341 10.96 0.13
2458493.3867077 10.88 0.12
2458493.3868813 11.07 0.14
2458493.3872286 10.87 0.12
2458493.3874022 10.80 0.11
2458493.3875758 10.88 0.12
2458493.3877494 10.82 0.11
2458493.3879230 11.06 0.14
2458493.3880966 10.96 0.13
2458493.3889647 10.83 0.12
2458493.3891383 10.98 0.13
2458493.3893119 10.98 0.13
2458493.3894855 11.01 0.14
2458493.3896591 10.89 0.12
2458493.3898327 10.99 0.13
2458493.3900063 10.97 0.13
2458493.3901799 10.96 0.13
2458493.3905272 10.93 0.13
2458493.3907008 10.99 0.13
2458493.3908744 10.89 0.12
2458493.3910480 11.03 0.14
2458493.3912216 10.91 0.13
2458493.3913952 11.11 0.15
2458493.3915688 11.05 0.14
2458493.3917424 11.11 0.15
2458493.3919160 11.12 0.15
2458493.3922633 10.89 0.12
2458493.3924369 11.00 0.14
2458493.3927841 10.87 0.12
2458493.3931313 10.99 0.13
2458493.3933049 10.93 0.13
2458493.3936522 11.07 0.15
2458493.3938258 10.96 0.13
2458493.3939994 10.93 0.13
2458493.3941730 11.13 0.15
2458493.3943466 10.85 0.12
2458493.3946938 11.06 0.14
2458493.3950411 10.82 0.12
2458493.3952147 11.11 0.15
2458493.3955619 10.83 0.12
2458493.3957355 11.00 0.14
2458493.3959105 11.01 0.14
2458493.3960839 10.95 0.13
2458493.3962574 10.91 0.13
2458493.3964308 10.87 0.12
2458493.3966043 10.99 0.13
2458493.3969511 11.15 0.16
2458493.3972980 10.87 0.12
2458493.3974716 11.19 0.16
2458493.3976452 10.87 0.12
2458493.3983397 11.02 0.14
2458493.3985133 10.95 0.13
2458493.3986869 10.95 0.13
2458493.3988605 10.81 0.12
2458493.3993813 11.11 0.15
2458493.3995549 10.65 0.10
2458493.3999022 10.94 0.13
2458493.4005966 10.86 0.12
2458493.4007702 10.98 0.13
2458493.4011174 11.05 0.15
2458493.4012910 10.96 0.13
2458493.4014647 10.78 0.11
2458493.4018119 10.91 0.13
2458493.4019855 10.98 0.14
2458493.4021591 10.84 0.12
2458493.4023327 10.91 0.13
2458493.4025063 10.84 0.12
2458493.4026799 11.07 0.15
2458493.4028536 10.90 0.13
2458493.4030272 11.05 0.15
2458493.4032008 10.93 0.13
2458493.4033744 10.80 0.12
2458493.4035480 11.02 0.14
2458493.4038952 11.08 0.15
2458493.4040688 11.12 0.16
2458493.4044161 10.84 0.12
2458493.4045897 10.97 0.13
2458493.4047633 11.01 0.14
2458493.4049369 10.78 0.11
2458493.4051105 10.85 0.12
2458493.4052841 10.90 0.13
2458493.4058049 10.88 0.13
2458493.4059786 10.86 0.12
2458493.4061522 10.91 0.13
2458493.4070202 11.07 0.15
2458493.4073674 10.79 0.12
2458493.4080630 11.05 0.15
2458493.4082365 10.91 0.13
2458493.4085833 10.77 0.12
2458493.4089302 10.83 0.12
2458493.4091037 11.03 0.14
2458493.4092772 10.91 0.13
2458493.4094508 10.96 0.14
2458493.4096244 10.96 0.14
2458493.4101452 10.90 0.13
2458493.4103188 10.86 0.12
2458493.4111869 10.89 0.13
2458493.4117077 11.04 0.15
2458493.4120549 10.89 0.13
2458493.4125758 11.08 0.15
2458493.4127494 10.76 0.12
2458493.4130966 10.87 0.13
2458493.4136174 10.79 0.12
2458493.4139647 10.99 0.14
2458493.4144855 10.87 0.13
2458493.4148327 10.69 0.11
2458493.4150063 10.90 0.13
2458494.3451684 10.62 0.16
2458494.3486406 10.80 0.16
2458494.3533281 10.76 0.16
2458494.3540234 10.65 0.15
2458495.1609785 10.62 0.14
2458495.1611522 10.60 0.14
2458495.1703535 10.67 0.15
2458495.1785133 10.81 0.16
2458495.1833752 10.74 0.15
2458495.1944855 10.86 0.16
2458495.1950075 10.82 0.16
2458495.2080274 10.80 0.16
2458495.2109786 10.71 0.14
2458495.2215688 10.71 0.14
2458495.2259091 10.68 0.14
2458495.2283397 10.77 0.15
2458495.2295549 10.87 0.16
2458495.2300758 10.73 0.14
2458495.2305966 10.74 0.14
2458495.2406660 10.85 0.15
2458495.2495202 10.75 0.14
2458495.2528188 10.68 0.13
2458495.2641035 10.85 0.15
2458495.2672295 10.92 0.16
2458495.2687911 10.84 0.15
2458495.2694855 10.86 0.15
2458495.2703535 10.79 0.14
2458495.2705272 10.74 0.14
2458495.2743466 10.82 0.14
2458495.2746938 10.74 0.13
2458495.2755619 11.00 0.17
2458495.2757355 10.66 0.12
2458495.2759091 10.70 0.13
2458495.2772980 10.90 0.16
2458495.2823327 10.77 0.14
2458495.2828536 10.78 0.14
2458495.2833744 10.88 0.15
2458495.2837216 10.89 0.15
2458495.2854577 10.83 0.14
2458495.2864994 10.84 0.15
2458495.2939647 10.88 0.15
2458495.2983049 10.84 0.14
2458495.3002147 10.92 0.15
2458495.3035140 10.82 0.14
2458495.3080272 10.64 0.12
2458495.3101105 10.95 0.16
2458498.1760711 11.00 0.16
2458498.1771128 10.97 0.15
2458498.1779809 10.94 0.15
2458498.1797170 10.82 0.13
2458498.1816267 10.91 0.14
2458498.1818003 10.90 0.14
2458498.1824948 10.89 0.14
2458498.1835364 10.99 0.15
2458498.1838836 11.04 0.16
2458498.1863142 10.88 0.14
2458498.1887448 11.02 0.15
2458498.1903073 11.04 0.16
2458498.1916961 10.86 0.13
2458498.1918697 11.05 0.16
2458498.1929114 11.05 0.15
2458498.1932586 10.75 0.12
2458498.1934322 10.96 0.14
2458498.1937795 10.91 0.14
2458498.1944739 10.94 0.14
2458498.1946475 10.95 0.14
2458498.1955156 10.92 0.14
2458498.1956892 10.86 0.13
2458498.1965581 10.88 0.13
2458498.1969050 10.90 0.13
2458498.1972519 11.02 0.15
2458498.1981198 10.99 0.14
2458498.1982934 10.84 0.12
2458498.1984670 10.86 0.13
2458498.1986406 10.98 0.14
2458498.1991614 10.98 0.14
2458498.1995086 10.84 0.12
2458498.1996822 10.98 0.14
2458498.2002031 11.02 0.14
2458498.2003767 10.88 0.13
2458498.2005503 11.04 0.15
2458498.2007239 11.04 0.15
2458498.2008975 11.00 0.14
2458498.2010711 10.81 0.12
2458498.2012447 11.10 0.15
2458498.2014184 11.01 0.14
2458498.2015920 11.11 0.16
2458498.2017656 10.80 0.12
2458498.2019392 11.01 0.14
2458498.2022864 10.86 0.13
2458498.2024600 10.89 0.13
2458498.2028072 11.03 0.15
2458498.2031545 10.84 0.12
2458498.2035017 10.91 0.13
2458498.2038489 10.93 0.13
2458498.2043698 10.95 0.13
2458498.2045434 10.99 0.14
2458498.2047170 10.85 0.12
2458498.2050642 10.83 0.12
2458498.2052378 10.90 0.13
2458498.2054114 10.74 0.11
2458498.2055850 10.93 0.13
2458498.2057586 10.95 0.13
2458498.2059323 11.08 0.15
2458498.2066267 10.92 0.13
2458498.2068003 10.80 0.12
2458498.2069739 11.00 0.14
2458498.2071475 10.71 0.11
2458498.2073211 10.81 0.12
2458498.2078420 11.04 0.14
2458498.2081904 10.95 0.13
2458498.2083638 10.79 0.12
2458498.2087107 10.98 0.14
2458498.2097517 10.80 0.12
2458498.2099253 10.93 0.13
2458498.2100989 10.84 0.12
2458498.2102725 10.85 0.12
2458498.2104461 10.92 0.13
2458498.2106197 10.92 0.13
2458498.2107934 11.00 0.14
2458498.2109670 10.82 0.12
2458498.2116614 10.94 0.13
2458498.2118350 10.83 0.12
2458498.2123559 10.78 0.11
2458498.2127031 10.90 0.13
2458498.2128767 10.93 0.13
2458498.2130503 10.83 0.12
2458498.2132239 10.88 0.13
2458498.2133975 10.85 0.12
2458498.2135711 11.07 0.15
2458498.2137448 10.98 0.14
2458498.2139184 10.76 0.11
2458498.2140920 10.73 0.11
2458498.2142656 10.90 0.13
2458498.2144392 10.72 0.11
2458498.2147864 10.96 0.13
2458498.2149600 10.98 0.14
2458498.2151336 11.07 0.15
2458498.2153072 10.80 0.11
2458498.2154809 10.88 0.12
2458498.2156545 10.91 0.13
2458498.2160017 10.77 0.11
2458498.2161753 11.07 0.15
2458498.2163489 11.00 0.14
2458498.2165225 10.95 0.13
2458498.2166961 10.88 0.12
2458498.2170434 10.87 0.12
2458498.2172170 11.03 0.14
2458498.2173906 10.99 0.14
2458498.2175642 10.95 0.13
2458498.2179114 10.92 0.13
2458498.2180850 10.96 0.13
2458498.2182586 10.80 0.11
2458498.2184322 10.95 0.13
2458498.2186059 11.02 0.14
2458498.2187795 10.91 0.13
2458498.2189531 10.82 0.12
2458498.2194739 10.78 0.11
2458498.2196475 10.96 0.13
2458498.2203429 10.96 0.13
2458498.2205163 10.96 0.13
2458498.2206898 10.96 0.13
2458498.2210366 11.04 0.14
2458498.2212101 10.84 0.12
2458498.2213836 10.72 0.11
2458498.2215573 10.87 0.12
2458498.2219045 10.94 0.13
2458498.2220781 11.02 0.14
2458498.2222517 10.63 0.10
2458498.2225989 10.86 0.12
2458498.2227725 10.91 0.13
2458498.2231197 11.10 0.15
2458498.2232934 10.91 0.12
2458498.2234670 10.82 0.12
2458498.2236406 10.93 0.13
2458498.2238142 10.89 0.12
2458498.2239878 11.00 0.13
2458498.2241614 11.05 0.14
2458498.2243350 10.98 0.13
2458498.2246822 10.77 0.11
2458498.2250295 10.98 0.13
2458498.2252031 10.99 0.13
2458498.2253767 10.86 0.12
2458498.2255503 10.81 0.11
2458498.2257239 10.74 0.11
2458498.2260711 10.85 0.12
2458498.2262447 10.85 0.12
2458498.2264184 11.04 0.14
2458498.2265920 11.07 0.14
2458498.2267656 10.73 0.11
2458498.2271128 10.79 0.11
2458498.2272864 10.65 0.10
2458498.2276336 10.90 0.13
2458498.2278073 10.93 0.13
2458498.2283281 10.87 0.12
2458498.2285017 10.89 0.12
2458498.2286753 10.96 0.13
2458498.2288489 11.11 0.15
2458498.2290225 10.95 0.13
2458498.2293698 11.00 0.14
2458498.2298906 10.89 0.12
2458498.2300642 11.00 0.14
2458498.2302378 10.85 0.12
2458498.2304114 10.89 0.12
2458498.2309322 10.97 0.14
2458498.2311059 10.97 0.13
2458498.2316267 10.88 0.12
2458498.2318016 10.89 0.13
2458498.2319750 10.93 0.13
2458498.2321485 10.93 0.13
2458498.2323219 10.88 0.13
2458498.2338836 10.86 0.12
2458498.2340572 10.87 0.12
2458498.2344045 11.10 0.15
2458498.2347517 10.98 0.14
2458498.2349253 10.85 0.12
2458498.2361406 10.82 0.12
2458498.2364878 10.98 0.14
2458498.2368350 10.93 0.13
2458498.2370086 10.97 0.14
2458498.2373559 11.07 0.15
2458498.2377031 11.13 0.16
2458498.2382239 11.08 0.15
2458498.2408281 11.03 0.15
2458498.2413489 10.93 0.13
2458498.2423906 11.06 0.15
2458498.2427378 11.00 0.14
2458498.2430850 10.95 0.13
2458498.2437807 10.92 0.13
2458498.2439541 10.85 0.12
2458498.2446479 10.83 0.12
2458498.2448214 10.90 0.13
2458498.2451684 10.99 0.14
2458498.2462100 10.97 0.14
2458498.2481197 10.91 0.13
2458498.2482934 10.91 0.13
2458498.2498559 10.94 0.13
2458498.2500295 10.80 0.12
2458498.2505503 10.81 0.12
2458498.2529809 10.85 0.13
2458498.2535017 10.94 0.14
2458498.2538489 10.86 0.13
2458498.2557598 10.83 0.13
2458498.2607934 10.85 0.13
2458498.2609670 10.91 0.14
2458498.2613142 10.90 0.13
2458498.2627031 10.93 0.11
2458498.2628767 10.97 0.12
2458498.2630503 10.97 0.12
2458498.2632239 10.99 0.12
2458498.2633975 11.02 0.12
2458498.2635711 11.06 0.13
2458498.2637447 10.79 0.10
2458498.2639184 11.02 0.12
2458498.2640920 10.90 0.11
2458498.2642656 11.00 0.12
2458498.2644392 10.99 0.12
2458498.2646128 10.79 0.10
2458498.2647864 11.09 0.13
2458498.2649600 11.04 0.13
2458498.2651336 10.94 0.12
2458498.2653072 11.05 0.13
2458498.2654809 11.05 0.13
2458498.2656545 11.11 0.14
2458498.2658281 11.07 0.13
2458498.2660017 10.87 0.11
2458498.2661753 11.06 0.13
2458498.2663489 11.08 0.13
2458498.2665225 11.23 0.15
2458498.2666961 10.91 0.11
2458498.2668698 11.14 0.14
2458498.2670434 11.07 0.13
2458498.2672170 11.05 0.13
2458498.2673906 11.08 0.13
2458498.2675655 10.78 0.10
2458498.2677389 11.05 0.13
2458498.2679124 10.81 0.10
2458498.2680858 11.03 0.12
2458498.2682593 10.90 0.11
2458498.2684327 10.98 0.12
2458498.2686062 10.95 0.12
2458498.2687796 10.82 0.10
2458498.2689531 11.12 0.14
2458498.2691267 10.98 0.12
2458498.2693003 11.01 0.12
2458498.2694739 10.95 0.12
2458498.2696475 11.03 0.12
2458498.2698211 10.80 0.10
2458498.2699947 10.85 0.10
2458498.2701684 10.79 0.10
2458498.2703420 11.06 0.13
2458498.2706892 10.90 0.11
2458498.2708628 11.11 0.13
2458498.2710364 11.01 0.12
2458498.2712100 11.05 0.13
2458498.2713836 11.03 0.12
2458498.2715572 11.02 0.12
2458498.2717309 10.99 0.12
2458498.2719045 10.78 0.10
2458498.2720781 10.92 0.11
2458498.2722517 10.98 0.12
2458498.2724253 10.91 0.11
2458498.2725989 10.91 0.11
2458498.2727725 10.89 0.11
2458498.2729461 11.06 0.12
2458498.2731197 10.91 0.11
2458498.2732934 11.14 0.14
2458498.2734670 11.10 0.13
2458498.2736406 10.83 0.10
2458498.2738142 11.02 0.12
2458498.2739878 10.92 0.11
2458498.2741614 10.87 0.11
2458498.2743350 11.06 0.13
2458498.2745086 11.13 0.13
2458498.2746823 10.87 0.11
2458498.2748559 11.11 0.13
2458498.2750295 11.15 0.14
2458498.2752031 11.05 0.12
2458498.2753767 11.01 0.12
2458498.2755503 11.22 0.14
2458498.2757239 10.92 0.11
2458498.2758975 10.92 0.11
2458498.2760711 10.89 0.11
2458498.2762448 10.99 0.12
2458498.2764184 10.92 0.11
2458498.2765920 11.03 0.12
2458498.2767656 11.10 0.13
2458498.2769392 11.08 0.13
2458498.2771128 10.99 0.12
2458498.2772864 11.13 0.14
2458498.2774600 11.00 0.12
2458498.2776336 10.98 0.12
2458498.2778072 11.02 0.12
2458498.2779809 11.15 0.14
2458498.2781545 10.95 0.11
2458498.2783281 11.10 0.13
2458498.2785017 10.99 0.12
2458498.2788489 11.06 0.13
2458498.2790225 11.09 0.13
2458498.2791961 11.01 0.12
2458498.2793697 10.89 0.11
2458498.2795448 10.99 0.12
2458498.2797182 10.81 0.10
2458498.2798916 11.01 0.12
2458498.2800651 11.05 0.12
2458498.2802385 10.95 0.11
2458498.2804120 10.94 0.11
2458498.2805854 11.19 0.14
2458498.2807589 11.09 0.13
2458498.2809323 10.95 0.11
2458498.2811059 11.05 0.13
2458498.2812795 11.08 0.13
2458498.2814531 10.95 0.11
2458498.2816267 11.06 0.13
2458498.2818003 11.17 0.14
2458498.2819739 10.90 0.11
2458498.2821475 10.84 0.10
2458498.2823211 11.19 0.14
2458498.2824948 11.03 0.13
2458498.2826684 11.04 0.13
2458498.2828420 11.18 0.15
2458498.2830156 11.04 0.13
2458498.2831892 10.80 0.10
2458498.2833628 11.00 0.12
2458498.2837100 10.96 0.12
2458498.2838836 10.85 0.11
2458498.2840573 10.96 0.12
2458498.2842309 10.92 0.11
2458498.2844045 10.97 0.12
2458498.2845781 10.81 0.10
2458498.2847517 11.18 0.14
2458498.2849253 11.04 0.13
2458498.2850989 10.99 0.12
2458498.2852725 11.06 0.13
2458498.2856197 10.99 0.12
2458498.2857934 10.91 0.11
2458498.2859670 10.97 0.12
2458498.2861406 11.19 0.15
2458498.2863142 11.04 0.13
2458498.2864878 11.08 0.13
2458498.2866614 10.98 0.12
2458498.2870086 11.12 0.14
2458498.2873559 11.11 0.14
2458498.2875295 10.74 0.10
2458498.2877031 11.10 0.14
2458498.2878767 11.08 0.13
2458498.2882239 11.10 0.13
2458498.2883975 10.76 0.10
2458498.2889184 10.90 0.11
2458498.2890920 11.09 0.13
2458498.2892656 11.16 0.14
2458498.2894392 11.11 0.14
2458498.2896128 11.03 0.13
2458498.2897864 10.98 0.12
2458498.2901336 11.03 0.13
2458498.2904809 10.81 0.10
2458498.2906545 11.23 0.15
2458498.2908281 10.90 0.11
2458498.2910017 11.09 0.13
2458498.2911753 11.03 0.13
2458498.2915239 11.14 0.14
2458498.2918708 10.99 0.12
2458498.2920443 11.02 0.13
2458498.2922177 11.06 0.13
2458498.2923912 11.02 0.13
2458498.2925646 11.05 0.13
2458498.2927381 11.07 0.13
2458498.2929115 10.87 0.11
2458498.2930850 11.00 0.12
2458498.2932586 10.93 0.12
2458498.2934322 10.87 0.11
2458498.2936059 11.10 0.14
2458498.2937795 10.94 0.12
2458498.2939531 11.08 0.13
2458498.2941267 10.98 0.12
2458498.2943003 11.07 0.14
2458498.2948211 10.99 0.13
2458498.2949947 11.20 0.15
2458498.2953420 11.13 0.14
2458498.2955156 10.92 0.12
2458498.2956892 11.09 0.14
2458498.2960364 11.06 0.13
2458498.2963836 11.08 0.14
2458498.2965572 11.04 0.13
2458498.2967309 10.94 0.12
2458498.2969045 10.85 0.11
2458498.2970781 11.00 0.12
2458498.2972517 11.08 0.13
2458498.2974253 11.12 0.14
2458498.2975989 11.04 0.13
2458498.2977725 10.96 0.12
2458498.2979461 11.05 0.13
2458498.2981198 10.84 0.11
2458498.2982934 10.77 0.10
2458498.2984670 11.13 0.14
2458498.2988142 11.03 0.13
2458498.2989878 10.94 0.12
2458498.2991614 10.92 0.12
2458498.2993350 11.10 0.14
2458498.2995086 11.09 0.13
2458498.2996823 10.89 0.11
2458498.2998559 11.05 0.13
2458498.3000295 11.20 0.15
2458498.3002031 11.06 0.13
2458498.3003767 10.93 0.12
2458498.3005503 10.92 0.12
2458498.3007239 11.04 0.13
2458498.3008975 10.98 0.12
2458498.3012447 10.91 0.12
2458498.3014184 11.18 0.15
2458498.3017656 10.78 0.10
2458498.3019392 11.18 0.14
2458498.3021128 11.03 0.13
2458498.3022864 10.77 0.10
2458498.3026336 11.02 0.13
2458498.3028072 11.11 0.14
2458498.3029809 11.02 0.13
2458498.3031545 10.88 0.11
2458498.3033281 11.10 0.14
2458498.3035017 11.08 0.13
2458498.3036766 10.96 0.12
2458498.3038500 10.94 0.12
2458498.3040235 10.99 0.12
2458498.3041969 10.89 0.11
2458498.3043703 11.15 0.14
2458498.3045438 11.08 0.13
2458498.3047172 10.78 0.10
2458498.3048907 11.17 0.14
2458498.3050642 11.06 0.13
2458498.3052378 11.18 0.15
2458498.3054114 10.88 0.11
2458498.3055850 11.04 0.13
2458498.3057586 10.93 0.12
2458498.3059323 11.03 0.13
2458498.3061059 10.90 0.11
2458498.3062795 11.02 0.13
2458498.3069739 11.03 0.13
2458498.3071475 11.21 0.15
2458498.3073211 10.99 0.12
2458498.3074948 11.19 0.15
2458498.3076684 11.04 0.13
2458498.3078420 11.00 0.12
2458498.3080156 11.14 0.14
2458498.3081892 11.10 0.14
2458498.3083628 10.86 0.11
2458498.3085364 11.06 0.13
2458498.3087100 11.10 0.14
2458498.3088836 10.95 0.12
2458498.3090572 11.19 0.15
2458498.3092309 11.03 0.13
2458498.3094045 10.92 0.12
2458498.3095781 11.05 0.13
2458498.3097517 11.00 0.13
2458498.3099253 10.84 0.11
2458498.3100989 11.16 0.15
2458498.3102725 11.04 0.13
2458498.3104461 11.12 0.14
2458498.3106197 10.92 0.12
2458498.3107934 11.06 0.13
2458498.3109670 10.98 0.12
2458498.3111406 11.03 0.13
2458498.3113142 11.04 0.13
2458498.3114878 10.97 0.12
2458498.3120086 11.06 0.13
2458498.3121822 10.95 0.12
2458498.3123559 10.81 0.11
2458498.3127031 10.89 0.11
2458498.3128767 11.00 0.13
2458498.3130503 10.84 0.11
2458498.3133975 11.00 0.13
2458498.3137448 11.07 0.14
2458498.3140920 11.00 0.13
2458498.3144392 10.93 0.12
2458498.3146128 11.09 0.14
2458498.3147864 10.95 0.12
2458498.3151336 11.03 0.13
2458498.3153073 10.93 0.12
2458498.3154809 10.88 0.11
2458498.3156558 10.93 0.12
2458498.3158292 10.94 0.12
2458498.3161761 11.01 0.13
2458498.3163496 11.00 0.13
2458498.3165230 11.10 0.14
2458498.3166965 11.16 0.15
2458498.3168699 10.97 0.13
2458498.3170434 11.04 0.13
2458498.3172170 10.98 0.13
2458498.3173906 10.91 0.12
2458498.3177378 11.01 0.13
2458498.3179114 11.06 0.13
2458498.3180850 10.93 0.12
2458500.2350758 10.83 0.15
2458500.2359438 10.86 0.15
2458500.2388952 10.62 0.12
2458500.2449724 10.86 0.14
2458500.2463605 10.92 0.15
2458500.2468813 10.99 0.16
2458500.2496591 10.94 0.15
2458500.2500063 10.81 0.13
2458500.2522633 10.80 0.13
2458500.2533049 10.73 0.12
2458500.2553883 11.02 0.16
2458500.2555619 10.88 0.14
2458500.2557355 10.95 0.15
2458500.2579924 10.93 0.15
2458500.2607702 11.01 0.15
2458500.2611174 10.95 0.15
2458500.2628535 11.05 0.16
2458500.2647633 11.13 0.17
2458500.2658049 11.15 0.17
2458500.2661522 10.92 0.14
2458500.2670202 10.89 0.13
2458500.2673674 10.79 0.12
2458500.2677147 10.69 0.11
2458500.2696245 10.83 0.13
2458500.2699716 10.53 0.10
2458500.2708397 10.92 0.14
2458500.2710133 10.99 0.15
2458500.2724022 10.89 0.13
2458500.2741383 10.83 0.13
2458500.2758744 10.88 0.13
2458500.2763952 10.83 0.13
2458500.2765688 10.92 0.14
2458500.2769161 11.04 0.15
2458500.2776105 10.98 0.15
2458500.2777841 10.85 0.13
2458500.2781313 10.87 0.13
2458500.2786522 10.91 0.14
2458500.2793466 11.03 0.15
2458500.2816037 10.98 0.14
2458500.2826452 10.93 0.14
2458500.2828188 10.82 0.12
2458500.2838605 10.82 0.12
2458500.2850758 10.88 0.13
2458500.2854230 10.88 0.13
2458500.2862911 10.95 0.14
2458500.2885480 10.93 0.14
2458500.2887216 11.00 0.14
2458500.2888952 11.01 0.15
2458500.2890688 10.96 0.14
2458500.2897633 11.10 0.16
2458500.2899369 10.88 0.13
2458500.2901105 11.08 0.16
2458500.2909785 10.90 0.13
2458500.2913258 11.15 0.16
2458500.2918466 10.90 0.13
2458500.2925423 11.11 0.15
2458500.2930626 11.10 0.15