2458467.3673723 11.07 0.15
2458467.3694556 11.05 0.15
2458467.3717125 10.81 0.12
2458467.3720598 11.04 0.15
2458467.3724070 11.05 0.15
2458467.3725806 10.87 0.13
2458467.3727542 10.93 0.14
2458467.3739695 10.99 0.14
2458467.3750111 11.02 0.15
2458467.3758801 11.06 0.16
2458467.3767473 11.05 0.15
2458467.3772681 10.98 0.14
2458467.3776153 11.04 0.15
2458467.3784834 10.95 0.14
2458467.3790042 11.04 0.15
2458467.3795250 10.87 0.13
2458467.3796986 10.91 0.14
2458467.3802195 10.97 0.14
2458467.3819556 11.04 0.15
2458467.3821292 10.97 0.14
2458467.3828236 11.02 0.15
2458467.3849070 11.02 0.15
2458467.3852542 10.88 0.14
2458467.3873389 10.94 0.14
2458467.3895945 11.02 0.15
2458467.3899417 11.02 0.15
2458467.3901153 11.11 0.17
2458467.3916778 10.98 0.15
2458467.3927195 10.95 0.14
2458467.3930667 10.91 0.14
2458467.3937611 10.98 0.15
2458467.3941084 10.88 0.14
2458467.3958445 11.01 0.15
2458467.3981014 11.11 0.17
2458467.3993180 10.95 0.14
2458467.3994914 11.05 0.16
2458467.4000118 11.15 0.17
2458467.4007056 11.01 0.15
2458467.4012264 10.96 0.15
2458467.4088653 10.86 0.13
2458467.4090389 10.99 0.15
2458467.4099070 10.97 0.15
2458467.4100806 11.09 0.17
2458467.4104278 10.80 0.13
2458467.4135528 10.96 0.15
2458467.4163306 11.01 0.16
2458469.3667865 11.20 0.13
2458469.3670135 11.26 0.13
2458469.3671871 11.47 0.16
2458469.3673607 11.42 0.16
2458469.3675343 11.33 0.14
2458469.3677079 11.19 0.13
2458469.3678815 11.20 0.13
2458469.3680551 11.16 0.12
2458469.3682287 11.24 0.13
2458469.3684023 11.25 0.13
2458469.3685760 11.23 0.13
2458469.3687496 11.15 0.12
2458469.3689232 11.23 0.13
2458469.3690968 11.13 0.12
2458469.3692704 11.10 0.12
2458469.3694440 11.11 0.12
2458469.3696176 11.10 0.12
2458469.3697912 11.31 0.14
2458469.3699648 11.06 0.11
2458469.3701384 11.02 0.11
2458469.3703121 11.10 0.12
2458469.3704857 11.20 0.13
2458469.3708329 11.13 0.12
2458469.3710065 11.15 0.12
2458469.3711801 11.17 0.12
2458469.3715273 11.12 0.12
2458469.3718746 11.27 0.14
2458469.3720482 11.18 0.13
2458469.3722218 11.11 0.12
2458469.3723954 11.29 0.14
2458469.3725690 11.06 0.11
2458469.3727426 11.23 0.13
2458469.3729162 11.08 0.12
2458469.3732635 11.18 0.13
2458469.3734371 11.23 0.13
2458469.3736107 11.21 0.13
2458469.3737843 11.14 0.12
2458469.3739579 11.07 0.11
2458469.3741315 11.28 0.14
2458469.3743051 11.13 0.12
2458469.3744787 11.26 0.14
2458469.3746524 11.21 0.13
2458469.3749996 11.28 0.14
2458469.3751732 11.27 0.14
2458469.3753468 11.18 0.13
2458469.3755204 11.40 0.15
2458469.3756940 11.40 0.15
2458469.3758676 11.13 0.12
2458469.3760425 11.22 0.13
2458469.3762159 11.23 0.13
2458469.3763894 11.15 0.12
2458469.3765628 11.10 0.12
2458469.3767363 11.26 0.13
2458469.3770832 11.06 0.11
2458469.3772566 11.35 0.15
2458469.3774301 11.26 0.13
2458469.3776037 11.18 0.13
2458469.3777773 11.17 0.12
2458469.3779510 11.33 0.14
2458469.3781246 11.26 0.13
2458469.3782982 11.30 0.14
2458469.3784718 11.07 0.11
2458469.3786454 11.23 0.13
2458488.3044163 11.11 0.15
2458488.3045899 11.21 0.16
2458488.3047635 10.93 0.13
2458488.3051107 10.98 0.13
2458488.3054579 11.09 0.15
2458488.3056316 10.93 0.13
2458488.3058052 11.17 0.16
2458488.3064996 11.10 0.15
2458488.3070205 11.04 0.14
2458488.3073677 10.87 0.12
2458488.3077149 11.17 0.16
2458488.3084093 11.04 0.14
2458488.3091038 10.98 0.13
2458488.3094522 11.15 0.16
2458488.3097991 10.91 0.13
2458488.3101460 11.02 0.14
2458488.3104929 11.01 0.14
2458488.3108399 11.13 0.15
2458488.3113607 11.20 0.16
2458488.3115344 10.99 0.14
2458488.3132705 10.96 0.13
2458488.3137913 11.09 0.15
2458488.3144857 11.02 0.14
2458488.3148330 11.05 0.15
2458488.3153538 10.98 0.14
2458488.3160482 10.98 0.14
2458488.3167427 11.12 0.16
2458488.3170899 11.07 0.15
2458488.3179580 11.19 0.17
2458488.3186524 10.98 0.14
2458488.3191732 11.04 0.15
2458488.3203885 11.05 0.15
2458488.3209094 11.04 0.15
2458488.3217783 11.00 0.14
2458488.3219517 11.03 0.15
2458488.3233399 11.12 0.16
2458488.3235135 10.90 0.13
2458488.3236871 10.97 0.14
2458488.3238607 11.11 0.16
2458488.3240343 11.06 0.15
2458488.3243816 11.01 0.14
2458488.3249024 11.14 0.16
2458488.3261177 11.08 0.15
2458488.3266385 11.16 0.17
2458488.3269857 10.98 0.14
2458488.3275066 11.02 0.15
2458488.3280274 10.93 0.14
2458488.3285482 11.01 0.15
2458488.3294163 11.01 0.15
2458488.3297635 11.07 0.15
2458488.3313260 10.85 0.13
2458488.3318468 10.81 0.12
2458488.3332370 10.84 0.13
2458488.3339308 11.10 0.16
2458488.3341043 10.99 0.14
2458488.3349719 11.02 0.15
2458488.3351455 10.77 0.12
2458488.3353191 11.01 0.15
2458488.3356663 11.02 0.15
2458488.3361871 10.96 0.14
2458488.3368816 10.93 0.14
2458488.3370552 11.05 0.15
2458488.3375760 11.04 0.15
2458488.3377496 10.79 0.12
2458488.3379232 11.03 0.15
2458488.3380968 11.11 0.16
2458488.3393121 11.10 0.16
2458488.3407010 11.05 0.15
2458488.3410482 11.08 0.16
2458488.3412219 11.05 0.16
2458488.3413955 11.05 0.15
2458488.3417427 10.94 0.14
2458488.3419163 11.08 0.16
2458488.3420899 11.05 0.15
2458488.3422635 11.05 0.16
2458488.3431316 11.00 0.15
2458488.3433052 11.07 0.16
2458488.3436524 10.96 0.14
2458488.3438260 10.97 0.14
2458488.3448677 11.13 0.17
2458488.3450413 11.07 0.16
2458488.3459100 10.93 0.14
2458488.3460834 10.86 0.13
2458488.3464303 11.00 0.15
2458488.3467774 11.00 0.15
2458488.3469510 11.10 0.16
2458488.3471246 11.06 0.16
2458488.3483399 11.15 0.17
2458488.3485135 11.15 0.17
2458488.3490344 10.97 0.14
2458488.3493816 10.98 0.15
2458488.3495552 10.87 0.13
2458488.3502496 10.94 0.14
2458488.3505969 10.94 0.14
2458488.3512913 10.98 0.14
2458488.3514649 10.90 0.14
2458488.3518121 10.97 0.14
2458488.3519857 11.17 0.17
2458488.3526802 10.87 0.13
2458488.3532010 11.04 0.15
2458488.3533746 10.96 0.14
2458488.3542427 11.05 0.15
2458488.3549371 10.92 0.14
2458488.3556316 10.96 0.14
2458488.3558052 10.88 0.13
2458488.3568469 10.89 0.13
2458488.3577156 11.06 0.16
2458488.3582360 10.94 0.14
2458488.3591038 11.00 0.15
2458488.3594510 11.05 0.16
2458488.3596246 10.87 0.13
2458488.3599718 10.97 0.14
2458488.3603191 10.99 0.15
2458488.3610135 11.06 0.16
2458488.3615343 10.88 0.13
2458488.3617080 11.17 0.17
2458488.3644857 10.85 0.13
2458488.3648330 10.87 0.13
2458488.3653538 10.99 0.15
2458488.3663955 11.05 0.16
2458488.3669163 11.06 0.16
2458488.3690010 11.04 0.16
2458488.3696948 11.07 0.16
2458488.3702150 11.02 0.15
2458488.3726455 10.93 0.14
2458488.3728191 11.02 0.15
2458488.3733399 11.06 0.16
2458493.2519739 11.04 0.13
2458493.2526684 11.01 0.13
2458493.2530156 10.89 0.12
2458493.2531892 11.15 0.15
2458493.2535364 10.96 0.13
2458493.2537100 10.94 0.12
2458493.2544055 10.90 0.12
2458493.2547524 11.08 0.14
2458493.2552727 11.14 0.15
2458493.2554461 10.96 0.12
2458493.2561406 11.23 0.16
2458493.2568350 11.13 0.15
2458493.2571823 11.25 0.16
2458493.2573559 11.14 0.15
2458493.2577031 10.81 0.11
2458493.2580503 11.00 0.13
2458493.2583975 11.11 0.14
2458493.2585711 10.99 0.13
2458493.2589184 11.11 0.14
2458493.2590920 11.13 0.15
2458493.2592656 10.94 0.12
2458493.2594392 11.14 0.15
2458493.2596128 11.28 0.17
2458493.2597864 10.95 0.13
2458493.2601336 11.15 0.15
2458493.2604809 11.20 0.16
2458493.2606545 11.13 0.15
2458493.2608281 11.11 0.14
2458493.2610017 11.00 0.13
2458493.2611753 11.07 0.14
2458493.2613489 11.09 0.14
2458493.2620434 10.95 0.12
2458493.2622170 11.02 0.13
2458493.2623906 11.29 0.17
2458493.2634323 11.13 0.14
2458493.2637795 11.01 0.13
2458493.2639531 11.11 0.14
2458493.2643003 11.08 0.14
2458493.2646475 11.08 0.14
2458493.2648211 11.10 0.14
2458493.2653420 11.02 0.13
2458493.2655156 11.22 0.16
2458493.2656892 11.05 0.13
2458493.2658628 11.17 0.15
2458493.2660378 11.07 0.14
2458493.2662112 10.99 0.13
2458493.2663847 11.14 0.15
2458493.2665581 11.08 0.14
2458493.2667316 11.16 0.15
2458493.2669050 11.08 0.14
2458493.2670784 11.20 0.15
2458493.2672519 10.88 0.12
2458493.2675989 11.14 0.15
2458493.2681197 11.12 0.14
2458493.2682934 11.04 0.13
2458493.2684670 10.95 0.12
2458493.2691614 10.96 0.12
2458493.2693350 11.10 0.14
2458493.2700295 11.22 0.16
2458493.2702031 11.08 0.14
2458493.2703767 11.05 0.13
2458493.2708975 11.15 0.15
2458493.2710711 11.17 0.15
2458493.2712448 10.94 0.12
2458493.2715920 11.08 0.14
2458493.2719392 10.97 0.13
2458493.2721128 10.93 0.12
2458493.2722864 11.06 0.14
2458493.2724600 10.97 0.12
2458493.2728073 11.12 0.14
2458493.2729809 10.97 0.13
2458493.2733281 11.13 0.14
2458493.2735017 10.90 0.12
2458493.2736753 11.11 0.14
2458493.2738489 10.93 0.12
2458493.2741961 11.07 0.14
2458493.2750642 10.98 0.13
2458493.2754114 10.97 0.13
2458493.2761059 11.01 0.13
2458493.2766267 11.10 0.14
2458493.2768003 11.05 0.14
2458493.2769739 11.13 0.14
2458493.2771475 11.07 0.14
2458493.2773211 10.96 0.12
2458493.2776684 11.16 0.15
2458493.2780169 11.23 0.16
2458493.2781904 11.03 0.13
2458493.2783638 11.13 0.14
2458493.2785373 10.98 0.13
2458493.2787107 11.14 0.15
2458493.2788841 11.02 0.13
2458493.2790576 11.16 0.15
2458493.2795781 11.03 0.13
2458493.2797517 11.06 0.14
2458493.2799253 11.05 0.14
2458493.2800989 11.15 0.15
2458493.2802725 11.10 0.14
2458493.2806198 10.98 0.13
2458493.2807934 11.03 0.13
2458493.2809670 11.01 0.13
2458493.2813142 11.07 0.14
2458493.2814878 11.19 0.16
2458493.2818350 11.06 0.14
2458493.2820086 11.05 0.14
2458493.2821822 11.19 0.15
2458493.2823559 11.10 0.14
2458493.2825295 10.87 0.11
2458493.2827031 11.30 0.17
2458493.2828767 11.03 0.13
2458493.2832239 11.12 0.14
2458493.2833975 11.10 0.14
2458493.2835711 11.10 0.14
2458493.2837447 11.24 0.16
2458493.2839184 11.08 0.14
2458493.2842656 10.94 0.12
2458493.2844392 10.94 0.12
2458493.2849600 11.05 0.14
2458493.2856545 10.95 0.12
2458493.2858281 11.19 0.15
2458493.2865225 10.95 0.12
2458493.2872170 11.18 0.15
2458493.2873906 11.11 0.14
2458493.2875642 10.94 0.12
2458493.2879114 11.07 0.14
2458493.2880850 11.13 0.15
2458493.2884323 11.07 0.14
2458493.2887795 11.14 0.15
2458493.2891267 11.09 0.14
2458493.2894739 11.16 0.15
2458493.2898211 11.03 0.14
2458493.2899961 11.18 0.15
2458493.2903429 11.15 0.15
2458493.2912102 11.10 0.14
2458493.2913836 11.13 0.14
2458493.2917309 11.07 0.14
2458493.2922517 11.04 0.13
2458493.2927725 11.12 0.14
2458493.2929461 11.15 0.15
2458493.2932934 11.01 0.13
2458493.2939878 11.10 0.14
2458493.2941614 11.04 0.13
2458493.2945086 11.11 0.14
2458493.2950295 10.87 0.11
2458493.2955503 10.95 0.12
2458493.2964184 11.01 0.13
2458493.2967656 11.10 0.14
2458493.2969392 11.01 0.13
2458493.2972864 10.95 0.13
2458493.2988489 11.05 0.14
2458493.2995434 11.06 0.14
2458493.3002378 11.29 0.17
2458493.3004114 11.18 0.16
2458493.3005850 11.08 0.14
2458493.3007586 11.07 0.14
2458493.3018931 11.03 0.14
2458493.3030272 11.19 0.15
2458493.3035480 10.98 0.13
2458493.3044161 11.09 0.14
2458493.3045897 10.93 0.12
2458493.3047633 11.16 0.15
2458493.3049369 11.11 0.14
2458493.3051105 10.98 0.13
2458493.3052841 11.26 0.16
2458493.3054577 11.06 0.14
2458493.3059785 11.05 0.13
2458493.3061522 11.12 0.15
2458493.3063258 11.20 0.16
2458493.3066730 11.09 0.14
2458493.3070202 11.06 0.14
2458493.3073674 11.09 0.14
2458493.3080619 11.07 0.14
2458493.3089299 11.21 0.16
2458493.3094508 10.93 0.12
2458493.3099716 11.02 0.13
2458493.3103188 10.95 0.12
2458493.3104924 11.11 0.14
2458493.3106661 11.07 0.14
2458493.3108397 11.03 0.13
2458493.3110133 11.11 0.14
2458493.3111869 10.97 0.12
2458493.3130971 11.08 0.14
2458493.3134439 11.04 0.13
2458493.3136174 10.90 0.12
2458493.3144855 11.22 0.16
2458493.3155272 11.15 0.15
2458493.3157008 11.19 0.15
2458493.3160480 11.27 0.16
2458493.3162216 11.09 0.14
2458493.3163952 11.10 0.14
2458493.3165688 11.07 0.14
2458493.3167424 10.96 0.12
2458493.3174369 11.06 0.13
2458493.3176105 11.02 0.13
2458493.3179577 11.28 0.16
2458493.3181313 11.22 0.15
2458493.3183049 11.04 0.13
2458493.3184786 11.17 0.15
2458493.3186522 11.16 0.15
2458493.3188258 11.01 0.13
2458493.3189994 11.26 0.16
2458493.3193466 11.09 0.14
2458493.3195202 11.18 0.15
2458493.3196938 11.29 0.16
2458493.3202147 11.20 0.15
2458493.3205619 10.96 0.12
2458493.3209091 11.11 0.14
2458493.3210827 11.03 0.13
2458493.3212563 11.08 0.14
2458493.3214299 11.11 0.14
2458493.3216035 11.29 0.17
2458493.3217772 11.13 0.14
2458493.3219508 11.14 0.15
2458493.3221244 11.14 0.14
2458493.3222980 11.23 0.16
2458493.3224716 10.96 0.12
2458493.3226452 10.89 0.12
2458493.3228188 11.17 0.15
2458493.3229924 11.01 0.13
2458493.3231662 11.04 0.13
2458493.3235133 11.17 0.15
2458493.3236869 11.16 0.15
2458493.3240341 11.18 0.15
2458493.3242090 11.10 0.14
2458493.3243824 11.31 0.17
2458493.3249028 11.05 0.13
2458493.3250762 11.10 0.14
2458493.3252497 11.06 0.13
2458493.3254231 11.16 0.15
2458493.3257702 11.17 0.15
2458493.3266383 11.15 0.14
2458493.3268119 11.11 0.14
2458493.3271591 11.11 0.14
2458493.3273327 11.21 0.15
2458493.3275063 11.17 0.15
2458493.3276799 11.15 0.14
2458493.3278536 11.22 0.15
2458493.3280272 11.15 0.14
2458493.3283744 11.09 0.14
2458493.3285480 11.05 0.13
2458493.3287216 11.13 0.14
2458493.3288952 11.30 0.16
2458493.3294160 11.03 0.13
2458493.3295897 11.23 0.16
2458493.3299369 11.01 0.13
2458493.3301105 11.17 0.15
2458493.3302841 11.31 0.17
2458493.3306313 11.15 0.14
2458493.3308049 11.11 0.14
2458493.3309785 11.12 0.14
2458493.3311522 11.25 0.16
2458493.3314994 11.17 0.15
2458493.3316730 11.10 0.14
2458493.3323674 11.07 0.13
2458493.3332355 11.15 0.15
2458493.3335827 11.03 0.13
2458493.3339299 11.13 0.14
2458493.3341036 11.18 0.15
2458493.3347980 11.33 0.17
2458493.3358397 11.08 0.14
2458493.3360133 11.08 0.14
2458493.3365351 11.11 0.14
2458493.3377494 11.02 0.13
2458493.3380966 11.19 0.15
2458493.3386174 11.18 0.15
2458493.3389647 10.96 0.13
2458493.3393119 11.05 0.13
2458493.3394855 11.01 0.13
2458493.3408744 11.04 0.14
2458493.3410480 11.05 0.14
2458493.3412216 10.98 0.13
2458493.3431313 11.05 0.14
2458493.3433049 10.89 0.12
2458493.3450410 11.04 0.13
2458493.3453883 10.96 0.12
2458493.3474716 11.19 0.15
2458493.3476452 11.19 0.15
2458493.3483408 11.09 0.14
2458493.3485142 11.22 0.16
2458493.3488611 11.11 0.14
2458493.3497286 10.94 0.12
2458493.3499022 11.03 0.13
2458493.3505966 11.03 0.13
2458493.3507702 11.19 0.15
2458493.3514647 11.13 0.15
2458493.3516383 11.07 0.14
2458493.3519855 10.96 0.12
2458493.3521591 11.17 0.15
2458493.3523327 11.05 0.13
2458493.3530272 11.11 0.14
2458493.3533744 11.02 0.13
2458493.3535480 11.11 0.14
2458493.3537216 11.10 0.14
2458493.3538952 11.11 0.14
2458493.3540688 11.03 0.13
2458493.3542424 11.20 0.15
2458493.3549369 11.11 0.14
2458493.3551105 11.25 0.16
2458493.3552841 11.15 0.15
2458493.3554577 11.15 0.15
2458493.3556313 11.07 0.14
2458493.3558049 11.18 0.15
2458493.3561522 11.14 0.14
2458493.3563258 11.14 0.15
2458493.3564994 10.97 0.13
2458493.3571938 10.95 0.12
2458493.3575411 11.30 0.17
2458493.3578883 11.01 0.13
2458493.3580619 11.25 0.16
2458493.3582355 11.01 0.13
2458493.3584091 11.07 0.14
2458493.3585827 11.17 0.15
2458493.3587563 11.24 0.16
2458493.3589299 11.17 0.15
2458493.3591036 11.01 0.13
2458493.3597980 10.80 0.11
2458493.3601465 11.16 0.15
2458493.3603199 11.01 0.13
2458493.3604934 11.27 0.16
2458493.3608403 11.17 0.15
2458493.3610137 11.09 0.14
2458493.3611871 11.16 0.15
2458493.3629230 11.06 0.14
2458493.3636174 11.02 0.13
2458493.3637911 11.08 0.14
2458493.3639647 11.23 0.16
2458493.3643119 10.91 0.12
2458493.3646591 11.05 0.13
2458493.3655272 11.08 0.14
2458493.3657008 11.12 0.14
2458493.3658744 11.19 0.15
2458493.3663952 11.16 0.15
2458493.3667424 11.13 0.14
2458493.3683049 11.24 0.16
2458493.3693466 11.19 0.16
2458493.3709091 11.17 0.15
2458493.3710827 11.08 0.14
2458493.3712563 11.19 0.15
2458493.3726460 11.06 0.14
2458493.3728194 11.17 0.15
2458493.3731663 10.98 0.13
2458493.3738605 11.03 0.13
2458493.3747286 10.99 0.13
2458493.3762910 11.01 0.13
2458493.3785480 11.13 0.15
2458493.3787216 11.01 0.13
2458493.3794161 11.09 0.14
2458493.3795897 11.12 0.15
2458493.3799369 11.05 0.14
2458493.3801105 10.94 0.13
2458493.3806313 10.98 0.13
2458493.3809786 10.97 0.13
2458493.3820202 11.11 0.15
2458493.3821938 11.06 0.14
2458493.3832355 10.97 0.13
2458493.3858397 11.16 0.16
2458493.3868813 11.21 0.16
2458493.3872286 11.18 0.16
2458493.3875758 11.04 0.14
2458493.3879230 11.02 0.14
2458493.3880966 11.20 0.16
2458493.3887911 10.97 0.13
2458493.3896591 11.02 0.14
2458493.3903536 10.95 0.13
2458493.3912216 11.02 0.14
2458493.3915688 11.04 0.14
2458493.3917424 11.14 0.15
2458493.3922633 11.21 0.16
2458493.3924369 11.06 0.14
2458493.3931313 10.82 0.12
2458493.3941730 11.07 0.14
2458493.3943466 11.13 0.15
2458493.3946938 10.98 0.13
2458493.3948674 11.01 0.14
2458493.3962574 11.13 0.15
2458493.3966043 11.17 0.16
2458493.3967777 11.11 0.15
2458493.3969511 11.25 0.17
2458493.3971246 11.05 0.14
2458493.3972980 11.18 0.16
2458493.3976452 11.10 0.15
2458493.3985133 11.02 0.14
2458493.3986869 10.89 0.12
2458493.3990341 11.22 0.17
2458493.3992077 11.12 0.15
2458493.4009438 11.17 0.16
2458493.4011174 11.28 0.18
2458493.4012910 11.09 0.15
2458493.4014647 11.15 0.16
2458493.4016383 11.15 0.16
2458493.4019855 11.09 0.15
2458493.4025063 11.11 0.15
2458493.4032008 11.06 0.15
2458493.4033744 11.17 0.16
2458493.4037216 10.97 0.13
2458493.4044161 11.21 0.17
2458493.4047633 11.15 0.16
2458493.4051105 10.95 0.13
2458493.4054577 10.98 0.14
2458493.4061522 11.01 0.14
2458493.4070202 11.00 0.14
2458493.4075410 11.19 0.17
2458493.4077147 11.12 0.16
2458493.4078896 10.88 0.13
2458493.4085833 11.12 0.16
2458493.4087568 11.01 0.14
2458493.4091037 11.09 0.15
2458493.4099716 11.06 0.15
2458493.4103188 11.02 0.14
2458493.4106661 11.25 0.18
2458493.4108397 10.96 0.14
2458493.4110133 11.15 0.16
2458493.4111869 11.11 0.16
2458493.4113605 11.10 0.15
2458493.4117077 11.06 0.15
2458493.4124022 11.07 0.15
2458493.4127494 11.06 0.15
2458493.4134438 11.15 0.16
2458493.4141383 11.07 0.15
2458493.4148327 11.13 0.16
2458493.4150063 11.02 0.15
2458495.1679230 10.67 0.15
2458495.1722633 10.72 0.15
2458495.1835486 10.77 0.16
2458495.2198331 10.93 0.17
2458495.2288605 10.88 0.16
2458495.2371938 10.85 0.15
2458495.2389299 10.91 0.16
2458495.2498674 10.87 0.15
2458495.2522980 10.95 0.16
2458495.2533397 10.87 0.15
2458495.2573327 10.91 0.16
2458495.2630619 10.83 0.14
2458495.2639299 10.77 0.14
2458495.2729577 10.92 0.15
2458495.2748674 10.85 0.15
2458495.2800759 10.86 0.15
2458495.2812911 10.79 0.14
2458495.2819855 11.02 0.17
2458495.2917083 10.96 0.16
2458495.2924022 10.90 0.15
2458495.2925758 10.87 0.15
2458495.2963952 10.87 0.15
2458495.2996938 10.80 0.14
2458495.3000411 10.98 0.16
2458495.3049022 10.87 0.15
2458495.3073327 10.93 0.16
2458495.3088952 10.85 0.15
2458495.3106313 10.84 0.15
2458495.3120202 10.92 0.15
2458495.3135827 10.92 0.16
2458495.3149729 10.81 0.14
2458498.1686059 10.93 0.15
2458498.1691267 10.98 0.16
2458498.1694739 10.83 0.14
2458498.1698211 10.97 0.16
2458498.1706892 10.83 0.14
2458498.1725989 10.93 0.15
2458498.1729461 11.06 0.16
2458498.1732934 11.02 0.16
2458498.1762447 10.84 0.13
2458498.1797170 11.10 0.16
2458498.1802378 10.96 0.15
2458498.1805850 11.11 0.17
2458498.1823211 10.97 0.15
2458498.1840572 10.99 0.15
2458498.1850989 10.97 0.15
2458498.1854461 10.96 0.15
2458498.1856197 10.99 0.15
2458498.1868350 11.04 0.15
2458498.1871822 10.79 0.12
2458498.1882974 10.89 0.14
2458498.1906545 10.94 0.14
2458498.1911753 11.01 0.15
2458498.1932586 10.93 0.14
2458498.1943003 11.03 0.15
2458498.1944739 10.94 0.14
2458498.1946475 11.02 0.15
2458498.1955156 11.08 0.16
2458498.1958628 10.87 0.13
2458498.1962112 11.06 0.15
2458498.1963846 11.06 0.15
2458498.1965581 10.97 0.14
2458498.1970784 11.03 0.15
2458498.1986406 11.02 0.14
2458498.1989878 10.95 0.13
2458498.1993350 10.93 0.13
2458498.2000295 11.01 0.14
2458498.2002031 10.96 0.14
2458498.2003767 10.98 0.14
2458498.2015920 11.04 0.14
2458498.2017656 10.93 0.13
2458498.2021128 11.15 0.16
2458498.2022864 10.90 0.13
2458498.2036753 11.02 0.14
2458498.2038489 11.08 0.15
2458498.2054114 11.13 0.15
2458498.2062795 10.96 0.13
2458498.2064531 11.09 0.15
2458498.2066267 10.98 0.14
2458498.2069739 11.16 0.16
2458498.2080169 10.98 0.14
2458498.2090576 11.00 0.14
2458498.2094045 11.15 0.16
2458498.2097517 11.02 0.14
2458498.2102725 10.98 0.13
2458498.2106197 10.96 0.13
2458498.2113142 10.99 0.13
2458498.2116614 11.19 0.16
2458498.2120086 10.97 0.13
2458498.2135711 11.11 0.15
2458498.2144392 11.05 0.14
2458498.2147864 11.02 0.14
2458498.2151336 11.09 0.15
2458498.2154809 11.22 0.17
2458498.2158281 11.07 0.15
2458498.2160017 11.05 0.14
2458498.2161753 11.02 0.14
2458498.2163489 11.22 0.16
2458498.2165225 11.04 0.14
2458498.2173906 11.17 0.16
2458498.2175642 11.10 0.15
2458498.2179114 11.05 0.14
2458498.2180850 11.19 0.16
2458498.2184322 10.90 0.12
2458498.2186059 11.07 0.14
2458498.2191267 11.07 0.15
2458498.2193003 11.07 0.14
2458498.2194739 11.12 0.15
2458498.2196475 11.14 0.15
2458498.2198225 10.95 0.13
2458498.2201694 11.20 0.16
2458498.2203429 10.93 0.13
2458498.2206898 10.91 0.12
2458498.2210366 11.13 0.15
2458498.2219045 11.21 0.17
2458498.2220781 10.94 0.13
2458498.2222517 11.02 0.14
2458498.2227725 10.98 0.13
2458498.2229461 11.18 0.16
2458498.2234670 11.04 0.14
2458498.2236406 11.08 0.14
2458498.2238142 10.89 0.12
2458498.2239878 11.06 0.14
2458498.2241614 11.11 0.15
2458498.2245086 11.05 0.14
2458498.2246822 11.12 0.15
2458498.2248559 11.16 0.15
2458498.2250295 11.21 0.16
2458498.2253767 11.12 0.15
2458498.2255503 11.11 0.15
2458498.2257239 11.19 0.16
2458498.2260711 10.98 0.13
2458498.2262447 11.08 0.14
2458498.2264184 11.17 0.15
2458498.2265920 11.18 0.16
2458498.2271128 10.97 0.13
2458498.2274600 11.06 0.14
2458498.2276336 11.10 0.15
2458498.2278073 10.97 0.13
2458498.2279809 11.01 0.13
2458498.2281545 11.14 0.15
2458498.2283281 11.01 0.14
2458498.2285017 11.04 0.14
2458498.2286753 10.94 0.13
2458498.2291961 10.97 0.13
2458498.2295434 11.03 0.14
2458498.2300642 11.14 0.15
2458498.2302378 10.97 0.13
2458498.2304114 11.07 0.14
2458498.2305850 11.18 0.16
2458498.2309322 11.10 0.15
2458498.2311059 11.04 0.14
2458498.2312795 11.11 0.15
2458498.2314531 11.08 0.14
2458498.2318016 11.04 0.14
2458498.2321485 10.96 0.13
2458498.2326688 11.03 0.14
2458498.2330157 10.97 0.13
2458498.2338836 11.04 0.14
2458498.2340572 11.04 0.14
2458498.2342309 10.98 0.14
2458498.2344045 11.03 0.14
2458498.2347517 11.14 0.16
2458498.2349253 11.02 0.14
2458498.2350989 11.06 0.15
2458498.2352725 11.03 0.14
2458498.2354461 11.00 0.14
2458498.2359670 10.90 0.13
2458498.2364878 11.04 0.14
2458498.2387447 10.94 0.13
2458498.2389184 11.01 0.14
2458498.2390920 11.01 0.14
2458498.2394392 11.13 0.16
2458498.2403072 11.25 0.18
2458498.2408281 11.04 0.15
2458498.2410017 10.95 0.13
2458498.2413489 11.04 0.14
2458498.2420434 10.99 0.14
2458498.2429114 10.91 0.13
2458498.2436073 11.10 0.15
2458498.2443010 11.09 0.15
2458498.2444745 11.04 0.15
2458498.2449948 11.06 0.15
2458498.2451684 11.03 0.14
2458498.2453420 11.17 0.16
2458498.2455156 11.02 0.14
2458498.2456892 10.89 0.13
2458498.2470781 11.04 0.15
2458498.2474253 11.08 0.15
2458498.2477725 11.04 0.15
2458498.2479461 11.10 0.15
2458498.2481197 11.14 0.16
2458498.2484670 11.03 0.14
2458498.2488142 11.00 0.14
2458498.2491614 11.05 0.15
2458498.2493350 11.00 0.14
2458498.2496822 10.88 0.13
2458498.2498559 11.10 0.15
2458498.2512448 11.07 0.16
2458498.2521128 11.03 0.15
2458498.2522864 11.15 0.17
2458498.2547170 11.18 0.17
2458498.2550642 11.17 0.17
2458498.2554114 11.07 0.16
2458498.2555863 10.96 0.14
2458498.2557598 10.83 0.13
2458498.2559332 11.01 0.15
2458498.2562801 11.04 0.15
2458498.2568004 11.08 0.16
2458498.2569739 10.97 0.14
2458498.2573211 11.06 0.15
2458498.2576684 11.00 0.14
2458498.2578420 11.08 0.15
2458498.2592309 11.03 0.15
2458498.2600989 11.08 0.16
2458498.2602725 10.88 0.13
2458498.2606198 11.05 0.15
2458498.2613142 10.75 0.11
2458498.2614878 11.07 0.16
2458498.2618350 10.97 0.14
2458498.2627031 11.19 0.14
2458498.2628767 11.15 0.13
2458498.2630503 10.96 0.11
2458498.2632239 11.06 0.13
2458498.2633975 10.92 0.11
2458498.2635711 11.14 0.13
2458498.2639184 10.92 0.11
2458498.2640920 11.06 0.13
2458498.2642656 11.04 0.12
2458498.2646128 11.09 0.13
2458498.2649600 11.07 0.13
2458498.2653072 10.95 0.12
2458498.2654809 11.10 0.14
2458498.2656545 11.04 0.13
2458498.2661753 11.12 0.13
2458498.2663489 10.91 0.11
2458498.2665225 11.11 0.13
2458498.2666961 11.02 0.12
2458498.2668698 11.13 0.14
2458498.2670434 11.12 0.13
2458498.2672170 11.05 0.13
2458498.2673906 11.23 0.15
2458498.2675655 11.00 0.12
2458498.2679124 11.01 0.12
2458498.2680858 11.05 0.13
2458498.2682593 11.03 0.12
2458498.2684327 11.10 0.13
2458498.2687796 11.15 0.14
2458498.2691267 11.04 0.12
2458498.2693003 11.21 0.14
2458498.2694739 10.92 0.11
2458498.2696475 11.11 0.13
2458498.2699947 11.01 0.12
2458498.2705156 11.05 0.12
2458498.2708628 11.04 0.12
2458498.2710364 11.35 0.16
2458498.2713836 11.07 0.13
2458498.2715572 11.02 0.12
2458498.2717309 11.14 0.14
2458498.2719045 11.20 0.14
2458498.2720781 10.94 0.11
2458498.2722517 11.20 0.14
2458498.2724253 10.89 0.11
2458498.2725989 11.14 0.13
2458498.2727725 11.05 0.12
2458498.2729461 11.16 0.14
2458498.2731197 11.13 0.13
2458498.2732934 11.14 0.13
2458498.2734670 11.04 0.12
2458498.2736406 10.93 0.11
2458498.2738142 11.07 0.12
2458498.2739878 11.07 0.12
2458498.2741614 11.12 0.13
2458498.2743350 11.09 0.13
2458498.2746823 10.90 0.11
2458498.2748559 11.09 0.13
2458498.2750295 11.17 0.14
2458498.2752031 11.08 0.13
2458498.2753767 11.16 0.14
2458498.2755503 11.00 0.12
2458498.2757239 11.05 0.12
2458498.2758975 11.05 0.12
2458498.2760711 10.99 0.12
2458498.2762448 11.06 0.12
2458498.2764184 11.01 0.12
2458498.2765920 10.94 0.11
2458498.2767656 11.00 0.12
2458498.2769392 11.18 0.14
2458498.2771128 11.02 0.12
2458498.2774600 10.98 0.12
2458498.2778072 11.00 0.12
2458498.2779809 11.07 0.13
2458498.2781545 11.02 0.12
2458498.2783281 10.84 0.10
2458498.2785017 11.05 0.13
2458498.2786753 11.10 0.13
2458498.2788489 11.26 0.15
2458498.2791961 11.22 0.15
2458498.2797182 11.09 0.13
2458498.2800651 11.02 0.12
2458498.2802385 11.01 0.12
2458498.2809323 11.07 0.13
2458498.2811059 11.03 0.12
2458498.2812795 11.04 0.12
2458498.2814531 10.89 0.11
2458498.2816267 11.03 0.12
2458498.2818003 10.92 0.11
2458498.2819739 11.21 0.14
2458498.2821475 11.13 0.14
2458498.2823211 11.21 0.15
2458498.2824948 11.27 0.16
2458498.2833628 10.99 0.12
2458498.2835364 11.23 0.15
2458498.2837100 11.13 0.14
2458498.2838836 11.08 0.13
2458498.2842309 11.14 0.14
2458498.2844045 11.13 0.13
2458498.2845781 11.09 0.13
2458498.2847517 11.22 0.15
2458498.2849253 11.09 0.13
2458498.2850989 11.16 0.14
2458498.2852725 11.11 0.13
2458498.2854461 11.11 0.13
2458498.2857934 11.22 0.15
2458498.2859670 11.13 0.14
2458498.2861406 10.96 0.12
2458498.2863142 11.18 0.14
2458498.2864878 11.02 0.12
2458498.2868350 11.15 0.14
2458498.2870086 11.01 0.12
2458498.2871822 11.06 0.13
2458498.2873559 11.21 0.15
2458498.2875295 11.01 0.12
2458498.2877031 11.22 0.15
2458498.2878767 11.13 0.14
2458498.2880503 11.28 0.16
2458498.2882239 11.17 0.14
2458498.2883975 11.15 0.14
2458498.2885711 11.17 0.14
2458498.2887447 11.13 0.14
2458498.2889184 11.19 0.14
2458498.2892656 11.24 0.15
2458498.2894392 11.25 0.15
2458498.2896128 11.11 0.13
2458498.2897864 11.03 0.12
2458498.2901336 11.20 0.15
2458498.2903073 11.35 0.17
2458498.2904809 11.08 0.13
2458498.2906545 11.26 0.15
2458498.2908281 11.16 0.14
2458498.2910017 11.19 0.14
2458498.2913489 11.19 0.14
2458498.2915239 11.01 0.12
2458498.2916974 11.26 0.16
2458498.2918708 11.04 0.13
2458498.2920443 11.14 0.14
2458498.2923912 11.25 0.16
2458498.2925646 11.07 0.13
2458498.2930850 11.15 0.14
2458498.2932586 11.00 0.12
2458498.2941267 11.10 0.14
2458498.2943003 11.16 0.14
2458498.2948211 11.19 0.15
2458498.2949947 11.14 0.15
2458498.2951684 11.19 0.15
2458498.2958628 11.04 0.13
2458498.2962100 11.23 0.15
2458498.2963836 11.14 0.14
2458498.2965572 11.12 0.14
2458498.2969045 11.16 0.14
2458498.2972517 11.17 0.14
2458498.2974253 10.99 0.12
2458498.2975989 11.06 0.13
2458498.2977725 11.02 0.13
2458498.2979461 11.04 0.13
2458498.2984670 11.15 0.14
2458498.2988142 11.00 0.12
2458498.2991614 10.95 0.12
2458498.2993350 11.02 0.13
2458498.2996823 11.01 0.13
2458498.2998559 11.02 0.13
2458498.3000295 10.99 0.12
2458498.3002031 11.00 0.12
2458498.3005503 11.10 0.14
2458498.3007239 11.06 0.13
2458498.3008975 10.98 0.12
2458498.3010711 11.12 0.14
2458498.3012447 10.88 0.11
2458498.3014184 11.10 0.14
2458498.3015920 11.20 0.15
2458498.3017656 11.29 0.16
2458498.3019392 11.11 0.13
2458498.3022864 11.14 0.14
2458498.3026336 10.94 0.12
2458498.3028072 11.19 0.14
2458498.3031545 11.14 0.14
2458498.3033281 11.14 0.14
2458498.3036766 11.22 0.15
2458498.3038500 11.10 0.13
2458498.3040235 11.13 0.14
2458498.3041969 10.97 0.12
2458498.3045438 10.99 0.12
2458498.3047172 11.12 0.13
2458498.3050642 11.21 0.15
2458498.3052378 11.17 0.14
2458498.3061059 11.11 0.14
2458498.3064531 11.26 0.16
2458498.3068003 11.25 0.16
2458498.3069739 11.18 0.15
2458498.3071475 11.23 0.15
2458498.3073211 11.14 0.14
2458498.3078420 11.14 0.14
2458498.3090572 10.99 0.12
2458498.3092309 10.99 0.12
2458498.3094045 11.20 0.15
2458498.3095781 11.06 0.13
2458498.3097517 11.01 0.13
2458498.3100989 11.11 0.14
2458498.3104461 11.25 0.16
2458498.3106197 11.22 0.15
2458498.3107934 11.06 0.13
2458498.3118350 11.19 0.15
2458498.3121822 11.16 0.14
2458498.3125295 11.13 0.14
2458498.3133975 11.13 0.14
2458498.3140920 11.20 0.15
2458498.3149600 11.04 0.13
2458498.3153073 11.22 0.15
2458498.3154809 10.89 0.11
2458498.3156558 11.13 0.14
2458498.3161761 10.97 0.12
2458498.3163496 11.10 0.14
2458498.3165230 11.08 0.14
2458498.3168699 11.18 0.15
2458498.3175642 10.99 0.13
2458498.3177378 11.18 0.15
2458500.2408049 10.68 0.12
2458500.2470549 10.91 0.14
2458500.2546938 10.90 0.14
2458500.2562563 10.87 0.14
2458500.2569515 11.02 0.16
2458500.2572984 10.92 0.14
2458500.2576453 11.00 0.16
2458500.2593813 10.99 0.15
2458500.2605966 10.95 0.14
2458500.2607702 10.97 0.15
2458500.2614647 10.82 0.13
2458500.2619855 10.93 0.14
2458500.2628535 10.94 0.14
2458500.2630272 11.03 0.15
2458500.2632008 11.11 0.17
2458500.2633744 11.08 0.16
2458500.2635480 10.92 0.14
2458500.2637216 11.14 0.17
2458500.2638952 11.04 0.15
2458500.2640688 10.85 0.13
2458500.2658049 10.99 0.14
2458500.2664994 10.81 0.12
2458500.2671938 11.06 0.15
2458500.2675410 10.97 0.14
2458500.2677147 11.06 0.15
2458500.2678883 10.90 0.13
2458500.2685839 11.05 0.15
2458500.2708397 10.99 0.15
2458500.2711869 10.96 0.14
2458500.2715341 10.97 0.14
2458500.2753535 10.92 0.14
2458500.2760480 11.03 0.15
2458500.2765688 11.10 0.16
2458500.2770897 11.07 0.15
2458500.2776105 11.05 0.15
2458500.2777841 10.97 0.14
2458500.2795202 11.06 0.15
2458500.2803896 10.83 0.13
2458500.2807365 11.01 0.15
2458500.2810834 11.04 0.15
2458500.2819508 10.91 0.13
2458500.2833397 10.85 0.13
2458500.2854230 11.06 0.15
2458500.2855966 11.05 0.15
2458500.2859438 10.97 0.14
2458500.2864647 10.97 0.14
2458500.2878535 10.90 0.14
2458500.2880272 10.90 0.13
2458500.2906313 11.03 0.14
2458500.2911522 10.95 0.13
2458500.2916730 11.12 0.15
2458500.2921938 11.12 0.15
2458500.2932360 11.06 0.14