2458467.3670250 10.82 0.12
2458467.3706709 10.56 0.10
2458467.3757067 10.68 0.11
2458467.3767473 10.77 0.12
2458467.3772681 10.60 0.10
2458467.3776153 10.68 0.11
2458467.3779625 10.68 0.11
2458467.3795250 10.82 0.13
2458467.3807403 10.74 0.12
2458467.3836917 10.78 0.12
2458467.3838653 10.71 0.11
2458467.3843861 10.63 0.11
2458467.3849070 10.81 0.13
2458467.3850806 10.98 0.15
2458467.3868167 10.70 0.11
2458467.3887264 10.72 0.12
2458467.3892473 10.61 0.10
2458467.3899417 10.73 0.12
2458467.3906361 10.72 0.12
2458467.3939347 10.77 0.12
2458467.3994914 10.81 0.13
2458467.3996649 10.78 0.12
2458467.4012264 10.68 0.11
2458467.4031361 10.47 0.09
2458467.4036570 10.70 0.12
2458467.4052195 10.71 0.12
2458467.4095597 10.64 0.11
2458467.4097334 10.75 0.12
2458467.4112971 10.58 0.11
2458467.4161570 10.67 0.11
2458467.4165042 10.51 0.10
2458467.4178931 10.55 0.10
2458469.3667865 10.75 0.09
2458469.3670135 10.68 0.08
2458469.3671871 10.91 0.10
2458469.3673607 10.69 0.08
2458469.3675343 10.65 0.08
2458469.3677079 10.65 0.08
2458469.3678815 10.74 0.09
2458469.3680551 10.73 0.09
2458469.3682287 10.80 0.09
2458469.3684023 10.52 0.07
2458469.3685760 10.75 0.09
2458469.3687496 10.78 0.09
2458469.3689232 10.62 0.08
2458469.3690968 10.60 0.08
2458469.3692704 10.71 0.08
2458469.3694440 10.63 0.08
2458469.3696176 10.64 0.08
2458469.3697912 10.80 0.09
2458469.3699648 10.77 0.09
2458469.3703121 10.76 0.09
2458469.3704857 10.73 0.09
2458469.3706593 10.72 0.09
2458469.3708329 10.71 0.08
2458469.3710065 10.73 0.08
2458469.3711801 10.65 0.08
2458469.3713537 10.73 0.08
2458469.3715273 10.54 0.07
2458469.3717009 10.65 0.08
2458469.3718746 10.59 0.08
2458469.3720482 10.69 0.08
2458469.3722218 10.73 0.09
2458469.3723954 10.60 0.07
2458469.3725690 10.88 0.10
2458469.3727426 10.57 0.07
2458469.3729162 10.59 0.07
2458469.3730898 10.69 0.08
2458469.3732635 10.63 0.08
2458469.3734371 10.65 0.08
2458469.3736107 10.76 0.09
2458469.3737843 10.82 0.09
2458469.3739579 10.63 0.08
2458469.3741315 10.87 0.10
2458469.3743051 10.71 0.08
2458469.3744787 10.73 0.09
2458469.3746524 10.57 0.07
2458469.3748260 10.67 0.08
2458469.3749996 10.65 0.08
2458469.3751732 10.71 0.08
2458469.3753468 10.74 0.09
2458469.3755204 10.71 0.08
2458469.3756940 10.75 0.09
2458469.3758676 10.69 0.08
2458469.3760425 10.71 0.08
2458469.3762159 10.58 0.07
2458469.3763894 10.64 0.08
2458469.3765628 10.70 0.08
2458469.3767363 10.80 0.09
2458469.3769097 10.58 0.07
2458469.3770832 10.58 0.07
2458469.3772566 10.58 0.07
2458469.3774301 10.66 0.08
2458469.3776037 10.59 0.07
2458469.3777773 10.69 0.08
2458469.3779510 10.65 0.08
2458469.3781246 10.70 0.08
2458469.3782982 10.71 0.08
2458469.3784718 10.84 0.09
2458469.3786454 10.63 0.08
2458488.3054579 10.72 0.11
2458488.3056316 10.73 0.11
2458488.3066732 10.82 0.12
2458488.3071941 10.67 0.10
2458488.3073677 10.62 0.10
2458488.3078885 10.54 0.09
2458488.3150066 10.89 0.13
2458488.3167427 10.88 0.13
2458488.3196941 10.52 0.09
2458488.3200413 10.73 0.11
2458488.3217783 10.50 0.09
2458488.3228191 10.64 0.10
2458488.3229927 10.74 0.11
2458488.3238607 10.64 0.11
2458488.3250760 10.58 0.10
2458488.3252496 10.72 0.11
2458488.3290691 10.64 0.10
2458488.3306316 10.59 0.10
2458488.3309788 10.82 0.12
2458488.3365344 10.50 0.09
2458488.3374024 10.50 0.09
2458488.3419163 10.75 0.12
2458488.3422635 10.47 0.09
2458488.3424371 10.73 0.12
2458488.3426107 10.65 0.11
2458488.3469510 10.64 0.11
2458488.3526802 10.87 0.13
2458488.3533746 10.87 0.13
2458488.3542427 10.75 0.12
2458488.3608399 10.77 0.12
2458488.3629232 10.72 0.12
2458488.3657010 10.58 0.10
2458488.3658746 10.71 0.12
2458488.3660482 10.75 0.12
2458488.3663955 10.56 0.10
2458488.3672635 10.75 0.12
2458488.3674371 10.70 0.11
2458488.3681316 10.80 0.12
2458488.3683052 10.70 0.11
2458488.3688260 10.72 0.12
2458488.3691744 10.80 0.13
2458488.3696948 10.72 0.12
2458488.3702150 10.91 0.14
2458488.3703885 10.73 0.12
2458488.3710830 10.66 0.11
2458488.3712566 10.63 0.11
2458488.3714302 10.68 0.11
2458488.3728191 10.69 0.11
2458493.2526684 10.77 0.11
2458493.2528420 10.52 0.09
2458493.2531892 10.66 0.10
2458493.2533628 10.54 0.09
2458493.2538836 10.48 0.08
2458493.2550993 10.69 0.10
2458493.2557934 10.51 0.09
2458493.2571823 10.77 0.11
2458493.2583975 10.57 0.09
2458493.2585711 10.55 0.09
2458493.2601336 10.69 0.10
2458493.2610017 10.91 0.12
2458493.2611753 10.59 0.09
2458493.2613489 10.64 0.10
2458493.2625642 10.74 0.10
2458493.2627378 10.60 0.09
2458493.2634323 10.82 0.11
2458493.2646475 10.52 0.09
2458493.2651684 10.63 0.09
2458493.2658628 10.73 0.10
2458493.2662112 10.72 0.10
2458493.2665581 10.56 0.09
2458493.2667316 10.58 0.09
2458493.2674253 10.61 0.09
2458493.2682934 10.66 0.10
2458493.2686406 10.65 0.10
2458493.2688142 10.53 0.09
2458493.2691614 10.66 0.10
2458493.2698559 10.63 0.09
2458493.2700295 10.55 0.09
2458493.2703767 10.64 0.09
2458493.2705503 10.62 0.09
2458493.2719392 10.68 0.10
2458493.2722864 10.69 0.10
2458493.2724600 10.58 0.09
2458493.2726336 10.57 0.09
2458493.2729809 10.62 0.09
2458493.2735017 10.73 0.10
2458493.2747170 10.55 0.09
2458493.2750642 10.85 0.12
2458493.2759322 10.64 0.09
2458493.2761059 10.68 0.10
2458493.2769739 10.63 0.09
2458493.2787107 10.65 0.10
2458493.2788841 10.56 0.09
2458493.2794045 10.75 0.11
2458493.2799253 10.67 0.10
2458493.2828767 10.69 0.10
2458493.2832239 10.61 0.09
2458493.2833975 10.73 0.10
2458493.2839184 10.69 0.10
2458493.2854809 10.59 0.09
2458493.2860017 10.71 0.10
2458493.2866961 10.66 0.10
2458493.2870434 10.60 0.09
2458493.2873906 10.78 0.11
2458493.2875642 10.60 0.09
2458493.2877378 10.38 0.08
2458493.2896475 10.64 0.10
2458493.2899961 10.57 0.09
2458493.2917309 10.69 0.10
2458493.2919045 10.59 0.09
2458493.2924253 10.58 0.09
2458493.2925989 10.67 0.10
2458493.2927725 10.60 0.09
2458493.2929461 10.62 0.09
2458493.2931197 10.58 0.09
2458493.2932934 10.61 0.09
2458493.2934670 10.69 0.10
2458493.2936406 10.57 0.09
2458493.2938142 10.65 0.10
2458493.2941614 10.64 0.10
2458493.2948559 10.66 0.10
2458493.2955503 10.58 0.09
2458493.2957239 10.59 0.09
2458493.2960711 10.46 0.08
2458493.2965920 10.68 0.10
2458493.2967656 10.55 0.09
2458493.2972864 10.63 0.10
2458493.2974600 10.46 0.08
2458493.2979809 10.59 0.09
2458493.2981545 10.69 0.10
2458493.2985017 10.56 0.09
2458493.2990225 10.77 0.11
2458493.2991961 10.52 0.09
2458493.2993697 10.57 0.09
2458493.2995434 10.79 0.11
2458493.3000642 10.64 0.10
2458493.3007586 10.54 0.09
2458493.3018931 10.51 0.09
2458493.3021591 10.64 0.10
2458493.3023327 10.60 0.09
2458493.3025063 10.49 0.08
2458493.3026799 10.60 0.09
2458493.3028536 10.74 0.11
2458493.3040688 10.63 0.10
2458493.3049369 10.73 0.10
2458493.3051105 10.69 0.10
2458493.3052841 10.55 0.09
2458493.3064994 10.62 0.09
2458493.3068466 10.66 0.10
2458493.3070202 10.73 0.10
2458493.3071938 10.67 0.10
2458493.3073674 10.55 0.09
2458493.3077147 10.53 0.08
2458493.3078883 10.73 0.10
2458493.3091036 10.78 0.11
2458493.3096244 10.69 0.10
2458493.3125767 10.56 0.09
2458493.3129236 10.54 0.09
2458493.3136174 10.69 0.10
2458493.3137910 10.78 0.11
2458493.3146591 10.55 0.09
2458493.3148327 10.68 0.10
2458493.3155272 10.59 0.09
2458493.3157008 10.56 0.09
2458493.3162216 10.61 0.09
2458493.3165688 10.82 0.11
2458493.3174369 10.61 0.09
2458493.3184786 10.53 0.09
2458493.3188258 10.68 0.10
2458493.3191730 10.91 0.12
2458493.3196938 10.65 0.09
2458493.3209091 10.84 0.11
2458493.3210827 10.66 0.10
2458493.3216035 10.66 0.10
2458493.3226452 10.88 0.12
2458493.3243824 10.58 0.09
2458493.3245559 10.72 0.10
2458493.3250762 10.74 0.10
2458493.3257702 10.60 0.09
2458493.3259438 10.63 0.09
2458493.3268119 10.54 0.08
2458493.3275063 10.69 0.10
2458493.3276799 10.69 0.10
2458493.3282008 10.55 0.09
2458493.3283744 10.66 0.09
2458493.3301105 10.63 0.09
2458493.3309785 10.62 0.09
2458493.3314994 10.66 0.09
2458493.3320202 10.68 0.10
2458493.3321938 10.63 0.09
2458493.3323674 10.73 0.10
2458493.3330619 10.66 0.09
2458493.3332355 10.78 0.11
2458493.3334091 10.71 0.10
2458493.3335827 10.77 0.10
2458493.3337563 10.77 0.10
2458493.3339299 10.68 0.10
2458493.3342772 10.74 0.10
2458493.3344508 10.61 0.09
2458493.3349716 10.67 0.10
2458493.3354924 10.69 0.10
2458493.3360133 10.63 0.09
2458493.3361882 10.66 0.09
2458493.3375758 10.83 0.11
2458493.3379230 10.53 0.08
2458493.3384438 10.65 0.09
2458493.3386174 10.73 0.10
2458493.3389647 10.67 0.10
2458493.3410480 10.64 0.09
2458493.3417424 10.55 0.09
2458493.3420897 10.69 0.10
2458493.3426105 10.46 0.08
2458493.3431313 10.64 0.09
2458493.3436522 10.59 0.09
2458493.3439994 10.49 0.08
2458493.3448674 10.67 0.10
2458493.3453883 10.67 0.10
2458493.3467772 10.79 0.11
2458493.3474716 10.68 0.10
2458493.3476452 10.56 0.09
2458493.3485142 10.58 0.09
2458493.3486876 10.70 0.10
2458493.3490345 10.69 0.10
2458493.3493814 10.56 0.09
2458493.3497286 10.60 0.09
2458493.3502494 10.67 0.10
2458493.3519855 10.46 0.08
2458493.3521591 10.64 0.10
2458493.3523327 10.75 0.10
2458493.3540688 10.72 0.10
2458493.3554577 10.59 0.09
2458493.3568466 10.63 0.09
2458493.3592772 10.64 0.09
2458493.3594508 10.65 0.10
2458493.3597980 10.56 0.09
2458493.3601465 10.75 0.10
2458493.3606668 10.75 0.10
2458493.3613606 10.69 0.10
2458493.3617077 10.73 0.10
2458493.3622285 10.78 0.11
2458493.3624022 10.58 0.09
2458493.3625758 10.51 0.08
2458493.3629230 10.55 0.09
2458493.3634438 10.52 0.09
2458493.3637911 10.72 0.10
2458493.3648327 10.76 0.11
2458493.3651799 10.57 0.09
2458493.3655272 10.66 0.10
2458493.3663952 10.65 0.10
2458493.3669161 10.65 0.10
2458493.3684785 10.65 0.10
2458493.3689994 10.50 0.08
2458493.3702147 10.57 0.09
2458493.3703883 10.68 0.10
2458493.3705619 10.58 0.09
2458493.3709091 10.56 0.09
2458493.3714299 10.77 0.11
2458493.3736869 10.66 0.10
2458493.3745549 10.55 0.09
2458493.3752494 10.52 0.09
2458493.3754230 10.66 0.10
2458493.3762910 10.76 0.11
2458493.3766383 10.68 0.10
2458493.3785480 10.60 0.09
2458493.3792424 10.75 0.11
2458493.3806313 10.74 0.11
2458493.3809786 10.63 0.10
2458493.3814994 10.73 0.10
2458493.3820202 10.59 0.09
2458493.3821938 10.75 0.11
2458493.3823674 10.73 0.11
2458493.3827147 10.55 0.09
2458493.3837563 10.86 0.12
2458493.3842782 10.68 0.10
2458493.3844517 10.77 0.11
2458493.3853189 10.55 0.09
2458493.3860133 10.68 0.10
2458493.3861869 10.61 0.10
2458493.3867077 10.60 0.09
2458493.3874022 10.71 0.10
2458493.3877494 10.80 0.11
2458493.3879230 10.70 0.10
2458493.3886174 10.75 0.11
2458493.3893119 10.83 0.12
2458493.3894855 10.78 0.11
2458493.3898327 10.57 0.09
2458493.3908744 10.77 0.11
2458493.3934785 10.88 0.12
2458493.3939994 10.61 0.10
2458493.3945202 10.71 0.11
2458493.3946938 10.76 0.11
2458493.3953883 10.98 0.14
2458493.3955619 10.68 0.10
2458493.3976452 10.80 0.12
2458493.3988605 10.71 0.11
2458493.3993813 10.57 0.09
2458493.4014647 10.70 0.11
2458493.4016383 10.63 0.10
2458493.4042424 10.74 0.11
2458493.4064994 10.72 0.11
2458493.4084099 10.78 0.12
2458493.4085833 10.63 0.10
2458493.4091037 10.70 0.11
2458493.4104924 10.83 0.12
2458493.4108397 10.58 0.10
2458493.4113605 10.79 0.12
2458493.4120549 10.72 0.11
2458493.4124022 10.94 0.14
2458493.4129230 10.73 0.11
2458493.4143119 10.57 0.10
2458493.4157008 11.02 0.15
2458493.4158744 10.58 0.10
2458494.3448211 10.49 0.15
2458494.3456892 10.43 0.12
2458494.3458628 10.64 0.14
2458494.3463836 10.69 0.14
2458494.3467309 10.65 0.14
2458494.3484670 10.63 0.14
2458494.3489878 10.74 0.15
2458494.3496822 10.57 0.13
2458494.3498559 10.63 0.14
2458494.3500295 10.51 0.13
2458494.3507239 10.65 0.14
2458494.3510711 10.65 0.15
2458494.3512447 10.63 0.14
2458494.3515920 10.52 0.14
2458494.3522864 10.71 0.16
2458494.3526336 10.48 0.13
2458494.3529809 10.70 0.16
2458494.3533281 10.59 0.14
2458494.3535031 10.61 0.15
2458494.3536765 10.64 0.15
2458494.3540234 10.67 0.15
2458494.3576684 10.36 0.15
2458495.1347646 10.45 0.13
2458495.1363258 10.59 0.15
2458495.1384091 10.66 0.15
2458495.1385827 10.32 0.11
2458495.1389299 10.54 0.14
2458495.1396244 10.58 0.14
2458495.1401452 10.52 0.14
2458495.1403188 10.59 0.15
2458495.1413605 10.46 0.13
2458495.1415341 10.65 0.15
2458495.1427494 10.57 0.14
2458495.1434438 10.39 0.12
2458495.1437911 10.69 0.16
2458495.1439647 10.62 0.15
2458495.1444855 10.65 0.15
2458495.1451799 10.57 0.14
2458495.1463952 10.62 0.15
2458495.1472641 10.49 0.13
2458495.1476110 10.59 0.14
2458495.1496938 10.64 0.15
2458495.1517772 10.50 0.13
2458495.1519508 10.60 0.15
2458495.1521244 10.54 0.14
2458495.1526452 10.53 0.14
2458495.1543813 10.68 0.16
2458495.1555966 10.67 0.15
2458495.1562911 10.61 0.14
2458495.1566383 10.52 0.13
2458495.1568119 10.64 0.15
2458495.1571591 10.64 0.15
2458495.1573327 10.68 0.15
2458495.1575063 10.57 0.14
2458495.1576799 10.57 0.14
2458495.1578536 10.68 0.15
2458495.1580272 10.64 0.15
2458495.1582008 10.47 0.13
2458495.1585480 10.58 0.14
2458495.1588964 10.67 0.15
2458495.1590699 10.76 0.16
2458495.1592433 10.58 0.14
2458495.1594167 10.65 0.15
2458495.1628883 10.62 0.15
2458495.1634091 10.65 0.15
2458495.1635827 10.65 0.15
2458495.1637563 10.60 0.14
2458495.1647980 10.53 0.13
2458495.1658397 10.62 0.14
2458495.1660133 10.57 0.14
2458495.1665341 10.65 0.15
2458495.1667077 10.51 0.13
2458495.1686174 10.63 0.14
2458495.1693119 10.58 0.14
2458495.1703535 10.67 0.15
2458495.1710491 10.68 0.15
2458495.1713960 10.73 0.16
2458495.1715694 10.67 0.15
2458495.1733049 10.80 0.17
2458495.1748674 10.72 0.15
2458495.1755619 10.59 0.14
2458495.1762563 10.61 0.14
2458495.1771244 10.73 0.15
2458495.1774716 10.62 0.14
2458495.1778188 10.76 0.16
2458495.1785133 10.65 0.14
2458495.1786869 10.80 0.16
2458495.1797286 10.57 0.13
2458495.1828548 10.60 0.14
2458495.1832017 10.62 0.14
2458495.1835486 10.66 0.14
2458495.1837221 10.69 0.15
2458495.1842424 10.80 0.16
2458495.1845897 10.78 0.16
2458495.1880619 10.44 0.12
2458495.1882355 10.60 0.13
2458495.1892772 10.69 0.14
2458495.1904924 10.71 0.15
2458495.1913605 10.76 0.15
2458495.1920549 10.59 0.13
2458495.1924022 10.78 0.16
2458495.1932702 10.79 0.16
2458495.1948340 10.63 0.13
2458495.1950075 10.74 0.15
2458495.1962216 10.73 0.15
2458495.1972633 10.72 0.15
2458495.1989994 10.81 0.16
2458495.2017772 10.67 0.14
2458495.2028188 10.65 0.14
2458495.2031661 10.47 0.12
2458495.2033397 10.76 0.15
2458495.2036869 10.80 0.16
2458495.2038605 10.80 0.16
2458495.2045549 10.68 0.14
2458495.2050758 10.73 0.15
2458495.2055966 10.70 0.15
2458495.2073336 10.64 0.14
2458495.2095897 10.75 0.15
2458495.2118466 10.66 0.14
2458495.2127147 10.66 0.14
2458495.2135827 10.79 0.16
2458495.2142772 10.68 0.14
2458495.2149716 10.61 0.13
2458495.2154924 10.62 0.13
2458495.2160133 10.69 0.14
2458495.2167077 10.74 0.15
2458495.2177494 10.81 0.16
2458495.2184438 10.72 0.14
2458495.2191393 10.90 0.17
2458495.2198331 10.60 0.13
2458495.2200065 10.69 0.14
2458495.2208744 10.52 0.12
2458495.2210480 10.95 0.18
2458495.2212216 10.71 0.14
2458495.2213952 10.79 0.15
2458495.2215688 10.82 0.16
2458495.2229577 10.69 0.14
2458495.2234785 10.74 0.15
2458495.2260827 10.69 0.14
2458495.2266036 10.76 0.15
2458495.2278188 10.62 0.13
2458495.2292077 10.69 0.14
2458495.2295549 10.78 0.15
2458495.2300758 10.82 0.16
2458495.2307716 10.56 0.12
2458495.2309450 10.76 0.15
2458495.2325063 10.75 0.14
2458495.2326799 10.60 0.13
2458495.2332008 10.76 0.15
2458495.2337216 10.75 0.15
2458495.2338952 10.58 0.12
2458495.2340688 10.79 0.15
2458495.2344161 10.80 0.15
2458495.2345897 10.65 0.13
2458495.2349369 10.80 0.15
2458495.2351105 10.63 0.13
2458495.2354577 10.79 0.15
2458495.2356313 10.62 0.13
2458495.2358049 10.79 0.15
2458495.2359785 10.79 0.15
2458495.2371938 10.71 0.14
2458495.2373674 10.75 0.14
2458495.2382355 10.70 0.14
2458495.2384091 10.61 0.12
2458495.2385827 10.63 0.13
2458495.2391035 10.73 0.14
2458495.2392772 10.65 0.13
2458495.2394508 10.66 0.13
2458495.2397980 10.82 0.15
2458495.2399716 10.62 0.13
2458495.2404924 10.74 0.14
2458495.2429242 10.77 0.15
2458495.2432711 10.75 0.14
2458495.2434445 10.75 0.14
2458495.2437914 10.83 0.15
2458495.2443119 10.62 0.13
2458495.2455272 10.70 0.14
2458495.2458744 10.75 0.14
2458495.2462216 10.51 0.12
2458495.2463952 10.67 0.13
2458495.2465688 10.70 0.14
2458495.2469160 10.65 0.13
2458495.2470897 10.83 0.15
2458495.2477841 10.68 0.13
2458495.2484785 10.60 0.12
2458495.2488258 10.76 0.14
2458495.2489994 10.79 0.15
2458495.2493466 10.64 0.13
2458495.2496938 10.59 0.12
2458495.2498674 10.66 0.13
2458495.2500411 10.71 0.14
2458495.2505619 10.66 0.13
2458495.2507355 10.62 0.13
2458495.2509091 10.64 0.13
2458495.2514299 10.74 0.14
2458495.2517772 10.69 0.13
2458495.2521244 10.77 0.15
2458495.2524716 10.61 0.13
2458495.2528188 10.55 0.12
2458495.2529924 10.74 0.14
2458495.2536869 10.69 0.13
2458495.2545549 10.72 0.14
2458495.2550769 10.79 0.15
2458495.2552503 10.69 0.14
2458495.2554238 10.66 0.13
2458495.2559441 10.68 0.13
2458495.2561175 10.90 0.16
2458495.2562910 10.83 0.15
2458495.2564647 10.70 0.13
2458495.2571591 10.78 0.14
2458495.2575063 10.66 0.13
2458495.2578536 10.73 0.14
2458495.2585480 10.66 0.13
2458495.2587216 10.61 0.12
2458495.2594161 10.72 0.13
2458495.2597633 10.77 0.14
2458495.2601105 10.67 0.13
2458495.2613258 10.61 0.12
2458495.2627147 10.68 0.13
2458495.2641035 10.70 0.13
2458495.2646244 10.63 0.13
2458495.2654924 10.71 0.13
2458495.2660133 10.73 0.14
2458495.2677498 10.85 0.15
2458495.2679233 10.84 0.15
2458495.2687911 10.82 0.15
2458495.2691383 10.65 0.13
2458495.2700063 10.64 0.12
2458495.2701799 10.79 0.14
2458495.2703535 10.55 0.12
2458495.2712216 10.76 0.14
2458495.2720897 10.66 0.13
2458495.2731313 10.78 0.14
2458495.2736522 10.68 0.13
2458495.2738258 10.79 0.14
2458495.2739994 10.57 0.12
2458495.2741730 10.67 0.13
2458495.2746938 10.61 0.12
2458495.2755619 10.66 0.13
2458495.2760827 10.73 0.14
2458495.2766036 10.86 0.15
2458495.2769508 10.74 0.14
2458495.2772980 10.78 0.14
2458495.2788618 10.65 0.12
2458495.2792087 10.62 0.12
2458495.2799025 10.70 0.13
2458495.2816383 10.62 0.12
2458495.2838952 10.76 0.14
2458495.2847633 10.58 0.11
2458495.2849369 10.69 0.13
2458495.2852841 10.68 0.13
2458495.2854577 10.70 0.13
2458495.2858049 10.58 0.12
2458495.2861522 10.69 0.13
2458495.2863258 10.73 0.13
2458495.2864994 10.65 0.12
2458495.2877147 10.66 0.13
2458495.2880619 10.76 0.14
2458495.2884091 10.61 0.12
2458495.2885827 10.77 0.14
2458495.2892772 10.88 0.15
2458495.2894508 10.76 0.14
2458495.2896244 10.60 0.12
2458495.2903188 10.84 0.15
2458495.2904924 10.66 0.13
2458495.2906661 10.81 0.14
2458495.2908410 10.75 0.14
2458495.2913614 10.63 0.12
2458495.2915348 10.75 0.14
2458495.2917083 10.80 0.14
2458495.2918817 10.77 0.14
2458495.2920551 10.78 0.14
2458495.2922286 10.75 0.14
2458495.2924022 10.64 0.12
2458495.2932702 10.65 0.12
2458495.2934438 10.51 0.11
2458495.2941383 10.61 0.12
2458495.2957008 10.69 0.13
2458495.2969160 10.79 0.14
2458495.2988258 10.63 0.12
2458495.2989994 10.70 0.13
2458495.2996938 10.74 0.13
2458495.3028202 10.65 0.12
2458495.3043813 10.78 0.14
2458495.3050758 10.66 0.13
2458495.3059438 10.60 0.12
2458495.3064647 10.75 0.14
2458495.3066383 10.85 0.15
2458495.3068119 10.52 0.11
2458495.3069855 10.91 0.16
2458495.3071591 10.78 0.14
2458495.3078536 10.62 0.12
2458495.3087216 10.63 0.12
2458495.3088952 10.76 0.14
2458495.3092424 10.68 0.13
2458495.3097633 10.71 0.13
2458495.3099369 10.58 0.12
2458495.3106313 10.64 0.12
2458495.3108049 10.70 0.13
2458495.3109785 10.66 0.12
2458495.3113258 10.55 0.11
2458495.3114994 10.85 0.15
2458495.3116730 10.46 0.10
2458495.3120202 10.59 0.12
2458495.3123674 10.56 0.11
2458495.3128883 10.60 0.12
2458495.3135827 10.55 0.11
2458495.3141036 10.67 0.12
2458495.3144508 10.65 0.12
2458495.3146244 10.75 0.14
2458495.3147980 10.77 0.14
2458498.1663489 10.78 0.14
2458498.1668707 10.95 0.16
2458498.1670441 10.88 0.15
2458498.1672176 10.71 0.13
2458498.1675645 10.72 0.13
2458498.1677379 10.83 0.15
2458498.1682586 10.69 0.13
2458498.1684322 10.70 0.13
2458498.1686059 10.62 0.12
2458498.1687795 10.73 0.13
2458498.1693003 10.69 0.12
2458498.1694739 10.76 0.13
2458498.1698211 10.76 0.13
2458498.1706892 10.80 0.14
2458498.1712100 10.83 0.14
2458498.1713836 10.79 0.14
2458498.1715572 10.83 0.14
2458498.1732934 10.87 0.14
2458498.1734670 10.81 0.14
2458498.1741614 10.76 0.13
2458498.1743350 10.77 0.13
2458498.1750295 10.84 0.14
2458498.1752031 10.65 0.12
2458498.1753767 10.69 0.12
2458498.1764184 10.82 0.13
2458498.1781545 10.78 0.13
2458498.1797170 10.81 0.13
2458498.1798906 10.76 0.12
2458498.1800642 10.82 0.13
2458498.1802378 10.82 0.13
2458498.1805850 10.88 0.14
2458498.1830156 10.60 0.11
2458498.1833628 10.80 0.13
2458498.1842309 10.71 0.12
2458498.1859670 10.71 0.12
2458498.1870086 10.54 0.10
2458498.1896128 10.79 0.13
2458498.1904809 10.73 0.12
2458498.1908281 10.84 0.13
2458498.1911753 10.85 0.13
2458498.1948211 10.78 0.12
2458498.1949947 10.74 0.12
2458498.1956892 10.79 0.12
2458498.1969050 10.73 0.11
2458498.1974253 10.74 0.12
2458498.1975989 10.77 0.12
2458498.1977725 10.49 0.09
2458498.1989878 10.72 0.11
2458498.2005503 10.81 0.12
2458498.2014184 10.80 0.12
2458498.2026336 10.82 0.12
2458498.2033281 10.72 0.11
2458498.2050642 10.70 0.11
2458498.2080169 10.82 0.12
2458498.2083638 10.64 0.10
2458498.2092310 10.81 0.12
2458498.2097517 10.52 0.09
2458498.2121823 10.55 0.09
2458498.2139184 10.77 0.11
2458498.2147864 11.02 0.14
2458498.2168697 10.77 0.12
2458498.2210366 10.63 0.10
2458498.2215573 10.89 0.13
2458498.2236406 10.81 0.11
2458498.2248559 10.54 0.09
2458498.2258975 10.66 0.10
2458498.2281545 10.78 0.11
2458498.2288489 10.76 0.11
2458498.2298906 10.89 0.12
2458498.2309322 10.85 0.12
2458498.2316267 10.61 0.10
2458498.2321485 10.88 0.12
2458498.2338836 10.67 0.10
2458498.2342309 10.79 0.12
2458498.2345781 10.53 0.09
2458498.2352725 10.79 0.12
2458498.2394392 10.88 0.13
2458498.2396128 10.81 0.12
2458498.2408281 10.79 0.12
2458498.2416961 10.87 0.13
2458498.2418697 10.85 0.13
2458498.2432586 10.73 0.11
2458498.2446479 10.75 0.11
2458498.2463836 10.73 0.11
2458498.2479461 10.55 0.10
2458498.2484670 10.86 0.13
2458498.2496822 11.07 0.15
2458498.2500295 10.90 0.13
2458498.2503767 10.81 0.12
2458498.2505503 10.72 0.11
2458498.2507239 10.63 0.11
2458498.2510711 10.78 0.12
2458498.2517656 10.80 0.12
2458498.2543697 10.92 0.14
2458498.2569739 10.66 0.11
2458498.2580156 10.77 0.12
2458498.2581892 10.94 0.14
2458498.2585364 10.74 0.12
2458498.2628767 10.58 0.08
2458498.2632239 10.79 0.10
2458498.2637447 10.63 0.09
2458498.2653072 10.63 0.09
2458498.2656545 10.69 0.09
2458498.2660017 10.50 0.08
2458498.2661753 10.71 0.10
2458498.2663489 10.66 0.09
2458498.2665225 10.66 0.09
2458498.2666961 10.71 0.09
2458498.2668698 10.64 0.09
2458498.2672170 10.66 0.09
2458498.2675655 10.68 0.09
2458498.2682593 10.67 0.09
2458498.2696475 10.69 0.09
2458498.2705156 10.75 0.10
2458498.2706892 10.67 0.09
2458498.2708628 10.74 0.10
2458498.2713836 10.67 0.09
2458498.2722517 10.66 0.09
2458498.2729461 10.70 0.09
2458498.2732934 10.75 0.10
2458498.2736406 10.81 0.10
2458498.2738142 10.68 0.09
2458498.2741614 10.70 0.09
2458498.2745086 10.65 0.09
2458498.2746823 10.54 0.08
2458498.2757239 10.59 0.08
2458498.2758975 10.70 0.09
2458498.2760711 10.78 0.10
2458498.2762448 10.67 0.09
2458498.2764184 10.49 0.08
2458498.2767656 10.71 0.09
2458498.2771128 10.76 0.10
2458498.2781545 10.57 0.08
2458498.2783281 10.56 0.08
2458498.2785017 10.55 0.08
2458498.2790225 10.64 0.09
2458498.2791961 10.63 0.09
2458498.2797182 10.52 0.08
2458498.2800651 10.61 0.09
2458498.2804120 10.51 0.08
2458498.2807589 10.59 0.09
2458498.2809323 10.56 0.08
2458498.2811059 10.67 0.09
2458498.2812795 10.69 0.09
2458498.2814531 10.66 0.09
2458498.2816267 10.53 0.08
2458498.2818003 10.69 0.09
2458498.2821475 10.64 0.09
2458498.2823211 10.69 0.09
2458498.2824948 10.69 0.09
2458498.2826684 10.55 0.08
2458498.2828420 10.58 0.09
2458498.2830156 10.73 0.10
2458498.2833628 10.59 0.08
2458498.2835364 10.75 0.10
2458498.2837100 10.84 0.11
2458498.2838836 10.67 0.09
2458498.2840573 10.57 0.08
2458498.2842309 10.67 0.09
2458498.2847517 10.87 0.11
2458498.2849253 10.55 0.08
2458498.2854461 10.67 0.09
2458498.2857934 10.88 0.11
2458498.2859670 10.65 0.09
2458498.2866614 10.74 0.10
2458498.2887447 10.65 0.09
2458498.2892656 10.69 0.09
2458498.2896128 10.53 0.08
2458498.2901336 10.61 0.09
2458498.2903073 10.63 0.09
2458498.2904809 10.56 0.08
2458498.2906545 10.63 0.09
2458498.2908281 10.58 0.08
2458498.2910017 10.47 0.08
2458498.2913489 10.67 0.09
2458498.2927381 10.60 0.09
2458498.2934322 10.65 0.09
2458498.2941267 10.60 0.09
2458498.2946475 10.47 0.08
2458498.2953420 10.56 0.08
2458498.2958628 10.73 0.10
2458498.2960364 10.59 0.09
2458498.2962100 10.67 0.09
2458498.2965572 10.53 0.08
2458498.2969045 10.65 0.09
2458498.2972517 10.58 0.09
2458498.2975989 10.66 0.09
2458498.2977725 10.64 0.09
2458498.2995086 10.61 0.09
2458498.2998559 10.73 0.10
2458498.3003767 10.55 0.08
2458498.3005503 10.51 0.08
2458498.3012447 10.66 0.09
2458498.3021128 10.79 0.10
2458498.3024600 10.68 0.09
2458498.3026336 10.71 0.10
2458498.3033281 10.83 0.11
2458498.3038500 10.60 0.09
2458498.3045438 10.61 0.09
2458498.3047172 10.69 0.09
2458498.3050642 10.66 0.09
2458498.3052378 10.75 0.10
2458498.3055850 10.77 0.10
2458498.3057586 10.87 0.11
2458498.3059323 10.63 0.09
2458498.3061059 10.67 0.09
2458498.3064531 10.67 0.10
2458498.3066267 10.81 0.11
2458498.3069739 10.77 0.10
2458498.3071475 10.67 0.09
2458498.3076684 10.71 0.10
2458498.3078420 10.72 0.10
2458498.3080156 10.73 0.10
2458498.3087100 10.60 0.09
2458498.3097517 10.86 0.11
2458498.3104461 10.68 0.10
2458498.3111406 10.64 0.09
2458498.3116614 10.54 0.08
2458498.3118350 11.00 0.13
2458498.3121822 10.73 0.10
2458498.3128767 10.66 0.09
2458498.3139184 10.82 0.11
2458498.3142656 10.76 0.10
2458498.3165230 10.69 0.10
2458498.3180850 10.70 0.10
2458500.2352494 10.59 0.12
2458500.2354230 10.62 0.12
2458500.2355966 10.67 0.13
2458500.2357702 10.70 0.13
2458500.2361174 10.60 0.12
2458500.2362910 10.59 0.12
2458500.2364647 10.58 0.12
2458500.2366383 10.76 0.14
2458500.2368119 10.74 0.14
2458500.2369855 10.65 0.12
2458500.2373327 10.63 0.12
2458500.2376799 10.56 0.11
2458500.2382008 10.58 0.12
2458500.2383744 10.67 0.12
2458500.2402841 10.62 0.12
2458500.2404577 10.51 0.11
2458500.2411522 10.74 0.13
2458500.2413258 10.56 0.11
2458500.2439299 10.60 0.11
2458500.2446255 10.74 0.13
2458500.2447989 10.71 0.12
2458500.2449724 10.64 0.12
2458500.2451458 10.72 0.13
2458500.2453193 10.76 0.13
2458500.2474022 10.69 0.12
2458500.2491383 10.70 0.12
2458500.2520897 10.74 0.12
2458500.2524369 10.61 0.11
2458500.2538258 10.68 0.12
2458500.2548674 10.72 0.12
2458500.2550411 10.74 0.12
2458500.2560827 10.74 0.13
2458500.2572984 10.59 0.11
2458500.2576453 10.87 0.14
2458500.2585133 10.75 0.13
2458500.2588605 10.64 0.12
2458500.2599022 10.73 0.12
2458500.2602494 10.75 0.13
2458500.2607702 10.72 0.12
2458500.2628535 10.62 0.11
2458500.2630272 10.60 0.11
2458500.2640688 10.67 0.11
2458500.2642424 10.56 0.10
2458500.2644160 10.82 0.13
2458500.2658049 10.67 0.11
2458500.2673674 10.79 0.12
2458500.2685839 10.55 0.10
2458500.2687573 10.71 0.12
2458500.2689307 10.74 0.12
2458500.2691042 10.55 0.10
2458500.2694511 10.64 0.11
2458500.2696245 10.73 0.12
2458500.2701452 10.57 0.10
2458500.2703188 10.71 0.11
2458500.2704924 10.68 0.11
2458500.2710133 10.76 0.12
2458500.2713605 10.76 0.12
2458500.2717077 10.64 0.11
2458500.2718813 10.69 0.11
2458500.2725758 10.67 0.11
2458500.2757008 10.61 0.10
2458500.2763952 10.73 0.12
2458500.2765688 10.77 0.12
2458500.2770897 10.69 0.11
2458500.2783049 10.72 0.12
2458500.2789994 10.66 0.11
2458500.2816037 10.75 0.12
2458500.2829924 10.75 0.12
2458500.2842077 10.69 0.11
2458500.2843813 10.69 0.11
2458500.2847286 10.77 0.12
2458500.2866383 10.91 0.14
2458500.2875063 10.69 0.11
2458500.2876799 10.89 0.14
2458500.2878535 10.81 0.13
2458500.2880272 10.47 0.09
2458500.2885480 10.75 0.12
2458500.2906313 10.67 0.11
2458500.2918466 10.52 0.09
2458500.2920202 10.85 0.12
2458500.2921938 10.67 0.11