2458467.3668514 10.66 0.11
2458467.3677195 10.83 0.12
2458467.3680667 10.86 0.13
2458467.3684139 10.76 0.12
2458467.3689347 10.73 0.11
2458467.3691084 10.86 0.13
2458467.3703236 10.54 0.10
2458467.3706709 10.86 0.13
2458467.3715389 10.74 0.12
2458467.3722334 10.69 0.11
2458467.3724070 10.57 0.10
2458467.3725806 10.62 0.10
2458467.3727542 10.60 0.10
2458467.3729278 10.60 0.10
2458467.3731014 10.73 0.11
2458467.3732750 10.78 0.12
2458467.3734486 10.84 0.13
2458467.3739695 10.66 0.11
2458467.3748375 10.79 0.12
2458467.3753584 10.79 0.12
2458467.3755332 10.60 0.10
2458467.3758801 10.79 0.12
2458467.3762270 10.79 0.12
2458467.3769209 10.73 0.12
2458467.3791778 10.57 0.10
2458467.3795250 10.84 0.13
2458467.3805667 10.65 0.11
2458467.3826500 10.55 0.10
2458467.3828236 10.60 0.10
2458467.3835181 10.66 0.11
2458467.3836917 10.68 0.11
2458467.3838653 10.69 0.11
2458467.3840389 10.66 0.11
2458467.3843861 10.92 0.14
2458467.3845597 10.69 0.11
2458467.3847334 10.95 0.14
2458467.3850806 10.61 0.11
2458467.3856014 10.57 0.10
2458467.3861222 10.55 0.10
2458467.3868167 10.64 0.11
2458467.3871639 10.57 0.10
2458467.3875123 10.70 0.11
2458467.3882061 10.69 0.11
2458467.3885530 10.71 0.11
2458467.3890736 10.59 0.10
2458467.3892473 10.56 0.10
2458467.3895945 10.73 0.12
2458467.3897681 10.56 0.10
2458467.3902889 10.52 0.10
2458467.3906361 10.60 0.10
2458467.3908098 10.71 0.12
2458467.3911570 10.61 0.10
2458467.3913306 10.74 0.12
2458467.3918514 10.71 0.12
2458467.3923722 10.77 0.12
2458467.3927195 10.65 0.11
2458467.3934139 10.54 0.10
2458467.3935875 10.71 0.12
2458467.3942820 10.81 0.13
2458467.3944556 10.54 0.10
2458467.3946292 10.60 0.10
2458467.3949764 10.69 0.11
2458467.3954973 10.73 0.12
2458467.3956709 10.69 0.11
2458467.3958445 10.85 0.13
2458467.3963653 10.57 0.10
2458467.3967125 10.80 0.13
2458467.3968861 10.72 0.12
2458467.3970598 10.78 0.12
2458467.3974070 10.70 0.11
2458467.3975806 10.70 0.11
2458467.3977542 10.66 0.11
2458467.3979278 10.70 0.11
2458467.3982750 10.55 0.10
2458467.3987959 10.76 0.12
2458467.4005321 10.56 0.10
2458467.4012264 10.68 0.11
2458467.4014000 10.81 0.13
2458467.4019209 10.66 0.11
2458467.4022681 10.60 0.10
2458467.4024417 10.69 0.11
2458467.4026153 10.60 0.11
2458467.4027889 10.70 0.12
2458467.4034834 10.76 0.12
2458467.4059139 10.51 0.10
2458467.4060875 10.53 0.10
2458467.4062611 10.61 0.11
2458467.4064348 10.57 0.10
2458467.4066084 10.77 0.12
2458467.4071292 10.83 0.13
2458467.4073028 10.79 0.13
2458467.4078236 10.66 0.11
2458467.4083445 10.72 0.12
2458467.4092125 10.67 0.11
2458467.4093861 10.86 0.13
2458467.4095597 10.80 0.13
2458467.4102542 10.69 0.11
2458467.4106014 10.58 0.10
2458467.4125112 10.75 0.12
2458467.4130320 10.68 0.12
2458467.4132056 10.75 0.12
2458467.4133792 10.74 0.12
2458467.4135528 10.71 0.12
2458467.4137264 10.82 0.13
2458467.4139000 10.78 0.13
2458467.4142473 10.60 0.11
2458467.4149417 10.63 0.11
2458467.4151153 10.84 0.13
2458467.4152889 10.79 0.13
2458467.4156361 10.72 0.12
2458467.4166778 10.81 0.13
2458467.4173722 10.61 0.11
2458467.4177195 10.53 0.10
2458467.4182403 10.58 0.11
2458467.4184139 10.89 0.14
2458467.4185875 10.67 0.12
2458467.4187611 10.56 0.11
2458467.4192820 10.68 0.12
2458467.4194556 10.69 0.12
2458467.4198028 10.56 0.10
2458467.4203236 10.57 0.11
2458467.4204973 10.79 0.13
2458467.4206709 10.76 0.13
2458469.3667865 10.66 0.08
2458469.3673607 10.58 0.07
2458469.3675343 10.70 0.08
2458469.3680551 10.71 0.08
2458469.3682287 10.76 0.09
2458469.3685760 10.69 0.08
2458469.3687496 10.70 0.08
2458469.3689232 10.67 0.08
2458469.3690968 10.73 0.08
2458469.3699648 10.62 0.08
2458469.3701384 10.69 0.08
2458469.3732635 10.56 0.07
2458469.3760425 10.67 0.08
2458469.3781246 10.57 0.07
2458488.3085830 10.72 0.10
2458488.3091038 10.88 0.12
2458488.3096257 10.59 0.09
2458488.3129232 10.79 0.11
2458488.3134441 10.83 0.12
2458488.3148330 10.82 0.12
2458488.3183052 10.85 0.12
2458488.3191732 10.84 0.12
2458488.3195205 10.77 0.11
2458488.3212579 10.67 0.10
2458488.3226455 10.67 0.10
2458488.3229927 10.67 0.11
2458488.3238607 10.77 0.12
2458488.3247288 10.69 0.11
2458488.3264649 10.69 0.11
2458488.3269857 10.64 0.10
2458488.3275066 10.81 0.12
2458488.3309788 10.67 0.11
2458488.3325413 10.73 0.11
2458488.3328885 11.04 0.15
2458488.3335839 10.67 0.11
2458488.3342777 10.76 0.12
2458488.3349719 10.66 0.11
2458488.3365344 10.82 0.12
2458488.3367080 10.71 0.11
2458488.3370552 10.71 0.11
2458488.3372288 10.56 0.10
2458488.3374024 10.94 0.14
2458488.3375760 10.60 0.10
2458488.3379232 10.72 0.11
2458488.3382705 10.64 0.11
2458488.3384441 10.78 0.12
2458488.3386177 10.79 0.12
2458488.3391385 10.91 0.14
2458488.3394857 10.92 0.14
2458488.3407010 10.83 0.13
2458488.3408746 10.90 0.14
2458488.3413955 10.93 0.14
2458488.3415691 10.93 0.14
2458488.3438260 10.81 0.12
2458488.3441732 10.93 0.14
2458488.3450413 10.84 0.13
2458488.3452162 10.67 0.11
2458488.3466038 10.65 0.11
2458488.3467774 10.85 0.13
2458488.3471246 10.81 0.13
2458488.3472982 10.72 0.12
2458488.3474718 10.81 0.13
2458488.3478191 10.71 0.11
2458488.3479927 10.83 0.13
2458488.3481663 10.80 0.12
2458488.3486871 10.77 0.12
2458488.3497288 10.79 0.12
2458488.3505969 10.65 0.11
2458488.3509441 10.68 0.11
2458488.3519857 10.74 0.12
2458488.3552843 10.76 0.12
2458488.3554580 10.71 0.11
2458488.3559788 10.74 0.12
2458488.3563260 10.95 0.14
2458488.3564996 10.76 0.12
2458488.3566732 11.02 0.15
2458488.3568469 10.75 0.12
2458488.3571953 10.73 0.12
2458488.3575422 11.07 0.16
2458488.3578891 10.66 0.11
2458488.3585830 10.66 0.11
2458488.3591038 10.79 0.12
2458488.3618816 10.76 0.12
2458488.3622288 10.99 0.15
2458488.3625760 10.71 0.11
2458488.3627496 10.68 0.11
2458488.3650066 10.60 0.10
2458488.3653538 10.62 0.10
2458488.3658746 10.65 0.11
2458488.3660482 10.55 0.10
2458488.3669163 10.85 0.13
2458488.3676107 10.69 0.11
2458488.3684788 10.76 0.12
2458488.3686524 10.80 0.12
2458488.3688260 10.79 0.12
2458488.3693479 10.84 0.13
2458488.3695213 10.65 0.11
2458488.3696948 10.65 0.11
2458488.3698682 10.75 0.12
2458488.3702150 10.75 0.12
2458488.3703885 10.75 0.12
2458488.3705621 10.81 0.12
2458488.3707357 10.98 0.15
2458488.3710830 10.66 0.11
2458488.3717774 10.59 0.10
2458488.3721246 10.83 0.13
2458488.3728191 10.84 0.13
2458488.3731663 10.57 0.10
2458493.2577031 10.77 0.11
2458493.2599600 10.63 0.09
2458493.2625642 10.71 0.10
2458493.2634323 10.72 0.10
2458493.2670784 10.63 0.09
2458493.2682934 10.68 0.10
2458493.2790576 10.60 0.09
2458493.2804461 10.59 0.09
2458493.2806198 10.60 0.09
2458493.2832239 10.61 0.09
2458493.2846128 10.61 0.09
2458493.2943350 10.58 0.09
2458493.2946823 10.62 0.09
2458493.2953767 10.56 0.09
2458493.2974600 10.58 0.09
2458493.3103188 10.59 0.09
2458493.3261174 10.64 0.09
2458493.3266383 10.55 0.08
2458493.3337563 10.75 0.10
2458493.3370554 10.66 0.09
2458493.3400063 10.48 0.08
2458493.3412216 10.47 0.08
2458493.3427841 10.87 0.11
2458493.3446938 10.69 0.10
2458493.3450410 10.54 0.09
2458493.3457355 10.57 0.09
2458493.3460827 10.69 0.10
2458493.3472980 10.62 0.09
2458493.3476452 10.62 0.09
2458493.3478188 10.60 0.09
2458493.3479924 10.57 0.09
2458493.3481673 10.58 0.09
2458493.3495549 10.60 0.09
2458493.3499022 10.59 0.09
2458493.3500758 10.64 0.09
2458493.3514647 10.61 0.09
2458493.3528535 10.57 0.09
2458493.3551105 10.49 0.08
2458493.3561522 10.68 0.10
2458493.3563258 10.72 0.10
2458493.3577147 10.60 0.09
2458493.3599716 10.64 0.09
2458493.3676105 10.56 0.09
2458493.3712563 10.75 0.10
2458493.3773327 10.56 0.09
2458493.3823674 10.72 0.10
2458493.3837563 10.69 0.10
2458493.3839313 10.67 0.10
2458493.3898327 10.72 0.11
2458493.3901799 10.63 0.10
2458493.3907008 10.72 0.10
2458493.3910480 10.89 0.12
2458493.3919160 10.58 0.09
2458493.3929577 10.64 0.10
2458493.3941730 10.91 0.12
2458493.3953883 10.58 0.09
2458493.4011174 10.53 0.09
2458493.4016383 10.86 0.12
2458493.4021591 10.69 0.10
2458493.4104924 10.74 0.11
2458493.4118813 10.79 0.12
2458493.4120549 10.73 0.11
2458493.4139647 10.73 0.11
2458493.4146591 10.67 0.11
2458494.3496822 10.70 0.14
2458494.3498559 10.49 0.12
2458494.3505503 10.73 0.15
2458494.3508975 10.68 0.14
2458494.3512447 10.46 0.12
2458494.3529809 10.84 0.16
2458494.3531545 10.65 0.14
2458494.3540234 10.59 0.14
2458495.1361522 10.64 0.15
2458495.1364994 10.68 0.16
2458495.1368466 10.57 0.14
2458495.1384091 10.61 0.15
2458495.1420549 10.60 0.15
2458495.1436174 10.44 0.13
2458495.1470907 10.72 0.16
2458495.1474375 10.60 0.14
2458495.1484786 10.68 0.15
2458495.1514299 10.69 0.15
2458495.1529924 10.61 0.15
2458495.1549022 10.59 0.14
2458495.1568119 10.70 0.15
2458495.1588964 10.52 0.13
2458495.1620202 10.70 0.15
2458495.1656660 10.72 0.15
2458495.1661869 10.64 0.14
2458495.1663605 10.56 0.13
2458495.1665341 10.45 0.12
2458495.1668813 10.63 0.14
2458495.1679230 10.66 0.14
2458495.1691383 10.46 0.12
2458495.1726105 10.64 0.14
2458495.1736522 10.66 0.15
2458495.1753883 10.64 0.14
2458495.1762563 10.64 0.14
2458495.1778188 10.61 0.13
2458495.1779924 10.54 0.13
2458495.1783397 10.77 0.16
2458495.1785133 10.56 0.13
2458495.1788605 10.54 0.13
2458495.1792077 10.66 0.14
2458495.1793813 10.55 0.13
2458495.1800758 10.73 0.15
2458495.1807702 10.54 0.13
2458495.1809438 10.69 0.14
2458495.1812911 10.76 0.15
2458495.1814647 10.62 0.14
2458495.1821591 10.71 0.15
2458495.1826799 10.70 0.14
2458495.1832017 10.62 0.14
2458495.1840689 10.71 0.15
2458495.1844160 10.64 0.14
2458495.1851105 10.68 0.14
2458495.1861522 10.61 0.13
2458495.1863258 10.57 0.13
2458495.1864994 10.71 0.14
2458495.1866730 10.61 0.13
2458495.1873674 10.65 0.14
2458495.1877147 10.76 0.15
2458495.1880619 10.47 0.12
2458495.1884091 10.73 0.15
2458495.1892772 10.47 0.12
2458495.1896244 10.75 0.15
2458495.1897980 10.62 0.13
2458495.1901452 10.71 0.14
2458495.1904924 10.67 0.14
2458495.1908397 10.67 0.14
2458495.1915341 10.57 0.13
2458495.1917077 10.38 0.10
2458495.1922285 10.66 0.13
2458495.1929230 10.58 0.13
2458495.1930966 10.61 0.13
2458495.1932702 10.65 0.14
2458495.1939647 10.66 0.14
2458495.1944855 10.50 0.12
2458495.1948340 10.64 0.13
2458495.1953544 10.39 0.11
2458495.1962216 10.67 0.14
2458495.1965688 10.49 0.12
2458495.1969161 10.66 0.13
2458495.1974369 10.64 0.13
2458495.1977841 10.78 0.15
2458495.1981313 10.72 0.14
2458495.1988258 10.79 0.15
2458495.1989994 10.82 0.16
2458495.1995202 10.69 0.14
2458495.1998674 10.61 0.13
2458495.2000410 10.61 0.13
2458495.2002147 10.69 0.14
2458495.2007355 10.74 0.14
2458495.2010827 10.55 0.12
2458495.2012563 10.70 0.14
2458495.2021244 10.79 0.15
2458495.2022980 10.55 0.12
2458495.2031661 10.80 0.15
2458495.2033397 10.43 0.11
2458495.2036869 10.75 0.15
2458495.2038605 10.72 0.14
2458495.2040341 10.67 0.14
2458495.2042077 10.54 0.12
2458495.2049022 10.71 0.14
2458495.2059438 10.70 0.14
2458495.2064647 10.79 0.15
2458495.2082008 10.68 0.14
2458495.2083744 10.51 0.12
2458495.2087216 10.73 0.15
2458495.2088952 10.78 0.15
2458495.2090688 10.62 0.13
2458495.2092424 10.78 0.15
2458495.2104577 10.65 0.13
2458495.2113258 10.61 0.13
2458495.2127147 10.57 0.12
2458495.2134091 10.56 0.12
2458495.2139299 10.64 0.13
2458495.2142772 10.84 0.16
2458495.2151452 10.80 0.15
2458495.2154924 10.75 0.14
2458495.2156660 10.67 0.13
2458495.2160133 10.63 0.13
2458495.2161869 10.65 0.13
2458495.2165341 10.87 0.16
2458495.2167077 10.68 0.13
2458495.2172285 10.76 0.14
2458495.2182702 10.74 0.14
2458495.2189658 10.58 0.12
2458495.2194862 10.67 0.13
2458495.2210480 10.85 0.16
2458495.2226105 10.68 0.14
2458495.2231313 10.68 0.14
2458495.2233049 10.66 0.13
2458495.2234785 10.56 0.12
2458495.2243466 10.73 0.14
2458495.2255619 10.68 0.13
2458495.2257355 10.73 0.14
2458495.2259091 10.77 0.15
2458495.2260827 10.51 0.12
2458495.2272980 10.80 0.15
2458495.2276452 10.62 0.13
2458495.2283397 10.76 0.15
2458495.2293813 10.69 0.13
2458495.2295549 10.66 0.13
2458495.2305966 10.52 0.11
2458495.2311185 10.62 0.13
2458495.2312919 10.76 0.14
2458495.2314654 10.67 0.13
2458495.2319857 10.56 0.12
2458495.2325063 10.59 0.12
2458495.2328535 10.76 0.14
2458495.2330272 10.59 0.12
2458495.2332008 10.62 0.12
2458495.2335480 10.66 0.13
2458495.2337216 10.78 0.14
2458495.2338952 10.75 0.14
2458495.2352841 10.65 0.13
2458495.2354577 10.78 0.14
2458495.2359785 10.76 0.14
2458495.2364994 10.52 0.11
2458495.2366730 10.71 0.14
2458495.2368466 10.65 0.13
2458495.2371938 10.59 0.12
2458495.2375411 10.63 0.12
2458495.2377147 10.61 0.12
2458495.2378883 10.67 0.13
2458495.2380619 10.71 0.13
2458495.2382355 10.93 0.16
2458495.2384091 10.67 0.13
2458495.2385827 10.53 0.11
2458495.2387563 10.73 0.14
2458495.2389299 10.56 0.12
2458495.2391035 10.82 0.15
2458495.2420549 10.90 0.16
2458495.2424022 10.81 0.15
2458495.2430977 10.69 0.13
2458495.2436180 10.72 0.13
2458495.2444855 10.90 0.16
2458495.2446591 10.59 0.12
2458495.2455272 10.62 0.12
2458495.2460480 10.70 0.13
2458495.2462216 10.75 0.14
2458495.2463952 10.85 0.15
2458495.2465688 10.46 0.11
2458495.2467424 10.77 0.14
2458495.2469160 10.51 0.11
2458495.2474369 10.95 0.17
2458495.2483049 10.79 0.14
2458495.2484785 10.76 0.14
2458495.2486522 10.74 0.14
2458495.2491730 10.65 0.12
2458495.2493466 10.70 0.13
2458495.2496938 10.61 0.12
2458495.2498674 10.67 0.13
2458495.2500411 10.87 0.16
2458495.2502147 10.76 0.14
2458495.2505619 10.67 0.13
2458495.2507355 10.65 0.13
2458495.2510827 10.70 0.13
2458495.2517772 10.69 0.13
2458495.2521244 10.68 0.13
2458495.2522980 10.70 0.13
2458495.2524716 10.42 0.10
2458495.2526452 10.73 0.13
2458495.2529924 10.64 0.12
2458495.2535133 10.83 0.15
2458495.2536869 10.71 0.13
2458495.2538605 10.69 0.13
2458495.2543813 10.65 0.12
2458495.2547300 10.57 0.12
2458495.2550769 10.74 0.14
2458495.2552503 10.75 0.14
2458495.2555972 10.75 0.14
2458495.2568119 10.60 0.12
2458495.2569855 10.60 0.12
2458495.2575063 10.61 0.12
2458495.2576799 10.72 0.13
2458495.2578536 10.71 0.13
2458495.2580272 10.60 0.12
2458495.2583744 10.82 0.14
2458495.2587216 10.49 0.11
2458495.2588952 10.65 0.12
2458495.2601105 10.58 0.11
2458495.2602841 10.84 0.14
2458495.2608049 10.84 0.14
2458495.2609786 10.82 0.14
2458495.2613258 10.57 0.11
2458495.2614994 10.66 0.12
2458495.2620202 10.53 0.11
2458495.2632355 10.77 0.14
2458495.2641035 10.75 0.13
2458495.2644508 10.69 0.13
2458495.2649716 10.73 0.13
2458495.2660133 10.69 0.13
2458495.2661869 10.74 0.13
2458495.2663605 10.73 0.13
2458495.2665341 10.64 0.12
2458495.2667077 10.80 0.14
2458495.2668826 10.60 0.12
2458495.2670561 10.71 0.13
2458495.2675764 10.64 0.12
2458495.2677498 10.63 0.12
2458495.2679233 10.92 0.16
2458495.2682702 10.65 0.12
2458495.2684438 10.75 0.13
2458495.2686174 10.57 0.11
2458495.2687911 10.61 0.12
2458495.2691383 10.76 0.13
2458495.2694855 10.76 0.13
2458495.2696591 10.73 0.13
2458495.2698327 10.80 0.14
2458495.2700063 10.52 0.11
2458495.2703535 10.77 0.14
2458495.2707008 10.84 0.14
2458495.2708744 10.65 0.12
2458495.2712216 10.76 0.13
2458495.2715688 10.81 0.14
2458495.2720897 10.45 0.10
2458495.2726105 10.89 0.15
2458495.2727841 10.61 0.12
2458495.2729577 10.69 0.13
2458495.2733049 10.91 0.15
2458495.2738258 10.68 0.13
2458495.2739994 10.81 0.14
2458495.2741730 10.73 0.13
2458495.2743466 10.61 0.12
2458495.2745202 10.81 0.14
2458495.2746938 10.78 0.14
2458495.2748674 10.80 0.14
2458495.2753883 10.75 0.14
2458495.2757355 10.56 0.11
2458495.2759091 10.68 0.13
2458495.2760827 10.70 0.13
2458495.2766036 10.69 0.13
2458495.2769508 10.86 0.15
2458495.2771244 10.74 0.13
2458495.2772980 10.57 0.11
2458495.2774716 10.59 0.11
2458495.2776452 10.69 0.13
2458495.2778188 10.75 0.13
2458495.2781660 10.62 0.12
2458495.2783397 10.77 0.14
2458495.2785133 10.66 0.12
2458495.2788618 10.91 0.15
2458495.2790353 10.80 0.14
2458495.2793822 10.71 0.13
2458495.2795556 10.83 0.14
2458495.2799025 10.77 0.13
2458495.2800759 10.73 0.13
2458495.2809438 10.63 0.12
2458495.2816383 10.87 0.15
2458495.2819855 10.59 0.11
2458495.2823327 10.58 0.11
2458495.2825063 10.83 0.14
2458495.2826799 10.76 0.13
2458495.2830272 10.65 0.12
2458495.2833744 10.77 0.13
2458495.2838952 10.69 0.12
2458495.2845897 10.62 0.12
2458495.2847633 10.82 0.14
2458495.2849369 10.66 0.12
2458495.2851105 10.83 0.14
2458495.2852841 10.71 0.13
2458495.2854577 10.81 0.14
2458495.2856313 10.57 0.11
2458495.2864994 10.51 0.11
2458495.2868466 10.60 0.12
2458495.2871938 10.67 0.12
2458495.2873674 10.73 0.13
2458495.2875410 10.93 0.15
2458495.2878883 10.78 0.14
2458495.2880619 10.81 0.14
2458495.2887563 10.70 0.13
2458495.2889299 10.60 0.12
2458495.2892772 10.74 0.13
2458495.2894508 10.65 0.12
2458495.2896244 10.77 0.14
2458495.2897980 10.60 0.12
2458495.2899716 10.83 0.14
2458495.2903188 10.76 0.14
2458495.2904924 10.66 0.12
2458495.2906661 10.70 0.13
2458495.2908410 10.82 0.14
2458495.2910145 10.58 0.11
2458495.2911879 10.63 0.12
2458495.2913614 10.65 0.12
2458495.2915348 10.76 0.13
2458495.2917083 10.82 0.14
2458495.2918817 10.81 0.14
2458495.2920551 10.62 0.12
2458495.2924022 10.61 0.12
2458495.2932702 10.58 0.11
2458495.2941383 10.73 0.13
2458495.2943119 10.84 0.14
2458495.2950063 10.86 0.15
2458495.2967424 10.80 0.14
2458495.2976105 10.62 0.12
2458495.2983049 10.75 0.13
2458495.2986522 10.74 0.13
2458495.2993466 10.88 0.14
2458495.3000411 10.69 0.12
2458495.3005619 10.78 0.13
2458495.3007355 10.65 0.12
2458495.3010827 10.78 0.13
2458495.3012563 10.75 0.13
2458495.3019508 10.93 0.16
2458495.3021244 10.78 0.13
2458495.3022980 10.87 0.15
2458495.3024716 10.70 0.12
2458495.3026452 10.65 0.12
2458495.3035140 10.62 0.12
2458495.3038609 10.70 0.13
2458495.3045549 10.77 0.13
2458495.3052494 10.67 0.12
2458495.3054230 10.63 0.12
2458495.3059438 10.62 0.12
2458495.3061174 10.60 0.12
2458495.3062911 10.74 0.13
2458495.3064647 10.64 0.12
2458495.3068119 10.78 0.14
2458495.3071591 10.62 0.12
2458495.3073327 10.56 0.11
2458495.3075063 10.68 0.13
2458495.3076799 10.75 0.13
2458495.3080272 10.71 0.13
2458495.3082008 10.76 0.13
2458495.3083744 10.62 0.12
2458495.3087216 10.90 0.15
2458495.3090688 10.49 0.11
2458495.3092424 10.78 0.14
2458495.3094160 10.58 0.11
2458495.3095897 10.80 0.14
2458495.3097633 10.86 0.15
2458495.3104577 10.76 0.13
2458495.3106313 10.62 0.12
2458495.3108049 10.65 0.12
2458495.3109785 10.80 0.14
2458495.3116730 10.63 0.12
2458495.3118466 10.57 0.11
2458495.3121938 10.77 0.14
2458495.3125411 10.56 0.11
2458495.3130619 10.56 0.11
2458495.3132355 10.82 0.14
2458495.3141036 10.77 0.13
2458495.3153198 10.57 0.11
2458498.1660017 10.65 0.12
2458498.1661753 10.53 0.11
2458498.1663489 10.70 0.12
2458498.1665238 10.61 0.11
2458498.1666972 10.73 0.13
2458498.1668707 10.83 0.14
2458498.1672176 10.74 0.13
2458498.1675645 10.74 0.13
2458498.1679114 10.71 0.13
2458498.1680850 10.54 0.11
2458498.1682586 10.71 0.13
2458498.1684322 10.85 0.14
2458498.1686059 10.65 0.12
2458498.1694739 10.72 0.12
2458498.1696475 10.65 0.12
2458498.1698211 10.85 0.14
2458498.1706892 10.60 0.11
2458498.1713836 10.68 0.12
2458498.1715572 10.86 0.14
2458498.1717309 10.73 0.12
2458498.1719045 10.66 0.12
2458498.1720781 10.79 0.13
2458498.1722517 10.73 0.12
2458498.1724253 10.67 0.12
2458498.1725989 10.67 0.12
2458498.1727725 10.67 0.12
2458498.1729461 10.73 0.12
2458498.1734670 10.57 0.11
2458498.1738142 10.56 0.10
2458498.1739878 10.69 0.12
2458498.1741614 10.92 0.14
2458498.1743350 10.78 0.13
2458498.1752031 10.61 0.11
2458498.1753767 10.89 0.14
2458498.1779809 10.83 0.13
2458498.1781545 10.80 0.13
2458498.1783295 10.83 0.13
2458498.1786763 10.71 0.12
2458498.1791967 10.67 0.11
2458498.1793701 10.73 0.12
2458498.1795436 10.84 0.13
2458498.1797170 10.73 0.12
2458498.1802378 10.72 0.12
2458498.1804114 10.60 0.10
2458498.1807586 10.77 0.12
2458498.1812795 10.76 0.12
2458498.1814531 10.71 0.11
2458498.1816267 10.69 0.11
2458498.1818003 10.78 0.12
2458498.1821475 10.73 0.12
2458498.1823211 10.76 0.12
2458498.1826684 10.74 0.12
2458498.1828420 10.78 0.12
2458498.1830156 10.65 0.11
2458498.1831892 10.68 0.11
2458498.1833628 10.88 0.14
2458498.1835364 10.88 0.14
2458498.1837100 10.68 0.11
2458498.1840572 10.81 0.13
2458498.1854461 10.77 0.12
2458498.1861406 10.66 0.11
2458498.1899600 10.67 0.11
2458498.1903073 10.72 0.11
2458498.1916961 10.76 0.12
2458498.1918697 10.69 0.11
2458498.1927378 10.73 0.11
2458498.1929114 10.88 0.13
2458498.1932586 10.86 0.13
2458498.1937795 10.77 0.12
2458498.1941267 10.82 0.12
2458498.1948211 10.77 0.12
2458498.1951684 10.69 0.11
2458498.1953420 10.89 0.13
2458498.1956892 10.59 0.10
2458498.1960378 10.64 0.10
2458498.1963846 10.82 0.12
2458498.1972519 10.89 0.13
2458498.1974253 10.67 0.11
2458498.2022864 10.79 0.12
2458498.2028072 10.75 0.11
2458498.2029809 10.63 0.10
2458498.2036753 10.78 0.11
2458498.2038489 10.82 0.12
2458498.2040225 10.59 0.09
2458498.2045434 10.83 0.12
2458498.2050642 10.72 0.11
2458498.2052378 10.54 0.09
2458498.2061059 10.71 0.10
2458498.2066267 10.78 0.11
2458498.2069739 10.68 0.10
2458498.2073211 10.92 0.13
2458498.2076684 10.76 0.11
2458498.2085373 10.69 0.10
2458498.2094045 10.61 0.10
2458498.2118350 10.62 0.10
2458498.2121823 10.74 0.11
2458498.2142656 10.65 0.10
2458498.2144392 10.79 0.11
2458498.2186059 10.94 0.13
2458498.2189531 10.60 0.09
2458498.2201694 10.63 0.09
2458498.2227725 10.53 0.09
2458498.2257239 10.73 0.10
2458498.2258975 10.67 0.10
2458498.2314531 10.99 0.13
2458498.2328422 10.73 0.11
2458498.2377031 10.62 0.10
2458498.2378767 10.68 0.10
2458498.2382239 10.60 0.10
2458498.2387447 10.57 0.09
2458498.2422170 10.50 0.09
2458498.2432586 10.71 0.11
2458498.2455156 10.85 0.12
2458498.2458628 10.56 0.10
2458498.2463836 10.76 0.11
2458498.2467309 10.59 0.10
2458498.2469045 10.78 0.12
2458498.2475989 10.67 0.10
2458498.2484670 10.72 0.11
2458498.2503767 10.84 0.12
2458498.2505503 10.58 0.10
2458498.2510711 10.60 0.10
2458498.2512448 10.62 0.10
2458498.2514184 10.60 0.10
2458498.2519392 10.57 0.10
2458498.2521128 10.64 0.11
2458498.2522864 10.57 0.10
2458498.2524600 10.70 0.11
2458498.2547170 10.66 0.11
2458498.2554114 10.54 0.09
2458498.2555863 10.72 0.11
2458498.2574947 10.59 0.10
2458498.2580156 10.70 0.11
2458498.2581892 10.42 0.09
2458498.2583628 10.63 0.10
2458498.2587100 10.60 0.10
2458498.2588836 10.54 0.10
2458498.2594045 10.58 0.10
2458498.2595781 10.67 0.11
2458498.2599253 10.68 0.11
2458498.2602725 10.84 0.13
2458498.2606198 10.56 0.10
2458498.2609670 10.59 0.10
2458498.2613142 10.63 0.10
2458498.2625295 10.74 0.11
2458498.2651336 10.62 0.09
2458498.2653072 10.70 0.09
2458498.2654809 10.61 0.09
2458498.2656545 10.57 0.08
2458498.2661753 10.65 0.09
2458498.2663489 10.56 0.08
2458498.2665225 10.60 0.08
2458498.2666961 10.69 0.09
2458498.2668698 10.61 0.08
2458498.2673906 10.63 0.09
2458498.2686062 10.45 0.07
2458498.2691267 10.58 0.08
2458498.2708628 10.58 0.08
2458498.2710364 10.49 0.07
2458498.2745086 10.51 0.07
2458498.2755503 10.54 0.08
2458498.2757239 10.69 0.09
2458498.2758975 10.53 0.08
2458498.2767656 10.56 0.08
2458498.2774600 10.63 0.09
2458498.2778072 10.56 0.08
2458498.2783281 10.59 0.08
2458498.2785017 10.59 0.08
2458498.2791961 10.57 0.08
2458498.2797182 10.58 0.08
2458498.2798916 10.59 0.08
2458498.2804120 10.59 0.08
2458498.2809323 10.62 0.09
2458498.2811059 10.59 0.08
2458498.2814531 10.56 0.08
2458498.2816267 10.58 0.08
2458498.2821475 10.68 0.09
2458498.2824948 10.61 0.09
2458498.2826684 10.67 0.09
2458498.2830156 10.68 0.09
2458498.2831892 10.65 0.09
2458498.2835364 10.61 0.08
2458498.2837100 10.69 0.09
2458498.2838836 10.68 0.09
2458498.2840573 10.70 0.09
2458498.2842309 10.64 0.09
2458498.2847517 10.58 0.08
2458498.2849253 10.54 0.08
2458498.2899600 10.57 0.08
2458498.2908281 10.57 0.08
2458498.2953420 10.57 0.08
2458498.2955156 10.66 0.09
2458498.2967309 10.59 0.08
2458498.2969045 10.68 0.09
2458498.2970781 10.57 0.08
2458498.3017656 10.54 0.08
2458498.3029809 10.56 0.08
2458498.3080156 10.41 0.07
2458498.3088836 10.52 0.08
2458500.2345549 10.83 0.14
2458500.2347285 10.60 0.12
2458500.2349022 10.93 0.16
2458500.2350758 10.79 0.14
2458500.2352494 10.82 0.14
2458500.2357702 10.68 0.12
2458500.2359438 10.60 0.12
2458500.2362910 10.79 0.14
2458500.2364647 10.68 0.12
2458500.2368119 10.80 0.14
2458500.2369855 10.73 0.13
2458500.2380272 10.85 0.14
2458500.2382008 10.59 0.12
2458500.2383744 10.90 0.15
2458500.2387216 10.77 0.13
2458500.2388952 10.65 0.12
2458500.2392424 10.78 0.13
2458500.2394161 10.66 0.12
2458500.2397633 10.81 0.14
2458500.2401105 10.79 0.14
2458500.2406313 10.77 0.13
2458500.2411522 10.67 0.12
2458500.2416730 10.85 0.14
2458500.2423674 10.71 0.13
2458500.2425410 10.74 0.13
2458500.2427147 10.61 0.11
2458500.2428883 10.63 0.12
2458500.2432355 10.73 0.13
2458500.2437563 10.87 0.14
2458500.2441035 10.60 0.11
2458500.2442772 10.66 0.12
2458500.2447989 10.65 0.12
2458500.2449724 10.65 0.12
2458500.2451458 10.67 0.12
2458500.2453193 10.77 0.13
2458500.2454927 10.78 0.13
2458500.2461869 10.78 0.13
2458500.2479230 10.87 0.14
2458500.2498327 10.66 0.11
2458500.2501799 10.65 0.11
2458500.2512216 10.64 0.11
2458500.2519160 10.67 0.12
2458500.2526105 10.88 0.14
2458500.2529577 10.83 0.13
2458500.2531313 10.79 0.13
2458500.2538258 10.68 0.12
2458500.2539994 10.86 0.14
2458500.2545202 10.92 0.15
2458500.2546938 10.79 0.13
2458500.2550411 10.84 0.13
2458500.2552147 10.64 0.11
2458500.2553883 10.67 0.11
2458500.2562563 10.82 0.13
2458500.2566046 10.80 0.13
2458500.2576453 10.72 0.12
2458500.2579924 10.74 0.12
2458500.2581660 10.72 0.12
2458500.2583397 10.75 0.12
2458500.2586869 10.88 0.14
2458500.2590341 10.55 0.10
2458500.2593813 10.67 0.11
2458500.2595549 10.71 0.12
2458500.2600758 10.68 0.11
2458500.2602494 10.71 0.11
2458500.2604230 10.65 0.11
2458500.2607702 10.72 0.12
2458500.2609438 10.77 0.12
2458500.2611174 10.72 0.12
2458500.2612911 10.82 0.13
2458500.2664994 10.76 0.12
2458500.2668466 10.74 0.12
2458500.2673674 10.74 0.12
2458500.2675410 10.74 0.12
2458500.2678883 10.75 0.12
2458500.2685839 10.88 0.13
2458500.2687573 10.82 0.13
2458500.2689307 10.64 0.10
2458500.2694511 10.62 0.10
2458500.2696245 10.64 0.10
2458500.2706661 10.89 0.13
2458500.2713605 10.82 0.12
2458500.2718813 10.57 0.10
2458500.2720549 10.73 0.11
2458500.2725758 10.84 0.13
2458500.2737910 10.82 0.12
2458500.2739647 10.57 0.10
2458500.2746591 10.71 0.11
2458500.2753535 10.70 0.11
2458500.2777841 10.71 0.11
2458500.2779577 10.58 0.10
2458500.2781313 10.75 0.12
2458500.2784786 10.73 0.12
2458500.2789994 10.52 0.10
2458500.2795202 10.80 0.12
2458500.2803896 10.64 0.11
2458500.2807365 10.64 0.11
2458500.2809100 10.52 0.09
2458500.2816037 10.60 0.10
2458500.2819508 10.88 0.13
2458500.2821244 10.66 0.11
2458500.2822980 10.63 0.10
2458500.2824716 10.74 0.11
2458500.2826452 10.78 0.12
2458500.2828188 10.85 0.13
2458500.2829924 10.71 0.11
2458500.2831660 10.86 0.13
2458500.2836869 10.92 0.13
2458500.2840341 10.68 0.11
2458500.2843813 10.75 0.11
2458500.2847286 10.93 0.13
2458500.2850758 10.63 0.10
2458500.2852494 10.67 0.11
2458500.2854230 10.67 0.11
2458500.2855966 10.77 0.12
2458500.2857702 10.72 0.11
2458500.2859438 10.74 0.11
2458500.2861174 10.87 0.13
2458500.2871591 10.71 0.11
2458500.2880272 10.83 0.13
2458500.2894160 10.75 0.11
2458500.2895897 10.68 0.11
2458500.2913258 10.64 0.10
2458500.2914994 10.82 0.12
2458500.2918466 10.78 0.11
2458500.2921938 10.93 0.13
2458500.2927157 10.86 0.12