2458467.3673723 10.07 0.06
2458467.3675459 9.96 0.06
2458467.3677195 10.03 0.06
2458467.3682403 10.11 0.06
2458467.3684139 10.08 0.06
2458467.3685875 10.05 0.06
2458467.3687611 10.03 0.06
2458467.3691084 10.07 0.06
2458467.3692820 10.05 0.06
2458467.3694556 10.16 0.07
2458467.3699764 10.07 0.06
2458467.3703236 10.05 0.06
2458467.3704972 9.98 0.06
2458467.3706709 10.07 0.06
2458467.3710181 10.01 0.06
2458467.3711917 9.93 0.06
2458467.3713653 10.06 0.06
2458467.3717125 10.00 0.06
2458467.3718861 10.14 0.07
2458467.3720598 10.13 0.07
2458467.3722334 10.01 0.06
2458467.3724070 10.05 0.06
2458467.3725806 10.09 0.06
2458467.3727542 10.01 0.06
2458467.3729278 10.09 0.06
2458467.3734486 10.16 0.07
2458467.3736223 10.03 0.06
2458467.3737959 10.06 0.06
2458467.3739695 9.98 0.06
2458467.3741431 10.00 0.06
2458467.3744903 10.13 0.07
2458467.3750111 10.11 0.06
2458467.3751848 10.02 0.06
2458467.3753584 10.15 0.07
2458467.3755332 10.09 0.06
2458467.3760536 10.08 0.06
2458467.3762270 10.02 0.06
2458467.3764005 9.96 0.06
2458467.3772681 10.05 0.06
2458467.3784834 10.08 0.06
2458467.3788306 10.00 0.06
2458467.3790042 10.11 0.07
2458467.3796986 10.09 0.06
2458467.3798723 10.14 0.07
2458467.3802195 10.00 0.06
2458467.3803931 10.02 0.06
2458467.3807403 10.09 0.06
2458467.3809139 10.02 0.06
2458467.3810875 10.01 0.06
2458467.3814348 10.04 0.06
2458467.3816084 10.08 0.06
2458467.3819556 10.10 0.07
2458467.3821292 10.12 0.07
2458467.3823028 10.06 0.06
2458467.3824764 9.99 0.06
2458467.3826500 9.97 0.06
2458467.3828236 10.10 0.06
2458467.3829973 10.08 0.06
2458467.3831709 10.07 0.06
2458467.3833445 10.11 0.07
2458467.3835181 10.04 0.06
2458467.3836917 10.06 0.06
2458467.3838653 9.98 0.06
2458467.3840389 9.90 0.05
2458467.3842125 9.97 0.06
2458467.3843861 10.06 0.06
2458467.3845597 10.10 0.06
2458467.3847334 10.12 0.07
2458467.3849070 10.07 0.06
2458467.3850806 9.94 0.06
2458467.3852542 10.09 0.07
2458467.3854278 10.18 0.07
2458467.3856014 10.05 0.06
2458467.3857750 10.00 0.06
2458467.3859486 9.95 0.06
2458467.3861222 10.06 0.06
2458467.3862959 10.08 0.06
2458467.3864695 10.05 0.06
2458467.3866431 10.07 0.06
2458467.3868167 9.96 0.06
2458467.3869903 10.13 0.07
2458467.3871639 10.07 0.06
2458467.3873389 10.07 0.06
2458467.3876858 10.00 0.06
2458467.3878592 10.06 0.06
2458467.3880327 10.07 0.06
2458467.3882061 10.17 0.07
2458467.3883795 10.07 0.06
2458467.3885530 10.03 0.06
2458467.3887264 10.14 0.07
2458467.3889000 10.07 0.06
2458467.3890736 10.02 0.06
2458467.3892473 9.99 0.06
2458467.3894209 10.00 0.06
2458467.3895945 10.03 0.06
2458467.3897681 10.10 0.07
2458467.3899417 10.08 0.06
2458467.3902889 10.00 0.06
2458467.3906361 10.00 0.06
2458467.3908098 10.09 0.06
2458467.3911570 10.01 0.06
2458467.3913306 10.04 0.06
2458467.3916778 10.04 0.06
2458467.3918514 10.09 0.06
2458467.3925459 9.94 0.06
2458467.3932403 10.04 0.06
2458467.3934139 10.08 0.06
2458467.3935875 10.06 0.06
2458467.3946292 9.98 0.06
2458467.3958445 10.10 0.07
2458467.3961917 10.10 0.07
2458467.3963653 10.07 0.06
2458467.3965389 9.97 0.06
2458467.3968861 10.02 0.06
2458467.3970598 10.07 0.06
2458467.3972334 10.14 0.07
2458467.3974070 9.97 0.06
2458467.3977542 10.02 0.06
2458467.3979278 10.07 0.06
2458467.3981014 10.05 0.06
2458467.3987959 9.94 0.06
2458467.3989695 10.01 0.06
2458467.3991431 9.97 0.06
2458467.3993180 10.07 0.06
2458467.3996649 10.04 0.06
2458467.3998383 10.05 0.06
2458467.4008792 10.03 0.06
2458467.4010528 10.05 0.06
2458467.4017472 10.20 0.07
2458467.4022681 9.99 0.06
2458467.4024417 10.05 0.06
2458467.4027889 9.99 0.06
2458467.4033098 10.14 0.07
2458467.4038306 10.13 0.07
2458467.4041778 10.00 0.06
2458467.4045250 10.05 0.06
2458467.4050459 10.06 0.06
2458467.4053931 10.03 0.06
2458467.4055667 10.04 0.06
2458467.4057403 10.00 0.06
2458467.4059139 9.98 0.06
2458467.4060875 10.00 0.06
2458467.4062611 10.03 0.06
2458467.4064348 10.02 0.06
2458467.4067820 10.05 0.06
2458467.4069556 9.98 0.06
2458467.4071292 10.03 0.06
2458467.4074764 10.06 0.06
2458467.4076500 9.94 0.06
2458467.4078236 10.03 0.06
2458467.4079972 10.04 0.06
2458467.4081709 9.98 0.06
2458467.4083445 9.98 0.06
2458467.4086917 10.00 0.06
2458467.4090389 9.99 0.06
2458467.4092125 10.06 0.06
2458467.4093861 9.94 0.06
2458467.4095597 10.04 0.06
2458467.4099070 10.01 0.06
2458467.4100806 10.04 0.06
2458467.4102542 10.12 0.07
2458467.4106014 10.15 0.07
2458467.4107750 10.00 0.06
2458467.4109486 10.16 0.07
2458467.4111236 10.08 0.07
2458467.4114705 10.09 0.07
2458467.4116440 10.04 0.06
2458467.4118174 10.03 0.06
2458467.4119908 10.04 0.06
2458467.4125112 10.08 0.07
2458467.4126848 10.05 0.06
2458467.4128584 9.98 0.06
2458467.4132056 10.12 0.07
2458467.4133792 10.07 0.07
2458467.4135528 10.07 0.06
2458467.4137264 10.10 0.07
2458467.4139000 10.01 0.06
2458467.4140736 10.02 0.06
2458467.4142473 10.03 0.06
2458467.4144209 9.99 0.06
2458467.4145945 10.17 0.07
2458467.4149417 10.06 0.06
2458467.4151153 10.06 0.06
2458467.4152889 10.12 0.07
2458467.4154625 9.93 0.06
2458467.4156361 10.03 0.06
2458467.4159834 10.04 0.06
2458467.4168514 10.10 0.07
2458467.4170250 10.03 0.06
2458467.4171986 10.00 0.06
2458467.4173722 10.10 0.07
2458467.4177195 10.10 0.07
2458467.4178931 9.93 0.06
2458467.4180667 10.09 0.07
2458467.4185875 10.17 0.07
2458467.4187611 10.10 0.07
2458467.4192820 9.97 0.06
2458467.4194556 10.13 0.07
2458467.4196292 10.00 0.06
2458467.4199764 10.04 0.07
2458467.4203236 10.13 0.07
2458467.4204973 10.02 0.06
2458467.4206709 10.17 0.07
2458469.3667865 10.03 0.04
2458469.3670135 10.03 0.04
2458469.3671871 10.09 0.05
2458469.3677079 10.03 0.04
2458469.3682287 10.10 0.05
2458469.3684023 10.03 0.04
2458469.3687496 10.08 0.05
2458469.3689232 10.06 0.05
2458469.3690968 10.01 0.04
2458469.3692704 10.24 0.05
2458469.3694440 10.08 0.05
2458469.3696176 10.10 0.05
2458469.3697912 10.01 0.04
2458469.3699648 10.12 0.05
2458469.3701384 10.10 0.05
2458469.3704857 10.11 0.05
2458469.3706593 10.14 0.05
2458469.3708329 10.13 0.05
2458469.3711801 10.07 0.05
2458469.3715273 10.05 0.05
2458469.3717009 10.13 0.05
2458469.3718746 10.09 0.05
2458469.3720482 10.10 0.05
2458469.3722218 10.10 0.05
2458469.3723954 9.97 0.04
2458469.3729162 10.05 0.05
2458469.3730898 10.08 0.05
2458469.3732635 10.09 0.05
2458469.3736107 10.13 0.05
2458469.3739579 10.14 0.05
2458469.3743051 9.93 0.04
2458469.3748260 10.10 0.05
2458469.3749996 10.08 0.05
2458469.3753468 10.07 0.05
2458469.3755204 10.06 0.05
2458469.3756940 10.03 0.04
2458469.3763894 10.02 0.04
2458469.3765628 10.06 0.05
2458469.3769097 10.09 0.05
2458469.3776037 10.16 0.05
2458469.3777773 10.05 0.04
2458469.3779510 10.07 0.05
2458469.3781246 10.07 0.05
2458469.3784718 10.11 0.05
2458469.3786454 10.11 0.05
2458493.2519739 10.02 0.05
2458493.2523211 9.97 0.05
2458493.2524947 10.06 0.06
2458493.2526684 10.02 0.05
2458493.2530156 10.02 0.06
2458493.2533628 10.08 0.06
2458493.2535364 10.01 0.05
2458493.2540586 10.02 0.05
2458493.2542320 10.10 0.06
2458493.2544055 10.07 0.06
2458493.2545789 9.96 0.05
2458493.2549258 10.03 0.05
2458493.2554461 10.13 0.06
2458493.2556198 10.02 0.05
2458493.2557934 9.97 0.05
2458493.2559670 10.09 0.06
2458493.2571823 10.07 0.06
2458493.2573559 10.12 0.06
2458493.2575295 10.12 0.06
2458493.2577031 10.04 0.05
2458493.2578767 10.13 0.06
2458493.2580503 9.99 0.05
2458493.2582239 10.05 0.06
2458493.2587447 10.07 0.06
2458493.2590920 10.05 0.06
2458493.2592656 10.10 0.06
2458493.2594392 10.10 0.06
2458493.2599600 10.06 0.06
2458493.2603072 10.03 0.05
2458493.2608281 9.97 0.05
2458493.2610017 10.08 0.06
2458493.2615225 10.09 0.06
2458493.2618697 10.18 0.06
2458493.2622170 10.08 0.06
2458493.2623906 10.07 0.06
2458493.2627378 10.03 0.05
2458493.2632586 10.14 0.06
2458493.2634323 10.10 0.06
2458493.2637795 10.07 0.06
2458493.2648211 10.03 0.05
2458493.2651684 10.06 0.06
2458493.2653420 10.11 0.06
2458493.2655156 10.01 0.05
2458493.2670784 10.11 0.06
2458493.2672519 10.00 0.05
2458493.2674253 10.03 0.05
2458493.2675989 10.07 0.06
2458493.2677725 10.09 0.06
2458493.2679461 10.06 0.06
2458493.2682934 10.02 0.05
2458493.2684670 10.07 0.06
2458493.2688142 10.08 0.06
2458493.2689878 10.05 0.05
2458493.2691614 10.08 0.06
2458493.2693350 10.21 0.06
2458493.2695086 10.04 0.06
2458493.2696822 10.00 0.05
2458493.2698559 10.07 0.06
2458493.2700295 10.12 0.06
2458493.2702031 9.98 0.05
2458493.2707239 9.98 0.05
2458493.2710711 10.05 0.05
2458493.2717656 10.16 0.06
2458493.2722864 10.02 0.05
2458493.2726336 10.09 0.06
2458493.2729809 10.13 0.06
2458493.2740225 9.98 0.05
2458493.2741961 10.14 0.06
2458493.2748906 10.11 0.06
2458493.2752378 10.10 0.06
2458493.2757586 10.06 0.06
2458493.2764531 10.13 0.06
2458493.2768003 10.02 0.05
2458493.2769739 10.15 0.06
2458493.2771475 10.11 0.06
2458493.2773211 10.01 0.05
2458493.2780169 10.08 0.06
2458493.2783638 10.12 0.06
2458493.2787107 10.04 0.05
2458493.2790576 10.14 0.06
2458493.2794045 10.14 0.06
2458493.2795781 10.07 0.06
2458493.2806198 10.02 0.05
2458493.2807934 10.05 0.06
2458493.2809670 10.01 0.05
2458493.2816614 10.08 0.06
2458493.2820086 10.09 0.06
2458493.2825295 10.02 0.05
2458493.2832239 10.10 0.06
2458493.2833975 10.15 0.06
2458493.2835711 10.05 0.06
2458493.2839184 10.05 0.06
2458493.2844392 10.07 0.06
2458493.2860017 9.98 0.05
2458493.2861753 9.93 0.05
2458493.2866961 10.03 0.05
2458493.2877378 10.21 0.06
2458493.2879114 10.15 0.06
2458493.2880850 10.03 0.05
2458493.2887795 10.11 0.06
2458493.2889531 10.08 0.06
2458493.2893003 10.08 0.06
2458493.2896475 10.00 0.05
2458493.2905164 10.06 0.06
2458493.2906898 10.16 0.06
2458493.2908633 10.14 0.06
2458493.2912102 10.05 0.05
2458493.2920781 10.00 0.05
2458493.2922517 10.05 0.05
2458493.2924253 10.08 0.06
2458493.2929461 10.04 0.05
2458493.2934670 10.06 0.05
2458493.2939878 10.07 0.06
2458493.2943350 10.05 0.06
2458493.2953767 10.04 0.05
2458493.2957239 10.08 0.06
2458493.2960711 10.03 0.05
2458493.2962448 9.99 0.05
2458493.2983281 10.09 0.06
2458493.2990225 9.98 0.05
2458493.2991961 10.07 0.06
2458493.2993697 10.04 0.06
2458493.2997170 10.09 0.06
2458493.2998906 10.14 0.06
2458493.3000642 10.06 0.06
2458493.3005850 10.03 0.06
2458493.3026799 10.07 0.06
2458493.3038952 10.03 0.05
2458493.3047633 10.02 0.05
2458493.3049369 10.24 0.07
2458493.3051105 10.02 0.05
2458493.3052841 10.05 0.06
2458493.3056313 10.14 0.06
2458493.3058049 10.03 0.05
2458493.3059785 10.07 0.06
2458493.3061522 10.09 0.06
2458493.3063258 10.11 0.06
2458493.3064994 10.09 0.06
2458493.3070202 10.07 0.06
2458493.3071938 10.07 0.06
2458493.3073674 10.05 0.05
2458493.3075410 10.01 0.05
2458493.3077147 10.02 0.05
2458493.3078883 10.02 0.05
2458493.3080619 10.00 0.05
2458493.3082355 10.00 0.05
2458493.3084091 10.06 0.06
2458493.3085827 10.03 0.05
2458493.3087563 10.05 0.05
2458493.3089299 10.08 0.06
2458493.3096244 10.07 0.06
2458493.3099716 10.05 0.05
2458493.3101452 10.07 0.06
2458493.3103188 10.04 0.05
2458493.3104924 10.09 0.06
2458493.3108397 9.95 0.05
2458493.3110133 10.08 0.06
2458493.3111869 10.09 0.06
2458493.3113605 10.07 0.06
2458493.3118813 10.02 0.05
2458493.3125767 10.00 0.05
2458493.3129236 10.17 0.06
2458493.3148327 10.08 0.06
2458493.3150063 10.07 0.06
2458493.3153535 10.09 0.06
2458493.3158744 10.17 0.06
2458493.3160480 10.06 0.05
2458493.3162216 10.02 0.05
2458493.3163952 10.09 0.06
2458493.3165688 10.03 0.05
2458493.3169161 10.01 0.05
2458493.3172633 10.12 0.06
2458493.3181313 10.09 0.06
2458493.3183049 10.05 0.05
2458493.3184786 10.03 0.05
2458493.3186522 10.07 0.06
2458493.3195202 10.03 0.05
2458493.3198674 10.06 0.05
2458493.3203883 9.97 0.05
2458493.3205619 10.05 0.05
2458493.3212563 10.10 0.06
2458493.3216035 10.05 0.05
2458493.3217772 9.99 0.05
2458493.3221244 10.03 0.05
2458493.3224716 10.04 0.05
2458493.3226452 10.05 0.05
2458493.3229924 10.12 0.06
2458493.3231662 10.01 0.05
2458493.3235133 10.05 0.05
2458493.3236869 10.07 0.06
2458493.3240341 10.02 0.05
2458493.3242090 10.04 0.05
2458493.3245559 10.05 0.05
2458493.3252497 10.02 0.05
2458493.3254231 10.08 0.06
2458493.3266383 10.11 0.06
2458493.3271591 10.10 0.06
2458493.3275063 9.95 0.05
2458493.3280272 10.08 0.06
2458493.3282008 10.12 0.06
2458493.3285480 10.05 0.05
2458493.3287216 10.14 0.06
2458493.3290688 10.03 0.05
2458493.3292430 10.01 0.05
2458493.3295897 10.09 0.06
2458493.3297633 10.09 0.06
2458493.3302841 9.98 0.05
2458493.3306313 10.05 0.05
2458493.3308049 10.10 0.06
2458493.3309785 10.08 0.05
2458493.3314994 10.09 0.06
2458493.3316730 10.12 0.06
2458493.3318466 10.11 0.06
2458493.3321938 10.04 0.05
2458493.3325411 10.03 0.05
2458493.3330619 10.04 0.05
2458493.3332355 9.98 0.05
2458493.3335827 10.01 0.05
2458493.3339299 10.00 0.05
2458493.3341036 10.05 0.05
2458493.3347980 10.00 0.05
2458493.3356661 10.04 0.05
2458493.3358397 10.10 0.06
2458493.3360133 10.02 0.05
2458493.3368820 10.03 0.05
2458493.3370554 9.99 0.05
2458493.3374023 10.10 0.06
2458493.3375758 10.08 0.06
2458493.3379230 10.11 0.06
2458493.3382702 10.12 0.06
2458493.3386174 10.05 0.05
2458493.3387910 9.97 0.05
2458493.3389647 10.00 0.05
2458493.3393119 10.00 0.05
2458493.3400063 10.10 0.06
2458493.3401799 10.07 0.06
2458493.3403536 10.01 0.05
2458493.3407008 10.08 0.06
2458493.3410480 10.05 0.05
2458493.3412216 10.10 0.06
2458493.3420897 10.05 0.05
2458493.3426105 10.06 0.05
2458493.3427841 10.06 0.06
2458493.3431313 10.11 0.06
2458493.3436522 10.01 0.05
2458493.3438258 10.02 0.05
2458493.3448674 10.06 0.05
2458493.3453883 10.03 0.05
2458493.3457355 10.05 0.06
2458493.3460827 10.03 0.05
2458493.3462563 10.20 0.06
2458493.3466035 10.09 0.06
2458493.3467772 10.04 0.05
2458493.3469508 10.09 0.06
2458493.3472980 9.98 0.05
2458493.3474716 10.07 0.06
2458493.3476452 10.04 0.05
2458493.3478188 10.00 0.05
2458493.3483408 10.00 0.05
2458493.3485142 10.06 0.06
2458493.3490345 10.07 0.06
2458493.3495549 10.04 0.05
2458493.3497286 10.01 0.05
2458493.3499022 10.17 0.06
2458493.3500758 10.01 0.05
2458493.3502494 9.99 0.05
2458493.3504230 10.05 0.05
2458493.3505966 10.03 0.05
2458493.3511174 10.18 0.06
2458493.3512911 10.03 0.05
2458493.3519855 10.20 0.06
2458493.3528535 10.15 0.06
2458493.3537216 10.04 0.05
2458493.3538952 10.02 0.05
2458493.3540688 10.04 0.05
2458493.3545897 10.02 0.05
2458493.3547633 10.01 0.05
2458493.3551105 9.98 0.05
2458493.3552841 10.05 0.05
2458493.3556313 10.07 0.06
2458493.3558049 10.07 0.06
2458493.3559786 10.07 0.06
2458493.3561522 10.23 0.06
2458493.3563258 10.12 0.06
2458493.3564994 10.12 0.06
2458493.3566730 10.04 0.05
2458493.3570202 10.03 0.05
2458493.3575411 10.08 0.06
2458493.3580619 10.02 0.05
2458493.3587563 10.11 0.06
2458493.3592772 10.11 0.06
2458493.3594508 10.09 0.06
2458493.3597980 10.13 0.06
2458493.3599716 10.04 0.05
2458493.3603199 10.07 0.06
2458493.3604934 10.09 0.06
2458493.3608403 10.10 0.06
2458493.3624022 10.04 0.05
2458493.3637911 10.06 0.05
2458493.3644855 10.11 0.06
2458493.3651799 10.12 0.06
2458493.3653536 10.08 0.06
2458493.3660480 10.16 0.06
2458493.3663952 10.01 0.05
2458493.3670897 10.08 0.06
2458493.3677841 10.11 0.06
2458493.3681313 10.06 0.06
2458493.3683049 10.07 0.06
2458493.3684785 10.08 0.06
2458493.3688258 10.03 0.05
2458493.3693466 10.10 0.06
2458493.3696938 9.99 0.05
2458493.3698674 10.06 0.06
2458493.3700410 10.10 0.06
2458493.3707355 10.14 0.06
2458493.3709091 10.03 0.05
2458493.3712563 10.00 0.05
2458493.3721257 10.01 0.05
2458493.3722991 10.06 0.06
2458493.3726460 10.04 0.05
2458493.3729928 10.04 0.05
2458493.3731663 10.06 0.06
2458493.3735133 10.00 0.05
2458493.3738605 9.97 0.05
2458493.3743813 10.00 0.05
2458493.3745549 10.00 0.05
2458493.3750758 10.02 0.05
2458493.3752494 10.06 0.06
2458493.3755966 10.04 0.05
2458493.3759438 10.13 0.06
2458493.3762910 10.07 0.06
2458493.3771591 10.07 0.06
2458493.3775063 10.12 0.06
2458493.3776799 10.09 0.06
2458493.3778535 10.01 0.05
2458493.3780272 10.11 0.06
2458493.3782008 10.07 0.06
2458493.3785480 10.06 0.06
2458493.3787216 9.99 0.05
2458493.3790688 10.01 0.05
2458493.3792424 9.98 0.05
2458493.3794161 9.96 0.05
2458493.3795897 10.15 0.06
2458493.3797633 10.07 0.06
2458493.3799369 10.06 0.06
2458493.3802841 10.02 0.06
2458493.3806313 10.10 0.06
2458493.3808049 10.12 0.06
2458493.3809786 10.01 0.05
2458493.3811522 10.09 0.06
2458493.3813258 10.08 0.06
2458493.3814994 10.09 0.06
2458493.3816730 10.05 0.06
2458493.3818466 10.11 0.06
2458493.3823674 10.06 0.06
2458493.3825411 10.11 0.06
2458493.3827147 10.13 0.06
2458493.3828883 10.08 0.06
2458493.3830619 10.07 0.06
2458493.3832355 10.02 0.06
2458493.3835827 10.12 0.06
2458493.3837563 10.03 0.06
2458493.3844517 10.00 0.05
2458493.3846251 10.04 0.06
2458493.3849720 10.09 0.06
2458493.3851454 10.08 0.06
2458493.3854924 10.09 0.06
2458493.3860133 10.11 0.06
2458493.3861869 10.03 0.06
2458493.3870549 10.05 0.06
2458493.3877494 10.10 0.06
2458493.3880966 10.07 0.06
2458493.3882702 10.11 0.06
2458493.3889647 10.06 0.06
2458493.3891383 10.04 0.06
2458493.3896591 10.01 0.05
2458493.3898327 10.09 0.06
2458493.3903536 10.11 0.06
2458493.3905272 10.11 0.06
2458493.3910480 10.12 0.06
2458493.3913952 10.06 0.06
2458493.3915688 10.04 0.06
2458493.3920897 10.05 0.06
2458493.3922633 10.09 0.06
2458493.3924369 10.08 0.06
2458493.3926105 10.01 0.05
2458493.3929577 10.07 0.06
2458493.3933049 10.05 0.06
2458493.3936522 10.02 0.06
2458493.3945202 10.01 0.06
2458493.3957355 10.05 0.06
2458493.3967777 10.01 0.06
2458493.3972980 9.99 0.05
2458493.3978188 10.04 0.06
2458493.3981661 10.05 0.06
2458493.3986869 10.09 0.06
2458493.3988605 10.05 0.06
2458493.3992077 10.05 0.06
2458493.3995549 9.97 0.05
2458493.4009438 10.02 0.06
2458493.4018119 10.09 0.06
2458493.4028536 9.98 0.05
2458493.4030272 10.10 0.06
2458493.4035480 10.07 0.06
2458493.4042424 10.13 0.06
2458493.4044161 10.05 0.06
2458493.4045897 10.04 0.06
2458493.4047633 10.08 0.06
2458493.4051105 10.16 0.06
2458493.4056313 10.02 0.06
2458493.4058049 10.05 0.06
2458493.4063258 10.02 0.06
2458493.4064994 10.04 0.06
2458493.4066730 10.06 0.06
2458493.4071938 10.02 0.06
2458493.4073674 10.19 0.07
2458493.4075410 10.05 0.06
2458493.4077147 10.08 0.06
2458493.4092772 10.13 0.06
2458493.4096244 10.07 0.06
2458493.4101452 10.13 0.06
2458493.4103188 10.13 0.06
2458493.4106661 10.10 0.06
2458493.4110133 10.01 0.06
2458493.4111869 10.20 0.07
2458493.4113605 10.09 0.06
2458493.4115341 10.13 0.06
2458493.4117077 10.02 0.06
2458493.4118813 10.08 0.06
2458493.4120549 10.01 0.06
2458493.4122286 10.15 0.07
2458493.4124022 10.18 0.07
2458493.4127494 10.06 0.06
2458493.4132702 10.11 0.06
2458493.4134438 10.01 0.06
2458493.4136174 10.14 0.07
2458493.4137911 9.91 0.05
2458493.4141383 10.04 0.06
2458493.4146591 10.22 0.07
2458493.4148327 9.97 0.06
2458493.4150063 9.98 0.06
2458493.4153535 10.10 0.06
2458493.4155272 10.09 0.06
2458493.4158744 10.16 0.07
2458494.3448211 10.25 0.14
2458494.3449948 10.11 0.11
2458494.3451684 10.30 0.13
2458494.3455156 10.09 0.09
2458494.3456892 10.24 0.10
2458494.3458628 10.01 0.08
2458494.3460364 9.96 0.07
2458494.3462100 10.08 0.08
2458494.3463836 10.08 0.08
2458494.3465573 10.13 0.08
2458494.3472517 10.13 0.08
2458494.3474253 10.04 0.08
2458494.3475989 10.12 0.08
2458494.3481197 10.16 0.09
2458494.3484670 10.00 0.08
2458494.3489878 10.25 0.09
2458494.3507239 10.05 0.08
2458494.3519392 10.15 0.09
2458494.3529809 10.15 0.09
2458494.3533281 10.09 0.09
2458494.3543703 9.96 0.08
2458494.3545438 10.02 0.09
2458494.3557586 9.98 0.09
2458494.3559322 10.04 0.10
2458494.3562795 10.08 0.10
2458494.3564531 10.05 0.10
2458494.3566267 10.21 0.12
2458494.3568003 9.94 0.09
2458494.3571475 10.07 0.10
2458494.3580156 10.24 0.13
2458494.3585364 10.10 0.11
2458494.3594045 9.94 0.09
2458494.3595781 10.10 0.11
2458494.3606945 9.93 0.10
2458494.3611406 9.97 0.11
2458494.3613142 10.25 0.14
2458494.3621823 10.10 0.13
2458494.3623559 10.13 0.13
2458494.3627031 10.15 0.14
2458494.3628767 9.96 0.12
2458494.3630503 10.00 0.12
2458494.3633975 9.95 0.12
2458494.3640920 10.10 0.14
2458494.3649600 9.98 0.14
2458495.1342424 10.01 0.09
2458495.1349380 10.08 0.10
2458495.1351115 9.89 0.08
2458495.1352849 9.94 0.08
2458495.1364994 10.16 0.10
2458495.1366730 10.20 0.11
2458495.1368466 10.13 0.10
2458495.1373674 10.16 0.10
2458495.1377147 10.16 0.10
2458495.1378883 10.10 0.10
2458495.1385827 10.00 0.09
2458495.1391035 10.11 0.10
2458495.1392772 10.07 0.09
2458495.1394508 10.07 0.09
2458495.1399716 10.10 0.09
2458495.1401452 10.09 0.09
2458495.1403188 10.14 0.10
2458495.1411869 10.00 0.09
2458495.1418813 10.18 0.10
2458495.1420549 10.08 0.09
2458495.1424022 10.03 0.09
2458495.1425758 10.17 0.10
2458495.1427494 10.13 0.10
2458495.1429230 10.18 0.10
2458495.1430966 10.08 0.09
2458495.1439647 10.15 0.10
2458495.1446591 10.04 0.09
2458495.1448327 10.09 0.09
2458495.1457008 10.28 0.11
2458495.1458744 10.19 0.10
2458495.1460480 10.14 0.10
2458495.1463952 10.32 0.12
2458495.1467438 10.02 0.09
2458495.1469172 10.13 0.10
2458495.1472641 10.09 0.09
2458495.1474375 10.07 0.09
2458495.1476110 10.14 0.10
2458495.1477844 10.06 0.09
2458495.1479579 10.02 0.09
2458495.1481313 10.15 0.10
2458495.1483049 10.09 0.09
2458495.1484786 10.24 0.11
2458495.1486522 10.18 0.10
2458495.1488258 10.14 0.10
2458495.1489994 10.18 0.10
2458495.1491730 10.23 0.11
2458495.1495202 10.13 0.10
2458495.1496938 9.99 0.08
2458495.1498674 10.05 0.09
2458495.1500411 10.08 0.09
2458495.1502147 10.25 0.11
2458495.1503883 10.11 0.09
2458495.1512563 10.15 0.10
2458495.1514299 10.03 0.09
2458495.1517772 9.98 0.08
2458495.1521244 10.05 0.09
2458495.1524716 9.95 0.08
2458495.1526452 10.03 0.09
2458495.1528188 10.02 0.09
2458495.1529924 10.17 0.10
2458495.1531660 10.06 0.09
2458495.1533397 9.95 0.08
2458495.1538605 10.27 0.11
2458495.1542077 9.94 0.08
2458495.1545549 10.14 0.10
2458495.1547285 10.03 0.09
2458495.1549022 10.00 0.08
2458495.1562911 10.10 0.09
2458495.1564647 10.06 0.09
2458495.1575063 10.06 0.09
2458495.1576799 9.99 0.08
2458495.1578536 10.16 0.10
2458495.1580272 10.26 0.11
2458495.1583744 10.23 0.10
2458495.1585480 10.16 0.10
2458495.1588964 10.07 0.09
2458495.1592433 10.10 0.09
2458495.1595902 10.13 0.09
2458495.1597636 10.10 0.09
2458495.1601105 10.12 0.09
2458495.1602841 10.24 0.10
2458495.1609785 10.20 0.10
2458495.1611522 10.08 0.09
2458495.1620202 10.35 0.12
2458495.1625410 10.02 0.08
2458495.1627147 10.21 0.10
2458495.1630619 10.21 0.10
2458495.1639299 10.07 0.09
2458495.1641036 10.20 0.10
2458495.1649716 10.17 0.10
2458495.1660133 9.96 0.08
2458495.1670549 10.05 0.08
2458495.1672285 10.05 0.09
2458495.1674022 10.14 0.09
2458495.1679230 10.00 0.08
2458495.1684438 10.17 0.10
2458495.1686174 10.10 0.09
2458495.1687910 10.00 0.08
2458495.1693119 9.98 0.08
2458495.1694855 10.05 0.09
2458495.1696591 10.09 0.09
2458495.1698327 10.09 0.09
2458495.1705272 10.11 0.09
2458495.1707022 10.24 0.10
2458495.1708756 10.14 0.09
2458495.1713960 10.00 0.08
2458495.1715694 10.10 0.09
2458495.1717428 10.14 0.09
2458495.1719163 10.03 0.08
2458495.1720897 10.16 0.09
2458495.1724369 10.08 0.09
2458495.1726105 10.19 0.10
2458495.1733049 10.12 0.09
2458495.1734786 10.10 0.09
2458495.1738258 10.12 0.09
2458495.1739994 9.91 0.07
2458495.1741730 10.01 0.08
2458495.1746938 10.00 0.08
2458495.1752147 10.36 0.11
2458495.1755619 10.10 0.09
2458495.1759091 9.97 0.08
2458495.1766035 10.06 0.08
2458495.1767772 10.14 0.09
2458495.1769508 10.14 0.09
2458495.1772980 10.08 0.09
2458495.1779924 10.06 0.08
2458495.1781660 10.13 0.09
2458495.1783397 10.02 0.08
2458495.1786869 10.29 0.10
2458495.1790341 10.11 0.09
2458495.1792077 10.20 0.09
2458495.1793813 10.09 0.09
2458495.1805966 10.19 0.09
2458495.1811174 10.08 0.09
2458495.1818119 9.96 0.08
2458495.1833752 10.26 0.10
2458495.1859785 10.03 0.08
2458495.1864994 9.95 0.07
2458495.1868466 10.07 0.08
2458495.1870202 10.09 0.08
2458495.1873674 9.98 0.08
2458495.1875411 9.99 0.08
2458495.1878883 9.99 0.08
2458495.1880619 10.08 0.08
2458495.1885827 10.00 0.08
2458495.1887563 10.05 0.08
2458495.1889299 10.02 0.08
2458495.1892772 10.07 0.08
2458495.1899716 10.02 0.08
2458495.1904924 10.12 0.08
2458495.1906661 10.05 0.08
2458495.1910133 10.00 0.08
2458495.1911869 9.98 0.07
2458495.1913605 10.05 0.08
2458495.1915341 10.02 0.08
2458495.1918813 10.04 0.08
2458495.1922285 10.00 0.08
2458495.1924022 10.13 0.09
2458495.1925758 10.10 0.08
2458495.1927494 10.12 0.08
2458495.1937910 10.03 0.08
2458495.1941383 10.03 0.08
2458495.1944855 10.18 0.09
2458495.1946591 10.08 0.08
2458495.1957013 10.04 0.08
2458495.1962216 10.14 0.09
2458495.1970897 10.00 0.08
2458495.1972633 10.08 0.08
2458495.1983049 9.97 0.07
2458495.2005619 10.11 0.08
2458495.2007355 10.17 0.09
2458495.2010827 9.96 0.07
2458495.2017772 10.06 0.08
2458495.2019508 10.06 0.08
2458495.2022980 9.95 0.07
2458495.2029924 10.08 0.08
2458495.2031661 9.99 0.07
2458495.2033397 10.07 0.08
2458495.2036869 10.03 0.08
2458495.2038605 10.07 0.08
2458495.2040341 10.05 0.08
2458495.2043813 10.13 0.09
2458495.2047286 10.07 0.08
2458495.2052494 10.09 0.08
2458495.2054230 9.92 0.07
2458495.2055966 9.96 0.07
2458495.2057702 10.01 0.08
2458495.2062911 9.93 0.07
2458495.2064647 10.09 0.08
2458495.2066383 10.06 0.08
2458495.2068132 10.01 0.08
2458495.2069867 10.08 0.08
2458495.2076805 10.03 0.08
2458495.2078539 9.90 0.07
2458495.2080274 10.09 0.08
2458495.2083744 10.00 0.08
2458495.2085480 10.15 0.09
2458495.2087216 9.92 0.07
2458495.2092424 10.18 0.09
2458495.2094160 9.97 0.07
2458495.2095897 10.04 0.08
2458495.2099369 10.11 0.08
2458495.2102841 10.16 0.09
2458495.2106313 10.01 0.08
2458495.2113258 10.07 0.08
2458495.2116730 9.99 0.07
2458495.2118466 10.10 0.08
2458495.2121938 9.98 0.07
2458495.2123674 10.01 0.08
2458495.2134091 9.93 0.07
2458495.2139299 10.17 0.09
2458495.2141036 9.98 0.07
2458495.2142772 10.04 0.08
2458495.2144508 9.88 0.07
2458495.2146244 9.99 0.07
2458495.2147980 10.12 0.08
2458495.2151452 10.12 0.08
2458495.2153188 10.04 0.08
2458495.2172285 10.00 0.07
2458495.2198331 9.96 0.07
2458495.2201799 10.05 0.08
2458495.2203536 9.95 0.07
2458495.2205272 10.03 0.08
2458495.2207008 9.89 0.07
2458495.2212216 9.95 0.07
2458495.2215688 10.14 0.08
2458495.2219161 9.99 0.07
2458495.2220897 9.94 0.07
2458495.2224369 10.10 0.08
2458495.2226105 10.01 0.08
2458495.2227841 10.12 0.08
2458495.2231313 10.06 0.08
2458495.2233049 10.11 0.08
2458495.2243466 10.12 0.08
2458495.2245202 10.03 0.08
2458495.2248674 9.93 0.07
2458495.2252147 10.18 0.09
2458495.2253883 9.98 0.07
2458495.2255619 10.04 0.08
2458495.2257355 10.06 0.08
2458495.2262563 10.01 0.08
2458495.2266036 10.01 0.08
2458495.2267772 10.02 0.08
2458495.2269508 10.00 0.07
2458495.2271244 9.92 0.07
2458495.2272980 9.96 0.07
2458495.2274716 10.10 0.08
2458495.2276452 10.24 0.09
2458495.2279924 10.15 0.08
2458495.2281661 10.16 0.09
2458495.2285133 10.18 0.09
2458495.2286869 10.14 0.08
2458495.2288605 10.12 0.08
2458495.2290341 9.97 0.07
2458495.2292077 10.11 0.08
2458495.2299022 10.19 0.09
2458495.2302494 10.17 0.08
2458495.2304230 10.04 0.08
2458495.2305966 10.09 0.08
2458495.2321591 10.06 0.08
2458495.2333744 10.02 0.07
2458495.2337216 10.11 0.08
2458495.2342424 9.94 0.07
2458495.2345897 10.09 0.08
2458495.2347633 9.98 0.07
2458495.2349369 10.04 0.07
2458495.2351105 10.07 0.08
2458495.2354577 10.04 0.07
2458495.2356313 10.05 0.08
2458495.2358049 10.07 0.08
2458495.2359785 10.10 0.08
2458495.2361522 9.91 0.07
2458495.2364994 10.09 0.08
2458495.2366730 9.92 0.07
2458495.2368466 9.96 0.07
2458495.2370202 10.08 0.08
2458495.2371938 10.15 0.08
2458495.2377147 10.08 0.08
2458495.2378883 10.17 0.08
2458495.2380619 10.10 0.08
2458495.2384091 10.05 0.07
2458495.2389299 10.15 0.08
2458495.2391035 10.21 0.09
2458495.2392772 10.14 0.08
2458495.2396244 10.12 0.08
2458495.2397980 10.09 0.08
2458495.2399716 10.00 0.07
2458495.2401452 10.11 0.08
2458495.2403188 10.13 0.08
2458495.2404924 10.02 0.07
2458495.2408397 10.06 0.07
2458495.2410133 10.06 0.07
2458495.2411869 9.97 0.07
2458495.2413605 9.98 0.07
2458495.2415341 10.00 0.07
2458495.2417077 10.07 0.08
2458495.2418813 10.06 0.07
2458495.2420549 10.02 0.07
2458495.2424022 10.07 0.08
2458495.2425758 9.89 0.06
2458495.2427508 9.98 0.07
2458495.2429242 9.97 0.07
2458495.2430977 10.03 0.07
2458495.2432711 10.07 0.08
2458495.2436180 10.02 0.07
2458495.2437914 10.01 0.07
2458495.2441383 10.08 0.08
2458495.2443119 10.07 0.08
2458495.2446591 10.07 0.08
2458495.2450063 9.95 0.07
2458495.2451799 10.03 0.07
2458495.2455272 10.06 0.07
2458495.2457008 10.05 0.07
2458495.2462216 10.22 0.09
2458495.2465688 10.06 0.07
2458495.2467424 10.02 0.07
2458495.2470897 10.10 0.08
2458495.2474369 10.13 0.08
2458495.2476105 10.06 0.07
2458495.2483049 9.98 0.07
2458495.2486522 10.03 0.07
2458495.2496938 10.01 0.07
2458495.2503883 10.00 0.07
2458495.2505619 10.08 0.08
2458495.2507355 10.16 0.08
2458495.2514299 10.06 0.07
2458495.2516036 10.05 0.07
2458495.2519508 10.00 0.07
2458495.2521244 10.02 0.07
2458495.2526452 10.00 0.07
2458495.2529924 9.90 0.06
2458495.2531661 9.94 0.07
2458495.2535133 10.04 0.07
2458495.2536869 10.04 0.07
2458495.2538605 10.09 0.08
2458495.2540341 9.98 0.07
2458495.2542077 10.20 0.08
2458495.2543813 10.08 0.08
2458495.2545549 9.90 0.06
2458495.2547300 9.95 0.07
2458495.2549034 10.14 0.08
2458495.2550769 10.10 0.08
2458495.2552503 10.03 0.07
2458495.2554238 10.15 0.08
2458495.2555972 10.00 0.07
2458495.2557706 10.04 0.07
2458495.2559441 9.94 0.07
2458495.2561175 9.86 0.06
2458495.2564647 10.15 0.08
2458495.2566383 10.11 0.08
2458495.2568119 10.11 0.08
2458495.2569855 10.01 0.07
2458495.2571591 9.99 0.07
2458495.2573327 10.05 0.07
2458495.2575063 10.09 0.07
2458495.2578536 10.10 0.08
2458495.2580272 10.15 0.08
2458495.2582008 10.07 0.07
2458495.2583744 9.98 0.07
2458495.2585480 10.01 0.07
2458495.2588952 9.95 0.06
2458495.2590688 10.04 0.07
2458495.2592424 10.11 0.08
2458495.2594161 10.10 0.07
2458495.2595897 10.04 0.07
2458495.2597633 10.10 0.07
2458495.2599369 9.97 0.07
2458495.2601105 10.12 0.08
2458495.2602841 10.09 0.07
2458495.2604577 10.07 0.07
2458495.2606313 10.01 0.07
2458495.2608049 10.17 0.08
2458495.2609786 10.11 0.08
2458495.2611522 9.99 0.07
2458495.2614994 10.11 0.08
2458495.2616730 10.07 0.07
2458495.2618466 9.84 0.06
2458495.2620202 9.99 0.07
2458495.2623674 10.05 0.07
2458495.2625410 9.97 0.07
2458495.2627147 10.09 0.07
2458495.2628883 10.10 0.07
2458495.2630619 10.14 0.08
2458495.2632355 10.05 0.07
2458495.2634091 10.11 0.08
2458495.2635827 10.06 0.07
2458495.2637563 10.06 0.07
2458495.2641035 10.17 0.08
2458495.2642772 10.00 0.07
2458495.2644508 10.01 0.07
2458495.2646244 10.13 0.08
2458495.2647980 9.94 0.06
2458495.2649716 10.04 0.07
2458495.2651452 10.02 0.07
2458495.2653188 10.07 0.07
2458495.2656661 10.11 0.08
2458495.2658397 10.03 0.07
2458495.2660133 10.01 0.07
2458495.2665341 10.00 0.07
2458495.2679233 10.13 0.08
2458495.2680967 10.03 0.07
2458495.2682702 10.00 0.07
2458495.2686174 10.10 0.07
2458495.2689647 10.18 0.08
2458495.2693119 10.07 0.07
2458495.2694855 10.08 0.07
2458495.2698327 10.08 0.07
2458495.2701799 10.11 0.08
2458495.2703535 10.07 0.07
2458495.2708744 10.10 0.07
2458495.2712216 9.97 0.07
2458495.2713952 10.05 0.07
2458495.2717424 10.07 0.07
2458495.2719160 10.07 0.07
2458495.2720897 10.13 0.08
2458495.2722633 10.07 0.07
2458495.2743466 10.01 0.07
2458495.2745202 10.06 0.07
2458495.2746938 10.15 0.08
2458495.2750411 10.13 0.08
2458495.2752147 10.08 0.07
2458495.2755619 10.12 0.08
2458495.2757355 10.12 0.08
2458495.2759091 10.02 0.07
2458495.2760827 10.05 0.07
2458495.2762563 10.05 0.07
2458495.2764299 9.98 0.07
2458495.2767772 10.28 0.09
2458498.1654809 10.02 0.08
2458498.1658281 10.10 0.07
2458498.1663489 10.00 0.07
2458498.1672176 10.09 0.07
2458498.1673910 10.14 0.08
2458498.1677379 10.04 0.07
2458498.1679114 10.10 0.07
2458498.1686059 10.05 0.07
2458498.1689531 9.98 0.06
2458498.1706892 10.10 0.07
2458498.1710364 10.04 0.07
2458498.1713836 10.06 0.07
2458498.1715572 10.05 0.07
2458498.1719045 10.06 0.07
2458498.1720781 10.03 0.07
2458498.1722517 10.06 0.07
2458498.1724253 10.08 0.07
2458498.1725989 10.16 0.08
2458498.1727725 10.09 0.07
2458498.1729461 9.99 0.06
2458498.1731198 10.02 0.07
2458498.1734670 9.96 0.06
2458498.1736406 10.13 0.07
2458498.1738142 10.08 0.07
2458498.1739878 10.02 0.06
2458498.1741614 9.99 0.06
2458498.1743350 10.03 0.06
2458498.1753767 10.17 0.07
2458498.1755503 10.24 0.08
2458498.1757239 10.04 0.07
2458498.1758975 10.06 0.07
2458498.1760711 10.09 0.07
2458498.1764184 10.11 0.07
2458498.1767656 10.00 0.06
2458498.1769392 10.08 0.07
2458498.1771128 9.95 0.06
2458498.1774600 10.08 0.07
2458498.1776336 10.12 0.07
2458498.1778072 10.08 0.07
2458498.1779809 10.08 0.07
2458498.1786763 9.99 0.06
2458498.1790232 9.95 0.06
2458498.1793701 10.18 0.07
2458498.1797170 10.11 0.07
2458498.1800642 10.12 0.07
2458498.1805850 10.13 0.07
2458498.1809323 10.12 0.07
2458498.1811059 10.03 0.06
2458498.1814531 9.99 0.06
2458498.1816267 10.06 0.06
2458498.1831892 10.13 0.07
2458498.1835364 10.08 0.07
2458498.1844045 10.00 0.06
2458498.1845781 9.99 0.06
2458498.1849253 10.05 0.06
2458498.1850989 10.10 0.07
2458498.1861406 10.06 0.06
2458498.1866614 10.03 0.06
2458498.1870086 10.03 0.06
2458498.1887448 10.10 0.07
2458498.1889184 9.88 0.05
2458498.1890920 10.02 0.06
2458498.1892656 9.95 0.06
2458498.1894392 10.01 0.06
2458498.1896128 9.98 0.06
2458498.1897864 10.07 0.07
2458498.1899600 10.02 0.06
2458498.1901336 10.02 0.06
2458498.1903073 10.06 0.06
2458498.1906545 10.10 0.07
2458498.1908281 10.00 0.06
2458498.1910017 10.03 0.06
2458498.1913489 10.18 0.07
2458498.1915225 10.01 0.06
2458498.1920434 10.09 0.07
2458498.1922170 10.06 0.06
2458498.1923906 10.04 0.06
2458498.1925642 10.03 0.06
2458498.1927378 10.20 0.07
2458498.1929114 10.18 0.07
2458498.1930850 10.07 0.06
2458498.1932586 10.12 0.07
2458498.1936059 10.05 0.06
2458498.1941267 10.01 0.06
2458498.1943003 10.12 0.06
2458498.1948211 10.09 0.06
2458498.1949947 10.14 0.07
2458498.1958628 10.04 0.06
2458498.1962112 10.07 0.06
2458498.1963846 10.05 0.06
2458498.1965581 10.18 0.07
2458498.1967315 10.07 0.06
2458498.1972519 10.08 0.06
2458498.1974253 10.01 0.06
2458498.1979461 10.02 0.06
2458498.1981198 9.93 0.05
2458498.1982934 10.09 0.06
2458498.1984670 10.00 0.06
2458498.1986406 10.11 0.06
2458498.1995086 10.09 0.06
2458498.1996822 10.12 0.06
2458498.2003767 10.07 0.06
2458498.2005503 10.11 0.06
2458498.2007239 10.04 0.06
2458498.2010711 9.97 0.06
2458498.2012447 9.96 0.05
2458498.2015920 10.05 0.06
2458498.2017656 10.01 0.06
2458498.2019392 10.07 0.06
2458498.2021128 9.91 0.05
2458498.2022864 10.06 0.06
2458498.2026336 10.04 0.06
2458498.2029809 9.90 0.05
2458498.2031545 10.11 0.06
2458498.2033281 10.13 0.06
2458498.2035017 10.01 0.06
2458498.2036753 10.13 0.06
2458498.2038489 9.99 0.05
2458498.2040225 10.10 0.06
2458498.2041961 10.14 0.06
2458498.2047170 10.06 0.06
2458498.2048906 9.99 0.06
2458498.2054114 9.99 0.06
2458498.2057586 10.12 0.06
2458498.2059323 10.06 0.06
2458498.2061059 9.96 0.05
2458498.2062795 9.99 0.06
2458498.2064531 10.06 0.06
2458498.2066267 10.16 0.06
2458498.2069739 10.07 0.06
2458498.2071475 10.04 0.06
2458498.2074947 9.95 0.05
2458498.2080169 9.98 0.05
2458498.2081904 10.05 0.06
2458498.2083638 10.14 0.06
2458498.2085373 10.13 0.06
2458498.2088841 10.06 0.06
2458498.2090576 10.00 0.06
2458498.2092310 10.25 0.07
2458498.2097517 9.98 0.05
2458498.2100989 10.05 0.06
2458498.2102725 9.96 0.05
2458498.2104461 10.08 0.06
2458498.2111406 10.06 0.06
2458498.2113142 10.10 0.06
2458498.2114878 10.08 0.06
2458498.2116614 10.01 0.06
2458498.2121823 10.02 0.06
2458498.2123559 10.04 0.06
2458498.2125295 10.09 0.06
2458498.2128767 10.07 0.06
2458498.2133975 10.03 0.06
2458498.2135711 10.13 0.06
2458498.2139184 10.03 0.06
2458498.2140920 10.00 0.06
2458498.2142656 10.05 0.06
2458498.2144392 9.96 0.05
2458498.2147864 10.04 0.06
2458498.2149600 10.08 0.06
2458498.2151336 10.08 0.06
2458498.2153072 10.04 0.06
2458498.2154809 10.09 0.06
2458498.2156545 9.98 0.05
2458498.2158281 10.06 0.06
2458498.2160017 9.99 0.05
2458498.2161753 9.96 0.05
2458498.2163489 10.04 0.06
2458498.2166961 10.13 0.06
2458498.2168697 10.00 0.06
2458498.2170434 9.96 0.05
2458498.2173906 9.98 0.05
2458498.2175642 9.98 0.05
2458498.2177378 10.07 0.06
2458498.2179114 10.00 0.05
2458498.2186059 10.05 0.06
2458498.2187795 10.11 0.06
2458498.2191267 9.97 0.05
2458498.2193003 9.98 0.05
2458498.2194739 10.08 0.06
2458498.2196475 10.10 0.06
2458498.2203429 10.08 0.06
2458498.2205163 9.97 0.05
2458498.2206898 10.10 0.06
2458498.2210366 10.14 0.06
2458498.2212101 10.06 0.06
2458498.2213836 10.07 0.06
2458498.2215573 10.08 0.06
2458498.2217309 10.05 0.06
2458498.2219045 10.00 0.05
2458498.2220781 10.07 0.06
2458498.2222517 10.02 0.06
2458498.2224253 10.06 0.06
2458498.2225989 10.08 0.06
2458498.2227725 9.99 0.05
2458498.2229461 10.00 0.05
2458498.2231197 10.09 0.06
2458498.2232934 10.03 0.06
2458498.2234670 10.06 0.06
2458498.2236406 10.08 0.06
2458498.2238142 10.15 0.06
2458498.2239878 10.07 0.06
2458498.2245086 10.03 0.05
2458498.2246822 10.04 0.05
2458498.2248559 10.06 0.06
2458498.2252031 10.07 0.06
2458498.2253767 10.05 0.06
2458498.2257239 10.02 0.05
2458498.2258975 9.98 0.05
2458498.2264184 10.05 0.06
2458498.2271128 10.09 0.06
2458498.2274600 10.13 0.06
2458498.2276336 10.13 0.06
2458498.2278073 10.02 0.06
2458498.2281545 10.11 0.06
2458498.2283281 10.01 0.06
2458498.2286753 9.99 0.05
2458498.2288489 10.06 0.06
2458498.2290225 10.04 0.06
2458498.2291961 10.00 0.05
2458498.2295434 10.08 0.06
2458498.2297170 9.99 0.05
2458498.2298906 10.04 0.06
2458498.2302378 10.03 0.06
2458498.2304114 10.20 0.07
2458498.2309322 9.97 0.05
2458498.2311059 10.09 0.06
2458498.2314531 10.10 0.06
2458498.2316267 10.09 0.06
2458498.2319750 10.16 0.06
2458498.2321485 9.99 0.05
2458498.2323219 10.08 0.06
2458498.2328422 10.12 0.06
2458498.2330157 9.99 0.05
2458498.2331892 10.03 0.06
2458498.2333628 10.09 0.06
2458498.2337100 10.09 0.06
2458498.2338836 10.10 0.06
2458498.2340572 10.10 0.06
2458498.2342309 10.05 0.06
2458498.2344045 10.05 0.06
2458498.2349253 9.99 0.05
2458498.2350989 10.13 0.06
2458498.2352725 10.03 0.06
2458498.2354461 10.05 0.06
2458498.2356198 9.99 0.05
2458498.2357934 10.10 0.06
2458498.2359670 9.99 0.05
2458498.2361406 10.08 0.06
2458498.2363142 10.07 0.06
2458498.2364878 10.06 0.06
2458498.2366614 10.00 0.06
2458498.2368350 10.14 0.06
2458498.2370086 10.08 0.06
2458498.2373559 10.00 0.06
2458498.2375295 10.00 0.06
2458498.2377031 10.09 0.06
2458498.2378767 10.10 0.06
2458498.2380503 10.14 0.06
2458498.2382239 10.11 0.06
2458498.2390920 9.97 0.06
2458498.2392656 10.07 0.06
2458498.2396128 10.05 0.06
2458498.2397864 10.04 0.06
2458498.2401336 10.05 0.06
2458498.2403072 10.16 0.07
2458498.2404809 10.06 0.06
2458498.2411753 10.04 0.06
2458498.2415225 10.08 0.06
2458498.2416961 10.01 0.06
2458498.2422170 9.99 0.06
2458498.2423906 10.03 0.06
2458498.2425642 10.06 0.06
2458498.2434323 10.14 0.06
2458498.2439541 9.96 0.05
2458498.2444745 10.12 0.06
2458498.2449948 10.00 0.06
2458498.2453420 10.11 0.06
2458498.2455156 10.07 0.06
2458498.2460364 10.02 0.06
2458498.2470781 10.01 0.06
2458498.2472517 10.00 0.06
2458498.2474253 10.07 0.06
2458498.2475989 10.11 0.06
2458498.2477725 10.09 0.06
2458498.2479461 10.13 0.06
2458498.2481197 10.04 0.06
2458498.2482934 10.06 0.06
2458498.2488142 10.04 0.06
2458498.2489878 10.24 0.07
2458498.2491614 10.04 0.06
2458498.2493350 10.06 0.06
2458498.2496822 10.11 0.06
2458498.2508975 10.08 0.06
2458498.2515920 10.11 0.06
2458498.2517656 10.05 0.06
2458498.2533281 10.12 0.06
2458498.2538489 9.97 0.06
2458498.2540225 10.03 0.06
2458498.2541961 10.09 0.06
2458498.2543697 10.06 0.06
2458498.2545434 10.03 0.06
2458498.2547170 10.04 0.06
2458498.2548906 10.25 0.07
2458498.2552378 10.00 0.06
2458498.2564535 10.17 0.07
2458498.2571475 10.06 0.06
2458498.2576684 10.13 0.07
2458498.2580156 10.01 0.06
2458498.2583628 10.09 0.06
2458498.2590573 9.99 0.06
2458498.2600989 10.10 0.06
2458498.2604461 10.11 0.07
2458498.2607934 10.13 0.07
2458498.2613142 10.14 0.07
2458498.2616614 10.04 0.06
2458498.2635711 10.01 0.05
2458498.2639184 10.07 0.05
2458498.2642656 10.01 0.05
2458498.2687796 10.08 0.05
2458498.2689531 10.03 0.05
2458498.2696475 10.01 0.05
2458498.2712100 10.01 0.05
2458498.2724253 10.07 0.05
2458498.2725989 10.03 0.05
2458498.2731197 10.10 0.05
2458498.2745086 9.98 0.05
2458498.2755503 10.01 0.05
2458498.2771128 10.07 0.05
2458498.2778072 9.97 0.05
2458498.2786753 10.08 0.05
2458498.2788489 10.07 0.05
2458498.2790225 9.98 0.05
2458498.2793697 9.97 0.05
2458498.2795448 10.03 0.05
2458498.2809323 10.05 0.05
2458498.2814531 10.01 0.05
2458498.2821475 10.07 0.05
2458498.2823211 10.05 0.05
2458498.2831892 10.11 0.05
2458498.2837100 9.99 0.05
2458498.2842309 10.08 0.05
2458498.2845781 9.99 0.05
2458498.2849253 10.05 0.05
2458498.2854461 10.04 0.05
2458498.2856197 10.03 0.05
2458498.2857934 10.04 0.05
2458498.2859670 10.03 0.05
2458498.2863142 10.12 0.05
2458498.2864878 9.93 0.05
2458498.2866614 9.99 0.05
2458498.2868350 10.01 0.05
2458498.2870086 9.98 0.05
2458498.2871822 9.99 0.05
2458498.2873559 10.01 0.05
2458498.2875295 10.14 0.06
2458498.2878767 10.06 0.05
2458498.2880503 9.99 0.05
2458498.2882239 10.14 0.06
2458498.2883975 10.09 0.05
2458498.2885711 10.01 0.05
2458498.2887447 10.07 0.05
2458498.2890920 10.00 0.05
2458498.2896128 9.94 0.05
2458498.2899600 9.99 0.05
2458498.2904809 9.97 0.05
2458498.2906545 10.00 0.05
2458498.2911753 10.02 0.05
2458498.2916974 9.95 0.05
2458498.2923912 10.00 0.05
2458498.2925646 10.07 0.05
2458498.2927381 10.01 0.05
2458498.2929115 10.11 0.06
2458498.2930850 9.96 0.05
2458498.2932586 9.95 0.05
2458498.2936059 9.98 0.05
2458498.2937795 10.03 0.05
2458498.2939531 9.99 0.05
2458498.2946475 10.01 0.05
2458498.2948211 9.98 0.05
2458498.2951684 10.05 0.05
2458498.2953420 10.01 0.05
2458498.2955156 9.98 0.05
2458498.2956892 10.09 0.05
2458498.2960364 10.02 0.05
2458498.2962100 10.06 0.05
2458498.2963836 9.98 0.05
2458498.2965572 10.00 0.05
2458498.2967309 10.06 0.05
2458498.2969045 10.08 0.05
2458498.2970781 10.05 0.05
2458498.2972517 10.02 0.05
2458498.2977725 10.12 0.06
2458498.2979461 10.07 0.05
2458498.2981198 10.06 0.05
2458498.2984670 10.06 0.05
2458498.2986406 9.95 0.05
2458498.2988142 10.08 0.05
2458498.2989878 10.06 0.05
2458498.2993350 10.06 0.05
2458498.2995086 9.99 0.05
2458498.2996823 10.04 0.05
2458498.2998559 10.01 0.05
2458498.3000295 10.00 0.05
2458498.3002031 10.06 0.05
2458498.3003767 10.00 0.05
2458498.3005503 10.05 0.05
2458498.3007239 9.96 0.05
2458498.3008975 10.05 0.05
2458498.3010711 10.11 0.06
2458498.3014184 10.05 0.05
2458498.3015920 10.02 0.05
2458498.3021128 10.03 0.05
2458498.3022864 9.98 0.05
2458498.3024600 9.97 0.05
2458498.3026336 10.05 0.05
2458498.3028072 9.96 0.05
2458498.3029809 9.95 0.05
2458498.3031545 10.03 0.05
2458498.3035017 10.01 0.05
2458498.3036766 10.07 0.05
2458498.3038500 9.98 0.05
2458498.3040235 10.10 0.05
2458498.3041969 10.09 0.05
2458498.3043703 10.00 0.05
2458498.3047172 10.04 0.05
2458498.3048907 10.03 0.05
2458498.3050642 10.10 0.05
2458498.3054114 10.03 0.05
2458498.3055850 10.09 0.05
2458498.3059323 10.01 0.05
2458498.3061059 9.97 0.05
2458498.3064531 10.12 0.06
2458498.3071475 10.09 0.06
2458498.3073211 10.12 0.06
2458498.3074948 10.12 0.06
2458498.3076684 10.01 0.05
2458498.3078420 10.09 0.05
2458498.3083628 10.08 0.05
2458498.3087100 10.09 0.05
2458498.3088836 10.01 0.05
2458498.3095781 10.09 0.05
2458498.3099253 10.03 0.05
2458498.3100989 10.07 0.05
2458498.3102725 10.04 0.05
2458498.3106197 9.99 0.05
2458498.3107934 9.95 0.05
2458498.3109670 10.07 0.05
2458498.3111406 10.01 0.05
2458498.3116614 9.91 0.05
2458498.3118350 9.99 0.05
2458498.3120086 10.13 0.06
2458498.3121822 10.12 0.06
2458498.3123559 10.05 0.05
2458498.3125295 10.09 0.06
2458498.3127031 10.12 0.06
2458498.3130503 9.93 0.05
2458498.3132239 10.02 0.05
2458498.3133975 10.06 0.05
2458498.3137448 9.97 0.05
2458498.3139184 10.07 0.05
2458498.3140920 10.04 0.05
2458498.3142656 10.10 0.06
2458498.3144392 9.95 0.05
2458498.3146128 10.10 0.06
2458498.3147864 9.96 0.05
2458498.3149600 10.06 0.05
2458498.3151336 10.08 0.05
2458498.3156558 9.97 0.05
2458498.3161761 10.10 0.06
2458498.3165230 10.14 0.06
2458498.3166965 10.06 0.06
2458498.3172170 10.05 0.05
2458498.3173906 9.97 0.05
2458498.3175642 10.12 0.06
2458498.3177378 10.01 0.05
2458498.3179114 10.02 0.05
2458498.3180850 10.05 0.05
2458500.2340341 10.04 0.07
2458500.2342077 9.95 0.07
2458500.2343813 10.13 0.08
2458500.2345549 9.99 0.07
2458500.2347285 10.07 0.07
2458500.2349022 10.07 0.07
2458500.2350758 10.13 0.08
2458500.2352494 9.99 0.07
2458500.2354230 10.07 0.07
2458500.2355966 10.01 0.07
2458500.2361174 10.03 0.07
2458500.2362910 9.91 0.06
2458500.2380272 10.11 0.07
2458500.2402841 10.02 0.07
2458500.2406313 10.05 0.07
2458500.2409785 10.00 0.07
2458500.2421938 10.01 0.07
2458500.2425410 10.04 0.07
2458500.2427147 9.96 0.06
2458500.2430619 10.04 0.07
2458500.2439299 9.97 0.06
2458500.2447989 10.09 0.07
2458500.2449724 10.02 0.07
2458500.2451458 10.00 0.06
2458500.2453193 9.88 0.06
2458500.2456661 10.03 0.07
2458500.2458397 10.06 0.07
2458500.2460133 10.05 0.07
2458500.2461869 10.00 0.06
2458500.2463605 9.97 0.06
2458500.2467077 9.98 0.06
2458500.2468813 10.10 0.07
2458500.2470549 10.05 0.07
2458500.2472286 9.93 0.06
2458500.2474022 10.04 0.07
2458500.2475758 9.91 0.06
2458500.2477494 10.06 0.07
2458500.2479230 10.11 0.07
2458500.2480966 9.96 0.06
2458500.2482702 10.09 0.07
2458500.2484438 9.92 0.06
2458500.2486174 9.94 0.06
2458500.2487910 10.01 0.06
2458500.2491383 10.04 0.07
2458500.2493119 10.06 0.07
2458500.2494855 9.99 0.06
2458500.2496591 9.89 0.06
2458500.2498327 10.08 0.07
2458500.2503535 10.05 0.07
2458500.2505272 10.06 0.07
2458500.2507008 9.97 0.06
2458500.2508744 10.07 0.07
2458500.2510480 9.94 0.06
2458500.2512216 10.02 0.06
2458500.2513952 10.08 0.07
2458500.2515688 10.00 0.06
2458500.2520897 10.00 0.06
2458500.2522633 10.02 0.06
2458500.2539994 10.08 0.07
2458500.2541730 10.16 0.07
2458500.2543466 10.01 0.06
2458500.2546938 10.00 0.06
2458500.2548674 9.90 0.06
2458500.2557355 10.02 0.06
2458500.2559091 10.03 0.06
2458500.2567781 9.91 0.06
2458500.2581660 10.01 0.06
2458500.2583397 10.03 0.06
2458500.2585133 10.05 0.07
2458500.2588605 10.10 0.07
2458500.2590341 10.05 0.06
2458500.2592077 10.05 0.07
2458500.2595549 9.99 0.06
2458500.2597285 10.04 0.06
2458500.2599022 10.05 0.06
2458500.2600758 10.12 0.07
2458500.2604230 10.00 0.06
2458500.2607702 10.01 0.06
2458500.2609438 10.09 0.07
2458500.2612911 10.06 0.07
2458500.2618119 10.05 0.06
2458500.2621591 10.02 0.06
2458500.2623327 10.06 0.06
2458500.2625063 10.13 0.07
2458500.2630272 9.96 0.06
2458500.2632008 10.08 0.07
2458500.2633744 10.06 0.06
2458500.2635480 10.10 0.07
2458500.2637216 10.05 0.06
2458500.2638952 10.04 0.06
2458500.2642424 10.03 0.06
2458500.2644160 9.95 0.06
2458500.2645897 10.04 0.06
2458500.2647633 9.99 0.06
2458500.2649369 10.04 0.06
2458500.2654577 10.07 0.06
2458500.2656313 10.01 0.06
2458500.2658049 10.10 0.07
2458500.2659785 10.04 0.06
2458500.2663258 10.06 0.06
2458500.2666730 10.04 0.06
2458500.2668466 10.02 0.06
2458500.2670202 10.10 0.07
2458500.2671938 10.09 0.06
2458500.2673674 10.05 0.06
2458500.2675410 10.06 0.06
2458500.2677147 9.93 0.06
2458500.2678883 10.01 0.06
2458500.2682355 10.08 0.06
2458500.2684104 10.04 0.06
2458500.2685839 10.09 0.06
2458500.2687573 10.04 0.06
2458500.2691042 10.05 0.06
2458500.2692776 10.05 0.06
2458500.2694511 9.97 0.06
2458500.2696245 10.04 0.06
2458500.2697980 10.07 0.06
2458500.2703188 10.01 0.06
2458500.2704924 10.02 0.06
2458500.2708397 10.04 0.06
2458500.2718813 10.06 0.06
2458500.2720549 9.98 0.06
2458500.2725758 10.11 0.07
2458500.2730966 10.10 0.06
2458500.2737910 9.96 0.06
2458500.2739647 10.08 0.06
2458500.2746591 10.02 0.06
2458500.2748327 10.05 0.06
2458500.2755272 10.10 0.06
2458500.2770897 10.07 0.06
2458500.2772633 10.05 0.06
2458500.2783049 10.07 0.06
2458500.2784786 10.07 0.06
2458500.2788258 10.05 0.06
2458500.2789994 10.07 0.06
2458500.2791730 10.00 0.06
2458500.2793466 9.97 0.06
2458500.2795202 10.12 0.07
2458500.2796938 10.04 0.06
2458500.2800410 9.94 0.06
2458500.2805631 10.11 0.07
2458500.2807365 10.10 0.06
2458500.2812568 10.09 0.06
2458500.2814303 10.20 0.07
2458500.2816037 9.99 0.06
2458500.2817772 10.08 0.06
2458500.2821244 10.04 0.06
2458500.2824716 10.13 0.07
2458500.2826452 10.09 0.06
2458500.2828188 10.05 0.06
2458500.2833397 10.01 0.06
2458500.2838605 10.13 0.07
2458500.2842077 10.04 0.06
2458500.2849022 9.97 0.06
2458500.2852494 10.00 0.06
2458500.2857702 10.01 0.06
2458500.2864647 9.96 0.06
2458500.2868119 10.05 0.06
2458500.2869855 10.06 0.06
2458500.2871591 10.06 0.06
2458500.2873327 10.15 0.07
2458500.2875063 10.02 0.06
2458500.2878535 10.07 0.06
2458500.2888952 10.05 0.06
2458500.2892424 10.10 0.06
2458500.2895897 10.06 0.06
2458500.2904577 10.06 0.06
2458500.2909785 10.07 0.06
2458500.2918466 10.11 0.06
2458500.2923688 10.02 0.06
2458500.2925423 10.04 0.06
2458500.2928892 10.10 0.06
2458500.2930626 10.02 0.06
2458500.2932360 9.94 0.05
2458500.2935829 10.11 0.06
2458528.2627077 10.07 0.15
2458528.2628811 9.93 0.13
2458528.2630546 10.17 0.17
2458528.2639220 9.79 0.14