2458467.3668514 9.02 0.02
2458467.3670250 8.99 0.02
2458467.3673723 8.95 0.02
2458467.3675459 8.93 0.02
2458467.3677195 8.96 0.02
2458467.3678931 8.98 0.02
2458467.3680667 9.02 0.02
2458467.3682403 8.97 0.02
2458467.3684139 8.97 0.02
2458467.3685875 8.95 0.02
2458467.3687611 8.96 0.02
2458467.3689347 9.01 0.02
2458467.3691084 8.97 0.02
2458467.3692820 8.97 0.02
2458467.3694556 9.00 0.02
2458467.3696292 8.99 0.02
2458467.3698028 8.98 0.02
2458467.3699764 8.99 0.02
2458467.3701500 8.98 0.02
2458467.3703236 9.01 0.02
2458467.3704972 8.97 0.02
2458467.3706709 8.97 0.02
2458467.3708445 8.92 0.02
2458467.3710181 8.96 0.02
2458467.3711917 8.97 0.02
2458467.3713653 8.99 0.02
2458467.3715389 8.99 0.02
2458467.3717125 8.96 0.02
2458467.3718861 8.99 0.02
2458467.3720598 9.02 0.02
2458467.3722334 8.95 0.02
2458467.3724070 8.97 0.02
2458467.3725806 8.93 0.02
2458467.3727542 8.99 0.02
2458467.3729278 8.98 0.02
2458467.3731014 8.91 0.02
2458467.3732750 8.95 0.02
2458467.3734486 9.00 0.02
2458467.3736223 8.97 0.02
2458467.3737959 8.98 0.02
2458467.3739695 8.93 0.02
2458467.3741431 8.95 0.02
2458467.3743167 8.95 0.02
2458467.3744903 8.93 0.02
2458467.3746639 8.96 0.02
2458467.3748375 8.96 0.02
2458467.3750111 8.94 0.02
2458467.3751848 8.97 0.02
2458467.3753584 8.92 0.02
2458467.3755332 8.97 0.02
2458467.3757067 8.94 0.02
2458467.3758801 8.96 0.02
2458467.3760536 8.96 0.02
2458467.3762270 8.96 0.02
2458467.3764005 8.95 0.02
2458467.3765739 8.94 0.02
2458467.3767473 8.93 0.02
2458467.3769209 8.94 0.02
2458467.3770945 8.96 0.02
2458467.3772681 8.92 0.02
2458467.3774417 8.95 0.02
2458467.3776153 8.96 0.02
2458467.3777889 8.92 0.02
2458467.3779625 8.97 0.02
2458467.3781361 8.94 0.02
2458467.3783097 8.97 0.02
2458467.3784834 8.96 0.02
2458467.3786570 9.01 0.02
2458467.3788306 8.98 0.02
2458467.3790042 8.99 0.02
2458467.3791778 8.97 0.02
2458467.3793514 8.99 0.02
2458467.3795250 8.99 0.02
2458467.3796986 8.94 0.02
2458467.3798723 8.96 0.02
2458467.3800459 8.95 0.02
2458467.3802195 8.99 0.02
2458467.3803931 8.95 0.02
2458467.3805667 8.94 0.02
2458467.3807403 8.97 0.02
2458467.3809139 8.91 0.02
2458467.3810875 8.96 0.02
2458467.3812611 8.90 0.02
2458467.3814348 8.98 0.02
2458467.3816084 8.98 0.02
2458467.3817820 8.98 0.02
2458467.3819556 8.98 0.02
2458467.3821292 8.92 0.02
2458467.3823028 8.96 0.02
2458467.3824764 8.96 0.02
2458467.3826500 9.02 0.02
2458467.3828236 9.02 0.02
2458467.3829973 8.96 0.02
2458467.3831709 9.00 0.02
2458467.3833445 8.96 0.02
2458467.3835181 8.96 0.02
2458467.3836917 8.96 0.02
2458467.3838653 8.97 0.02
2458467.3840389 8.93 0.02
2458467.3842125 8.95 0.02
2458467.3843861 8.94 0.02
2458467.3845597 8.97 0.02
2458467.3847334 8.97 0.02
2458467.3849070 8.97 0.02
2458467.3850806 8.98 0.02
2458467.3852542 8.92 0.02
2458467.3854278 8.99 0.02
2458467.3856014 8.97 0.02
2458467.3857750 8.94 0.02
2458467.3859486 8.97 0.02
2458467.3861222 8.94 0.02
2458467.3862959 9.00 0.02
2458467.3864695 8.98 0.02
2458467.3866431 8.94 0.02
2458467.3868167 8.99 0.02
2458467.3869903 8.97 0.02
2458467.3871639 8.92 0.02
2458467.3873389 8.97 0.02
2458467.3875123 9.00 0.02
2458467.3876858 8.95 0.02
2458467.3878592 8.97 0.02
2458467.3880327 8.97 0.02
2458467.3882061 8.95 0.02
2458467.3883795 8.92 0.02
2458467.3885530 8.90 0.02
2458467.3887264 8.98 0.02
2458467.3889000 8.93 0.02
2458467.3890736 8.93 0.02
2458467.3892473 8.93 0.02
2458467.3894209 8.94 0.02
2458467.3895945 8.97 0.02
2458467.3897681 9.00 0.02
2458467.3899417 8.93 0.02
2458467.3901153 8.94 0.02
2458467.3902889 8.96 0.02
2458467.3904625 8.97 0.02
2458467.3906361 8.96 0.02
2458467.3908098 8.95 0.02
2458467.3909834 8.96 0.02
2458467.3911570 8.92 0.02
2458467.3913306 8.99 0.02
2458467.3915042 9.02 0.02
2458467.3916778 8.99 0.02
2458467.3918514 8.93 0.02
2458467.3920250 8.99 0.02
2458467.3921986 8.93 0.02
2458467.3923722 8.96 0.02
2458467.3925459 8.93 0.02
2458467.3927195 8.99 0.02
2458467.3928931 8.95 0.02
2458467.3930667 8.94 0.02
2458467.3932403 8.96 0.02
2458467.3934139 8.99 0.02
2458467.3935875 9.00 0.02
2458467.3937611 8.97 0.02
2458467.3939347 8.96 0.02
2458467.3941084 8.98 0.02
2458467.3942820 8.95 0.02
2458467.3944556 8.93 0.02
2458467.3946292 8.93 0.02
2458467.3948028 8.94 0.02
2458467.3949764 8.95 0.02
2458467.3951500 8.95 0.02
2458467.3953236 8.94 0.02
2458467.3954973 8.97 0.02
2458467.3956709 8.97 0.02
2458467.3958445 8.93 0.02
2458467.3960181 8.96 0.02
2458467.3961917 9.02 0.02
2458467.3963653 9.02 0.02
2458467.3965389 8.97 0.02
2458467.3967125 8.98 0.02
2458467.3968861 8.94 0.02
2458467.3970598 8.97 0.02
2458467.3972334 9.00 0.02
2458467.3974070 8.93 0.02
2458467.3975806 8.92 0.02
2458467.3977542 8.96 0.02
2458467.3979278 8.97 0.02
2458467.3981014 8.97 0.02
2458467.3982750 8.97 0.02
2458467.3984486 8.96 0.02
2458467.3986223 8.96 0.02
2458467.3987959 8.95 0.02
2458467.3989695 8.93 0.02
2458467.3991431 8.94 0.02
2458467.3993180 8.97 0.02
2458467.3994914 8.97 0.02
2458467.3996649 8.94 0.02
2458467.3998383 8.92 0.02
2458467.4000118 8.94 0.02
2458467.4001852 8.92 0.02
2458467.4003586 8.96 0.02
2458467.4005321 8.99 0.02
2458467.4007056 9.01 0.02
2458467.4008792 8.94 0.02
2458467.4010528 8.95 0.02
2458467.4012264 8.95 0.02
2458467.4014000 9.02 0.02
2458467.4015736 8.95 0.02
2458467.4017472 8.98 0.02
2458467.4019209 8.92 0.02
2458467.4020945 8.94 0.02
2458467.4022681 8.94 0.02
2458467.4024417 8.89 0.02
2458467.4026153 8.92 0.02
2458467.4027889 9.00 0.02
2458467.4029625 8.99 0.02
2458467.4031361 9.00 0.02
2458467.4033098 8.95 0.02
2458467.4034834 8.99 0.02
2458467.4036570 8.96 0.02
2458467.4038306 8.96 0.02
2458467.4040042 8.96 0.02
2458467.4041778 8.96 0.02
2458467.4043514 8.97 0.02
2458467.4045250 8.96 0.02
2458467.4046986 8.96 0.02
2458467.4048723 9.00 0.02
2458467.4050459 8.97 0.02
2458467.4052195 8.99 0.02
2458467.4053931 8.99 0.02
2458467.4055667 8.97 0.02
2458467.4057403 8.94 0.02
2458467.4059139 8.94 0.02
2458467.4060875 8.97 0.02
2458467.4062611 8.96 0.02
2458467.4064348 8.95 0.02
2458467.4066084 8.98 0.02
2458467.4067820 8.96 0.02
2458467.4069556 8.94 0.02
2458467.4071292 8.95 0.02
2458467.4073028 8.94 0.02
2458467.4074764 8.96 0.02
2458467.4076500 8.98 0.02
2458467.4078236 8.98 0.02
2458467.4079972 9.02 0.02
2458467.4081709 8.96 0.02
2458467.4083445 8.98 0.02
2458467.4086917 8.93 0.02
2458467.4088653 8.96 0.02
2458467.4090389 8.95 0.02
2458467.4092125 8.96 0.02
2458467.4093861 8.95 0.02
2458467.4095597 8.98 0.02
2458467.4097334 8.98 0.02
2458467.4099070 8.95 0.02
2458467.4100806 9.00 0.02
2458467.4102542 8.98 0.02
2458467.4104278 8.97 0.02
2458467.4106014 9.00 0.02
2458467.4107750 9.00 0.02
2458467.4109486 8.94 0.02
2458467.4111236 8.97 0.02
2458467.4112971 8.98 0.02
2458467.4114705 8.92 0.02
2458467.4116440 8.94 0.02
2458467.4118174 8.95 0.02
2458467.4119908 8.99 0.02
2458467.4121643 8.98 0.02
2458467.4123377 8.95 0.02
2458467.4125112 8.97 0.02
2458467.4126848 8.93 0.02
2458467.4128584 8.97 0.02
2458467.4130320 8.94 0.02
2458467.4132056 8.99 0.02
2458467.4133792 9.00 0.02
2458467.4135528 8.95 0.02
2458467.4137264 8.94 0.02
2458467.4139000 9.18 0.03
2458467.4140736 8.97 0.02
2458467.4142473 8.96 0.02
2458467.4144209 8.92 0.02
2458467.4145945 8.98 0.02
2458467.4147681 8.92 0.02
2458467.4149417 8.99 0.02
2458467.4151153 8.95 0.02
2458467.4152889 9.01 0.02
2458467.4154625 8.99 0.02
2458467.4156361 8.98 0.02
2458467.4158097 9.03 0.02
2458467.4159834 8.97 0.02
2458467.4161570 8.95 0.02
2458467.4163306 8.94 0.02
2458467.4165042 8.96 0.02
2458467.4166778 8.93 0.02
2458467.4168514 8.95 0.02
2458467.4170250 8.94 0.02
2458467.4171986 8.93 0.02
2458467.4173722 8.96 0.02
2458467.4175459 8.94 0.02
2458467.4177195 8.94 0.02
2458467.4178931 8.92 0.02
2458467.4180667 8.96 0.02
2458467.4182403 9.02 0.02
2458467.4184139 8.95 0.02
2458467.4185875 8.95 0.02
2458467.4187611 8.94 0.02
2458467.4189348 8.94 0.02
2458467.4191084 9.01 0.03
2458467.4192820 8.94 0.02
2458467.4194556 8.95 0.02
2458467.4196292 8.95 0.02
2458467.4198028 8.98 0.02
2458467.4199764 8.97 0.02
2458467.4201500 8.98 0.02
2458467.4203236 8.97 0.02
2458467.4204973 8.96 0.02
2458467.4206709 8.98 0.02
2458469.3667865 8.97 0.02
2458469.3670135 8.98 0.02
2458469.3671871 8.98 0.02
2458469.3673607 8.97 0.02
2458469.3675343 9.01 0.02
2458469.3677079 8.97 0.02
2458469.3678815 8.98 0.02
2458469.3680551 9.01 0.02
2458469.3682287 8.97 0.02
2458469.3684023 9.00 0.02
2458469.3685760 8.97 0.02
2458469.3687496 8.97 0.02
2458469.3689232 9.00 0.02
2458469.3690968 8.99 0.02
2458469.3692704 9.00 0.02
2458469.3694440 8.99 0.02
2458469.3696176 8.96 0.02
2458469.3697912 9.00 0.02
2458469.3699648 8.98 0.02
2458469.3701384 8.96 0.02
2458469.3703121 8.97 0.02
2458469.3704857 8.97 0.02
2458469.3706593 9.00 0.02
2458469.3708329 9.03 0.02
2458469.3710065 8.97 0.02
2458469.3711801 9.00 0.02
2458469.3713537 8.99 0.02
2458469.3715273 9.03 0.02
2458469.3717009 8.98 0.02
2458469.3718746 9.03 0.02
2458469.3720482 8.99 0.02
2458469.3722218 8.98 0.02
2458469.3723954 8.99 0.02
2458469.3725690 8.95 0.02
2458469.3727426 9.00 0.02
2458469.3729162 9.01 0.02
2458469.3730898 8.95 0.02
2458469.3732635 8.98 0.02
2458469.3734371 8.98 0.02
2458469.3736107 9.00 0.02
2458469.3737843 9.00 0.02
2458469.3739579 8.98 0.02
2458469.3741315 8.99 0.02
2458469.3743051 9.00 0.02
2458469.3744787 9.00 0.02
2458469.3746524 8.97 0.02
2458469.3748260 9.02 0.02
2458469.3749996 9.01 0.02
2458469.3751732 8.99 0.02
2458469.3753468 8.93 0.02
2458469.3755204 8.97 0.02
2458469.3756940 9.01 0.02
2458469.3758676 8.97 0.02
2458469.3760425 8.96 0.02
2458469.3762159 8.96 0.02
2458469.3763894 8.99 0.02
2458469.3765628 8.99 0.02
2458469.3767363 8.97 0.02
2458469.3769097 9.02 0.02
2458469.3770832 8.96 0.02
2458469.3772566 8.97 0.02
2458469.3774301 8.98 0.02
2458469.3776037 8.97 0.02
2458469.3777773 8.96 0.02
2458469.3779510 8.98 0.02
2458469.3781246 8.98 0.02
2458469.3782982 8.99 0.02
2458469.3784718 8.96 0.02
2458469.3786454 8.94 0.02
2458488.3044163 8.97 0.02
2458488.3045899 8.95 0.02
2458488.3047635 8.96 0.02
2458488.3049371 8.97 0.02
2458488.3051107 8.97 0.02
2458488.3052844 8.97 0.02
2458488.3054579 8.98 0.02
2458488.3056316 8.91 0.02
2458488.3058052 8.99 0.02
2458488.3059788 8.97 0.02
2458488.3061524 8.92 0.02
2458488.3063260 8.95 0.02
2458488.3064996 8.99 0.02
2458488.3066732 8.92 0.02
2458488.3068468 8.92 0.02
2458488.3070205 9.02 0.02
2458488.3071941 8.96 0.02
2458488.3073677 8.97 0.02
2458488.3075413 8.94 0.02
2458488.3077149 8.94 0.02
2458488.3078885 8.95 0.02
2458488.3080621 8.97 0.02
2458488.3082357 8.99 0.02
2458488.3084093 8.95 0.02
2458488.3085830 8.94 0.02
2458488.3087566 8.96 0.02
2458488.3089302 8.99 0.02
2458488.3091038 8.99 0.02
2458488.3092788 9.00 0.02
2458488.3094522 8.98 0.02
2458488.3096257 8.98 0.02
2458488.3097991 8.99 0.02
2458488.3099726 8.95 0.02
2458488.3101460 8.96 0.02
2458488.3103194 8.96 0.02
2458488.3104929 8.96 0.02
2458488.3106663 8.99 0.02
2458488.3108399 8.93 0.02
2458488.3110135 8.96 0.02
2458488.3111871 8.94 0.02
2458488.3113607 8.99 0.02
2458488.3115344 8.98 0.02
2458488.3117080 8.95 0.02
2458488.3118816 8.92 0.02
2458488.3120552 9.02 0.02
2458488.3122288 8.99 0.02
2458488.3124024 8.94 0.02
2458488.3125760 8.95 0.02
2458488.3127496 8.96 0.02
2458488.3129232 8.99 0.02
2458488.3130969 8.96 0.02
2458488.3132705 9.00 0.02
2458488.3134441 8.98 0.02
2458488.3136177 8.99 0.02
2458488.3137913 8.98 0.02
2458488.3139649 8.96 0.02
2458488.3141385 8.96 0.02
2458488.3143121 8.95 0.02
2458488.3144857 9.01 0.02
2458488.3146593 8.96 0.02
2458488.3148330 8.93 0.02
2458488.3150066 8.98 0.02
2458488.3151802 9.00 0.02
2458488.3153538 8.98 0.02
2458488.3155274 8.92 0.02
2458488.3157010 8.94 0.02
2458488.3158746 8.95 0.02
2458488.3160482 8.96 0.02
2458488.3162218 9.00 0.02
2458488.3163955 8.97 0.02
2458488.3165691 8.96 0.02
2458488.3167427 8.98 0.02
2458488.3169163 8.99 0.02
2458488.3170899 8.94 0.02
2458488.3172635 8.97 0.02
2458488.3174371 9.02 0.02
2458488.3176107 8.93 0.02
2458488.3177844 8.96 0.02
2458488.3179580 8.95 0.02
2458488.3181316 8.99 0.02
2458488.3183052 8.95 0.02
2458488.3184788 8.96 0.02
2458488.3186524 8.94 0.02
2458488.3188260 8.98 0.02
2458488.3189996 9.01 0.02
2458488.3191732 8.92 0.02
2458488.3193469 8.95 0.02
2458488.3195205 9.00 0.02
2458488.3196941 8.97 0.02
2458488.3198677 8.95 0.02
2458488.3200413 8.97 0.02
2458488.3202149 8.96 0.02
2458488.3203885 8.92 0.02
2458488.3205621 8.96 0.02
2458488.3207357 8.94 0.02
2458488.3209094 8.98 0.02
2458488.3210830 8.97 0.02
2458488.3212579 8.98 0.02
2458488.3214314 8.89 0.02
2458488.3216048 8.97 0.02
2458488.3217783 8.95 0.02
2458488.3219517 8.95 0.02
2458488.3221252 8.94 0.02
2458488.3222986 8.93 0.02
2458488.3224720 8.94 0.02
2458488.3226455 8.93 0.02
2458488.3228191 8.95 0.02
2458488.3229927 8.95 0.02
2458488.3231663 8.97 0.02
2458488.3233399 8.94 0.02
2458488.3235135 8.92 0.02
2458488.3236871 8.98 0.02
2458488.3238607 8.96 0.02
2458488.3240343 8.93 0.02
2458488.3242080 8.97 0.02
2458488.3243816 8.97 0.02
2458488.3245552 8.96 0.02
2458488.3247288 8.98 0.02
2458488.3249024 8.96 0.02
2458488.3250760 8.99 0.02
2458488.3252496 8.97 0.02
2458488.3254232 8.95 0.02
2458488.3255969 8.97 0.02
2458488.3257705 8.95 0.02
2458488.3259441 8.94 0.02
2458488.3261177 8.98 0.02
2458488.3262913 8.93 0.02
2458488.3264649 8.97 0.02
2458488.3266385 8.98 0.02
2458488.3268121 9.01 0.02
2458488.3269857 8.95 0.02
2458488.3271594 8.94 0.02
2458488.3273330 8.97 0.02
2458488.3275066 8.98 0.02
2458488.3276802 9.00 0.02
2458488.3278538 8.98 0.02
2458488.3280274 8.96 0.02
2458488.3282010 8.98 0.02
2458488.3283746 8.97 0.02
2458488.3285482 8.97 0.02
2458488.3287218 8.96 0.02
2458488.3288955 9.01 0.02
2458488.3290691 8.95 0.02
2458488.3292427 9.00 0.02
2458488.3294163 8.96 0.02
2458488.3295899 8.98 0.02
2458488.3297635 8.99 0.02
2458488.3299371 8.95 0.02
2458488.3301107 8.94 0.02
2458488.3302843 8.96 0.02
2458488.3304580 8.95 0.02
2458488.3306316 8.97 0.02
2458488.3308052 8.99 0.02
2458488.3309788 8.92 0.02
2458488.3311524 8.98 0.02
2458488.3313260 8.97 0.02
2458488.3314996 8.91 0.02
2458488.3316732 8.99 0.02
2458488.3318468 8.99 0.02
2458488.3320205 8.99 0.02
2458488.3321941 9.02 0.02
2458488.3323677 8.92 0.02
2458488.3325413 8.98 0.02
2458488.3327149 8.93 0.02
2458488.3328885 8.95 0.02
2458488.3330621 8.97 0.02
2458488.3332370 8.96 0.02
2458488.3334105 8.96 0.02
2458488.3335839 8.97 0.02
2458488.3337574 8.96 0.02
2458488.3339308 8.97 0.02
2458488.3341043 8.99 0.02
2458488.3342777 8.98 0.02
2458488.3344511 8.97 0.02
2458488.3346246 8.97 0.02
2458488.3347982 8.95 0.02
2458488.3349719 9.00 0.02
2458488.3351455 8.95 0.02
2458488.3353191 8.96 0.02
2458488.3354927 8.93 0.02
2458488.3356663 8.95 0.02
2458488.3358399 9.01 0.02
2458488.3360135 9.00 0.02
2458488.3361871 9.01 0.02
2458488.3363607 8.96 0.02
2458488.3365344 8.99 0.02
2458488.3367080 9.02 0.02
2458488.3368816 8.95 0.02
2458488.3370552 8.95 0.02
2458488.3372288 8.97 0.02
2458488.3374024 8.95 0.02
2458488.3375760 8.96 0.02
2458488.3377496 8.99 0.02
2458488.3379232 8.95 0.02
2458488.3380968 8.96 0.02
2458488.3382705 8.99 0.02
2458488.3384441 8.94 0.02
2458488.3386177 9.04 0.02
2458488.3387913 8.98 0.02
2458488.3389649 8.98 0.02
2458488.3391385 8.91 0.02
2458488.3393121 8.93 0.02
2458488.3394857 8.95 0.02
2458488.3396593 8.95 0.02
2458488.3398330 8.95 0.02
2458488.3400066 8.97 0.02
2458488.3401802 8.95 0.02
2458488.3403538 8.95 0.02
2458488.3405274 8.98 0.02
2458488.3407010 8.98 0.02
2458488.3408746 8.99 0.02
2458488.3410482 8.96 0.02
2458488.3412219 9.00 0.02
2458488.3413955 8.96 0.02
2458488.3415691 8.94 0.02
2458488.3417427 8.95 0.02
2458488.3419163 8.93 0.02
2458488.3420899 8.94 0.02
2458488.3422635 8.97 0.02
2458488.3424371 8.98 0.02
2458488.3426107 8.97 0.02
2458488.3427844 8.95 0.02
2458488.3429580 8.95 0.02
2458488.3431316 9.03 0.02
2458488.3433052 8.95 0.02
2458488.3434788 8.99 0.02
2458488.3436524 8.93 0.02
2458488.3438260 9.01 0.02
2458488.3439996 8.95 0.02
2458488.3441732 8.95 0.02
2458488.3443469 8.96 0.02
2458488.3445205 8.94 0.02
2458488.3446941 8.94 0.02
2458488.3448677 8.96 0.02
2458488.3450413 8.97 0.02
2458488.3452162 9.02 0.02
2458488.3453896 8.96 0.02
2458488.3455631 8.96 0.02
2458488.3457365 8.95 0.02
2458488.3459100 8.99 0.02
2458488.3460834 9.00 0.02
2458488.3462569 8.94 0.02
2458488.3464303 9.00 0.02
2458488.3466038 8.94 0.02
2458488.3467774 8.95 0.02
2458488.3469510 8.99 0.02
2458488.3471246 8.92 0.02
2458488.3472982 9.01 0.02
2458488.3474718 9.00 0.02
2458488.3476455 8.96 0.02
2458488.3478191 8.95 0.02
2458488.3479927 8.97 0.02
2458488.3481663 8.98 0.02
2458488.3483399 9.01 0.02
2458488.3485135 8.96 0.02
2458488.3486871 8.99 0.02
2458488.3488607 8.96 0.02
2458488.3490344 8.96 0.02
2458488.3492080 8.97 0.02
2458488.3493816 8.96 0.02
2458488.3495552 8.93 0.02
2458488.3497288 8.96 0.02
2458488.3499024 8.91 0.02
2458488.3500760 8.96 0.02
2458488.3502496 8.97 0.02
2458488.3504232 8.96 0.02
2458488.3505969 8.95 0.02
2458488.3507705 8.93 0.02
2458488.3509441 8.96 0.02
2458488.3511177 8.95 0.02
2458488.3512913 8.97 0.02
2458488.3514649 8.94 0.02
2458488.3516385 8.95 0.02
2458488.3518121 8.93 0.02
2458488.3519857 8.97 0.02
2458488.3521594 8.96 0.02
2458488.3523330 8.95 0.02
2458488.3525066 8.94 0.02
2458488.3526802 8.93 0.02
2458488.3528538 8.97 0.02
2458488.3530274 8.95 0.02
2458488.3532010 8.95 0.02
2458488.3533746 8.94 0.02
2458488.3535482 8.94 0.02
2458488.3537218 8.90 0.02
2458488.3538955 8.93 0.02
2458488.3540691 8.94 0.02
2458488.3542427 8.92 0.02
2458488.3544163 8.96 0.02
2458488.3545899 8.96 0.02
2458488.3547635 8.95 0.02
2458488.3549371 8.96 0.02
2458488.3551107 9.00 0.02
2458488.3552843 8.93 0.02
2458488.3554580 9.00 0.02
2458488.3556316 8.94 0.02
2458488.3558052 8.99 0.02
2458488.3559788 8.96 0.02
2458488.3561524 8.98 0.02
2458488.3563260 8.98 0.02
2458488.3564996 8.90 0.02
2458488.3566732 9.00 0.02
2458488.3568469 8.97 0.02
2458488.3570218 8.95 0.02
2458488.3571953 8.99 0.02
2458488.3573687 8.98 0.02
2458488.3575422 8.97 0.02
2458488.3577156 8.93 0.02
2458488.3578891 8.95 0.02
2458488.3580625 8.96 0.02
2458488.3582360 8.94 0.02
2458488.3584094 8.94 0.02
2458488.3585830 8.97 0.02
2458488.3587566 8.94 0.02
2458488.3589302 8.94 0.02
2458488.3591038 8.98 0.02
2458488.3592774 8.94 0.02
2458488.3594510 8.97 0.02
2458488.3596246 8.93 0.02
2458488.3597982 8.96 0.02
2458488.3599718 8.93 0.02
2458488.3601455 8.96 0.02
2458488.3603191 8.96 0.02
2458488.3604927 8.93 0.02
2458488.3606663 9.02 0.02
2458488.3608399 8.97 0.02
2458488.3610135 8.93 0.02
2458488.3611871 8.94 0.02
2458488.3613607 8.92 0.02
2458488.3615343 8.97 0.02
2458488.3617080 8.97 0.02
2458488.3618816 8.89 0.02
2458488.3620552 8.95 0.02
2458488.3622288 8.95 0.02
2458488.3624024 8.97 0.02
2458488.3625760 9.00 0.02
2458488.3627496 8.96 0.02
2458488.3629232 8.95 0.02
2458488.3630968 8.99 0.02
2458488.3632705 9.01 0.02
2458488.3634441 8.96 0.02
2458488.3636177 8.95 0.02
2458488.3637913 8.92 0.02
2458488.3639649 8.95 0.02
2458488.3641385 8.90 0.02
2458488.3643121 8.98 0.02
2458488.3644857 8.91 0.02
2458488.3646594 8.95 0.02
2458488.3648330 9.02 0.02
2458488.3650066 8.94 0.02
2458488.3651802 8.95 0.02
2458488.3653538 8.94 0.02
2458488.3655274 8.98 0.02
2458488.3657010 8.95 0.02
2458488.3658746 8.95 0.02
2458488.3660482 8.92 0.02
2458488.3662219 8.98 0.02
2458488.3663955 8.98 0.02
2458488.3665691 8.97 0.02
2458488.3667427 8.96 0.02
2458488.3669163 8.96 0.02
2458488.3670899 8.99 0.02
2458488.3672635 8.94 0.02
2458488.3674371 8.96 0.02
2458488.3676107 8.98 0.02
2458488.3677844 8.99 0.02
2458488.3679580 8.92 0.02
2458488.3681316 8.99 0.02
2458488.3683052 8.99 0.02
2458488.3684788 8.96 0.02
2458488.3686524 8.93 0.02
2458488.3688260 8.95 0.02
2458488.3690010 8.99 0.02
2458488.3691744 8.98 0.02
2458488.3693479 9.03 0.02
2458488.3695213 8.94 0.02
2458488.3696948 8.96 0.02
2458488.3698682 8.96 0.02
2458488.3700417 8.96 0.02
2458488.3702150 8.91 0.02
2458488.3703885 8.98 0.02
2458488.3705621 8.98 0.02
2458488.3707357 8.93 0.02
2458488.3709093 8.95 0.02
2458488.3710830 8.94 0.02
2458488.3712566 8.99 0.02
2458488.3714302 8.96 0.02
2458488.3716038 8.93 0.02
2458488.3717774 8.98 0.02
2458488.3719510 8.96 0.02
2458488.3721246 8.96 0.02
2458488.3722982 8.99 0.02
2458488.3724718 8.96 0.02
2458488.3726455 9.00 0.02
2458488.3728191 8.99 0.02
2458488.3729927 8.99 0.02
2458488.3731663 8.97 0.02
2458488.3733399 8.97 0.02
2458488.3735135 8.98 0.02
2458488.3736871 9.04 0.03
2458488.3738607 8.95 0.02
2458488.3740343 9.02 0.02
2458488.3742080 8.97 0.02
2458493.2519739 9.05 0.02
2458493.2521475 9.02 0.02
2458493.2523211 8.99 0.02
2458493.2524947 9.02 0.02
2458493.2526684 8.98 0.02
2458493.2528420 8.99 0.02
2458493.2530156 8.97 0.02
2458493.2531892 9.02 0.02
2458493.2533628 8.96 0.02
2458493.2535364 8.97 0.02
2458493.2537100 9.00 0.02
2458493.2538836 9.00 0.02
2458493.2540586 8.96 0.02
2458493.2542320 8.97 0.02
2458493.2544055 9.00 0.02
2458493.2545789 9.03 0.02
2458493.2547524 8.97 0.02
2458493.2549258 9.05 0.02
2458493.2550993 8.98 0.02
2458493.2552727 9.01 0.02
2458493.2554461 9.01 0.02
2458493.2556198 8.96 0.02
2458493.2557934 9.01 0.02
2458493.2559670 9.03 0.02
2458493.2561406 9.01 0.02
2458493.2563142 8.97 0.02
2458493.2564878 9.01 0.02
2458493.2566614 8.94 0.02
2458493.2568350 8.99 0.02
2458493.2570086 8.97 0.02
2458493.2571823 8.97 0.02
2458493.2573559 9.00 0.02
2458493.2575295 8.99 0.02
2458493.2577031 9.03 0.02
2458493.2578767 9.00 0.02
2458493.2580503 8.97 0.02
2458493.2582239 8.98 0.02
2458493.2583975 9.01 0.02
2458493.2585711 9.01 0.02
2458493.2587447 8.96 0.02
2458493.2589184 9.01 0.02
2458493.2590920 8.94 0.02
2458493.2592656 8.98 0.02
2458493.2594392 9.02 0.02
2458493.2596128 9.01 0.02
2458493.2597864 9.01 0.02
2458493.2599600 8.97 0.02
2458493.2601336 8.95 0.02
2458493.2603072 8.98 0.02
2458493.2604809 8.97 0.02
2458493.2606545 8.99 0.02
2458493.2608281 8.98 0.02
2458493.2610017 8.99 0.02
2458493.2611753 8.95 0.02
2458493.2613489 9.02 0.02
2458493.2615225 8.96 0.02
2458493.2616961 8.97 0.02
2458493.2618697 8.95 0.02
2458493.2620434 9.00 0.02
2458493.2622170 8.96 0.02
2458493.2623906 8.97 0.02
2458493.2625642 9.02 0.02
2458493.2627378 8.94 0.02
2458493.2629114 8.94 0.02
2458493.2630850 8.99 0.02
2458493.2632586 8.98 0.02
2458493.2634323 8.98 0.02
2458493.2636059 8.95 0.02
2458493.2637795 9.00 0.02
2458493.2639531 8.99 0.02
2458493.2641267 9.00 0.02
2458493.2643003 9.01 0.02
2458493.2644739 9.00 0.02
2458493.2646475 8.96 0.02
2458493.2648211 8.98 0.02
2458493.2649948 8.98 0.02
2458493.2651684 8.97 0.02
2458493.2653420 8.97 0.02
2458493.2655156 8.96 0.02
2458493.2656892 8.97 0.02
2458493.2658628 8.97 0.02
2458493.2660378 8.99 0.02
2458493.2662112 8.98 0.02
2458493.2663847 9.00 0.02
2458493.2665581 8.97 0.02
2458493.2667316 8.97 0.02
2458493.2669050 8.98 0.02
2458493.2670784 8.93 0.02
2458493.2672519 9.01 0.02
2458493.2674253 8.97 0.02
2458493.2675989 9.01 0.02
2458493.2677725 9.01 0.02
2458493.2679461 9.02 0.02
2458493.2681197 9.00 0.02
2458493.2682934 8.94 0.02
2458493.2684670 8.96 0.02
2458493.2686406 8.96 0.02
2458493.2688142 8.99 0.02
2458493.2689878 9.01 0.02
2458493.2691614 8.98 0.02
2458493.2693350 8.99 0.02
2458493.2695086 9.00 0.02
2458493.2696822 8.96 0.02
2458493.2698559 8.96 0.02
2458493.2700295 9.00 0.02
2458493.2702031 9.01 0.02
2458493.2703767 9.01 0.02
2458493.2705503 9.02 0.02
2458493.2707239 8.98 0.02
2458493.2708975 9.00 0.02
2458493.2710711 9.03 0.02
2458493.2712448 8.98 0.02
2458493.2714184 8.95 0.02
2458493.2715920 8.97 0.02
2458493.2717656 8.98 0.02
2458493.2719392 8.99 0.02
2458493.2721128 8.94 0.02
2458493.2722864 8.98 0.02
2458493.2724600 8.99 0.02
2458493.2726336 9.02 0.02
2458493.2728073 9.01 0.02
2458493.2729809 8.99 0.02
2458493.2731545 8.96 0.02
2458493.2733281 9.00 0.02
2458493.2735017 8.99 0.02
2458493.2736753 9.00 0.02
2458493.2738489 8.99 0.02
2458493.2740225 8.99 0.02
2458493.2741961 9.00 0.02
2458493.2743697 9.00 0.02
2458493.2745434 9.03 0.02
2458493.2747170 8.96 0.02
2458493.2748906 8.92 0.02
2458493.2750642 8.97 0.02
2458493.2752378 8.96 0.02
2458493.2754114 8.96 0.02
2458493.2755850 8.95 0.02
2458493.2757586 8.96 0.02
2458493.2759322 9.01 0.02
2458493.2761059 8.96 0.02
2458493.2762795 9.01 0.02
2458493.2764531 8.97 0.02
2458493.2766267 8.96 0.02
2458493.2768003 8.99 0.02
2458493.2769739 8.98 0.02
2458493.2771475 8.98 0.02
2458493.2773211 8.96 0.02
2458493.2774947 9.01 0.02
2458493.2776684 8.96 0.02
2458493.2778420 8.97 0.02
2458493.2780169 9.00 0.02
2458493.2781904 8.97 0.02
2458493.2783638 9.00 0.02
2458493.2785373 8.95 0.02
2458493.2787107 8.97 0.02
2458493.2788841 8.97 0.02
2458493.2790576 8.97 0.02
2458493.2792310 8.96 0.02
2458493.2794045 8.99 0.02
2458493.2795781 8.95 0.02
2458493.2797517 8.95 0.02
2458493.2799253 8.96 0.02
2458493.2800989 9.01 0.02
2458493.2802725 8.98 0.02
2458493.2804461 8.99 0.02
2458493.2806198 8.99 0.02
2458493.2807934 9.02 0.02
2458493.2809670 9.01 0.02
2458493.2811406 9.02 0.02
2458493.2813142 8.99 0.02
2458493.2814878 8.98 0.02
2458493.2816614 9.01 0.02
2458493.2818350 8.97 0.02
2458493.2820086 9.00 0.02
2458493.2821822 8.99 0.02
2458493.2823559 8.97 0.02
2458493.2825295 8.99 0.02
2458493.2827031 8.94 0.02
2458493.2828767 9.02 0.02
2458493.2830503 9.00 0.02
2458493.2832239 8.98 0.02
2458493.2833975 8.99 0.02
2458493.2835711 8.99 0.02
2458493.2837447 8.96 0.02
2458493.2839184 9.00 0.02
2458493.2840920 9.02 0.02
2458493.2842656 8.99 0.02
2458493.2844392 8.98 0.02
2458493.2846128 9.00 0.02
2458493.2847864 9.00 0.02
2458493.2849600 8.97 0.02
2458493.2851336 8.98 0.02
2458493.2853072 9.02 0.02
2458493.2854809 8.96 0.02
2458493.2856545 8.99 0.02
2458493.2858281 8.97 0.02
2458493.2860017 8.97 0.02
2458493.2861753 8.97 0.02
2458493.2863489 8.97 0.02
2458493.2865225 8.99 0.02
2458493.2866961 8.97 0.02
2458493.2868698 8.96 0.02
2458493.2870434 9.00 0.02
2458493.2872170 9.01 0.02
2458493.2873906 8.99 0.02
2458493.2875642 8.94 0.02
2458493.2877378 8.99 0.02
2458493.2879114 9.04 0.02
2458493.2880850 9.01 0.02
2458493.2882586 8.98 0.02
2458493.2884323 9.03 0.02
2458493.2886059 8.97 0.02
2458493.2887795 8.96 0.02
2458493.2889531 9.02 0.02
2458493.2891267 8.99 0.02
2458493.2893003 8.97 0.02
2458493.2894739 8.97 0.02
2458493.2896475 9.00 0.02
2458493.2898211 8.99 0.02
2458493.2899961 8.99 0.02
2458493.2901695 8.99 0.02
2458493.2903429 8.98 0.02
2458493.2905164 8.98 0.02
2458493.2906898 8.98 0.02
2458493.2908633 9.01 0.02
2458493.2910367 9.02 0.02
2458493.2912102 8.99 0.02
2458493.2913836 9.00 0.02
2458493.2915572 9.00 0.02
2458493.2917309 8.98 0.02
2458493.2919045 9.01 0.02
2458493.2920781 8.96 0.02
2458493.2922517 8.97 0.02
2458493.2924253 8.99 0.02
2458493.2925989 8.98 0.02
2458493.2927725 8.96 0.02
2458493.2929461 9.00 0.02
2458493.2931197 9.02 0.02
2458493.2932934 8.95 0.02
2458493.2934670 8.95 0.02
2458493.2936406 8.99 0.02
2458493.2938142 8.97 0.02
2458493.2939878 8.99 0.02
2458493.2941614 8.97 0.02
2458493.2943350 9.02 0.02
2458493.2945086 9.01 0.02
2458493.2946823 8.99 0.02
2458493.2948559 8.98 0.02
2458493.2950295 8.98 0.02
2458493.2952031 9.02 0.02
2458493.2953767 9.01 0.02
2458493.2955503 8.98 0.02
2458493.2957239 8.99 0.02
2458493.2958975 8.96 0.02
2458493.2960711 8.97 0.02
2458493.2962448 8.95 0.02
2458493.2964184 8.98 0.02
2458493.2965920 8.96 0.02
2458493.2967656 9.04 0.02
2458493.2969392 8.97 0.02
2458493.2971128 8.99 0.02
2458493.2972864 8.99 0.02
2458493.2974600 8.95 0.02
2458493.2976336 8.98 0.02
2458493.2978072 9.00 0.02
2458493.2979809 9.00 0.02
2458493.2981545 8.98 0.02
2458493.2983281 8.99 0.02
2458493.2985017 8.98 0.02
2458493.2986753 9.02 0.02
2458493.2988489 8.97 0.02
2458493.2990225 8.98 0.02
2458493.2991961 8.94 0.02
2458493.2993697 8.97 0.02
2458493.2995434 8.98 0.02
2458493.2997170 8.98 0.02
2458493.2998906 8.98 0.02
2458493.3000642 8.96 0.02
2458493.3002378 9.02 0.02
2458493.3004114 8.93 0.02
2458493.3005850 8.98 0.02
2458493.3007586 9.03 0.02
2458493.3018931 8.98 0.02
2458493.3021591 8.97 0.02
2458493.3023327 9.02 0.02
2458493.3025063 8.99 0.02
2458493.3026799 8.96 0.02
2458493.3028536 8.94 0.02
2458493.3030272 8.98 0.02
2458493.3032008 8.99 0.02
2458493.3033744 9.01 0.02
2458493.3035480 9.00 0.02
2458493.3037216 9.01 0.02
2458493.3038952 8.98 0.02
2458493.3040688 8.96 0.02
2458493.3042424 8.98 0.02
2458493.3044161 8.99 0.02
2458493.3045897 8.98 0.02
2458493.3047633 9.00 0.02
2458493.3049369 8.98 0.02
2458493.3051105 9.02 0.02
2458493.3052841 8.90 0.02
2458493.3054577 8.98 0.02
2458493.3056313 9.01 0.02
2458493.3058049 8.99 0.02
2458493.3059785 8.99 0.02
2458493.3061522 8.99 0.02
2458493.3063258 8.93 0.02
2458493.3064994 8.93 0.02
2458493.3066730 8.98 0.02
2458493.3068466 8.96 0.02
2458493.3070202 9.01 0.02
2458493.3071938 8.98 0.02
2458493.3073674 9.02 0.02
2458493.3075410 8.98 0.02
2458493.3077147 8.96 0.02
2458493.3078883 9.01 0.02
2458493.3080619 8.96 0.02
2458493.3082355 8.95 0.02
2458493.3084091 9.01 0.02
2458493.3085827 9.00 0.02
2458493.3087563 8.97 0.02
2458493.3089299 9.00 0.02
2458493.3091036 9.03 0.02
2458493.3092772 8.97 0.02
2458493.3094508 9.01 0.02
2458493.3096244 8.97 0.02
2458493.3097980 8.97 0.02
2458493.3099716 8.94 0.02
2458493.3101452 8.99 0.02
2458493.3103188 9.03 0.02
2458493.3104924 8.98 0.02
2458493.3106661 8.96 0.02
2458493.3108397 8.98 0.02
2458493.3110133 8.98 0.02
2458493.3111869 8.94 0.02
2458493.3113605 8.99 0.02
2458493.3115341 9.02 0.02
2458493.3117077 8.92 0.02
2458493.3118813 9.00 0.02
2458493.3120549 8.98 0.02
2458493.3122298 9.00 0.02
2458493.3124033 8.98 0.02
2458493.3125767 8.98 0.02
2458493.3127502 8.95 0.02
2458493.3129236 9.02 0.02
2458493.3130971 8.95 0.02
2458493.3132705 8.99 0.02
2458493.3134439 9.02 0.02
2458493.3136174 8.98 0.02
2458493.3137910 8.97 0.02
2458493.3139647 8.98 0.02
2458493.3141383 8.97 0.02
2458493.3143119 8.96 0.02
2458493.3144855 8.95 0.02
2458493.3146591 8.99 0.02
2458493.3148327 8.95 0.02
2458493.3150063 8.97 0.02
2458493.3151799 8.99 0.02
2458493.3153535 9.00 0.02
2458493.3155272 8.96 0.02
2458493.3157008 9.00 0.02
2458493.3158744 8.98 0.02
2458493.3160480 8.97 0.02
2458493.3162216 8.97 0.02
2458493.3163952 8.97 0.02
2458493.3165688 8.98 0.02
2458493.3167424 8.98 0.02
2458493.3169161 8.99 0.02
2458493.3170897 8.99 0.02
2458493.3172633 8.95 0.02
2458493.3174369 9.00 0.02
2458493.3176105 8.99 0.02
2458493.3177841 9.01 0.02
2458493.3179577 8.99 0.02
2458493.3181313 9.00 0.02
2458493.3183049 8.99 0.02
2458493.3184786 8.97 0.02
2458493.3186522 8.98 0.02
2458493.3188258 8.99 0.02
2458493.3189994 8.94 0.02
2458493.3191730 9.00 0.02
2458493.3193466 8.99 0.02
2458493.3195202 8.98 0.02
2458493.3196938 8.96 0.02
2458493.3198674 8.99 0.02
2458493.3200411 8.96 0.02
2458493.3202147 8.99 0.02
2458493.3203883 8.99 0.02
2458493.3205619 8.99 0.02
2458493.3207355 8.95 0.02
2458493.3209091 8.97 0.02
2458493.3210827 8.99 0.02
2458493.3212563 8.99 0.02
2458493.3214299 8.99 0.02
2458493.3216035 8.99 0.02
2458493.3217772 9.00 0.02
2458493.3219508 9.00 0.02
2458493.3221244 8.93 0.02
2458493.3222980 8.98 0.02
2458493.3224716 8.95 0.02
2458493.3226452 8.96 0.02
2458493.3228188 8.98 0.02
2458493.3229924 9.00 0.02
2458493.3231662 8.95 0.02
2458493.3233397 8.97 0.02
2458493.3235133 8.99 0.02
2458493.3236869 9.00 0.02
2458493.3238605 8.97 0.02
2458493.3240341 8.99 0.02
2458493.3242090 8.96 0.02
2458493.3243824 8.97 0.02
2458493.3245559 8.98 0.02
2458493.3247293 8.96 0.02
2458493.3249028 8.99 0.02
2458493.3250762 8.96 0.02
2458493.3252497 8.99 0.02
2458493.3254231 9.00 0.02
2458493.3255966 8.99 0.02
2458493.3257702 8.99 0.02
2458493.3259438 8.98 0.02
2458493.3261174 8.98 0.02
2458493.3262911 8.96 0.02
2458493.3264647 8.96 0.02
2458493.3266383 9.00 0.02
2458493.3268119 8.97 0.02
2458493.3269855 8.99 0.02
2458493.3271591 9.00 0.02
2458493.3273327 8.93 0.02
2458493.3275063 8.97 0.02
2458493.3276799 8.97 0.02
2458493.3278536 8.97 0.02
2458493.3280272 9.00 0.02
2458493.3282008 8.99 0.02
2458493.3283744 9.00 0.02
2458493.3285480 8.98 0.02
2458493.3287216 8.99 0.02
2458493.3288952 8.97 0.02
2458493.3290688 9.01 0.02
2458493.3292430 9.03 0.02
2458493.3294160 8.96 0.02
2458493.3295897 9.02 0.02
2458493.3297633 8.97 0.02
2458493.3299369 8.98 0.02
2458493.3301105 8.95 0.02
2458493.3302841 9.01 0.02
2458493.3304577 8.95 0.02
2458493.3306313 9.00 0.02
2458493.3308049 8.96 0.02
2458493.3309785 8.99 0.02
2458493.3311522 8.97 0.02
2458493.3313258 8.96 0.02
2458493.3314994 8.95 0.02
2458493.3316730 9.03 0.02
2458493.3318466 9.00 0.02
2458493.3320202 8.99 0.02
2458493.3321938 8.98 0.02
2458493.3323674 8.99 0.02
2458493.3325411 8.99 0.02
2458493.3327147 8.97 0.02
2458493.3328883 9.00 0.02
2458493.3330619 8.98 0.02
2458493.3332355 9.01 0.02
2458493.3334091 9.03 0.02
2458493.3335827 8.99 0.02
2458493.3337563 8.98 0.02
2458493.3339299 8.99 0.02
2458493.3341036 8.95 0.02
2458493.3342772 9.02 0.02
2458493.3344508 8.97 0.02
2458493.3346244 9.04 0.02
2458493.3347980 8.98 0.02
2458493.3349716 8.96 0.02
2458493.3351452 8.99 0.02
2458493.3353188 8.98 0.02
2458493.3354924 9.05 0.02
2458493.3356661 8.99 0.02
2458493.3358397 8.94 0.02
2458493.3360133 9.02 0.02
2458493.3361882 8.99 0.02
2458493.3363616 8.93 0.02
2458493.3365351 8.96 0.02
2458493.3367085 9.00 0.02
2458493.3368820 8.96 0.02
2458493.3370554 8.98 0.02
2458493.3372288 8.98 0.02
2458493.3374023 8.96 0.02
2458493.3375758 8.96 0.02
2458493.3377494 9.02 0.02
2458493.3379230 8.96 0.02
2458493.3380966 8.96 0.02
2458493.3382702 8.96 0.02
2458493.3384438 8.99 0.02
2458493.3386174 8.98 0.02
2458493.3387910 8.96 0.02
2458493.3389647 9.00 0.02
2458493.3391383 8.97 0.02
2458493.3393119 8.98 0.02
2458493.3394855 8.99 0.02
2458493.3396591 8.97 0.02
2458493.3398327 9.00 0.02
2458493.3400063 9.00 0.02
2458493.3401799 9.00 0.02
2458493.3403536 9.03 0.02
2458493.3405272 8.98 0.02
2458493.3407008 8.97 0.02
2458493.3408744 9.01 0.02
2458493.3410480 9.00 0.02
2458493.3412216 8.94 0.02
2458493.3413952 8.98 0.02
2458493.3415688 8.93 0.02
2458493.3417424 8.99 0.02
2458493.3419161 8.99 0.02
2458493.3420897 8.95 0.02
2458493.3422633 8.95 0.02
2458493.3424369 8.94 0.02
2458493.3426105 8.92 0.02
2458493.3427841 8.98 0.02
2458493.3429577 8.97 0.02
2458493.3431313 9.01 0.02
2458493.3433049 8.95 0.02
2458493.3434786 9.00 0.02
2458493.3436522 8.94 0.02
2458493.3438258 9.00 0.02
2458493.3439994 8.98 0.02
2458493.3441730 9.00 0.02
2458493.3443466 9.00 0.02
2458493.3445202 8.96 0.02
2458493.3446938 8.97 0.02
2458493.3448674 8.98 0.02
2458493.3450410 8.98 0.02
2458493.3452147 9.01 0.02
2458493.3453883 8.96 0.02
2458493.3455619 8.96 0.02
2458493.3457355 8.98 0.02
2458493.3459091 8.98 0.02
2458493.3460827 8.93 0.02
2458493.3462563 8.93 0.02
2458493.3464299 9.01 0.02
2458493.3466035 9.04 0.02
2458493.3467772 8.99 0.02
2458493.3469508 8.97 0.02
2458493.3471244 8.96 0.02
2458493.3472980 9.01 0.02
2458493.3474716 8.98 0.02
2458493.3476452 8.96 0.02
2458493.3478188 8.93 0.02
2458493.3479924 8.98 0.02
2458493.3481673 8.98 0.02
2458493.3483408 8.99 0.02
2458493.3485142 8.90 0.02
2458493.3486876 9.00 0.02
2458493.3488611 8.98 0.02
2458493.3490345 8.98 0.02
2458493.3492080 8.97 0.02
2458493.3493814 9.00 0.02
2458493.3495549 8.99 0.02
2458493.3497286 8.98 0.02
2458493.3499022 8.97 0.02
2458493.3500758 9.00 0.02
2458493.3502494 9.01 0.02
2458493.3504230 9.01 0.02
2458493.3505966 8.98 0.02
2458493.3507702 8.95 0.02
2458493.3509438 9.02 0.02
2458493.3511174 8.95 0.02
2458493.3512911 8.97 0.02
2458493.3514647 8.97 0.02
2458493.3516383 8.98 0.02
2458493.3518119 9.00 0.02
2458493.3519855 8.99 0.02
2458493.3521591 8.99 0.02
2458493.3523327 8.99 0.02
2458493.3525063 8.97 0.02
2458493.3526799 8.96 0.02
2458493.3528535 8.96 0.02
2458493.3530272 9.01 0.02
2458493.3532008 8.94 0.02
2458493.3533744 8.98 0.02
2458493.3535480 8.99 0.02
2458493.3537216 9.04 0.02
2458493.3538952 8.98 0.02
2458493.3540688 9.02 0.02
2458493.3542424 8.97 0.02
2458493.3544160 8.98 0.02
2458493.3545897 9.00 0.02
2458493.3547633 8.96 0.02
2458493.3549369 8.97 0.02
2458493.3551105 8.97 0.02
2458493.3552841 8.95 0.02
2458493.3554577 8.98 0.02
2458493.3556313 8.98 0.02
2458493.3558049 9.01 0.02
2458493.3559786 9.00 0.02
2458493.3561522 8.96 0.02
2458493.3563258 9.01 0.02
2458493.3564994 8.95 0.02
2458493.3566730 8.92 0.02
2458493.3568466 8.97 0.02
2458493.3570202 9.01 0.02
2458493.3571938 8.99 0.02
2458493.3573674 9.00 0.02
2458493.3575411 8.96 0.02
2458493.3577147 8.95 0.02
2458493.3578883 9.01 0.02
2458493.3580619 8.98 0.02
2458493.3582355 9.01 0.02
2458493.3584091 8.96 0.02
2458493.3585827 8.99 0.02
2458493.3587563 8.95 0.02
2458493.3589299 8.97 0.02
2458493.3591036 8.94 0.02
2458493.3592772 9.02 0.02
2458493.3594508 9.00 0.02
2458493.3596244 8.97 0.02
2458493.3597980 8.98 0.02
2458493.3599716 8.98 0.02
2458493.3601465 8.98 0.02
2458493.3603199 8.99 0.02
2458493.3604934 8.99 0.02
2458493.3606668 8.96 0.02
2458493.3608403 9.03 0.02
2458493.3610137 8.96 0.02
2458493.3611871 8.97 0.02
2458493.3613606 8.98 0.02
2458493.3615341 8.98 0.02
2458493.3617077 9.01 0.02
2458493.3618813 8.92 0.02
2458493.3620549 9.01 0.02
2458493.3622285 8.98 0.02
2458493.3624022 8.93 0.02
2458493.3625758 8.97 0.02
2458493.3627494 8.98 0.02
2458493.3629230 8.92 0.02
2458493.3630966 8.99 0.02
2458493.3632702 8.95 0.02
2458493.3634438 9.02 0.02
2458493.3636174 9.01 0.02
2458493.3637911 9.01 0.02
2458493.3639647 8.99 0.02
2458493.3641383 8.96 0.02
2458493.3643119 8.98 0.02
2458493.3644855 8.98 0.02
2458493.3646591 8.98 0.02
2458493.3648327 9.00 0.02
2458493.3650063 9.02 0.02
2458493.3651799 8.99 0.02
2458493.3653536 9.00 0.02
2458493.3655272 8.97 0.02
2458493.3657008 8.98 0.02
2458493.3658744 9.01 0.02
2458493.3660480 9.03 0.02
2458493.3662216 9.01 0.02
2458493.3663952 8.96 0.02
2458493.3665688 8.97 0.02
2458493.3667424 9.01 0.02
2458493.3669161 9.02 0.02
2458493.3670897 9.01 0.02
2458493.3672633 8.99 0.02
2458493.3674369 9.02 0.02
2458493.3676105 8.99 0.02
2458493.3677841 8.97 0.02
2458493.3679577 8.99 0.02
2458493.3681313 8.98 0.02
2458493.3683049 9.00 0.02
2458493.3684785 9.02 0.02
2458493.3686522 8.99 0.02
2458493.3688258 8.94 0.02
2458493.3689994 8.99 0.02
2458493.3691730 8.96 0.02
2458493.3693466 9.00 0.02
2458493.3695202 9.00 0.02
2458493.3696938 8.97 0.02
2458493.3698674 8.98 0.02
2458493.3700410 9.00 0.02
2458493.3702147 9.01 0.02
2458493.3703883 8.98 0.02
2458493.3705619 9.02 0.02
2458493.3707355 8.98 0.02
2458493.3709091 9.02 0.02
2458493.3710827 9.02 0.02
2458493.3712563 9.04 0.02
2458493.3714299 8.98 0.02
2458493.3716036 8.96 0.02
2458493.3717772 8.97 0.02
2458493.3719508 9.04 0.02
2458493.3721257 9.03 0.02
2458493.3722991 8.99 0.02
2458493.3724725 8.98 0.02
2458493.3726460 9.02 0.02
2458493.3728194 8.95 0.02
2458493.3729928 9.00 0.02
2458493.3731663 8.98 0.02
2458493.3733397 9.01 0.02
2458493.3735133 9.02 0.02
2458493.3736869 8.98 0.02
2458493.3738605 9.00 0.02
2458493.3742077 8.99 0.02
2458493.3743813 8.99 0.02
2458493.3745549 9.01 0.02
2458493.3747286 9.00 0.02
2458493.3749022 9.00 0.02
2458493.3750758 9.00 0.02
2458493.3752494 9.01 0.02
2458493.3754230 8.97 0.02
2458493.3755966 8.97 0.02
2458493.3757702 9.00 0.02
2458493.3759438 9.00 0.02
2458493.3761174 8.98 0.02
2458493.3762910 9.00 0.02
2458493.3764647 9.01 0.02
2458493.3766383 9.01 0.02
2458493.3768119 9.00 0.02
2458493.3769855 9.00 0.02
2458493.3771591 8.95 0.02
2458493.3773327 9.03 0.02
2458493.3775063 8.98 0.02
2458493.3776799 9.00 0.02
2458493.3778535 9.00 0.02
2458493.3780272 8.97 0.02
2458493.3782008 8.99 0.02
2458493.3783744 8.98 0.02
2458493.3785480 8.95 0.02
2458493.3787216 8.99 0.02
2458493.3788952 9.01 0.02
2458493.3790688 8.98 0.02
2458493.3792424 9.02 0.02
2458493.3794161 8.95 0.02
2458493.3795897 8.98 0.02
2458493.3797633 9.02 0.02
2458493.3799369 8.98 0.02
2458493.3801105 8.98 0.02
2458493.3802841 8.98 0.02
2458493.3804577 8.98 0.02
2458493.3806313 8.98 0.02
2458493.3808049 8.94 0.02
2458493.3809786 9.01 0.02
2458493.3811522 8.99 0.02
2458493.3813258 8.99 0.02
2458493.3814994 9.00 0.02
2458493.3816730 8.99 0.02
2458493.3818466 8.97 0.02
2458493.3820202 9.04 0.02
2458493.3821938 8.99 0.02
2458493.3823674 8.98 0.02
2458493.3825411 8.99 0.02
2458493.3827147 8.95 0.02
2458493.3828883 9.01 0.02
2458493.3830619 8.98 0.02
2458493.3832355 9.05 0.02
2458493.3834091 8.95 0.02
2458493.3835827 8.97 0.02
2458493.3837563 9.01 0.02
2458493.3839313 9.00 0.02
2458493.3841048 8.99 0.02
2458493.3842782 9.03 0.02
2458493.3844517 8.98 0.02
2458493.3846251 8.99 0.02
2458493.3847985 8.98 0.02
2458493.3849720 8.94 0.02
2458493.3851454 9.00 0.02
2458493.3853189 8.96 0.02
2458493.3854924 8.96 0.02
2458493.3856660 8.99 0.02
2458493.3858397 8.98 0.02
2458493.3860133 9.00 0.02
2458493.3861869 8.95 0.02
2458493.3863605 9.00 0.02
2458493.3865341 8.98 0.02
2458493.3867077 9.00 0.02
2458493.3868813 8.96 0.02
2458493.3870549 9.00 0.02
2458493.3872286 8.97 0.02
2458493.3874022 8.98 0.02
2458493.3875758 8.98 0.02
2458493.3877494 8.97 0.02
2458493.3879230 8.97 0.02
2458493.3880966 8.99 0.02
2458493.3882702 8.98 0.02
2458493.3884438 8.98 0.02
2458493.3886174 8.95 0.02
2458493.3887911 8.96 0.02
2458493.3889647 8.98 0.02
2458493.3891383 9.02 0.02
2458493.3893119 8.98 0.02
2458493.3894855 8.97 0.02
2458493.3896591 9.00 0.02
2458493.3898327 8.98 0.02
2458493.3900063 8.98 0.02
2458493.3901799 8.97 0.02
2458493.3903536 8.96 0.02
2458493.3905272 8.94 0.02
2458493.3907008 9.04 0.02
2458493.3908744 9.00 0.02
2458493.3910480 9.02 0.02
2458493.3912216 9.01 0.02
2458493.3913952 9.06 0.02
2458493.3915688 8.95 0.02
2458493.3917424 8.98 0.02
2458493.3919160 8.99 0.02
2458493.3920897 8.94 0.02
2458493.3922633 8.98 0.02
2458493.3924369 8.97 0.02
2458493.3926105 8.96 0.02
2458493.3927841 8.96 0.02
2458493.3929577 9.01 0.02
2458493.3931313 9.03 0.02
2458493.3933049 8.98 0.02
2458493.3934785 8.97 0.02
2458493.3936522 9.01 0.02
2458493.3938258 9.02 0.02
2458493.3939994 9.03 0.02
2458493.3941730 9.00 0.02
2458493.3943466 9.02 0.02
2458493.3945202 8.97 0.02
2458493.3946938 9.00 0.02
2458493.3948674 9.00 0.02
2458493.3950411 8.99 0.02
2458493.3952147 8.99 0.02
2458493.3953883 9.00 0.02
2458493.3955619 9.04 0.02
2458493.3957355 8.96 0.02
2458493.3959105 8.94 0.02
2458493.3960839 9.01 0.02
2458493.3962574 8.97 0.02
2458493.3964308 9.01 0.02
2458493.3966043 9.00 0.02
2458493.3967777 8.97 0.02
2458493.3969511 8.99 0.02
2458493.3971246 8.99 0.02
2458493.3972980 8.98 0.02
2458493.3974716 8.97 0.02
2458493.3976452 9.00 0.02
2458493.3978188 8.97 0.02
2458493.3979924 8.97 0.02
2458493.3981661 9.00 0.02
2458493.3983397 9.00 0.02
2458493.3985133 8.98 0.02
2458493.3986869 8.97 0.02
2458493.3988605 8.98 0.02
2458493.3990341 8.95 0.02
2458493.3992077 8.99 0.02
2458493.3993813 8.98 0.02
2458493.3995549 9.00 0.02
2458493.3997285 9.01 0.02
2458493.3999022 8.98 0.02
2458493.4000758 8.97 0.02
2458493.4002494 8.99 0.02
2458493.4004230 8.99 0.02
2458493.4005966 8.96 0.02
2458493.4007702 9.05 0.02
2458493.4009438 9.08 0.02
2458493.4011174 9.00 0.02
2458493.4012910 8.98 0.02
2458493.4014647 8.95 0.02
2458493.4016383 8.99 0.02
2458493.4018119 8.97 0.02
2458493.4019855 8.95 0.02
2458493.4021591 9.00 0.02
2458493.4023327 9.01 0.02
2458493.4025063 9.01 0.02
2458493.4026799 9.01 0.02
2458493.4028536 8.98 0.02
2458493.4030272 9.03 0.02
2458493.4032008 8.99 0.02
2458493.4033744 8.99 0.02
2458493.4035480 8.99 0.02
2458493.4037216 9.00 0.02
2458493.4038952 8.95 0.02
2458493.4040688 9.00 0.02
2458493.4042424 8.94 0.02
2458493.4044161 8.98 0.02
2458493.4045897 8.98 0.02
2458493.4047633 9.00 0.02
2458493.4049369 8.99 0.02
2458493.4051105 9.03 0.02
2458493.4052841 9.04 0.02
2458493.4054577 8.98 0.02
2458493.4056313 8.97 0.02
2458493.4058049 8.97 0.02
2458493.4059786 8.99 0.02
2458493.4061522 8.98 0.02
2458493.4063258 8.96 0.02
2458493.4064994 9.05 0.02
2458493.4066730 8.98 0.02
2458493.4068466 8.96 0.02
2458493.4070202 8.98 0.02
2458493.4071938 8.98 0.02
2458493.4073674 9.08 0.02
2458493.4075410 8.99 0.02
2458493.4077147 8.94 0.02
2458493.4078896 9.00 0.02
2458493.4080630 8.96 0.02
2458493.4082365 9.00 0.02
2458493.4084099 8.98 0.02
2458493.4085833 9.02 0.02
2458493.4087568 8.97 0.02
2458493.4089302 9.01 0.02
2458493.4091037 8.98 0.02
2458493.4092772 9.00 0.02
2458493.4094508 8.98 0.02
2458493.4096244 8.93 0.02
2458493.4097980 9.01 0.02
2458493.4099716 8.98 0.02
2458493.4101452 9.00 0.02
2458493.4103188 9.02 0.02
2458493.4104924 8.96 0.02
2458493.4106661 8.97 0.02
2458493.4108397 8.97 0.02
2458493.4110133 8.94 0.02
2458493.4111869 8.95 0.02
2458493.4113605 9.03 0.02
2458493.4115341 8.99 0.02
2458493.4117077 9.00 0.02
2458493.4118813 8.99 0.02
2458493.4120549 8.99 0.02
2458493.4122286 9.01 0.02
2458493.4124022 8.99 0.02
2458493.4125758 8.99 0.02
2458493.4127494 9.00 0.02
2458493.4129230 9.01 0.02
2458493.4130966 8.98 0.02
2458493.4132702 9.00 0.02
2458493.4134438 8.97 0.02
2458493.4136174 9.01 0.02
2458493.4137911 9.01 0.02
2458493.4139647 8.98 0.02
2458493.4141383 9.02 0.02
2458493.4143119 8.95 0.02
2458493.4144855 8.99 0.02
2458493.4146591 9.02 0.02
2458493.4148327 9.00 0.02
2458493.4150063 9.01 0.02
2458493.4151799 9.00 0.02
2458493.4153535 8.98 0.02
2458493.4155272 9.00 0.02
2458493.4157008 8.95 0.02
2458493.4158744 8.99 0.02
2458494.3446475 9.08 0.05
2458494.3448211 8.99 0.04
2458494.3449948 8.97 0.04
2458494.3451684 8.98 0.04
2458494.3453420 8.97 0.04
2458494.3455156 9.01 0.04
2458494.3456892 9.02 0.03
2458494.3458628 9.05 0.03
2458494.3460364 9.00 0.03
2458494.3462100 8.99 0.03
2458494.3463836 8.91 0.03
2458494.3465573 8.95 0.03
2458494.3467309 8.96 0.03
2458494.3469045 8.98 0.03
2458494.3470781 8.96 0.03
2458494.3472517 8.92 0.03
2458494.3474253 9.00 0.03
2458494.3475989 8.93 0.03
2458494.3477725 8.95 0.03
2458494.3479462 8.98 0.03
2458494.3481197 8.95 0.03
2458494.3482934 8.97 0.03
2458494.3484670 8.93 0.03
2458494.3486406 8.95 0.03
2458494.3488142 8.97 0.03
2458494.3489878 9.00 0.03
2458494.3491614 9.00 0.03
2458494.3493350 9.03 0.03
2458494.3495086 8.94 0.03
2458494.3496822 8.98 0.03
2458494.3498559 9.00 0.03
2458494.3500295 9.02 0.03
2458494.3502031 8.96 0.03
2458494.3503767 8.92 0.03
2458494.3505503 8.96 0.03
2458494.3507239 8.99 0.03
2458494.3508975 8.98 0.03
2458494.3510711 8.97 0.03
2458494.3512447 8.97 0.03
2458494.3514184 8.92 0.03
2458494.3515920 8.96 0.03
2458494.3517656 9.05 0.03
2458494.3519392 8.94 0.03
2458494.3521128 9.00 0.03
2458494.3522864 8.94 0.03
2458494.3524600 8.94 0.03
2458494.3526336 8.94 0.03
2458494.3528073 9.01 0.03
2458494.3529809 9.01 0.03
2458494.3531545 8.97 0.03
2458494.3533281 9.03 0.03
2458494.3535031 8.93 0.03
2458494.3536765 9.01 0.03
2458494.3538500 8.95 0.03
2458494.3540234 8.96 0.03
2458494.3541969 8.97 0.03
2458494.3543703 8.95 0.03
2458494.3545438 8.99 0.03
2458494.3547172 8.96 0.03
2458494.3548906 8.98 0.03
2458494.3550642 9.01 0.03
2458494.3552378 8.96 0.03
2458494.3554114 8.99 0.03
2458494.3555850 8.97 0.03
2458494.3557586 8.96 0.03
2458494.3559322 8.97 0.04
2458494.3561059 8.94 0.04
2458494.3562795 9.02 0.04
2458494.3564531 8.98 0.04
2458494.3566267 8.89 0.04
2458494.3568003 8.94 0.04
2458494.3569739 8.97 0.04
2458494.3571475 9.01 0.04
2458494.3573211 8.97 0.04
2458494.3574947 8.99 0.04
2458494.3576684 8.97 0.04
2458494.3578420 8.96 0.04
2458494.3580156 8.93 0.04
2458494.3581892 9.01 0.04
2458494.3583628 8.99 0.04
2458494.3585364 8.97 0.04
2458494.3587100 9.01 0.04
2458494.3588836 9.03 0.04
2458494.3590572 8.94 0.04
2458494.3592309 9.00 0.04
2458494.3594045 8.95 0.04
2458494.3595781 8.94 0.04
2458494.3606945 8.93 0.04
2458494.3609670 8.91 0.04
2458494.3611406 8.92 0.04
2458494.3613142 9.00 0.04
2458494.3614878 8.95 0.04
2458494.3616614 8.97 0.04
2458494.3618350 8.98 0.04
2458494.3620086 9.04 0.05
2458494.3621823 9.02 0.05
2458494.3623559 9.04 0.05
2458494.3625295 8.99 0.05
2458494.3627031 8.96 0.05
2458494.3628767 9.00 0.05
2458494.3630503 9.05 0.05
2458494.3632239 8.95 0.05
2458494.3633975 9.03 0.05
2458494.3635711 8.96 0.05
2458494.3637447 9.01 0.05
2458494.3639184 8.92 0.05
2458494.3640920 8.94 0.05
2458494.3642656 9.02 0.05
2458494.3644392 9.00 0.05
2458494.3646128 8.90 0.05
2458494.3647864 8.88 0.05
2458494.3649600 8.97 0.06
2458494.3651336 8.89 0.05
2458494.3653072 8.95 0.06
2458494.3654809 8.98 0.06
2458494.3656545 8.92 0.06
2458494.3658281 8.94 0.06
2458494.3660017 8.90 0.06
2458494.3661753 8.96 0.06
2458494.3663489 9.04 0.07
2458494.3665225 8.99 0.07
2458494.3666961 8.98 0.07
2458494.3668697 9.03 0.07
2458494.3670434 8.99 0.08
2458494.3672170 8.77 0.06
2458494.3673920 8.90 0.07
2458494.3675654 8.89 0.07
2458494.3680858 8.90 0.08
2458494.3687795 8.90 0.08
2458494.3691267 8.91 0.08
2458494.3699948 8.85 0.08
2458498.1654809 9.00 0.03
2458498.1656545 8.98 0.03
2458498.1658281 9.04 0.03
2458498.1660017 8.97 0.03
2458498.1661753 8.93 0.02
2458498.1663489 9.01 0.03
2458498.1665238 8.98 0.03
2458498.1666972 8.98 0.03
2458498.1668707 8.94 0.03
2458498.1670441 8.94 0.03
2458498.1672176 8.95 0.03
2458498.1673910 9.03 0.03
2458498.1675645 9.00 0.03
2458498.1677379 8.98 0.03
2458498.1679114 9.00 0.03
2458498.1680850 8.99 0.03
2458498.1682586 8.94 0.03
2458498.1684322 8.97 0.03
2458498.1686059 9.01 0.03
2458498.1687795 8.97 0.03
2458498.1689531 8.96 0.02
2458498.1691267 8.97 0.03
2458498.1693003 8.98 0.03
2458498.1694739 8.96 0.03
2458498.1696475 8.98 0.03
2458498.1698211 8.95 0.02
2458498.1699947 8.99 0.03
2458498.1701684 9.06 0.03
2458498.1703420 8.95 0.02
2458498.1705156 8.97 0.03
2458498.1706892 9.00 0.03
2458498.1708628 8.94 0.02
2458498.1710364 8.95 0.02
2458498.1712100 8.99 0.03
2458498.1713836 8.95 0.02
2458498.1715572 9.01 0.03
2458498.1717309 8.99 0.03
2458498.1719045 8.98 0.03
2458498.1720781 8.96 0.03
2458498.1722517 8.99 0.03
2458498.1724253 8.95 0.02
2458498.1725989 8.98 0.03
2458498.1727725 8.95 0.02
2458498.1729461 8.99 0.03
2458498.1731198 8.95 0.02
2458498.1732934 8.99 0.03
2458498.1734670 8.99 0.02
2458498.1736406 9.00 0.03
2458498.1738142 8.99 0.03
2458498.1739878 8.92 0.02
2458498.1741614 8.94 0.02
2458498.1743350 8.98 0.02
2458498.1745086 8.98 0.02
2458498.1746823 8.94 0.02
2458498.1750295 8.96 0.02
2458498.1752031 9.04 0.03
2458498.1753767 8.95 0.02
2458498.1755503 8.99 0.02
2458498.1757239 8.97 0.02
2458498.1758975 8.97 0.02
2458498.1760711 9.00 0.03
2458498.1762447 9.07 0.03
2458498.1764184 8.97 0.02
2458498.1765920 8.98 0.02
2458498.1767656 9.00 0.02
2458498.1769392 9.00 0.02
2458498.1771128 9.03 0.03
2458498.1772864 8.95 0.02
2458498.1774600 8.96 0.02
2458498.1776336 8.97 0.02
2458498.1778072 8.99 0.02
2458498.1779809 8.97 0.02
2458498.1781545 8.98 0.02
2458498.1783295 8.98 0.02
2458498.1785029 8.97 0.02
2458498.1786763 8.96 0.02
2458498.1788498 8.95 0.02
2458498.1790232 8.98 0.02
2458498.1791967 8.96 0.02
2458498.1793701 8.96 0.02
2458498.1795436 8.93 0.02
2458498.1797170 8.94 0.02
2458498.1798906 8.97 0.02
2458498.1800642 8.97 0.02
2458498.1802378 8.99 0.02
2458498.1804114 9.01 0.02
2458498.1805850 8.98 0.02
2458498.1807586 8.98 0.02
2458498.1809323 8.98 0.02
2458498.1811059 9.02 0.02
2458498.1812795 8.97 0.02
2458498.1814531 8.98 0.02
2458498.1816267 9.00 0.02
2458498.1818003 8.97 0.02
2458498.1819739 8.99 0.02
2458498.1821475 8.97 0.02
2458498.1823211 8.95 0.02
2458498.1824948 8.93 0.02
2458498.1826684 8.97 0.02
2458498.1828420 8.95 0.02
2458498.1830156 8.90 0.02
2458498.1831892 9.03 0.03
2458498.1833628 8.97 0.02
2458498.1835364 8.97 0.02
2458498.1837100 8.99 0.02
2458498.1838836 8.97 0.02
2458498.1840572 8.96 0.02
2458498.1842309 8.99 0.02
2458498.1844045 8.97 0.02
2458498.1845781 8.95 0.02
2458498.1847517 8.97 0.02
2458498.1849253 8.99 0.02
2458498.1850989 9.02 0.02
2458498.1852725 8.99 0.02
2458498.1854461 8.99 0.02
2458498.1856197 8.99 0.02
2458498.1857934 8.98 0.02
2458498.1859670 8.93 0.02
2458498.1861406 8.99 0.02
2458498.1863142 8.98 0.02
2458498.1864878 8.98 0.02
2458498.1866614 8.95 0.02
2458498.1868350 8.98 0.02
2458498.1870086 9.00 0.02
2458498.1871822 8.97 0.02
2458498.1882974 8.99 0.02
2458498.1885711 9.01 0.02
2458498.1887448 8.97 0.02
2458498.1889184 8.94 0.02
2458498.1890920 9.01 0.02
2458498.1892656 8.96 0.02
2458498.1894392 8.94 0.02
2458498.1896128 8.99 0.02
2458498.1897864 8.98 0.02
2458498.1901336 8.94 0.02
2458498.1903073 9.01 0.02
2458498.1904809 8.99 0.02
2458498.1906545 8.95 0.02
2458498.1908281 8.98 0.02
2458498.1910017 9.00 0.02
2458498.1911753 9.04 0.02
2458498.1913489 8.99 0.02
2458498.1915225 8.95 0.02
2458498.1916961 8.98 0.02
2458498.1918697 8.97 0.02
2458498.1920434 9.01 0.02
2458498.1922170 8.97 0.02
2458498.1923906 8.98 0.02
2458498.1925642 9.02 0.02
2458498.1927378 8.93 0.02
2458498.1929114 9.02 0.02
2458498.1930850 8.97 0.02
2458498.1932586 8.99 0.02
2458498.1934322 8.94 0.02
2458498.1936059 9.01 0.02
2458498.1937795 9.00 0.02
2458498.1939531 9.00 0.02
2458498.1941267 9.00 0.02
2458498.1943003 8.98 0.02
2458498.1944739 8.95 0.02
2458498.1946475 9.02 0.02
2458498.1948211 8.98 0.02
2458498.1949947 8.94 0.02
2458498.1951684 9.01 0.02
2458498.1953420 8.94 0.02
2458498.1955156 8.90 0.02
2458498.1958628 8.95 0.02
2458498.1960378 9.00 0.02
2458498.1962112 8.95 0.02
2458498.1965581 8.97 0.02
2458498.1967315 8.95 0.02
2458498.1969050 8.94 0.02
2458498.1972519 8.94 0.02
2458498.1974253 8.99 0.02
2458498.1975989 8.95 0.02
2458498.1977725 9.00 0.02
2458498.1979461 8.94 0.02
2458498.1981198 8.96 0.02
2458498.1982934 8.98 0.02
2458498.1984670 9.02 0.02
2458498.1986406 8.92 0.02
2458498.1988142 9.00 0.02
2458498.1989878 8.98 0.02
2458498.1991614 8.98 0.02
2458498.1993350 9.05 0.02
2458498.1995086 8.95 0.02
2458498.1996822 8.95 0.02
2458498.1998559 8.98 0.02
2458498.2000295 8.90 0.02
2458498.2002031 8.99 0.02
2458498.2003767 8.96 0.02
2458498.2005503 8.94 0.02
2458498.2007239 8.93 0.02
2458498.2008975 8.93 0.02
2458498.2010711 9.00 0.02
2458498.2012447 8.97 0.02
2458498.2014184 8.99 0.02
2458498.2015920 8.99 0.02
2458498.2017656 9.00 0.02
2458498.2019392 8.93 0.02
2458498.2024600 8.95 0.02
2458498.2026336 8.94 0.02
2458498.2028072 8.96 0.02
2458498.2029809 8.98 0.02
2458498.2031545 8.99 0.02
2458498.2036753 8.96 0.02
2458498.2038489 8.97 0.02
2458498.2040225 9.00 0.02
2458498.2041961 8.98 0.02
2458498.2043698 8.94 0.02
2458498.2045434 8.97 0.02
2458498.2047170 8.96 0.02
2458498.2048906 8.96 0.02
2458498.2050642 8.96 0.02
2458498.2052378 8.96 0.02
2458498.2054114 8.96 0.02
2458498.2055850 8.92 0.02
2458498.2057586 8.97 0.02
2458498.2059323 8.97 0.02
2458498.2061059 8.99 0.02
2458498.2062795 9.01 0.02
2458498.2064531 8.94 0.02
2458498.2066267 8.97 0.02
2458498.2068003 8.98 0.02
2458498.2069739 8.99 0.02
2458498.2071475 8.95 0.02
2458498.2073211 8.97 0.02
2458498.2074947 8.95 0.02
2458498.2076684 9.00 0.02
2458498.2078420 8.98 0.02
2458498.2080169 8.96 0.02
2458498.2081904 8.97 0.02
2458498.2083638 8.94 0.02
2458498.2085373 8.94 0.02
2458498.2087107 8.94 0.02
2458498.2094045 8.99 0.02
2458498.2109670 9.00 0.02
2458498.2111406 8.99 0.02
2458498.2113142 8.94 0.02
2458498.2114878 8.95 0.02
2458498.2116614 8.97 0.02
2458498.2118350 8.92 0.02
2458498.2120086 8.94 0.02
2458498.2121823 9.02 0.02
2458498.2123559 8.96 0.02
2458498.2125295 8.96 0.02
2458498.2127031 9.00 0.02
2458498.2128767 8.96 0.02
2458498.2130503 8.99 0.02
2458498.2132239 8.98 0.02
2458498.2133975 8.95 0.02
2458498.2135711 8.97 0.02
2458498.2137448 9.03 0.02
2458498.2139184 8.97 0.02
2458498.2140920 8.95 0.02
2458498.2142656 8.98 0.02
2458498.2144392 9.01 0.02
2458498.2180850 8.99 0.02
2458498.2184322 8.99 0.02
2458498.2187795 8.97 0.02
2458498.2189531 8.94 0.02
2458498.2191267 9.00 0.02
2458498.2193003 8.93 0.02
2458498.2194739 8.99 0.02
2458498.2196475 8.98 0.02
2458498.2198225 8.94 0.02
2458498.2199960 8.96 0.02
2458498.2201694 8.93 0.02
2458498.2203429 8.97 0.02
2458498.2205163 8.97 0.02
2458498.2206898 9.01 0.02
2458498.2208632 8.99 0.02
2458498.2210366 8.99 0.02
2458498.2250295 8.93 0.02
2458498.2252031 8.94 0.02
2458498.2253767 9.01 0.02
2458498.2255503 9.01 0.02
2458498.2257239 8.99 0.02
2458498.2258975 8.95 0.02
2458498.2260711 8.98 0.02
2458498.2262447 8.93 0.02
2458498.2264184 8.98 0.02
2458498.2265920 9.00 0.02
2458498.2267656 8.95 0.02
2458498.2269392 8.93 0.02
2458498.2271128 8.89 0.02
2458498.2272864 8.95 0.02
2458498.2274600 8.94 0.02
2458498.2276336 8.99 0.02
2458498.2278073 8.96 0.02
2458498.2312795 8.98 0.02
2458498.2316267 8.93 0.02
2458498.2318016 9.00 0.02
2458498.2319750 8.95 0.02
2458498.2321485 8.96 0.02
2458498.2323219 8.99 0.02
2458498.2324954 9.02 0.02
2458498.2326688 8.96 0.02
2458498.2328422 8.97 0.02
2458498.2330157 8.98 0.02
2458498.2331892 8.98 0.02
2458498.2333628 8.98 0.02
2458498.2335364 8.96 0.02
2458498.2337100 8.95 0.02
2458498.2383975 8.91 0.02
2458498.2385711 8.97 0.02
2458498.2387447 8.93 0.02
2458498.2389184 8.98 0.02
2458498.2390920 9.01 0.02
2458498.2392656 9.00 0.02
2458498.2394392 8.93 0.02
2458498.2396128 8.97 0.02
2458498.2397864 8.96 0.02
2458498.2399600 8.99 0.02
2458498.2401336 8.98 0.02
2458498.2403072 8.96 0.02
2458498.2404809 8.98 0.02
2458498.2455156 8.94 0.02
2458498.2456892 9.02 0.02
2458498.2460364 8.95 0.02
2458498.2462100 8.95 0.02
2458498.2463836 8.96 0.02
2458498.2465572 8.93 0.02
2458498.2467309 8.98 0.02
2458498.2469045 9.03 0.02
2458498.2470781 8.97 0.02
2458498.2474253 8.98 0.02
2458498.2475989 8.96 0.02
2458498.2510711 9.03 0.02
2458498.2512448 9.00 0.02
2458498.2517656 8.96 0.02
2458498.2519392 8.93 0.02
2458498.2521128 8.94 0.02
2458498.2522864 8.96 0.02
2458498.2524600 8.98 0.02
2458498.2526336 8.97 0.02
2458498.2528073 8.93 0.02
2458498.2529809 8.97 0.02
2458498.2531545 8.95 0.02
2458498.2533281 9.01 0.02
2458498.2535017 8.99 0.02
2458498.2536753 8.97 0.02
2458498.2538489 8.98 0.02
2458498.2540225 8.91 0.02
2458498.2541961 8.98 0.02
2458498.2543697 9.00 0.02
2458498.2576684 8.98 0.02
2458498.2578420 8.95 0.02
2458498.2581892 8.94 0.02
2458498.2583628 8.96 0.02
2458498.2585364 8.99 0.02
2458498.2587100 9.04 0.03
2458498.2588836 9.01 0.02
2458498.2590573 9.00 0.02
2458498.2592309 8.97 0.02
2458498.2594045 8.97 0.02
2458498.2595781 9.02 0.02
2458498.2597517 9.00 0.02
2458498.2599253 9.01 0.02
2458498.2600989 9.02 0.02
2458498.2602725 8.98 0.02
2458498.2604461 8.98 0.02
2458498.2606198 9.00 0.02
2458498.2607934 8.98 0.02
2458498.2611406 8.98 0.02
2458498.2614878 9.00 0.02
2458498.2618350 9.00 0.02
2458498.2625295 8.98 0.02
2458498.2647864 8.93 0.02
2458498.2649600 8.98 0.02
2458498.2651336 8.99 0.02
2458498.2653072 9.01 0.02
2458498.2654809 9.02 0.02
2458498.2656545 9.07 0.02
2458498.2658281 8.96 0.02
2458498.2660017 9.00 0.02
2458498.2661753 8.98 0.02
2458498.2663489 8.95 0.02
2458498.2665225 8.98 0.02
2458498.2666961 8.98 0.02
2458498.2668698 8.99 0.02
2458498.2670434 9.01 0.02
2458498.2672170 9.00 0.02
2458498.2675655 9.00 0.02
2458498.2693003 9.00 0.02
2458498.2706892 9.01 0.02
2458498.2710364 9.00 0.02
2458498.2712100 9.01 0.02
2458498.2713836 8.97 0.02
2458498.2715572 9.01 0.02
2458498.2717309 8.97 0.02
2458498.2719045 8.99 0.02
2458498.2720781 8.98 0.02
2458498.2722517 8.99 0.02
2458498.2724253 8.99 0.02
2458498.2725989 9.02 0.02
2458498.2727725 8.97 0.02
2458498.2729461 8.96 0.02
2458498.2731197 8.94 0.02
2458498.2732934 8.98 0.02
2458498.2734670 8.94 0.02
2458498.2736406 9.01 0.02
2458498.2738142 8.99 0.02
2458498.2739878 9.00 0.02
2458498.2741614 8.98 0.02
2458498.2743350 8.99 0.02
2458498.2745086 8.99 0.02
2458498.2746823 9.00 0.02
2458498.2748559 8.98 0.02
2458498.2750295 9.00 0.02
2458498.2758975 8.99 0.02
2458498.2760711 9.00 0.02
2458498.2762448 8.97 0.02
2458498.2764184 9.06 0.02
2458498.2765920 9.00 0.02
2458498.2767656 9.01 0.02
2458498.2769392 9.02 0.02
2458498.2774600 9.00 0.02
2458498.2776336 8.94 0.02
2458498.2778072 8.97 0.02
2458498.2779809 9.02 0.02
2458498.2781545 9.02 0.02
2458498.2783281 9.00 0.02
2458498.2785017 8.97 0.02
2458498.2786753 9.00 0.02
2458498.2788489 9.02 0.02
2458498.2790225 8.99 0.02
2458498.2791961 8.98 0.02
2458498.2793697 9.01 0.02
2458498.2795448 8.99 0.02
2458498.2797182 9.00 0.02
2458498.2798916 9.04 0.02
2458498.2800651 9.01 0.02
2458498.2802385 8.98 0.02
2458498.2804120 9.02 0.02
2458498.2805854 8.98 0.02
2458498.2807589 9.04 0.02
2458498.2809323 8.95 0.02
2458498.2811059 9.01 0.02
2458498.2814531 9.00 0.02
2458498.2816267 8.98 0.02
2458498.2818003 8.97 0.02
2458498.2819739 8.96 0.02
2458498.2821475 9.00 0.02
2458498.2823211 8.97 0.02
2458498.2824948 9.02 0.02
2458498.2826684 8.95 0.02
2458498.2828420 8.97 0.02
2458498.2830156 8.97 0.02
2458498.2831892 8.97 0.02
2458498.2833628 9.00 0.02
2458498.2835364 9.01 0.02
2458498.2837100 9.00 0.02
2458498.2838836 9.00 0.02
2458498.2840573 9.02 0.02
2458498.2842309 8.99 0.02
2458498.2844045 9.00 0.02
2458498.2845781 8.96 0.02
2458498.2847517 8.99 0.02
2458498.2849253 8.98 0.02
2458498.2850989 8.99 0.02
2458498.2852725 8.96 0.02
2458498.2854461 8.99 0.02
2458498.2856197 9.04 0.02
2458498.2857934 8.98 0.02
2458498.2859670 8.95 0.02
2458498.2861406 8.98 0.02
2458498.2863142 9.06 0.02
2458498.2864878 8.95 0.02
2458498.2866614 9.00 0.02
2458498.2868350 9.00 0.02
2458498.2870086 9.02 0.02
2458498.2871822 8.96 0.02
2458498.2873559 8.98 0.02
2458498.2875295 9.02 0.02
2458498.2877031 9.00 0.02
2458498.2878767 9.01 0.02
2458498.2880503 8.99 0.02
2458498.2882239 8.94 0.02
2458498.2883975 9.02 0.02
2458498.2885711 8.97 0.02
2458498.2887447 8.96 0.02
2458498.2889184 9.02 0.02
2458498.2890920 9.00 0.02
2458498.2892656 8.99 0.02
2458498.2894392 8.96 0.02
2458498.2896128 9.00 0.02
2458498.2897864 8.97 0.02
2458498.2899600 8.98 0.02
2458498.2901336 9.03 0.02
2458498.2903073 8.99 0.02
2458498.2904809 8.98 0.02
2458498.2906545 9.00 0.02
2458498.2908281 8.99 0.02
2458498.2910017 9.01 0.02
2458498.2911753 8.98 0.02
2458498.2913489 8.99 0.02
2458498.2915239 8.99 0.02
2458498.2916974 9.00 0.02
2458498.2918708 9.02 0.02
2458498.2920443 8.97 0.02
2458498.2922177 9.03 0.02
2458498.2923912 8.94 0.02
2458498.2925646 9.00 0.02
2458498.2927381 8.97 0.02
2458498.2929115 8.97 0.02
2458498.2930850 8.96 0.02
2458498.2932586 8.95 0.02
2458498.2934322 8.98 0.02
2458498.2936059 9.01 0.02
2458498.2937795 8.98 0.02
2458498.2939531 8.99 0.02
2458498.2941267 9.00 0.02
2458498.2943003 8.99 0.02
2458498.2944739 9.00 0.02
2458498.2946475 8.97 0.02
2458498.2948211 8.99 0.02
2458498.2949947 9.02 0.02
2458498.2951684 8.98 0.02
2458498.2953420 9.00 0.02
2458498.2955156 8.96 0.02
2458498.2956892 8.96 0.02
2458498.2958628 8.98 0.02
2458498.2960364 9.01 0.02
2458498.2962100 9.00 0.02
2458498.2963836 8.99 0.02
2458498.2965572 8.99 0.02
2458498.2967309 9.01 0.02
2458498.2969045 8.99 0.02
2458498.2970781 8.97 0.02
2458498.2972517 8.97 0.02
2458498.2974253 9.00 0.02
2458498.2975989 9.02 0.02
2458498.2977725 8.99 0.02
2458498.2979461 8.98 0.02
2458498.2981198 8.97 0.02
2458498.2982934 8.96 0.02
2458498.2984670 8.99 0.02
2458498.2986406 8.95 0.02
2458498.2988142 8.98 0.02
2458498.2989878 9.00 0.02
2458498.2991614 8.95 0.02
2458498.2993350 9.01 0.02
2458498.2995086 8.97 0.02
2458498.2996823 8.99 0.02
2458498.2998559 8.93 0.02
2458498.3000295 8.97 0.02
2458498.3002031 8.97 0.02
2458498.3003767 9.00 0.02
2458498.3005503 8.96 0.02
2458498.3007239 8.98 0.02
2458498.3008975 9.00 0.02
2458498.3010711 8.96 0.02
2458498.3012447 8.98 0.02
2458498.3014184 8.98 0.02
2458498.3015920 8.94 0.02
2458498.3017656 8.98 0.02
2458498.3019392 8.97 0.02
2458498.3021128 8.97 0.02
2458498.3022864 8.99 0.02
2458498.3024600 8.97 0.02
2458498.3026336 8.95 0.02
2458498.3028072 8.97 0.02
2458498.3029809 9.02 0.02
2458498.3031545 9.01 0.02
2458498.3033281 8.96 0.02
2458498.3035017 8.97 0.02
2458498.3036766 9.00 0.02
2458498.3038500 8.98 0.02
2458498.3040235 8.98 0.02
2458498.3041969 8.99 0.02
2458498.3043703 8.97 0.02
2458498.3045438 8.95 0.02
2458498.3047172 9.01 0.02
2458498.3048907 8.98 0.02
2458498.3050642 8.96 0.02
2458498.3052378 9.00 0.02
2458498.3054114 8.97 0.02
2458498.3055850 8.99 0.02
2458498.3057586 9.00 0.02
2458498.3059323 9.00 0.02
2458498.3061059 8.96 0.02
2458498.3062795 9.01 0.02
2458498.3064531 8.99 0.02
2458498.3066267 9.00 0.02
2458498.3068003 8.97 0.02
2458498.3069739 8.96 0.02
2458498.3071475 8.98 0.02
2458498.3073211 8.95 0.02
2458498.3074948 8.98 0.02
2458498.3076684 8.99 0.02
2458498.3078420 8.96 0.02
2458498.3080156 9.00 0.02
2458498.3081892 8.96 0.02
2458498.3083628 9.00 0.02
2458498.3085364 8.99 0.02
2458498.3087100 9.04 0.02
2458498.3088836 8.99 0.02
2458498.3090572 8.98 0.02
2458498.3092309 9.00 0.02
2458498.3094045 8.94 0.02
2458498.3095781 8.95 0.02
2458498.3097517 8.97 0.02
2458498.3099253 8.95 0.02
2458498.3100989 8.98 0.02
2458498.3102725 8.98 0.02
2458498.3104461 9.02 0.02
2458498.3106197 8.97 0.02
2458498.3107934 8.94 0.02
2458498.3109670 8.96 0.02
2458498.3111406 8.95 0.02
2458498.3113142 9.02 0.02
2458498.3114878 8.99 0.02
2458498.3116614 8.97 0.02
2458498.3118350 8.99 0.02
2458498.3120086 8.97 0.02
2458498.3121822 8.97 0.02
2458498.3123559 8.95 0.02
2458498.3125295 8.97 0.02
2458498.3127031 8.99 0.02
2458498.3128767 8.99 0.02
2458498.3130503 8.98 0.02
2458498.3132239 8.96 0.02
2458498.3133975 9.05 0.02
2458498.3135711 8.95 0.02
2458498.3137448 8.95 0.02
2458498.3139184 8.96 0.02
2458498.3140920 8.96 0.02
2458498.3142656 8.97 0.02
2458498.3144392 8.92 0.02
2458498.3146128 8.96 0.02
2458498.3147864 8.96 0.02
2458498.3149600 9.00 0.02
2458498.3151336 9.00 0.02
2458498.3153073 9.00 0.02
2458498.3154809 8.96 0.02
2458498.3156558 8.96 0.02
2458498.3158292 8.97 0.02
2458498.3160027 8.99 0.02
2458498.3161761 8.97 0.02
2458498.3163496 8.95 0.02
2458498.3165230 8.98 0.02
2458498.3166965 9.03 0.02
2458498.3168699 8.98 0.02
2458498.3170434 9.04 0.02
2458498.3172170 9.00 0.02
2458498.3173906 8.94 0.02
2458498.3175642 9.00 0.02
2458498.3177378 8.99 0.02
2458498.3179114 8.99 0.02
2458498.3180850 9.00 0.02
2458500.2340341 8.97 0.03
2458500.2342077 8.97 0.03
2458500.2343813 8.97 0.03
2458500.2345549 8.96 0.03
2458500.2347285 9.04 0.03
2458500.2349022 8.96 0.03
2458500.2350758 8.97 0.03
2458500.2352494 8.97 0.03
2458500.2354230 8.96 0.03
2458500.2355966 8.96 0.03
2458500.2357702 9.00 0.03
2458500.2359438 8.93 0.03
2458500.2361174 8.96 0.03
2458500.2362910 8.97 0.03
2458500.2364647 9.00 0.03
2458500.2366383 8.99 0.03
2458500.2368119 8.99 0.03
2458500.2369855 8.96 0.03
2458500.2371591 8.97 0.03
2458500.2373327 8.99 0.03
2458500.2375063 8.97 0.03
2458500.2376799 8.93 0.03
2458500.2378536 8.92 0.03
2458500.2380272 8.98 0.03
2458500.2382008 9.00 0.03
2458500.2383744 8.99 0.03
2458500.2385480 9.01 0.03
2458500.2387216 9.00 0.03
2458500.2388952 8.98 0.03
2458500.2390688 8.97 0.03
2458500.2392424 9.01 0.03
2458500.2394161 8.97 0.03
2458500.2395897 8.93 0.03
2458500.2397633 8.96 0.03
2458500.2399369 8.98 0.03
2458500.2401105 8.98 0.03
2458500.2402841 8.96 0.03
2458500.2404577 8.97 0.03
2458500.2406313 8.96 0.03
2458500.2408049 8.96 0.03
2458500.2409785 8.93 0.03
2458500.2411522 8.91 0.02
2458500.2413258 8.97 0.03
2458500.2414994 8.95 0.03
2458500.2416730 8.97 0.03
2458500.2418466 8.96 0.03
2458500.2420202 9.00 0.03
2458500.2421938 8.97 0.03
2458500.2423674 8.93 0.02
2458500.2425410 8.99 0.03
2458500.2427147 8.96 0.03
2458500.2428883 8.98 0.03
2458500.2430619 9.02 0.03
2458500.2432355 8.98 0.03
2458500.2434091 9.01 0.03
2458500.2435827 8.95 0.02
2458500.2437563 8.96 0.03
2458500.2439299 8.99 0.03
2458500.2441035 9.01 0.03
2458500.2442772 9.01 0.03
2458500.2444520 8.97 0.03
2458500.2446255 8.96 0.03
2458500.2447989 9.01 0.03
2458500.2449724 9.00 0.03
2458500.2451458 9.00 0.03
2458500.2453193 8.98 0.03
2458500.2454927 8.96 0.02
2458500.2456661 8.98 0.03
2458500.2458397 8.90 0.02
2458500.2460133 8.99 0.03
2458500.2461869 8.98 0.02
2458500.2463605 9.00 0.03
2458500.2465341 8.98 0.03
2458500.2467077 8.96 0.02
2458500.2468813 8.96 0.02
2458500.2470549 9.03 0.03
2458500.2472286 8.98 0.03
2458500.2474022 8.99 0.02
2458500.2475758 9.04 0.03
2458500.2477494 8.94 0.02
2458500.2479230 8.96 0.02
2458500.2480966 8.96 0.02
2458500.2482702 8.93 0.02
2458500.2484438 8.96 0.02
2458500.2486174 8.95 0.02
2458500.2487910 9.00 0.03
2458500.2489647 8.96 0.02
2458500.2491383 8.95 0.02
2458500.2493119 8.96 0.02
2458500.2494855 8.93 0.02
2458500.2496591 8.97 0.02
2458500.2498327 8.99 0.02
2458500.2500063 8.96 0.02
2458500.2501799 9.00 0.02
2458500.2503535 8.99 0.02
2458500.2505272 8.95 0.02
2458500.2507008 8.95 0.02
2458500.2508744 8.97 0.02
2458500.2510480 9.01 0.03
2458500.2512216 8.98 0.02
2458500.2513952 8.99 0.02
2458500.2515688 8.97 0.02
2458500.2517424 8.98 0.02
2458500.2519160 9.02 0.03
2458500.2520897 8.98 0.02
2458500.2522633 8.97 0.02
2458500.2524369 8.93 0.02
2458500.2526105 8.96 0.02
2458500.2527841 8.94 0.02
2458500.2529577 8.96 0.02
2458500.2531313 9.04 0.03
2458500.2533049 8.97 0.02
2458500.2534786 8.96 0.02
2458500.2536522 8.97 0.02
2458500.2538258 8.99 0.03
2458500.2539994 8.94 0.02
2458500.2541730 8.96 0.02
2458500.2543466 8.97 0.02
2458500.2545202 8.99 0.02
2458500.2546938 8.97 0.02
2458500.2548674 8.97 0.02
2458500.2550411 8.98 0.02
2458500.2552147 8.97 0.02
2458500.2553883 9.00 0.02
2458500.2555619 8.96 0.02
2458500.2557355 8.97 0.02
2458500.2559091 9.00 0.02
2458500.2560827 8.98 0.02
2458500.2562563 8.96 0.02
2458500.2564312 9.04 0.03
2458500.2566046 8.99 0.02
2458500.2567781 8.96 0.02
2458500.2569515 9.00 0.02
2458500.2571250 8.94 0.02
2458500.2572984 8.96 0.02
2458500.2574719 8.98 0.02
2458500.2576453 8.99 0.03
2458500.2578188 8.98 0.02
2458500.2579924 8.96 0.02
2458500.2581660 8.99 0.03
2458500.2583397 8.99 0.02
2458500.2585133 8.92 0.02
2458500.2586869 8.94 0.02
2458500.2588605 8.93 0.02
2458500.2590341 8.96 0.02
2458500.2592077 8.97 0.02
2458500.2593813 8.94 0.02
2458500.2595549 8.98 0.02
2458500.2597285 8.95 0.02
2458500.2599022 8.95 0.02
2458500.2600758 9.00 0.02
2458500.2602494 8.97 0.02
2458500.2604230 8.96 0.02
2458500.2605966 9.00 0.02
2458500.2607702 9.01 0.02
2458500.2609438 8.94 0.02
2458500.2611174 9.00 0.02
2458500.2612911 8.96 0.02
2458500.2614647 8.99 0.02
2458500.2616383 9.00 0.02
2458500.2618119 9.02 0.02
2458500.2619855 8.97 0.02
2458500.2621591 9.00 0.02
2458500.2623327 8.96 0.02
2458500.2625063 8.96 0.02
2458500.2626799 8.95 0.02
2458500.2628535 8.97 0.02
2458500.2630272 8.94 0.02
2458500.2632008 8.96 0.02
2458500.2633744 9.01 0.02
2458500.2635480 8.96 0.02
2458500.2637216 8.99 0.02
2458500.2638952 8.95 0.02
2458500.2640688 8.99 0.02
2458500.2642424 8.99 0.02
2458500.2644160 8.95 0.02
2458500.2645897 8.97 0.02
2458500.2647633 8.97 0.02
2458500.2649369 8.96 0.02
2458500.2651105 9.01 0.02
2458500.2654577 8.94 0.02
2458500.2656313 8.98 0.02
2458500.2658049 8.98 0.02
2458500.2659785 9.00 0.02
2458500.2661522 8.97 0.02
2458500.2663258 8.95 0.02
2458500.2664994 9.01 0.02
2458500.2666730 9.00 0.02
2458500.2668466 8.99 0.02
2458500.2670202 8.95 0.02
2458500.2671938 8.95 0.02
2458500.2673674 8.99 0.02
2458500.2675410 8.98 0.02
2458500.2677147 8.92 0.02
2458500.2678883 8.96 0.02
2458500.2680619 8.98 0.02
2458500.2682355 8.99 0.02
2458500.2684104 8.97 0.02
2458500.2685839 8.99 0.02
2458500.2687573 9.01 0.02
2458500.2689307 8.95 0.02
2458500.2691042 8.96 0.02
2458500.2692776 8.95 0.02
2458500.2694511 8.98 0.02
2458500.2696245 8.99 0.02
2458500.2697980 8.99 0.02
2458500.2699716 8.94 0.02
2458500.2701452 8.94 0.02
2458500.2703188 8.99 0.02
2458500.2704924 8.96 0.02
2458500.2706661 9.00 0.02
2458500.2708397 8.94 0.02
2458500.2710133 9.00 0.02
2458500.2711869 9.01 0.02
2458500.2713605 8.98 0.02
2458500.2715341 9.00 0.02
2458500.2717077 8.99 0.02
2458500.2718813 8.94 0.02
2458500.2720549 8.95 0.02
2458500.2722285 8.99 0.02
2458500.2724022 8.99 0.02
2458500.2725758 9.01 0.02
2458500.2727494 8.95 0.02
2458500.2729230 8.97 0.02
2458500.2730966 8.97 0.02
2458500.2732702 8.95 0.02
2458500.2734438 8.95 0.02
2458500.2736174 8.96 0.02
2458500.2737910 8.98 0.02
2458500.2739647 9.02 0.02
2458500.2741383 8.95 0.02
2458500.2743119 8.95 0.02
2458500.2744855 8.98 0.02
2458500.2746591 8.99 0.02
2458500.2748327 8.98 0.02
2458500.2750063 9.00 0.02
2458500.2751799 8.99 0.02
2458500.2753535 8.96 0.02
2458500.2755272 8.96 0.02
2458500.2757008 8.97 0.02
2458500.2758744 8.97 0.02
2458500.2760480 9.01 0.02
2458500.2762216 8.96 0.02
2458500.2763952 9.00 0.02
2458500.2765688 8.99 0.02
2458500.2767424 8.97 0.02
2458500.2769161 9.01 0.02
2458500.2770897 8.95 0.02
2458500.2772633 8.94 0.02
2458500.2774369 8.95 0.02
2458500.2776105 8.99 0.02
2458500.2777841 8.99 0.02
2458500.2779577 8.94 0.02
2458500.2781313 8.94 0.02
2458500.2783049 8.97 0.02
2458500.2784786 8.98 0.02
2458500.2786522 8.99 0.02
2458500.2788258 8.99 0.02
2458500.2789994 9.01 0.02
2458500.2791730 8.97 0.02
2458500.2793466 8.98 0.02
2458500.2795202 8.98 0.02
2458500.2796938 8.98 0.02
2458500.2798674 8.99 0.02
2458500.2800410 8.96 0.02
2458500.2802147 8.95 0.02
2458500.2803896 8.98 0.02
2458500.2805631 9.01 0.02
2458500.2807365 8.95 0.02
2458500.2809100 8.95 0.02
2458500.2810834 8.97 0.02
2458500.2812568 8.94 0.02
2458500.2814303 8.96 0.02
2458500.2816037 8.97 0.02
2458500.2817772 8.99 0.02
2458500.2819508 8.97 0.02
2458500.2821244 8.97 0.02
2458500.2822980 8.98 0.02
2458500.2824716 8.98 0.02
2458500.2826452 8.97 0.02
2458500.2828188 8.98 0.02
2458500.2829924 8.98 0.02
2458500.2831660 8.94 0.02
2458500.2833397 8.96 0.02
2458500.2835133 8.96 0.02
2458500.2836869 8.99 0.02
2458500.2838605 8.97 0.02
2458500.2840341 8.96 0.02
2458500.2842077 8.94 0.02
2458500.2843813 8.95 0.02
2458500.2845549 8.97 0.02
2458500.2847286 8.94 0.02
2458500.2849022 8.96 0.02
2458500.2850758 8.98 0.02
2458500.2852494 8.99 0.02
2458500.2854230 8.96 0.02
2458500.2855966 8.97 0.02
2458500.2857702 9.00 0.02
2458500.2859438 9.00 0.02
2458500.2861174 8.97 0.02
2458500.2862911 8.95 0.02
2458500.2864647 9.01 0.02
2458500.2866383 8.94 0.02
2458500.2868119 8.96 0.02
2458500.2869855 8.95 0.02
2458500.2871591 8.93 0.02
2458500.2873327 8.97 0.02
2458500.2875063 9.01 0.02
2458500.2876799 8.94 0.02
2458500.2878535 8.96 0.02
2458500.2880272 8.97 0.02
2458500.2882008 9.01 0.02
2458500.2883744 8.97 0.02
2458500.2885480 9.01 0.02
2458500.2887216 9.05 0.02
2458500.2888952 8.95 0.02
2458500.2890688 9.03 0.02
2458500.2892424 8.97 0.02
2458500.2894160 8.99 0.02
2458500.2895897 8.99 0.02
2458500.2897633 9.01 0.02
2458500.2899369 8.96 0.02
2458500.2901105 9.00 0.02
2458500.2902841 8.96 0.02
2458500.2904577 8.99 0.02
2458500.2906313 8.97 0.02
2458500.2908049 8.99 0.02
2458500.2909785 8.92 0.02
2458500.2911522 8.93 0.02
2458500.2913258 8.99 0.02
2458500.2914994 8.96 0.02
2458500.2916730 9.00 0.02
2458500.2918466 8.95 0.02
2458500.2920202 8.95 0.02
2458500.2921938 8.97 0.02
2458500.2923688 9.02 0.02
2458500.2925423 8.97 0.02
2458500.2927157 8.96 0.02
2458500.2928892 8.95 0.02
2458500.2930626 8.99 0.02
2458500.2932360 9.00 0.02
2458500.2934095 9.00 0.02
2458500.2935829 8.98 0.02
2458528.2613179 8.98 0.05
2458528.2614915 8.96 0.05
2458528.2616651 9.04 0.05
2458528.2618387 8.91 0.05
2458528.2620123 9.01 0.05
2458528.2621859 8.95 0.05
2458528.2623608 8.97 0.05
2458528.2625342 8.97 0.05
2458528.2627077 8.98 0.05
2458528.2628811 8.99 0.06
2458528.2630546 8.99 0.06
2458528.2632280 8.96 0.06
2458528.2634015 8.95 0.06
2458528.2635749 8.94 0.06
2458528.2637484 8.95 0.06
2458528.2639220 8.88 0.06
2458528.2640956 8.89 0.06
2458528.2642693 9.02 0.08
2458528.2644429 9.04 0.08
2458528.2646165 8.97 0.08
2458528.2713873 8.79 0.13
2458528.2824984 8.84 0.11
2458528.2828457 8.90 0.11
2458528.2852762 8.77 0.09
2458528.2861443 8.97 0.12