2458467.3675459 10.93 0.14
2458467.3678931 10.81 0.12
2458467.3699764 10.97 0.14
2458467.3708445 10.99 0.15
2458467.3711917 11.00 0.15
2458467.3713653 10.89 0.13
2458467.3715389 10.92 0.14
2458467.3717125 10.79 0.12
2458467.3718861 10.90 0.14
2458467.3724070 10.96 0.14
2458467.3725806 10.74 0.12
2458467.3727542 10.87 0.13
2458467.3729278 10.98 0.15
2458467.3732750 10.71 0.11
2458467.3734486 10.98 0.15
2458467.3741431 10.92 0.14
2458467.3743167 10.68 0.11
2458467.3748375 11.07 0.16
2458467.3751848 10.81 0.12
2458467.3755332 10.72 0.12
2458467.3757067 10.81 0.13
2458467.3760536 10.90 0.14
2458467.3762270 10.79 0.12
2458467.3765739 10.81 0.13
2458467.3767473 10.93 0.14
2458467.3770945 10.80 0.12
2458467.3774417 10.82 0.13
2458467.3776153 10.90 0.14
2458467.3779625 10.79 0.13
2458467.3781361 10.70 0.11
2458467.3784834 10.90 0.14
2458467.3788306 10.88 0.14
2458467.3790042 10.78 0.13
2458467.3791778 10.73 0.12
2458467.3800459 10.94 0.14
2458467.3803931 10.80 0.13
2458467.3805667 10.85 0.13
2458467.3807403 10.87 0.13
2458467.3809139 10.85 0.13
2458467.3810875 10.80 0.13
2458467.3812611 10.89 0.14
2458467.3814348 10.83 0.13
2458467.3816084 10.98 0.15
2458467.3823028 10.75 0.12
2458467.3824764 11.00 0.15
2458467.3826500 10.78 0.12
2458467.3829973 10.57 0.10
2458467.3831709 10.92 0.14
2458467.3833445 10.93 0.14
2458467.3836917 10.87 0.13
2458467.3838653 10.91 0.14
2458467.3840389 10.99 0.15
2458467.3842125 10.97 0.15
2458467.3845597 10.83 0.13
2458467.3850806 10.79 0.13
2458467.3852542 10.81 0.13
2458467.3856014 10.82 0.13
2458467.3859486 10.82 0.13
2458467.3861222 10.95 0.15
2458467.3862959 10.99 0.15
2458467.3864695 10.88 0.14
2458467.3866431 10.93 0.14
2458467.3868167 10.82 0.13
2458467.3871639 10.80 0.13
2458467.3873389 10.68 0.11
2458467.3875123 11.11 0.17
2458467.3878592 10.69 0.12
2458467.3880327 10.84 0.13
2458467.3882061 10.78 0.13
2458467.3883795 10.92 0.14
2458467.3885530 10.93 0.14
2458467.3887264 10.82 0.13
2458467.3889000 10.81 0.13
2458467.3890736 11.03 0.16
2458467.3892473 10.83 0.13
2458467.3894209 10.90 0.14
2458467.3899417 11.12 0.17
2458467.3901153 10.85 0.13
2458467.3902889 10.98 0.15
2458467.3904625 10.72 0.12
2458467.3908098 11.03 0.15
2458467.3909834 10.98 0.15
2458467.3911570 10.97 0.15
2458467.3915042 10.83 0.13
2458467.3916778 10.99 0.15
2458467.3918514 10.92 0.14
2458467.3920250 10.86 0.13
2458467.3921986 10.86 0.13
2458467.3925459 10.92 0.14
2458467.3927195 10.91 0.14
2458467.3928931 10.96 0.15
2458467.3932403 11.00 0.15
2458467.3935875 10.71 0.12
2458467.3939347 10.90 0.14
2458467.3941084 10.93 0.14
2458467.3944556 10.77 0.12
2458467.3946292 10.95 0.15
2458467.3948028 10.95 0.15
2458467.3949764 10.74 0.12
2458467.3951500 10.79 0.13
2458467.3953236 10.98 0.15
2458467.3954973 10.99 0.15
2458467.3956709 10.96 0.15
2458467.3958445 10.92 0.14
2458467.3960181 10.95 0.15
2458467.3961917 10.76 0.13
2458467.3963653 10.95 0.15
2458467.3965389 10.87 0.14
2458467.3968861 10.90 0.14
2458467.3970598 10.81 0.13
2458467.3972334 10.89 0.14
2458467.3977542 10.92 0.14
2458467.3979278 10.95 0.15
2458467.3981014 10.71 0.12
2458467.3982750 10.99 0.15
2458467.3984486 11.00 0.15
2458467.3989695 11.00 0.15
2458467.3991431 11.04 0.16
2458467.3994914 10.84 0.13
2458467.3998383 10.76 0.12
2458467.4003586 10.82 0.13
2458467.4005321 10.84 0.13
2458467.4007056 10.78 0.13
2458467.4010528 10.95 0.15
2458467.4014000 10.68 0.11
2458467.4015736 10.97 0.15
2458467.4017472 10.63 0.11
2458467.4019209 10.90 0.14
2458467.4020945 10.89 0.14
2458467.4022681 10.80 0.13
2458467.4027889 10.92 0.14
2458467.4029625 10.91 0.14
2458467.4033098 10.81 0.13
2458467.4034834 10.90 0.14
2458467.4036570 10.91 0.14
2458467.4043514 10.86 0.13
2458467.4046986 10.86 0.14
2458467.4048723 10.82 0.13
2458467.4053931 10.97 0.15
2458467.4057403 10.77 0.13
2458467.4059139 10.82 0.13
2458467.4066084 10.85 0.14
2458467.4067820 10.86 0.14
2458467.4069556 10.96 0.15
2458467.4074764 10.89 0.14
2458467.4076500 10.89 0.14
2458467.4078236 10.75 0.12
2458467.4079972 10.84 0.14
2458467.4081709 10.68 0.12
2458467.4086917 10.99 0.15
2458467.4090389 10.73 0.12
2458467.4097334 10.89 0.14
2458467.4099070 11.05 0.16
2458467.4102542 10.84 0.13
2458467.4104278 10.89 0.14
2458467.4106014 10.76 0.13
2458467.4109486 10.86 0.14
2458467.4112971 10.76 0.13
2458467.4114705 10.91 0.14
2458467.4119908 10.85 0.14
2458467.4123377 10.80 0.13
2458467.4125112 10.95 0.15
2458467.4126848 10.83 0.13
2458467.4128584 10.85 0.14
2458467.4130320 10.82 0.13
2458467.4132056 10.84 0.14
2458467.4135528 10.92 0.15
2458467.4139000 10.88 0.14
2458467.4142473 10.78 0.13
2458467.4145945 10.80 0.13
2458467.4147681 10.82 0.13
2458467.4149417 10.93 0.15
2458467.4161570 10.85 0.14
2458467.4165042 10.94 0.15
2458467.4171986 10.91 0.15
2458467.4173722 10.90 0.15
2458467.4175459 10.83 0.14
2458467.4177195 10.91 0.15
2458467.4178931 10.96 0.15
2458467.4180667 10.79 0.13
2458467.4182403 10.82 0.13
2458467.4187611 10.90 0.15
2458467.4191084 10.87 0.14
2458467.4192820 10.72 0.13
2458467.4194556 10.73 0.13
2458467.4199764 10.81 0.14
2458467.4203236 10.87 0.14
2458469.3667865 10.90 0.10
2458469.3670135 10.91 0.10
2458469.3671871 10.83 0.09
2458469.3673607 10.84 0.10
2458469.3675343 11.04 0.11
2458469.3677079 10.94 0.10
2458469.3678815 10.74 0.09
2458469.3680551 10.83 0.10
2458469.3682287 10.92 0.10
2458469.3684023 10.74 0.09
2458469.3685760 10.94 0.10
2458469.3687496 10.97 0.11
2458469.3689232 10.76 0.09
2458469.3690968 10.85 0.10
2458469.3692704 10.74 0.09
2458469.3694440 10.79 0.09
2458469.3696176 11.05 0.12
2458469.3697912 10.90 0.10
2458469.3699648 10.77 0.09
2458469.3701384 10.77 0.09
2458469.3703121 10.88 0.10
2458469.3704857 10.83 0.09
2458469.3706593 11.00 0.11
2458469.3708329 10.91 0.10
2458469.3710065 11.05 0.12
2458469.3711801 10.95 0.10
2458469.3713537 10.98 0.11
2458469.3715273 10.85 0.10
2458469.3717009 10.97 0.11
2458469.3718746 10.98 0.11
2458469.3720482 10.99 0.11
2458469.3722218 10.89 0.10
2458469.3723954 10.95 0.11
2458469.3725690 11.09 0.12
2458469.3727426 10.95 0.10
2458469.3729162 10.86 0.10
2458469.3730898 10.93 0.10
2458469.3732635 10.84 0.10
2458469.3734371 10.96 0.11
2458469.3736107 10.79 0.09
2458469.3737843 11.02 0.11
2458469.3739579 11.01 0.11
2458469.3743051 10.91 0.10
2458469.3744787 10.94 0.11
2458469.3746524 10.88 0.10
2458469.3748260 10.99 0.11
2458469.3749996 10.99 0.11
2458469.3751732 11.00 0.11
2458469.3753468 10.86 0.10
2458469.3755204 10.82 0.09
2458469.3756940 11.08 0.12
2458469.3758676 10.84 0.10
2458469.3760425 10.92 0.10
2458469.3762159 10.92 0.10
2458469.3763894 10.93 0.10
2458469.3765628 10.86 0.10
2458469.3767363 11.07 0.12
2458469.3769097 10.87 0.10
2458469.3770832 11.26 0.14
2458469.3772566 10.98 0.11
2458469.3774301 10.79 0.09
2458469.3776037 10.92 0.10
2458469.3779510 10.98 0.11
2458469.3781246 10.95 0.10
2458469.3782982 10.79 0.09
2458469.3784718 10.98 0.11
2458469.3786454 11.05 0.11
2458488.3047635 10.92 0.13
2458488.3051107 10.90 0.12
2458488.3052844 10.97 0.13
2458488.3056316 10.96 0.13
2458488.3064996 10.94 0.13
2458488.3068468 10.92 0.13
2458488.3070205 10.69 0.10
2458488.3073677 10.98 0.14
2458488.3077149 10.93 0.13
2458488.3080621 10.85 0.12
2458488.3130969 10.87 0.13
2458488.3132705 11.18 0.17
2458488.3134441 10.99 0.14
2458488.3136177 10.91 0.13
2458488.3137913 10.82 0.12
2458488.3139649 10.89 0.13
2458488.3141385 10.96 0.14
2458488.3143121 10.89 0.13
2458488.3144857 10.86 0.12
2458488.3146593 10.92 0.13
2458488.3148330 11.08 0.15
2458488.3151802 10.77 0.12
2458488.3160482 10.75 0.12
2458488.3163955 10.98 0.14
2458488.3165691 10.88 0.13
2458488.3167427 10.98 0.14
2458488.3169163 10.93 0.13
2458488.3170899 11.00 0.14
2458488.3174371 10.96 0.14
2458488.3176107 10.93 0.13
2458488.3177844 10.91 0.13
2458488.3183052 10.80 0.12
2458488.3184788 10.87 0.13
2458488.3186524 11.02 0.14
2458488.3189996 10.85 0.12
2458488.3191732 10.96 0.14
2458488.3195205 10.73 0.11
2458488.3196941 10.86 0.13
2458488.3198677 10.70 0.11
2458488.3202149 10.87 0.13
2458488.3205621 10.89 0.13
2458488.3209094 10.96 0.14
2458488.3210830 10.93 0.14
2458488.3212579 11.00 0.14
2458488.3214314 10.93 0.13
2458488.3216048 10.82 0.12
2458488.3217783 10.95 0.14
2458488.3219517 11.03 0.15
2458488.3222986 10.85 0.13
2458488.3226455 10.77 0.12
2458488.3228191 10.96 0.14
2458488.3229927 10.76 0.12
2458488.3231663 10.84 0.13
2458488.3233399 10.91 0.13
2458488.3235135 10.90 0.13
2458488.3236871 10.82 0.13
2458488.3238607 10.89 0.13
2458488.3240343 10.90 0.13
2458488.3242080 10.87 0.13
2458488.3243816 11.05 0.15
2458488.3245552 10.85 0.13
2458488.3247288 11.04 0.15
2458488.3249024 10.88 0.13
2458488.3250760 11.07 0.15
2458488.3252496 10.82 0.12
2458488.3254232 10.81 0.12
2458488.3255969 10.85 0.13
2458488.3257705 10.95 0.14
2458488.3259441 10.84 0.13
2458488.3261177 10.82 0.12
2458488.3262913 10.70 0.11
2458488.3264649 10.87 0.13
2458488.3266385 10.80 0.12
2458488.3268121 10.91 0.14
2458488.3271594 10.95 0.14
2458488.3273330 10.81 0.12
2458488.3275066 10.80 0.12
2458488.3276802 10.82 0.12
2458488.3278538 11.05 0.15
2458488.3280274 10.83 0.13
2458488.3282010 11.09 0.16
2458488.3283746 10.99 0.14
2458488.3285482 10.76 0.12
2458488.3287218 11.11 0.16
2458488.3288955 10.98 0.14
2458488.3290691 10.93 0.14
2458488.3292427 11.02 0.15
2458488.3294163 10.93 0.14
2458488.3295899 10.81 0.12
2458488.3297635 10.82 0.12
2458488.3299371 11.00 0.15
2458488.3301107 10.89 0.13
2458488.3302843 10.91 0.14
2458488.3304580 10.82 0.13
2458488.3306316 10.96 0.14
2458488.3308052 11.02 0.15
2458488.3309788 10.77 0.12
2458488.3311524 11.15 0.17
2458488.3313260 10.92 0.14
2458488.3314996 10.94 0.14
2458488.3320205 10.86 0.13
2458488.3321941 10.97 0.14
2458488.3323677 10.90 0.13
2458488.3325413 11.03 0.15
2458488.3327149 10.86 0.13
2458488.3328885 11.03 0.15
2458488.3330621 10.82 0.12
2458488.3332370 10.79 0.12
2458488.3334105 10.90 0.13
2458488.3335839 10.99 0.15
2458488.3337574 10.86 0.13
2458488.3339308 10.96 0.14
2458488.3341043 10.80 0.12
2458488.3342777 10.95 0.14
2458488.3344511 10.98 0.14
2458488.3346246 10.91 0.14
2458488.3347982 10.99 0.15
2458488.3349719 10.79 0.12
2458488.3351455 10.96 0.14
2458488.3353191 10.97 0.14
2458488.3354927 10.99 0.15
2458488.3356663 10.96 0.14
2458488.3358399 11.00 0.15
2458488.3360135 10.99 0.15
2458488.3361871 10.66 0.11
2458488.3363607 10.87 0.13
2458488.3365344 10.87 0.13
2458488.3367080 10.92 0.14
2458488.3368816 10.94 0.14
2458488.3377496 10.91 0.14
2458488.3380968 11.09 0.16
2458488.3382705 10.87 0.13
2458488.3384441 10.75 0.12
2458488.3386177 10.97 0.15
2458488.3391385 11.01 0.15
2458488.3393121 10.87 0.13
2458488.3396593 11.04 0.16
2458488.3398330 10.86 0.13
2458488.3400066 10.95 0.14
2458488.3401802 11.04 0.16
2458488.3405274 10.84 0.13
2458488.3408746 10.91 0.14
2458488.3410482 10.86 0.13
2458488.3413955 10.88 0.13
2458488.3415691 10.90 0.14
2458488.3419163 10.92 0.14
2458488.3422635 11.04 0.16
2458488.3427844 10.85 0.13
2458488.3431316 10.89 0.14
2458488.3433052 10.86 0.13
2458488.3443469 10.85 0.13
2458488.3448677 10.92 0.14
2458488.3450413 10.74 0.12
2458488.3452162 10.77 0.12
2458488.3455631 10.88 0.13
2458488.3459100 10.79 0.13
2458488.3464303 10.85 0.13
2458488.3466038 10.88 0.14
2458488.3467774 10.96 0.15
2458488.3474718 10.88 0.14
2458488.3478191 10.83 0.13
2458488.3485135 11.04 0.15
2458488.3486871 10.78 0.12
2458488.3488607 10.80 0.13
2458488.3490344 10.86 0.13
2458488.3492080 10.78 0.12
2458488.3493816 11.06 0.16
2458488.3500760 10.97 0.14
2458488.3502496 10.95 0.14
2458488.3504232 10.87 0.13
2458488.3509441 11.04 0.15
2458488.3511177 10.99 0.15
2458488.3512913 10.89 0.13
2458488.3519857 10.81 0.13
2458488.3521594 10.75 0.12
2458488.3523330 10.73 0.12
2458488.3530274 10.86 0.13
2458488.3532010 10.85 0.13
2458488.3535482 10.90 0.14
2458488.3537218 11.01 0.15
2458488.3544163 10.94 0.14
2458488.3545899 10.77 0.12
2458488.3561524 10.94 0.14
2458488.3563260 10.84 0.13
2458488.3564996 10.92 0.14
2458488.3566732 11.01 0.15
2458488.3568469 10.94 0.14
2458488.3570218 10.74 0.12
2458488.3575422 10.74 0.12
2458488.3580625 10.83 0.13
2458488.3584094 10.97 0.15
2458488.3585830 10.87 0.13
2458488.3591038 10.93 0.14
2458488.3592774 10.85 0.13
2458488.3594510 10.89 0.13
2458488.3597982 10.79 0.12
2458488.3599718 11.00 0.15
2458488.3601455 10.91 0.14
2458488.3603191 10.90 0.14
2458488.3606663 10.80 0.12
2458488.3608399 10.82 0.13
2458488.3610135 10.62 0.11
2458488.3611871 10.93 0.14
2458488.3613607 10.87 0.13
2458488.3615343 10.75 0.12
2458488.3618816 10.69 0.11
2458488.3620552 10.95 0.14
2458488.3624024 10.77 0.12
2458488.3625760 10.82 0.13
2458488.3629232 10.94 0.14
2458488.3632705 10.69 0.11
2458488.3634441 10.76 0.12
2458488.3636177 11.02 0.15
2458488.3637913 11.03 0.15
2458488.3639649 10.87 0.13
2458488.3641385 10.77 0.12
2458488.3648330 10.74 0.12
2458488.3650066 10.83 0.13
2458488.3651802 11.00 0.15
2458488.3653538 10.92 0.14
2458488.3655274 10.92 0.14
2458488.3660482 10.89 0.14
2458488.3662219 10.89 0.13
2458488.3663955 10.83 0.13
2458488.3665691 10.85 0.13
2458488.3669163 10.81 0.13
2458488.3672635 10.94 0.14
2458488.3676107 10.88 0.14
2458488.3683052 10.96 0.14
2458488.3684788 10.64 0.11
2458488.3686524 10.86 0.13
2458488.3691744 10.86 0.13
2458488.3693479 10.85 0.13
2458488.3695213 10.75 0.12
2458488.3698682 10.85 0.13
2458488.3702150 10.94 0.14
2458488.3703885 10.97 0.15
2458488.3709093 10.91 0.14
2458488.3712566 10.89 0.14
2458488.3714302 10.95 0.15
2458488.3717774 10.85 0.13
2458488.3719510 10.80 0.13
2458488.3722982 10.87 0.14
2458488.3724718 10.88 0.14
2458488.3726455 10.99 0.15
2458488.3729927 10.94 0.14
2458488.3731663 11.07 0.16
2458488.3740343 10.84 0.13
2458493.2523211 10.84 0.12
2458493.2528420 10.74 0.11
2458493.2552727 11.06 0.14
2458493.2554461 10.80 0.11
2458493.2557934 10.80 0.11
2458493.2559670 10.75 0.11
2458493.2561406 10.86 0.12
2458493.2563142 10.88 0.12
2458493.2566614 10.71 0.10
2458493.2575295 10.85 0.12
2458493.2578767 11.09 0.14
2458493.2580503 10.71 0.10
2458493.2582239 10.79 0.11
2458493.2589184 10.98 0.13
2458493.2597864 10.67 0.10
2458493.2601336 10.95 0.13
2458493.2606545 11.11 0.15
2458493.2610017 10.96 0.13
2458493.2611753 10.70 0.10
2458493.2613489 10.81 0.11
2458493.2615225 10.70 0.10
2458493.2622170 10.90 0.12
2458493.2629114 10.80 0.11
2458493.2630850 11.08 0.14
2458493.2632586 10.84 0.12
2458493.2634323 10.87 0.12
2458493.2643003 10.98 0.13
2458493.2649948 10.96 0.13
2458493.2655156 11.12 0.15
2458493.2656892 10.97 0.13
2458493.2658628 10.99 0.13
2458493.2665581 10.88 0.12
2458493.2669050 10.97 0.13
2458493.2670784 11.07 0.14
2458493.2672519 10.75 0.11
2458493.2674253 10.76 0.11
2458493.2675989 10.74 0.11
2458493.2677725 10.83 0.12
2458493.2679461 10.80 0.11
2458493.2682934 10.96 0.13
2458493.2684670 10.90 0.12
2458493.2686406 10.86 0.12
2458493.2688142 11.06 0.14
2458493.2689878 10.82 0.11
2458493.2691614 11.03 0.14
2458493.2695086 10.84 0.12
2458493.2696822 10.87 0.12
2458493.2698559 10.99 0.13
2458493.2700295 11.00 0.13
2458493.2702031 10.80 0.11
2458493.2705503 10.72 0.10
2458493.2707239 10.77 0.11
2458493.2708975 10.86 0.12
2458493.2710711 10.88 0.12
2458493.2712448 10.93 0.13
2458493.2714184 10.97 0.13
2458493.2717656 10.83 0.11
2458493.2721128 11.02 0.14
2458493.2724600 10.74 0.10
2458493.2733281 10.90 0.12
2458493.2747170 10.76 0.11
2458493.2748906 10.61 0.09
2458493.2750642 10.73 0.11
2458493.2755850 10.94 0.13
2458493.2757586 11.12 0.15
2458493.2764531 10.97 0.13
2458493.2771475 10.68 0.10
2458493.2773211 10.98 0.13
2458493.2780169 10.85 0.12
2458493.2781904 10.87 0.12
2458493.2783638 10.87 0.12
2458493.2790576 10.79 0.11
2458493.2795781 10.77 0.11
2458493.2797517 10.86 0.12
2458493.2799253 10.82 0.11
2458493.2800989 11.10 0.15
2458493.2804461 10.79 0.11
2458493.2806198 10.94 0.13
2458493.2807934 10.96 0.13
2458493.2809670 10.93 0.12
2458493.2811406 11.08 0.14
2458493.2813142 10.59 0.09
2458493.2814878 10.77 0.11
2458493.2816614 10.75 0.11
2458493.2818350 10.85 0.12
2458493.2820086 10.79 0.11
2458493.2821822 10.97 0.13
2458493.2823559 11.02 0.14
2458493.2825295 10.84 0.11
2458493.2827031 10.98 0.13
2458493.2828767 10.88 0.12
2458493.2830503 10.97 0.13
2458493.2832239 10.91 0.12
2458493.2833975 10.96 0.13
2458493.2835711 10.96 0.13
2458493.2837447 10.95 0.13
2458493.2839184 10.87 0.12
2458493.2840920 10.89 0.12
2458493.2842656 10.78 0.11
2458493.2844392 10.81 0.11
2458493.2846128 11.03 0.14
2458493.2847864 10.77 0.11
2458493.2849600 10.88 0.12
2458493.2851336 10.92 0.12
2458493.2853072 10.84 0.12
2458493.2856545 10.69 0.10
2458493.2858281 10.89 0.12
2458493.2860017 10.79 0.11
2458493.2861753 10.92 0.12
2458493.2863489 10.79 0.11
2458493.2865225 10.80 0.11
2458493.2866961 10.69 0.10
2458493.2868698 10.85 0.12
2458493.2870434 10.75 0.11
2458493.2872170 10.95 0.13
2458493.2873906 10.77 0.11
2458493.2875642 10.97 0.13
2458493.2877378 10.96 0.13
2458493.2879114 10.92 0.12
2458493.2880850 10.88 0.12
2458493.2887795 10.90 0.12
2458493.2889531 10.83 0.12
2458493.2891267 10.74 0.11
2458493.2896475 10.92 0.12
2458493.2899961 10.53 0.09
2458493.2903429 10.80 0.11
2458493.2905164 11.03 0.14
2458493.2906898 10.92 0.12
2458493.2908633 10.89 0.12
2458493.2912102 10.94 0.13
2458493.2913836 10.82 0.11
2458493.2915572 10.89 0.12
2458493.2919045 10.84 0.11
2458493.2920781 10.75 0.11
2458493.2922517 10.81 0.11
2458493.2924253 10.78 0.11
2458493.2925989 10.93 0.13
2458493.2927725 10.68 0.10
2458493.2929461 11.08 0.14
2458493.2931197 10.82 0.11
2458493.2932934 10.90 0.12
2458493.2934670 10.86 0.12
2458493.2936406 10.79 0.11
2458493.2938142 10.84 0.12
2458493.2939878 10.74 0.11
2458493.2941614 10.80 0.11
2458493.2943350 10.69 0.10
2458493.2945086 10.83 0.11
2458493.2946823 10.82 0.11
2458493.2948559 10.84 0.12
2458493.2950295 10.85 0.12
2458493.2952031 10.84 0.12
2458493.2953767 10.74 0.11
2458493.2955503 10.69 0.10
2458493.2957239 10.99 0.13
2458493.2958975 10.70 0.10
2458493.2960711 10.82 0.11
2458493.2962448 10.68 0.10
2458493.2964184 10.87 0.12
2458493.2965920 10.85 0.12
2458493.2967656 10.93 0.13
2458493.2969392 10.87 0.12
2458493.2972864 10.91 0.12
2458493.2974600 10.74 0.11
2458493.2976336 10.89 0.12
2458493.2978072 10.87 0.12
2458493.2981545 10.82 0.11
2458493.2983281 11.01 0.14
2458493.2985017 10.74 0.11
2458493.2986753 10.84 0.12
2458493.2988489 10.87 0.12
2458493.2990225 10.83 0.12
2458493.2991961 10.74 0.11
2458493.2993697 10.75 0.11
2458493.2995434 11.07 0.15
2458493.2997170 10.80 0.11
2458493.2998906 10.90 0.12
2458493.3000642 10.84 0.12
2458493.3002378 10.96 0.13
2458493.3004114 10.95 0.13
2458493.3005850 10.93 0.13
2458493.3007586 11.14 0.15
2458493.3018931 10.82 0.11
2458493.3021591 10.78 0.11
2458493.3023327 10.96 0.13
2458493.3025063 10.82 0.11
2458493.3026799 10.87 0.12
2458493.3030272 10.89 0.12
2458493.3032008 10.96 0.13
2458493.3033744 10.74 0.11
2458493.3035480 10.90 0.12
2458493.3037216 10.79 0.11
2458493.3040688 10.67 0.10
2458493.3042424 11.10 0.15
2458493.3044161 10.74 0.11
2458493.3047633 10.85 0.12
2458493.3051105 10.84 0.11
2458493.3052841 10.93 0.12
2458493.3054577 10.79 0.11
2458493.3058049 11.04 0.14
2458493.3059785 10.74 0.11
2458493.3061522 10.80 0.11
2458493.3063258 10.88 0.12
2458493.3064994 10.75 0.11
2458493.3066730 10.80 0.11
2458493.3068466 10.90 0.12
2458493.3070202 10.66 0.10
2458493.3073674 10.66 0.10
2458493.3075410 11.08 0.14
2458493.3078883 11.00 0.13
2458493.3084091 10.93 0.12
2458493.3085827 10.88 0.12
2458493.3087563 10.78 0.11
2458493.3091036 10.81 0.11
2458493.3092772 10.97 0.13
2458493.3094508 11.01 0.13
2458493.3096244 10.87 0.12
2458493.3097980 10.95 0.13
2458493.3099716 10.73 0.10
2458493.3103188 11.02 0.13
2458493.3104924 11.02 0.13
2458493.3106661 10.67 0.10
2458493.3108397 10.95 0.13
2458493.3110133 10.73 0.10
2458493.3113605 10.95 0.13
2458493.3115341 10.86 0.12
2458493.3117077 10.84 0.12
2458493.3118813 11.07 0.14
2458493.3120549 10.75 0.11
2458493.3122298 10.85 0.12
2458493.3124033 10.85 0.12
2458493.3134439 10.84 0.11
2458493.3137910 10.68 0.10
2458493.3155272 10.83 0.11
2458493.3170897 10.96 0.13
2458493.3186522 10.94 0.12
2458493.3189994 10.79 0.11
2458493.3200411 10.78 0.11
2458493.3202147 10.84 0.11
2458493.3203883 10.76 0.11
2458493.3205619 10.83 0.11
2458493.3207355 10.86 0.12
2458493.3210827 10.92 0.12
2458493.3212563 10.87 0.12
2458493.3214299 10.74 0.10
2458493.3217772 10.72 0.10
2458493.3219508 10.99 0.13
2458493.3221244 10.94 0.12
2458493.3222980 10.94 0.12
2458493.3224716 10.92 0.12
2458493.3226452 10.92 0.12
2458493.3228188 10.78 0.11
2458493.3231662 11.01 0.13
2458493.3233397 10.90 0.12
2458493.3235133 11.07 0.14
2458493.3236869 10.75 0.10
2458493.3240341 10.79 0.11
2458493.3242090 10.86 0.12
2458493.3245559 10.85 0.12
2458493.3247293 11.05 0.14
2458493.3249028 10.94 0.12
2458493.3254231 10.87 0.12
2458493.3257702 10.95 0.12
2458493.3261174 11.09 0.14
2458493.3262911 10.99 0.13
2458493.3264647 10.82 0.11
2458493.3268119 10.95 0.12
2458493.3269855 10.89 0.12
2458493.3271591 11.03 0.13
2458493.3273327 11.06 0.14
2458493.3276799 10.84 0.11
2458493.3282008 11.00 0.13
2458493.3283744 10.78 0.11
2458493.3285480 11.05 0.14
2458493.3287216 10.87 0.11
2458493.3290688 11.06 0.14
2458493.3294160 10.86 0.11
2458493.3295897 10.97 0.13
2458493.3297633 10.84 0.11
2458493.3301105 10.93 0.12
2458493.3302841 10.76 0.10
2458493.3304577 10.93 0.12
2458493.3306313 10.95 0.12
2458493.3308049 10.93 0.12
2458493.3309785 11.01 0.13
2458493.3316730 10.84 0.11
2458493.3318466 10.91 0.12
2458493.3320202 11.15 0.15
2458493.3321938 10.94 0.12
2458493.3323674 10.80 0.11
2458493.3327147 11.01 0.13
2458493.3328883 11.10 0.14
2458493.3330619 10.99 0.13
2458493.3332355 10.88 0.12
2458493.3334091 10.86 0.11
2458493.3339299 10.95 0.12
2458493.3341036 11.06 0.14
2458493.3342772 10.86 0.11
2458493.3344508 10.91 0.12
2458493.3351452 10.82 0.11
2458493.3353188 10.80 0.11
2458493.3354924 10.72 0.10
2458493.3356661 10.97 0.13
2458493.3358397 10.97 0.13
2458493.3360133 10.98 0.13
2458493.3361882 10.93 0.12
2458493.3363616 10.83 0.11
2458493.3365351 10.90 0.12
2458493.3368820 11.01 0.13
2458493.3370554 10.88 0.12
2458493.3372288 10.93 0.12
2458493.3374023 11.03 0.14
2458493.3377494 10.83 0.11
2458493.3380966 10.84 0.11
2458493.3384438 11.06 0.14
2458493.3386174 10.96 0.13
2458493.3387910 10.85 0.11
2458493.3391383 10.92 0.12
2458493.3394855 10.77 0.11
2458493.3396591 10.98 0.13
2458493.3405272 10.86 0.12
2458493.3415688 10.82 0.11
2458493.3417424 10.83 0.11
2458493.3419161 10.98 0.13
2458493.3424369 10.91 0.12
2458493.3427841 10.99 0.13
2458493.3431313 10.98 0.13
2458493.3433049 10.89 0.12
2458493.3434786 11.17 0.16
2458493.3439994 10.73 0.10
2458493.3441730 11.04 0.14
2458493.3443466 11.05 0.14
2458493.3448674 10.92 0.12
2458493.3455619 10.90 0.12
2458493.3459091 10.90 0.12
2458493.3462563 11.01 0.13
2458493.3464299 10.88 0.12
2458493.3471244 10.96 0.13
2458493.3472980 10.89 0.12
2458493.3479924 10.88 0.12
2458493.3483408 10.91 0.12
2458493.3485142 10.89 0.12
2458493.3486876 10.80 0.11
2458493.3492080 10.93 0.12
2458493.3497286 10.95 0.13
2458493.3499022 10.86 0.12
2458493.3504230 10.90 0.12
2458493.3507702 10.79 0.11
2458493.3509438 10.94 0.13
2458493.3514647 10.77 0.11
2458493.3516383 10.82 0.11
2458493.3518119 11.10 0.14
2458493.3519855 10.85 0.12
2458493.3526799 11.01 0.13
2458493.3528535 10.80 0.11
2458493.3532008 10.93 0.12
2458493.3533744 11.02 0.13
2458493.3535480 11.03 0.14
2458493.3537216 10.74 0.10
2458493.3538952 10.70 0.10
2458493.3540688 10.83 0.11
2458493.3544160 10.98 0.13
2458493.3545897 10.90 0.12
2458493.3547633 10.93 0.12
2458493.3549369 10.95 0.13
2458493.3551105 10.98 0.13
2458493.3552841 10.95 0.13
2458493.3554577 11.00 0.13
2458493.3556313 10.81 0.11
2458493.3558049 10.96 0.13
2458493.3559786 10.84 0.11
2458493.3561522 10.95 0.13
2458493.3563258 10.96 0.13
2458493.3564994 10.72 0.10
2458493.3566730 11.04 0.14
2458493.3568466 10.90 0.12
2458493.3570202 10.87 0.12
2458493.3571938 10.92 0.12
2458493.3573674 10.81 0.11
2458493.3578883 10.88 0.12
2458493.3580619 10.89 0.12
2458493.3584091 10.85 0.12
2458493.3589299 10.88 0.12
2458493.3592772 10.82 0.11
2458493.3594508 10.93 0.12
2458493.3597980 10.92 0.12
2458493.3599716 10.98 0.13
2458493.3601465 10.98 0.13
2458493.3608403 10.94 0.12
2458493.3610137 10.78 0.11
2458493.3611871 10.94 0.12
2458493.3613606 11.00 0.13
2458493.3617077 10.94 0.13
2458493.3618813 10.72 0.10
2458493.3620549 11.07 0.14
2458493.3622285 10.66 0.10
2458493.3624022 10.82 0.11
2458493.3629230 10.79 0.11
2458493.3637911 10.72 0.10
2458493.3641383 10.94 0.13
2458493.3643119 10.85 0.12
2458493.3646591 10.97 0.13
2458493.3648327 10.75 0.10
2458493.3650063 10.93 0.12
2458493.3655272 10.87 0.12
2458493.3658744 11.03 0.14
2458493.3660480 10.82 0.11
2458493.3662216 10.84 0.11
2458493.3663952 10.82 0.11
2458493.3665688 11.05 0.14
2458493.3667424 10.73 0.10
2458493.3669161 10.80 0.11
2458493.3670897 10.81 0.11
2458493.3672633 10.99 0.13
2458493.3674369 11.07 0.14
2458493.3676105 10.77 0.11
2458493.3677841 10.87 0.12
2458493.3679577 10.67 0.10
2458493.3681313 11.01 0.13
2458493.3683049 10.95 0.13
2458493.3684785 10.87 0.12
2458493.3686522 10.91 0.12
2458493.3688258 10.93 0.13
2458493.3693466 10.85 0.12
2458493.3695202 10.93 0.13
2458493.3696938 10.91 0.12
2458493.3698674 10.92 0.12
2458493.3700410 10.65 0.10
2458493.3702147 10.72 0.10
2458493.3703883 10.86 0.12
2458493.3705619 11.06 0.14
2458493.3707355 10.85 0.12
2458493.3709091 10.90 0.12
2458493.3710827 11.03 0.14
2458493.3712563 10.98 0.13
2458493.3714299 10.79 0.11
2458493.3716036 10.94 0.13
2458493.3717772 11.07 0.14
2458493.3719508 10.97 0.13
2458493.3722991 10.93 0.12
2458493.3724725 10.92 0.13
2458493.3726460 10.90 0.12
2458493.3728194 10.85 0.12
2458493.3729928 10.81 0.11
2458493.3731663 10.93 0.12
2458493.3733397 10.88 0.12
2458493.3735133 10.74 0.11
2458493.3736869 10.82 0.11
2458493.3738605 11.06 0.14
2458493.3743813 10.79 0.11
2458493.3745549 10.76 0.11
2458493.3747286 11.00 0.13
2458493.3749022 11.00 0.13
2458493.3750758 11.00 0.13
2458493.3752494 11.14 0.15
2458493.3754230 10.82 0.11
2458493.3755966 10.87 0.12
2458493.3757702 10.78 0.11
2458493.3759438 10.82 0.11
2458493.3761174 10.86 0.12
2458493.3762910 10.93 0.12
2458493.3764647 10.96 0.13
2458493.3766383 10.97 0.13
2458493.3768119 11.07 0.14
2458493.3769855 10.87 0.12
2458493.3771591 10.84 0.12
2458493.3773327 11.01 0.14
2458493.3775063 10.85 0.12
2458493.3776799 10.94 0.13
2458493.3778535 10.90 0.12
2458493.3780272 10.84 0.12
2458493.3782008 10.81 0.11
2458493.3783744 10.82 0.11
2458493.3785480 10.96 0.13
2458493.3787216 10.97 0.13
2458493.3788952 10.92 0.13
2458493.3790688 10.95 0.13
2458493.3792424 10.94 0.13
2458493.3794161 10.92 0.13
2458493.3795897 10.93 0.13
2458493.3797633 11.00 0.13
2458493.3799369 10.93 0.13
2458493.3801105 11.00 0.14
2458493.3802841 10.90 0.12
2458493.3804577 10.95 0.13
2458493.3806313 10.91 0.13
2458493.3808049 10.81 0.11
2458493.3809786 11.00 0.14
2458493.3811522 10.96 0.13
2458493.3813258 10.77 0.11
2458493.3814994 10.81 0.11
2458493.3816730 10.92 0.13
2458493.3818466 10.93 0.13
2458493.3821938 10.92 0.13
2458493.3823674 10.99 0.14
2458493.3825411 10.97 0.13
2458493.3827147 10.83 0.12
2458493.3828883 11.07 0.15
2458493.3830619 10.79 0.11
2458493.3832355 10.96 0.13
2458493.3834091 10.77 0.11
2458493.3835827 10.89 0.13
2458493.3842782 10.94 0.13
2458493.3844517 10.92 0.13
2458493.3847985 10.93 0.13
2458493.3849720 10.77 0.11
2458493.3851454 11.01 0.14
2458493.3853189 11.03 0.14
2458493.3854924 10.99 0.13
2458493.3856660 10.97 0.13
2458493.3858397 10.93 0.13
2458493.3860133 10.93 0.13
2458493.3861869 10.94 0.13
2458493.3865341 10.78 0.11
2458493.3867077 11.02 0.14
2458493.3868813 10.88 0.12
2458493.3872286 10.84 0.12
2458493.3874022 11.04 0.14
2458493.3875758 11.03 0.14
2458493.3877494 10.93 0.13
2458493.3880966 10.89 0.13
2458493.3886174 10.92 0.13
2458493.3887911 10.64 0.10
2458493.3889647 10.85 0.12
2458493.3891383 10.99 0.13
2458493.3893119 10.70 0.10
2458493.3894855 10.90 0.13
2458493.3896591 11.02 0.14
2458493.3898327 11.14 0.16
2458493.3900063 10.69 0.10
2458493.3901799 10.66 0.10
2458493.3903536 10.99 0.14
2458493.3905272 10.97 0.13
2458493.3907008 10.79 0.11
2458493.3908744 10.95 0.13
2458493.3912216 10.81 0.12
2458493.3913952 10.91 0.13
2458493.3915688 10.76 0.11
2458493.3919160 11.07 0.15
2458493.3920897 10.91 0.13
2458493.3922633 10.79 0.11
2458493.3926105 11.09 0.15
2458493.3927841 11.04 0.14
2458493.3929577 10.92 0.13
2458493.3931313 10.91 0.13
2458493.3933049 10.65 0.10
2458493.3934785 10.81 0.12
2458493.3936522 10.87 0.12
2458493.3939994 10.80 0.12
2458493.3941730 10.70 0.11
2458493.3943466 11.01 0.14
2458493.3945202 10.89 0.13
2458493.3946938 11.04 0.14
2458493.3948674 11.04 0.14
2458493.3950411 10.88 0.12
2458493.3952147 10.84 0.12
2458493.3955619 10.88 0.13
2458493.3957355 10.88 0.12
2458493.3959105 10.87 0.12
2458493.3962574 10.98 0.14
2458493.3964308 11.02 0.14
2458493.3967777 11.01 0.14
2458493.3969511 10.97 0.14
2458493.3971246 10.87 0.12
2458493.3972980 10.65 0.10
2458493.3974716 10.90 0.13
2458493.3976452 10.73 0.11
2458493.3978188 10.99 0.14
2458493.3979924 10.88 0.13
2458493.3981661 11.09 0.15
2458493.3983397 10.70 0.11
2458493.3985133 10.82 0.12
2458493.3986869 10.92 0.13
2458493.3988605 10.74 0.11
2458493.3990341 10.95 0.13
2458493.3992077 10.77 0.11
2458493.3993813 10.94 0.13
2458493.3995549 10.91 0.13
2458493.3997285 11.02 0.14
2458493.3999022 10.92 0.13
2458493.4000758 11.03 0.15
2458493.4002494 10.88 0.13
2458493.4004230 11.08 0.15
2458493.4007702 10.91 0.13
2458493.4009438 10.87 0.12
2458493.4011174 10.93 0.13
2458493.4012910 10.78 0.11
2458493.4014647 10.89 0.13
2458493.4016383 11.00 0.14
2458493.4018119 10.98 0.14
2458493.4019855 10.84 0.12
2458493.4021591 10.85 0.12
2458493.4025063 10.78 0.12
2458493.4026799 10.82 0.12
2458493.4028536 10.69 0.11
2458493.4030272 10.86 0.13
2458493.4032008 10.92 0.13
2458493.4033744 10.85 0.13
2458493.4035480 10.76 0.11
2458493.4037216 10.93 0.13
2458493.4038952 10.79 0.12
2458493.4040688 11.05 0.15
2458493.4042424 10.91 0.13
2458493.4044161 10.94 0.14
2458493.4049369 10.95 0.14
2458493.4052841 11.01 0.15
2458493.4054577 11.00 0.14
2458493.4056313 10.94 0.14
2458493.4058049 10.90 0.13
2458493.4059786 10.91 0.13
2458493.4063258 10.96 0.14
2458493.4064994 10.75 0.11
2458493.4066730 10.96 0.14
2458493.4068466 10.84 0.12
2458493.4070202 10.82 0.12
2458493.4071938 10.84 0.12
2458493.4073674 10.94 0.14
2458493.4075410 10.90 0.13
2458493.4077147 10.92 0.13
2458493.4078896 10.71 0.11
2458493.4080630 10.82 0.12
2458493.4084099 10.88 0.13
2458493.4085833 11.08 0.16
2458493.4087568 10.62 0.10
2458493.4089302 10.75 0.11
2458493.4091037 10.90 0.13
2458493.4092772 10.97 0.14
2458493.4094508 10.79 0.12
2458493.4096244 10.68 0.11
2458493.4097980 10.87 0.13
2458493.4099716 10.94 0.14
2458493.4101452 10.90 0.13
2458493.4104924 10.92 0.13
2458493.4106661 10.85 0.13
2458493.4108397 10.93 0.13
2458493.4110133 10.96 0.14
2458493.4111869 11.01 0.15
2458493.4113605 10.96 0.14
2458493.4115341 10.86 0.13
2458493.4117077 10.86 0.13
2458493.4118813 10.86 0.13
2458493.4120549 10.97 0.14
2458493.4124022 10.67 0.11
2458493.4125758 10.82 0.12
2458493.4127494 10.89 0.13
2458493.4129230 11.11 0.16
2458493.4130966 10.77 0.12
2458493.4132702 10.91 0.14
2458493.4134438 10.87 0.13
2458493.4136174 10.76 0.12
2458493.4137911 10.99 0.15
2458493.4139647 10.90 0.13
2458493.4141383 11.02 0.15
2458493.4143119 10.93 0.14
2458493.4144855 10.95 0.14
2458493.4146591 11.07 0.15
2458493.4148327 10.97 0.14
2458493.4150063 10.95 0.14
2458493.4151799 11.02 0.15
2458493.4157008 10.88 0.13
2458493.4158744 10.73 0.11
2458494.3455156 10.64 0.14
2458494.3462100 10.80 0.16
2458494.3469045 10.76 0.16
2458494.3475989 10.86 0.17
2458495.1364994 10.64 0.15
2458495.1368466 10.75 0.17
2458495.1373674 10.46 0.13
2458495.1413605 10.77 0.17
2458495.1422286 10.49 0.13
2458495.1436174 10.59 0.14
2458495.1467438 10.76 0.17
2458495.1474375 10.41 0.12
2458495.1528188 10.64 0.15
2458495.1531660 10.60 0.15
2458495.1533397 10.68 0.16
2458495.1536869 10.65 0.15
2458495.1542077 10.59 0.14
2458495.1547285 10.69 0.16
2458495.1555966 10.56 0.14
2458495.1557702 10.71 0.16
2458495.1566383 10.64 0.15
2458495.1575063 10.74 0.16
2458495.1587230 10.74 0.16
2458495.1588964 10.60 0.14
2458495.1595902 10.72 0.16
2458495.1601105 10.73 0.16
2458495.1614994 10.65 0.15
2458495.1618466 10.60 0.14
2458495.1621938 10.67 0.15
2458495.1628883 10.67 0.15
2458495.1637563 10.62 0.14
2458495.1658397 10.66 0.15
2458495.1667077 10.60 0.14
2458495.1670549 10.82 0.17
2458495.1672285 10.64 0.14
2458495.1675758 10.66 0.15
2458495.1677494 10.59 0.14
2458495.1680966 10.76 0.16
2458495.1684438 10.77 0.16
2458495.1710491 10.81 0.17
2458495.1724369 10.66 0.15
2458495.1729577 10.54 0.13
2458495.1733049 10.74 0.16
2458495.1734786 10.59 0.14
2458495.1743466 10.65 0.15
2458495.1745202 10.53 0.13
2458495.1753883 10.79 0.16
2458495.1759091 10.78 0.16
2458495.1760827 10.57 0.13
2458495.1762563 10.75 0.16
2458495.1766035 10.88 0.18
2458495.1767772 10.78 0.16
2458495.1772980 10.71 0.15
2458495.1779924 10.80 0.16
2458495.1802494 10.73 0.15
2458495.1849369 10.85 0.17
2458495.1882355 10.88 0.17
2458495.1884091 10.78 0.16
2458495.1906661 10.71 0.15
2458495.1918813 10.74 0.15
2458495.1924022 10.81 0.16
2458495.1944855 10.81 0.16
2458495.2002147 10.69 0.14
2458495.2014299 10.75 0.15
2458495.2033397 10.78 0.16
2458495.2057702 10.85 0.17
2458495.2066383 10.67 0.14
2458495.2127147 10.79 0.16
2458495.2154924 10.70 0.14
2458495.2177494 10.69 0.14
2458495.2208744 10.75 0.15
2458495.2213952 10.77 0.15
2458495.2220897 10.74 0.15
2458495.2229577 10.64 0.14
2458495.2231313 10.71 0.15
2458495.2236522 10.72 0.15
2458495.2248674 10.56 0.13
2458495.2259091 10.71 0.15
2458495.2271244 10.71 0.14
2458495.2276452 10.71 0.15
2458495.2281661 10.79 0.15
2458495.2295549 10.69 0.14
2458495.2304230 10.79 0.15
2458495.2305966 10.80 0.15
2458495.2316388 10.69 0.14
2458495.2319857 10.88 0.16
2458495.2321591 10.62 0.13
2458495.2340688 10.60 0.13
2458495.2345897 10.63 0.13
2458495.2347633 10.69 0.14
2458495.2361522 10.68 0.14
2458495.2364994 10.74 0.15
2458495.2366730 10.82 0.15
2458495.2370202 10.68 0.14
2458495.2378883 10.63 0.13
2458495.2382355 10.73 0.14
2458495.2387563 10.65 0.13
2458495.2396244 10.67 0.13
2458495.2397980 10.75 0.14
2458495.2403188 10.84 0.16
2458495.2404924 10.74 0.14
2458495.2415341 10.78 0.15
2458495.2418813 10.71 0.14
2458495.2422286 10.71 0.14
2458495.2436180 10.84 0.16
2458495.2446591 10.82 0.15
2458495.2448327 10.79 0.15
2458495.2460480 10.70 0.14
2458495.2463952 10.69 0.14
2458495.2465688 10.72 0.14
2458495.2469160 10.61 0.13
2458495.2481313 10.77 0.15
2458495.2483049 10.68 0.14
2458495.2493466 10.72 0.14
2458495.2495202 10.72 0.14
2458495.2496938 10.78 0.15
2458495.2498674 10.71 0.14
2458495.2500411 10.70 0.14
2458495.2509091 10.73 0.14
2458495.2514299 10.64 0.13
2458495.2519508 10.74 0.14
2458495.2524716 10.74 0.14
2458495.2536869 10.76 0.14
2458495.2540341 10.79 0.15
2458495.2542077 10.72 0.14
2458495.2543813 10.77 0.15
2458495.2547300 10.77 0.15
2458495.2550769 10.73 0.14
2458495.2564647 10.94 0.17
2458495.2566383 10.92 0.16
2458495.2575063 10.64 0.13
2458495.2576799 10.85 0.15
2458495.2578536 10.71 0.14
2458495.2587216 10.96 0.17
2458495.2590688 10.83 0.15
2458495.2592424 10.83 0.15
2458495.2594161 10.91 0.16
2458495.2595897 10.87 0.15
2458495.2597633 10.84 0.15
2458495.2601105 10.78 0.14
2458495.2602841 10.99 0.17
2458495.2604577 10.62 0.12
2458495.2609786 10.75 0.14
2458495.2611522 10.82 0.15
2458495.2614994 10.76 0.14
2458495.2616730 10.85 0.15
2458495.2618466 10.85 0.15
2458495.2620202 10.66 0.13
2458495.2621938 10.83 0.15
2458495.2627147 10.82 0.15
2458495.2628883 10.86 0.16
2458495.2632355 10.79 0.15
2458495.2639299 10.78 0.15
2458495.2642772 10.94 0.17
2458495.2647980 10.72 0.14
2458495.2651452 10.89 0.16
2458495.2656661 10.72 0.14
2458495.2660133 10.53 0.12
2458495.2663605 10.79 0.15
2458495.2668826 10.82 0.15
2458495.2672295 10.75 0.14
2458495.2684438 10.77 0.14
2458495.2686174 10.90 0.16
2458495.2689647 10.73 0.14
2458495.2691383 10.76 0.14
2458495.2698327 10.77 0.14
2458495.2710480 10.78 0.14
2458495.2712216 10.90 0.16
2458495.2713952 10.83 0.15
2458495.2715688 10.81 0.15
2458495.2717424 10.88 0.16
2458495.2726105 10.83 0.15
2458495.2766036 10.68 0.13
2458495.2771244 10.86 0.15
2458495.2776452 10.80 0.14
2458495.2802494 10.73 0.13
2458495.2821591 10.83 0.15
2458495.2823327 10.87 0.15
2458495.2840688 10.85 0.15
2458495.2849369 10.84 0.15
2458495.2858049 10.87 0.15
2458495.2878883 10.77 0.14
2458495.2889299 10.89 0.16
2458495.2891036 10.78 0.14
2458495.2904924 10.66 0.13
2458495.2911879 10.80 0.14
2458495.2913614 10.64 0.12
2458495.2922286 10.84 0.15
2458495.2929230 10.87 0.15
2458495.2930966 10.76 0.14
2458495.2941383 10.75 0.14
2458495.2948327 10.72 0.13
2458495.2950063 10.80 0.14
2458495.2957008 10.90 0.16
2458495.2962216 10.81 0.14
2458495.2967424 10.82 0.14
2458495.2969160 10.79 0.14
2458495.2976105 10.81 0.14
2458495.2977841 10.86 0.15
2458495.2979577 10.80 0.14
2458495.2984785 10.77 0.14
2458495.2988258 10.67 0.13
2458495.2989994 10.87 0.15
2458495.2991730 10.73 0.13
2458495.3064647 10.81 0.14
2458495.3090688 10.63 0.12
2458498.1661753 10.83 0.14
2458498.1663489 10.83 0.14
2458498.1666972 10.86 0.15
2458498.1668707 10.87 0.15
2458498.1670441 10.68 0.13
2458498.1672176 10.81 0.14
2458498.1679114 10.69 0.13
2458498.1680850 10.89 0.15
2458498.1687795 10.77 0.14
2458498.1698211 10.90 0.15
2458498.1703420 10.86 0.15
2458498.1717309 10.74 0.13
2458498.1722517 10.82 0.14
2458498.1724253 10.84 0.14
2458498.1725989 10.68 0.12
2458498.1727725 10.97 0.16
2458498.1729461 10.73 0.13
2458498.1734670 10.74 0.13
2458498.1738142 10.85 0.14
2458498.1741614 10.81 0.13
2458498.1750295 10.74 0.13
2458498.1757239 10.99 0.16
2458498.1758975 10.79 0.13
2458498.1762447 10.81 0.13
2458498.1764184 10.71 0.12
2458498.1765920 10.91 0.14
2458498.1767656 10.89 0.14
2458498.1769392 10.91 0.14
2458498.1771128 10.88 0.14
2458498.1772864 10.81 0.13
2458498.1774600 10.75 0.13
2458498.1776336 10.88 0.14
2458498.1778072 10.80 0.13
2458498.1781545 10.83 0.14
2458498.1785029 10.88 0.14
2458498.1788498 10.80 0.13
2458498.1791967 10.74 0.13
2458498.1793701 10.78 0.13
2458498.1795436 10.92 0.15
2458498.1797170 10.86 0.14
2458498.1798906 10.81 0.13
2458498.1802378 10.81 0.13
2458498.1804114 10.88 0.14
2458498.1805850 10.70 0.12
2458498.1807586 10.89 0.14
2458498.1809323 10.68 0.12
2458498.1811059 10.81 0.13
2458498.1816267 10.98 0.15
2458498.1818003 10.88 0.14
2458498.1819739 10.70 0.12
2458498.1823211 10.86 0.14
2458498.1824948 10.79 0.13
2458498.1831892 10.85 0.14
2458498.1835364 10.78 0.13
2458498.1837100 10.80 0.13
2458498.1840572 10.67 0.12
2458498.1842309 10.78 0.13
2458498.1844045 10.73 0.12
2458498.1845781 10.83 0.13
2458498.1847517 10.82 0.13
2458498.1852725 10.90 0.14
2458498.1854461 10.73 0.12
2458498.1856197 10.86 0.14
2458498.1857934 10.61 0.11
2458498.1859670 10.93 0.14
2458498.1863142 10.86 0.14
2458498.1864878 10.65 0.11
2458498.1868350 10.84 0.13
2458498.1870086 10.88 0.14
2458498.1871822 10.90 0.14
2458498.1889184 10.79 0.13
2458498.1920434 10.93 0.14
2458498.1922170 10.72 0.12
2458498.1923906 10.84 0.13
2458498.1925642 10.90 0.14
2458498.1927378 10.88 0.14
2458498.1929114 10.97 0.15
2458498.1930850 10.88 0.14
2458498.1932586 10.93 0.14
2458498.1934322 10.92 0.14
2458498.1936059 10.69 0.11
2458498.1939531 10.90 0.14
2458498.1941267 11.01 0.15
2458498.1943003 10.85 0.13
2458498.1944739 10.87 0.13
2458498.1946475 10.93 0.14
2458498.1948211 10.88 0.13
2458498.1949947 10.76 0.12
2458498.1951684 10.94 0.14
2458498.1953420 11.05 0.16
2458498.1955156 10.90 0.14
2458498.1956892 10.77 0.12
2458498.1958628 10.79 0.12
2458498.1962112 11.09 0.16
2458498.1963846 10.70 0.11
2458498.1965581 10.90 0.14
2458498.1967315 10.79 0.12
2458498.1969050 11.00 0.15
2458498.1970784 10.90 0.14
2458498.1975989 10.95 0.14
2458498.1977725 10.91 0.13
2458498.1981198 10.71 0.11
2458498.1982934 10.90 0.13
2458498.1984670 10.70 0.11
2458498.1986406 10.70 0.11
2458498.1988142 10.81 0.12
2458498.1989878 10.84 0.13
2458498.1991614 10.86 0.13
2458498.1993350 10.78 0.12
2458498.1995086 10.86 0.13
2458498.1996822 10.86 0.13
2458498.1998559 10.75 0.12
2458498.2000295 10.74 0.12
2458498.2002031 11.01 0.15
2458498.2003767 10.78 0.12
2458498.2005503 10.72 0.11
2458498.2007239 10.86 0.13
2458498.2008975 10.96 0.14
2458498.2010711 10.82 0.12
2458498.2012447 10.93 0.13
2458498.2014184 10.70 0.11
2458498.2015920 10.76 0.12
2458498.2017656 11.10 0.16
2458498.2019392 10.70 0.11
2458498.2021128 10.91 0.13
2458498.2022864 10.90 0.13
2458498.2024600 10.97 0.14
2458498.2026336 11.00 0.14
2458498.2028072 10.78 0.12
2458498.2029809 10.91 0.13
2458498.2031545 10.97 0.14
2458498.2033281 10.97 0.14
2458498.2035017 10.80 0.12
2458498.2036753 10.91 0.13
2458498.2038489 10.79 0.12
2458498.2040225 10.80 0.12
2458498.2041961 11.11 0.16
2458498.2043698 10.89 0.13
2458498.2045434 10.84 0.12
2458498.2047170 10.75 0.11
2458498.2048906 10.89 0.13
2458498.2050642 10.79 0.12
2458498.2052378 10.66 0.10
2458498.2054114 10.73 0.11
2458498.2055850 10.74 0.11
2458498.2057586 10.91 0.13
2458498.2059323 10.84 0.12
2458498.2061059 10.77 0.12
2458498.2062795 10.76 0.11
2458498.2064531 10.89 0.13
2458498.2066267 10.90 0.13
2458498.2068003 10.64 0.10
2458498.2069739 10.86 0.13
2458498.2071475 10.81 0.12
2458498.2073211 10.93 0.13
2458498.2074947 10.83 0.12
2458498.2076684 10.67 0.10
2458498.2078420 10.86 0.12
2458498.2080169 10.88 0.13
2458498.2081904 10.69 0.11
2458498.2083638 10.79 0.12
2458498.2085373 11.07 0.15
2458498.2087107 10.79 0.12
2458498.2090576 10.65 0.10
2458498.2092310 11.09 0.15
2458498.2094045 10.72 0.11
2458498.2095781 11.01 0.14
2458498.2097517 10.84 0.12
2458498.2099253 10.81 0.12
2458498.2100989 10.75 0.11
2458498.2102725 10.80 0.12
2458498.2104461 10.83 0.12
2458498.2106197 10.72 0.11
2458498.2107934 10.82 0.12
2458498.2109670 10.94 0.13
2458498.2111406 10.89 0.13
2458498.2113142 10.75 0.11
2458498.2114878 10.96 0.14
2458498.2116614 10.83 0.12
2458498.2118350 10.85 0.12
2458498.2120086 10.61 0.10
2458498.2121823 10.70 0.11
2458498.2123559 10.78 0.12
2458498.2125295 10.87 0.12
2458498.2127031 10.82 0.12
2458498.2128767 10.71 0.11
2458498.2130503 10.83 0.12
2458498.2132239 10.72 0.11
2458498.2133975 10.81 0.12
2458498.2135711 10.90 0.13
2458498.2137448 10.78 0.12
2458498.2139184 10.98 0.14
2458498.2140920 10.76 0.12
2458498.2142656 11.05 0.15
2458498.2144392 10.89 0.13
2458498.2146128 10.73 0.11
2458498.2147864 10.99 0.14
2458498.2149600 10.75 0.11
2458498.2151336 10.84 0.12
2458498.2153072 10.76 0.11
2458498.2154809 10.89 0.13
2458498.2156545 10.94 0.13
2458498.2158281 10.81 0.12
2458498.2160017 10.86 0.12
2458498.2161753 10.77 0.11
2458498.2163489 10.83 0.12
2458498.2165225 10.92 0.13
2458498.2166961 10.79 0.12
2458498.2168697 10.96 0.14
2458498.2170434 10.67 0.11
2458498.2173906 10.77 0.11
2458498.2175642 10.64 0.10
2458498.2177378 11.02 0.14
2458498.2179114 10.81 0.12
2458498.2180850 10.96 0.13
2458498.2182586 10.92 0.13
2458498.2184322 10.94 0.13
2458498.2186059 11.08 0.15
2458498.2187795 10.78 0.12
2458498.2189531 10.83 0.12
2458498.2191267 10.83 0.12
2458498.2193003 10.86 0.12
2458498.2194739 10.76 0.11
2458498.2196475 10.57 0.10
2458498.2198225 10.91 0.13
2458498.2199960 11.10 0.15
2458498.2201694 11.06 0.15
2458498.2203429 10.75 0.11
2458498.2205163 10.85 0.12
2458498.2206898 10.86 0.12
2458498.2208632 10.89 0.13
2458498.2210366 10.80 0.12
2458498.2212101 10.76 0.11
2458498.2213836 10.79 0.12
2458498.2215573 11.06 0.15
2458498.2219045 10.85 0.12
2458498.2220781 10.91 0.13
2458498.2222517 10.94 0.14
2458498.2224253 10.92 0.14
2458498.2225989 10.81 0.12
2458498.2227725 10.72 0.11
2458498.2229461 11.00 0.14
2458498.2232934 10.76 0.11
2458498.2234670 10.81 0.12
2458498.2236406 10.88 0.12
2458498.2238142 11.12 0.15
2458498.2239878 10.95 0.13
2458498.2241614 10.84 0.12
2458498.2243350 10.93 0.13
2458498.2245086 11.07 0.14
2458498.2248559 10.95 0.13
2458498.2250295 10.93 0.13
2458498.2252031 10.86 0.12
2458498.2253767 10.89 0.12
2458498.2255503 10.73 0.11
2458498.2257239 10.90 0.13
2458498.2258975 10.99 0.14
2458498.2262447 10.92 0.13
2458498.2265920 10.91 0.12
2458498.2269392 10.86 0.12
2458498.2271128 10.97 0.13
2458498.2272864 10.71 0.11
2458498.2274600 10.84 0.12
2458498.2276336 10.89 0.13
2458498.2278073 10.93 0.13
2458498.2279809 11.07 0.15
2458498.2281545 11.04 0.14
2458498.2283281 10.90 0.13
2458498.2285017 10.96 0.13
2458498.2286753 10.96 0.13
2458498.2288489 10.67 0.10
2458498.2290225 10.69 0.11
2458498.2295434 10.98 0.13
2458498.2302378 10.75 0.11
2458498.2304114 10.74 0.11
2458498.2305850 11.04 0.14
2458498.2309322 10.84 0.12
2458498.2311059 10.82 0.12
2458498.2312795 10.81 0.12
2458498.2314531 10.93 0.13
2458498.2316267 10.91 0.13
2458498.2318016 10.88 0.13
2458498.2319750 10.97 0.14
2458498.2321485 10.84 0.12
2458498.2323219 10.97 0.14
2458498.2324954 10.80 0.12
2458498.2326688 10.80 0.12
2458498.2328422 10.91 0.13
2458498.2330157 10.93 0.13
2458498.2331892 10.95 0.14
2458498.2333628 10.95 0.14
2458498.2335364 10.97 0.14
2458498.2337100 10.88 0.13
2458498.2338836 10.96 0.14
2458498.2340572 11.01 0.14
2458498.2342309 10.92 0.13
2458498.2344045 10.99 0.14
2458498.2345781 10.79 0.12
2458498.2350989 10.77 0.12
2458498.2352725 10.90 0.13
2458498.2354461 10.83 0.12
2458498.2356198 11.01 0.14
2458498.2357934 10.82 0.12
2458498.2359670 10.91 0.13
2458498.2361406 10.86 0.12
2458498.2364878 11.03 0.14
2458498.2366614 10.90 0.13
2458498.2370086 10.99 0.14
2458498.2371823 10.81 0.12
2458498.2373559 10.81 0.12
2458498.2375295 10.74 0.11
2458498.2377031 10.77 0.12
2458498.2382239 10.90 0.13
2458498.2383975 11.05 0.15
2458498.2385711 10.82 0.12
2458498.2387447 10.92 0.14
2458498.2389184 10.72 0.11
2458498.2392656 10.97 0.14
2458498.2396128 10.89 0.13
2458498.2397864 11.04 0.15
2458498.2399600 10.88 0.13
2458498.2403072 10.91 0.13
2458498.2408281 10.77 0.12
2458498.2410017 10.83 0.12
2458498.2411753 10.82 0.12
2458498.2415225 10.81 0.12
2458498.2416961 11.03 0.15
2458498.2418697 10.96 0.14
2458498.2420434 11.04 0.15
2458498.2423906 10.95 0.14
2458498.2425642 10.81 0.12
2458498.2427378 10.88 0.13
2458498.2432586 10.91 0.13
2458498.2434323 10.84 0.13
2458498.2437807 11.01 0.15
2458498.2441276 10.80 0.12
2458498.2446479 11.03 0.15
2458498.2448214 10.96 0.14
2458498.2455156 10.92 0.14
2458498.2456892 10.97 0.14
2458498.2458628 10.74 0.12
2458498.2460364 10.99 0.15
2458498.2463836 10.86 0.13
2458498.2465572 10.70 0.11
2458498.2467309 10.90 0.14
2458498.2469045 10.77 0.12
2458498.2470781 10.90 0.14
2458498.2474253 10.90 0.14
2458498.2475989 10.74 0.11
2458498.2481197 10.83 0.12
2458498.2484670 10.96 0.14
2458498.2488142 10.98 0.14
2458498.2491614 10.76 0.12
2458498.2493350 10.93 0.14
2458498.2496822 10.85 0.13
2458498.2500295 10.94 0.14
2458498.2502031 10.80 0.12
2458498.2503767 10.83 0.13
2458498.2505503 10.91 0.14
2458498.2507239 11.01 0.15
2458498.2512448 10.88 0.13
2458498.2517656 10.77 0.12
2458498.2519392 10.93 0.14
2458498.2521128 10.83 0.13
2458498.2522864 10.77 0.12
2458498.2528073 10.86 0.13
2458498.2529809 10.77 0.12
2458498.2531545 10.97 0.14
2458498.2533281 10.88 0.13
2458498.2535017 10.93 0.14
2458498.2538489 10.97 0.14
2458498.2540225 10.89 0.13
2458498.2541961 11.03 0.15
2458498.2543697 10.88 0.14
2458498.2547170 11.02 0.15
2458498.2548906 10.81 0.12
2458498.2550642 10.81 0.13
2458498.2554114 10.80 0.13
2458498.2555863 11.04 0.15
2458498.2562801 10.83 0.13
2458498.2564535 10.80 0.13
2458498.2566270 10.97 0.15
2458498.2568004 10.98 0.15
2458498.2571475 10.88 0.13
2458498.2576684 10.91 0.14
2458498.2580156 10.83 0.13
2458498.2581892 10.92 0.14
2458498.2583628 10.88 0.13
2458498.2585364 10.94 0.14
2458498.2587100 10.92 0.14
2458498.2588836 10.81 0.13
2458498.2590573 10.90 0.14
2458498.2592309 10.96 0.14
2458498.2594045 10.83 0.13
2458498.2595781 10.87 0.13
2458498.2597517 10.94 0.14
2458498.2600989 10.89 0.14
2458498.2604461 10.79 0.13
2458498.2606198 10.99 0.15
2458498.2607934 10.85 0.13
2458498.2609670 10.80 0.13
2458498.2611406 10.66 0.11
2458498.2613142 10.89 0.13
2458498.2614878 10.88 0.13
2458498.2618350 10.96 0.15
2458498.2620086 10.84 0.13
2458498.2621822 10.92 0.14
2458498.2623559 10.87 0.13
2458498.2625295 10.83 0.13
2458498.2627031 10.93 0.12
2458498.2628767 10.79 0.10
2458498.2630503 10.77 0.10
2458498.2632239 10.92 0.11
2458498.2633975 10.71 0.09
2458498.2635711 10.81 0.10
2458498.2637447 10.84 0.11
2458498.2639184 10.88 0.11
2458498.2640920 10.72 0.10
2458498.2647864 10.82 0.11
2458498.2649600 10.87 0.12
2458498.2656545 10.90 0.12
2458498.2658281 10.89 0.12
2458498.2660017 10.78 0.10
2458498.2661753 10.78 0.10
2458498.2663489 10.71 0.10
2458498.2665225 10.69 0.09
2458498.2666961 10.73 0.10
2458498.2668698 10.82 0.11
2458498.2670434 10.71 0.10
2458498.2672170 10.82 0.11
2458498.2675655 10.83 0.11
2458498.2677389 10.87 0.11
2458498.2680858 10.81 0.11
2458498.2682593 10.83 0.11
2458498.2684327 10.99 0.13
2458498.2686062 11.07 0.13
2458498.2687796 10.84 0.11
2458498.2689531 10.81 0.10
2458498.2691267 10.93 0.12
2458498.2693003 10.75 0.10
2458498.2694739 10.82 0.10
2458498.2696475 10.87 0.11
2458498.2698211 10.77 0.10
2458498.2699947 10.93 0.12
2458498.2701684 10.67 0.09
2458498.2703420 10.67 0.09
2458498.2705156 10.78 0.10
2458498.2706892 10.87 0.11
2458498.2708628 10.73 0.10
2458498.2710364 10.90 0.11
2458498.2712100 10.83 0.11
2458498.2713836 10.91 0.11
2458498.2715572 10.79 0.10
2458498.2717309 10.90 0.11
2458498.2719045 10.90 0.11
2458498.2720781 10.77 0.10
2458498.2722517 10.93 0.12
2458498.2724253 10.98 0.12
2458498.2725989 10.79 0.10
2458498.2727725 10.79 0.10
2458498.2729461 10.61 0.08
2458498.2731197 10.89 0.11
2458498.2732934 10.86 0.11
2458498.2734670 10.86 0.11
2458498.2736406 10.81 0.10
2458498.2738142 10.88 0.11
2458498.2739878 10.82 0.10
2458498.2741614 10.82 0.10
2458498.2743350 10.95 0.12
2458498.2745086 10.90 0.11
2458498.2746823 10.99 0.12
2458498.2750295 10.89 0.11
2458498.2752031 10.88 0.11
2458498.2753767 10.87 0.11
2458498.2755503 10.79 0.10
2458498.2757239 10.86 0.11
2458498.2758975 10.87 0.11
2458498.2760711 10.76 0.10
2458498.2762448 10.95 0.12
2458498.2764184 10.99 0.12
2458498.2765920 10.87 0.11
2458498.2767656 10.82 0.10
2458498.2769392 10.74 0.10
2458498.2771128 10.79 0.10
2458498.2772864 10.87 0.11
2458498.2774600 10.86 0.11
2458498.2776336 10.92 0.11
2458498.2778072 10.84 0.11
2458498.2779809 10.93 0.11
2458498.2781545 10.67 0.09
2458498.2783281 10.85 0.11
2458498.2785017 10.71 0.09
2458498.2786753 11.05 0.13
2458498.2788489 10.75 0.10
2458498.2790225 10.67 0.09
2458498.2791961 10.81 0.10
2458498.2793697 10.81 0.10
2458498.2795448 10.69 0.09
2458498.2797182 10.92 0.11
2458498.2798916 10.78 0.10
2458498.2800651 10.85 0.11
2458498.2802385 10.72 0.09
2458498.2804120 10.72 0.10
2458498.2805854 10.82 0.10
2458498.2807589 10.81 0.10
2458498.2809323 10.80 0.10
2458498.2811059 10.78 0.10
2458498.2812795 10.93 0.12
2458498.2814531 10.76 0.10
2458498.2816267 10.76 0.10
2458498.2818003 10.84 0.11
2458498.2819739 10.63 0.09
2458498.2821475 10.67 0.09
2458498.2823211 10.97 0.12
2458498.2824948 10.85 0.11
2458498.2828420 10.82 0.11
2458498.2830156 10.82 0.11
2458498.2831892 10.82 0.11
2458498.2833628 10.64 0.09
2458498.2835364 10.78 0.10
2458498.2837100 10.74 0.10
2458498.2838836 10.77 0.10
2458498.2840573 10.76 0.10
2458498.2842309 10.67 0.09
2458498.2845781 10.76 0.10
2458498.2847517 10.86 0.11
2458498.2850989 10.94 0.12
2458498.2852725 10.85 0.11
2458498.2854461 10.83 0.11
2458498.2856197 10.71 0.10
2458498.2857934 10.77 0.10
2458498.2861406 10.92 0.12
2458498.2875295 10.79 0.10
2458498.2877031 10.80 0.11
2458498.2880503 10.72 0.10
2458498.2882239 10.95 0.12
2458498.2883975 10.71 0.10
2458498.2887447 10.83 0.11
2458498.2889184 10.74 0.10
2458498.2890920 10.89 0.12
2458498.2892656 10.70 0.10
2458498.2894392 10.76 0.10
2458498.2896128 10.69 0.10
2458498.2897864 10.88 0.11
2458498.2899600 10.82 0.11
2458498.2901336 10.79 0.10
2458498.2903073 10.92 0.12
2458498.2904809 10.84 0.11
2458498.2906545 10.77 0.10
2458498.2908281 10.75 0.10
2458498.2910017 10.83 0.11
2458498.2911753 10.88 0.11
2458498.2913489 10.73 0.10
2458498.2916974 10.77 0.10
2458498.2918708 10.89 0.12
2458498.2920443 10.85 0.11
2458498.2922177 10.70 0.10
2458498.2923912 10.87 0.12
2458498.2925646 10.77 0.11
2458498.2927381 10.89 0.11
2458498.2929115 10.79 0.11
2458498.2930850 10.97 0.12
2458498.2932586 10.81 0.11
2458498.2934322 10.72 0.10
2458498.2936059 10.87 0.11
2458498.2937795 10.83 0.11
2458498.2939531 10.76 0.10
2458498.2941267 10.79 0.11
2458498.2943003 10.74 0.10
2458498.2944739 10.72 0.11
2458498.2946475 10.85 0.11
2458498.2948211 10.86 0.12
2458498.2949947 10.77 0.10
2458498.2951684 10.68 0.09
2458498.2955156 10.81 0.11
2458498.2958628 10.77 0.10
2458498.2962100 10.88 0.12
2458498.2963836 10.67 0.09
2458498.2965572 10.84 0.11
2458498.2969045 10.96 0.12
2458498.2970781 10.70 0.10
2458498.2972517 10.85 0.11
2458498.2974253 10.76 0.10
2458498.2977725 10.83 0.11
2458498.2981198 10.85 0.11
2458498.2982934 10.81 0.11
2458498.2984670 10.75 0.10
2458498.2986406 10.81 0.11
2458498.2988142 10.66 0.09
2458498.2989878 10.70 0.10
2458498.2991614 10.63 0.09
2458498.3012447 10.83 0.11
2458498.3014184 10.80 0.11
2458498.3015920 10.90 0.12
2458498.3017656 10.75 0.10
2458498.3019392 10.84 0.11
2458498.3021128 10.66 0.09
2458498.3022864 10.88 0.11
2458498.3024600 10.86 0.11
2458498.3026336 10.78 0.10
2458498.3028072 10.77 0.10
2458498.3029809 10.83 0.11
2458498.3031545 10.82 0.11
2458498.3033281 10.76 0.10
2458498.3035017 10.79 0.10
2458498.3036766 10.71 0.10
2458498.3040235 10.84 0.11
2458498.3041969 10.86 0.11
2458498.3045438 10.74 0.10
2458498.3048907 10.92 0.12
2458498.3050642 10.86 0.11
2458498.3052378 10.88 0.11
2458498.3054114 10.92 0.12
2458498.3055850 10.69 0.09
2458498.3057586 10.69 0.09
2458498.3059323 10.77 0.10
2458498.3061059 10.74 0.10
2458498.3062795 10.70 0.10
2458498.3064531 10.84 0.11
2458498.3066267 10.78 0.10
2458498.3068003 10.79 0.11
2458498.3069739 10.90 0.12
2458498.3071475 10.84 0.11
2458498.3073211 10.88 0.12
2458498.3074948 10.84 0.11
2458498.3076684 10.91 0.12
2458498.3078420 10.75 0.10
2458498.3080156 10.81 0.11
2458498.3081892 10.81 0.11
2458498.3083628 10.89 0.11
2458498.3085364 10.93 0.12
2458498.3087100 10.89 0.12
2458498.3088836 10.74 0.10
2458498.3090572 10.86 0.11
2458498.3092309 10.75 0.10
2458498.3094045 10.87 0.11
2458498.3095781 10.85 0.11
2458498.3097517 10.85 0.11
2458498.3099253 10.76 0.10
2458498.3100989 10.83 0.11
2458498.3102725 10.85 0.11
2458498.3104461 10.83 0.11
2458498.3106197 10.72 0.10
2458498.3107934 10.71 0.10
2458498.3109670 10.73 0.10
2458498.3111406 10.70 0.10
2458498.3113142 10.77 0.10
2458498.3114878 10.74 0.10
2458498.3116614 10.87 0.12
2458498.3118350 10.98 0.13
2458498.3120086 10.92 0.12
2458498.3121822 10.64 0.09
2458498.3123559 10.87 0.12
2458498.3125295 10.77 0.11
2458498.3127031 10.75 0.10
2458498.3128767 10.91 0.12
2458498.3130503 10.57 0.09
2458498.3132239 10.74 0.10
2458498.3133975 10.66 0.10
2458498.3135711 10.80 0.11
2458498.3137448 10.74 0.10
2458498.3139184 10.92 0.12
2458498.3140920 10.72 0.10
2458498.3142656 10.91 0.12
2458498.3144392 10.66 0.09
2458498.3146128 10.88 0.12
2458498.3147864 10.79 0.11
2458498.3149600 10.79 0.11
2458498.3151336 10.73 0.10
2458498.3153073 10.87 0.11
2458498.3154809 10.67 0.09
2458498.3156558 10.72 0.10
2458498.3158292 11.04 0.14
2458498.3160027 10.87 0.12
2458498.3161761 10.78 0.11
2458498.3163496 10.87 0.12
2458498.3165230 10.85 0.12
2458498.3166965 10.78 0.11
2458498.3168699 11.03 0.14
2458498.3170434 10.85 0.11
2458498.3172170 10.81 0.11
2458498.3173906 11.03 0.13
2458498.3175642 10.97 0.13
2458498.3177378 10.95 0.12
2458498.3179114 10.97 0.12
2458498.3180850 10.84 0.11
2458500.2350758 10.83 0.15
2458500.2357702 10.91 0.16
2458500.2376799 10.72 0.13
2458500.2382008 10.74 0.13
2458500.2388952 10.74 0.14
2458500.2402841 10.80 0.14
2458500.2404577 10.78 0.14
2458500.2413258 10.80 0.14
2458500.2421938 10.83 0.15
2458500.2423674 10.88 0.15
2458500.2425410 10.82 0.14
2458500.2428883 11.05 0.17
2458500.2435827 10.81 0.14
2458500.2439299 10.57 0.11
2458500.2449724 10.85 0.14
2458500.2456661 10.89 0.15
2458500.2461869 10.97 0.16
2458500.2463605 10.91 0.15
2458500.2467077 10.81 0.14
2458500.2468813 10.88 0.14
2458500.2470549 10.69 0.12
2458500.2472286 11.02 0.16
2458500.2480966 10.85 0.14
2458500.2486174 10.81 0.13
2458500.2487910 10.91 0.15
2458500.2489647 10.64 0.12
2458500.2491383 10.98 0.16
2458500.2494855 10.85 0.14
2458500.2496591 10.73 0.12
2458500.2498327 10.75 0.13
2458500.2500063 10.84 0.14
2458500.2507008 10.91 0.15
2458500.2510480 10.88 0.14
2458500.2512216 10.82 0.14
2458500.2519160 10.80 0.13
2458500.2520897 10.92 0.15
2458500.2524369 10.70 0.12
2458500.2534786 10.79 0.13
2458500.2538258 11.02 0.16
2458500.2548674 10.92 0.15
2458500.2552147 10.95 0.15
2458500.2557355 10.76 0.13
2458500.2559091 10.69 0.12
2458500.2564312 10.87 0.14
2458500.2566046 10.76 0.13
2458500.2581660 10.87 0.14
2458500.2590341 10.73 0.12
2458500.2592077 10.75 0.13
2458500.2595549 10.89 0.14
2458500.2597285 10.89 0.14
2458500.2599022 10.90 0.14
2458500.2604230 10.74 0.13
2458500.2607702 10.94 0.15
2458500.2609438 10.95 0.15
2458500.2611174 10.82 0.13
2458500.2612911 10.97 0.15
2458500.2614647 10.86 0.14
2458500.2621591 10.95 0.15
2458500.2625063 10.82 0.13
2458500.2626799 10.77 0.13
2458500.2630272 11.06 0.16
2458500.2633744 10.97 0.15
2458500.2635480 10.64 0.11
2458500.2637216 10.98 0.15
2458500.2638952 10.88 0.14
2458500.2642424 10.88 0.14
2458500.2645897 10.83 0.13
2458500.2649369 10.88 0.14
2458500.2651105 10.89 0.14
2458500.2654577 11.03 0.15
2458500.2656313 10.93 0.14
2458500.2659785 10.75 0.12
2458500.2661522 10.91 0.14
2458500.2663258 10.98 0.15
2458500.2664994 10.62 0.11
2458500.2666730 10.80 0.13
2458500.2668466 10.93 0.14
2458500.2670202 10.83 0.13
2458500.2671938 11.10 0.17
2458500.2673674 10.84 0.13
2458500.2677147 10.85 0.13
2458500.2680619 10.83 0.13
2458500.2684104 10.79 0.13
2458500.2685839 10.79 0.13
2458500.2687573 10.90 0.14
2458500.2689307 10.98 0.15
2458500.2692776 10.93 0.14
2458500.2696245 10.81 0.13
2458500.2703188 10.80 0.13
2458500.2706661 10.96 0.15
2458500.2708397 10.77 0.12
2458500.2711869 10.88 0.14
2458500.2713605 10.89 0.14
2458500.2717077 10.81 0.13
2458500.2718813 10.84 0.13
2458500.2720549 10.87 0.14
2458500.2724022 10.99 0.15
2458500.2725758 10.79 0.13
2458500.2727494 10.89 0.14
2458500.2729230 10.76 0.12
2458500.2730966 10.70 0.12
2458500.2734438 10.70 0.12
2458500.2737910 10.75 0.12
2458500.2741383 10.73 0.12
2458500.2743119 10.96 0.15
2458500.2744855 10.94 0.14
2458500.2748327 10.86 0.13
2458500.2750063 10.96 0.15
2458500.2753535 11.04 0.16
2458500.2755272 10.73 0.12
2458500.2757008 10.98 0.15
2458500.2758744 10.98 0.15
2458500.2760480 10.85 0.13
2458500.2763952 11.00 0.15
2458500.2765688 10.83 0.13
2458500.2767424 10.94 0.14
2458500.2769161 10.91 0.14
2458500.2774369 10.92 0.14
2458500.2777841 10.99 0.15
2458500.2779577 11.03 0.16
2458500.2781313 10.97 0.15
2458500.2784786 11.07 0.16
2458500.2788258 10.94 0.14
2458500.2789994 10.86 0.13
2458500.2800410 10.86 0.13
2458500.2802147 10.89 0.14
2458500.2803896 10.92 0.14
2458500.2805631 10.88 0.14
2458500.2812568 10.95 0.14
2458500.2817772 10.98 0.15
2458500.2821244 10.67 0.11
2458500.2822980 10.91 0.14
2458500.2824716 10.93 0.14
2458500.2826452 10.92 0.14
2458500.2828188 10.93 0.14
2458500.2829924 10.94 0.14
2458500.2831660 11.07 0.16
2458500.2833397 10.90 0.14
2458500.2835133 10.87 0.13
2458500.2838605 10.95 0.14
2458500.2842077 10.90 0.14
2458500.2843813 10.81 0.13
2458500.2845549 10.89 0.14
2458500.2847286 11.03 0.15
2458500.2849022 10.95 0.14
2458500.2850758 10.90 0.14
2458500.2854230 10.97 0.15
2458500.2855966 10.80 0.13
2458500.2859438 10.89 0.14
2458500.2866383 11.02 0.15
2458500.2871591 10.81 0.13
2458500.2873327 10.77 0.13
2458500.2875063 10.73 0.12
2458500.2876799 10.66 0.11
2458500.2878535 11.09 0.16
2458500.2882008 10.80 0.13
2458500.2883744 10.85 0.13
2458500.2887216 10.84 0.13
2458500.2888952 10.85 0.13
2458500.2890688 10.85 0.13
2458500.2892424 10.93 0.14
2458500.2894160 10.96 0.14
2458500.2895897 10.93 0.14
2458500.2897633 10.80 0.12
2458500.2899369 10.78 0.12
2458500.2901105 10.95 0.14
2458500.2902841 10.84 0.13
2458500.2904577 10.85 0.13
2458500.2906313 10.96 0.14
2458500.2913258 10.95 0.14
2458500.2914994 10.84 0.13
2458500.2918466 10.96 0.14
2458500.2920202 10.82 0.12
2458500.2921938 10.95 0.14
2458500.2923688 10.99 0.14
2458500.2927157 10.91 0.13
2458500.2928892 10.89 0.13
2458500.2930626 11.03 0.14
2458500.2932360 10.83 0.12
2458500.2934095 10.74 0.11