2458467.3677195 11.00 0.15
2458467.3684139 11.02 0.15
2458467.3685875 10.98 0.14
2458467.3687611 11.03 0.15
2458467.3689347 10.91 0.14
2458467.3694556 10.81 0.12
2458467.3704972 10.82 0.13
2458467.3708445 10.85 0.13
2458467.3710181 10.91 0.14
2458467.3722334 10.88 0.13
2458467.3724070 10.92 0.14
2458467.3729278 10.88 0.13
2458467.3731014 11.04 0.16
2458467.3732750 11.04 0.16
2458467.3736223 10.91 0.14
2458467.3737959 10.92 0.14
2458467.3741431 10.96 0.14
2458467.3744903 10.88 0.13
2458467.3746639 10.85 0.13
2458467.3748375 10.92 0.14
2458467.3750111 10.91 0.14
2458467.3751848 10.93 0.14
2458467.3753584 10.90 0.13
2458467.3757067 10.99 0.15
2458467.3758801 10.96 0.14
2458467.3767473 10.90 0.14
2458467.3770945 10.89 0.14
2458467.3772681 10.94 0.14
2458467.3779625 10.97 0.15
2458467.3783097 10.89 0.14
2458467.3786570 10.82 0.13
2458467.3793514 10.99 0.15
2458467.3796986 10.98 0.15
2458467.3798723 10.83 0.13
2458467.3800459 11.01 0.15
2458467.3824764 10.87 0.14
2458467.3850806 10.97 0.15
2458467.3854278 10.84 0.13
2458467.3857750 10.92 0.14
2458467.3868167 10.90 0.14
2458467.3869903 10.91 0.14
2458467.3883795 11.00 0.15
2458467.3887264 10.93 0.14
2458467.3894209 10.95 0.14
2458467.3897681 11.01 0.15
2458467.3899417 10.78 0.12
2458467.3901153 11.05 0.16
2458467.3902889 10.81 0.13
2458467.3906361 10.89 0.14
2458467.3908098 11.10 0.17
2458467.3915042 10.98 0.15
2458467.3918514 11.03 0.16
2458467.3921986 10.75 0.12
2458467.3923722 10.92 0.14
2458467.3932403 10.88 0.14
2458467.3937611 10.94 0.15
2458467.3939347 10.76 0.12
2458467.3941084 10.88 0.14
2458467.3942820 10.94 0.15
2458467.3944556 10.93 0.15
2458467.3948028 11.11 0.17
2458467.3951500 10.85 0.13
2458467.3960181 10.95 0.15
2458467.3965389 10.96 0.15
2458467.3967125 10.92 0.14
2458467.3968861 10.92 0.14
2458467.3970598 11.09 0.17
2458467.3972334 10.78 0.12
2458467.3974070 10.96 0.15
2458467.3975806 10.65 0.11
2458467.3977542 10.93 0.14
2458467.3982750 11.03 0.16
2458467.3984486 10.87 0.14
2458467.3993180 10.94 0.15
2458467.3998383 10.77 0.13
2458467.4000118 10.98 0.15
2458467.4001852 10.85 0.13
2458467.4005321 10.88 0.14
2458467.4008792 10.97 0.15
2458467.4010528 10.91 0.14
2458467.4014000 10.94 0.15
2458467.4015736 11.01 0.16
2458467.4019209 11.04 0.16
2458467.4020945 10.96 0.15
2458467.4024417 10.83 0.13
2458467.4026153 10.91 0.14
2458467.4027889 11.00 0.15
2458467.4033098 10.85 0.14
2458467.4034834 10.99 0.15
2458467.4046986 10.99 0.15
2458467.4057403 11.01 0.16
2458467.4059139 10.90 0.14
2458467.4067820 10.89 0.14
2458467.4071292 10.78 0.13
2458467.4073028 10.83 0.13
2458467.4088653 10.89 0.14
2458467.4104278 10.92 0.14
2458467.4106014 10.80 0.13
2458467.4114705 10.90 0.14
2458467.4135528 10.95 0.15
2458467.4137264 11.02 0.16
2458467.4152889 10.85 0.14
2458467.4154625 10.98 0.16
2458467.4158097 10.92 0.15
2458467.4187611 11.03 0.17
2458467.4199764 10.88 0.15
2458467.4203236 10.83 0.14
2458469.3667865 11.06 0.11
2458469.3670135 11.01 0.11
2458469.3671871 11.13 0.12
2458469.3673607 11.11 0.12
2458469.3675343 11.02 0.11
2458469.3677079 11.12 0.12
2458469.3678815 10.88 0.10
2458469.3680551 10.94 0.11
2458469.3682287 10.93 0.10
2458469.3684023 11.03 0.11
2458469.3685760 11.00 0.11
2458469.3687496 11.03 0.11
2458469.3689232 11.11 0.12
2458469.3690968 10.99 0.11
2458469.3692704 11.01 0.11
2458469.3694440 10.90 0.10
2458469.3696176 10.99 0.11
2458469.3697912 10.97 0.11
2458469.3699648 10.94 0.10
2458469.3701384 11.17 0.13
2458469.3703121 10.99 0.11
2458469.3704857 10.93 0.10
2458469.3706593 10.83 0.09
2458469.3708329 11.11 0.12
2458469.3710065 11.18 0.13
2458469.3711801 10.99 0.11
2458469.3713537 11.01 0.11
2458469.3715273 11.11 0.12
2458469.3717009 11.12 0.12
2458469.3718746 10.96 0.11
2458469.3720482 11.20 0.13
2458469.3722218 11.26 0.14
2458469.3723954 11.04 0.11
2458469.3725690 11.08 0.12
2458469.3727426 11.12 0.12
2458469.3729162 11.05 0.11
2458469.3730898 11.06 0.12
2458469.3732635 11.00 0.11
2458469.3734371 11.12 0.12
2458469.3736107 11.21 0.13
2458469.3737843 11.15 0.13
2458469.3739579 11.08 0.12
2458469.3741315 11.00 0.11
2458469.3743051 11.15 0.13
2458469.3744787 11.04 0.11
2458469.3746524 10.92 0.10
2458469.3748260 10.74 0.09
2458469.3749996 11.06 0.11
2458469.3751732 10.98 0.11
2458469.3753468 11.07 0.12
2458469.3755204 10.96 0.10
2458469.3756940 10.94 0.10
2458469.3758676 11.10 0.12
2458469.3760425 10.95 0.10
2458469.3762159 11.10 0.12
2458469.3763894 11.10 0.12
2458469.3765628 10.81 0.09
2458469.3767363 11.00 0.11
2458469.3769097 11.12 0.12
2458469.3770832 10.95 0.10
2458469.3772566 10.96 0.10
2458469.3774301 10.93 0.10
2458469.3776037 11.06 0.12
2458469.3777773 11.06 0.12
2458469.3779510 10.94 0.10
2458469.3781246 10.88 0.10
2458469.3782982 11.00 0.11
2458469.3784718 10.92 0.10
2458469.3786454 11.11 0.12
2458488.3044163 11.07 0.14
2458488.3045899 10.93 0.13
2458488.3047635 10.94 0.13
2458488.3052844 10.98 0.13
2458488.3059788 10.86 0.12
2458488.3061524 11.05 0.14
2458488.3063260 10.97 0.13
2458488.3064996 11.02 0.14
2458488.3066732 10.98 0.13
2458488.3070205 10.97 0.13
2458488.3077149 10.96 0.13
2458488.3082357 10.97 0.14
2458488.3084093 11.03 0.14
2458488.3085830 10.91 0.13
2458488.3087566 10.97 0.13
2458488.3089302 10.85 0.12
2458488.3096257 10.92 0.13
2458488.3104929 10.96 0.13
2458488.3106663 11.15 0.16
2458488.3108399 11.05 0.15
2458488.3111871 10.97 0.14
2458488.3113607 10.87 0.12
2458488.3115344 11.02 0.14
2458488.3117080 10.86 0.12
2458488.3118816 11.00 0.14
2458488.3124024 10.97 0.14
2458488.3125760 11.10 0.15
2458488.3132705 10.99 0.14
2458488.3134441 10.74 0.11
2458488.3136177 10.73 0.11
2458488.3143121 10.86 0.12
2458488.3146593 11.07 0.15
2458488.3148330 11.04 0.15
2458488.3155274 10.87 0.13
2458488.3157010 11.04 0.15
2458488.3158746 11.05 0.15
2458488.3160482 11.05 0.15
2458488.3162218 11.15 0.16
2458488.3165691 11.03 0.15
2458488.3170899 11.04 0.15
2458488.3172635 11.09 0.15
2458488.3176107 11.03 0.15
2458488.3179580 10.86 0.12
2458488.3184788 11.09 0.15
2458488.3188260 11.14 0.16
2458488.3191732 10.81 0.12
2458488.3193469 10.99 0.14
2458488.3196941 11.05 0.15
2458488.3198677 11.02 0.14
2458488.3207357 10.93 0.14
2458488.3214314 10.82 0.12
2458488.3216048 11.00 0.14
2458488.3219517 11.00 0.14
2458488.3221252 11.10 0.16
2458488.3222986 10.95 0.14
2458488.3226455 11.09 0.16
2458488.3231663 10.88 0.13
2458488.3255969 11.09 0.16
2458488.3257705 10.82 0.13
2458488.3269857 11.01 0.15
2458488.3271594 10.98 0.14
2458488.3275066 10.79 0.12
2458488.3278538 10.99 0.14
2458488.3280274 10.96 0.14
2458488.3323677 10.89 0.13
2458488.3327149 11.05 0.15
2458488.3334105 10.95 0.14
2458488.3339308 10.98 0.14
2458488.3341043 11.07 0.16
2458488.3342777 10.97 0.14
2458488.3368816 11.07 0.16
2458488.3372288 10.93 0.14
2458488.3375760 10.85 0.13
2458488.3391385 11.01 0.15
2458488.3403538 10.99 0.15
2458488.3412219 11.04 0.15
2458488.3419163 10.87 0.13
2458488.3420899 10.94 0.14
2458488.3422635 11.07 0.16
2458488.3426107 10.91 0.14
2458488.3433052 11.01 0.15
2458488.3436524 10.91 0.14
2458488.3448677 11.00 0.15
2458488.3462569 10.94 0.14
2458488.3474718 10.96 0.15
2458488.3478191 11.00 0.15
2458488.3479927 10.91 0.14
2458488.3486871 10.97 0.14
2458488.3492080 11.02 0.15
2458488.3493816 11.02 0.15
2458488.3507705 10.99 0.15
2458488.3512913 10.85 0.13
2458488.3516385 10.82 0.13
2458488.3532010 11.02 0.15
2458488.3535482 11.04 0.15
2458488.3538955 10.97 0.14
2458488.3545899 10.99 0.15
2458488.3547635 10.96 0.14
2458488.3551107 10.94 0.14
2458488.3552843 10.90 0.14
2458488.3559788 11.00 0.15
2458488.3563260 11.00 0.15
2458488.3564996 10.91 0.14
2458488.3566732 11.04 0.15
2458488.3568469 10.99 0.15
2458488.3571953 11.06 0.16
2458488.3577156 10.96 0.14
2458488.3584094 10.90 0.14
2458488.3587566 11.05 0.16
2458488.3591038 10.87 0.13
2458488.3592774 10.99 0.15
2458488.3594510 10.94 0.14
2458488.3597982 10.98 0.15
2458488.3606663 10.87 0.13
2458488.3610135 10.82 0.13
2458488.3611871 10.89 0.14
2458488.3617080 11.11 0.16
2458488.3618816 10.90 0.14
2458488.3625760 11.02 0.15
2458488.3627496 11.07 0.16
2458488.3629232 10.99 0.15
2458488.3632705 10.90 0.14
2458488.3639649 11.01 0.15
2458488.3643121 11.06 0.16
2458488.3644857 10.78 0.12
2458488.3648330 10.94 0.14
2458488.3651802 10.94 0.14
2458488.3653538 11.13 0.17
2458488.3655274 10.71 0.12
2458488.3657010 10.95 0.14
2458488.3669163 10.70 0.11
2458488.3674371 11.04 0.16
2458488.3679580 10.98 0.15
2458488.3681316 11.05 0.16
2458488.3688260 11.00 0.15
2458488.3691744 10.92 0.14
2458488.3693479 11.05 0.16
2458488.3695213 10.91 0.14
2458488.3696948 10.74 0.12
2458488.3703885 10.95 0.14
2458488.3707357 10.90 0.14
2458488.3717774 10.82 0.13
2458488.3731663 10.77 0.12
2458488.3733399 10.87 0.14
2458493.2519739 10.83 0.12
2458493.2521475 10.98 0.13
2458493.2524947 10.98 0.13
2458493.2526684 10.92 0.13
2458493.2528420 10.88 0.12
2458493.2530156 11.04 0.14
2458493.2531892 10.94 0.13
2458493.2533628 11.08 0.14
2458493.2535364 10.93 0.12
2458493.2537100 11.03 0.14
2458493.2538836 11.00 0.13
2458493.2540586 10.99 0.13
2458493.2542320 10.98 0.13
2458493.2544055 11.02 0.13
2458493.2545789 10.98 0.13
2458493.2549258 10.98 0.13
2458493.2550993 11.02 0.13
2458493.2552727 11.00 0.13
2458493.2554461 11.06 0.14
2458493.2556198 11.05 0.14
2458493.2557934 10.86 0.12
2458493.2559670 11.01 0.13
2458493.2561406 10.95 0.13
2458493.2563142 11.04 0.14
2458493.2568350 11.08 0.14
2458493.2570086 11.07 0.14
2458493.2571823 10.94 0.13
2458493.2573559 11.10 0.14
2458493.2575295 10.78 0.11
2458493.2577031 10.86 0.12
2458493.2578767 11.06 0.14
2458493.2580503 10.93 0.12
2458493.2583975 10.91 0.12
2458493.2585711 11.07 0.14
2458493.2587447 10.88 0.12
2458493.2589184 10.98 0.13
2458493.2590920 11.04 0.14
2458493.2592656 11.03 0.14
2458493.2596128 10.85 0.12
2458493.2597864 11.09 0.14
2458493.2599600 11.08 0.14
2458493.2601336 11.09 0.14
2458493.2603072 11.06 0.14
2458493.2604809 11.04 0.14
2458493.2606545 11.05 0.14
2458493.2608281 11.19 0.16
2458493.2610017 11.09 0.14
2458493.2611753 11.15 0.15
2458493.2613489 10.95 0.13
2458493.2615225 11.00 0.13
2458493.2616961 10.75 0.10
2458493.2622170 11.11 0.15
2458493.2625642 10.88 0.12
2458493.2630850 10.86 0.12
2458493.2634323 10.88 0.12
2458493.2636059 11.00 0.13
2458493.2639531 10.80 0.11
2458493.2641267 11.04 0.14
2458493.2643003 10.95 0.13
2458493.2644739 11.08 0.14
2458493.2653420 11.16 0.15
2458493.2655156 11.09 0.14
2458493.2663847 10.92 0.12
2458493.2665581 10.91 0.12
2458493.2670784 10.85 0.11
2458493.2674253 11.03 0.14
2458493.2677725 10.91 0.12
2458493.2681197 10.99 0.13
2458493.2682934 11.00 0.13
2458493.2686406 10.92 0.12
2458493.2688142 10.90 0.12
2458493.2691614 10.91 0.12
2458493.2693350 10.93 0.12
2458493.2695086 11.09 0.14
2458493.2700295 10.89 0.12
2458493.2702031 10.85 0.11
2458493.2703767 10.85 0.11
2458493.2705503 10.92 0.12
2458493.2710711 10.95 0.13
2458493.2714184 11.05 0.14
2458493.2717656 11.08 0.14
2458493.2719392 10.95 0.12
2458493.2721128 11.01 0.13
2458493.2722864 10.81 0.11
2458493.2724600 11.11 0.14
2458493.2726336 11.09 0.14
2458493.2728073 10.91 0.12
2458493.2729809 10.83 0.11
2458493.2731545 11.12 0.14
2458493.2733281 11.01 0.13
2458493.2735017 11.06 0.14
2458493.2736753 11.08 0.14
2458493.2738489 11.17 0.15
2458493.2740225 10.90 0.12
2458493.2741961 10.91 0.12
2458493.2743697 10.82 0.11
2458493.2745434 11.11 0.15
2458493.2747170 10.96 0.13
2458493.2748906 11.13 0.15
2458493.2750642 11.01 0.13
2458493.2752378 11.04 0.14
2458493.2754114 11.03 0.13
2458493.2755850 11.03 0.14
2458493.2757586 11.15 0.15
2458493.2759322 10.99 0.13
2458493.2761059 11.00 0.13
2458493.2762795 11.02 0.13
2458493.2764531 11.00 0.13
2458493.2766267 11.01 0.13
2458493.2768003 10.91 0.12
2458493.2771475 10.93 0.12
2458493.2773211 10.99 0.13
2458493.2774947 11.18 0.16
2458493.2778420 10.87 0.12
2458493.2781904 11.11 0.15
2458493.2783638 10.74 0.10
2458493.2787107 10.90 0.12
2458493.2788841 10.85 0.12
2458493.2792310 11.15 0.15
2458493.2795781 11.05 0.14
2458493.2797517 11.07 0.14
2458493.2799253 11.08 0.14
2458493.2800989 11.15 0.15
2458493.2806198 11.05 0.14
2458493.2807934 10.95 0.13
2458493.2809670 11.06 0.14
2458493.2811406 10.87 0.12
2458493.2814878 10.97 0.13
2458493.2816614 11.21 0.16
2458493.2820086 11.01 0.13
2458493.2821822 10.83 0.11
2458493.2823559 11.21 0.16
2458493.2825295 11.06 0.14
2458493.2827031 10.88 0.12
2458493.2828767 10.89 0.12
2458493.2830503 10.87 0.12
2458493.2832239 10.93 0.12
2458493.2835711 11.09 0.14
2458493.2837447 11.03 0.14
2458493.2839184 11.16 0.15
2458493.2840920 11.06 0.14
2458493.2842656 11.04 0.14
2458493.2844392 10.91 0.12
2458493.2847864 10.94 0.13
2458493.2858281 10.89 0.12
2458493.2860017 11.02 0.13
2458493.2865225 11.10 0.14
2458493.2866961 11.16 0.15
2458493.2870434 10.77 0.11
2458493.2873906 10.78 0.11
2458493.2875642 11.10 0.15
2458493.2877378 11.06 0.14
2458493.2879114 11.04 0.14
2458493.2880850 10.91 0.12
2458493.2887795 11.17 0.16
2458493.2889531 11.00 0.13
2458493.2894739 10.96 0.13
2458493.2896475 11.00 0.13
2458493.2905164 11.07 0.14
2458493.2906898 11.13 0.15
2458493.2908633 11.01 0.13
2458493.2912102 11.04 0.14
2458493.2913836 11.00 0.13
2458493.2920781 11.05 0.14
2458493.2922517 11.10 0.14
2458493.2924253 10.98 0.13
2458493.2925989 11.19 0.16
2458493.2927725 10.92 0.12
2458493.2929461 10.96 0.13
2458493.2931197 11.07 0.14
2458493.2932934 11.04 0.14
2458493.2939878 10.86 0.12
2458493.2943350 11.02 0.14
2458493.2950295 10.86 0.12
2458493.2955503 10.96 0.13
2458493.2960711 11.08 0.14
2458493.2962448 11.02 0.13
2458493.2964184 11.02 0.14
2458493.2965920 11.13 0.15
2458493.2967656 10.85 0.12
2458493.2969392 10.92 0.12
2458493.2971128 11.11 0.15
2458493.2978072 11.06 0.14
2458493.2981545 11.10 0.14
2458493.2983281 11.02 0.13
2458493.2985017 10.78 0.11
2458493.2990225 11.19 0.16
2458493.2991961 10.96 0.13
2458493.2993697 11.10 0.15
2458493.2997170 10.97 0.13
2458493.3000642 11.10 0.15
2458493.3002378 10.93 0.13
2458493.3004114 11.17 0.16
2458493.3005850 11.03 0.14
2458493.3007586 10.78 0.11
2458493.3018931 11.02 0.14
2458493.3021591 10.96 0.13
2458493.3025063 11.02 0.14
2458493.3030272 10.87 0.12
2458493.3032008 10.79 0.11
2458493.3033744 11.04 0.14
2458493.3035480 10.87 0.12
2458493.3042424 10.83 0.11
2458493.3044161 11.12 0.15
2458493.3047633 10.92 0.12
2458493.3049369 11.12 0.15
2458493.3054577 10.95 0.13
2458493.3056313 11.00 0.13
2458493.3058049 10.98 0.13
2458493.3059785 11.06 0.14
2458493.3061522 11.10 0.14
2458493.3063258 10.74 0.11
2458493.3064994 11.13 0.15
2458493.3068466 11.00 0.13
2458493.3071938 10.97 0.13
2458493.3073674 10.98 0.13
2458493.3075410 11.13 0.15
2458493.3078883 11.11 0.14
2458493.3080619 11.08 0.14
2458493.3082355 11.06 0.14
2458493.3084091 11.09 0.14
2458493.3087563 10.94 0.12
2458493.3089299 10.98 0.13
2458493.3091036 11.11 0.14
2458493.3092772 11.11 0.14
2458493.3094508 10.99 0.13
2458493.3096244 11.02 0.13
2458493.3097980 10.93 0.12
2458493.3101452 11.06 0.14
2458493.3111869 11.12 0.15
2458493.3113605 10.99 0.13
2458493.3115341 11.05 0.14
2458493.3117077 11.08 0.14
2458493.3120549 10.83 0.11
2458493.3122298 10.80 0.11
2458493.3124033 11.19 0.16
2458493.3125767 11.12 0.14
2458493.3127502 11.08 0.14
2458493.3129236 10.98 0.13
2458493.3130971 11.05 0.14
2458493.3132705 11.01 0.13
2458493.3134439 11.00 0.13
2458493.3136174 10.90 0.12
2458493.3137910 11.19 0.15
2458493.3139647 10.95 0.12
2458493.3141383 10.87 0.12
2458493.3143119 11.07 0.14
2458493.3144855 10.84 0.11
2458493.3146591 10.95 0.12
2458493.3150063 11.11 0.14
2458493.3151799 10.81 0.11
2458493.3155272 10.95 0.12
2458493.3157008 10.98 0.13
2458493.3158744 11.10 0.14
2458493.3162216 10.97 0.13
2458493.3163952 10.94 0.12
2458493.3167424 11.07 0.14
2458493.3169161 11.02 0.13
2458493.3170897 11.02 0.13
2458493.3172633 10.89 0.12
2458493.3174369 11.08 0.14
2458493.3177841 10.98 0.13
2458493.3179577 10.81 0.11
2458493.3181313 10.89 0.12
2458493.3183049 11.00 0.13
2458493.3184786 11.18 0.15
2458493.3186522 11.22 0.16
2458493.3188258 11.23 0.16
2458493.3189994 11.25 0.16
2458493.3191730 10.83 0.11
2458493.3193466 10.91 0.12
2458493.3195202 11.15 0.15
2458493.3196938 11.01 0.13
2458493.3198674 11.01 0.13
2458493.3200411 10.92 0.12
2458493.3202147 11.00 0.13
2458493.3203883 10.96 0.13
2458493.3205619 11.01 0.13
2458493.3207355 10.96 0.12
2458493.3209091 10.84 0.11
2458493.3212563 11.01 0.13
2458493.3214299 10.93 0.12
2458493.3216035 10.94 0.12
2458493.3217772 10.88 0.12
2458493.3219508 10.81 0.11
2458493.3221244 11.09 0.14
2458493.3222980 11.03 0.13
2458493.3224716 10.84 0.11
2458493.3226452 10.90 0.12
2458493.3228188 10.95 0.12
2458493.3229924 11.03 0.13
2458493.3231662 11.03 0.13
2458493.3233397 11.02 0.13
2458493.3235133 11.06 0.14
2458493.3236869 11.03 0.13
2458493.3238605 10.92 0.12
2458493.3240341 10.99 0.13
2458493.3243824 11.07 0.14
2458493.3245559 11.06 0.14
2458493.3247293 10.97 0.13
2458493.3249028 10.94 0.12
2458493.3250762 11.09 0.14
2458493.3252497 11.20 0.15
2458493.3254231 10.93 0.12
2458493.3255966 11.00 0.13
2458493.3257702 10.82 0.11
2458493.3259438 10.90 0.12
2458493.3261174 10.95 0.12
2458493.3262911 11.00 0.13
2458493.3264647 10.95 0.12
2458493.3266383 10.95 0.12
2458493.3268119 11.09 0.14
2458493.3269855 10.87 0.12
2458493.3271591 11.08 0.14
2458493.3273327 10.78 0.10
2458493.3276799 11.09 0.14
2458493.3278536 10.91 0.12
2458493.3280272 10.83 0.11
2458493.3282008 11.04 0.13
2458493.3283744 11.09 0.14
2458493.3285480 10.87 0.11
2458493.3288952 11.05 0.13
2458493.3290688 11.03 0.13
2458493.3292430 10.98 0.13
2458493.3294160 11.11 0.14
2458493.3295897 10.83 0.11
2458493.3297633 11.11 0.14
2458493.3301105 10.88 0.12
2458493.3304577 10.95 0.12
2458493.3306313 11.01 0.13
2458493.3308049 10.90 0.12
2458493.3309785 11.07 0.14
2458493.3313258 11.03 0.13
2458493.3314994 11.02 0.13
2458493.3316730 10.94 0.12
2458493.3318466 10.89 0.12
2458493.3321938 11.05 0.13
2458493.3323674 11.06 0.14
2458493.3325411 10.80 0.11
2458493.3327147 10.82 0.11
2458493.3328883 11.03 0.13
2458493.3332355 11.11 0.14
2458493.3334091 10.85 0.11
2458493.3335827 11.00 0.13
2458493.3337563 11.02 0.13
2458493.3339299 11.03 0.13
2458493.3341036 10.97 0.13
2458493.3344508 10.99 0.13
2458493.3346244 10.87 0.12
2458493.3347980 11.13 0.15
2458493.3351452 10.92 0.12
2458493.3353188 10.85 0.11
2458493.3356661 11.07 0.14
2458493.3358397 11.07 0.14
2458493.3360133 11.10 0.14
2458493.3361882 10.83 0.11
2458493.3363616 10.85 0.11
2458493.3365351 10.90 0.12
2458493.3367085 11.08 0.14
2458493.3368820 10.94 0.12
2458493.3370554 10.87 0.12
2458493.3372288 10.91 0.12
2458493.3374023 11.04 0.13
2458493.3375758 11.04 0.14
2458493.3377494 10.90 0.12
2458493.3379230 10.94 0.12
2458493.3380966 11.10 0.14
2458493.3382702 11.00 0.13
2458493.3384438 11.04 0.13
2458493.3386174 10.94 0.13
2458493.3387910 10.94 0.12
2458493.3389647 11.04 0.14
2458493.3391383 11.00 0.13
2458493.3393119 10.87 0.12
2458493.3394855 11.05 0.14
2458493.3396591 11.09 0.14
2458493.3398327 10.91 0.12
2458493.3400063 10.79 0.11
2458493.3401799 11.03 0.14
2458493.3403536 10.95 0.12
2458493.3405272 10.94 0.12
2458493.3407008 11.04 0.14
2458493.3408744 11.13 0.15
2458493.3410480 10.82 0.11
2458493.3413952 10.95 0.13
2458493.3415688 11.07 0.14
2458493.3417424 11.02 0.13
2458493.3419161 10.82 0.11
2458493.3420897 10.95 0.13
2458493.3422633 11.08 0.14
2458493.3424369 11.10 0.14
2458493.3426105 10.99 0.13
2458493.3427841 10.91 0.12
2458493.3429577 10.95 0.13
2458493.3433049 10.99 0.13
2458493.3434786 10.96 0.13
2458493.3436522 11.04 0.14
2458493.3438258 10.86 0.11
2458493.3441730 11.04 0.14
2458493.3445202 11.10 0.14
2458493.3446938 10.93 0.13
2458493.3448674 10.81 0.11
2458493.3450410 10.80 0.11
2458493.3452147 11.03 0.14
2458493.3453883 11.09 0.14
2458493.3455619 10.83 0.11
2458493.3457355 10.83 0.11
2458493.3460827 10.72 0.10
2458493.3462563 11.00 0.13
2458493.3464299 11.01 0.13
2458493.3466035 11.10 0.15
2458493.3467772 10.96 0.13
2458493.3469508 10.83 0.11
2458493.3474716 10.70 0.10
2458493.3476452 10.92 0.12
2458493.3478188 11.00 0.13
2458493.3479924 11.02 0.14
2458493.3481673 11.01 0.13
2458493.3483408 10.84 0.11
2458493.3485142 10.77 0.11
2458493.3486876 10.93 0.12
2458493.3488611 10.80 0.11
2458493.3490345 10.98 0.13
2458493.3492080 10.92 0.12
2458493.3493814 10.99 0.13
2458493.3495549 10.94 0.13
2458493.3497286 10.85 0.11
2458493.3499022 11.14 0.15
2458493.3500758 11.02 0.13
2458493.3502494 10.87 0.12
2458493.3504230 10.95 0.13
2458493.3505966 10.99 0.13
2458493.3507702 10.84 0.11
2458493.3509438 10.92 0.12
2458493.3511174 11.08 0.14
2458493.3512911 10.90 0.12
2458493.3514647 10.97 0.13
2458493.3516383 11.07 0.14
2458493.3518119 10.76 0.10
2458493.3519855 10.94 0.12
2458493.3521591 10.99 0.13
2458493.3523327 11.09 0.14
2458493.3525063 11.12 0.15
2458493.3526799 10.70 0.10
2458493.3528535 10.98 0.13
2458493.3530272 10.80 0.11
2458493.3532008 10.90 0.12
2458493.3533744 10.92 0.12
2458493.3535480 11.04 0.14
2458493.3537216 10.96 0.13
2458493.3538952 11.16 0.15
2458493.3540688 10.89 0.12
2458493.3542424 10.85 0.12
2458493.3544160 11.12 0.14
2458493.3545897 10.80 0.11
2458493.3547633 10.89 0.12
2458493.3549369 10.87 0.12
2458493.3551105 10.94 0.12
2458493.3552841 10.85 0.11
2458493.3554577 11.08 0.14
2458493.3558049 11.05 0.14
2458493.3559786 10.79 0.11
2458493.3561522 10.98 0.13
2458493.3566730 10.79 0.11
2458493.3568466 10.60 0.09
2458493.3570202 11.01 0.13
2458493.3571938 10.95 0.13
2458493.3577147 11.02 0.13
2458493.3580619 10.95 0.13
2458493.3582355 10.94 0.12
2458493.3584091 10.91 0.12
2458493.3585827 10.91 0.12
2458493.3587563 10.89 0.12
2458493.3589299 10.80 0.11
2458493.3592772 10.93 0.12
2458493.3594508 11.02 0.13
2458493.3596244 11.05 0.14
2458493.3597980 11.04 0.14
2458493.3601465 10.83 0.11
2458493.3603199 11.07 0.14
2458493.3604934 10.97 0.13
2458493.3608403 10.82 0.11
2458493.3610137 10.92 0.12
2458493.3611871 11.04 0.14
2458493.3613606 10.80 0.11
2458493.3617077 10.87 0.12
2458493.3618813 11.02 0.14
2458493.3622285 11.07 0.14
2458493.3624022 11.08 0.14
2458493.3625758 11.03 0.13
2458493.3627494 10.90 0.12
2458493.3629230 10.90 0.12
2458493.3630966 10.97 0.13
2458493.3632702 10.94 0.12
2458493.3636174 10.93 0.12
2458493.3637911 11.01 0.13
2458493.3639647 10.95 0.13
2458493.3641383 10.91 0.12
2458493.3643119 10.83 0.11
2458493.3644855 10.89 0.12
2458493.3648327 11.03 0.14
2458493.3650063 10.93 0.12
2458493.3653536 10.88 0.12
2458493.3655272 11.04 0.14
2458493.3658744 10.67 0.10
2458493.3660480 11.02 0.13
2458493.3662216 10.92 0.12
2458493.3669161 10.94 0.12
2458493.3670897 11.11 0.15
2458493.3672633 10.86 0.12
2458493.3674369 10.87 0.12
2458493.3676105 11.01 0.13
2458493.3681313 10.89 0.12
2458493.3683049 10.95 0.13
2458493.3684785 10.96 0.13
2458493.3686522 10.96 0.13
2458493.3688258 10.95 0.13
2458493.3689994 10.84 0.11
2458493.3691730 10.92 0.12
2458493.3693466 10.87 0.12
2458493.3695202 10.91 0.12
2458493.3696938 10.94 0.13
2458493.3698674 10.86 0.12
2458493.3700410 10.96 0.13
2458493.3702147 10.91 0.12
2458493.3703883 10.96 0.13
2458493.3705619 10.91 0.12
2458493.3707355 10.99 0.13
2458493.3709091 10.85 0.12
2458493.3710827 10.99 0.13
2458493.3712563 10.87 0.12
2458493.3717772 10.78 0.11
2458493.3719508 11.08 0.14
2458493.3721257 10.93 0.12
2458493.3722991 11.07 0.14
2458493.3726460 10.92 0.12
2458493.3728194 10.85 0.11
2458493.3729928 11.03 0.14
2458493.3733397 11.16 0.15
2458493.3738605 10.97 0.13
2458493.3742077 10.95 0.13
2458493.3743813 10.81 0.11
2458493.3745549 10.89 0.12
2458493.3747286 10.99 0.13
2458493.3749022 10.88 0.12
2458493.3752494 10.82 0.11
2458493.3755966 11.01 0.13
2458493.3757702 10.97 0.13
2458493.3759438 10.92 0.12
2458493.3761174 11.00 0.13
2458493.3762910 10.81 0.11
2458493.3768119 11.00 0.13
2458493.3769855 11.07 0.14
2458493.3771591 10.79 0.11
2458493.3773327 11.11 0.15
2458493.3775063 10.82 0.11
2458493.3776799 11.00 0.13
2458493.3778535 10.81 0.11
2458493.3780272 10.78 0.11
2458493.3782008 10.83 0.11
2458493.3783744 11.10 0.15
2458493.3785480 10.95 0.13
2458493.3787216 10.82 0.11
2458493.3788952 11.13 0.15
2458493.3790688 11.13 0.15
2458493.3792424 10.93 0.13
2458493.3794161 10.89 0.12
2458493.3797633 10.86 0.12
2458493.3799369 10.82 0.11
2458493.3801105 11.15 0.15
2458493.3802841 10.80 0.11
2458493.3804577 10.86 0.12
2458493.3806313 11.01 0.14
2458493.3813258 10.95 0.13
2458493.3814994 11.03 0.14
2458493.3816730 11.10 0.15
2458493.3818466 11.08 0.15
2458493.3820202 10.92 0.13
2458493.3825411 10.88 0.12
2458493.3827147 10.97 0.13
2458493.3828883 10.93 0.13
2458493.3830619 11.04 0.14
2458493.3832355 10.89 0.12
2458493.3834091 11.01 0.14
2458493.3835827 10.87 0.12
2458493.3839313 10.89 0.12
2458493.3841048 10.99 0.14
2458493.3842782 11.04 0.14
2458493.3846251 11.04 0.14
2458493.3847985 11.00 0.14
2458493.3849720 10.72 0.10
2458493.3851454 10.95 0.13
2458493.3853189 10.85 0.12
2458493.3854924 11.10 0.15
2458493.3860133 10.94 0.13
2458493.3861869 10.74 0.11
2458493.3863605 10.90 0.12
2458493.3865341 11.05 0.14
2458493.3867077 11.02 0.14
2458493.3868813 11.01 0.14
2458493.3870549 11.08 0.15
2458493.3872286 10.91 0.13
2458493.3874022 10.95 0.13
2458493.3875758 10.92 0.13
2458493.3877494 11.13 0.15
2458493.3879230 11.03 0.14
2458493.3880966 11.02 0.14
2458493.3882702 10.80 0.12
2458493.3884438 10.84 0.12
2458493.3886174 10.77 0.11
2458493.3889647 10.92 0.13
2458493.3891383 10.85 0.12
2458493.3893119 10.93 0.13
2458493.3896591 10.97 0.13
2458493.3898327 10.80 0.11
2458493.3900063 10.83 0.12
2458493.3901799 10.84 0.12
2458493.3903536 11.05 0.14
2458493.3905272 10.83 0.12
2458493.3907008 10.86 0.12
2458493.3908744 11.05 0.14
2458493.3910480 10.84 0.12
2458493.3913952 11.01 0.14
2458493.3915688 10.98 0.14
2458493.3917424 10.90 0.12
2458493.3919160 11.02 0.14
2458493.3920897 11.11 0.15
2458493.3922633 11.05 0.14
2458493.3924369 10.92 0.13
2458493.3926105 11.04 0.14
2458493.3927841 11.02 0.14
2458493.3929577 11.10 0.15
2458493.3931313 10.93 0.13
2458493.3933049 10.94 0.13
2458493.3934785 10.85 0.12
2458493.3936522 11.11 0.15
2458493.3938258 10.99 0.14
2458493.3941730 10.92 0.13
2458493.3943466 11.08 0.15
2458493.3945202 10.94 0.13
2458493.3946938 10.86 0.12
2458493.3948674 10.99 0.14
2458493.3950411 10.98 0.14
2458493.3952147 11.03 0.14
2458493.3953883 11.01 0.14
2458493.3959105 10.77 0.11
2458493.3964308 11.05 0.15
2458493.3966043 11.12 0.16
2458493.3967777 10.93 0.13
2458493.3971246 11.02 0.14
2458493.3972980 10.86 0.12
2458493.3974716 10.91 0.13
2458493.3976452 10.95 0.13
2458493.3978188 10.87 0.12
2458493.3979924 11.07 0.15
2458493.3981661 10.99 0.14
2458493.3983397 11.01 0.14
2458493.3985133 10.97 0.13
2458493.3986869 10.92 0.13
2458493.3990341 10.77 0.11
2458493.3992077 11.09 0.15
2458493.3993813 10.93 0.13
2458493.3995549 10.95 0.13
2458493.3997285 10.98 0.14
2458493.3999022 11.02 0.14
2458493.4000758 11.00 0.14
2458493.4002494 10.90 0.13
2458493.4004230 10.83 0.12
2458493.4005966 10.94 0.13
2458493.4007702 11.12 0.16
2458493.4009438 10.79 0.12
2458493.4011174 10.96 0.14
2458493.4016383 10.87 0.13
2458493.4018119 10.90 0.13
2458493.4021591 10.85 0.12
2458493.4025063 10.91 0.13
2458493.4033744 10.82 0.12
2458493.4038952 10.72 0.11
2458493.4042424 10.90 0.13
2458493.4045897 10.89 0.13
2458493.4049369 10.93 0.13
2458493.4051105 11.00 0.14
2458493.4052841 10.89 0.13
2458493.4054577 10.96 0.14
2458493.4056313 10.85 0.12
2458493.4058049 11.06 0.15
2458493.4059786 10.98 0.14
2458493.4061522 10.97 0.14
2458493.4063258 10.99 0.14
2458493.4064994 10.77 0.12
2458493.4066730 10.96 0.14
2458493.4070202 10.83 0.12
2458493.4071938 10.93 0.13
2458493.4073674 10.89 0.13
2458493.4075410 10.96 0.14
2458493.4078896 11.00 0.14
2458493.4080630 10.93 0.14
2458493.4082365 10.99 0.14
2458493.4089302 10.97 0.14
2458493.4103188 10.85 0.13
2458493.4104924 11.02 0.15
2458493.4110133 10.83 0.12
2458493.4111869 10.94 0.14
2458493.4115341 10.77 0.12
2458493.4120549 10.95 0.14
2458493.4124022 10.92 0.14
2458493.4125758 10.89 0.13
2458493.4129230 10.80 0.12
2458493.4130966 11.11 0.16
2458493.4134438 10.87 0.13
2458493.4141383 10.89 0.13
2458493.4143119 10.87 0.13
2458493.4146591 10.87 0.13
2458493.4153535 11.09 0.16
2458493.4155272 11.05 0.15
2458493.4158744 10.85 0.13
2458495.1762563 10.71 0.15
2458495.1764299 10.82 0.17
2458495.1766035 10.68 0.15
2458495.1785133 10.69 0.15
2458495.1795549 10.75 0.16
2458495.1863258 10.87 0.17
2458495.1906661 10.86 0.17
2458495.1922285 10.68 0.14
2458495.1936174 10.76 0.15
2458495.1943119 10.79 0.15
2458495.1944855 10.77 0.15
2458495.2022980 10.77 0.15
2458495.2026452 10.70 0.14
2458495.2045549 10.73 0.15
2458495.2049022 10.83 0.16
2458495.2059438 10.76 0.15
2458495.2095897 10.91 0.17
2458495.2108049 10.87 0.17
2458495.2139299 10.62 0.13
2458495.2295549 10.81 0.15
2458495.2305966 10.72 0.14
2458495.2328535 10.86 0.16
2458495.2332008 10.73 0.14
2458495.2338952 10.93 0.17
2458495.2347633 10.82 0.15
2458495.2366730 10.78 0.15
2458495.2375411 10.79 0.15
2458495.2425758 10.67 0.13
2458495.2439649 10.71 0.14
2458495.2552503 10.62 0.13
2458495.2554238 10.93 0.17
2458495.2568119 10.85 0.15
2458495.2578536 10.95 0.16
2458495.2592424 10.88 0.15
2458495.2594161 10.98 0.17
2458495.2599369 10.81 0.15
2458495.2616730 10.96 0.17
2458495.2620202 10.71 0.13
2458495.2623674 10.91 0.16
2458495.2641035 10.80 0.15
2458495.2644508 10.82 0.15
2458495.2698327 10.77 0.14
2458495.2720897 10.80 0.14
2458495.2726105 10.87 0.15
2458495.2736522 10.92 0.16
2458495.2745202 10.96 0.17
2458495.2750411 10.88 0.15
2458495.2752147 10.80 0.14
2458495.2762563 10.93 0.16
2458495.2764299 10.85 0.15
2458495.2772980 10.92 0.16
2458495.2776452 10.89 0.15
2458495.2793822 10.90 0.16
2458495.2795556 10.90 0.15
2458495.2802494 10.77 0.14
2458495.2833744 10.91 0.15
2458495.2891036 10.82 0.14
2458495.2901452 10.90 0.16
2458495.2930966 10.79 0.14
2458495.2943119 10.85 0.15
2458495.2948327 10.86 0.15
2458495.2951799 10.82 0.14
2458495.2957008 10.83 0.14
2458495.2974369 10.97 0.16
2458495.2991730 10.88 0.15
2458495.2993466 10.90 0.15
2458495.3000411 10.85 0.15
2458495.3005619 10.97 0.16
2458495.3009091 10.95 0.16
2458495.3021244 10.88 0.15
2458495.3036875 10.91 0.16
2458495.3050758 10.90 0.15
2458495.3083744 10.78 0.14
2458495.3090688 10.98 0.17
2458495.3092424 10.85 0.15
2458495.3108049 10.85 0.15
2458495.3114994 10.98 0.17
2458495.3137563 10.90 0.15
2458495.3151463 10.99 0.17
2458495.3153198 10.89 0.15
2458498.1661753 10.67 0.12
2458498.1663489 10.99 0.16
2458498.1666972 11.00 0.17
2458498.1673910 10.70 0.13
2458498.1679114 10.96 0.16
2458498.1684322 10.64 0.12
2458498.1686059 10.90 0.15
2458498.1687795 10.74 0.13
2458498.1691267 10.93 0.15
2458498.1693003 10.80 0.14
2458498.1698211 10.79 0.14
2458498.1705156 10.88 0.15
2458498.1713836 10.92 0.15
2458498.1719045 10.94 0.16
2458498.1734670 11.01 0.16
2458498.1739878 10.69 0.12
2458498.1752031 10.84 0.14
2458498.1753767 10.83 0.14
2458498.1767656 10.96 0.15
2458498.1771128 11.00 0.15
2458498.1790232 10.87 0.14
2458498.1791967 10.89 0.14
2458498.1793701 10.84 0.13
2458498.1800642 11.08 0.17
2458498.1802378 10.95 0.15
2458498.1814531 10.96 0.15
2458498.1816267 10.82 0.13
2458498.1823211 10.85 0.13
2458498.1824948 10.98 0.15
2458498.1828420 10.89 0.14
2458498.1830156 10.99 0.15
2458498.1833628 10.98 0.15
2458498.1835364 10.90 0.14
2458498.1838836 11.00 0.15
2458498.1842309 10.97 0.15
2458498.1847517 10.79 0.13
2458498.1850989 10.95 0.15
2458498.1868350 10.68 0.11
2458498.1882974 10.98 0.15
2458498.1890920 10.98 0.15
2458498.1894392 10.88 0.14
2458498.1897864 11.01 0.16
2458498.1901336 11.01 0.15
2458498.1904809 10.92 0.14
2458498.1906545 11.02 0.16
2458498.1913489 10.80 0.12
2458498.1923906 11.06 0.16
2458498.1929114 10.95 0.14
2458498.1930850 10.92 0.14
2458498.1932586 10.92 0.14
2458498.1936059 10.84 0.13
2458498.1939531 11.04 0.15
2458498.1941267 10.90 0.13
2458498.1946475 10.82 0.12
2458498.1948211 10.98 0.14
2458498.1949947 11.02 0.15
2458498.1951684 10.92 0.14
2458498.1953420 10.89 0.13
2458498.1955156 11.04 0.15
2458498.1956892 11.01 0.15
2458498.1958628 10.99 0.15
2458498.1960378 11.00 0.15
2458498.1962112 10.88 0.13
2458498.1963846 10.91 0.13
2458498.1970784 11.01 0.15
2458498.1972519 11.12 0.16
2458498.1975989 11.07 0.15
2458498.1979461 11.05 0.15
2458498.1981198 11.08 0.15
2458498.1988142 10.98 0.14
2458498.1991614 11.04 0.15
2458498.1993350 10.90 0.13
2458498.2002031 10.91 0.13
2458498.2003767 11.00 0.14
2458498.2008975 10.96 0.14
2458498.2012447 10.98 0.14
2458498.2017656 10.94 0.14
2458498.2026336 11.03 0.15
2458498.2028072 10.96 0.14
2458498.2033281 10.74 0.11
2458498.2036753 10.95 0.13
2458498.2038489 10.99 0.14
2458498.2041961 10.87 0.13
2458498.2043698 10.89 0.13
2458498.2047170 11.03 0.14
2458498.2048906 10.89 0.13
2458498.2052378 11.06 0.15
2458498.2057586 10.96 0.14
2458498.2059323 10.96 0.14
2458498.2061059 10.98 0.14
2458498.2062795 11.12 0.16
2458498.2068003 11.07 0.15
2458498.2071475 10.98 0.14
2458498.2073211 11.02 0.14
2458498.2074947 11.07 0.15
2458498.2076684 10.97 0.14
2458498.2078420 11.19 0.16
2458498.2085373 10.99 0.14
2458498.2095781 10.92 0.13
2458498.2097517 11.02 0.14
2458498.2099253 11.10 0.15
2458498.2111406 10.96 0.13
2458498.2113142 10.87 0.12
2458498.2114878 11.03 0.14
2458498.2116614 10.98 0.14
2458498.2118350 11.03 0.14
2458498.2120086 11.01 0.14
2458498.2121823 10.92 0.13
2458498.2125295 11.00 0.14
2458498.2127031 10.86 0.12
2458498.2130503 11.12 0.15
2458498.2132239 10.80 0.12
2458498.2133975 11.01 0.14
2458498.2135711 11.02 0.14
2458498.2137448 10.85 0.12
2458498.2139184 11.07 0.15
2458498.2140920 10.93 0.13
2458498.2144392 10.86 0.12
2458498.2153072 11.03 0.14
2458498.2154809 10.95 0.13
2458498.2156545 10.94 0.13
2458498.2158281 10.99 0.14
2458498.2161753 11.01 0.14
2458498.2163489 11.08 0.15
2458498.2168697 10.92 0.13
2458498.2172170 11.03 0.14
2458498.2173906 11.04 0.15
2458498.2177378 11.02 0.14
2458498.2179114 10.97 0.13
2458498.2180850 10.93 0.13
2458498.2182586 11.02 0.14
2458498.2187795 11.14 0.16
2458498.2189531 11.01 0.14
2458498.2196475 10.98 0.14
2458498.2198225 10.96 0.13
2458498.2199960 10.90 0.13
2458498.2201694 11.10 0.15
2458498.2205163 10.98 0.14
2458498.2206898 11.09 0.15
2458498.2210366 10.78 0.11
2458498.2212101 10.69 0.10
2458498.2213836 10.87 0.12
2458498.2217309 10.97 0.13
2458498.2220781 10.89 0.13
2458498.2222517 10.97 0.14
2458498.2224253 10.98 0.14
2458498.2231197 11.17 0.16
2458498.2232934 11.01 0.14
2458498.2234670 11.08 0.15
2458498.2236406 11.08 0.15
2458498.2239878 10.88 0.12
2458498.2241614 11.11 0.15
2458498.2246822 11.06 0.14
2458498.2250295 10.97 0.13
2458498.2252031 10.95 0.13
2458498.2253767 10.90 0.12
2458498.2255503 11.26 0.17
2458498.2257239 10.92 0.13
2458498.2258975 11.13 0.15
2458498.2260711 11.13 0.15
2458498.2262447 11.09 0.14
2458498.2264184 11.13 0.15
2458498.2265920 11.13 0.15
2458498.2267656 11.09 0.14
2458498.2269392 11.04 0.14
2458498.2271128 11.08 0.14
2458498.2272864 10.91 0.12
2458498.2274600 11.08 0.15
2458498.2276336 11.01 0.14
2458498.2281545 10.96 0.13
2458498.2285017 10.92 0.13
2458498.2293698 11.03 0.14
2458498.2295434 11.09 0.15
2458498.2297170 11.02 0.14
2458498.2298906 11.08 0.15
2458498.2300642 11.13 0.15
2458498.2302378 11.04 0.14
2458498.2307586 10.75 0.11
2458498.2309322 11.09 0.15
2458498.2312795 10.87 0.12
2458498.2321485 11.05 0.14
2458498.2324954 11.05 0.15
2458498.2330157 10.93 0.13
2458498.2335364 10.90 0.13
2458498.2338836 10.96 0.14
2458498.2340572 11.08 0.15
2458498.2342309 10.80 0.12
2458498.2345781 10.98 0.14
2458498.2349253 10.96 0.13
2458498.2350989 10.94 0.13
2458498.2352725 11.01 0.14
2458498.2356198 10.86 0.12
2458498.2359670 10.97 0.14
2458498.2361406 11.10 0.15
2458498.2366614 10.93 0.13
2458498.2368350 11.12 0.16
2458498.2377031 10.98 0.14
2458498.2382239 10.86 0.13
2458498.2385711 10.92 0.13
2458498.2387447 11.05 0.15
2458498.2389184 10.96 0.14
2458498.2390920 11.08 0.16
2458498.2392656 11.04 0.15
2458498.2394392 11.05 0.15
2458498.2399600 11.03 0.15
2458498.2406545 11.00 0.14
2458498.2410017 10.99 0.14
2458498.2411753 10.76 0.11
2458498.2416961 10.81 0.12
2458498.2418697 10.86 0.13
2458498.2420434 10.96 0.14
2458498.2422170 10.99 0.14
2458498.2423906 11.13 0.16
2458498.2425642 11.07 0.15
2458498.2430850 10.98 0.14
2458498.2432586 10.98 0.14
2458498.2436073 10.86 0.13
2458498.2437807 10.91 0.13
2458498.2439541 10.98 0.14
2458498.2441276 10.95 0.14
2458498.2443010 10.80 0.12
2458498.2444745 10.96 0.14
2458498.2446479 11.05 0.15
2458498.2448214 10.83 0.12
2458498.2449948 11.01 0.15
2458498.2455156 11.04 0.15
2458498.2456892 10.96 0.14
2458498.2460364 10.75 0.12
2458498.2462100 10.83 0.12
2458498.2469045 10.90 0.13
2458498.2470781 10.88 0.13
2458498.2474253 10.93 0.14
2458498.2481197 10.79 0.12
2458498.2482934 11.05 0.15
2458498.2484670 10.85 0.13
2458498.2486406 10.92 0.13
2458498.2491614 11.07 0.15
2458498.2496822 11.03 0.15
2458498.2498559 11.06 0.15
2458498.2500295 10.86 0.13
2458498.2512448 11.00 0.15
2458498.2514184 10.70 0.11
2458498.2517656 11.03 0.15
2458498.2521128 10.89 0.13
2458498.2522864 11.00 0.15
2458498.2524600 10.87 0.13
2458498.2526336 10.96 0.14
2458498.2528073 10.81 0.12
2458498.2529809 11.01 0.15
2458498.2531545 10.96 0.14
2458498.2533281 10.84 0.12
2458498.2541961 10.84 0.13
2458498.2543697 10.77 0.12
2458498.2550642 11.03 0.15
2458498.2552378 10.91 0.14
2458498.2554114 10.79 0.12
2458498.2559332 10.84 0.13
2458498.2561066 10.88 0.13
2458498.2569739 10.96 0.14
2458498.2573211 10.85 0.13
2458498.2581892 11.09 0.16
2458498.2583628 10.82 0.13
2458498.2590573 10.98 0.15
2458498.2594045 10.90 0.14
2458498.2609670 11.00 0.15
2458498.2611406 10.79 0.12
2458498.2616614 10.90 0.14
2458498.2623559 10.84 0.13
2458498.2627031 10.91 0.11
2458498.2630503 10.83 0.10
2458498.2632239 11.01 0.12
2458498.2633975 11.04 0.12
2458498.2635711 11.07 0.13
2458498.2637447 10.74 0.10
2458498.2639184 11.11 0.14
2458498.2640920 10.82 0.11
2458498.2642656 11.04 0.13
2458498.2644392 11.16 0.14
2458498.2646128 10.92 0.11
2458498.2647864 10.94 0.12
2458498.2649600 10.86 0.11
2458498.2651336 10.98 0.12
2458498.2653072 10.89 0.11
2458498.2654809 11.01 0.13
2458498.2656545 10.95 0.12
2458498.2658281 11.11 0.14
2458498.2660017 11.09 0.13
2458498.2661753 11.12 0.14
2458498.2663489 11.07 0.13
2458498.2665225 11.04 0.13
2458498.2666961 10.98 0.12
2458498.2668698 10.98 0.12
2458498.2672170 10.91 0.12
2458498.2677389 10.86 0.11
2458498.2680858 11.03 0.13
2458498.2682593 10.99 0.12
2458498.2684327 11.06 0.13
2458498.2686062 10.96 0.12
2458498.2687796 10.98 0.12
2458498.2689531 10.87 0.11
2458498.2691267 10.93 0.11
2458498.2694739 11.06 0.13
2458498.2696475 10.92 0.11
2458498.2698211 11.06 0.13
2458498.2699947 11.09 0.13
2458498.2701684 10.95 0.12
2458498.2706892 11.03 0.13
2458498.2708628 11.05 0.13
2458498.2710364 10.87 0.11
2458498.2712100 10.99 0.12
2458498.2713836 10.90 0.11
2458498.2715572 10.79 0.10
2458498.2717309 10.87 0.11
2458498.2719045 10.97 0.12
2458498.2720781 10.75 0.10
2458498.2722517 10.97 0.12
2458498.2724253 10.99 0.12
2458498.2725989 11.15 0.14
2458498.2727725 10.80 0.10
2458498.2729461 10.96 0.12
2458498.2731197 11.07 0.13
2458498.2734670 10.99 0.12
2458498.2736406 10.89 0.11
2458498.2738142 10.85 0.11
2458498.2739878 10.78 0.10
2458498.2741614 11.02 0.12
2458498.2743350 10.98 0.12
2458498.2745086 10.93 0.11
2458498.2746823 10.95 0.11
2458498.2748559 11.01 0.12
2458498.2750295 10.91 0.11
2458498.2752031 10.95 0.11
2458498.2753767 10.89 0.11
2458498.2755503 10.95 0.11
2458498.2757239 11.02 0.12
2458498.2758975 10.97 0.12
2458498.2760711 10.92 0.11
2458498.2762448 11.07 0.13
2458498.2764184 10.85 0.10
2458498.2765920 11.04 0.12
2458498.2769392 10.99 0.12
2458498.2771128 11.14 0.14
2458498.2774600 11.02 0.12
2458498.2776336 10.88 0.11
2458498.2778072 10.95 0.12
2458498.2779809 10.98 0.12
2458498.2781545 10.94 0.11
2458498.2783281 10.93 0.11
2458498.2785017 10.83 0.10
2458498.2786753 10.98 0.12
2458498.2788489 10.88 0.11
2458498.2790225 11.18 0.14
2458498.2791961 10.93 0.11
2458498.2793697 10.91 0.11
2458498.2795448 10.93 0.11
2458498.2798916 11.02 0.12
2458498.2802385 10.92 0.11
2458498.2804120 11.10 0.13
2458498.2805854 11.03 0.13
2458498.2807589 10.83 0.11
2458498.2809323 11.11 0.14
2458498.2811059 10.92 0.11
2458498.2812795 10.81 0.10
2458498.2814531 10.84 0.11
2458498.2816267 10.89 0.11
2458498.2818003 11.12 0.13
2458498.2821475 11.07 0.13
2458498.2823211 10.93 0.11
2458498.2824948 11.04 0.13
2458498.2826684 11.03 0.13
2458498.2828420 10.76 0.10
2458498.2831892 10.78 0.10
2458498.2833628 10.90 0.11
2458498.2835364 10.92 0.11
2458498.2837100 11.00 0.12
2458498.2838836 10.95 0.12
2458498.2840573 11.10 0.13
2458498.2842309 10.96 0.12
2458498.2844045 11.03 0.13
2458498.2845781 10.83 0.10
2458498.2847517 11.18 0.14
2458498.2849253 10.96 0.12
2458498.2850989 11.05 0.13
2458498.2852725 10.86 0.11
2458498.2854461 10.91 0.11
2458498.2856197 10.91 0.11
2458498.2857934 11.19 0.15
2458498.2859670 10.90 0.11
2458498.2861406 10.92 0.12
2458498.2863142 10.83 0.11
2458498.2864878 10.97 0.12
2458498.2866614 11.00 0.12
2458498.2868350 10.81 0.10
2458498.2870086 11.03 0.13
2458498.2871822 10.84 0.11
2458498.2873559 11.07 0.13
2458498.2875295 10.98 0.12
2458498.2877031 11.04 0.13
2458498.2880503 10.76 0.10
2458498.2882239 10.94 0.12
2458498.2883975 11.09 0.14
2458498.2887447 10.89 0.11
2458498.2889184 10.91 0.11
2458498.2890920 10.86 0.11
2458498.2892656 10.97 0.12
2458498.2894392 10.89 0.11
2458498.2896128 10.93 0.12
2458498.2897864 10.90 0.11
2458498.2899600 10.93 0.12
2458498.2901336 10.93 0.12
2458498.2903073 11.10 0.14
2458498.2904809 11.00 0.12
2458498.2906545 10.91 0.11
2458498.2908281 11.02 0.13
2458498.2910017 11.05 0.13
2458498.2911753 11.08 0.13
2458498.2913489 11.08 0.13
2458498.2915239 10.99 0.12
2458498.2916974 10.95 0.12
2458498.2918708 10.85 0.11
2458498.2920443 10.87 0.11
2458498.2922177 11.15 0.14
2458498.2923912 11.03 0.13
2458498.2925646 11.03 0.13
2458498.2927381 10.99 0.12
2458498.2929115 10.93 0.12
2458498.2930850 11.00 0.13
2458498.2932586 10.97 0.12
2458498.2934322 10.81 0.11
2458498.2936059 11.02 0.13
2458498.2939531 10.87 0.11
2458498.2941267 10.92 0.12
2458498.2943003 10.86 0.11
2458498.2944739 10.94 0.13
2458498.2949947 10.73 0.10
2458498.2951684 11.01 0.13
2458498.2953420 10.91 0.12
2458498.2955156 11.01 0.13
2458498.2956892 10.91 0.12
2458498.2958628 11.00 0.13
2458498.2963836 10.70 0.10
2458498.2965572 10.92 0.12
2458498.2967309 10.87 0.11
2458498.2969045 10.98 0.12
2458498.2970781 10.90 0.11
2458498.2972517 10.84 0.11
2458498.2975989 10.97 0.12
2458498.2977725 11.02 0.13
2458498.2981198 10.82 0.10
2458498.2982934 11.00 0.13
2458498.2984670 10.90 0.11
2458498.2988142 10.90 0.12
2458498.2989878 11.07 0.14
2458498.2991614 10.81 0.11
2458498.2995086 10.96 0.12
2458498.2996823 11.06 0.13
2458498.2998559 11.12 0.14
2458498.3000295 10.97 0.12
2458498.3002031 10.99 0.13
2458498.3003767 10.88 0.11
2458498.3005503 11.02 0.13
2458498.3007239 10.95 0.12
2458498.3010711 10.99 0.12
2458498.3012447 11.04 0.13
2458498.3014184 11.17 0.15
2458498.3015920 11.06 0.13
2458498.3017656 10.87 0.11
2458498.3019392 10.81 0.10
2458498.3021128 11.09 0.13
2458498.3022864 11.11 0.14
2458498.3024600 10.90 0.11
2458498.3028072 10.97 0.12
2458498.3031545 10.81 0.11
2458498.3035017 10.96 0.12
2458498.3036766 10.86 0.11
2458498.3038500 11.04 0.13
2458498.3040235 10.99 0.12
2458498.3041969 11.09 0.13
2458498.3043703 10.84 0.11
2458498.3045438 10.92 0.11
2458498.3047172 10.81 0.10
2458498.3048907 10.82 0.10
2458498.3050642 10.94 0.12
2458498.3052378 10.92 0.12
2458498.3054114 10.94 0.12
2458498.3055850 11.16 0.14
2458498.3057586 10.94 0.12
2458498.3059323 11.00 0.12
2458498.3061059 11.09 0.13
2458498.3062795 10.87 0.11
2458498.3064531 10.80 0.11
2458498.3066267 11.04 0.13
2458498.3068003 10.79 0.10
2458498.3069739 11.15 0.15
2458498.3071475 10.88 0.12
2458498.3073211 11.16 0.15
2458498.3074948 10.85 0.11
2458498.3076684 10.79 0.10
2458498.3078420 10.98 0.12
2458498.3080156 10.80 0.10
2458498.3081892 11.05 0.13
2458498.3085364 10.83 0.11
2458498.3087100 10.86 0.11
2458498.3088836 10.86 0.11
2458498.3090572 11.17 0.15
2458498.3092309 11.02 0.13
2458498.3094045 11.12 0.14
2458498.3095781 11.04 0.13
2458498.3099253 10.92 0.12
2458498.3100989 10.95 0.12
2458498.3102725 10.93 0.12
2458498.3104461 11.18 0.15
2458498.3106197 10.79 0.11
2458498.3107934 10.82 0.11
2458498.3111406 11.16 0.15
2458498.3113142 10.95 0.12
2458498.3114878 10.89 0.12
2458498.3116614 10.78 0.10
2458498.3118350 10.93 0.12
2458498.3120086 11.01 0.13
2458498.3121822 10.93 0.12
2458498.3123559 10.84 0.11
2458498.3125295 10.92 0.12
2458498.3127031 10.96 0.12
2458498.3128767 11.06 0.14
2458498.3130503 10.87 0.12
2458498.3132239 11.03 0.13
2458498.3133975 10.95 0.12
2458498.3135711 11.04 0.13
2458498.3137448 11.01 0.13
2458498.3139184 10.80 0.11
2458498.3140920 10.82 0.11
2458498.3142656 10.92 0.12
2458498.3147864 11.00 0.13
2458498.3151336 10.88 0.12
2458498.3153073 11.00 0.13
2458498.3154809 10.90 0.12
2458498.3158292 10.80 0.11
2458498.3161761 10.96 0.13
2458498.3163496 11.03 0.13
2458498.3166965 11.02 0.13
2458498.3170434 11.02 0.13
2458498.3173906 10.92 0.12
2458498.3177378 10.79 0.11
2458498.3180850 11.05 0.13
2458500.2347285 11.04 0.18
2458500.2357702 10.87 0.15
2458500.2368119 10.79 0.14
2458500.2373327 11.00 0.17
2458500.2378536 10.87 0.15
2458500.2382008 10.80 0.14
2458500.2388952 10.97 0.16
2458500.2395897 10.75 0.13
2458500.2409785 10.68 0.13
2458500.2416730 10.82 0.14
2458500.2430619 10.89 0.15
2458500.2435827 10.90 0.15
2458500.2439299 10.74 0.13
2458500.2441035 11.01 0.16
2458500.2487910 10.89 0.14
2458500.2503535 11.00 0.16
2458500.2508744 11.02 0.16
2458500.2519160 10.98 0.15
2458500.2520897 10.89 0.14
2458500.2527841 10.97 0.15
2458500.2536522 10.90 0.15
2458500.2538258 10.89 0.14
2458500.2543466 10.90 0.14
2458500.2545202 10.86 0.14
2458500.2548674 10.86 0.14
2458500.2552147 10.83 0.14
2458500.2555619 10.98 0.15
2458500.2559091 10.92 0.15
2458500.2562563 10.94 0.15
2458500.2564312 11.04 0.16
2458500.2574719 10.84 0.14
2458500.2579924 10.95 0.15
2458500.2586869 11.09 0.17
2458500.2588605 10.75 0.13
2458500.2604230 10.95 0.15
2458500.2618119 10.94 0.15
2458500.2619855 10.89 0.14
2458500.2621591 10.78 0.13
2458500.2630272 10.91 0.14
2458500.2656313 10.88 0.13
2458500.2659785 10.88 0.13
2458500.2663258 11.02 0.15
2458500.2670202 10.87 0.13
2458500.2678883 11.07 0.16
2458500.2684104 10.90 0.14
2458500.2685839 11.06 0.16
2458500.2687573 10.86 0.13
2458500.2689307 10.81 0.13
2458500.2691042 11.00 0.15
2458500.2692776 10.98 0.15
2458500.2694511 11.01 0.15
2458500.2696245 10.92 0.14
2458500.2697980 11.02 0.15
2458500.2699716 10.87 0.13
2458500.2703188 10.84 0.13
2458500.2704924 10.85 0.13
2458500.2708397 10.88 0.14
2458500.2710133 10.86 0.13
2458500.2711869 10.99 0.15
2458500.2715341 10.79 0.12
2458500.2718813 11.08 0.16
2458500.2725758 11.09 0.16
2458500.2727494 10.90 0.14
2458500.2729230 10.91 0.14
2458500.2730966 11.03 0.15
2458500.2732702 11.02 0.15
2458500.2736174 10.79 0.12
2458500.2739647 11.10 0.16
2458500.2741383 10.94 0.14
2458500.2744855 10.97 0.15
2458500.2750063 10.80 0.12
2458500.2751799 10.99 0.15
2458500.2753535 10.88 0.13
2458500.2755272 10.93 0.14
2458500.2760480 10.89 0.13
2458500.2763952 10.96 0.14
2458500.2765688 10.89 0.13
2458500.2767424 10.99 0.15
2458500.2769161 11.01 0.15
2458500.2770897 10.93 0.14
2458500.2772633 10.99 0.15
2458500.2774369 10.99 0.15
2458500.2776105 10.90 0.14
2458500.2783049 10.92 0.14
2458500.2788258 10.83 0.13
2458500.2789994 11.01 0.15
2458500.2796938 10.64 0.11
2458500.2800410 10.93 0.14
2458500.2803896 10.88 0.13
2458500.2807365 10.90 0.14
2458500.2812568 10.95 0.14
2458500.2814303 10.97 0.14
2458500.2819508 10.83 0.13
2458500.2821244 10.72 0.12
2458500.2822980 10.80 0.12
2458500.2824716 10.87 0.13
2458500.2828188 10.95 0.14
2458500.2833397 11.03 0.15
2458500.2845549 10.86 0.13
2458500.2850758 10.85 0.13
2458500.2854230 10.76 0.12
2458500.2859438 11.03 0.15
2458500.2861174 10.97 0.14
2458500.2866383 11.05 0.16
2458500.2873327 10.84 0.13
2458500.2880272 10.85 0.13
2458500.2882008 11.06 0.15
2458500.2883744 11.07 0.16
2458500.2887216 10.95 0.14
2458500.2890688 11.00 0.15
2458500.2894160 11.16 0.17
2458500.2895897 11.09 0.16
2458500.2897633 10.90 0.13
2458500.2902841 11.17 0.17
2458500.2906313 11.05 0.15
2458500.2908049 11.14 0.16
2458500.2911522 10.96 0.14
2458500.2913258 10.80 0.12
2458500.2914994 10.92 0.13
2458500.2916730 10.99 0.14
2458500.2918466 11.03 0.14
2458500.2920202 10.99 0.14
2458500.2921938 10.79 0.12
2458500.2927157 11.04 0.14
2458500.2930626 11.05 0.14
2458500.2932360 10.89 0.13
2458500.2934095 10.96 0.13