2458467.3689347 10.85 0.13
2458467.3692820 10.99 0.14
2458467.3698028 11.01 0.15
2458467.3699764 10.86 0.13
2458467.3713653 10.92 0.14
2458467.3718861 11.05 0.15
2458467.3729278 11.07 0.16
2458467.3736223 11.07 0.16
2458467.3739695 11.10 0.16
2458467.3741431 10.96 0.14
2458467.3743167 11.01 0.15
2458467.3746639 11.25 0.18
2458467.3758801 11.01 0.15
2458467.3760536 11.16 0.17
2458467.3777889 10.94 0.14
2458467.3779625 11.06 0.15
2458467.3781361 10.86 0.13
2458467.3793514 11.03 0.15
2458467.3796986 10.96 0.14
2458467.3800459 10.98 0.15
2458467.3802195 11.09 0.16
2458467.3803931 10.99 0.15
2458467.3809139 11.02 0.15
2458467.3810875 11.05 0.15
2458467.3814348 10.89 0.13
2458467.3816084 11.00 0.15
2458467.3819556 11.00 0.15
2458467.3828236 10.95 0.14
2458467.3836917 10.89 0.13
2458467.3842125 11.07 0.16
2458467.3849070 11.05 0.16
2458467.3857750 10.90 0.13
2458467.3864695 10.99 0.15
2458467.3868167 10.92 0.14
2458467.3882061 10.96 0.14
2458467.3887264 11.06 0.16
2458467.3944556 10.92 0.14
2458467.3948028 10.81 0.12
2458467.3961917 10.89 0.14
2458467.3967125 11.04 0.15
2458467.3968861 10.98 0.15
2458467.3982750 11.02 0.15
2458467.3998383 11.03 0.15
2458467.4001852 10.96 0.14
2458467.4012264 11.16 0.17
2458467.4029625 11.04 0.16
2458467.4031361 10.90 0.14
2458467.4033098 11.09 0.16
2458467.4034834 11.08 0.16
2458467.4040042 10.99 0.15
2458467.4041778 11.14 0.17
2458467.4043514 10.98 0.15
2458467.4045250 10.93 0.14
2458467.4046986 10.94 0.14
2458467.4048723 11.01 0.15
2458467.4074764 10.91 0.14
2458467.4083445 10.84 0.13
2458467.4090389 10.86 0.13
2458467.4102542 10.90 0.14
2458467.4114705 10.99 0.15
2458467.4116440 11.00 0.15
2458467.4139000 10.90 0.14
2458467.4144209 11.12 0.17
2458467.4145945 11.03 0.16
2458467.4152889 10.96 0.15
2458467.4154625 10.83 0.13
2458467.4185875 10.94 0.15
2458467.4196292 10.87 0.14
2458467.4206709 10.96 0.15
2458469.3667865 11.13 0.12
2458469.3670135 11.12 0.12
2458469.3671871 11.00 0.11
2458469.3673607 11.14 0.12
2458469.3675343 11.11 0.12
2458469.3677079 11.00 0.11
2458469.3678815 11.09 0.12
2458469.3680551 11.22 0.13
2458469.3682287 11.21 0.13
2458469.3684023 11.16 0.13
2458469.3685760 11.12 0.12
2458469.3687496 11.06 0.12
2458469.3689232 11.18 0.13
2458469.3690968 11.04 0.11
2458469.3692704 11.26 0.14
2458469.3694440 11.19 0.13
2458469.3696176 11.09 0.12
2458469.3697912 11.15 0.12
2458469.3699648 11.03 0.11
2458469.3701384 11.25 0.14
2458469.3703121 11.01 0.11
2458469.3706593 11.14 0.12
2458469.3708329 11.11 0.12
2458469.3710065 11.18 0.13
2458469.3711801 11.14 0.12
2458469.3713537 11.15 0.12
2458469.3715273 11.24 0.13
2458469.3717009 10.98 0.11
2458469.3718746 11.24 0.13
2458469.3720482 11.02 0.11
2458469.3722218 11.21 0.13
2458469.3723954 11.00 0.11
2458469.3725690 11.08 0.12
2458469.3727426 11.08 0.12
2458469.3729162 11.15 0.12
2458469.3730898 11.09 0.12
2458469.3732635 10.98 0.11
2458469.3734371 11.22 0.13
2458469.3736107 11.07 0.11
2458469.3737843 11.24 0.14
2458469.3741315 11.15 0.12
2458469.3743051 11.17 0.13
2458469.3744787 11.08 0.12
2458469.3746524 11.13 0.12
2458469.3748260 11.23 0.13
2458469.3749996 11.06 0.11
2458469.3751732 11.16 0.13
2458469.3753468 11.03 0.11
2458469.3755204 11.10 0.12
2458469.3756940 11.17 0.13
2458469.3760425 11.14 0.12
2458469.3763894 11.09 0.12
2458469.3765628 11.16 0.13
2458469.3767363 11.22 0.13
2458469.3769097 11.08 0.12
2458469.3770832 11.22 0.13
2458469.3772566 11.15 0.12
2458469.3774301 10.96 0.10
2458469.3776037 11.16 0.13
2458469.3777773 11.09 0.12
2458469.3779510 11.07 0.11
2458469.3781246 11.09 0.12
2458469.3782982 10.90 0.10
2458469.3784718 11.17 0.13
2458469.3786454 11.34 0.15
2458488.3066732 11.21 0.16
2458488.3092788 11.10 0.15
2458488.3113607 11.07 0.15
2458488.3146593 10.92 0.13
2458488.3162218 10.93 0.13
2458488.3181316 11.12 0.16
2458488.3184788 10.86 0.13
2458488.3188260 11.01 0.14
2458488.3195205 11.12 0.16
2458488.3202149 10.94 0.14
2458488.3209094 11.10 0.16
2458488.3236871 10.93 0.14
2458488.3238607 11.03 0.15
2458488.3243816 11.00 0.15
2458488.3250760 11.04 0.15
2458488.3254232 11.18 0.17
2458488.3262913 11.08 0.16
2458488.3264649 11.07 0.16
2458488.3266385 10.91 0.13
2458488.3269857 11.03 0.15
2458488.3271594 11.08 0.16
2458488.3280274 11.13 0.16
2458488.3292427 10.94 0.14
2458488.3301107 10.97 0.14
2458488.3334105 10.86 0.13
2458488.3351455 10.95 0.14
2458488.3367080 11.17 0.17
2458488.3368816 11.04 0.15
2458488.3377496 11.02 0.15
2458488.3380968 10.98 0.15
2458488.3384441 10.87 0.13
2458488.3389649 10.99 0.15
2458488.3391385 10.97 0.14
2458488.3394857 11.10 0.16
2458488.3401802 10.92 0.14
2458488.3405274 10.95 0.14
2458488.3410482 10.87 0.13
2458488.3417427 11.06 0.16
2458488.3419163 11.01 0.15
2458488.3422635 10.92 0.14
2458488.3427844 10.95 0.14
2458488.3431316 11.02 0.15
2458488.3434788 10.98 0.15
2458488.3438260 11.17 0.17
2458488.3439996 10.96 0.14
2458488.3443469 11.03 0.15
2458488.3446941 11.15 0.17
2458488.3452162 10.98 0.15
2458488.3459100 10.87 0.13
2458488.3466038 10.78 0.12
2458488.3472982 10.92 0.14
2458488.3476455 10.98 0.15
2458488.3483399 10.94 0.14
2458488.3485135 10.91 0.14
2458488.3490344 10.93 0.14
2458488.3493816 11.06 0.16
2458488.3499024 11.02 0.15
2458488.3500760 11.07 0.16
2458488.3502496 10.90 0.14
2458488.3507705 10.91 0.14
2458488.3511177 10.99 0.15
2458488.3512913 11.13 0.17
2458488.3519857 10.96 0.14
2458488.3526802 10.95 0.14
2458488.3532010 10.87 0.13
2458488.3537218 11.03 0.15
2458488.3547635 10.88 0.13
2458488.3568469 10.89 0.14
2458488.3580625 10.94 0.14
2458488.3587566 10.93 0.14
2458488.3589302 10.89 0.14
2458488.3591038 11.08 0.16
2458488.3601455 10.91 0.14
2458488.3611871 10.89 0.14
2458488.3620552 10.89 0.14
2458488.3624024 10.88 0.13
2458488.3625760 10.92 0.14
2458488.3627496 10.95 0.14
2458488.3629232 10.93 0.14
2458488.3639649 11.01 0.15
2458488.3646594 11.03 0.15
2458488.3657010 10.83 0.13
2458488.3660482 11.06 0.16
2458488.3663955 10.89 0.14
2458488.3667427 11.12 0.17
2458488.3669163 10.74 0.12
2458488.3670899 11.11 0.17
2458488.3674371 11.04 0.16
2458488.3677844 10.94 0.14
2458488.3683052 11.02 0.15
2458488.3686524 10.96 0.15
2458488.3688260 10.99 0.15
2458488.3690010 10.90 0.14
2458488.3698682 11.03 0.16
2458488.3700417 10.89 0.14
2458488.3702150 10.95 0.15
2458488.3712566 10.98 0.15
2458488.3714302 10.92 0.14
2458488.3716038 11.12 0.17
2458488.3721246 10.98 0.15
2458488.3729927 11.14 0.18
2458488.3740343 10.88 0.14
2458488.3742080 10.98 0.15
2458493.2521475 11.00 0.14
2458493.2523211 11.00 0.14
2458493.2524947 11.19 0.16
2458493.2528420 10.98 0.13
2458493.2533628 11.08 0.14
2458493.2538836 11.08 0.14
2458493.2542320 11.12 0.15
2458493.2544055 11.20 0.16
2458493.2545789 11.12 0.15
2458493.2547524 11.11 0.15
2458493.2549258 10.88 0.12
2458493.2552727 10.92 0.12
2458493.2559670 11.15 0.15
2458493.2563142 11.02 0.14
2458493.2568350 11.14 0.15
2458493.2571823 10.96 0.13
2458493.2575295 11.16 0.15
2458493.2580503 11.11 0.15
2458493.2582239 11.18 0.16
2458493.2583975 10.90 0.12
2458493.2585711 11.14 0.15
2458493.2596128 10.96 0.13
2458493.2599600 10.97 0.13
2458493.2608281 11.19 0.16
2458493.2613489 11.13 0.15
2458493.2615225 11.07 0.14
2458493.2616961 11.16 0.15
2458493.2620434 11.24 0.17
2458493.2622170 10.89 0.12
2458493.2625642 11.11 0.15
2458493.2627378 10.91 0.12
2458493.2629114 10.81 0.11
2458493.2630850 11.03 0.14
2458493.2634323 11.28 0.17
2458493.2636059 11.12 0.15
2458493.2641267 11.10 0.15
2458493.2643003 11.02 0.13
2458493.2644739 11.03 0.14
2458493.2646475 11.04 0.14
2458493.2651684 10.85 0.11
2458493.2653420 10.96 0.13
2458493.2655156 10.96 0.13
2458493.2656892 11.22 0.16
2458493.2658628 10.90 0.12
2458493.2660378 11.11 0.15
2458493.2663847 11.22 0.16
2458493.2665581 11.01 0.13
2458493.2669050 11.07 0.14
2458493.2670784 11.18 0.15
2458493.2675989 11.16 0.15
2458493.2681197 11.08 0.14
2458493.2684670 10.99 0.13
2458493.2688142 10.97 0.13
2458493.2691614 10.93 0.12
2458493.2695086 11.01 0.13
2458493.2698559 11.11 0.14
2458493.2705503 10.97 0.13
2458493.2714184 11.04 0.14
2458493.2719392 11.15 0.15
2458493.2721128 11.04 0.14
2458493.2722864 10.99 0.13
2458493.2726336 11.01 0.13
2458493.2729809 10.87 0.12
2458493.2741961 11.02 0.14
2458493.2745434 11.05 0.14
2458493.2750642 10.95 0.13
2458493.2752378 10.97 0.13
2458493.2754114 11.08 0.14
2458493.2761059 11.04 0.14
2458493.2762795 11.00 0.13
2458493.2764531 11.11 0.15
2458493.2769739 11.11 0.15
2458493.2773211 11.06 0.14
2458493.2774947 10.99 0.13
2458493.2780169 11.18 0.16
2458493.2781904 10.98 0.13
2458493.2783638 11.05 0.14
2458493.2785373 11.09 0.14
2458493.2787107 11.11 0.15
2458493.2790576 11.08 0.14
2458493.2792310 11.15 0.15
2458493.2794045 10.98 0.13
2458493.2795781 11.11 0.15
2458493.2797517 11.01 0.13
2458493.2799253 11.02 0.13
2458493.2800989 11.14 0.15
2458493.2802725 10.94 0.12
2458493.2804461 11.16 0.15
2458493.2806198 11.20 0.16
2458493.2807934 11.13 0.15
2458493.2809670 11.01 0.13
2458493.2811406 11.11 0.15
2458493.2813142 11.01 0.13
2458493.2814878 11.17 0.16
2458493.2818350 11.17 0.15
2458493.2820086 11.13 0.15
2458493.2825295 10.96 0.13
2458493.2827031 10.85 0.12
2458493.2835711 11.08 0.14
2458493.2839184 11.33 0.18
2458493.2840920 11.07 0.14
2458493.2842656 11.09 0.14
2458493.2844392 11.15 0.15
2458493.2846128 11.18 0.16
2458493.2847864 10.92 0.12
2458493.2849600 10.86 0.12
2458493.2851336 11.12 0.15
2458493.2853072 11.02 0.14
2458493.2854809 11.07 0.14
2458493.2856545 11.09 0.14
2458493.2865225 11.02 0.13
2458493.2868698 11.03 0.14
2458493.2872170 11.01 0.13
2458493.2875642 11.05 0.14
2458493.2880850 11.06 0.14
2458493.2884323 10.96 0.13
2458493.2886059 11.14 0.15
2458493.2887795 10.97 0.13
2458493.2891267 11.18 0.16
2458493.2894739 11.12 0.15
2458493.2899961 11.12 0.15
2458493.2901695 11.10 0.15
2458493.2903429 10.99 0.13
2458493.2905164 11.01 0.13
2458493.2906898 10.88 0.12
2458493.2915572 10.97 0.13
2458493.2917309 11.02 0.13
2458493.2920781 11.04 0.14
2458493.2924253 11.05 0.14
2458493.2925989 11.06 0.14
2458493.2929461 10.95 0.13
2458493.2931197 11.01 0.13
2458493.2932934 11.13 0.15
2458493.2934670 10.98 0.13
2458493.2936406 11.08 0.14
2458493.2938142 11.13 0.15
2458493.2941614 10.96 0.13
2458493.2943350 11.09 0.14
2458493.2945086 11.04 0.14
2458493.2948559 10.96 0.13
2458493.2952031 11.07 0.14
2458493.2953767 11.06 0.14
2458493.2955503 11.03 0.14
2458493.2957239 10.99 0.13
2458493.2958975 11.11 0.15
2458493.2962448 11.00 0.13
2458493.2964184 10.90 0.12
2458493.2965920 11.08 0.14
2458493.2967656 10.99 0.13
2458493.2969392 11.13 0.15
2458493.2971128 11.21 0.16
2458493.2972864 10.89 0.12
2458493.2976336 10.98 0.13
2458493.2978072 11.09 0.14
2458493.2979809 11.12 0.15
2458493.2983281 11.12 0.15
2458493.2988489 10.90 0.12
2458493.2993697 11.14 0.15
2458493.3000642 11.21 0.16
2458493.3002378 11.06 0.14
2458493.3018931 11.13 0.15
2458493.3021591 11.12 0.15
2458493.3023327 10.98 0.13
2458493.3026799 11.26 0.17
2458493.3030272 10.93 0.13
2458493.3032008 11.06 0.14
2458493.3033744 10.85 0.12
2458493.3035480 11.19 0.16
2458493.3040688 11.22 0.16
2458493.3042424 10.89 0.12
2458493.3044161 11.18 0.15
2458493.3049369 11.22 0.16
2458493.3051105 11.09 0.14
2458493.3052841 11.04 0.14
2458493.3056313 11.14 0.15
2458493.3059785 10.96 0.13
2458493.3061522 11.08 0.14
2458493.3063258 11.15 0.15
2458493.3068466 11.11 0.14
2458493.3075410 10.98 0.13
2458493.3077147 11.07 0.14
2458493.3082355 11.06 0.14
2458493.3084091 11.06 0.14
2458493.3085827 11.15 0.15
2458493.3089299 11.10 0.14
2458493.3091036 11.08 0.14
2458493.3092772 11.01 0.13
2458493.3094508 10.95 0.13
2458493.3096244 11.04 0.14
2458493.3097980 10.98 0.13
2458493.3099716 10.90 0.12
2458493.3104924 11.09 0.14
2458493.3106661 11.02 0.13
2458493.3108397 11.10 0.14
2458493.3111869 11.13 0.15
2458493.3117077 10.89 0.12
2458493.3118813 10.95 0.13
2458493.3120549 10.99 0.13
2458493.3122298 11.20 0.16
2458493.3124033 11.00 0.13
2458493.3127502 11.10 0.14
2458493.3130971 11.02 0.13
2458493.3132705 10.97 0.13
2458493.3134439 11.10 0.14
2458493.3136174 11.07 0.14
2458493.3139647 11.04 0.14
2458493.3143119 10.98 0.13
2458493.3144855 11.04 0.13
2458493.3148327 11.10 0.14
2458493.3151799 11.04 0.13
2458493.3155272 10.93 0.12
2458493.3157008 11.08 0.14
2458493.3158744 11.03 0.13
2458493.3162216 10.95 0.12
2458493.3165688 11.12 0.14
2458493.3167424 11.05 0.14
2458493.3169161 11.04 0.13
2458493.3170897 10.95 0.12
2458493.3177841 10.91 0.12
2458493.3181313 11.02 0.13
2458493.3183049 10.90 0.12
2458493.3186522 11.18 0.15
2458493.3188258 11.24 0.16
2458493.3189994 11.06 0.14
2458493.3191730 11.04 0.13
2458493.3193466 11.09 0.14
2458493.3195202 11.15 0.15
2458493.3196938 11.11 0.14
2458493.3198674 11.03 0.13
2458493.3200411 11.15 0.15
2458493.3202147 11.02 0.13
2458493.3203883 10.95 0.12
2458493.3205619 11.18 0.15
2458493.3207355 11.07 0.14
2458493.3210827 11.20 0.16
2458493.3212563 11.13 0.15
2458493.3214299 10.99 0.13
2458493.3216035 10.98 0.13
2458493.3217772 11.12 0.14
2458493.3219508 11.10 0.14
2458493.3222980 11.03 0.13
2458493.3228188 11.08 0.14
2458493.3229924 11.18 0.15
2458493.3231662 10.93 0.12
2458493.3235133 10.87 0.12
2458493.3238605 11.05 0.13
2458493.3243824 10.97 0.12
2458493.3245559 11.26 0.16
2458493.3247293 11.00 0.13
2458493.3249028 10.96 0.12
2458493.3250762 11.04 0.13
2458493.3252497 10.97 0.13
2458493.3254231 10.94 0.12
2458493.3255966 11.01 0.13
2458493.3257702 11.18 0.15
2458493.3259438 10.99 0.13
2458493.3261174 11.14 0.15
2458493.3262911 11.12 0.14
2458493.3266383 11.00 0.13
2458493.3268119 11.14 0.14
2458493.3275063 11.07 0.14
2458493.3276799 11.09 0.14
2458493.3283744 10.92 0.12
2458493.3285480 11.10 0.14
2458493.3287216 11.09 0.14
2458493.3288952 11.06 0.13
2458493.3290688 10.78 0.10
2458493.3292430 10.98 0.13
2458493.3294160 11.12 0.14
2458493.3301105 11.03 0.13
2458493.3302841 10.97 0.12
2458493.3304577 11.08 0.14
2458493.3308049 10.86 0.11
2458493.3309785 11.04 0.13
2458493.3311522 11.03 0.13
2458493.3314994 11.12 0.14
2458493.3318466 10.97 0.12
2458493.3321938 11.04 0.13
2458493.3323674 10.99 0.13
2458493.3325411 10.91 0.12
2458493.3328883 11.13 0.15
2458493.3330619 11.13 0.14
2458493.3334091 11.09 0.14
2458493.3337563 11.18 0.15
2458493.3339299 10.85 0.11
2458493.3341036 10.86 0.11
2458493.3342772 10.99 0.13
2458493.3346244 11.14 0.15
2458493.3349716 11.12 0.14
2458493.3351452 10.98 0.13
2458493.3353188 10.92 0.12
2458493.3354924 11.06 0.14
2458493.3358397 11.10 0.14
2458493.3365351 10.98 0.13
2458493.3367085 11.19 0.15
2458493.3370554 10.95 0.12
2458493.3372288 10.98 0.13
2458493.3375758 11.00 0.13
2458493.3379230 10.99 0.13
2458493.3380966 10.98 0.13
2458493.3382702 11.13 0.15
2458493.3384438 11.14 0.15
2458493.3386174 10.92 0.12
2458493.3387910 11.12 0.15
2458493.3389647 11.05 0.14
2458493.3391383 11.16 0.15
2458493.3393119 11.18 0.15
2458493.3398327 11.22 0.16
2458493.3405272 10.98 0.13
2458493.3407008 10.87 0.12
2458493.3408744 11.25 0.16
2458493.3410480 10.89 0.12
2458493.3412216 10.89 0.12
2458493.3413952 11.00 0.13
2458493.3417424 10.98 0.13
2458493.3419161 11.21 0.16
2458493.3420897 11.18 0.15
2458493.3422633 11.00 0.13
2458493.3426105 11.11 0.15
2458493.3427841 10.88 0.12
2458493.3431313 11.12 0.14
2458493.3433049 11.04 0.14
2458493.3434786 11.10 0.14
2458493.3438258 11.00 0.13
2458493.3441730 11.17 0.15
2458493.3443466 11.18 0.15
2458493.3445202 11.00 0.13
2458493.3446938 11.04 0.13
2458493.3448674 11.01 0.13
2458493.3452147 11.11 0.15
2458493.3453883 11.13 0.15
2458493.3455619 11.11 0.14
2458493.3462563 11.03 0.13
2458493.3464299 10.93 0.12
2458493.3466035 11.13 0.15
2458493.3467772 11.04 0.13
2458493.3472980 10.88 0.12
2458493.3478188 10.97 0.13
2458493.3479924 10.87 0.12
2458493.3483408 11.10 0.15
2458493.3485142 11.14 0.15
2458493.3486876 11.06 0.14
2458493.3488611 10.96 0.13
2458493.3490345 11.07 0.14
2458493.3497286 11.16 0.15
2458493.3499022 10.89 0.12
2458493.3502494 10.93 0.12
2458493.3504230 11.17 0.15
2458493.3505966 10.85 0.12
2458493.3507702 10.94 0.12
2458493.3511174 11.02 0.13
2458493.3516383 10.89 0.12
2458493.3518119 11.17 0.15
2458493.3519855 11.02 0.13
2458493.3521591 10.96 0.13
2458493.3523327 11.20 0.16
2458493.3525063 11.14 0.15
2458493.3526799 11.01 0.13
2458493.3530272 10.98 0.13
2458493.3533744 11.04 0.13
2458493.3535480 11.03 0.13
2458493.3537216 11.04 0.13
2458493.3540688 11.14 0.15
2458493.3542424 11.05 0.14
2458493.3545897 11.08 0.14
2458493.3552841 11.00 0.13
2458493.3556313 10.96 0.13
2458493.3558049 10.92 0.12
2458493.3563258 11.16 0.15
2458493.3564994 10.93 0.12
2458493.3568466 11.03 0.13
2458493.3573674 11.02 0.13
2458493.3575411 11.02 0.13
2458493.3580619 11.00 0.13
2458493.3582355 11.00 0.13
2458493.3584091 10.93 0.12
2458493.3585827 11.08 0.14
2458493.3587563 11.18 0.15
2458493.3589299 11.05 0.14
2458493.3591036 11.02 0.13
2458493.3596244 11.05 0.14
2458493.3601465 11.11 0.14
2458493.3603199 10.92 0.12
2458493.3606668 11.07 0.14
2458493.3608403 10.99 0.13
2458493.3610137 11.06 0.14
2458493.3611871 10.96 0.13
2458493.3615341 11.02 0.13
2458493.3618813 11.20 0.16
2458493.3625758 11.16 0.15
2458493.3627494 11.13 0.15
2458493.3629230 10.91 0.12
2458493.3630966 11.02 0.13
2458493.3632702 11.00 0.13
2458493.3634438 11.14 0.15
2458493.3636174 11.04 0.14
2458493.3637911 11.13 0.15
2458493.3641383 11.17 0.15
2458493.3644855 11.07 0.14
2458493.3646591 11.04 0.14
2458493.3650063 11.06 0.14
2458493.3651799 10.98 0.13
2458493.3653536 10.95 0.13
2458493.3655272 11.12 0.15
2458493.3657008 10.83 0.11
2458493.3658744 11.12 0.14
2458493.3660480 11.20 0.16
2458493.3662216 11.00 0.13
2458493.3663952 11.00 0.13
2458493.3665688 11.09 0.14
2458493.3667424 10.90 0.12
2458493.3669161 10.79 0.11
2458493.3672633 11.18 0.15
2458493.3674369 11.22 0.16
2458493.3676105 11.07 0.14
2458493.3679577 10.90 0.12
2458493.3681313 11.26 0.17
2458493.3684785 11.24 0.16
2458493.3686522 10.91 0.12
2458493.3688258 11.09 0.14
2458493.3689994 10.97 0.13
2458493.3691730 11.29 0.17
2458493.3693466 11.13 0.15
2458493.3695202 11.16 0.15
2458493.3696938 11.08 0.14
2458493.3698674 11.01 0.13
2458493.3700410 11.11 0.15
2458493.3703883 11.13 0.15
2458493.3705619 11.05 0.14
2458493.3707355 11.13 0.15
2458493.3709091 11.22 0.16
2458493.3710827 11.06 0.14
2458493.3712563 11.07 0.14
2458493.3716036 11.05 0.14
2458493.3717772 11.11 0.14
2458493.3719508 11.06 0.14
2458493.3724725 10.96 0.13
2458493.3728194 11.02 0.13
2458493.3729928 10.97 0.13
2458493.3731663 10.95 0.13
2458493.3733397 11.08 0.14
2458493.3736869 11.07 0.14
2458493.3742077 10.98 0.13
2458493.3743813 11.08 0.14
2458493.3745549 10.97 0.13
2458493.3747286 11.02 0.13
2458493.3749022 11.08 0.14
2458493.3750758 11.10 0.14
2458493.3752494 11.17 0.15
2458493.3754230 11.06 0.14
2458493.3755966 11.13 0.15
2458493.3757702 11.19 0.16
2458493.3759438 11.10 0.14
2458493.3762910 11.01 0.13
2458493.3764647 11.19 0.16
2458493.3766383 11.09 0.14
2458493.3769855 11.06 0.14
2458493.3773327 10.96 0.13
2458493.3776799 11.02 0.14
2458493.3780272 11.05 0.14
2458493.3783744 11.03 0.14
2458493.3787216 11.10 0.15
2458493.3792424 10.96 0.13
2458493.3795897 10.90 0.12
2458493.3797633 10.91 0.12
2458493.3806313 10.78 0.11
2458493.3808049 11.00 0.14
2458493.3811522 11.07 0.14
2458493.3818466 10.92 0.13
2458493.3820202 11.10 0.15
2458493.3821938 10.91 0.13
2458493.3823674 11.09 0.15
2458493.3825411 10.92 0.13
2458493.3827147 11.05 0.14
2458493.3830619 11.17 0.16
2458493.3832355 10.99 0.13
2458493.3835827 11.07 0.14
2458493.3839313 11.02 0.14
2458493.3841048 11.11 0.15
2458493.3847985 10.82 0.12
2458493.3851454 11.02 0.14
2458493.3854924 11.02 0.14
2458493.3860133 11.08 0.15
2458493.3861869 11.03 0.14
2458493.3863605 11.06 0.14
2458493.3865341 11.11 0.15
2458493.3867077 11.01 0.14
2458493.3868813 10.99 0.13
2458493.3874022 11.12 0.15
2458493.3875758 11.07 0.14
2458493.3877494 11.08 0.15
2458493.3879230 11.18 0.16
2458493.3880966 10.90 0.12
2458493.3882702 10.98 0.13
2458493.3886174 10.94 0.13
2458493.3887911 11.03 0.14
2458493.3889647 11.12 0.15
2458493.3891383 11.04 0.14
2458493.3894855 11.07 0.14
2458493.3896591 10.92 0.13
2458493.3900063 10.96 0.13
2458493.3905272 10.88 0.12
2458493.3907008 11.03 0.14
2458493.3912216 10.94 0.13
2458493.3913952 11.08 0.15
2458493.3915688 10.89 0.12
2458493.3917424 10.81 0.11
2458493.3919160 10.69 0.10
2458493.3920897 10.84 0.12
2458493.3922633 10.72 0.11
2458493.3924369 10.98 0.14
2458493.3926105 11.05 0.14
2458493.3927841 11.10 0.15
2458493.3929577 11.04 0.14
2458493.3931313 10.96 0.13
2458493.3933049 10.91 0.13
2458493.3934785 11.12 0.15
2458493.3936522 10.94 0.13
2458493.3938258 10.87 0.12
2458493.3939994 11.02 0.14
2458493.3945202 10.88 0.12
2458493.3948674 11.04 0.14
2458493.3950411 11.04 0.14
2458493.3955619 11.13 0.15
2458493.3957355 10.94 0.13
2458493.3960839 11.09 0.15
2458493.3966043 11.00 0.14
2458493.3967777 11.10 0.15
2458493.3969511 10.87 0.12
2458493.3971246 11.04 0.14
2458493.3972980 11.05 0.14
2458493.3974716 10.81 0.12
2458493.3981661 10.91 0.13
2458493.3985133 11.13 0.16
2458493.3986869 11.14 0.16
2458493.3995549 10.90 0.13
2458493.3997285 10.95 0.13
2458493.3999022 10.89 0.13
2458493.4004230 10.89 0.13
2458493.4005966 10.84 0.12
2458493.4009438 10.79 0.12
2458493.4012910 11.14 0.16
2458493.4016383 11.11 0.15
2458493.4018119 10.81 0.12
2458493.4019855 10.93 0.13
2458493.4021591 10.78 0.12
2458493.4025063 10.91 0.13
2458493.4028536 11.06 0.15
2458493.4030272 10.67 0.10
2458493.4033744 10.95 0.13
2458493.4040688 11.04 0.15
2458493.4042424 11.08 0.15
2458493.4044161 10.96 0.14
2458493.4045897 11.04 0.15
2458493.4049369 11.01 0.14
2458493.4052841 10.97 0.14
2458493.4061522 10.78 0.12
2458493.4064994 10.92 0.13
2458493.4066730 10.87 0.13
2458493.4068466 10.90 0.13
2458493.4070202 10.95 0.13
2458493.4073674 11.05 0.15
2458493.4075410 10.94 0.14
2458493.4082365 11.00 0.14
2458493.4084099 10.82 0.12
2458493.4089302 11.00 0.14
2458493.4091037 10.96 0.14
2458493.4094508 10.97 0.14
2458493.4096244 11.07 0.15
2458493.4101452 10.96 0.14
2458493.4104924 10.97 0.14
2458493.4106661 10.90 0.13
2458493.4108397 10.90 0.13
2458493.4120549 11.05 0.15
2458493.4124022 10.97 0.14
2458493.4125758 10.89 0.13
2458493.4127494 10.97 0.14
2458493.4130966 11.08 0.16
2458493.4132702 11.01 0.15
2458493.4134438 10.95 0.14
2458493.4136174 11.11 0.16
2458493.4137911 10.83 0.12
2458493.4139647 10.84 0.13
2458493.4144855 11.03 0.15
2458493.4146591 10.96 0.14
2458493.4148327 10.96 0.14
2458493.4150063 11.06 0.15
2458493.4151799 11.09 0.16
2458493.4153535 10.90 0.13
2458493.4155272 10.89 0.13
2458493.4157008 10.78 0.12
2458493.4158744 10.96 0.14
2458495.1613258 10.75 0.17
2458495.1766035 10.70 0.15
2458495.1854577 10.72 0.15
2458495.1861522 10.61 0.14
2458495.1924022 10.77 0.15
2458495.1930966 10.59 0.13
2458495.1962216 10.76 0.15
2458495.2342424 10.92 0.17
2458495.2354577 10.86 0.16
2458495.2467424 10.83 0.15
2458495.2517772 10.83 0.15
2458495.2522980 10.83 0.15
2458495.2528188 10.91 0.16
2458495.2582008 10.84 0.15
2458495.2585480 10.80 0.14
2458495.2616730 10.92 0.16
2458495.2620202 10.88 0.15
2458495.2623674 11.01 0.17
2458495.2668826 10.93 0.16
2458495.2686174 10.96 0.16
2458495.2701799 10.88 0.15
2458495.2717424 10.96 0.16
2458495.2755619 10.88 0.15
2458495.2809438 10.91 0.15
2458495.2811174 10.97 0.16
2458495.2818119 10.95 0.16
2458495.2828536 10.96 0.16
2458495.2832008 10.89 0.15
2458495.2840688 10.95 0.16
2458495.2858049 10.91 0.15
2458495.2877147 11.07 0.18
2458495.2882355 10.90 0.15
2458495.2951799 10.70 0.13
2458495.2983049 10.94 0.16
2458495.3022980 10.87 0.15
2458495.3031671 10.83 0.14
2458495.3033406 10.90 0.15
2458495.3035140 10.96 0.16
2458495.3042078 10.97 0.16
2458495.3059438 10.93 0.16
2458495.3128883 10.97 0.16
2458495.3132355 10.84 0.14
2458495.3147980 10.68 0.13
2458498.1660017 10.95 0.16
2458498.1668707 10.87 0.15
2458498.1672176 11.02 0.17
2458498.1767656 11.00 0.15
2458498.1811059 10.97 0.15
2458498.1812795 11.04 0.16
2458498.1826684 11.02 0.16
2458498.1835364 10.83 0.13
2458498.1852725 10.95 0.15
2458498.1857934 10.96 0.15
2458498.1864878 11.11 0.17
2458498.1868350 10.81 0.13
2458498.1870086 11.03 0.15
2458498.1890920 10.86 0.13
2458498.1892656 11.01 0.15
2458498.1897864 11.04 0.16
2458498.1901336 11.06 0.16
2458498.1911753 10.98 0.15
2458498.1913489 10.99 0.15
2458498.1916961 10.91 0.14
2458498.1922170 10.85 0.13
2458498.1946475 10.97 0.14
2458498.1949947 11.09 0.16
2458498.1953420 10.98 0.14
2458498.1962112 11.02 0.15
2458498.1984670 10.93 0.13
2458498.1988142 11.01 0.14
2458498.1989878 11.13 0.16
2458498.1995086 11.15 0.16
2458498.1996822 11.06 0.15
2458498.2002031 11.00 0.14
2458498.2015920 11.18 0.17
2458498.2017656 11.10 0.16
2458498.2031545 11.11 0.16
2458498.2033281 11.04 0.15
2458498.2038489 11.01 0.14
2458498.2041961 11.06 0.15
2458498.2045434 11.17 0.16
2458498.2047170 10.92 0.13
2458498.2054114 11.16 0.16
2458498.2055850 11.21 0.17
2458498.2068003 10.98 0.14
2458498.2069739 10.93 0.13
2458498.2071475 11.16 0.16
2458498.2073211 11.09 0.15
2458498.2080169 10.99 0.14
2458498.2083638 11.08 0.15
2458498.2085373 11.08 0.15
2458498.2088841 10.87 0.12
2458498.2092310 11.05 0.14
2458498.2095781 11.03 0.14
2458498.2097517 11.20 0.17
2458498.2111406 10.89 0.12
2458498.2114878 11.01 0.14
2458498.2116614 10.93 0.13
2458498.2118350 11.03 0.14
2458498.2121823 11.07 0.15
2458498.2123559 10.99 0.14
2458498.2127031 11.14 0.16
2458498.2130503 11.06 0.15
2458498.2132239 11.02 0.14
2458498.2137448 11.12 0.15
2458498.2140920 10.94 0.13
2458498.2142656 11.15 0.16
2458498.2149600 11.11 0.15
2458498.2156545 11.10 0.15
2458498.2158281 11.07 0.15
2458498.2161753 11.02 0.14
2458498.2163489 11.08 0.15
2458498.2166961 11.11 0.15
2458498.2170434 10.95 0.13
2458498.2175642 11.02 0.14
2458498.2177378 11.03 0.14
2458498.2187795 11.00 0.14
2458498.2194739 10.94 0.13
2458498.2196475 11.08 0.15
2458498.2201694 10.98 0.13
2458498.2203429 11.12 0.15
2458498.2208632 11.02 0.14
2458498.2212101 10.79 0.12
2458498.2217309 11.04 0.14
2458498.2220781 11.01 0.14
2458498.2224253 11.01 0.15
2458498.2227725 11.10 0.15
2458498.2231197 10.93 0.13
2458498.2232934 11.02 0.14
2458498.2236406 11.12 0.15
2458498.2239878 11.16 0.15
2458498.2241614 10.96 0.13
2458498.2245086 10.90 0.12
2458498.2246822 11.15 0.15
2458498.2253767 11.01 0.13
2458498.2262447 10.98 0.13
2458498.2264184 10.98 0.13
2458498.2269392 11.01 0.14
2458498.2271128 11.00 0.13
2458498.2276336 11.08 0.15
2458498.2278073 11.02 0.14
2458498.2279809 10.94 0.13
2458498.2281545 11.01 0.14
2458498.2283281 11.03 0.14
2458498.2285017 11.08 0.15
2458498.2291961 11.21 0.16
2458498.2295434 11.11 0.15
2458498.2298906 11.08 0.14
2458498.2300642 11.01 0.14
2458498.2304114 11.15 0.16
2458498.2307586 11.03 0.14
2458498.2311059 10.99 0.13
2458498.2314531 11.18 0.16
2458498.2318016 11.00 0.14
2458498.2319750 11.18 0.16
2458498.2323219 11.07 0.14
2458498.2324954 11.02 0.14
2458498.2328422 11.05 0.14
2458498.2330157 11.15 0.16
2458498.2331892 11.15 0.16
2458498.2333628 11.11 0.15
2458498.2337100 10.98 0.14
2458498.2340572 11.14 0.16
2458498.2345781 11.08 0.15
2458498.2347517 10.94 0.13
2458498.2349253 11.00 0.14
2458498.2357934 11.11 0.15
2458498.2359670 11.07 0.15
2458498.2361406 11.03 0.14
2458498.2363142 11.11 0.15
2458498.2368350 10.90 0.13
2458498.2370086 11.07 0.15
2458498.2375295 10.88 0.13
2458498.2387447 10.93 0.13
2458498.2392656 10.96 0.14
2458498.2397864 10.83 0.12
2458498.2408281 11.10 0.15
2458498.2415225 10.98 0.14
2458498.2425642 11.13 0.16
2458498.2436073 11.05 0.15
2458498.2441276 11.20 0.17
2458498.2446479 11.19 0.17
2458498.2453420 11.19 0.17
2458498.2463836 11.02 0.15
2458498.2470781 11.04 0.15
2458498.2472517 11.07 0.15
2458498.2475989 10.96 0.14
2458498.2477725 11.18 0.17
2458498.2479461 11.01 0.14
2458498.2515920 11.06 0.15
2458498.2533281 10.91 0.13
2458498.2535017 11.12 0.16
2458498.2574947 10.99 0.14
2458498.2592309 10.98 0.14
2458498.2597517 11.05 0.15
2458498.2599253 11.09 0.16
2458498.2600989 10.87 0.13
2458498.2607934 10.95 0.14
2458498.2627031 11.03 0.12
2458498.2628767 11.11 0.13
2458498.2632239 11.14 0.14
2458498.2633975 10.98 0.12
2458498.2635711 11.09 0.13
2458498.2637447 11.10 0.13
2458498.2640920 11.08 0.13
2458498.2642656 11.06 0.13
2458498.2644392 11.32 0.16
2458498.2651336 11.17 0.15
2458498.2653072 11.12 0.14
2458498.2654809 11.03 0.13
2458498.2656545 11.05 0.13
2458498.2658281 11.16 0.15
2458498.2660017 11.18 0.14
2458498.2661753 11.27 0.16
2458498.2665225 11.00 0.12
2458498.2666961 11.24 0.15
2458498.2668698 10.97 0.12
2458498.2670434 11.04 0.13
2458498.2673906 10.96 0.12
2458498.2680858 11.14 0.14
2458498.2682593 11.04 0.13
2458498.2684327 11.16 0.14
2458498.2689531 11.12 0.13
2458498.2693003 11.09 0.13
2458498.2694739 11.00 0.12
2458498.2696475 11.06 0.13
2458498.2699947 11.12 0.14
2458498.2701684 11.19 0.14
2458498.2703420 11.15 0.14
2458498.2705156 11.02 0.12
2458498.2708628 10.99 0.12
2458498.2710364 11.21 0.15
2458498.2712100 11.08 0.13
2458498.2715572 11.11 0.13
2458498.2717309 11.09 0.13
2458498.2720781 11.17 0.14
2458498.2722517 11.13 0.14
2458498.2724253 11.23 0.15
2458498.2725989 10.92 0.11
2458498.2731197 11.11 0.13
2458498.2732934 10.94 0.11
2458498.2738142 11.09 0.13
2458498.2739878 11.21 0.15
2458498.2741614 11.04 0.12
2458498.2743350 11.29 0.15
2458498.2745086 11.20 0.14
2458498.2746823 11.08 0.13
2458498.2750295 11.04 0.12
2458498.2753767 11.00 0.12
2458498.2755503 10.97 0.12
2458498.2757239 11.11 0.13
2458498.2760711 10.99 0.12
2458498.2764184 11.14 0.14
2458498.2765920 11.07 0.13
2458498.2767656 11.19 0.14
2458498.2772864 11.09 0.13
2458498.2774600 11.10 0.13
2458498.2778072 11.17 0.14
2458498.2779809 10.93 0.11
2458498.2781545 11.10 0.13
2458498.2783281 11.08 0.13
2458498.2785017 11.19 0.14
2458498.2786753 10.95 0.12
2458498.2791961 11.03 0.12
2458498.2793697 11.14 0.14
2458498.2798916 10.89 0.11
2458498.2800651 11.07 0.13
2458498.2804120 11.09 0.13
2458498.2805854 11.21 0.15
2458498.2807589 11.05 0.13
2458498.2809323 10.98 0.12
2458498.2811059 11.17 0.14
2458498.2812795 11.16 0.14
2458498.2814531 11.13 0.13
2458498.2816267 11.14 0.14
2458498.2818003 10.98 0.12
2458498.2819739 11.14 0.14
2458498.2821475 11.05 0.13
2458498.2823211 11.03 0.13
2458498.2826684 11.24 0.15
2458498.2828420 11.15 0.14
2458498.2830156 11.08 0.13
2458498.2831892 10.98 0.12
2458498.2833628 11.13 0.14
2458498.2835364 11.24 0.15
2458498.2837100 11.23 0.15
2458498.2838836 11.07 0.13
2458498.2840573 11.08 0.13
2458498.2842309 11.18 0.14
2458498.2844045 11.15 0.14
2458498.2845781 10.97 0.12
2458498.2847517 11.05 0.13
2458498.2849253 10.95 0.12
2458498.2850989 11.14 0.14
2458498.2852725 11.01 0.13
2458498.2854461 11.00 0.12
2458498.2856197 11.11 0.14
2458498.2857934 11.16 0.14
2458498.2861406 11.28 0.16
2458498.2863142 11.28 0.16
2458498.2866614 11.10 0.14
2458498.2868350 11.21 0.15
2458498.2870086 10.93 0.12
2458498.2871822 11.14 0.14
2458498.2873559 11.12 0.14
2458498.2875295 11.11 0.14
2458498.2877031 11.18 0.15
2458498.2878767 10.99 0.12
2458498.2880503 11.09 0.14
2458498.2883975 11.03 0.13
2458498.2885711 11.08 0.14
2458498.2887447 11.10 0.14
2458498.2892656 11.11 0.13
2458498.2899600 11.01 0.13
2458498.2903073 11.18 0.14
2458498.2911753 11.09 0.13
2458498.2922177 11.04 0.13
2458498.2923912 10.97 0.12
2458498.2925646 10.93 0.12
2458498.2927381 11.11 0.14
2458498.2930850 11.21 0.15
2458498.2932586 11.14 0.14
2458498.2934322 11.16 0.15
2458498.2936059 10.95 0.12
2458498.2937795 11.00 0.12
2458498.2939531 11.13 0.14
2458498.2941267 11.25 0.16
2458498.2943003 11.14 0.15
2458498.2946475 11.03 0.14
2458498.2951684 10.93 0.12
2458498.2955156 11.00 0.12
2458498.2956892 11.17 0.15
2458498.2960364 11.10 0.14
2458498.2962100 11.12 0.14
2458498.2963836 11.12 0.14
2458498.2965572 11.07 0.13
2458498.2967309 10.97 0.12
2458498.2969045 11.09 0.13
2458498.2970781 11.17 0.14
2458498.2972517 11.18 0.15
2458498.2974253 10.97 0.12
2458498.2977725 11.08 0.13
2458498.2979461 11.09 0.13
2458498.2981198 11.12 0.14
2458498.2982934 11.14 0.14
2458498.2986406 11.13 0.14
2458498.2988142 11.16 0.14
2458498.2989878 11.10 0.14
2458498.2991614 11.02 0.13
2458498.2996823 11.04 0.13
2458498.2998559 11.02 0.13
2458498.3000295 11.07 0.13
2458498.3002031 10.98 0.12
2458498.3003767 11.04 0.13
2458498.3007239 11.06 0.13
2458498.3012447 11.02 0.13
2458498.3017656 11.07 0.13
2458498.3024600 11.07 0.13
2458498.3029809 10.88 0.11
2458498.3031545 11.23 0.15
2458498.3035017 11.25 0.16
2458498.3036766 11.18 0.14
2458498.3040235 11.12 0.14
2458498.3043703 11.21 0.15
2458498.3045438 10.97 0.12
2458498.3047172 11.17 0.14
2458498.3048907 11.24 0.15
2458498.3059323 11.11 0.14
2458498.3061059 11.19 0.15
2458498.3064531 11.25 0.16
2458498.3071475 11.06 0.13
2458498.3078420 11.10 0.14
2458498.3080156 11.14 0.14
2458498.3081892 10.99 0.12
2458498.3085364 11.17 0.15
2458498.3090572 11.20 0.15
2458498.3092309 11.11 0.14
2458498.3095781 11.13 0.14
2458498.3097517 11.07 0.13
2458498.3099253 11.13 0.14
2458498.3102725 10.99 0.13
2458498.3106197 10.96 0.13
2458498.3107934 11.16 0.15
2458498.3109670 11.14 0.14
2458498.3111406 11.08 0.14
2458498.3114878 11.05 0.13
2458498.3118350 11.10 0.14
2458498.3120086 11.18 0.15
2458498.3123559 11.16 0.15
2458498.3127031 11.13 0.14
2458498.3128767 11.19 0.15
2458498.3130503 11.11 0.14
2458498.3135711 11.16 0.15
2458498.3137448 11.06 0.13
2458498.3139184 11.12 0.14
2458498.3140920 11.18 0.15
2458498.3144392 11.11 0.14
2458498.3146128 11.19 0.15
2458498.3147864 11.14 0.14
2458498.3151336 11.01 0.13
2458498.3153073 11.01 0.13
2458498.3154809 11.01 0.13
2458498.3156558 11.24 0.16
2458498.3158292 11.07 0.14
2458498.3160027 11.16 0.15
2458498.3161761 11.01 0.13
2458498.3163496 11.19 0.15
2458498.3165230 11.10 0.14
2458498.3166965 11.19 0.16
2458498.3168699 11.18 0.15
2458498.3172170 11.11 0.14
2458498.3173906 11.05 0.13
2458498.3175642 11.19 0.15
2458498.3177378 11.11 0.14
2458498.3179114 11.31 0.17
2458498.3180850 11.10 0.14
2458500.2465341 11.01 0.16
2458500.2533049 11.02 0.16
2458500.2536522 10.98 0.15
2458500.2604230 10.99 0.15
2458500.2656313 10.94 0.14
2458500.2692776 11.10 0.16
2458500.2694511 11.00 0.15
2458500.2706661 11.16 0.17
2458500.2711869 10.92 0.14
2458500.2713605 11.02 0.15
2458500.2718813 10.95 0.14
2458500.2730966 10.92 0.14
2458500.2750063 10.84 0.13
2458500.2757008 11.02 0.15
2458500.2774369 11.04 0.15
2458500.2783049 10.82 0.13
2458500.2791730 10.86 0.13
2458500.2817772 10.89 0.13
2458500.2828188 10.98 0.15
2458500.2831660 10.89 0.13
2458500.2838605 10.98 0.14
2458500.2862911 10.92 0.14
2458500.2864647 10.69 0.11
2458500.2869855 10.93 0.14
2458500.2871591 10.88 0.14
2458500.2873327 11.03 0.15
2458500.2876799 10.87 0.13
2458500.2885480 11.02 0.15
2458500.2887216 11.03 0.15
2458500.2899369 11.05 0.15
2458500.2904577 11.02 0.15
2458500.2906313 11.11 0.16
2458500.2908049 11.04 0.15
2458500.2914994 11.01 0.14
2458500.2918466 11.13 0.16
2458500.2921938 11.06 0.15
2458500.2923688 10.95 0.13
2458500.2925423 11.05 0.15
2458500.2928892 11.13 0.16
2458500.2930626 11.13 0.16