2458467.3668514 10.90 0.13
2458467.3677195 10.99 0.14
2458467.3678931 10.85 0.13
2458467.3680667 10.84 0.13
2458467.3682403 10.83 0.12
2458467.3689347 11.08 0.16
2458467.3692820 11.05 0.15
2458467.3694556 10.87 0.13
2458467.3696292 10.84 0.13
2458467.3698028 10.80 0.12
2458467.3699764 10.82 0.12
2458467.3706709 10.70 0.11
2458467.3710181 10.90 0.13
2458467.3711917 10.87 0.13
2458467.3713653 10.77 0.12
2458467.3715389 10.93 0.14
2458467.3718861 10.93 0.14
2458467.3720598 10.86 0.13
2458467.3722334 10.88 0.13
2458467.3724070 10.95 0.14
2458467.3725806 11.07 0.16
2458467.3731014 10.84 0.13
2458467.3732750 10.95 0.14
2458467.3734486 10.96 0.14
2458467.3736223 10.83 0.13
2458467.3737959 11.00 0.15
2458467.3741431 10.77 0.12
2458467.3743167 11.01 0.15
2458467.3744903 10.91 0.14
2458467.3748375 10.81 0.12
2458467.3751848 10.85 0.13
2458467.3753584 10.91 0.13
2458467.3755332 10.82 0.12
2458467.3757067 10.89 0.13
2458467.3758801 11.13 0.17
2458467.3762270 10.86 0.13
2458467.3764005 11.07 0.16
2458467.3765739 10.91 0.14
2458467.3769209 10.92 0.14
2458467.3770945 10.93 0.14
2458467.3772681 10.84 0.13
2458467.3774417 10.87 0.13
2458467.3776153 10.88 0.13
2458467.3777889 10.99 0.15
2458467.3779625 10.92 0.14
2458467.3781361 10.82 0.13
2458467.3783097 10.91 0.14
2458467.3784834 10.89 0.13
2458467.3786570 11.01 0.15
2458467.3788306 10.87 0.13
2458467.3790042 10.82 0.13
2458467.3795250 10.73 0.12
2458467.3796986 10.96 0.14
2458467.3800459 10.90 0.14
2458467.3802195 10.81 0.13
2458467.3803931 10.86 0.13
2458467.3805667 10.95 0.14
2458467.3807403 10.89 0.13
2458467.3809139 10.72 0.12
2458467.3810875 10.88 0.13
2458467.3812611 10.81 0.12
2458467.3816084 10.88 0.13
2458467.3817820 10.95 0.14
2458467.3819556 10.94 0.14
2458467.3821292 11.00 0.15
2458467.3824764 10.96 0.14
2458467.3826500 10.88 0.13
2458467.3828236 10.96 0.14
2458467.3829973 10.83 0.13
2458467.3833445 10.70 0.11
2458467.3835181 10.82 0.13
2458467.3838653 10.96 0.14
2458467.3840389 10.70 0.11
2458467.3842125 10.92 0.14
2458467.3843861 11.02 0.15
2458467.3845597 10.95 0.14
2458467.3847334 10.64 0.11
2458467.3852542 10.77 0.12
2458467.3854278 10.98 0.15
2458467.3857750 10.89 0.13
2458467.3859486 10.79 0.12
2458467.3861222 10.94 0.14
2458467.3862959 10.90 0.14
2458467.3864695 10.91 0.14
2458467.3866431 10.78 0.12
2458467.3868167 10.86 0.13
2458467.3873389 10.67 0.11
2458467.3875123 10.81 0.13
2458467.3878592 10.75 0.12
2458467.3882061 10.91 0.14
2458467.3883795 10.88 0.14
2458467.3885530 10.90 0.14
2458467.3887264 10.95 0.14
2458467.3889000 10.89 0.13
2458467.3892473 10.80 0.13
2458467.3894209 10.90 0.14
2458467.3895945 10.79 0.13
2458467.3906361 10.75 0.12
2458467.3908098 10.83 0.13
2458467.3909834 10.94 0.14
2458467.3911570 10.96 0.14
2458467.3915042 10.91 0.14
2458467.3916778 10.95 0.14
2458467.3920250 10.85 0.13
2458467.3921986 10.84 0.13
2458467.3927195 11.15 0.17
2458467.3928931 10.87 0.13
2458467.3930667 10.99 0.15
2458467.3934139 10.85 0.13
2458467.3935875 10.78 0.12
2458467.3937611 10.84 0.13
2458467.3939347 10.94 0.14
2458467.3941084 10.93 0.14
2458467.3942820 10.86 0.13
2458467.3944556 10.95 0.15
2458467.3946292 10.95 0.14
2458467.3948028 10.86 0.13
2458467.3949764 10.74 0.12
2458467.3953236 10.85 0.13
2458467.3954973 11.04 0.16
2458467.3958445 10.93 0.14
2458467.3960181 10.72 0.12
2458467.3961917 10.72 0.12
2458467.3963653 10.72 0.12
2458467.3965389 10.85 0.13
2458467.3967125 10.92 0.14
2458467.3968861 10.88 0.14
2458467.3970598 10.88 0.14
2458467.3977542 10.77 0.12
2458467.3979278 10.73 0.12
2458467.3981014 10.92 0.14
2458467.3986223 10.93 0.14
2458467.3987959 10.97 0.15
2458467.3989695 10.90 0.14
2458467.3991431 10.77 0.12
2458467.3993180 10.93 0.14
2458467.3994914 10.83 0.13
2458467.3996649 10.80 0.13
2458467.3998383 10.75 0.12
2458467.4001852 10.92 0.14
2458467.4003586 10.95 0.14
2458467.4005321 10.94 0.14
2458467.4007056 10.96 0.14
2458467.4008792 10.66 0.11
2458467.4010528 10.89 0.14
2458467.4012264 10.83 0.13
2458467.4014000 11.08 0.16
2458467.4015736 10.79 0.13
2458467.4017472 11.03 0.16
2458467.4019209 10.94 0.14
2458467.4020945 10.95 0.14
2458467.4022681 10.99 0.15
2458467.4026153 10.91 0.14
2458467.4027889 10.98 0.15
2458467.4031361 10.91 0.14
2458467.4038306 10.94 0.14
2458467.4043514 10.85 0.13
2458467.4046986 10.85 0.13
2458467.4048723 10.99 0.15
2458467.4050459 10.72 0.12
2458467.4052195 10.89 0.14
2458467.4053931 10.94 0.14
2458467.4055667 10.83 0.13
2458467.4057403 10.89 0.14
2458467.4059139 10.89 0.14
2458467.4060875 10.87 0.14
2458467.4062611 10.97 0.15
2458467.4064348 10.91 0.14
2458467.4066084 11.01 0.15
2458467.4067820 10.88 0.14
2458467.4071292 10.89 0.14
2458467.4074764 10.89 0.14
2458467.4076500 10.95 0.14
2458467.4078236 10.82 0.13
2458467.4079972 10.84 0.13
2458467.4083445 11.02 0.16
2458467.4086917 10.90 0.14
2458467.4092125 10.81 0.13
2458467.4093861 10.80 0.13
2458467.4095597 10.89 0.14
2458467.4097334 10.81 0.13
2458467.4099070 10.83 0.13
2458467.4102542 10.78 0.13
2458467.4107750 10.77 0.12
2458467.4109486 10.75 0.12
2458467.4111236 10.69 0.12
2458467.4114705 10.64 0.11
2458467.4116440 10.71 0.12
2458467.4119908 10.79 0.13
2458467.4123377 10.65 0.11
2458467.4125112 10.83 0.13
2458467.4126848 10.69 0.12
2458467.4128584 10.77 0.12
2458467.4137264 10.72 0.12
2458467.4139000 10.98 0.15
2458467.4142473 10.92 0.14
2458467.4144209 10.88 0.14
2458467.4145945 10.81 0.13
2458467.4147681 10.85 0.14
2458467.4149417 10.84 0.13
2458467.4151153 10.84 0.13
2458467.4156361 10.75 0.12
2458467.4158097 10.68 0.12
2458467.4159834 10.76 0.13
2458467.4163306 10.74 0.12
2458467.4165042 10.79 0.13
2458467.4166778 10.67 0.11
2458467.4168514 10.80 0.13
2458467.4170250 10.84 0.14
2458467.4171986 10.79 0.13
2458467.4177195 10.80 0.13
2458467.4178931 10.98 0.15
2458467.4184139 10.77 0.13
2458467.4185875 10.88 0.14
2458467.4191084 10.78 0.13
2458467.4198028 10.77 0.13
2458467.4199764 10.87 0.14
2458467.4201500 10.91 0.15
2458467.4203236 10.99 0.16
2458467.4206709 10.88 0.14
2458469.3667865 10.94 0.10
2458469.3670135 10.82 0.09
2458469.3671871 10.81 0.09
2458469.3673607 10.94 0.10
2458469.3675343 10.97 0.11
2458469.3677079 10.91 0.10
2458469.3678815 10.85 0.10
2458469.3680551 10.99 0.11
2458469.3682287 10.82 0.09
2458469.3684023 11.03 0.11
2458469.3685760 10.95 0.10
2458469.3687496 10.92 0.10
2458469.3689232 10.93 0.10
2458469.3690968 10.94 0.10
2458469.3692704 10.75 0.09
2458469.3694440 10.90 0.10
2458469.3696176 10.83 0.09
2458469.3697912 11.09 0.12
2458469.3699648 10.81 0.09
2458469.3701384 11.11 0.12
2458469.3703121 11.02 0.11
2458469.3704857 10.95 0.11
2458469.3706593 10.85 0.10
2458469.3708329 10.89 0.10
2458469.3710065 10.93 0.10
2458469.3711801 10.93 0.10
2458469.3713537 10.86 0.10
2458469.3715273 10.72 0.08
2458469.3717009 10.92 0.10
2458469.3718746 11.14 0.12
2458469.3720482 10.97 0.11
2458469.3722218 11.09 0.12
2458469.3723954 10.78 0.09
2458469.3725690 10.94 0.10
2458469.3727426 11.00 0.11
2458469.3729162 10.97 0.11
2458469.3730898 10.99 0.11
2458469.3732635 11.12 0.12
2458469.3734371 11.03 0.11
2458469.3736107 10.81 0.09
2458469.3737843 11.10 0.12
2458469.3739579 10.94 0.10
2458469.3741315 10.86 0.10
2458469.3743051 11.02 0.11
2458469.3744787 10.97 0.11
2458469.3746524 10.94 0.10
2458469.3748260 10.79 0.09
2458469.3749996 10.95 0.10
2458469.3751732 10.92 0.10
2458469.3753468 10.95 0.10
2458469.3755204 11.00 0.11
2458469.3756940 10.95 0.10
2458469.3758676 11.08 0.12
2458469.3760425 10.89 0.10
2458469.3762159 10.85 0.09
2458469.3763894 11.04 0.11
2458469.3765628 11.00 0.11
2458469.3767363 10.90 0.10
2458469.3769097 10.98 0.11
2458469.3770832 10.85 0.09
2458469.3772566 10.89 0.10
2458469.3774301 10.91 0.10
2458469.3776037 11.17 0.13
2458469.3777773 10.91 0.10
2458469.3779510 10.98 0.11
2458469.3781246 10.99 0.11
2458469.3782982 10.82 0.09
2458469.3784718 10.83 0.09
2458469.3786454 10.95 0.10
2458488.3045899 10.91 0.13
2458488.3047635 10.99 0.13
2458488.3049371 10.73 0.11
2458488.3051107 11.07 0.15
2458488.3052844 11.02 0.14
2458488.3056316 10.88 0.12
2458488.3058052 10.95 0.13
2458488.3059788 10.81 0.12
2458488.3061524 11.04 0.14
2458488.3063260 10.78 0.11
2458488.3070205 11.14 0.15
2458488.3071941 10.85 0.12
2458488.3073677 10.82 0.12
2458488.3075413 10.97 0.13
2458488.3077149 10.97 0.13
2458488.3080621 11.02 0.14
2458488.3082357 10.99 0.14
2458488.3084093 10.79 0.11
2458488.3087566 10.97 0.13
2458488.3089302 11.06 0.15
2458488.3092788 11.10 0.15
2458488.3097991 10.90 0.13
2458488.3099726 10.96 0.13
2458488.3101460 10.93 0.13
2458488.3103194 10.84 0.12
2458488.3104929 11.03 0.14
2458488.3108399 11.02 0.14
2458488.3111871 10.99 0.14
2458488.3113607 10.94 0.13
2458488.3115344 11.01 0.14
2458488.3117080 11.01 0.14
2458488.3118816 10.98 0.14
2458488.3120552 10.96 0.13
2458488.3122288 10.95 0.13
2458488.3124024 10.67 0.10
2458488.3125760 10.87 0.13
2458488.3127496 11.02 0.14
2458488.3129232 10.65 0.10
2458488.3132705 10.84 0.12
2458488.3136177 10.82 0.12
2458488.3139649 10.89 0.13
2458488.3141385 11.01 0.14
2458488.3144857 10.85 0.12
2458488.3146593 10.83 0.12
2458488.3148330 10.98 0.14
2458488.3155274 10.96 0.14
2458488.3157010 11.05 0.15
2458488.3160482 11.01 0.14
2458488.3162218 11.04 0.15
2458488.3163955 10.98 0.14
2458488.3165691 10.67 0.11
2458488.3167427 10.93 0.13
2458488.3169163 11.00 0.14
2458488.3172635 11.04 0.15
2458488.3174371 11.08 0.15
2458488.3176107 10.91 0.13
2458488.3177844 11.09 0.16
2458488.3179580 10.86 0.13
2458488.3181316 10.95 0.14
2458488.3183052 11.02 0.15
2458488.3184788 10.97 0.14
2458488.3186524 10.91 0.13
2458488.3191732 10.92 0.13
2458488.3193469 10.97 0.14
2458488.3195205 11.11 0.16
2458488.3205621 10.91 0.13
2458488.3207357 10.91 0.13
2458488.3210830 10.84 0.12
2458488.3214314 10.79 0.12
2458488.3216048 11.01 0.15
2458488.3217783 10.96 0.14
2458488.3219517 11.00 0.14
2458488.3221252 10.98 0.14
2458488.3224720 10.89 0.13
2458488.3226455 10.93 0.14
2458488.3228191 10.94 0.14
2458488.3229927 11.08 0.16
2458488.3231663 10.95 0.14
2458488.3233399 10.88 0.13
2458488.3238607 10.98 0.14
2458488.3247288 11.16 0.17
2458488.3249024 11.06 0.15
2458488.3254232 10.80 0.12
2458488.3257705 10.93 0.14
2458488.3261177 11.10 0.16
2458488.3268121 11.07 0.16
2458488.3269857 10.84 0.13
2458488.3271594 10.95 0.14
2458488.3275066 10.94 0.14
2458488.3278538 11.10 0.16
2458488.3280274 10.95 0.14
2458488.3282010 10.88 0.13
2458488.3287218 10.81 0.12
2458488.3290691 10.90 0.13
2458488.3299371 10.83 0.13
2458488.3306316 10.82 0.13
2458488.3313260 10.78 0.12
2458488.3314996 11.10 0.16
2458488.3318468 10.96 0.14
2458488.3320205 10.85 0.13
2458488.3323677 11.03 0.15
2458488.3328885 10.97 0.14
2458488.3346246 11.19 0.17
2458488.3347982 11.07 0.16
2458488.3361871 11.08 0.16
2458488.3367080 10.88 0.13
2458488.3372288 10.97 0.14
2458488.3374024 10.87 0.13
2458488.3375760 10.80 0.12
2458488.3377496 10.99 0.15
2458488.3382705 10.81 0.13
2458488.3386177 11.01 0.15
2458488.3387913 10.87 0.13
2458488.3389649 11.01 0.15
2458488.3391385 11.02 0.15
2458488.3394857 11.03 0.15
2458488.3396593 11.04 0.16
2458488.3398330 10.84 0.13
2458488.3400066 11.01 0.15
2458488.3401802 10.98 0.15
2458488.3405274 10.87 0.13
2458488.3408746 10.86 0.13
2458488.3410482 10.78 0.12
2458488.3412219 11.03 0.15
2458488.3413955 10.97 0.15
2458488.3415691 10.96 0.14
2458488.3417427 10.98 0.15
2458488.3419163 10.76 0.12
2458488.3420899 10.79 0.12
2458488.3422635 10.69 0.11
2458488.3424371 10.83 0.13
2458488.3426107 10.95 0.14
2458488.3431316 10.90 0.14
2458488.3433052 10.92 0.14
2458488.3434788 10.95 0.14
2458488.3439996 10.87 0.13
2458488.3448677 11.01 0.15
2458488.3452162 10.84 0.13
2458488.3455631 10.93 0.14
2458488.3457365 10.96 0.14
2458488.3459100 10.96 0.14
2458488.3464303 11.01 0.15
2458488.3467774 10.90 0.14
2458488.3474718 10.89 0.14
2458488.3476455 10.85 0.13
2458488.3481663 11.04 0.16
2458488.3483399 10.98 0.15
2458488.3486871 10.87 0.13
2458488.3488607 10.83 0.13
2458488.3490344 10.79 0.12
2458488.3492080 10.87 0.13
2458488.3493816 10.93 0.14
2458488.3499024 10.90 0.14
2458488.3502496 10.88 0.13
2458488.3512913 11.00 0.15
2458488.3516385 10.92 0.14
2458488.3518121 10.98 0.15
2458488.3519857 10.97 0.14
2458488.3521594 10.95 0.14
2458488.3523330 10.93 0.14
2458488.3525066 10.83 0.13
2458488.3526802 10.80 0.12
2458488.3528538 10.94 0.14
2458488.3530274 10.98 0.15
2458488.3532010 10.88 0.13
2458488.3533746 10.90 0.14
2458488.3538955 10.81 0.13
2458488.3542427 10.81 0.12
2458488.3544163 10.99 0.15
2458488.3545899 10.84 0.13
2458488.3547635 10.86 0.13
2458488.3554580 10.95 0.14
2458488.3558052 10.86 0.13
2458488.3559788 11.01 0.15
2458488.3561524 10.92 0.14
2458488.3563260 10.93 0.14
2458488.3564996 10.94 0.14
2458488.3566732 11.12 0.17
2458488.3571953 10.80 0.12
2458488.3573687 10.83 0.13
2458488.3577156 10.90 0.14
2458488.3578891 10.98 0.14
2458488.3580625 10.85 0.13
2458488.3582360 11.05 0.16
2458488.3584094 10.91 0.14
2458488.3585830 10.87 0.13
2458488.3587566 10.79 0.12
2458488.3589302 10.94 0.14
2458488.3592774 10.86 0.13
2458488.3596246 10.68 0.11
2458488.3604927 10.97 0.15
2458488.3608399 10.81 0.13
2458488.3610135 10.90 0.14
2458488.3613607 10.90 0.14
2458488.3615343 10.97 0.15
2458488.3617080 10.91 0.14
2458488.3618816 10.84 0.13
2458488.3620552 10.88 0.13
2458488.3622288 10.96 0.14
2458488.3624024 10.81 0.13
2458488.3629232 11.04 0.16
2458488.3630968 11.05 0.16
2458488.3632705 10.73 0.12
2458488.3634441 10.90 0.14
2458488.3636177 10.89 0.14
2458488.3637913 11.02 0.15
2458488.3639649 10.96 0.14
2458488.3641385 10.72 0.12
2458488.3643121 10.81 0.13
2458488.3644857 11.05 0.16
2458488.3646594 10.96 0.15
2458488.3648330 10.78 0.12
2458488.3650066 10.83 0.13
2458488.3651802 11.02 0.15
2458488.3655274 10.96 0.14
2458488.3658746 10.96 0.15
2458488.3660482 10.90 0.14
2458488.3662219 10.58 0.10
2458488.3667427 10.89 0.14
2458488.3670899 10.87 0.13
2458488.3674371 10.87 0.13
2458488.3676107 10.93 0.14
2458488.3679580 10.80 0.13
2458488.3683052 10.96 0.14
2458488.3690010 10.87 0.14
2458488.3696948 10.88 0.14
2458488.3698682 10.98 0.15
2458488.3700417 10.83 0.13
2458488.3703885 10.89 0.14
2458488.3707357 10.77 0.12
2458488.3709093 10.94 0.15
2458488.3714302 10.95 0.15
2458488.3717774 10.89 0.14
2458488.3722982 10.84 0.13
2458488.3728191 10.74 0.12
2458488.3729927 10.77 0.13
2458488.3731663 10.72 0.12
2458488.3733399 10.84 0.13
2458488.3735135 10.83 0.13
2458488.3736871 10.84 0.13
2458488.3738607 10.90 0.14
2458488.3740343 10.95 0.15
2458488.3742080 10.70 0.12
2458493.2519739 11.02 0.14
2458493.2521475 11.06 0.14
2458493.2523211 10.81 0.11
2458493.2524947 10.96 0.13
2458493.2526684 11.05 0.14
2458493.2528420 10.83 0.12
2458493.2530156 10.92 0.13
2458493.2531892 11.07 0.14
2458493.2533628 10.90 0.12
2458493.2535364 10.93 0.13
2458493.2537100 10.82 0.12
2458493.2538836 11.00 0.13
2458493.2542320 10.78 0.11
2458493.2544055 10.98 0.13
2458493.2545789 11.00 0.13
2458493.2549258 10.99 0.13
2458493.2550993 11.09 0.15
2458493.2552727 10.84 0.12
2458493.2554461 10.88 0.12
2458493.2556198 10.76 0.11
2458493.2557934 10.74 0.10
2458493.2559670 10.97 0.13
2458493.2561406 10.86 0.12
2458493.2563142 10.93 0.13
2458493.2564878 11.01 0.13
2458493.2566614 10.98 0.13
2458493.2568350 10.94 0.13
2458493.2570086 10.93 0.12
2458493.2571823 10.95 0.13
2458493.2573559 10.91 0.12
2458493.2575295 11.26 0.17
2458493.2577031 11.00 0.13
2458493.2578767 10.93 0.12
2458493.2580503 11.00 0.13
2458493.2582239 10.73 0.10
2458493.2583975 10.98 0.13
2458493.2585711 10.81 0.11
2458493.2587447 10.89 0.12
2458493.2589184 10.91 0.12
2458493.2590920 10.90 0.12
2458493.2594392 10.94 0.13
2458493.2597864 11.11 0.15
2458493.2599600 10.74 0.11
2458493.2601336 10.83 0.11
2458493.2606545 10.72 0.10
2458493.2608281 10.89 0.12
2458493.2610017 10.86 0.12
2458493.2611753 10.94 0.13
2458493.2613489 10.87 0.12
2458493.2615225 10.84 0.11
2458493.2616961 11.11 0.15
2458493.2618697 10.82 0.11
2458493.2620434 11.14 0.15
2458493.2622170 10.69 0.10
2458493.2623906 10.79 0.11
2458493.2625642 11.02 0.13
2458493.2627378 10.92 0.12
2458493.2629114 10.87 0.12
2458493.2630850 10.96 0.13
2458493.2632586 11.07 0.14
2458493.2634323 11.00 0.13
2458493.2636059 11.13 0.15
2458493.2637795 10.96 0.13
2458493.2639531 10.84 0.12
2458493.2641267 10.89 0.12
2458493.2643003 11.19 0.16
2458493.2644739 10.95 0.13
2458493.2646475 10.90 0.12
2458493.2648211 11.01 0.13
2458493.2649948 11.07 0.14
2458493.2651684 10.86 0.12
2458493.2653420 10.98 0.13
2458493.2655156 10.86 0.12
2458493.2656892 10.91 0.12
2458493.2660378 11.06 0.14
2458493.2662112 10.95 0.13
2458493.2663847 10.89 0.12
2458493.2665581 10.95 0.13
2458493.2667316 10.95 0.13
2458493.2670784 10.88 0.12
2458493.2672519 11.04 0.14
2458493.2674253 10.74 0.11
2458493.2675989 10.83 0.11
2458493.2677725 10.88 0.12
2458493.2679461 10.96 0.13
2458493.2681197 10.90 0.12
2458493.2682934 11.07 0.14
2458493.2686406 10.80 0.11
2458493.2688142 11.06 0.14
2458493.2689878 10.91 0.12
2458493.2691614 11.10 0.14
2458493.2693350 11.04 0.14
2458493.2695086 10.84 0.11
2458493.2696822 11.03 0.14
2458493.2698559 10.85 0.12
2458493.2700295 10.98 0.13
2458493.2703767 10.98 0.13
2458493.2708975 10.81 0.11
2458493.2710711 10.97 0.13
2458493.2712448 10.83 0.11
2458493.2714184 10.82 0.11
2458493.2715920 10.93 0.13
2458493.2717656 10.94 0.13
2458493.2719392 10.99 0.13
2458493.2722864 10.89 0.12
2458493.2724600 10.99 0.13
2458493.2726336 10.93 0.12
2458493.2728073 10.93 0.12
2458493.2729809 10.87 0.12
2458493.2731545 11.00 0.13
2458493.2733281 10.82 0.11
2458493.2735017 10.86 0.12
2458493.2736753 10.79 0.11
2458493.2738489 10.94 0.13
2458493.2740225 11.00 0.13
2458493.2741961 10.95 0.13
2458493.2743697 10.89 0.12
2458493.2745434 10.90 0.12
2458493.2747170 10.66 0.10
2458493.2750642 10.90 0.12
2458493.2752378 10.73 0.10
2458493.2754114 10.85 0.12
2458493.2757586 10.99 0.13
2458493.2759322 10.96 0.13
2458493.2762795 10.91 0.12
2458493.2764531 10.98 0.13
2458493.2766267 11.01 0.13
2458493.2769739 11.13 0.15
2458493.2771475 10.92 0.12
2458493.2773211 10.92 0.12
2458493.2774947 10.89 0.12
2458493.2778420 10.81 0.11
2458493.2780169 10.87 0.12
2458493.2781904 10.93 0.12
2458493.2785373 11.23 0.16
2458493.2787107 11.04 0.14
2458493.2788841 10.86 0.12
2458493.2792310 10.85 0.11
2458493.2794045 10.95 0.13
2458493.2795781 10.86 0.12
2458493.2797517 11.14 0.15
2458493.2799253 10.88 0.12
2458493.2800989 11.03 0.14
2458493.2802725 10.85 0.12
2458493.2804461 10.85 0.12
2458493.2806198 10.86 0.12
2458493.2807934 10.88 0.12
2458493.2809670 10.78 0.11
2458493.2811406 10.80 0.11
2458493.2813142 11.00 0.13
2458493.2814878 10.92 0.12
2458493.2816614 11.01 0.13
2458493.2818350 10.91 0.12
2458493.2820086 10.77 0.11
2458493.2821822 10.82 0.11
2458493.2823559 10.92 0.12
2458493.2825295 10.89 0.12
2458493.2828767 10.92 0.12
2458493.2830503 11.15 0.15
2458493.2832239 10.81 0.11
2458493.2833975 10.99 0.13
2458493.2837447 10.86 0.12
2458493.2839184 10.97 0.13
2458493.2840920 10.96 0.13
2458493.2842656 11.09 0.14
2458493.2844392 10.81 0.11
2458493.2846128 11.08 0.14
2458493.2847864 10.99 0.13
2458493.2849600 10.94 0.13
2458493.2851336 10.92 0.12
2458493.2853072 10.89 0.12
2458493.2854809 10.95 0.13
2458493.2856545 10.96 0.13
2458493.2858281 10.97 0.13
2458493.2860017 10.90 0.12
2458493.2865225 10.83 0.11
2458493.2866961 10.90 0.12
2458493.2868698 11.01 0.13
2458493.2870434 10.86 0.12
2458493.2872170 10.99 0.13
2458493.2875642 11.08 0.14
2458493.2879114 10.97 0.13
2458493.2880850 10.82 0.11
2458493.2882586 10.81 0.11
2458493.2884323 11.01 0.13
2458493.2886059 11.03 0.14
2458493.2889531 10.98 0.13
2458493.2893003 11.02 0.13
2458493.2894739 10.87 0.12
2458493.2896475 10.79 0.11
2458493.2899961 11.00 0.13
2458493.2903429 11.12 0.15
2458493.2906898 11.08 0.14
2458493.2908633 11.04 0.14
2458493.2910367 11.22 0.16
2458493.2912102 11.00 0.13
2458493.2913836 11.11 0.15
2458493.2915572 11.05 0.14
2458493.2919045 10.94 0.12
2458493.2920781 11.09 0.14
2458493.2922517 10.96 0.13
2458493.2924253 10.87 0.12
2458493.2925989 10.92 0.12
2458493.2929461 10.79 0.11
2458493.2931197 11.03 0.14
2458493.2932934 10.87 0.12
2458493.2934670 11.02 0.13
2458493.2936406 11.16 0.15
2458493.2938142 10.86 0.12
2458493.2939878 10.81 0.11
2458493.2941614 10.88 0.12
2458493.2943350 10.88 0.12
2458493.2945086 10.83 0.11
2458493.2946823 10.84 0.11
2458493.2948559 11.06 0.14
2458493.2950295 11.07 0.14
2458493.2952031 10.84 0.11
2458493.2953767 11.10 0.14
2458493.2955503 10.84 0.11
2458493.2957239 10.90 0.12
2458493.2958975 10.92 0.12
2458493.2960711 10.98 0.13
2458493.2962448 10.76 0.11
2458493.2964184 10.91 0.12
2458493.2965920 10.90 0.12
2458493.2967656 11.00 0.13
2458493.2969392 11.01 0.13
2458493.2971128 10.89 0.12
2458493.2972864 10.85 0.12
2458493.2974600 10.84 0.12
2458493.2976336 10.82 0.11
2458493.2978072 10.91 0.12
2458493.2979809 10.98 0.13
2458493.2981545 10.97 0.13
2458493.2985017 10.68 0.10
2458493.2986753 10.96 0.13
2458493.2988489 10.81 0.11
2458493.2991961 10.81 0.11
2458493.2995434 10.84 0.12
2458493.2997170 10.95 0.13
2458493.3000642 10.89 0.12
2458493.3002378 10.91 0.13
2458493.3004114 11.05 0.14
2458493.3005850 10.67 0.10
2458493.3018931 10.88 0.12
2458493.3021591 11.06 0.14
2458493.3023327 10.92 0.12
2458493.3025063 10.93 0.13
2458493.3026799 10.98 0.13
2458493.3028536 10.94 0.13
2458493.3030272 11.00 0.13
2458493.3032008 10.97 0.13
2458493.3033744 10.99 0.13
2458493.3035480 10.97 0.13
2458493.3037216 10.90 0.12
2458493.3038952 10.90 0.12
2458493.3040688 10.93 0.13
2458493.3042424 10.80 0.11
2458493.3044161 11.02 0.13
2458493.3045897 10.86 0.12
2458493.3047633 10.81 0.11
2458493.3049369 10.86 0.12
2458493.3051105 10.78 0.11
2458493.3052841 10.82 0.11
2458493.3054577 10.93 0.13
2458493.3058049 10.81 0.11
2458493.3059785 10.95 0.13
2458493.3061522 10.96 0.13
2458493.3063258 10.92 0.12
2458493.3064994 10.90 0.12
2458493.3066730 10.92 0.12
2458493.3068466 10.89 0.12
2458493.3071938 11.04 0.14
2458493.3073674 10.87 0.12
2458493.3075410 10.82 0.11
2458493.3078883 10.83 0.11
2458493.3080619 11.00 0.13
2458493.3082355 10.84 0.11
2458493.3084091 10.95 0.13
2458493.3085827 10.97 0.13
2458493.3087563 10.96 0.13
2458493.3089299 10.96 0.13
2458493.3091036 10.84 0.11
2458493.3092772 10.98 0.13
2458493.3094508 10.87 0.12
2458493.3096244 10.99 0.13
2458493.3097980 10.97 0.13
2458493.3099716 10.83 0.11
2458493.3103188 10.84 0.11
2458493.3104924 10.79 0.11
2458493.3106661 11.05 0.14
2458493.3108397 10.94 0.12
2458493.3110133 10.83 0.11
2458493.3111869 10.87 0.12
2458493.3113605 10.70 0.10
2458493.3115341 10.80 0.11
2458493.3117077 10.90 0.12
2458493.3120549 11.00 0.13
2458493.3122298 10.76 0.11
2458493.3124033 10.91 0.12
2458493.3125767 11.06 0.14
2458493.3127502 10.98 0.13
2458493.3129236 10.97 0.13
2458493.3130971 10.84 0.11
2458493.3132705 10.88 0.12
2458493.3134439 10.88 0.12
2458493.3136174 10.89 0.12
2458493.3137910 10.98 0.13
2458493.3139647 10.88 0.12
2458493.3141383 10.93 0.12
2458493.3143119 11.09 0.14
2458493.3144855 10.83 0.11
2458493.3146591 11.03 0.13
2458493.3148327 10.95 0.13
2458493.3150063 10.98 0.13
2458493.3151799 10.87 0.12
2458493.3153535 10.86 0.12
2458493.3155272 10.95 0.13
2458493.3157008 10.95 0.12
2458493.3158744 10.74 0.10
2458493.3162216 10.99 0.13
2458493.3163952 10.81 0.11
2458493.3165688 11.08 0.14
2458493.3169161 10.81 0.11
2458493.3172633 10.78 0.11
2458493.3174369 10.91 0.12
2458493.3176105 10.94 0.12
2458493.3179577 11.04 0.14
2458493.3181313 10.78 0.11
2458493.3183049 10.91 0.12
2458493.3184786 10.81 0.11
2458493.3186522 10.80 0.11
2458493.3188258 10.97 0.13
2458493.3189994 11.03 0.13
2458493.3191730 10.98 0.13
2458493.3193466 11.02 0.13
2458493.3195202 10.94 0.12
2458493.3196938 10.78 0.10
2458493.3198674 10.92 0.12
2458493.3200411 10.95 0.12
2458493.3202147 10.68 0.10
2458493.3203883 11.04 0.13
2458493.3205619 10.92 0.12
2458493.3207355 10.91 0.12
2458493.3209091 10.96 0.13
2458493.3210827 10.85 0.11
2458493.3212563 11.03 0.13
2458493.3214299 10.79 0.11
2458493.3216035 10.92 0.12
2458493.3217772 10.89 0.12
2458493.3219508 10.75 0.10
2458493.3221244 10.92 0.12
2458493.3222980 10.92 0.12
2458493.3224716 10.98 0.13
2458493.3226452 10.84 0.11
2458493.3228188 10.92 0.12
2458493.3229924 10.99 0.13
2458493.3231662 10.74 0.10
2458493.3233397 10.85 0.11
2458493.3236869 10.85 0.11
2458493.3238605 10.81 0.11
2458493.3240341 11.09 0.14
2458493.3242090 10.95 0.12
2458493.3243824 10.97 0.13
2458493.3245559 11.02 0.13
2458493.3247293 10.76 0.10
2458493.3249028 10.86 0.12
2458493.3250762 10.97 0.13
2458493.3252497 11.01 0.13
2458493.3254231 11.01 0.13
2458493.3255966 10.81 0.11
2458493.3257702 10.79 0.11
2458493.3259438 10.97 0.13
2458493.3261174 10.90 0.12
2458493.3262911 10.93 0.12
2458493.3264647 10.90 0.12
2458493.3266383 10.83 0.11
2458493.3268119 11.01 0.13
2458493.3269855 10.96 0.12
2458493.3273327 11.01 0.13
2458493.3275063 11.03 0.13
2458493.3276799 10.80 0.11
2458493.3278536 10.93 0.12
2458493.3280272 10.88 0.11
2458493.3283744 10.77 0.10
2458493.3285480 10.78 0.11
2458493.3287216 10.96 0.12
2458493.3288952 11.00 0.13
2458493.3290688 10.84 0.11
2458493.3292430 10.89 0.12
2458493.3294160 10.78 0.11
2458493.3295897 10.90 0.12
2458493.3297633 10.90 0.12
2458493.3299369 10.97 0.13
2458493.3301105 10.90 0.12
2458493.3302841 11.02 0.13
2458493.3304577 10.70 0.10
2458493.3306313 10.85 0.11
2458493.3308049 10.90 0.12
2458493.3309785 10.72 0.10
2458493.3311522 10.91 0.12
2458493.3313258 10.86 0.11
2458493.3314994 10.85 0.11
2458493.3316730 10.88 0.12
2458493.3320202 10.83 0.11
2458493.3321938 11.07 0.14
2458493.3323674 10.95 0.12
2458493.3325411 10.81 0.11
2458493.3327147 11.02 0.13
2458493.3328883 11.18 0.15
2458493.3330619 10.78 0.11
2458493.3334091 11.07 0.14
2458493.3335827 10.93 0.12
2458493.3337563 10.99 0.13
2458493.3339299 10.98 0.13
2458493.3342772 10.92 0.12
2458493.3344508 11.06 0.14
2458493.3346244 11.04 0.14
2458493.3347980 10.83 0.11
2458493.3349716 10.87 0.11
2458493.3353188 10.88 0.12
2458493.3354924 11.01 0.13
2458493.3356661 11.15 0.15
2458493.3358397 11.00 0.13
2458493.3360133 10.74 0.10
2458493.3361882 10.85 0.11
2458493.3363616 11.04 0.13
2458493.3365351 10.75 0.10
2458493.3367085 10.92 0.12
2458493.3368820 10.75 0.10
2458493.3370554 10.90 0.12
2458493.3372288 11.13 0.15
2458493.3374023 10.83 0.11
2458493.3377494 11.00 0.13
2458493.3379230 11.07 0.14
2458493.3380966 10.99 0.13
2458493.3382702 11.10 0.14
2458493.3384438 11.09 0.14
2458493.3386174 10.93 0.12
2458493.3389647 11.03 0.13
2458493.3391383 11.01 0.13
2458493.3393119 10.90 0.12
2458493.3394855 11.02 0.13
2458493.3396591 11.07 0.14
2458493.3398327 11.09 0.14
2458493.3400063 10.91 0.12
2458493.3401799 10.96 0.13
2458493.3403536 10.86 0.11
2458493.3405272 10.95 0.13
2458493.3407008 11.18 0.16
2458493.3408744 10.94 0.13
2458493.3410480 10.89 0.12
2458493.3412216 10.88 0.12
2458493.3413952 10.98 0.13
2458493.3415688 10.83 0.11
2458493.3417424 11.11 0.14
2458493.3419161 11.05 0.14
2458493.3420897 10.91 0.12
2458493.3422633 10.79 0.11
2458493.3424369 11.02 0.13
2458493.3427841 10.72 0.10
2458493.3429577 10.94 0.12
2458493.3431313 10.72 0.10
2458493.3433049 11.09 0.14
2458493.3434786 11.06 0.14
2458493.3436522 10.83 0.11
2458493.3438258 10.86 0.12
2458493.3439994 10.97 0.13
2458493.3441730 10.93 0.12
2458493.3443466 10.86 0.12
2458493.3445202 10.93 0.12
2458493.3446938 11.09 0.14
2458493.3448674 10.83 0.11
2458493.3450410 11.17 0.15
2458493.3453883 11.00 0.13
2458493.3455619 11.05 0.14
2458493.3457355 10.91 0.12
2458493.3459091 10.92 0.12
2458493.3460827 11.00 0.13
2458493.3464299 11.08 0.14
2458493.3466035 10.96 0.13
2458493.3467772 10.94 0.12
2458493.3469508 10.81 0.11
2458493.3471244 10.84 0.11
2458493.3472980 11.03 0.14
2458493.3474716 11.05 0.14
2458493.3476452 10.76 0.11
2458493.3478188 10.86 0.12
2458493.3479924 11.17 0.15
2458493.3481673 11.02 0.13
2458493.3483408 11.00 0.13
2458493.3485142 11.04 0.14
2458493.3486876 10.92 0.12
2458493.3488611 11.00 0.13
2458493.3490345 10.84 0.11
2458493.3492080 10.96 0.13
2458493.3493814 11.06 0.14
2458493.3495549 11.04 0.14
2458493.3497286 10.97 0.13
2458493.3500758 11.02 0.13
2458493.3502494 11.01 0.13
2458493.3504230 10.79 0.11
2458493.3505966 11.03 0.14
2458493.3507702 10.91 0.12
2458493.3509438 11.01 0.13
2458493.3511174 11.23 0.16
2458493.3512911 10.89 0.12
2458493.3514647 10.99 0.13
2458493.3516383 11.03 0.13
2458493.3518119 10.94 0.13
2458493.3519855 10.90 0.12
2458493.3521591 10.96 0.13
2458493.3523327 10.98 0.13
2458493.3525063 10.91 0.12
2458493.3526799 10.78 0.11
2458493.3528535 10.88 0.12
2458493.3530272 10.84 0.11
2458493.3532008 10.83 0.11
2458493.3533744 10.94 0.12
2458493.3538952 10.96 0.13
2458493.3540688 10.96 0.13
2458493.3542424 11.00 0.13
2458493.3545897 10.80 0.11
2458493.3547633 10.99 0.13
2458493.3549369 10.95 0.12
2458493.3551105 10.79 0.11
2458493.3554577 10.96 0.13
2458493.3556313 10.82 0.11
2458493.3558049 10.96 0.13
2458493.3559786 11.03 0.13
2458493.3561522 11.02 0.13
2458493.3563258 10.91 0.12
2458493.3564994 11.02 0.13
2458493.3566730 10.94 0.12
2458493.3568466 10.92 0.12
2458493.3570202 11.03 0.13
2458493.3571938 10.86 0.11
2458493.3573674 11.02 0.13
2458493.3575411 11.19 0.16
2458493.3577147 11.06 0.14
2458493.3578883 10.83 0.11
2458493.3580619 10.97 0.13
2458493.3582355 10.87 0.12
2458493.3585827 10.95 0.12
2458493.3587563 10.88 0.12
2458493.3592772 10.99 0.13
2458493.3596244 10.97 0.13
2458493.3597980 11.04 0.13
2458493.3599716 10.91 0.12
2458493.3603199 10.99 0.13
2458493.3604934 10.95 0.13
2458493.3608403 10.78 0.11
2458493.3610137 10.91 0.12
2458493.3613606 10.74 0.10
2458493.3617077 10.94 0.12
2458493.3618813 11.08 0.14
2458493.3622285 10.89 0.12
2458493.3624022 11.14 0.15
2458493.3627494 11.17 0.15
2458493.3629230 11.04 0.14
2458493.3630966 10.87 0.12
2458493.3632702 10.86 0.12
2458493.3634438 10.97 0.13
2458493.3636174 10.90 0.12
2458493.3637911 10.99 0.13
2458493.3639647 10.90 0.12
2458493.3641383 11.08 0.14
2458493.3643119 10.98 0.13
2458493.3644855 10.94 0.13
2458493.3646591 11.02 0.14
2458493.3653536 11.06 0.14
2458493.3655272 10.95 0.12
2458493.3657008 10.95 0.13
2458493.3660480 10.98 0.13
2458493.3662216 11.09 0.14
2458493.3665688 10.93 0.12
2458493.3667424 10.88 0.12
2458493.3669161 10.88 0.12
2458493.3672633 10.95 0.12
2458493.3674369 10.99 0.13
2458493.3676105 11.05 0.14
2458493.3677841 10.94 0.12
2458493.3683049 10.87 0.12
2458493.3684785 10.92 0.12
2458493.3686522 10.90 0.12
2458493.3689994 10.92 0.12
2458493.3691730 11.10 0.14
2458493.3698674 10.89 0.12
2458493.3700410 10.72 0.10
2458493.3702147 10.93 0.12
2458493.3707355 11.08 0.14
2458493.3709091 10.96 0.13
2458493.3712563 10.76 0.11
2458493.3716036 10.85 0.12
2458493.3717772 10.99 0.13
2458493.3719508 10.91 0.12
2458493.3721257 10.91 0.12
2458493.3722991 11.05 0.14
2458493.3724725 10.97 0.13
2458493.3726460 10.87 0.12
2458493.3728194 10.91 0.12
2458493.3729928 10.92 0.12
2458493.3731663 10.95 0.13
2458493.3733397 10.81 0.11
2458493.3735133 11.14 0.15
2458493.3738605 10.98 0.13
2458493.3743813 11.12 0.15
2458493.3745549 11.09 0.14
2458493.3749022 10.96 0.13
2458493.3750758 11.13 0.15
2458493.3752494 10.91 0.12
2458493.3754230 10.99 0.13
2458493.3755966 11.07 0.14
2458493.3759438 10.74 0.10
2458493.3761174 10.99 0.13
2458493.3762910 11.10 0.15
2458493.3764647 10.94 0.13
2458493.3766383 10.93 0.13
2458493.3768119 11.08 0.14
2458493.3769855 11.02 0.14
2458493.3775063 11.07 0.14
2458493.3776799 10.88 0.12
2458493.3778535 10.99 0.13
2458493.3780272 10.71 0.10
2458493.3782008 11.02 0.14
2458493.3783744 11.04 0.14
2458493.3785480 10.95 0.13
2458493.3787216 11.12 0.15
2458493.3788952 10.91 0.12
2458493.3790688 11.04 0.14
2458493.3794161 11.05 0.14
2458493.3797633 10.98 0.13
2458493.3799369 10.90 0.12
2458493.3801105 10.95 0.13
2458493.3802841 11.08 0.14
2458493.3804577 10.99 0.13
2458493.3808049 10.87 0.12
2458493.3811522 10.94 0.13
2458493.3813258 11.09 0.15
2458493.3818466 10.73 0.11
2458493.3820202 10.95 0.13
2458493.3823674 10.74 0.11
2458493.3825411 11.01 0.14
2458493.3827147 10.95 0.13
2458493.3828883 10.98 0.13
2458493.3832355 10.89 0.12
2458493.3834091 11.07 0.15
2458493.3835827 10.85 0.12
2458493.3839313 10.94 0.13
2458493.3841048 10.81 0.11
2458493.3842782 10.95 0.13
2458493.3844517 10.81 0.12
2458493.3846251 11.03 0.14
2458493.3849720 10.87 0.12
2458493.3851454 10.94 0.13
2458493.3853189 10.94 0.13
2458493.3854924 11.02 0.14
2458493.3856660 10.79 0.11
2458493.3860133 10.88 0.12
2458493.3863605 10.74 0.11
2458493.3865341 11.02 0.14
2458493.3867077 10.78 0.11
2458493.3868813 10.77 0.11
2458493.3870549 10.89 0.12
2458493.3872286 10.99 0.14
2458493.3874022 10.76 0.11
2458493.3875758 10.93 0.13
2458493.3877494 10.86 0.12
2458493.3882702 10.82 0.12
2458493.3884438 10.78 0.11
2458493.3886174 11.00 0.14
2458493.3887911 10.99 0.14
2458493.3891383 10.96 0.13
2458493.3894855 10.95 0.13
2458493.3896591 10.97 0.13
2458493.3898327 10.96 0.13
2458493.3900063 10.84 0.12
2458493.3901799 10.68 0.10
2458493.3903536 10.95 0.13
2458493.3905272 10.99 0.13
2458493.3907008 10.64 0.10
2458493.3912216 11.09 0.15
2458493.3913952 11.13 0.15
2458493.3915688 11.12 0.15
2458493.3917424 10.93 0.13
2458493.3919160 10.93 0.13
2458493.3920897 11.09 0.15
2458493.3922633 10.70 0.10
2458493.3924369 10.96 0.13
2458493.3926105 10.88 0.12
2458493.3927841 11.11 0.15
2458493.3929577 10.78 0.11
2458493.3931313 10.85 0.12
2458493.3933049 10.83 0.12
2458493.3934785 10.89 0.12
2458493.3936522 11.12 0.15
2458493.3938258 10.97 0.13
2458493.3939994 11.13 0.16
2458493.3941730 10.94 0.13
2458493.3943466 10.96 0.13
2458493.3946938 11.01 0.14
2458493.3950411 10.99 0.14
2458493.3952147 10.91 0.13
2458493.3953883 10.86 0.12
2458493.3964308 11.06 0.15
2458493.3967777 11.16 0.16
2458493.3971246 11.00 0.14
2458493.3972980 10.91 0.13
2458493.3976452 11.05 0.14
2458493.3978188 10.88 0.12
2458493.3979924 11.01 0.14
2458493.3981661 11.03 0.14
2458493.3983397 10.81 0.12
2458493.3985133 10.78 0.11
2458493.3986869 10.83 0.12
2458493.3988605 10.76 0.11
2458493.3990341 11.03 0.14
2458493.3993813 10.87 0.12
2458493.3995549 10.85 0.12
2458493.3997285 10.89 0.13
2458493.4000758 10.82 0.12
2458493.4002494 10.84 0.12
2458493.4004230 10.98 0.14
2458493.4005966 10.92 0.13
2458493.4007702 11.24 0.17
2458493.4009438 10.87 0.12
2458493.4011174 10.91 0.13
2458493.4019855 11.01 0.14
2458493.4021591 10.87 0.12
2458493.4023327 10.89 0.13
2458493.4026799 10.79 0.12
2458493.4028536 10.95 0.14
2458493.4032008 10.82 0.12
2458493.4038952 10.74 0.11
2458493.4040688 10.86 0.12
2458493.4042424 10.93 0.13
2458493.4044161 11.02 0.14
2458493.4047633 10.92 0.13
2458493.4049369 10.85 0.12
2458493.4051105 10.86 0.12
2458493.4052841 10.80 0.12
2458493.4054577 11.11 0.16
2458493.4056313 10.80 0.12
2458493.4058049 11.02 0.14
2458493.4061522 10.87 0.13
2458493.4063258 11.02 0.14
2458493.4066730 11.00 0.14
2458493.4068466 10.92 0.13
2458493.4070202 10.71 0.11
2458493.4071938 11.10 0.16
2458493.4073674 10.96 0.14
2458493.4075410 11.11 0.16
2458493.4077147 10.85 0.13
2458493.4078896 10.94 0.13
2458493.4080630 10.77 0.12
2458493.4091037 10.95 0.14
2458493.4092772 10.93 0.13
2458493.4096244 11.07 0.15
2458493.4101452 10.80 0.12
2458493.4103188 10.73 0.11
2458493.4113605 10.98 0.14
2458493.4118813 10.94 0.14
2458493.4120549 10.91 0.13
2458493.4122286 10.93 0.13
2458493.4124022 10.80 0.12
2458493.4125758 10.82 0.12
2458493.4127494 10.82 0.12
2458493.4129230 10.98 0.14
2458493.4130966 11.13 0.16
2458493.4132702 10.85 0.13
2458493.4134438 10.99 0.14
2458493.4137911 11.04 0.15
2458493.4141383 10.82 0.12
2458493.4143119 10.97 0.14
2458493.4144855 10.97 0.14
2458493.4146591 10.69 0.11
2458493.4148327 10.89 0.13
2458493.4150063 10.82 0.12
2458493.4153535 10.92 0.14
2458493.4155272 10.89 0.13
2458493.4157008 10.96 0.14
2458493.4158744 10.83 0.12
2458494.3463836 10.67 0.14
2458494.3475989 10.77 0.15
2458494.3502031 10.67 0.14
2458494.3508975 10.73 0.15
2458495.1611522 10.64 0.15
2458495.1713960 10.73 0.16
2458495.1717428 10.88 0.18
2458495.1720897 10.74 0.16
2458495.1722633 10.72 0.16
2458495.1745202 10.73 0.16
2458495.1753883 10.70 0.15
2458495.1762563 10.51 0.13
2458495.1788605 10.72 0.15
2458495.1832017 10.59 0.13
2458495.1835486 10.77 0.16
2458495.1844160 10.77 0.16
2458495.1849369 10.83 0.17
2458495.1868466 10.69 0.15
2458495.1887563 10.54 0.13
2458495.1906661 10.70 0.14
2458495.1913605 10.81 0.16
2458495.1917077 10.78 0.15
2458495.1930966 10.68 0.14
2458495.1979577 10.79 0.16
2458495.1989994 10.90 0.17
2458495.2024716 10.74 0.15
2458495.2031661 10.95 0.18
2458495.2033397 10.72 0.15
2458495.2035133 10.79 0.16
2458495.2042077 10.74 0.15
2458495.2043813 10.74 0.15
2458495.2049022 10.75 0.15
2458495.2094160 10.77 0.15
2458495.2099369 10.77 0.15
2458495.2102841 10.57 0.13
2458495.2108049 10.70 0.14
2458495.2114994 10.83 0.16
2458495.2127147 10.84 0.16
2458495.2137563 10.75 0.15
2458495.2146244 10.76 0.15
2458495.2158397 10.75 0.15
2458495.2213952 10.82 0.16
2458495.2239994 10.81 0.16
2458495.2243466 10.79 0.15
2458495.2252147 10.79 0.15
2458495.2257355 10.88 0.16
2458495.2300758 10.77 0.15
2458495.2302494 10.76 0.15
2458495.2330272 10.68 0.13
2458495.2332008 10.85 0.16
2458495.2338952 10.89 0.16
2458495.2342424 10.79 0.15
2458495.2354577 10.76 0.14
2458495.2361522 10.70 0.14
2458495.2364994 10.80 0.15
2458495.2370202 10.91 0.16
2458495.2373674 10.74 0.14
2458495.2394508 10.87 0.16
2458495.2406660 10.89 0.16
2458495.2408397 10.83 0.15
2458495.2410133 10.70 0.14
2458495.2437914 10.73 0.14
2458495.2441383 10.67 0.13
2458495.2448327 10.65 0.13
2458495.2451799 10.63 0.13
2458495.2457008 10.73 0.14
2458495.2472633 10.76 0.14
2458495.2483049 10.72 0.14
2458495.2484785 10.77 0.14
2458495.2509091 10.87 0.16
2458495.2531661 10.75 0.14
2458495.2535133 10.79 0.14
2458495.2538605 10.72 0.13
2458495.2540341 10.96 0.17
2458495.2543813 10.85 0.15
2458495.2545549 10.97 0.17
2458495.2555972 10.88 0.15
2458495.2562910 10.76 0.14
2458495.2564647 10.98 0.17
2458495.2569855 10.72 0.13
2458495.2571591 10.78 0.14
2458495.2592424 10.93 0.16
2458495.2595897 10.92 0.16
2458495.2597633 10.88 0.15
2458495.2599369 10.79 0.14
2458495.2601105 10.83 0.14
2458495.2604577 10.82 0.14
2458495.2616730 10.63 0.12
2458495.2635827 10.77 0.14
2458495.2637563 10.85 0.15
2458495.2639299 11.00 0.17
2458495.2651452 10.77 0.14
2458495.2668826 10.75 0.13
2458495.2672295 10.87 0.15
2458495.2687911 10.94 0.16
2458495.2689647 10.75 0.13
2458495.2693119 10.90 0.15
2458495.2698327 10.82 0.14
2458495.2705272 10.83 0.15
2458495.2708744 10.93 0.16
2458495.2712216 10.81 0.14
2458495.2717424 10.84 0.15
2458495.2720897 10.93 0.16
2458495.2724369 10.79 0.14
2458495.2745202 10.84 0.15
2458495.2764299 10.64 0.12
2458495.2771244 10.94 0.16
2458495.2774716 10.77 0.14
2458495.2793822 10.76 0.14
2458495.2802494 10.83 0.14
2458495.2805966 10.84 0.14
2458495.2818119 10.89 0.15
2458495.2819855 10.81 0.14
2458495.2821591 10.83 0.14
2458495.2825063 10.85 0.15
2458495.2828536 10.89 0.15
2458495.2832008 10.74 0.13
2458495.2833744 10.93 0.16
2458495.2837216 10.87 0.15
2458495.2838952 10.73 0.13
2458495.2840688 10.76 0.13
2458495.2842424 10.86 0.15
2458495.2847633 10.86 0.15
2458495.2854577 10.77 0.14
2458495.2859785 10.84 0.15
2458495.2863258 10.64 0.12
2458495.2868466 10.71 0.13
2458495.2871938 10.86 0.15
2458495.2877147 10.73 0.13
2458495.2878883 10.78 0.14
2458495.2887563 10.94 0.16
2458495.2889299 10.84 0.14
2458495.2897980 10.99 0.17
2458495.2899716 10.78 0.14
2458495.2911879 10.58 0.11
2458495.2917083 10.69 0.13
2458495.2927494 10.92 0.15
2458495.2930966 10.84 0.14
2458495.2932702 10.74 0.13
2458495.2936174 10.82 0.14
2458495.2944855 10.78 0.14
2458495.2946591 10.82 0.14
2458495.2951799 10.89 0.15
2458495.2955272 10.88 0.15
2458495.2970897 10.93 0.15
2458495.2972633 10.83 0.14
2458495.2974369 10.88 0.15
2458495.2977841 10.82 0.14
2458495.2979577 10.72 0.13
2458495.2984785 10.76 0.13
2458495.2986522 10.71 0.13
2458495.3000411 10.96 0.16
2458495.3002147 10.97 0.16
2458495.3003883 10.75 0.13
2458495.3005619 10.75 0.13
2458495.3007355 10.85 0.14
2458495.3009091 10.80 0.14
2458495.3014299 10.70 0.13
2458495.3017772 11.04 0.17
2458495.3019508 10.98 0.16
2458495.3021244 10.79 0.14
2458495.3022980 10.82 0.14
2458495.3028202 10.68 0.12
2458495.3029937 10.77 0.14
2458495.3035140 10.92 0.16
2458495.3038609 10.95 0.16
2458495.3042078 10.91 0.15
2458495.3043813 10.87 0.15
2458495.3047286 10.71 0.13
2458495.3049022 10.80 0.14
2458495.3052494 10.86 0.15
2458495.3054230 10.73 0.13
2458495.3055966 10.69 0.13
2458495.3057702 10.76 0.13
2458495.3059438 10.87 0.15
2458495.3062911 10.88 0.15
2458495.3071591 10.89 0.15
2458495.3080272 10.75 0.13
2458495.3082008 10.92 0.16
2458495.3083744 10.92 0.16
2458495.3085480 10.81 0.14
2458495.3088952 11.03 0.17
2458495.3101105 10.96 0.16
2458495.3102841 10.77 0.14
2458495.3108049 10.54 0.11
2458495.3109785 10.76 0.14
2458495.3111522 10.77 0.14
2458495.3114994 10.89 0.15
2458495.3118466 10.72 0.13
2458495.3121938 10.69 0.13
2458495.3125411 10.67 0.13
2458495.3127147 10.74 0.13
2458495.3132355 10.83 0.15
2458495.3134091 10.74 0.13
2458495.3135827 10.85 0.15
2458495.3139299 10.90 0.15
2458495.3141036 10.74 0.13
2458495.3146244 10.86 0.15
2458495.3147980 10.84 0.15
2458495.3151463 10.98 0.17
2458495.3153198 10.66 0.12
2458498.1660017 10.68 0.12
2458498.1665238 10.73 0.13
2458498.1673910 10.81 0.14
2458498.1675645 11.00 0.17
2458498.1677379 10.96 0.16
2458498.1680850 11.00 0.16
2458498.1682586 10.89 0.15
2458498.1684322 10.95 0.16
2458498.1686059 10.75 0.13
2458498.1687795 11.01 0.16
2458498.1689531 10.83 0.14
2458498.1693003 10.95 0.15
2458498.1694739 10.85 0.14
2458498.1696475 11.01 0.16
2458498.1698211 10.89 0.15
2458498.1699947 10.92 0.15
2458498.1701684 10.73 0.13
2458498.1703420 10.93 0.15
2458498.1705156 10.80 0.13
2458498.1706892 10.80 0.13
2458498.1708628 10.81 0.14
2458498.1710364 10.94 0.15
2458498.1713836 10.78 0.13
2458498.1715572 10.88 0.14
2458498.1717309 11.04 0.16
2458498.1719045 10.71 0.13
2458498.1720781 10.83 0.14
2458498.1727725 10.82 0.14
2458498.1736406 10.82 0.13
2458498.1738142 10.94 0.15
2458498.1739878 10.83 0.14
2458498.1745086 10.91 0.14
2458498.1752031 10.88 0.14
2458498.1753767 10.75 0.13
2458498.1755503 10.77 0.13
2458498.1757239 10.81 0.13
2458498.1762447 10.74 0.12
2458498.1767656 10.86 0.14
2458498.1769392 10.79 0.13
2458498.1771128 10.68 0.12
2458498.1772864 10.88 0.14
2458498.1774600 10.97 0.15
2458498.1779809 10.92 0.14
2458498.1783295 10.96 0.15
2458498.1788498 10.91 0.14
2458498.1790232 10.84 0.14
2458498.1793701 10.74 0.12
2458498.1795436 10.86 0.13
2458498.1797170 10.87 0.14
2458498.1798906 10.90 0.14
2458498.1802378 10.87 0.14
2458498.1804114 10.74 0.12
2458498.1805850 10.92 0.14
2458498.1807586 11.06 0.16
2458498.1809323 10.96 0.15
2458498.1816267 10.85 0.13
2458498.1818003 10.90 0.14
2458498.1819739 10.99 0.15
2458498.1823211 10.91 0.14
2458498.1826684 10.70 0.12
2458498.1828420 10.88 0.14
2458498.1833628 10.81 0.13
2458498.1835364 10.86 0.13
2458498.1838836 10.72 0.12
2458498.1842309 10.75 0.12
2458498.1845781 10.68 0.11
2458498.1847517 10.93 0.14
2458498.1854461 10.86 0.13
2458498.1863142 10.98 0.15
2458498.1864878 10.71 0.12
2458498.1871822 10.91 0.14
2458498.1882974 10.76 0.12
2458498.1885711 10.71 0.12
2458498.1887448 10.90 0.14
2458498.1889184 10.90 0.14
2458498.1892656 10.99 0.15
2458498.1894392 10.58 0.10
2458498.1897864 10.92 0.14
2458498.1899600 10.81 0.13
2458498.1901336 10.62 0.11
2458498.1903073 10.90 0.14
2458498.1904809 10.81 0.13
2458498.1910017 11.02 0.15
2458498.1911753 10.75 0.12
2458498.1913489 10.76 0.12
2458498.1915225 10.91 0.14
2458498.1918697 10.68 0.11
2458498.1920434 10.84 0.13
2458498.1922170 10.92 0.14
2458498.1923906 10.74 0.12
2458498.1925642 10.81 0.13
2458498.1929114 10.72 0.12
2458498.1930850 10.80 0.12
2458498.1932586 10.85 0.13
2458498.1934322 10.67 0.11
2458498.1937795 10.99 0.14
2458498.1941267 10.90 0.13
2458498.1943003 11.07 0.16
2458498.1944739 11.01 0.15
2458498.1946475 10.74 0.11
2458498.1949947 11.10 0.16
2458498.1951684 10.83 0.13
2458498.1953420 10.94 0.14
2458498.1955156 10.90 0.13
2458498.1956892 10.72 0.11
2458498.1958628 10.73 0.11
2458498.1960378 10.70 0.11
2458498.1965581 10.73 0.11
2458498.1970784 10.95 0.14
2458498.1972519 11.10 0.16
2458498.1975989 10.79 0.12
2458498.1977725 10.74 0.11
2458498.1979461 10.94 0.14
2458498.1981198 10.87 0.13
2458498.1982934 11.01 0.14
2458498.1989878 10.72 0.11
2458498.1991614 10.87 0.13
2458498.1993350 10.86 0.12
2458498.1995086 10.84 0.12
2458498.1996822 10.92 0.13
2458498.1998559 10.82 0.12
2458498.2000295 10.84 0.12
2458498.2005503 10.81 0.12
2458498.2007239 10.96 0.14
2458498.2008975 10.73 0.11
2458498.2012447 10.90 0.13
2458498.2014184 10.92 0.13
2458498.2017656 10.82 0.12
2458498.2021128 10.73 0.11
2458498.2022864 10.87 0.13
2458498.2024600 10.83 0.12
2458498.2026336 10.90 0.13
2458498.2028072 11.03 0.14
2458498.2029809 10.73 0.11
2458498.2031545 10.75 0.11
2458498.2033281 10.68 0.11
2458498.2035017 10.94 0.13
2458498.2040225 10.83 0.12
2458498.2041961 10.78 0.12
2458498.2043698 10.71 0.11
2458498.2045434 10.80 0.12
2458498.2047170 10.95 0.13
2458498.2048906 10.98 0.14
2458498.2050642 10.94 0.13
2458498.2052378 10.92 0.13
2458498.2054114 10.94 0.13
2458498.2055850 10.92 0.13
2458498.2057586 10.79 0.12
2458498.2059323 10.77 0.11
2458498.2061059 10.73 0.11
2458498.2062795 10.81 0.12
2458498.2064531 10.95 0.13
2458498.2068003 10.81 0.12
2458498.2069739 10.84 0.12
2458498.2074947 10.82 0.12
2458498.2078420 10.71 0.11
2458498.2081904 10.74 0.11
2458498.2083638 11.04 0.14
2458498.2085373 11.09 0.15
2458498.2087107 10.90 0.13
2458498.2088841 10.94 0.13
2458498.2090576 10.92 0.13
2458498.2092310 10.88 0.12
2458498.2094045 10.98 0.14
2458498.2095781 10.95 0.13
2458498.2097517 10.92 0.13
2458498.2099253 10.86 0.12
2458498.2100989 11.00 0.14
2458498.2102725 10.90 0.13
2458498.2104461 11.02 0.14
2458498.2106197 10.68 0.10
2458498.2107934 10.86 0.12
2458498.2109670 10.95 0.13
2458498.2111406 11.06 0.14
2458498.2113142 10.85 0.12
2458498.2114878 10.83 0.12
2458498.2118350 10.99 0.14
2458498.2120086 10.78 0.11
2458498.2121823 10.89 0.13
2458498.2123559 10.96 0.14
2458498.2127031 10.81 0.12
2458498.2133975 11.03 0.14
2458498.2135711 11.02 0.14
2458498.2139184 10.83 0.12
2458498.2142656 10.98 0.13
2458498.2144392 11.03 0.14
2458498.2146128 10.89 0.12
2458498.2147864 10.99 0.14
2458498.2151336 10.79 0.11
2458498.2153072 11.19 0.16
2458498.2154809 10.93 0.13
2458498.2156545 10.90 0.12
2458498.2158281 10.93 0.13
2458498.2160017 11.12 0.15
2458498.2161753 10.94 0.13
2458498.2163489 10.93 0.13
2458498.2166961 11.00 0.14
2458498.2168697 10.94 0.13
2458498.2172170 10.95 0.13
2458498.2173906 10.96 0.13
2458498.2175642 10.96 0.13
2458498.2177378 11.01 0.14
2458498.2179114 10.96 0.13
2458498.2180850 10.79 0.11
2458498.2182586 10.92 0.13
2458498.2186059 11.07 0.15
2458498.2189531 10.83 0.12
2458498.2191267 11.06 0.14
2458498.2193003 10.89 0.13
2458498.2194739 10.83 0.12
2458498.2198225 11.04 0.14
2458498.2199960 10.95 0.13
2458498.2201694 10.99 0.13
2458498.2203429 10.83 0.12
2458498.2205163 11.11 0.15
2458498.2208632 10.88 0.12
2458498.2210366 10.80 0.11
2458498.2212101 10.82 0.12
2458498.2213836 10.82 0.12
2458498.2215573 10.81 0.11
2458498.2217309 10.87 0.12
2458498.2220781 10.70 0.10
2458498.2222517 10.84 0.12
2458498.2227725 10.98 0.13
2458498.2229461 11.02 0.14
2458498.2231197 10.91 0.12
2458498.2236406 11.04 0.14
2458498.2238142 10.93 0.13
2458498.2239878 10.96 0.13
2458498.2241614 10.84 0.12
2458498.2243350 10.88 0.12
2458498.2245086 11.05 0.14
2458498.2246822 10.82 0.11
2458498.2248559 11.08 0.14
2458498.2250295 10.99 0.13
2458498.2252031 10.89 0.12
2458498.2253767 10.92 0.12
2458498.2255503 10.74 0.11
2458498.2257239 11.02 0.14
2458498.2258975 11.15 0.15
2458498.2260711 10.86 0.12
2458498.2264184 10.97 0.13
2458498.2269392 11.01 0.13
2458498.2271128 11.18 0.16
2458498.2274600 10.93 0.13
2458498.2276336 10.85 0.12
2458498.2278073 10.77 0.11
2458498.2279809 11.00 0.14
2458498.2281545 10.96 0.13
2458498.2283281 11.02 0.14
2458498.2285017 11.18 0.16
2458498.2286753 11.01 0.14
2458498.2288489 11.06 0.14
2458498.2290225 10.85 0.12
2458498.2291961 10.97 0.13
2458498.2293698 10.94 0.13
2458498.2295434 11.01 0.14
2458498.2298906 10.92 0.13
2458498.2302378 10.84 0.12
2458498.2304114 10.94 0.13
2458498.2305850 10.97 0.13
2458498.2307586 10.81 0.12
2458498.2309322 10.86 0.12
2458498.2312795 10.84 0.12
2458498.2314531 11.00 0.14
2458498.2316267 10.99 0.14
2458498.2318016 10.78 0.11
2458498.2319750 11.01 0.14
2458498.2321485 11.00 0.14
2458498.2323219 10.93 0.13
2458498.2324954 10.90 0.13
2458498.2326688 10.81 0.12
2458498.2328422 10.92 0.13
2458498.2330157 10.94 0.13
2458498.2331892 10.89 0.13
2458498.2333628 10.88 0.13
2458498.2335364 10.93 0.13
2458498.2342309 11.01 0.14
2458498.2344045 10.94 0.13
2458498.2347517 10.72 0.11
2458498.2349253 10.97 0.14
2458498.2350989 10.79 0.11
2458498.2354461 10.91 0.13
2458498.2356198 10.93 0.13
2458498.2357934 10.97 0.14
2458498.2359670 11.03 0.14
2458498.2361406 10.94 0.13
2458498.2363142 10.78 0.11
2458498.2366614 10.84 0.12
2458498.2368350 11.01 0.14
2458498.2370086 10.90 0.13
2458498.2371823 11.00 0.14
2458498.2373559 10.95 0.13
2458498.2375295 10.92 0.13
2458498.2378767 10.90 0.13
2458498.2382239 10.88 0.13
2458498.2383975 10.71 0.11
2458498.2387447 10.95 0.14
2458498.2390920 10.90 0.13
2458498.2392656 11.05 0.15
2458498.2394392 10.99 0.14
2458498.2396128 11.00 0.14
2458498.2397864 10.92 0.13
2458498.2399600 11.01 0.14
2458498.2401336 10.88 0.13
2458498.2403072 11.08 0.15
2458498.2406545 10.92 0.13
2458498.2408281 11.01 0.14
2458498.2410017 10.84 0.12
2458498.2411753 11.04 0.15
2458498.2413489 11.09 0.15
2458498.2415225 11.11 0.16
2458498.2420434 10.91 0.13
2458498.2422170 11.01 0.14
2458498.2423906 10.90 0.13
2458498.2427378 11.05 0.15
2458498.2429114 11.10 0.15
2458498.2430850 10.83 0.12
2458498.2432586 10.91 0.13
2458498.2434323 10.85 0.12
2458498.2437807 10.91 0.13
2458498.2441276 10.95 0.13
2458498.2443010 11.03 0.14
2458498.2444745 10.83 0.12
2458498.2446479 10.80 0.12
2458498.2448214 10.99 0.14
2458498.2449948 10.96 0.13
2458498.2451684 10.92 0.13
2458498.2453420 10.92 0.13
2458498.2456892 11.03 0.15
2458498.2458628 11.03 0.15
2458498.2460364 10.85 0.12
2458498.2462100 10.87 0.13
2458498.2463836 10.98 0.14
2458498.2469045 10.81 0.12
2458498.2472517 10.75 0.11
2458498.2474253 10.95 0.14
2458498.2475989 11.01 0.14
2458498.2479461 11.06 0.15
2458498.2482934 10.87 0.13
2458498.2484670 10.82 0.12
2458498.2486406 10.86 0.12
2458498.2489878 10.86 0.13
2458498.2491614 10.81 0.12
2458498.2493350 11.01 0.14
2458498.2496822 10.73 0.11
2458498.2498559 10.89 0.13
2458498.2500295 10.91 0.13
2458498.2503767 11.01 0.14
2458498.2508975 11.09 0.16
2458498.2512448 10.94 0.14
2458498.2514184 11.05 0.15
2458498.2519392 11.04 0.15
2458498.2521128 10.84 0.12
2458498.2522864 11.11 0.16
2458498.2524600 10.88 0.13
2458498.2528073 10.99 0.14
2458498.2529809 10.88 0.13
2458498.2535017 10.97 0.14
2458498.2536753 10.98 0.14
2458498.2538489 11.02 0.15
2458498.2540225 11.00 0.14
2458498.2541961 10.93 0.14
2458498.2545434 10.96 0.14
2458498.2547170 10.90 0.13
2458498.2548906 11.07 0.15
2458498.2550642 11.09 0.16
2458498.2554114 11.10 0.16
2458498.2557598 10.84 0.13
2458498.2559332 11.01 0.15
2458498.2561066 11.02 0.15
2458498.2562801 11.04 0.15
2458498.2564535 10.98 0.15
2458498.2566270 10.87 0.14
2458498.2568004 10.75 0.12
2458498.2569739 10.83 0.13
2458498.2573211 10.86 0.13
2458498.2574947 11.02 0.15
2458498.2576684 10.78 0.12
2458498.2578420 11.00 0.14
2458498.2580156 10.90 0.13
2458498.2581892 10.97 0.14
2458498.2583628 11.05 0.15
2458498.2587100 10.75 0.12
2458498.2590573 11.04 0.15
2458498.2592309 10.96 0.14
2458498.2594045 11.04 0.15
2458498.2599253 11.02 0.15
2458498.2600989 10.95 0.14
2458498.2602725 10.94 0.14
2458498.2606198 10.96 0.14
2458498.2607934 10.98 0.14
2458498.2611406 11.02 0.15
2458498.2613142 10.91 0.13
2458498.2614878 10.91 0.13
2458498.2616614 10.90 0.13
2458498.2618350 10.81 0.13
2458498.2620086 10.98 0.14
2458498.2623559 10.86 0.13
2458498.2627031 11.00 0.12
2458498.2630503 11.01 0.12
2458498.2632239 11.00 0.12
2458498.2633975 10.87 0.11
2458498.2635711 10.82 0.10
2458498.2637447 10.99 0.12
2458498.2639184 11.06 0.13
2458498.2640920 10.95 0.11
2458498.2642656 10.80 0.10
2458498.2644392 10.78 0.10
2458498.2646128 10.95 0.12
2458498.2647864 10.91 0.11
2458498.2649600 10.90 0.12
2458498.2651336 10.94 0.12
2458498.2653072 10.92 0.12
2458498.2656545 11.00 0.13
2458498.2658281 10.91 0.12
2458498.2660017 11.02 0.13
2458498.2661753 11.09 0.13
2458498.2663489 10.94 0.12
2458498.2665225 10.92 0.12
2458498.2666961 10.92 0.11
2458498.2668698 11.04 0.13
2458498.2670434 10.87 0.11
2458498.2672170 10.88 0.11
2458498.2673906 10.75 0.10
2458498.2675655 10.92 0.12
2458498.2677389 10.98 0.12
2458498.2679124 11.00 0.12
2458498.2680858 10.95 0.12
2458498.2682593 10.91 0.11
2458498.2684327 10.84 0.11
2458498.2686062 10.92 0.11
2458498.2687796 10.77 0.10
2458498.2689531 11.17 0.14
2458498.2691267 10.98 0.12
2458498.2693003 10.87 0.11
2458498.2694739 10.94 0.11
2458498.2696475 10.81 0.10
2458498.2698211 11.11 0.13
2458498.2699947 10.84 0.10
2458498.2701684 10.86 0.11
2458498.2703420 10.82 0.10
2458498.2705156 10.84 0.10
2458498.2706892 10.97 0.12
2458498.2708628 10.91 0.11
2458498.2710364 10.87 0.11
2458498.2712100 11.08 0.13
2458498.2713836 10.80 0.10
2458498.2715572 10.93 0.11
2458498.2717309 10.94 0.12
2458498.2719045 10.94 0.12
2458498.2720781 10.84 0.11
2458498.2722517 10.96 0.12
2458498.2724253 10.86 0.11
2458498.2725989 11.00 0.12
2458498.2727725 10.82 0.10
2458498.2729461 11.07 0.13
2458498.2731197 10.94 0.11
2458498.2732934 10.94 0.11
2458498.2734670 11.00 0.12
2458498.2736406 10.78 0.10
2458498.2738142 10.96 0.12
2458498.2739878 10.92 0.11
2458498.2741614 10.92 0.11
2458498.2743350 10.90 0.11
2458498.2745086 11.07 0.13
2458498.2746823 10.85 0.11
2458498.2750295 11.10 0.13
2458498.2752031 10.80 0.10
2458498.2753767 10.88 0.11
2458498.2755503 10.88 0.11
2458498.2757239 11.04 0.12
2458498.2758975 10.82 0.10
2458498.2760711 10.91 0.11
2458498.2762448 10.80 0.10
2458498.2764184 10.92 0.11
2458498.2765920 10.92 0.11
2458498.2767656 11.02 0.12
2458498.2769392 10.77 0.10
2458498.2771128 11.09 0.13
2458498.2772864 11.00 0.12
2458498.2774600 10.93 0.11
2458498.2776336 11.11 0.13
2458498.2778072 11.12 0.13
2458498.2779809 10.93 0.11
2458498.2781545 10.94 0.11
2458498.2783281 11.01 0.12
2458498.2785017 11.06 0.13
2458498.2786753 10.90 0.11
2458498.2791961 10.79 0.10
2458498.2793697 10.76 0.10
2458498.2795448 10.99 0.12
2458498.2797182 10.98 0.12
2458498.2798916 10.92 0.11
2458498.2800651 10.95 0.12
2458498.2802385 10.88 0.11
2458498.2804120 10.83 0.10
2458498.2805854 10.92 0.12
2458498.2807589 10.80 0.11
2458498.2809323 10.89 0.11
2458498.2811059 10.78 0.10
2458498.2812795 10.94 0.12
2458498.2814531 10.83 0.10
2458498.2816267 10.94 0.12
2458498.2818003 10.95 0.12
2458498.2819739 10.96 0.12
2458498.2821475 11.01 0.12
2458498.2823211 10.82 0.10
2458498.2826684 10.76 0.10
2458498.2828420 10.95 0.12
2458498.2830156 10.93 0.12
2458498.2833628 11.13 0.14
2458498.2835364 10.82 0.10
2458498.2837100 11.04 0.13
2458498.2838836 10.89 0.11
2458498.2840573 10.92 0.11
2458498.2842309 10.90 0.11
2458498.2845781 11.07 0.13
2458498.2847517 10.76 0.10
2458498.2849253 10.89 0.11
2458498.2850989 10.95 0.12
2458498.2852725 11.09 0.13
2458498.2854461 11.03 0.13
2458498.2857934 10.83 0.11
2458498.2859670 10.89 0.11
2458498.2863142 10.88 0.11
2458498.2864878 10.86 0.11
2458498.2866614 10.87 0.11
2458498.2868350 10.97 0.12
2458498.2870086 10.94 0.12
2458498.2871822 10.87 0.11
2458498.2873559 11.22 0.15
2458498.2875295 10.91 0.11
2458498.2877031 10.93 0.12
2458498.2878767 11.09 0.14
2458498.2880503 10.91 0.11
2458498.2885711 10.86 0.11
2458498.2887447 10.86 0.11
2458498.2889184 10.79 0.10
2458498.2892656 10.83 0.11
2458498.2894392 10.71 0.09
2458498.2896128 10.92 0.12
2458498.2899600 10.89 0.11
2458498.2901336 11.02 0.13
2458498.2903073 10.86 0.11
2458498.2904809 10.87 0.11
2458498.2906545 10.94 0.12
2458498.2908281 10.76 0.10
2458498.2910017 10.85 0.11
2458498.2911753 11.10 0.14
2458498.2913489 10.88 0.11
2458498.2915239 10.94 0.12
2458498.2916974 10.92 0.12
2458498.2918708 10.90 0.11
2458498.2920443 10.87 0.11
2458498.2922177 10.72 0.10
2458498.2923912 10.79 0.10
2458498.2925646 10.81 0.11
2458498.2927381 10.95 0.12
2458498.2929115 10.90 0.12
2458498.2930850 10.93 0.12
2458498.2932586 10.97 0.12
2458498.2934322 11.08 0.14
2458498.2936059 10.86 0.11
2458498.2939531 10.80 0.10
2458498.2941267 10.93 0.12
2458498.2943003 11.01 0.13
2458498.2944739 10.82 0.11
2458498.2948211 10.93 0.13
2458498.2949947 10.98 0.13
2458498.2951684 11.08 0.14
2458498.2953420 10.74 0.10
2458498.2955156 10.90 0.11
2458498.2956892 10.95 0.12
2458498.2958628 10.93 0.12
2458498.2960364 10.85 0.11
2458498.2962100 10.89 0.11
2458498.2963836 10.93 0.12
2458498.2965572 10.85 0.11
2458498.2967309 10.61 0.09
2458498.2969045 10.95 0.12
2458498.2970781 10.83 0.11
2458498.2972517 10.82 0.10
2458498.2974253 10.69 0.09
2458498.2977725 10.86 0.11
2458498.2979461 10.93 0.12
2458498.2981198 11.14 0.14
2458498.2982934 10.81 0.10
2458498.2984670 10.72 0.10
2458498.2986406 10.91 0.11
2458498.2988142 11.03 0.13
2458498.2989878 10.92 0.12
2458498.2991614 10.81 0.11
2458498.2993350 10.88 0.11
2458498.2995086 10.88 0.11
2458498.2996823 11.14 0.14
2458498.2998559 10.89 0.11
2458498.3000295 10.91 0.12
2458498.3002031 11.01 0.13
2458498.3003767 10.67 0.09
2458498.3005503 10.93 0.12
2458498.3007239 10.84 0.11
2458498.3008975 11.06 0.13
2458498.3010711 10.89 0.11
2458498.3012447 11.01 0.13
2458498.3014184 10.84 0.11
2458498.3015920 10.84 0.11
2458498.3017656 11.01 0.13
2458498.3019392 11.04 0.13
2458498.3022864 10.89 0.11
2458498.3024600 10.82 0.11
2458498.3026336 11.06 0.13
2458498.3028072 11.10 0.14
2458498.3029809 10.81 0.10
2458498.3031545 10.79 0.10
2458498.3033281 10.98 0.12
2458498.3035017 10.68 0.09
2458498.3036766 10.83 0.11
2458498.3038500 11.02 0.12
2458498.3040235 10.90 0.11
2458498.3041969 10.98 0.12
2458498.3045438 10.96 0.12
2458498.3047172 10.75 0.10
2458498.3048907 11.05 0.13
2458498.3050642 10.97 0.12
2458498.3052378 10.80 0.10
2458498.3054114 10.82 0.11
2458498.3055850 10.95 0.12
2458498.3057586 11.10 0.14
2458498.3059323 10.75 0.10
2458498.3061059 10.93 0.12
2458498.3062795 10.81 0.10
2458498.3064531 11.10 0.14
2458498.3066267 10.94 0.12
2458498.3068003 10.91 0.12
2458498.3069739 10.93 0.12
2458498.3071475 10.95 0.12
2458498.3073211 11.16 0.15
2458498.3074948 11.01 0.13
2458498.3076684 10.91 0.12
2458498.3078420 10.88 0.11
2458498.3080156 10.88 0.11
2458498.3081892 10.78 0.10
2458498.3083628 10.85 0.11
2458498.3085364 10.94 0.12
2458498.3087100 10.98 0.12
2458498.3088836 10.76 0.10
2458498.3090572 11.04 0.13
2458498.3092309 10.89 0.12
2458498.3094045 10.87 0.11
2458498.3095781 10.94 0.12
2458498.3097517 11.00 0.13
2458498.3099253 11.04 0.13
2458498.3100989 10.85 0.11
2458498.3102725 10.77 0.10
2458498.3104461 10.87 0.11
2458498.3106197 11.14 0.15
2458498.3107934 10.85 0.11
2458498.3109670 10.85 0.11
2458498.3111406 10.64 0.09
2458498.3113142 10.69 0.10
2458498.3114878 10.85 0.11
2458498.3116614 11.01 0.13
2458498.3118350 10.88 0.11
2458498.3120086 10.81 0.11
2458498.3121822 10.84 0.11
2458498.3123559 10.99 0.13
2458498.3125295 11.03 0.13
2458498.3127031 10.89 0.12
2458498.3130503 11.07 0.14
2458498.3132239 10.99 0.13
2458498.3133975 10.87 0.11
2458498.3135711 10.87 0.11
2458498.3137448 10.73 0.10
2458498.3139184 10.84 0.11
2458498.3140920 10.92 0.12
2458498.3142656 10.81 0.11
2458498.3144392 10.83 0.11
2458498.3146128 10.82 0.11
2458498.3147864 11.17 0.15
2458498.3149600 10.92 0.12
2458498.3151336 10.81 0.11
2458498.3153073 10.82 0.11
2458498.3156558 10.86 0.11
2458498.3158292 10.88 0.11
2458498.3160027 10.99 0.13
2458498.3161761 10.80 0.11
2458498.3163496 10.80 0.11
2458498.3165230 10.83 0.11
2458498.3166965 10.73 0.10
2458498.3168699 10.83 0.11
2458498.3170434 10.98 0.12
2458498.3172170 10.91 0.12
2458498.3173906 11.00 0.13
2458498.3175642 11.02 0.13
2458498.3177378 11.00 0.13
2458498.3179114 10.84 0.11
2458498.3180850 11.02 0.13
2458500.2347285 10.66 0.13
2458500.2359438 10.79 0.14
2458500.2361174 10.85 0.15
2458500.2364647 10.75 0.13
2458500.2369855 10.82 0.14
2458500.2375063 10.77 0.14
2458500.2376799 10.78 0.14
2458500.2385480 10.96 0.16
2458500.2388952 10.78 0.14
2458500.2392424 10.86 0.15
2458500.2394161 10.94 0.16
2458500.2395897 10.73 0.13
2458500.2397633 10.90 0.15
2458500.2404577 10.87 0.15
2458500.2411522 10.82 0.14
2458500.2413258 10.90 0.15
2458500.2414994 10.90 0.15
2458500.2418466 10.91 0.15
2458500.2420202 10.76 0.13
2458500.2421938 10.72 0.13
2458500.2423674 10.85 0.14
2458500.2425410 10.85 0.14
2458500.2430619 10.76 0.13
2458500.2432355 10.90 0.15
2458500.2434091 10.83 0.14
2458500.2444520 10.92 0.15
2458500.2447989 10.74 0.13
2458500.2449724 10.85 0.14
2458500.2451458 10.88 0.14
2458500.2453193 10.92 0.15
2458500.2456661 10.96 0.15
2458500.2458397 10.80 0.13
2458500.2460133 10.93 0.15
2458500.2465341 10.80 0.13
2458500.2467077 10.86 0.14
2458500.2472286 10.80 0.13
2458500.2474022 10.87 0.14
2458500.2475758 10.79 0.13
2458500.2477494 10.99 0.16
2458500.2484438 10.81 0.13
2458500.2486174 10.74 0.12
2458500.2487910 10.77 0.13
2458500.2507008 10.80 0.13
2458500.2510480 10.68 0.12
2458500.2512216 10.81 0.13
2458500.2513952 10.84 0.13
2458500.2519160 11.07 0.17
2458500.2527841 10.71 0.12
2458500.2529577 10.76 0.13
2458500.2534786 10.78 0.13
2458500.2538258 10.84 0.14
2458500.2545202 10.87 0.14
2458500.2546938 10.98 0.15
2458500.2548674 10.95 0.15
2458500.2550411 10.84 0.14
2458500.2559091 11.04 0.16
2458500.2560827 10.87 0.14
2458500.2562563 10.77 0.13
2458500.2569515 10.88 0.14
2458500.2571250 10.79 0.13
2458500.2572984 10.92 0.14
2458500.2574719 10.90 0.14
2458500.2576453 10.87 0.14
2458500.2578188 10.96 0.15
2458500.2579924 10.91 0.14
2458500.2581660 10.97 0.15
2458500.2583397 10.79 0.13
2458500.2585133 11.00 0.16
2458500.2586869 10.81 0.13
2458500.2588605 10.84 0.13
2458500.2590341 10.65 0.11
2458500.2592077 10.89 0.14
2458500.2597285 10.86 0.14
2458500.2599022 10.91 0.14
2458500.2600758 10.90 0.14
2458500.2602494 10.91 0.14
2458500.2607702 10.97 0.15
2458500.2611174 10.96 0.15
2458500.2612911 10.88 0.14
2458500.2614647 11.00 0.15
2458500.2618119 11.00 0.15
2458500.2623327 10.76 0.12
2458500.2632008 11.03 0.16
2458500.2633744 10.89 0.14
2458500.2638952 10.82 0.13
2458500.2640688 10.97 0.15
2458500.2642424 11.10 0.16
2458500.2647633 10.88 0.13
2458500.2649369 10.82 0.13
2458500.2651105 10.89 0.14
2458500.2654577 10.82 0.13
2458500.2663258 10.83 0.13
2458500.2666730 10.93 0.14
2458500.2668466 10.82 0.13
2458500.2670202 10.88 0.13
2458500.2673674 10.91 0.14
2458500.2675410 10.91 0.14
2458500.2677147 10.71 0.11
2458500.2678883 10.84 0.13
2458500.2680619 10.92 0.14
2458500.2685839 10.97 0.14
2458500.2687573 10.96 0.14
2458500.2689307 10.93 0.14
2458500.2692776 10.88 0.13
2458500.2696245 10.96 0.14
2458500.2699716 10.76 0.12
2458500.2701452 10.84 0.13
2458500.2703188 11.10 0.16
2458500.2704924 10.89 0.14
2458500.2708397 10.71 0.11
2458500.2710133 10.87 0.13
2458500.2717077 10.92 0.14
2458500.2720549 10.85 0.13
2458500.2722285 11.03 0.15
2458500.2724022 10.94 0.14
2458500.2727494 10.92 0.14
2458500.2729230 11.00 0.15
2458500.2730966 10.84 0.13
2458500.2732702 11.00 0.15
2458500.2734438 10.73 0.11
2458500.2736174 10.83 0.13
2458500.2737910 10.87 0.13
2458500.2739647 11.07 0.16
2458500.2741383 10.95 0.14
2458500.2743119 10.92 0.14
2458500.2744855 10.89 0.13
2458500.2746591 10.82 0.13
2458500.2748327 10.65 0.11
2458500.2751799 10.86 0.13
2458500.2753535 10.88 0.13
2458500.2755272 10.87 0.13
2458500.2763952 10.92 0.14
2458500.2770897 10.87 0.13
2458500.2776105 11.07 0.16
2458500.2779577 10.82 0.13
2458500.2781313 10.95 0.14
2458500.2783049 10.99 0.15
2458500.2784786 11.03 0.15
2458500.2786522 10.71 0.12
2458500.2788258 10.93 0.14
2458500.2793466 10.87 0.13
2458500.2798674 10.89 0.13
2458500.2803896 11.03 0.15
2458500.2805631 10.98 0.14
2458500.2809100 10.86 0.13
2458500.2814303 10.84 0.13
2458500.2817772 10.81 0.12
2458500.2819508 10.85 0.13
2458500.2824716 10.94 0.14
2458500.2828188 10.68 0.11
2458500.2829924 10.79 0.12
2458500.2833397 10.92 0.14
2458500.2835133 10.91 0.14
2458500.2836869 10.86 0.13
2458500.2838605 10.89 0.13
2458500.2840341 10.87 0.13
2458500.2845549 11.00 0.15
2458500.2847286 10.96 0.14
2458500.2849022 10.78 0.12
2458500.2852494 11.00 0.15
2458500.2854230 10.84 0.13
2458500.2855966 10.90 0.13
2458500.2857702 10.78 0.12
2458500.2859438 10.91 0.13
2458500.2861174 10.77 0.12
2458500.2862911 10.97 0.14
2458500.2864647 10.90 0.13
2458500.2866383 10.77 0.12
2458500.2868119 10.90 0.13
2458500.2871591 11.07 0.16
2458500.2873327 10.84 0.13
2458500.2875063 10.97 0.15
2458500.2876799 11.06 0.16
2458500.2878535 10.93 0.14
2458500.2880272 10.96 0.14
2458500.2883744 10.92 0.14
2458500.2885480 11.06 0.15
2458500.2887216 10.85 0.13
2458500.2888952 10.93 0.14
2458500.2890688 11.09 0.16
2458500.2892424 11.05 0.15
2458500.2894160 10.94 0.14
2458500.2895897 10.89 0.13
2458500.2897633 10.96 0.14
2458500.2899369 10.85 0.13
2458500.2901105 11.02 0.15
2458500.2902841 10.84 0.12
2458500.2904577 10.90 0.13
2458500.2906313 10.82 0.12
2458500.2908049 10.83 0.12
2458500.2909785 11.00 0.14
2458500.2911522 10.92 0.13
2458500.2913258 10.97 0.14
2458500.2914994 10.96 0.14
2458500.2916730 10.71 0.11
2458500.2918466 10.98 0.14
2458500.2920202 10.97 0.14
2458500.2921938 11.11 0.15
2458500.2923688 10.79 0.11
2458500.2925423 10.95 0.13
2458500.2927157 10.87 0.12
2458500.2928892 10.96 0.13
2458500.2930626 10.88 0.13
2458500.2932360 11.03 0.14
2458500.2934095 10.80 0.12