2458467.3673723 10.79 0.12
2458467.3677195 10.89 0.13
2458467.3678931 10.71 0.11
2458467.3680667 10.87 0.13
2458467.3682403 10.90 0.13
2458467.3684139 10.73 0.11
2458467.3685875 10.74 0.12
2458467.3689347 10.87 0.13
2458467.3691084 10.99 0.15
2458467.3694556 10.85 0.13
2458467.3696292 10.94 0.14
2458467.3698028 10.72 0.12
2458467.3701500 10.77 0.12
2458467.3703236 10.90 0.14
2458467.3710181 10.94 0.14
2458467.3711917 11.03 0.15
2458467.3713653 10.90 0.14
2458467.3715389 10.96 0.14
2458467.3720598 10.90 0.14
2458467.3722334 10.79 0.12
2458467.3724070 10.81 0.13
2458467.3727542 10.84 0.13
2458467.3729278 10.83 0.13
2458467.3732750 10.57 0.10
2458467.3734486 10.92 0.14
2458467.3736223 10.86 0.13
2458467.3737959 10.96 0.14
2458467.3741431 10.80 0.12
2458467.3744903 11.01 0.15
2458467.3746639 10.87 0.13
2458467.3748375 10.80 0.12
2458467.3750111 10.92 0.14
2458467.3751848 10.94 0.14
2458467.3753584 10.74 0.12
2458467.3755332 10.88 0.13
2458467.3760536 10.77 0.12
2458467.3762270 10.91 0.14
2458467.3764005 10.80 0.12
2458467.3765739 10.94 0.14
2458467.3767473 10.98 0.15
2458467.3769209 10.93 0.14
2458467.3770945 10.96 0.14
2458467.3772681 10.80 0.12
2458467.3774417 10.81 0.12
2458467.3779625 10.97 0.14
2458467.3781361 10.90 0.14
2458467.3783097 10.76 0.12
2458467.3784834 10.99 0.15
2458467.3786570 10.87 0.13
2458467.3788306 10.90 0.14
2458467.3790042 10.87 0.13
2458467.3791778 10.93 0.14
2458467.3793514 10.71 0.12
2458467.3795250 10.96 0.14
2458467.3796986 11.00 0.15
2458467.3798723 10.78 0.12
2458467.3802195 10.80 0.13
2458467.3803931 10.99 0.15
2458467.3805667 10.91 0.14
2458467.3807403 10.96 0.14
2458467.3809139 11.08 0.16
2458467.3810875 10.77 0.12
2458467.3812611 10.94 0.14
2458467.3814348 10.87 0.13
2458467.3816084 10.93 0.14
2458467.3817820 10.87 0.13
2458467.3819556 10.92 0.14
2458467.3821292 10.97 0.15
2458467.3824764 10.96 0.15
2458467.3826500 10.82 0.13
2458467.3828236 10.96 0.14
2458467.3831709 10.87 0.13
2458467.3833445 10.78 0.12
2458467.3835181 10.91 0.14
2458467.3845597 10.97 0.15
2458467.3847334 10.85 0.13
2458467.3849070 10.96 0.15
2458467.3850806 10.86 0.13
2458467.3854278 10.88 0.14
2458467.3856014 10.74 0.12
2458467.3857750 11.00 0.15
2458467.3859486 10.74 0.12
2458467.3861222 10.97 0.15
2458467.3864695 11.00 0.15
2458467.3866431 10.92 0.14
2458467.3868167 10.96 0.15
2458467.3869903 11.00 0.15
2458467.3871639 10.99 0.15
2458467.3873389 10.91 0.14
2458467.3875123 10.74 0.12
2458467.3876858 10.81 0.13
2458467.3878592 10.94 0.14
2458467.3882061 10.96 0.15
2458467.3883795 10.87 0.13
2458467.3885530 10.78 0.12
2458467.3889000 10.86 0.13
2458467.3892473 11.00 0.15
2458467.3894209 10.97 0.15
2458467.3895945 10.71 0.12
2458467.3899417 10.76 0.12
2458467.3901153 10.85 0.13
2458467.3909834 10.79 0.13
2458467.3911570 10.83 0.13
2458467.3915042 10.76 0.12
2458467.3916778 10.92 0.14
2458467.3918514 10.90 0.14
2458467.3920250 10.94 0.14
2458467.3921986 10.82 0.13
2458467.3923722 10.86 0.14
2458467.3927195 10.90 0.14
2458467.3930667 10.81 0.13
2458467.3934139 10.87 0.14
2458467.3935875 10.74 0.12
2458467.3941084 10.75 0.12
2458467.3942820 10.98 0.15
2458467.3946292 10.81 0.13
2458467.3951500 10.88 0.14
2458467.3953236 11.00 0.15
2458467.3954973 10.92 0.14
2458467.3958445 10.77 0.13
2458467.3961917 10.94 0.15
2458467.3963653 10.87 0.14
2458467.3967125 10.93 0.14
2458467.3970598 10.81 0.13
2458467.3972334 10.93 0.14
2458467.3979278 10.89 0.14
2458467.3981014 10.92 0.14
2458467.3987959 11.01 0.15
2458467.3989695 10.81 0.13
2458467.3991431 10.72 0.12
2458467.3993180 11.05 0.16
2458467.3994914 10.82 0.13
2458467.3996649 10.84 0.13
2458467.4000118 11.03 0.16
2458467.4005321 10.71 0.12
2458467.4007056 10.83 0.13
2458467.4008792 10.97 0.15
2458467.4010528 10.97 0.15
2458467.4015736 10.70 0.12
2458467.4019209 10.90 0.14
2458467.4020945 10.85 0.13
2458467.4022681 11.06 0.16
2458467.4024417 10.86 0.14
2458467.4027889 10.88 0.14
2458467.4029625 10.86 0.13
2458467.4031361 11.12 0.17
2458467.4033098 10.97 0.15
2458467.4036570 10.88 0.14
2458467.4040042 10.77 0.13
2458467.4041778 10.92 0.14
2458467.4043514 10.92 0.14
2458467.4045250 10.78 0.13
2458467.4046986 10.99 0.15
2458467.4048723 10.83 0.13
2458467.4050459 10.73 0.12
2458467.4055667 10.74 0.12
2458467.4057403 10.73 0.12
2458467.4064348 10.93 0.15
2458467.4066084 11.11 0.17
2458467.4067820 10.96 0.15
2458467.4069556 10.71 0.12
2458467.4071292 10.97 0.15
2458467.4073028 10.76 0.12
2458467.4074764 10.91 0.14
2458467.4078236 10.93 0.15
2458467.4081709 10.78 0.13
2458467.4088653 10.96 0.15
2458467.4090389 10.99 0.15
2458467.4092125 10.87 0.14
2458467.4099070 10.94 0.15
2458467.4100806 10.90 0.14
2458467.4102542 10.77 0.13
2458467.4104278 10.98 0.15
2458467.4106014 10.84 0.13
2458467.4111236 11.08 0.17
2458467.4112971 10.91 0.14
2458467.4116440 10.86 0.14
2458467.4118174 10.81 0.13
2458467.4119908 10.98 0.15
2458467.4121643 10.79 0.13
2458467.4126848 10.82 0.13
2458467.4130320 10.78 0.13
2458467.4132056 10.93 0.15
2458467.4133792 10.73 0.12
2458467.4137264 10.91 0.14
2458467.4139000 10.76 0.13
2458467.4151153 10.93 0.15
2458467.4156361 10.84 0.13
2458467.4158097 10.81 0.13
2458467.4159834 10.79 0.13
2458467.4163306 10.98 0.15
2458467.4165042 11.01 0.16
2458467.4166778 10.86 0.14
2458467.4168514 10.73 0.12
2458467.4170250 10.93 0.15
2458467.4173722 10.87 0.14
2458467.4178931 10.80 0.13
2458467.4182403 10.73 0.12
2458467.4187611 10.94 0.15
2458467.4194556 10.71 0.13
2458467.4196292 10.79 0.13
2458467.4203236 10.82 0.14
2458467.4204973 10.91 0.15
2458488.3044163 10.95 0.13
2458488.3045899 10.86 0.12
2458488.3047635 10.85 0.12
2458488.3049371 10.83 0.12
2458488.3051107 10.96 0.13
2458488.3052844 10.78 0.11
2458488.3054579 10.86 0.12
2458488.3056316 10.75 0.11
2458488.3058052 10.77 0.11
2458488.3059788 10.99 0.13
2458488.3063260 10.94 0.13
2458488.3064996 10.98 0.13
2458488.3070205 10.98 0.13
2458488.3071941 10.86 0.12
2458488.3075413 10.98 0.14
2458488.3077149 10.96 0.13
2458488.3080621 10.93 0.13
2458488.3084093 11.17 0.16
2458488.3085830 10.84 0.12
2458488.3087566 10.99 0.13
2458488.3089302 10.96 0.13
2458488.3091038 10.71 0.11
2458488.3092788 11.08 0.15
2458488.3094522 10.77 0.11
2458488.3096257 10.92 0.13
2458488.3097991 10.72 0.11
2458488.3099726 10.90 0.13
2458488.3101460 10.91 0.13
2458488.3103194 10.94 0.13
2458488.3104929 10.67 0.10
2458488.3106663 10.93 0.13
2458488.3108399 10.87 0.12
2458488.3110135 10.85 0.12
2458488.3111871 11.06 0.15
2458488.3113607 10.87 0.12
2458488.3115344 10.87 0.12
2458488.3117080 10.94 0.13
2458488.3118816 10.79 0.12
2458488.3120552 11.03 0.14
2458488.3122288 10.74 0.11
2458488.3124024 10.61 0.10
2458488.3125760 10.94 0.13
2458488.3130969 11.07 0.15
2458488.3132705 10.77 0.11
2458488.3134441 10.85 0.12
2458488.3136177 10.82 0.12
2458488.3137913 10.80 0.12
2458488.3139649 10.90 0.13
2458488.3141385 10.96 0.14
2458488.3143121 10.77 0.11
2458488.3144857 10.79 0.12
2458488.3146593 10.94 0.13
2458488.3148330 11.05 0.15
2458488.3150066 10.89 0.13
2458488.3151802 10.96 0.14
2458488.3153538 10.92 0.13
2458488.3155274 10.79 0.12
2458488.3157010 10.99 0.14
2458488.3158746 10.77 0.12
2458488.3160482 10.70 0.11
2458488.3162218 10.87 0.13
2458488.3163955 10.98 0.14
2458488.3167427 10.94 0.13
2458488.3169163 10.99 0.14
2458488.3170899 10.73 0.11
2458488.3172635 10.83 0.12
2458488.3174371 10.77 0.11
2458488.3176107 10.92 0.13
2458488.3177844 10.87 0.13
2458488.3181316 10.73 0.11
2458488.3184788 11.02 0.14
2458488.3186524 11.12 0.16
2458488.3188260 10.87 0.13
2458488.3193469 10.92 0.13
2458488.3195205 10.81 0.12
2458488.3196941 10.98 0.14
2458488.3200413 10.98 0.14
2458488.3203885 10.86 0.13
2458488.3205621 11.05 0.15
2458488.3207357 10.82 0.12
2458488.3209094 10.87 0.13
2458488.3210830 10.97 0.14
2458488.3212579 10.89 0.13
2458488.3214314 10.98 0.14
2458488.3216048 10.83 0.12
2458488.3217783 10.88 0.13
2458488.3219517 11.01 0.15
2458488.3221252 10.80 0.12
2458488.3222986 10.90 0.13
2458488.3224720 10.89 0.13
2458488.3229927 10.76 0.12
2458488.3231663 10.87 0.13
2458488.3233399 10.83 0.12
2458488.3235135 10.93 0.13
2458488.3236871 10.82 0.12
2458488.3238607 11.08 0.16
2458488.3240343 10.92 0.13
2458488.3242080 10.93 0.14
2458488.3243816 11.02 0.15
2458488.3245552 10.75 0.12
2458488.3247288 11.07 0.15
2458488.3250760 10.96 0.14
2458488.3252496 10.96 0.14
2458488.3257705 10.83 0.13
2458488.3259441 10.86 0.13
2458488.3261177 10.86 0.13
2458488.3262913 10.80 0.12
2458488.3264649 10.77 0.12
2458488.3266385 10.71 0.11
2458488.3268121 10.91 0.13
2458488.3271594 10.72 0.11
2458488.3273330 11.07 0.15
2458488.3275066 10.89 0.13
2458488.3276802 10.96 0.14
2458488.3278538 10.92 0.14
2458488.3280274 10.80 0.12
2458488.3282010 10.95 0.14
2458488.3283746 10.94 0.14
2458488.3285482 10.93 0.14
2458488.3287218 10.89 0.13
2458488.3288955 11.00 0.14
2458488.3290691 10.76 0.12
2458488.3292427 10.96 0.14
2458488.3297635 10.84 0.13
2458488.3299371 10.74 0.11
2458488.3301107 10.86 0.13
2458488.3302843 10.83 0.13
2458488.3304580 10.93 0.14
2458488.3306316 10.86 0.13
2458488.3308052 10.89 0.13
2458488.3309788 10.92 0.14
2458488.3311524 10.82 0.12
2458488.3313260 11.04 0.15
2458488.3314996 10.77 0.12
2458488.3316732 10.80 0.12
2458488.3320205 10.95 0.14
2458488.3321941 10.83 0.12
2458488.3323677 10.85 0.13
2458488.3327149 10.89 0.13
2458488.3328885 10.91 0.13
2458488.3330621 11.02 0.15
2458488.3332370 10.73 0.11
2458488.3334105 10.85 0.13
2458488.3335839 10.98 0.14
2458488.3339308 10.90 0.13
2458488.3341043 10.79 0.12
2458488.3342777 10.87 0.13
2458488.3344511 10.85 0.13
2458488.3346246 10.95 0.14
2458488.3347982 10.76 0.12
2458488.3351455 10.76 0.12
2458488.3353191 10.84 0.13
2458488.3354927 10.65 0.11
2458488.3356663 10.68 0.11
2458488.3358399 10.93 0.14
2458488.3360135 10.77 0.12
2458488.3361871 10.95 0.14
2458488.3363607 10.97 0.14
2458488.3365344 10.76 0.12
2458488.3367080 10.90 0.13
2458488.3368816 10.77 0.12
2458488.3372288 10.68 0.11
2458488.3374024 10.92 0.14
2458488.3375760 10.80 0.12
2458488.3377496 10.88 0.13
2458488.3379232 10.84 0.13
2458488.3380968 10.66 0.11
2458488.3384441 10.77 0.12
2458488.3386177 10.71 0.11
2458488.3389649 10.67 0.11
2458488.3393121 10.92 0.14
2458488.3394857 10.75 0.12
2458488.3398330 10.85 0.13
2458488.3400066 10.85 0.13
2458488.3401802 10.92 0.14
2458488.3407010 10.70 0.11
2458488.3410482 10.66 0.11
2458488.3413955 10.73 0.12
2458488.3415691 10.80 0.12
2458488.3417427 10.93 0.14
2458488.3419163 11.01 0.15
2458488.3420899 10.88 0.13
2458488.3422635 10.85 0.13
2458488.3424371 10.87 0.13
2458488.3426107 10.83 0.13
2458488.3427844 10.65 0.11
2458488.3429580 10.91 0.14
2458488.3431316 11.10 0.16
2458488.3433052 10.83 0.13
2458488.3436524 10.98 0.15
2458488.3439996 10.69 0.11
2458488.3441732 10.74 0.12
2458488.3443469 10.56 0.10
2458488.3446941 10.98 0.15
2458488.3448677 10.86 0.13
2458488.3450413 10.91 0.14
2458488.3455631 10.84 0.13
2458488.3457365 10.78 0.12
2458488.3459100 10.75 0.12
2458488.3460834 10.84 0.13
2458488.3462569 10.83 0.13
2458488.3466038 10.95 0.14
2458488.3467774 10.84 0.13
2458488.3469510 11.03 0.15
2458488.3471246 10.70 0.11
2458488.3472982 10.86 0.13
2458488.3474718 10.86 0.13
2458488.3478191 10.99 0.15
2458488.3479927 10.83 0.13
2458488.3481663 11.03 0.15
2458488.3483399 10.84 0.13
2458488.3485135 10.97 0.14
2458488.3486871 10.80 0.12
2458488.3488607 10.92 0.14
2458488.3493816 10.80 0.12
2458488.3495552 10.83 0.13
2458488.3499024 10.70 0.11
2458488.3500760 10.73 0.12
2458488.3504232 10.93 0.14
2458488.3505969 10.89 0.13
2458488.3507705 10.82 0.13
2458488.3511177 10.95 0.14
2458488.3516385 10.78 0.12
2458488.3518121 10.77 0.12
2458488.3519857 10.89 0.13
2458488.3521594 10.99 0.15
2458488.3523330 10.85 0.13
2458488.3525066 10.88 0.13
2458488.3526802 10.87 0.13
2458488.3530274 10.85 0.13
2458488.3532010 10.96 0.14
2458488.3533746 11.00 0.15
2458488.3535482 10.95 0.14
2458488.3537218 10.98 0.14
2458488.3538955 10.74 0.11
2458488.3540691 10.93 0.14
2458488.3542427 10.81 0.12
2458488.3544163 11.03 0.15
2458488.3545899 10.85 0.13
2458488.3547635 10.82 0.13
2458488.3549371 10.98 0.15
2458488.3551107 10.91 0.14
2458488.3554580 11.10 0.16
2458488.3556316 10.93 0.14
2458488.3558052 10.92 0.14
2458488.3559788 10.81 0.13
2458488.3561524 10.76 0.12
2458488.3563260 10.90 0.14
2458488.3564996 10.87 0.13
2458488.3566732 10.88 0.13
2458488.3568469 10.67 0.11
2458488.3570218 10.71 0.11
2458488.3571953 10.77 0.12
2458488.3573687 10.87 0.13
2458488.3575422 10.96 0.14
2458488.3577156 10.75 0.12
2458488.3578891 10.93 0.14
2458488.3580625 11.02 0.15
2458488.3582360 10.71 0.11
2458488.3584094 10.76 0.12
2458488.3585830 10.85 0.13
2458488.3587566 10.92 0.14
2458488.3589302 10.89 0.13
2458488.3591038 10.79 0.12
2458488.3592774 10.93 0.14
2458488.3596246 10.94 0.14
2458488.3597982 11.09 0.16
2458488.3599718 10.73 0.12
2458488.3601455 10.89 0.13
2458488.3603191 10.90 0.14
2458488.3604927 10.98 0.15
2458488.3606663 10.92 0.14
2458488.3608399 10.89 0.13
2458488.3610135 10.76 0.12
2458488.3611871 10.61 0.11
2458488.3613607 10.85 0.13
2458488.3617080 10.82 0.13
2458488.3618816 10.94 0.14
2458488.3620552 10.79 0.12
2458488.3622288 10.84 0.13
2458488.3624024 10.94 0.14
2458488.3625760 10.87 0.13
2458488.3627496 10.87 0.13
2458488.3629232 10.63 0.11
2458488.3636177 10.81 0.13
2458488.3637913 10.84 0.13
2458488.3639649 10.79 0.12
2458488.3641385 10.78 0.12
2458488.3643121 10.80 0.12
2458488.3648330 10.90 0.14
2458488.3651802 10.81 0.13
2458488.3653538 10.92 0.14
2458488.3657010 10.89 0.14
2458488.3660482 10.64 0.11
2458488.3662219 10.87 0.13
2458488.3663955 10.77 0.12
2458488.3665691 10.82 0.13
2458488.3670899 10.98 0.15
2458488.3672635 10.93 0.14
2458488.3676107 10.75 0.12
2458488.3677844 10.82 0.13
2458488.3679580 10.92 0.14
2458488.3681316 10.78 0.12
2458488.3683052 10.73 0.12
2458488.3684788 10.78 0.12
2458488.3686524 10.82 0.13
2458488.3688260 10.89 0.14
2458488.3690010 10.84 0.13
2458488.3691744 10.70 0.11
2458488.3696948 10.87 0.13
2458488.3698682 10.94 0.14
2458488.3700417 11.03 0.15
2458488.3702150 10.75 0.12
2458488.3705621 10.81 0.13
2458488.3710830 10.87 0.14
2458488.3712566 10.98 0.15
2458488.3714302 10.87 0.13
2458488.3716038 10.83 0.13
2458488.3717774 10.96 0.15
2458488.3721246 10.90 0.14
2458488.3722982 10.83 0.13
2458488.3724718 10.78 0.12
2458488.3726455 10.89 0.14
2458488.3728191 10.91 0.14
2458488.3729927 10.94 0.14
2458488.3731663 10.68 0.11
2458488.3733399 10.75 0.12
2458488.3735135 10.98 0.15
2458488.3736871 10.86 0.13
2458488.3738607 10.82 0.13
2458488.3740343 10.79 0.13
2458488.3742080 10.83 0.13
2458493.2519739 10.93 0.13
2458493.2521475 10.74 0.11
2458493.2523211 10.93 0.12
2458493.2524947 10.68 0.10
2458493.2526684 10.89 0.12
2458493.2528420 10.90 0.12
2458493.2530156 10.91 0.12
2458493.2531892 10.75 0.11
2458493.2533628 10.97 0.13
2458493.2535364 10.99 0.13
2458493.2537100 10.94 0.13
2458493.2538836 11.06 0.14
2458493.2540586 10.84 0.11
2458493.2542320 10.84 0.12
2458493.2544055 10.97 0.13
2458493.2545789 10.84 0.11
2458493.2547524 10.85 0.12
2458493.2549258 10.93 0.12
2458493.2550993 10.75 0.11
2458493.2552727 10.75 0.10
2458493.2554461 11.02 0.13
2458493.2557934 10.88 0.12
2458493.2559670 10.88 0.12
2458493.2561406 10.89 0.12
2458493.2563142 10.89 0.12
2458493.2564878 10.88 0.12
2458493.2566614 10.89 0.12
2458493.2568350 10.91 0.12
2458493.2571823 10.90 0.12
2458493.2573559 10.84 0.11
2458493.2575295 10.81 0.11
2458493.2577031 10.83 0.11
2458493.2578767 10.67 0.10
2458493.2580503 11.00 0.13
2458493.2582239 10.89 0.12
2458493.2583975 11.01 0.13
2458493.2585711 10.79 0.11
2458493.2587447 10.80 0.11
2458493.2589184 10.87 0.12
2458493.2590920 11.02 0.14
2458493.2592656 10.79 0.11
2458493.2594392 10.99 0.13
2458493.2596128 10.77 0.11
2458493.2597864 10.90 0.12
2458493.2599600 10.82 0.11
2458493.2601336 10.81 0.11
2458493.2603072 10.68 0.10
2458493.2604809 10.79 0.11
2458493.2606545 10.74 0.10
2458493.2608281 10.96 0.13
2458493.2610017 10.99 0.13
2458493.2611753 10.98 0.13
2458493.2613489 11.07 0.14
2458493.2615225 10.92 0.12
2458493.2618697 10.83 0.11
2458493.2620434 10.87 0.12
2458493.2622170 10.83 0.11
2458493.2623906 11.10 0.14
2458493.2625642 10.67 0.10
2458493.2627378 10.68 0.10
2458493.2630850 11.10 0.14
2458493.2632586 10.92 0.12
2458493.2634323 10.80 0.11
2458493.2636059 10.91 0.12
2458493.2637795 10.98 0.13
2458493.2639531 10.84 0.11
2458493.2641267 11.09 0.14
2458493.2643003 10.89 0.12
2458493.2644739 11.11 0.15
2458493.2646475 11.00 0.13
2458493.2648211 10.76 0.11
2458493.2649948 10.82 0.11
2458493.2651684 10.84 0.11
2458493.2653420 10.86 0.11
2458493.2655156 10.76 0.11
2458493.2656892 10.85 0.11
2458493.2658628 10.77 0.11
2458493.2660378 10.81 0.11
2458493.2662112 10.95 0.13
2458493.2663847 11.10 0.14
2458493.2665581 10.93 0.12
2458493.2667316 10.86 0.11
2458493.2669050 10.86 0.12
2458493.2670784 10.92 0.12
2458493.2672519 10.99 0.13
2458493.2674253 10.90 0.12
2458493.2675989 10.80 0.11
2458493.2677725 10.79 0.11
2458493.2679461 10.94 0.12
2458493.2681197 10.87 0.12
2458493.2682934 10.83 0.11
2458493.2684670 10.98 0.13
2458493.2686406 10.99 0.13
2458493.2688142 11.09 0.14
2458493.2689878 10.99 0.13
2458493.2691614 10.97 0.13
2458493.2693350 10.93 0.12
2458493.2695086 10.90 0.12
2458493.2696822 10.94 0.12
2458493.2698559 10.76 0.10
2458493.2700295 10.98 0.13
2458493.2702031 10.79 0.11
2458493.2703767 11.00 0.13
2458493.2705503 11.01 0.13
2458493.2707239 10.75 0.10
2458493.2708975 10.79 0.11
2458493.2710711 10.89 0.12
2458493.2712448 10.87 0.12
2458493.2714184 10.67 0.10
2458493.2715920 10.95 0.13
2458493.2717656 10.96 0.13
2458493.2719392 10.80 0.11
2458493.2721128 11.12 0.15
2458493.2722864 10.92 0.12
2458493.2724600 10.94 0.12
2458493.2726336 10.85 0.11
2458493.2728073 10.83 0.11
2458493.2729809 10.85 0.11
2458493.2731545 10.76 0.11
2458493.2733281 10.99 0.13
2458493.2735017 10.88 0.12
2458493.2736753 10.95 0.12
2458493.2738489 11.09 0.14
2458493.2740225 10.83 0.11
2458493.2741961 10.77 0.11
2458493.2743697 10.83 0.11
2458493.2745434 10.96 0.13
2458493.2747170 10.87 0.12
2458493.2748906 10.93 0.12
2458493.2750642 10.89 0.12
2458493.2752378 10.85 0.12
2458493.2754114 11.03 0.14
2458493.2755850 10.82 0.11
2458493.2757586 10.80 0.11
2458493.2759322 11.07 0.14
2458493.2761059 10.80 0.11
2458493.2762795 11.07 0.14
2458493.2764531 10.86 0.12
2458493.2766267 10.95 0.13
2458493.2768003 10.97 0.13
2458493.2769739 10.81 0.11
2458493.2771475 10.88 0.12
2458493.2773211 10.98 0.13
2458493.2774947 10.88 0.12
2458493.2776684 10.94 0.13
2458493.2778420 10.86 0.12
2458493.2780169 10.99 0.13
2458493.2781904 10.66 0.10
2458493.2783638 10.84 0.11
2458493.2785373 11.11 0.15
2458493.2787107 10.77 0.11
2458493.2788841 10.99 0.13
2458493.2790576 10.89 0.12
2458493.2792310 10.91 0.12
2458493.2794045 10.78 0.11
2458493.2795781 10.79 0.11
2458493.2797517 10.93 0.12
2458493.2799253 10.84 0.11
2458493.2800989 10.79 0.11
2458493.2802725 11.03 0.14
2458493.2804461 10.90 0.12
2458493.2806198 10.84 0.11
2458493.2807934 10.87 0.12
2458493.2809670 10.83 0.11
2458493.2811406 10.80 0.11
2458493.2813142 10.82 0.11
2458493.2814878 10.74 0.10
2458493.2816614 10.89 0.12
2458493.2818350 10.76 0.11
2458493.2820086 10.91 0.12
2458493.2821822 10.84 0.11
2458493.2823559 10.85 0.12
2458493.2825295 10.86 0.12
2458493.2827031 10.98 0.13
2458493.2828767 10.89 0.12
2458493.2830503 10.77 0.11
2458493.2832239 10.95 0.13
2458493.2833975 10.75 0.11
2458493.2835711 10.93 0.12
2458493.2837447 10.88 0.12
2458493.2839184 10.86 0.12
2458493.2840920 10.98 0.13
2458493.2842656 10.73 0.10
2458493.2844392 10.85 0.11
2458493.2846128 10.79 0.11
2458493.2847864 10.84 0.11
2458493.2849600 10.99 0.13
2458493.2851336 11.05 0.14
2458493.2853072 10.99 0.13
2458493.2854809 10.75 0.11
2458493.2856545 10.85 0.12
2458493.2860017 10.86 0.12
2458493.2863489 10.92 0.12
2458493.2865225 10.96 0.13
2458493.2866961 10.84 0.11
2458493.2868698 10.87 0.12
2458493.2870434 10.84 0.11
2458493.2872170 10.87 0.12
2458493.2873906 10.92 0.12
2458493.2875642 10.77 0.11
2458493.2877378 10.80 0.11
2458493.2879114 10.80 0.11
2458493.2880850 10.73 0.10
2458493.2882586 10.73 0.10
2458493.2884323 10.98 0.13
2458493.2886059 10.75 0.10
2458493.2887795 11.05 0.14
2458493.2889531 10.74 0.10
2458493.2891267 11.05 0.14
2458493.2893003 10.78 0.11
2458493.2894739 10.76 0.11
2458493.2896475 10.96 0.13
2458493.2898211 10.83 0.11
2458493.2899961 10.94 0.13
2458493.2901695 10.82 0.11
2458493.2903429 10.84 0.11
2458493.2905164 10.89 0.12
2458493.2906898 10.84 0.11
2458493.2908633 10.91 0.12
2458493.2910367 10.82 0.11
2458493.2912102 10.99 0.13
2458493.2913836 10.78 0.11
2458493.2915572 10.80 0.11
2458493.2917309 10.89 0.12
2458493.2919045 10.69 0.10
2458493.2920781 11.00 0.13
2458493.2922517 10.88 0.12
2458493.2924253 10.71 0.10
2458493.2925989 10.70 0.10
2458493.2927725 10.91 0.12
2458493.2929461 10.99 0.13
2458493.2931197 10.94 0.13
2458493.2932934 10.95 0.13
2458493.2934670 10.98 0.13
2458493.2936406 10.83 0.11
2458493.2938142 10.89 0.12
2458493.2939878 10.80 0.11
2458493.2941614 10.83 0.11
2458493.2943350 10.85 0.12
2458493.2945086 10.88 0.12
2458493.2946823 10.84 0.12
2458493.2948559 11.05 0.14
2458493.2950295 10.92 0.12
2458493.2952031 10.99 0.13
2458493.2953767 10.89 0.12
2458493.2955503 10.65 0.10
2458493.2957239 10.70 0.10
2458493.2958975 10.97 0.13
2458493.2960711 10.63 0.10
2458493.2962448 10.94 0.13
2458493.2964184 10.87 0.12
2458493.2965920 10.84 0.11
2458493.2967656 10.78 0.11
2458493.2969392 10.88 0.12
2458493.2971128 10.89 0.12
2458493.2972864 10.91 0.12
2458493.2974600 10.74 0.11
2458493.2976336 11.00 0.13
2458493.2978072 10.88 0.12
2458493.2979809 10.70 0.10
2458493.2981545 10.71 0.10
2458493.2983281 10.95 0.13
2458493.2985017 10.98 0.13
2458493.2986753 10.93 0.13
2458493.2988489 10.98 0.13
2458493.2990225 11.06 0.14
2458493.2991961 10.86 0.12
2458493.2993697 11.00 0.14
2458493.2995434 10.79 0.11
2458493.2997170 10.99 0.13
2458493.2998906 10.96 0.13
2458493.3000642 10.87 0.12
2458493.3002378 10.96 0.13
2458493.3004114 10.87 0.12
2458493.3005850 10.85 0.12
2458493.3007586 11.02 0.14
2458493.3018931 10.88 0.12
2458493.3021591 10.92 0.12
2458493.3023327 10.97 0.13
2458493.3025063 10.78 0.11
2458493.3026799 10.86 0.12
2458493.3028536 11.02 0.14
2458493.3030272 10.90 0.12
2458493.3032008 10.71 0.10
2458493.3033744 10.97 0.13
2458493.3035480 10.82 0.11
2458493.3037216 10.73 0.10
2458493.3038952 10.98 0.13
2458493.3040688 10.87 0.12
2458493.3042424 10.85 0.12
2458493.3044161 10.82 0.11
2458493.3045897 10.99 0.13
2458493.3047633 10.91 0.12
2458493.3051105 11.00 0.13
2458493.3052841 10.79 0.11
2458493.3054577 10.79 0.11
2458493.3056313 10.94 0.13
2458493.3058049 11.04 0.14
2458493.3059785 10.70 0.10
2458493.3061522 10.76 0.11
2458493.3063258 10.85 0.12
2458493.3064994 10.94 0.12
2458493.3066730 10.93 0.12
2458493.3068466 10.88 0.12
2458493.3070202 10.83 0.11
2458493.3071938 10.75 0.10
2458493.3073674 10.92 0.12
2458493.3075410 10.88 0.12
2458493.3077147 10.94 0.12
2458493.3078883 10.81 0.11
2458493.3084091 10.87 0.12
2458493.3085827 10.86 0.12
2458493.3087563 10.82 0.11
2458493.3089299 10.87 0.12
2458493.3091036 10.79 0.11
2458493.3092772 10.80 0.11
2458493.3094508 10.75 0.10
2458493.3096244 10.78 0.11
2458493.3097980 10.87 0.12
2458493.3099716 11.05 0.14
2458493.3101452 10.84 0.11
2458493.3103188 10.88 0.12
2458493.3104924 10.82 0.11
2458493.3106661 11.00 0.13
2458493.3108397 10.95 0.13
2458493.3110133 10.81 0.11
2458493.3111869 11.00 0.13
2458493.3113605 10.87 0.12
2458493.3115341 10.94 0.13
2458493.3118813 10.95 0.12
2458493.3120549 10.81 0.11
2458493.3122298 10.90 0.12
2458493.3124033 10.93 0.12
2458493.3125767 10.92 0.12
2458493.3127502 11.05 0.14
2458493.3129236 10.93 0.12
2458493.3130971 10.81 0.11
2458493.3132705 10.92 0.12
2458493.3134439 11.00 0.13
2458493.3136174 10.87 0.12
2458493.3137910 10.78 0.11
2458493.3139647 10.95 0.12
2458493.3141383 10.80 0.11
2458493.3143119 10.79 0.11
2458493.3144855 10.94 0.12
2458493.3146591 11.01 0.13
2458493.3148327 11.08 0.14
2458493.3150063 11.01 0.13
2458493.3151799 10.88 0.12
2458493.3153535 10.90 0.12
2458493.3157008 10.85 0.11
2458493.3158744 10.84 0.11
2458493.3160480 11.16 0.15
2458493.3163952 11.02 0.13
2458493.3165688 10.99 0.13
2458493.3167424 10.99 0.13
2458493.3169161 11.07 0.14
2458493.3170897 11.01 0.13
2458493.3172633 11.01 0.13
2458493.3174369 10.91 0.12
2458493.3176105 10.75 0.10
2458493.3177841 10.94 0.12
2458493.3179577 10.93 0.12
2458493.3181313 10.92 0.12
2458493.3183049 10.95 0.12
2458493.3184786 10.91 0.12
2458493.3186522 10.85 0.11
2458493.3188258 10.95 0.12
2458493.3189994 10.77 0.10
2458493.3191730 11.03 0.13
2458493.3193466 10.86 0.11
2458493.3195202 10.85 0.11
2458493.3196938 10.74 0.10
2458493.3198674 11.07 0.14
2458493.3200411 10.84 0.11
2458493.3202147 10.97 0.13
2458493.3203883 10.97 0.13
2458493.3205619 10.90 0.12
2458493.3207355 11.00 0.13
2458493.3209091 10.89 0.12
2458493.3210827 10.91 0.12
2458493.3212563 10.90 0.12
2458493.3214299 10.95 0.12
2458493.3216035 10.71 0.10
2458493.3217772 10.89 0.12
2458493.3219508 10.92 0.12
2458493.3221244 10.77 0.10
2458493.3222980 10.81 0.11
2458493.3224716 10.74 0.10
2458493.3226452 10.88 0.12
2458493.3228188 11.12 0.14
2458493.3229924 10.77 0.10
2458493.3231662 10.94 0.12
2458493.3233397 10.99 0.13
2458493.3235133 10.87 0.12
2458493.3236869 10.79 0.11
2458493.3238605 10.77 0.11
2458493.3240341 10.85 0.11
2458493.3242090 10.86 0.11
2458493.3243824 10.73 0.10
2458493.3245559 11.04 0.13
2458493.3247293 11.03 0.13
2458493.3249028 10.93 0.12
2458493.3250762 10.96 0.12
2458493.3252497 10.73 0.10
2458493.3254231 11.00 0.13
2458493.3255966 11.11 0.14
2458493.3257702 10.88 0.12
2458493.3259438 10.97 0.13
2458493.3261174 10.67 0.09
2458493.3262911 10.93 0.12
2458493.3264647 10.86 0.11
2458493.3266383 10.99 0.13
2458493.3268119 11.08 0.14
2458493.3269855 11.08 0.14
2458493.3273327 11.05 0.14
2458493.3275063 10.74 0.10
2458493.3276799 10.83 0.11
2458493.3278536 10.92 0.12
2458493.3280272 10.91 0.12
2458493.3282008 10.98 0.13
2458493.3283744 10.83 0.11
2458493.3285480 10.99 0.13
2458493.3288952 11.13 0.14
2458493.3290688 10.91 0.12
2458493.3292430 10.81 0.11
2458493.3294160 11.08 0.14
2458493.3295897 11.01 0.13
2458493.3297633 10.91 0.12
2458493.3299369 10.91 0.12
2458493.3301105 10.83 0.11
2458493.3302841 10.93 0.12
2458493.3304577 10.93 0.12
2458493.3306313 10.91 0.12
2458493.3308049 10.70 0.10
2458493.3309785 10.96 0.12
2458493.3311522 11.04 0.13
2458493.3313258 10.80 0.11
2458493.3314994 10.84 0.11
2458493.3316730 10.86 0.11
2458493.3318466 11.01 0.13
2458493.3320202 10.68 0.10
2458493.3321938 10.82 0.11
2458493.3323674 10.77 0.10
2458493.3325411 10.99 0.13
2458493.3327147 10.79 0.11
2458493.3328883 10.80 0.11
2458493.3330619 10.82 0.11
2458493.3332355 11.02 0.13
2458493.3334091 10.87 0.11
2458493.3335827 11.03 0.13
2458493.3337563 10.94 0.12
2458493.3339299 10.74 0.10
2458493.3341036 11.10 0.14
2458493.3342772 10.95 0.12
2458493.3344508 10.85 0.11
2458493.3346244 10.81 0.11
2458493.3347980 10.77 0.10
2458493.3351452 10.86 0.11
2458493.3353188 11.04 0.13
2458493.3354924 10.92 0.12
2458493.3356661 10.77 0.10
2458493.3358397 10.87 0.12
2458493.3360133 10.94 0.12
2458493.3361882 10.84 0.11
2458493.3363616 11.04 0.14
2458493.3365351 10.94 0.12
2458493.3367085 10.99 0.13
2458493.3368820 11.04 0.13
2458493.3370554 10.93 0.12
2458493.3372288 11.01 0.13
2458493.3374023 10.92 0.12
2458493.3375758 10.99 0.13
2458493.3377494 11.07 0.14
2458493.3379230 10.92 0.12
2458493.3380966 10.98 0.13
2458493.3382702 10.77 0.10
2458493.3384438 10.81 0.11
2458493.3386174 10.97 0.13
2458493.3387910 10.92 0.12
2458493.3389647 11.00 0.13
2458493.3391383 10.79 0.11
2458493.3393119 10.85 0.11
2458493.3394855 10.85 0.11
2458493.3396591 10.82 0.11
2458493.3398327 10.79 0.11
2458493.3400063 10.90 0.12
2458493.3401799 10.95 0.13
2458493.3403536 10.88 0.12
2458493.3405272 10.91 0.12
2458493.3407008 10.97 0.13
2458493.3408744 11.07 0.14
2458493.3410480 10.73 0.10
2458493.3412216 11.10 0.14
2458493.3413952 10.89 0.12
2458493.3415688 11.00 0.13
2458493.3417424 10.91 0.12
2458493.3419161 10.97 0.13
2458493.3420897 10.74 0.10
2458493.3422633 10.89 0.12
2458493.3424369 10.85 0.11
2458493.3426105 11.13 0.15
2458493.3427841 10.81 0.11
2458493.3429577 10.87 0.12
2458493.3431313 10.92 0.12
2458493.3433049 10.94 0.12
2458493.3434786 10.77 0.11
2458493.3436522 11.08 0.14
2458493.3438258 10.92 0.12
2458493.3439994 11.00 0.13
2458493.3441730 10.84 0.11
2458493.3443466 10.99 0.13
2458493.3445202 10.99 0.13
2458493.3446938 10.87 0.12
2458493.3448674 10.86 0.11
2458493.3450410 10.87 0.12
2458493.3452147 10.98 0.13
2458493.3453883 11.01 0.13
2458493.3455619 10.94 0.12
2458493.3457355 10.94 0.13
2458493.3459091 10.85 0.12
2458493.3460827 10.82 0.11
2458493.3462563 10.95 0.13
2458493.3464299 11.04 0.14
2458493.3466035 10.85 0.11
2458493.3467772 10.97 0.13
2458493.3469508 10.95 0.12
2458493.3471244 10.91 0.12
2458493.3472980 10.93 0.12
2458493.3474716 10.93 0.12
2458493.3476452 10.84 0.11
2458493.3478188 10.87 0.12
2458493.3479924 10.84 0.11
2458493.3481673 10.96 0.13
2458493.3483408 11.01 0.13
2458493.3485142 10.94 0.13
2458493.3486876 10.97 0.13
2458493.3488611 10.86 0.12
2458493.3490345 10.97 0.13
2458493.3492080 10.85 0.12
2458493.3493814 10.88 0.12
2458493.3495549 10.93 0.12
2458493.3497286 10.79 0.11
2458493.3499022 10.86 0.11
2458493.3500758 10.91 0.12
2458493.3502494 10.84 0.11
2458493.3504230 10.87 0.12
2458493.3505966 10.94 0.13
2458493.3507702 10.99 0.13
2458493.3509438 10.87 0.12
2458493.3511174 10.84 0.11
2458493.3512911 11.00 0.13
2458493.3514647 11.02 0.13
2458493.3518119 10.75 0.11
2458493.3519855 10.89 0.12
2458493.3523327 11.07 0.14
2458493.3525063 10.73 0.10
2458493.3526799 10.84 0.11
2458493.3528535 10.85 0.11
2458493.3530272 11.11 0.14
2458493.3532008 10.88 0.12
2458493.3533744 11.08 0.14
2458493.3535480 11.06 0.14
2458493.3537216 10.88 0.12
2458493.3538952 11.06 0.14
2458493.3540688 10.94 0.12
2458493.3542424 11.04 0.14
2458493.3547633 11.06 0.14
2458493.3549369 10.91 0.12
2458493.3551105 10.87 0.12
2458493.3552841 10.89 0.12
2458493.3554577 10.93 0.12
2458493.3556313 10.79 0.11
2458493.3558049 10.97 0.13
2458493.3559786 10.94 0.12
2458493.3561522 10.75 0.10
2458493.3563258 11.03 0.13
2458493.3566730 11.01 0.13
2458493.3568466 11.01 0.13
2458493.3570202 10.73 0.10
2458493.3571938 11.08 0.14
2458493.3573674 10.87 0.12
2458493.3575411 10.91 0.12
2458493.3577147 10.96 0.13
2458493.3578883 11.09 0.14
2458493.3580619 11.05 0.14
2458493.3582355 10.90 0.12
2458493.3584091 11.00 0.13
2458493.3585827 10.81 0.11
2458493.3589299 10.80 0.11
2458493.3591036 10.88 0.12
2458493.3592772 10.95 0.12
2458493.3594508 11.18 0.15
2458493.3596244 10.98 0.13
2458493.3597980 10.76 0.11
2458493.3599716 10.91 0.12
2458493.3601465 11.06 0.14
2458493.3603199 11.05 0.14
2458493.3604934 10.86 0.11
2458493.3606668 11.12 0.14
2458493.3608403 11.05 0.14
2458493.3610137 10.69 0.10
2458493.3611871 11.05 0.14
2458493.3615341 10.89 0.12
2458493.3617077 11.00 0.13
2458493.3618813 10.98 0.13
2458493.3620549 10.75 0.10
2458493.3622285 11.01 0.13
2458493.3624022 11.00 0.13
2458493.3627494 10.94 0.12
2458493.3629230 10.86 0.12
2458493.3630966 10.94 0.13
2458493.3632702 10.86 0.12
2458493.3634438 10.97 0.13
2458493.3636174 10.75 0.10
2458493.3637911 10.92 0.12
2458493.3641383 10.84 0.11
2458493.3643119 10.93 0.12
2458493.3644855 11.05 0.14
2458493.3646591 11.00 0.13
2458493.3648327 10.92 0.12
2458493.3651799 10.91 0.12
2458493.3655272 10.92 0.12
2458493.3657008 10.83 0.11
2458493.3658744 10.81 0.11
2458493.3660480 10.86 0.12
2458493.3662216 10.90 0.12
2458493.3663952 10.86 0.12
2458493.3667424 10.85 0.11
2458493.3669161 10.95 0.12
2458493.3670897 11.13 0.15
2458493.3672633 10.93 0.12
2458493.3674369 10.84 0.11
2458493.3676105 10.89 0.12
2458493.3679577 10.93 0.12
2458493.3681313 10.98 0.13
2458493.3683049 10.97 0.13
2458493.3684785 10.82 0.11
2458493.3686522 10.90 0.12
2458493.3688258 11.03 0.14
2458493.3689994 11.15 0.15
2458493.3691730 10.76 0.11
2458493.3693466 10.93 0.13
2458493.3695202 11.07 0.14
2458493.3696938 11.12 0.15
2458493.3698674 10.87 0.12
2458493.3700410 10.82 0.11
2458493.3702147 10.90 0.12
2458493.3703883 10.99 0.13
2458493.3705619 10.92 0.12
2458493.3707355 11.09 0.14
2458493.3709091 10.75 0.11
2458493.3710827 11.15 0.15
2458493.3712563 10.88 0.12
2458493.3714299 11.20 0.16
2458493.3717772 11.09 0.14
2458493.3719508 10.91 0.12
2458493.3721257 10.96 0.13
2458493.3722991 11.09 0.14
2458493.3724725 11.06 0.14
2458493.3726460 11.17 0.15
2458493.3728194 10.86 0.12
2458493.3729928 10.79 0.11
2458493.3733397 10.79 0.11
2458493.3735133 11.03 0.14
2458493.3736869 11.03 0.13
2458493.3738605 10.82 0.11
2458493.3742077 10.95 0.13
2458493.3745549 10.92 0.12
2458493.3747286 11.02 0.14
2458493.3749022 10.94 0.12
2458493.3750758 10.89 0.12
2458493.3752494 10.98 0.13
2458493.3754230 10.85 0.12
2458493.3755966 10.78 0.11
2458493.3757702 10.95 0.13
2458493.3759438 11.16 0.15
2458493.3761174 10.90 0.12
2458493.3762910 11.06 0.14
2458493.3764647 10.91 0.12
2458493.3766383 10.93 0.13
2458493.3768119 11.07 0.14
2458493.3771591 11.00 0.13
2458493.3773327 10.84 0.12
2458493.3775063 11.02 0.14
2458493.3776799 10.99 0.13
2458493.3780272 10.79 0.11
2458493.3782008 11.08 0.14
2458493.3783744 10.98 0.13
2458493.3785480 10.82 0.11
2458493.3788952 10.97 0.13
2458493.3790688 11.01 0.14
2458493.3792424 10.95 0.13
2458493.3794161 10.92 0.12
2458493.3795897 10.93 0.13
2458493.3797633 10.90 0.12
2458493.3799369 10.98 0.13
2458493.3801105 10.94 0.13
2458493.3802841 11.01 0.14
2458493.3804577 10.88 0.12
2458493.3806313 11.08 0.15
2458493.3808049 10.85 0.12
2458493.3809786 10.99 0.13
2458493.3813258 10.94 0.13
2458493.3814994 10.98 0.13
2458493.3821938 10.95 0.13
2458493.3823674 10.78 0.11
2458493.3825411 11.00 0.14
2458493.3827147 10.91 0.13
2458493.3828883 10.82 0.12
2458493.3830619 11.01 0.14
2458493.3832355 10.95 0.13
2458493.3834091 10.98 0.14
2458493.3837563 11.18 0.16
2458493.3841048 10.90 0.13
2458493.3842782 10.97 0.13
2458493.3844517 11.19 0.16
2458493.3847985 10.78 0.11
2458493.3849720 10.95 0.13
2458493.3851454 11.07 0.15
2458493.3853189 11.11 0.15
2458493.3854924 11.01 0.14
2458493.3856660 11.06 0.14
2458493.3858397 10.96 0.13
2458493.3860133 10.97 0.13
2458493.3861869 11.03 0.14
2458493.3863605 10.77 0.11
2458493.3865341 10.99 0.14
2458493.3867077 10.97 0.13
2458493.3868813 10.90 0.12
2458493.3870549 11.07 0.15
2458493.3872286 11.06 0.14
2458493.3875758 10.93 0.13
2458493.3879230 10.91 0.13
2458493.3880966 10.84 0.12
2458493.3882702 11.01 0.14
2458493.3884438 11.03 0.14
2458493.3886174 11.05 0.14
2458493.3887911 10.88 0.12
2458493.3889647 11.06 0.14
2458493.3891383 10.98 0.13
2458493.3893119 10.95 0.13
2458493.3894855 10.86 0.12
2458493.3898327 10.95 0.13
2458493.3900063 11.12 0.15
2458493.3901799 11.03 0.14
2458493.3903536 10.91 0.13
2458493.3905272 10.95 0.13
2458493.3908744 10.99 0.14
2458493.3910480 10.85 0.12
2458493.3913952 10.98 0.13
2458493.3917424 10.87 0.12
2458493.3920897 10.97 0.13
2458493.3922633 10.83 0.12
2458493.3924369 10.82 0.12
2458493.3926105 10.74 0.11
2458493.3927841 10.96 0.13
2458493.3931313 10.97 0.13
2458493.3934785 10.82 0.12
2458493.3936522 11.02 0.14
2458493.3938258 10.96 0.13
2458493.3939994 11.08 0.15
2458493.3941730 10.87 0.12
2458493.3943466 10.97 0.13
2458493.3945202 11.07 0.15
2458493.3950411 10.76 0.11
2458493.3952147 10.76 0.11
2458493.3953883 10.98 0.14
2458493.3955619 10.93 0.13
2458493.3957355 10.92 0.13
2458493.3960839 10.81 0.12
2458493.3964308 10.72 0.11
2458493.3967777 10.74 0.11
2458493.3969511 10.89 0.13
2458493.3971246 10.82 0.12
2458493.3972980 10.86 0.12
2458493.3974716 10.98 0.14
2458493.3978188 10.74 0.11
2458493.3979924 10.84 0.12
2458493.3981661 10.81 0.12
2458493.3983397 10.79 0.12
2458493.3985133 10.96 0.13
2458493.3986869 11.02 0.14
2458493.3990341 10.93 0.13
2458493.3992077 10.85 0.12
2458493.3993813 11.05 0.15
2458493.3995549 10.85 0.12
2458493.4000758 10.79 0.12
2458493.4002494 10.86 0.12
2458493.4004230 11.04 0.15
2458493.4007702 10.95 0.13
2458493.4009438 10.83 0.12
2458493.4011174 10.74 0.11
2458493.4012910 10.99 0.14
2458493.4021591 10.88 0.13
2458493.4023327 11.08 0.15
2458493.4025063 11.03 0.14
2458493.4026799 11.09 0.15
2458493.4028536 11.05 0.15
2458493.4032008 10.96 0.14
2458493.4033744 10.96 0.14
2458493.4035480 10.93 0.13
2458493.4038952 10.99 0.14
2458493.4040688 10.96 0.14
2458493.4044161 10.90 0.13
2458493.4045897 10.98 0.14
2458493.4047633 10.88 0.13
2458493.4049369 10.95 0.14
2458493.4051105 10.86 0.13
2458493.4052841 10.94 0.14
2458493.4054577 10.95 0.14
2458493.4058049 10.97 0.14
2458493.4061522 10.96 0.14
2458493.4063258 10.98 0.14
2458493.4064994 10.84 0.12
2458493.4066730 10.80 0.12
2458493.4068466 10.87 0.13
2458493.4071938 11.00 0.14
2458493.4073674 11.07 0.15
2458493.4075410 10.93 0.13
2458493.4080630 10.91 0.13
2458493.4082365 11.01 0.15
2458493.4085833 10.89 0.13
2458493.4087568 11.03 0.15
2458493.4089302 10.98 0.14
2458493.4091037 10.82 0.12
2458493.4094508 10.81 0.12
2458493.4096244 10.98 0.14
2458493.4099716 10.86 0.13
2458493.4101452 10.90 0.13
2458493.4106661 10.93 0.14
2458493.4108397 10.88 0.13
2458493.4111869 10.89 0.13
2458493.4113605 10.94 0.14
2458493.4117077 10.91 0.13
2458493.4120549 10.84 0.13
2458493.4124022 10.87 0.13
2458493.4125758 10.96 0.14
2458493.4132702 11.00 0.15
2458493.4134438 10.87 0.13
2458493.4137911 10.95 0.14
2458493.4141383 10.79 0.12
2458493.4143119 10.96 0.14
2458493.4144855 10.91 0.13
2458493.4151799 10.93 0.14
2458493.4153535 10.88 0.13
2458493.4157008 10.88 0.13
2458494.3462100 10.70 0.15
2458494.3463836 10.78 0.16
2458494.3488142 10.68 0.14
2458494.3495086 10.67 0.14
2458494.3500295 10.57 0.13
2458494.3519392 10.82 0.17
2458494.3524600 10.65 0.15
2458494.3531545 10.50 0.13
2458494.3533281 10.74 0.16
2458494.3545438 10.69 0.16
2458494.3550642 10.57 0.15
2458495.1391035 10.78 0.17
2458495.1424022 10.68 0.16
2458495.1453535 10.56 0.14
2458495.1458744 10.62 0.15
2458495.1524716 10.68 0.15
2458495.1651452 10.71 0.15
2458495.1668813 10.73 0.16
2458495.1774716 10.71 0.15
2458495.1783397 10.69 0.15
2458495.1797286 10.80 0.16
2458495.1812911 10.66 0.14
2458495.1844160 10.82 0.16
2458495.1930966 10.90 0.17
2458495.1934438 10.81 0.16
2458495.1943119 10.81 0.15
2458495.1967424 10.76 0.15
2458495.1969161 10.78 0.15
2458495.1981313 10.76 0.15
2458495.1986522 10.75 0.15
2458495.2010827 10.63 0.13
2458495.2016035 10.78 0.15
2458495.2033397 10.78 0.15
2458495.2047286 10.85 0.16
2458495.2049022 10.74 0.15
2458495.2066383 10.59 0.13
2458495.2069867 10.66 0.14
2458495.2078539 10.76 0.15
2458495.2088952 10.71 0.14
2458495.2090688 10.70 0.14
2458495.2094160 10.77 0.15
2458495.2104577 10.89 0.17
2458495.2113258 10.77 0.15
2458495.2123674 10.74 0.15
2458495.2125411 10.80 0.16
2458495.2127147 10.77 0.15
2458495.2128883 10.89 0.17
2458495.2132355 10.93 0.17
2458495.2153188 10.65 0.13
2458495.2158397 10.86 0.16
2458495.2160133 10.64 0.13
2458495.2168813 10.82 0.15
2458495.2170549 10.68 0.14
2458495.2172285 10.85 0.16
2458495.2186174 10.86 0.16
2458495.2193127 10.89 0.16
2458495.2201799 10.97 0.18
2458495.2203536 10.71 0.14
2458495.2205272 10.77 0.15
2458495.2207008 10.74 0.15
2458495.2208744 10.71 0.14
2458495.2231313 10.74 0.15
2458495.2239994 10.67 0.14
2458495.2252147 10.59 0.13
2458495.2257355 10.76 0.15
2458495.2260827 10.75 0.15
2458495.2264299 10.73 0.14
2458495.2266036 10.78 0.15
2458495.2267772 10.72 0.14
2458495.2271244 10.89 0.17
2458495.2278188 10.76 0.15
2458495.2285133 10.80 0.15
2458495.2293813 10.72 0.14
2458495.2299022 10.82 0.15
2458495.2311185 10.81 0.15
2458495.2314654 10.90 0.16
2458495.2316388 10.75 0.14
2458495.2323327 10.75 0.14
2458495.2332008 10.78 0.15
2458495.2333744 10.79 0.15
2458495.2335480 10.81 0.15
2458495.2356313 10.70 0.14
2458495.2361522 10.71 0.14
2458495.2373674 10.73 0.14
2458495.2380619 10.75 0.14
2458495.2384091 10.65 0.13
2458495.2389299 10.73 0.14
2458495.2394508 10.77 0.14
2458495.2397980 10.72 0.14
2458495.2399716 10.78 0.15
2458495.2411869 10.81 0.15
2458495.2413605 10.74 0.14
2458495.2418813 10.89 0.16
2458495.2430977 10.88 0.16
2458495.2432711 10.80 0.15
2458495.2437914 10.82 0.15
2458495.2443119 10.73 0.14
2458495.2444855 10.78 0.14
2458495.2465688 10.86 0.16
2458495.2469160 10.74 0.14
2458495.2474369 10.84 0.15
2458495.2476105 10.80 0.15
2458495.2479577 10.65 0.13
2458495.2481313 10.75 0.14
2458495.2483049 10.88 0.16
2458495.2484785 10.91 0.16
2458495.2488258 10.73 0.14
2458495.2495202 10.89 0.16
2458495.2496938 10.91 0.16
2458495.2505619 10.63 0.13
2458495.2512563 10.82 0.15
2458495.2524716 10.86 0.16
2458495.2528188 10.84 0.15
2458495.2540341 10.78 0.14
2458495.2547300 10.77 0.14
2458495.2552503 10.80 0.15
2458495.2554238 10.84 0.15
2458495.2569855 10.74 0.14
2458495.2571591 10.76 0.14
2458495.2575063 10.76 0.14
2458495.2590688 10.71 0.13
2458495.2601105 10.64 0.12
2458495.2604577 10.77 0.14
2458495.2606313 10.75 0.13
2458495.2614994 10.91 0.16
2458495.2618466 10.88 0.15
2458495.2621938 10.71 0.13
2458495.2628883 10.77 0.14
2458495.2632355 10.80 0.14
2458495.2635827 10.80 0.14
2458495.2654924 10.82 0.15
2458495.2658397 10.74 0.14
2458495.2660133 10.77 0.14
2458495.2663605 10.83 0.15
2458495.2668826 10.62 0.12
2458495.2674030 10.89 0.16
2458495.2675764 10.83 0.15
2458495.2679233 10.79 0.14
2458495.2698327 10.63 0.12
2458495.2707008 10.90 0.16
2458495.2712216 10.69 0.13
2458495.2724369 10.96 0.16
2458495.2726105 10.76 0.14
2458495.2731313 10.71 0.13
2458495.2734786 10.85 0.15
2458495.2736522 10.75 0.14
2458495.2738258 10.77 0.14
2458495.2741730 10.71 0.13
2458495.2746938 10.85 0.15
2458495.2753883 10.83 0.15
2458495.2757355 10.80 0.14
2458495.2759091 10.84 0.15
2458495.2760827 10.82 0.14
2458495.2769508 10.89 0.15
2458495.2778188 10.90 0.16
2458495.2785133 10.72 0.13
2458495.2790353 10.92 0.16
2458495.2792087 10.84 0.15
2458495.2793822 10.69 0.13
2458495.2795556 10.87 0.15
2458495.2797290 10.83 0.15
2458495.2802494 10.70 0.13
2458495.2809438 10.91 0.16
2458495.2811174 10.79 0.14
2458495.2818119 10.72 0.13
2458495.2823327 10.89 0.15
2458495.2825063 10.82 0.14
2458495.2826799 10.92 0.16
2458495.2830272 10.83 0.14
2458495.2832008 10.84 0.14
2458495.2833744 10.87 0.15
2458495.2837216 10.79 0.14
2458495.2838952 10.82 0.14
2458495.2842424 10.90 0.15
2458495.2844161 10.77 0.14
2458495.2845897 10.84 0.14
2458495.2847633 10.78 0.14
2458495.2849369 10.83 0.14
2458495.2852841 10.94 0.16
2458495.2854577 10.78 0.14
2458495.2863258 10.88 0.15
2458495.2864994 10.78 0.14
2458495.2875410 10.63 0.12
2458495.2877147 10.69 0.13
2458495.2878883 10.83 0.15
2458495.2887563 10.83 0.14
2458495.2889299 10.79 0.14
2458495.2891036 10.82 0.14
2458495.2897980 10.70 0.13
2458495.2901452 10.88 0.15
2458495.2903188 10.89 0.15
2458495.2906661 10.82 0.15
2458495.2910145 10.82 0.14
2458495.2917083 10.82 0.14
2458495.2918817 10.82 0.14
2458495.2922286 10.86 0.15
2458495.2932702 10.75 0.14
2458495.2941383 10.72 0.13
2458495.2943119 10.85 0.15
2458495.2948327 10.88 0.15
2458495.2955272 10.83 0.14
2458495.2958744 10.61 0.12
2458495.2962216 10.64 0.12
2458495.2965688 10.83 0.14
2458495.2970897 10.68 0.13
2458495.2974369 10.77 0.13
2458495.2981313 10.76 0.13
2458495.2983049 10.95 0.16
2458495.2984785 10.78 0.13
2458495.2991730 10.71 0.13
2458495.2996938 10.91 0.15
2458495.3002147 10.82 0.14
2458495.3005619 10.90 0.15
2458495.3007355 10.90 0.15
2458495.3010827 10.99 0.17
2458495.3014299 10.67 0.12
2458495.3017772 10.89 0.15
2458495.3022980 10.96 0.16
2458495.3028202 10.91 0.15
2458495.3031671 10.84 0.15
2458495.3036875 10.64 0.12
2458495.3040343 10.64 0.12
2458495.3047286 10.88 0.15
2458495.3052494 10.78 0.14
2458495.3057702 10.73 0.13
2458495.3061174 10.93 0.16
2458495.3062911 10.81 0.14
2458495.3066383 10.87 0.15
2458495.3068119 10.90 0.16
2458495.3069855 10.82 0.14
2458495.3071591 11.01 0.17
2458495.3073327 10.81 0.14
2458495.3078536 10.94 0.16
2458495.3082008 10.65 0.12
2458495.3087216 10.74 0.14
2458495.3095897 10.80 0.14
2458495.3097633 10.75 0.14
2458495.3106313 10.79 0.14
2458495.3113258 10.60 0.12
2458495.3118466 10.76 0.14
2458495.3120202 10.73 0.13
2458495.3121938 10.70 0.13
2458495.3139299 10.83 0.15
2458495.3153198 10.75 0.13
2458498.1660017 10.81 0.14
2458498.1661753 10.79 0.14
2458498.1672176 10.73 0.13
2458498.1675645 10.77 0.14
2458498.1684322 10.79 0.14
2458498.1701684 10.96 0.16
2458498.1703420 10.93 0.15
2458498.1706892 11.02 0.17
2458498.1708628 11.05 0.17
2458498.1710364 10.78 0.13
2458498.1712100 10.88 0.14
2458498.1717309 10.93 0.15
2458498.1729461 10.83 0.14
2458498.1731198 10.81 0.14
2458498.1745086 10.71 0.12
2458498.1746823 10.89 0.14
2458498.1753767 10.76 0.13
2458498.1757239 10.88 0.14
2458498.1758975 11.01 0.16
2458498.1764184 10.96 0.15
2458498.1767656 10.90 0.14
2458498.1769392 11.00 0.15
2458498.1771128 11.12 0.17
2458498.1772864 10.93 0.14
2458498.1776336 10.86 0.14
2458498.1779809 10.73 0.12
2458498.1786763 10.93 0.15
2458498.1788498 10.75 0.13
2458498.1791967 10.91 0.15
2458498.1795436 10.68 0.12
2458498.1797170 10.89 0.14
2458498.1798906 10.80 0.13
2458498.1807586 10.96 0.15
2458498.1814531 10.97 0.15
2458498.1823211 10.97 0.15
2458498.1830156 10.87 0.14
2458498.1833628 11.05 0.16
2458498.1840572 10.94 0.15
2458498.1844045 10.78 0.12
2458498.1845781 10.75 0.12
2458498.1847517 10.93 0.14
2458498.1850989 10.86 0.13
2458498.1852725 10.91 0.14
2458498.1859670 10.95 0.15
2458498.1863142 11.00 0.15
2458498.1866614 10.88 0.14
2458498.1870086 11.09 0.16
2458498.1871822 10.99 0.15
2458498.1882974 10.89 0.14
2458498.1885711 10.96 0.14
2458498.1887448 10.94 0.14
2458498.1892656 10.83 0.13
2458498.1896128 11.02 0.15
2458498.1901336 10.77 0.12
2458498.1908281 10.93 0.14
2458498.1910017 10.89 0.14
2458498.1915225 10.97 0.14
2458498.1916961 10.93 0.14
2458498.1918697 10.85 0.13
2458498.1922170 10.97 0.14
2458498.1923906 10.99 0.15
2458498.1925642 10.93 0.14
2458498.1930850 10.93 0.14
2458498.1936059 10.99 0.15
2458498.1937795 10.93 0.14
2458498.1939531 11.11 0.16
2458498.1941267 10.80 0.12
2458498.1948211 10.78 0.12
2458498.1949947 11.07 0.16
2458498.1951684 10.89 0.13
2458498.1953420 10.97 0.14
2458498.1956892 10.87 0.13
2458498.1958628 10.96 0.14
2458498.1960378 10.92 0.14
2458498.1963846 11.04 0.15
2458498.1965581 10.85 0.13
2458498.1970784 10.87 0.13
2458498.1972519 11.08 0.16
2458498.1974253 10.89 0.13
2458498.1977725 10.99 0.14
2458498.1979461 10.91 0.13
2458498.1981198 11.03 0.15
2458498.1982934 11.06 0.15
2458498.1984670 11.03 0.15
2458498.1986406 10.81 0.12
2458498.1988142 11.07 0.15
2458498.1995086 11.05 0.15
2458498.1996822 10.78 0.12
2458498.1998559 11.04 0.15
2458498.2000295 11.08 0.15
2458498.2002031 10.96 0.14
2458498.2003767 11.03 0.15
2458498.2005503 11.07 0.15
2458498.2008975 10.98 0.14
2458498.2010711 10.85 0.12
2458498.2012447 10.94 0.13
2458498.2014184 10.95 0.13
2458498.2015920 10.89 0.13
2458498.2017656 10.87 0.13
2458498.2021128 10.95 0.14
2458498.2022864 11.00 0.14
2458498.2024600 10.87 0.13
2458498.2026336 10.82 0.12
2458498.2028072 10.85 0.12
2458498.2029809 11.07 0.15
2458498.2031545 10.98 0.14
2458498.2033281 11.15 0.16
2458498.2035017 11.06 0.15
2458498.2036753 10.92 0.13
2458498.2038489 10.89 0.13
2458498.2040225 11.00 0.14
2458498.2041961 10.82 0.12
2458498.2045434 10.79 0.12
2458498.2047170 11.01 0.14
2458498.2048906 11.10 0.15
2458498.2050642 10.78 0.11
2458498.2052378 11.00 0.14
2458498.2054114 10.94 0.13
2458498.2055850 10.91 0.13
2458498.2057586 10.95 0.13
2458498.2061059 10.88 0.12
2458498.2062795 10.76 0.11
2458498.2064531 10.91 0.13
2458498.2066267 11.05 0.14
2458498.2068003 10.92 0.13
2458498.2069739 10.75 0.11
2458498.2071475 10.90 0.13
2458498.2073211 10.97 0.13
2458498.2074947 10.90 0.13
2458498.2078420 10.84 0.12
2458498.2083638 10.97 0.13
2458498.2085373 11.00 0.14
2458498.2088841 10.85 0.12
2458498.2092310 10.82 0.12
2458498.2094045 11.00 0.14
2458498.2097517 11.00 0.14
2458498.2099253 11.02 0.14
2458498.2100989 11.17 0.16
2458498.2102725 10.87 0.12
2458498.2104461 10.92 0.13
2458498.2107934 11.01 0.14
2458498.2109670 10.88 0.12
2458498.2111406 10.80 0.12
2458498.2113142 10.86 0.12
2458498.2114878 10.98 0.14
2458498.2116614 10.91 0.13
2458498.2120086 11.01 0.14
2458498.2121823 11.10 0.15
2458498.2123559 10.84 0.12
2458498.2125295 11.03 0.14
2458498.2127031 10.89 0.12
2458498.2128767 10.93 0.13
2458498.2130503 10.76 0.11
2458498.2132239 11.02 0.14
2458498.2133975 10.94 0.13
2458498.2135711 10.99 0.14
2458498.2137448 11.04 0.14
2458498.2139184 10.98 0.14
2458498.2140920 10.94 0.13
2458498.2142656 10.93 0.13
2458498.2144392 11.00 0.14
2458498.2146128 10.87 0.12
2458498.2147864 10.78 0.11
2458498.2149600 10.94 0.13
2458498.2151336 11.01 0.14
2458498.2154809 10.73 0.11
2458498.2156545 11.04 0.14
2458498.2158281 10.98 0.13
2458498.2160017 10.95 0.13
2458498.2161753 10.78 0.11
2458498.2163489 11.23 0.17
2458498.2165225 10.83 0.12
2458498.2166961 10.86 0.12
2458498.2168697 10.80 0.11
2458498.2170434 11.04 0.14
2458498.2172170 10.97 0.13
2458498.2173906 10.83 0.12
2458498.2175642 11.04 0.14
2458498.2177378 11.08 0.15
2458498.2179114 10.92 0.13
2458498.2182586 10.93 0.13
2458498.2184322 10.89 0.12
2458498.2186059 11.03 0.14
2458498.2187795 10.94 0.13
2458498.2189531 10.93 0.13
2458498.2191267 10.93 0.13
2458498.2193003 11.10 0.15
2458498.2194739 10.84 0.12
2458498.2196475 10.90 0.12
2458498.2198225 11.16 0.16
2458498.2199960 10.98 0.13
2458498.2203429 10.87 0.12
2458498.2205163 10.80 0.11
2458498.2206898 10.88 0.12
2458498.2208632 10.76 0.11
2458498.2210366 10.93 0.13
2458498.2212101 11.00 0.14
2458498.2213836 11.08 0.15
2458498.2215573 10.97 0.13
2458498.2217309 11.02 0.14
2458498.2219045 10.86 0.12
2458498.2220781 11.11 0.15
2458498.2224253 10.77 0.12
2458498.2225989 11.05 0.14
2458498.2227725 10.86 0.12
2458498.2229461 10.94 0.13
2458498.2231197 10.89 0.12
2458498.2232934 10.87 0.12
2458498.2234670 10.90 0.12
2458498.2236406 10.95 0.13
2458498.2238142 10.92 0.12
2458498.2239878 10.99 0.13
2458498.2241614 10.93 0.12
2458498.2243350 10.99 0.13
2458498.2245086 10.98 0.13
2458498.2246822 10.92 0.12
2458498.2248559 10.90 0.12
2458498.2250295 11.06 0.14
2458498.2252031 10.94 0.12
2458498.2255503 11.11 0.15
2458498.2257239 10.95 0.13
2458498.2258975 10.91 0.12
2458498.2260711 10.95 0.13
2458498.2262447 10.83 0.11
2458498.2264184 10.91 0.12
2458498.2265920 10.90 0.12
2458498.2267656 10.85 0.12
2458498.2269392 10.83 0.11
2458498.2271128 10.91 0.12
2458498.2272864 10.91 0.12
2458498.2276336 10.88 0.12
2458498.2278073 11.00 0.13
2458498.2279809 11.11 0.15
2458498.2281545 10.86 0.12
2458498.2283281 10.97 0.13
2458498.2285017 10.73 0.11
2458498.2286753 11.05 0.14
2458498.2288489 11.13 0.15
2458498.2290225 11.10 0.15
2458498.2291961 10.81 0.11
2458498.2293698 10.90 0.12
2458498.2295434 10.79 0.11
2458498.2297170 10.97 0.13
2458498.2298906 10.84 0.12
2458498.2300642 11.15 0.15
2458498.2302378 11.15 0.16
2458498.2304114 11.00 0.14
2458498.2305850 11.11 0.15
2458498.2307586 10.98 0.13
2458498.2309322 11.00 0.14
2458498.2311059 10.95 0.13
2458498.2312795 10.94 0.13
2458498.2314531 10.73 0.11
2458498.2316267 10.90 0.12
2458498.2318016 10.86 0.12
2458498.2319750 10.97 0.13
2458498.2321485 10.86 0.12
2458498.2323219 10.75 0.11
2458498.2326688 11.07 0.15
2458498.2328422 10.98 0.13
2458498.2331892 10.96 0.13
2458498.2333628 10.93 0.13
2458498.2335364 11.03 0.14
2458498.2337100 10.82 0.12
2458498.2338836 10.96 0.13
2458498.2342309 10.89 0.13
2458498.2344045 10.94 0.13
2458498.2345781 10.94 0.13
2458498.2347517 10.94 0.13
2458498.2349253 11.09 0.15
2458498.2352725 10.85 0.12
2458498.2354461 10.89 0.13
2458498.2356198 10.91 0.13
2458498.2357934 10.85 0.12
2458498.2359670 10.88 0.12
2458498.2361406 10.99 0.14
2458498.2363142 10.69 0.10
2458498.2364878 10.98 0.14
2458498.2366614 10.96 0.13
2458498.2368350 10.96 0.13
2458498.2370086 10.95 0.13
2458498.2371823 10.86 0.12
2458498.2373559 10.82 0.12
2458498.2375295 10.95 0.14
2458498.2377031 10.86 0.12
2458498.2378767 10.83 0.12
2458498.2380503 10.75 0.11
2458498.2383975 10.82 0.12
2458498.2385711 10.95 0.13
2458498.2387447 10.83 0.12
2458498.2394392 11.03 0.14
2458498.2401336 10.93 0.13
2458498.2403072 11.05 0.15
2458498.2406545 10.93 0.13
2458498.2408281 11.00 0.14
2458498.2410017 10.90 0.13
2458498.2411753 10.83 0.12
2458498.2413489 10.91 0.13
2458498.2415225 11.03 0.14
2458498.2416961 10.95 0.13
2458498.2420434 10.87 0.13
2458498.2422170 11.04 0.15
2458498.2423906 10.78 0.12
2458498.2425642 11.05 0.15
2458498.2429114 10.82 0.12
2458498.2430850 10.97 0.14
2458498.2432586 10.89 0.13
2458498.2434323 11.13 0.16
2458498.2436073 10.89 0.13
2458498.2437807 11.09 0.15
2458498.2439541 11.07 0.15
2458498.2441276 10.93 0.13
2458498.2443010 10.87 0.13
2458498.2444745 10.97 0.14
2458498.2446479 10.91 0.13
2458498.2448214 10.90 0.13
2458498.2449948 10.93 0.13
2458498.2451684 10.99 0.14
2458498.2453420 10.76 0.11
2458498.2455156 10.98 0.14
2458498.2456892 10.94 0.14
2458498.2458628 10.70 0.11
2458498.2460364 10.96 0.14
2458498.2463836 10.80 0.12
2458498.2465572 10.96 0.14
2458498.2472517 10.99 0.14
2458498.2474253 10.95 0.14
2458498.2475989 10.90 0.13
2458498.2477725 10.95 0.14
2458498.2479461 10.85 0.12
2458498.2481197 10.96 0.13
2458498.2482934 10.92 0.13
2458498.2484670 10.76 0.11
2458498.2486406 10.75 0.11
2458498.2493350 10.93 0.13
2458498.2495086 10.91 0.13
2458498.2498559 11.03 0.14
2458498.2500295 11.02 0.14
2458498.2502031 10.97 0.14
2458498.2503767 10.94 0.13
2458498.2505503 10.84 0.12
2458498.2510711 10.89 0.13
2458498.2515920 10.88 0.13
2458498.2517656 11.02 0.15
2458498.2519392 10.95 0.14
2458498.2522864 11.09 0.16
2458498.2526336 10.81 0.12
2458498.2528073 10.90 0.13
2458498.2529809 10.99 0.14
2458498.2533281 10.86 0.13
2458498.2535017 11.02 0.14
2458498.2538489 10.97 0.14
2458498.2540225 10.85 0.13
2458498.2541961 11.03 0.15
2458498.2543697 10.85 0.13
2458498.2547170 10.97 0.14
2458498.2548906 11.02 0.15
2458498.2550642 11.03 0.15
2458498.2552378 10.86 0.13
2458498.2554114 11.14 0.16
2458498.2555863 10.75 0.12
2458498.2557598 10.91 0.13
2458498.2559332 10.96 0.14
2458498.2561066 10.95 0.14
2458498.2562801 10.85 0.13
2458498.2564535 10.92 0.13
2458498.2566270 10.93 0.14
2458498.2569739 10.83 0.13
2458498.2571475 10.99 0.14
2458498.2573211 10.82 0.12
2458498.2574947 10.82 0.12
2458498.2576684 10.81 0.12
2458498.2578420 10.85 0.13
2458498.2580156 11.10 0.16
2458498.2583628 11.00 0.14
2458498.2585364 10.91 0.13
2458498.2587100 10.99 0.15
2458498.2590573 10.96 0.14
2458498.2594045 10.90 0.13
2458498.2595781 10.81 0.12
2458498.2599253 10.85 0.13
2458498.2600989 10.83 0.13
2458498.2606198 10.90 0.13
2458498.2609670 11.05 0.16
2458498.2611406 10.82 0.12
2458498.2613142 10.98 0.14
2458498.2614878 10.99 0.14
2458498.2616614 10.84 0.13
2458498.2618350 11.07 0.15
2458498.2620086 10.91 0.13
2458498.2621822 11.05 0.15
2458498.2623559 10.90 0.13
2458498.2627031 11.06 0.13
2458498.2628767 10.89 0.11
2458498.2630503 10.92 0.11
2458498.2632239 10.96 0.12
2458498.2633975 11.03 0.12
2458498.2635711 11.05 0.13
2458498.2637447 11.00 0.12
2458498.2639184 10.86 0.11
2458498.2640920 10.93 0.12
2458498.2642656 10.83 0.10
2458498.2644392 11.01 0.13
2458498.2646128 11.06 0.13
2458498.2647864 10.97 0.12
2458498.2649600 10.87 0.11
2458498.2651336 11.11 0.14
2458498.2653072 11.06 0.13
2458498.2654809 11.20 0.15
2458498.2656545 10.98 0.12
2458498.2658281 10.99 0.12
2458498.2660017 10.85 0.11
2458498.2661753 10.80 0.10
2458498.2663489 10.99 0.12
2458498.2665225 10.96 0.12
2458498.2666961 10.97 0.12
2458498.2668698 11.05 0.13
2458498.2670434 11.06 0.13
2458498.2672170 11.08 0.13
2458498.2673906 10.97 0.12
2458498.2675655 11.13 0.14
2458498.2677389 10.80 0.10
2458498.2679124 10.72 0.10
2458498.2680858 10.93 0.12
2458498.2682593 10.93 0.12
2458498.2684327 10.82 0.10
2458498.2686062 10.93 0.12
2458498.2687796 10.78 0.10
2458498.2689531 10.96 0.12
2458498.2691267 10.93 0.12
2458498.2693003 11.03 0.13
2458498.2694739 10.70 0.09
2458498.2696475 10.86 0.11
2458498.2698211 10.84 0.11
2458498.2699947 10.96 0.12
2458498.2701684 10.96 0.12
2458498.2703420 10.91 0.11
2458498.2705156 11.02 0.12
2458498.2706892 10.89 0.11
2458498.2708628 11.05 0.13
2458498.2710364 10.87 0.11
2458498.2712100 10.98 0.12
2458498.2713836 10.86 0.11
2458498.2715572 10.86 0.11
2458498.2717309 10.85 0.11
2458498.2719045 11.04 0.13
2458498.2720781 11.02 0.13
2458498.2722517 10.79 0.10
2458498.2724253 10.95 0.12
2458498.2725989 10.96 0.12
2458498.2727725 11.02 0.12
2458498.2729461 10.99 0.12
2458498.2731197 11.00 0.12
2458498.2732934 11.00 0.12
2458498.2734670 11.01 0.12
2458498.2736406 10.91 0.11
2458498.2738142 11.09 0.13
2458498.2739878 10.93 0.11
2458498.2741614 10.89 0.11
2458498.2743350 10.95 0.12
2458498.2745086 10.98 0.12
2458498.2746823 10.87 0.11
2458498.2748559 10.90 0.11
2458498.2750295 10.93 0.11
2458498.2752031 11.06 0.13
2458498.2753767 11.13 0.13
2458498.2755503 10.95 0.12
2458498.2757239 10.99 0.12
2458498.2758975 11.02 0.12
2458498.2760711 10.90 0.11
2458498.2762448 10.89 0.11
2458498.2764184 10.83 0.10
2458498.2765920 10.90 0.11
2458498.2767656 10.87 0.11
2458498.2769392 10.82 0.10
2458498.2771128 11.08 0.13
2458498.2772864 10.85 0.11
2458498.2774600 10.92 0.11
2458498.2776336 11.11 0.13
2458498.2778072 10.89 0.11
2458498.2779809 11.04 0.12
2458498.2781545 10.94 0.11
2458498.2783281 10.84 0.11
2458498.2785017 11.04 0.13
2458498.2786753 10.89 0.11
2458498.2788489 10.73 0.09
2458498.2790225 11.10 0.13
2458498.2791961 10.88 0.11
2458498.2793697 10.98 0.12
2458498.2795448 10.88 0.11
2458498.2797182 10.90 0.11
2458498.2798916 11.01 0.12
2458498.2800651 10.88 0.11
2458498.2802385 11.05 0.13
2458498.2804120 10.85 0.11
2458498.2805854 10.85 0.11
2458498.2807589 10.88 0.11
2458498.2809323 10.88 0.11
2458498.2811059 10.93 0.11
2458498.2812795 10.87 0.11
2458498.2814531 10.83 0.11
2458498.2816267 10.93 0.11
2458498.2818003 10.89 0.11
2458498.2819739 10.93 0.11
2458498.2821475 11.20 0.15
2458498.2823211 10.90 0.11
2458498.2824948 10.98 0.12
2458498.2826684 10.93 0.12
2458498.2828420 10.85 0.11
2458498.2830156 11.01 0.12
2458498.2831892 10.86 0.11
2458498.2833628 11.12 0.14
2458498.2835364 11.04 0.13
2458498.2837100 11.05 0.13
2458498.2838836 10.93 0.12
2458498.2840573 10.92 0.11
2458498.2842309 10.81 0.10
2458498.2844045 10.91 0.11
2458498.2845781 11.11 0.13
2458498.2847517 10.78 0.10
2458498.2849253 10.93 0.12
2458498.2850989 10.84 0.11
2458498.2852725 10.90 0.11
2458498.2856197 10.72 0.10
2458498.2857934 10.80 0.10
2458498.2859670 10.91 0.11
2458498.2861406 10.92 0.12
2458498.2863142 10.90 0.11
2458498.2864878 10.85 0.11
2458498.2866614 10.80 0.10
2458498.2868350 10.85 0.11
2458498.2870086 10.94 0.12
2458498.2871822 10.92 0.12
2458498.2873559 10.77 0.10
2458498.2875295 10.95 0.12
2458498.2877031 10.82 0.10
2458498.2878767 11.10 0.14
2458498.2880503 10.76 0.10
2458498.2882239 10.93 0.12
2458498.2883975 10.97 0.12
2458498.2885711 10.97 0.12
2458498.2887447 11.00 0.12
2458498.2889184 10.86 0.11
2458498.2890920 10.75 0.10
2458498.2892656 10.83 0.11
2458498.2894392 11.00 0.13
2458498.2896128 10.99 0.12
2458498.2899600 11.00 0.12
2458498.2901336 10.88 0.11
2458498.2903073 10.91 0.11
2458498.2904809 11.02 0.13
2458498.2906545 10.94 0.12
2458498.2908281 11.02 0.12
2458498.2910017 10.97 0.12
2458498.2911753 10.89 0.11
2458498.2913489 10.94 0.12
2458498.2915239 10.88 0.11
2458498.2916974 10.95 0.12
2458498.2918708 10.86 0.11
2458498.2920443 10.76 0.10
2458498.2922177 10.92 0.12
2458498.2923912 10.95 0.12
2458498.2925646 11.16 0.15
2458498.2927381 10.84 0.11
2458498.2929115 10.85 0.11
2458498.2930850 10.79 0.10
2458498.2932586 10.87 0.11
2458498.2934322 10.99 0.12
2458498.2936059 10.85 0.11
2458498.2937795 11.10 0.14
2458498.2939531 11.04 0.13
2458498.2941267 10.88 0.11
2458498.2943003 11.03 0.13
2458498.2944739 10.89 0.12
2458498.2948211 10.76 0.11
2458498.2949947 10.91 0.12
2458498.2951684 10.91 0.12
2458498.2953420 10.88 0.11
2458498.2955156 11.19 0.15
2458498.2956892 10.80 0.11
2458498.2958628 10.83 0.11
2458498.2960364 10.74 0.10
2458498.2962100 10.92 0.12
2458498.2963836 10.93 0.12
2458498.2965572 10.98 0.12
2458498.2967309 10.81 0.11
2458498.2969045 11.10 0.14
2458498.2970781 10.88 0.11
2458498.2972517 10.93 0.11
2458498.2974253 10.95 0.12
2458498.2975989 10.93 0.12
2458498.2977725 10.88 0.11
2458498.2979461 10.80 0.10
2458498.2981198 10.80 0.10
2458498.2982934 10.88 0.11
2458498.2984670 10.76 0.10
2458498.2986406 10.78 0.10
2458498.2988142 10.99 0.12
2458498.2989878 10.97 0.12
2458498.2991614 10.82 0.10
2458498.2993350 10.93 0.12
2458498.2995086 10.91 0.12
2458498.2996823 10.84 0.11
2458498.2998559 11.00 0.13
2458498.3000295 10.95 0.12
2458498.3002031 10.74 0.10
2458498.3003767 10.97 0.12
2458498.3005503 10.82 0.11
2458498.3007239 10.96 0.12
2458498.3008975 10.82 0.11
2458498.3010711 10.88 0.11
2458498.3012447 10.75 0.10
2458498.3014184 10.81 0.11
2458498.3015920 11.06 0.13
2458498.3017656 10.95 0.12
2458498.3019392 10.93 0.12
2458498.3021128 10.92 0.11
2458498.3022864 10.83 0.11
2458498.3024600 10.94 0.12
2458498.3026336 10.91 0.11
2458498.3028072 10.96 0.12
2458498.3029809 10.99 0.12
2458498.3031545 10.86 0.11
2458498.3033281 10.80 0.10
2458498.3035017 10.94 0.12
2458498.3036766 10.79 0.10
2458498.3038500 10.72 0.09
2458498.3040235 10.91 0.11
2458498.3041969 10.75 0.10
2458498.3043703 10.78 0.10
2458498.3045438 11.01 0.12
2458498.3047172 10.90 0.11
2458498.3048907 10.82 0.11
2458498.3050642 10.80 0.10
2458498.3052378 10.83 0.11
2458498.3054114 10.90 0.11
2458498.3055850 10.91 0.12
2458498.3057586 10.81 0.10
2458498.3059323 11.00 0.12
2458498.3061059 10.89 0.11
2458498.3062795 10.77 0.10
2458498.3064531 10.83 0.11
2458498.3066267 10.69 0.09
2458498.3068003 10.79 0.10
2458498.3069739 10.82 0.11
2458498.3071475 10.82 0.11
2458498.3073211 10.93 0.12
2458498.3074948 11.09 0.14
2458498.3076684 10.92 0.12
2458498.3078420 11.03 0.13
2458498.3080156 10.83 0.11
2458498.3081892 10.91 0.12
2458498.3083628 10.84 0.11
2458498.3085364 10.81 0.10
2458498.3087100 11.05 0.13
2458498.3088836 10.90 0.11
2458498.3090572 10.97 0.12
2458498.3092309 10.95 0.12
2458498.3094045 10.78 0.10
2458498.3095781 10.80 0.11
2458498.3097517 10.94 0.12
2458498.3099253 10.98 0.13
2458498.3100989 10.70 0.10
2458498.3102725 10.79 0.11
2458498.3104461 10.84 0.11
2458498.3106197 10.93 0.12
2458498.3107934 10.97 0.12
2458498.3109670 10.69 0.10
2458498.3111406 10.70 0.10
2458498.3113142 10.92 0.12
2458498.3114878 10.85 0.11
2458498.3116614 11.04 0.13
2458498.3118350 10.83 0.11
2458498.3120086 10.92 0.12
2458498.3121822 10.94 0.12
2458498.3123559 10.78 0.10
2458498.3125295 11.00 0.13
2458498.3127031 10.70 0.10
2458498.3128767 10.95 0.12
2458498.3132239 10.65 0.09
2458498.3133975 10.88 0.12
2458498.3135711 10.95 0.12
2458498.3137448 10.92 0.12
2458498.3139184 10.68 0.10
2458498.3140920 10.87 0.11
2458498.3142656 10.78 0.11
2458498.3144392 10.97 0.12
2458498.3146128 10.82 0.11
2458498.3147864 11.02 0.13
2458498.3149600 10.92 0.12
2458498.3151336 10.93 0.12
2458498.3153073 11.11 0.14
2458498.3154809 11.11 0.14
2458498.3156558 10.80 0.11
2458498.3158292 11.07 0.14
2458498.3160027 10.79 0.11
2458498.3161761 11.12 0.15
2458498.3163496 10.90 0.12
2458498.3165230 10.78 0.11
2458498.3166965 10.80 0.11
2458498.3168699 10.83 0.11
2458498.3170434 10.86 0.11
2458498.3172170 11.17 0.15
2458498.3173906 10.83 0.11
2458498.3175642 10.75 0.10
2458498.3177378 10.85 0.11
2458498.3179114 10.90 0.12
2458498.3180850 10.93 0.12
2458500.2340341 10.70 0.13
2458500.2342077 10.70 0.13
2458500.2343813 10.82 0.15
2458500.2349022 10.99 0.17
2458500.2352494 10.99 0.17
2458500.2354230 10.85 0.15
2458500.2355966 10.93 0.16
2458500.2357702 10.85 0.15
2458500.2362910 10.89 0.15
2458500.2376799 10.82 0.14
2458500.2380272 10.93 0.16
2458500.2383744 10.85 0.15
2458500.2392424 10.74 0.13
2458500.2395897 10.85 0.15
2458500.2397633 10.76 0.13
2458500.2402841 10.76 0.13
2458500.2409785 10.71 0.13
2458500.2411522 10.88 0.15
2458500.2413258 10.63 0.12
2458500.2414994 10.89 0.15
2458500.2423674 10.76 0.13
2458500.2434091 10.86 0.14
2458500.2439299 10.86 0.14
2458500.2444520 10.64 0.12
2458500.2451458 10.75 0.13
2458500.2453193 10.79 0.13
2458500.2454927 10.75 0.13
2458500.2456661 10.80 0.13
2458500.2458397 10.95 0.15
2458500.2461869 11.06 0.17
2458500.2463605 10.68 0.12
2458500.2465341 10.84 0.14
2458500.2467077 10.88 0.14
2458500.2468813 10.72 0.12
2458500.2470549 10.90 0.14
2458500.2472286 10.75 0.13
2458500.2475758 10.75 0.13
2458500.2484438 11.00 0.16
2458500.2487910 10.78 0.13
2458500.2489647 10.85 0.14
2458500.2491383 10.97 0.15
2458500.2494855 10.87 0.14
2458500.2496591 10.89 0.14
2458500.2498327 10.80 0.13
2458500.2500063 10.80 0.13
2458500.2501799 11.01 0.16
2458500.2505272 10.79 0.13
2458500.2507008 10.97 0.15
2458500.2512216 10.80 0.13
2458500.2513952 10.91 0.14
2458500.2515688 10.89 0.14
2458500.2520897 10.81 0.13
2458500.2522633 11.01 0.16
2458500.2526105 10.85 0.14
2458500.2527841 10.68 0.12
2458500.2533049 10.93 0.15
2458500.2534786 10.91 0.15
2458500.2539994 10.80 0.13
2458500.2546938 10.75 0.13
2458500.2553883 10.68 0.12
2458500.2555619 10.97 0.15
2458500.2557355 10.77 0.13
2458500.2559091 10.75 0.12
2458500.2560827 10.69 0.12
2458500.2564312 10.79 0.13
2458500.2567781 10.96 0.15
2458500.2572984 10.79 0.13
2458500.2576453 10.80 0.13
2458500.2578188 10.97 0.15
2458500.2579924 10.77 0.13
2458500.2588605 10.84 0.14
2458500.2593813 10.86 0.14
2458500.2595549 10.88 0.14
2458500.2600758 10.81 0.13
2458500.2602494 10.98 0.15
2458500.2605966 11.04 0.16
2458500.2607702 10.94 0.15
2458500.2609438 10.99 0.15
2458500.2611174 10.81 0.13
2458500.2612911 10.90 0.14
2458500.2614647 10.97 0.15
2458500.2616383 10.87 0.14
2458500.2618119 11.06 0.16
2458500.2619855 10.70 0.12
2458500.2623327 10.91 0.14
2458500.2625063 10.80 0.13
2458500.2626799 10.92 0.14
2458500.2630272 10.83 0.13
2458500.2632008 10.74 0.12
2458500.2633744 11.09 0.16
2458500.2635480 10.86 0.13
2458500.2637216 11.04 0.16
2458500.2638952 10.91 0.14
2458500.2640688 10.77 0.12
2458500.2642424 11.06 0.16
2458500.2644160 10.82 0.13
2458500.2645897 10.89 0.14
2458500.2649369 10.97 0.14
2458500.2654577 10.77 0.12
2458500.2656313 10.85 0.13
2458500.2659785 10.91 0.14
2458500.2661522 10.94 0.14
2458500.2663258 11.01 0.15
2458500.2664994 10.90 0.14
2458500.2671938 10.89 0.13
2458500.2675410 11.06 0.16
2458500.2677147 10.99 0.15
2458500.2680619 11.04 0.15
2458500.2682355 10.76 0.12
2458500.2684104 10.79 0.12
2458500.2685839 10.87 0.13
2458500.2691042 10.65 0.11
2458500.2692776 11.07 0.16
2458500.2694511 10.85 0.13
2458500.2696245 10.99 0.15
2458500.2697980 10.94 0.14
2458500.2699716 10.90 0.14
2458500.2701452 10.98 0.15
2458500.2703188 10.95 0.14
2458500.2704924 10.93 0.14
2458500.2706661 10.70 0.11
2458500.2708397 10.90 0.14
2458500.2710133 10.96 0.14
2458500.2711869 10.76 0.12
2458500.2713605 10.89 0.14
2458500.2715341 10.92 0.14
2458500.2717077 10.98 0.15
2458500.2718813 10.93 0.14
2458500.2720549 10.67 0.11
2458500.2724022 10.85 0.13
2458500.2727494 10.88 0.13
2458500.2730966 10.82 0.13
2458500.2732702 10.75 0.12
2458500.2736174 10.85 0.13
2458500.2737910 10.79 0.12
2458500.2739647 10.83 0.13
2458500.2743119 10.86 0.13
2458500.2751799 10.88 0.13
2458500.2753535 10.84 0.13
2458500.2757008 10.73 0.12
2458500.2762216 10.81 0.12
2458500.2765688 10.89 0.13
2458500.2767424 10.76 0.12
2458500.2769161 10.96 0.14
2458500.2772633 10.81 0.13
2458500.2774369 11.12 0.17
2458500.2776105 11.01 0.15
2458500.2783049 10.73 0.12
2458500.2784786 10.90 0.14
2458500.2786522 10.78 0.12
2458500.2788258 10.69 0.11
2458500.2789994 10.94 0.14
2458500.2793466 10.93 0.14
2458500.2796938 10.97 0.14
2458500.2798674 11.02 0.15
2458500.2800410 10.99 0.15
2458500.2802147 10.88 0.13
2458500.2803896 10.97 0.14
2458500.2805631 10.78 0.12
2458500.2807365 11.04 0.15
2458500.2809100 10.85 0.13
2458500.2810834 10.73 0.12
2458500.2812568 10.96 0.14
2458500.2816037 10.84 0.13
2458500.2819508 10.98 0.15
2458500.2821244 10.86 0.13
2458500.2822980 10.78 0.12
2458500.2824716 10.64 0.11
2458500.2828188 10.92 0.14
2458500.2829924 10.86 0.13
2458500.2833397 11.02 0.15
2458500.2835133 10.86 0.13
2458500.2836869 10.85 0.13
2458500.2838605 10.81 0.12
2458500.2840341 10.77 0.12
2458500.2843813 11.01 0.15
2458500.2845549 10.77 0.12
2458500.2847286 10.84 0.13
2458500.2849022 10.70 0.11
2458500.2850758 10.73 0.11
2458500.2852494 10.97 0.14
2458500.2859438 10.84 0.13
2458500.2861174 10.77 0.12
2458500.2862911 10.95 0.14
2458500.2864647 10.81 0.12
2458500.2866383 10.93 0.14
2458500.2868119 10.86 0.13
2458500.2869855 10.91 0.14
2458500.2871591 10.98 0.15
2458500.2873327 10.86 0.13
2458500.2875063 10.82 0.12
2458500.2876799 10.73 0.12
2458500.2878535 10.78 0.12
2458500.2880272 10.92 0.14
2458500.2882008 10.96 0.14
2458500.2885480 10.89 0.13
2458500.2887216 10.83 0.13
2458500.2888952 10.99 0.14
2458500.2892424 10.83 0.13
2458500.2894160 10.88 0.13
2458500.2895897 10.67 0.11
2458500.2897633 11.01 0.14
2458500.2899369 10.88 0.13
2458500.2901105 10.92 0.13
2458500.2902841 10.82 0.12
2458500.2904577 10.88 0.13
2458500.2906313 10.89 0.13
2458500.2908049 10.78 0.12
2458500.2909785 10.81 0.12
2458500.2911522 10.99 0.14
2458500.2913258 11.05 0.15
2458500.2914994 11.07 0.15
2458500.2916730 11.00 0.14
2458500.2920202 10.78 0.11
2458500.2921938 10.82 0.12
2458500.2923688 10.98 0.14
2458500.2925423 10.71 0.11
2458500.2927157 10.84 0.12
2458500.2928892 10.74 0.11
2458500.2930626 11.03 0.14
2458500.2934095 11.08 0.15