2458467.3668514 10.90 0.13
2458467.3670250 10.88 0.13
2458467.3673723 10.92 0.13
2458467.3677195 10.84 0.13
2458467.3680667 11.01 0.15
2458467.3682403 11.03 0.15
2458467.3685875 11.03 0.15
2458467.3689347 11.00 0.15
2458467.3691084 11.12 0.16
2458467.3692820 10.87 0.13
2458467.3696292 10.82 0.12
2458467.3698028 10.98 0.14
2458467.3703236 11.02 0.15
2458467.3708445 11.00 0.15
2458467.3718861 11.02 0.15
2458467.3720598 10.89 0.13
2458467.3725806 10.91 0.14
2458467.3727542 10.89 0.13
2458467.3736223 11.00 0.15
2458467.3737959 11.10 0.16
2458467.3741431 11.14 0.17
2458467.3744903 10.95 0.14
2458467.3746639 10.82 0.12
2458467.3750111 10.93 0.14
2458467.3751848 11.02 0.15
2458467.3753584 11.01 0.15
2458467.3755332 10.84 0.13
2458467.3758801 11.09 0.16
2458467.3760536 10.79 0.12
2458467.3762270 11.04 0.15
2458467.3767473 10.96 0.14
2458467.3770945 11.00 0.15
2458467.3779625 10.91 0.14
2458467.3781361 10.99 0.15
2458467.3784834 10.99 0.15
2458467.3786570 11.16 0.17
2458467.3788306 11.01 0.15
2458467.3790042 11.00 0.15
2458467.3791778 10.84 0.13
2458467.3793514 11.02 0.15
2458467.3795250 11.12 0.17
2458467.3798723 10.83 0.13
2458467.3800459 10.83 0.13
2458467.3802195 11.09 0.16
2458467.3803931 10.95 0.14
2458467.3807403 10.95 0.14
2458467.3809139 10.94 0.14
2458467.3810875 10.96 0.14
2458467.3812611 11.00 0.15
2458467.3814348 10.97 0.14
2458467.3816084 10.92 0.14
2458467.3817820 11.08 0.16
2458467.3823028 10.93 0.14
2458467.3826500 11.02 0.15
2458467.3828236 11.05 0.15
2458467.3829973 11.01 0.15
2458467.3833445 10.91 0.14
2458467.3835181 10.83 0.13
2458467.3836917 10.94 0.14
2458467.3838653 10.73 0.12
2458467.3840389 11.01 0.15
2458467.3842125 10.96 0.14
2458467.3847334 10.74 0.12
2458467.3850806 10.90 0.14
2458467.3852542 11.01 0.15
2458467.3856014 10.90 0.14
2458467.3857750 10.92 0.14
2458467.3859486 10.83 0.13
2458467.3861222 10.94 0.14
2458467.3862959 11.04 0.16
2458467.3864695 10.91 0.14
2458467.3868167 10.82 0.13
2458467.3869903 10.92 0.14
2458467.3871639 11.01 0.15
2458467.3880327 10.95 0.14
2458467.3882061 10.90 0.14
2458467.3883795 10.75 0.12
2458467.3885530 10.75 0.12
2458467.3887264 11.01 0.15
2458467.3890736 10.94 0.14
2458467.3892473 11.07 0.16
2458467.3906361 10.94 0.14
2458467.3909834 10.84 0.13
2458467.3911570 10.88 0.13
2458467.3913306 10.98 0.15
2458467.3918514 10.99 0.15
2458467.3930667 10.79 0.12
2458467.3944556 10.86 0.13
2458467.3946292 10.87 0.13
2458467.3956709 10.99 0.15
2458467.3958445 10.83 0.13
2458467.3965389 11.00 0.15
2458467.3967125 11.05 0.16
2458467.3972334 10.78 0.12
2458467.3974070 10.99 0.15
2458467.3977542 11.03 0.15
2458467.3979278 10.90 0.14
2458467.3981014 10.81 0.13
2458467.3984486 10.68 0.11
2458467.3986223 10.94 0.14
2458467.3987959 10.98 0.15
2458467.3991431 10.94 0.14
2458467.4001852 10.92 0.14
2458467.4014000 10.86 0.13
2458467.4015736 11.00 0.15
2458467.4017472 11.01 0.15
2458467.4020945 10.95 0.15
2458467.4022681 10.89 0.14
2458467.4024417 10.87 0.13
2458467.4026153 10.83 0.13
2458467.4034834 10.98 0.15
2458467.4040042 11.00 0.15
2458467.4045250 10.78 0.12
2458467.4053931 10.94 0.14
2458467.4055667 10.90 0.14
2458467.4057403 10.91 0.14
2458467.4064348 10.84 0.13
2458467.4071292 10.97 0.14
2458467.4073028 10.92 0.14
2458467.4074764 10.84 0.13
2458467.4076500 11.06 0.16
2458467.4078236 10.76 0.12
2458467.4079972 11.02 0.15
2458467.4081709 10.99 0.15
2458467.4086917 10.87 0.14
2458467.4088653 10.85 0.13
2458467.4092125 11.02 0.16
2458467.4100806 10.88 0.14
2458467.4102542 10.72 0.12
2458467.4106014 10.79 0.13
2458467.4107750 10.95 0.14
2458467.4111236 10.95 0.14
2458467.4112971 11.12 0.17
2458467.4118174 10.85 0.13
2458467.4119908 11.00 0.15
2458467.4121643 10.77 0.12
2458467.4126848 10.88 0.14
2458467.4128584 10.67 0.11
2458467.4135528 10.92 0.14
2458467.4140736 10.86 0.14
2458467.4142473 11.00 0.15
2458467.4145945 10.99 0.15
2458467.4151153 10.89 0.14
2458467.4156361 10.99 0.15
2458467.4158097 10.97 0.15
2458467.4163306 10.84 0.13
2458467.4165042 10.96 0.15
2458467.4170250 10.93 0.15
2458467.4171986 10.80 0.13
2458467.4178931 10.91 0.14
2458467.4182403 11.01 0.16
2458467.4185875 10.85 0.14
2458467.4189348 10.59 0.11
2458467.4192820 10.94 0.15
2458467.4203236 11.08 0.17
2458469.3667865 11.11 0.12
2458469.3670135 11.01 0.11
2458469.3671871 10.88 0.10
2458469.3673607 10.91 0.10
2458469.3675343 10.97 0.10
2458469.3677079 10.93 0.10
2458469.3678815 10.95 0.10
2458469.3680551 11.11 0.12
2458469.3682287 10.79 0.09
2458469.3684023 10.83 0.09
2458469.3685760 10.87 0.10
2458469.3687496 10.98 0.11
2458469.3689232 11.04 0.11
2458469.3690968 11.14 0.12
2458469.3692704 11.13 0.12
2458469.3694440 11.16 0.13
2458469.3696176 11.14 0.12
2458469.3697912 10.77 0.09
2458469.3699648 10.98 0.11
2458469.3701384 10.96 0.10
2458469.3703121 10.95 0.10
2458469.3704857 10.95 0.11
2458469.3706593 10.65 0.08
2458469.3708329 11.13 0.12
2458469.3710065 10.87 0.10
2458469.3711801 10.98 0.11
2458469.3713537 10.97 0.11
2458469.3715273 11.02 0.11
2458469.3717009 10.99 0.11
2458469.3718746 10.83 0.09
2458469.3720482 10.99 0.11
2458469.3722218 11.00 0.11
2458469.3723954 11.02 0.11
2458469.3725690 11.06 0.12
2458469.3727426 10.96 0.11
2458469.3729162 11.07 0.11
2458469.3730898 11.06 0.12
2458469.3732635 10.86 0.10
2458469.3734371 11.07 0.12
2458469.3736107 10.94 0.10
2458469.3737843 11.19 0.13
2458469.3739579 11.06 0.12
2458469.3741315 11.01 0.11
2458469.3743051 11.11 0.12
2458469.3744787 10.97 0.11
2458469.3746524 10.99 0.11
2458469.3748260 10.89 0.10
2458469.3749996 10.92 0.10
2458469.3751732 10.88 0.10
2458469.3753468 11.12 0.12
2458469.3755204 11.09 0.12
2458469.3756940 11.18 0.13
2458469.3758676 10.90 0.10
2458469.3760425 10.97 0.11
2458469.3762159 10.98 0.11
2458469.3763894 11.18 0.13
2458469.3765628 11.12 0.12
2458469.3767363 10.87 0.10
2458469.3769097 10.89 0.10
2458469.3770832 11.03 0.11
2458469.3772566 11.08 0.12
2458469.3774301 11.02 0.11
2458469.3776037 11.01 0.11
2458469.3777773 10.91 0.10
2458469.3779510 11.15 0.12
2458469.3781246 11.01 0.11
2458469.3782982 11.08 0.11
2458469.3784718 10.79 0.09
2458469.3786454 11.00 0.11
2458488.3044163 10.94 0.13
2458488.3045899 10.99 0.14
2458488.3047635 11.10 0.15
2458488.3049371 10.99 0.13
2458488.3051107 11.23 0.17
2458488.3054579 11.01 0.14
2458488.3056316 10.92 0.13
2458488.3058052 10.97 0.13
2458488.3066732 10.75 0.11
2458488.3068468 11.11 0.15
2458488.3070205 10.87 0.12
2458488.3077149 11.05 0.14
2458488.3078885 10.95 0.13
2458488.3080621 10.97 0.14
2458488.3084093 11.09 0.15
2458488.3085830 11.07 0.15
2458488.3087566 10.95 0.13
2458488.3089302 11.00 0.14
2458488.3091038 10.96 0.13
2458488.3096257 11.07 0.15
2458488.3097991 11.17 0.16
2458488.3099726 10.93 0.13
2458488.3101460 10.96 0.13
2458488.3103194 11.03 0.14
2458488.3106663 10.88 0.13
2458488.3108399 11.02 0.14
2458488.3113607 11.04 0.15
2458488.3115344 11.14 0.16
2458488.3117080 11.01 0.14
2458488.3118816 11.07 0.15
2458488.3120552 10.97 0.14
2458488.3125760 10.94 0.13
2458488.3127496 11.00 0.14
2458488.3129232 11.04 0.15
2458488.3130969 10.97 0.14
2458488.3132705 10.96 0.13
2458488.3134441 10.80 0.12
2458488.3141385 11.05 0.15
2458488.3143121 11.00 0.14
2458488.3146593 10.92 0.13
2458488.3151802 11.08 0.15
2458488.3153538 10.95 0.14
2458488.3155274 10.94 0.13
2458488.3157010 11.06 0.15
2458488.3160482 11.01 0.14
2458488.3162218 10.93 0.13
2458488.3163955 11.06 0.15
2458488.3167427 10.97 0.14
2458488.3169163 10.95 0.14
2458488.3170899 10.87 0.13
2458488.3174371 11.03 0.15
2458488.3176107 11.02 0.14
2458488.3179580 11.08 0.15
2458488.3183052 11.05 0.15
2458488.3186524 10.82 0.12
2458488.3188260 10.94 0.14
2458488.3195205 10.67 0.11
2458488.3198677 11.01 0.14
2458488.3205621 10.86 0.13
2458488.3207357 10.91 0.13
2458488.3209094 10.98 0.14
2458488.3219517 10.94 0.14
2458488.3221252 11.08 0.16
2458488.3222986 11.11 0.16
2458488.3224720 10.96 0.14
2458488.3226455 11.05 0.15
2458488.3228191 10.87 0.13
2458488.3236871 11.02 0.15
2458488.3240343 10.88 0.13
2458488.3243816 10.86 0.13
2458488.3245552 11.11 0.16
2458488.3250760 11.03 0.15
2458488.3254232 10.88 0.13
2458488.3257705 10.96 0.14
2458488.3262913 10.99 0.14
2458488.3269857 10.99 0.14
2458488.3278538 10.90 0.13
2458488.3290691 11.03 0.15
2458488.3292427 11.09 0.16
2458488.3294163 10.88 0.13
2458488.3299371 10.89 0.13
2458488.3302843 11.01 0.15
2458488.3304580 10.88 0.13
2458488.3306316 10.84 0.13
2458488.3316732 10.72 0.11
2458488.3318468 10.94 0.14
2458488.3320205 10.87 0.13
2458488.3321941 10.77 0.12
2458488.3323677 11.17 0.17
2458488.3325413 10.88 0.13
2458488.3328885 10.95 0.14
2458488.3330621 10.88 0.13
2458488.3334105 10.93 0.14
2458488.3335839 10.98 0.14
2458488.3339308 11.08 0.16
2458488.3344511 10.96 0.14
2458488.3346246 10.97 0.14
2458488.3347982 10.86 0.13
2458488.3349719 10.96 0.14
2458488.3356663 11.11 0.16
2458488.3363607 10.96 0.14
2458488.3367080 10.86 0.13
2458488.3368816 11.03 0.15
2458488.3374024 11.03 0.15
2458488.3382705 11.01 0.15
2458488.3384441 10.85 0.13
2458488.3393121 10.90 0.13
2458488.3394857 11.14 0.17
2458488.3396593 10.90 0.13
2458488.3401802 10.83 0.13
2458488.3403538 10.89 0.13
2458488.3408746 11.03 0.15
2458488.3410482 10.95 0.14
2458488.3413955 10.84 0.13
2458488.3419163 11.05 0.16
2458488.3422635 10.91 0.14
2458488.3426107 10.84 0.13
2458488.3433052 10.79 0.12
2458488.3434788 11.10 0.16
2458488.3436524 10.95 0.14
2458488.3438260 10.87 0.13
2458488.3441732 10.94 0.14
2458488.3448677 11.09 0.16
2458488.3450413 10.96 0.14
2458488.3452162 10.83 0.13
2458488.3457365 11.09 0.16
2458488.3460834 10.94 0.14
2458488.3462569 10.93 0.14
2458488.3464303 10.96 0.14
2458488.3467774 10.81 0.13
2458488.3471246 10.87 0.13
2458488.3478191 10.85 0.13
2458488.3479927 10.84 0.13
2458488.3481663 10.98 0.15
2458488.3483399 10.95 0.14
2458488.3485135 11.10 0.16
2458488.3486871 10.99 0.15
2458488.3488607 10.84 0.13
2458488.3490344 10.95 0.14
2458488.3493816 10.95 0.14
2458488.3499024 11.01 0.15
2458488.3500760 10.95 0.14
2458488.3502496 10.89 0.13
2458488.3505969 10.82 0.13
2458488.3509441 10.77 0.12
2458488.3511177 11.00 0.15
2458488.3512913 10.96 0.14
2458488.3514649 11.02 0.15
2458488.3516385 10.73 0.12
2458488.3518121 10.99 0.15
2458488.3521594 11.03 0.15
2458488.3523330 10.85 0.13
2458488.3525066 10.92 0.14
2458488.3528538 10.97 0.15
2458488.3530274 10.92 0.14
2458488.3532010 10.91 0.14
2458488.3533746 10.81 0.13
2458488.3538955 11.10 0.16
2458488.3540691 10.98 0.14
2458488.3542427 10.88 0.13
2458488.3544163 10.99 0.15
2458488.3545899 10.96 0.14
2458488.3547635 11.06 0.16
2458488.3549371 10.86 0.13
2458488.3551107 10.67 0.11
2458488.3554580 10.91 0.14
2458488.3558052 10.83 0.13
2458488.3561524 11.03 0.15
2458488.3563260 11.00 0.15
2458488.3577156 10.98 0.15
2458488.3578891 10.70 0.11
2458488.3580625 11.01 0.15
2458488.3582360 10.89 0.13
2458488.3584094 10.97 0.15
2458488.3585830 10.94 0.14
2458488.3587566 10.97 0.14
2458488.3591038 11.05 0.16
2458488.3592774 10.95 0.14
2458488.3596246 10.97 0.14
2458488.3597982 11.07 0.16
2458488.3599718 11.00 0.15
2458488.3603191 10.95 0.14
2458488.3604927 10.99 0.15
2458488.3608399 10.97 0.14
2458488.3610135 10.96 0.14
2458488.3611871 10.90 0.14
2458488.3613607 10.81 0.12
2458488.3615343 10.97 0.14
2458488.3618816 11.11 0.16
2458488.3620552 10.96 0.14
2458488.3624024 10.76 0.12
2458488.3625760 10.85 0.13
2458488.3627496 10.88 0.13
2458488.3630968 10.82 0.13
2458488.3632705 10.94 0.14
2458488.3634441 10.94 0.14
2458488.3636177 10.95 0.14
2458488.3639649 10.94 0.14
2458488.3641385 11.13 0.17
2458488.3643121 10.92 0.14
2458488.3644857 11.08 0.16
2458488.3648330 10.91 0.14
2458488.3650066 10.89 0.14
2458488.3651802 10.98 0.15
2458488.3653538 10.89 0.13
2458488.3655274 10.93 0.14
2458488.3657010 10.91 0.14
2458488.3660482 10.94 0.14
2458488.3667427 10.97 0.15
2458488.3669163 10.86 0.13
2458488.3670899 10.96 0.14
2458488.3676107 10.99 0.15
2458488.3679580 10.91 0.14
2458488.3681316 10.95 0.14
2458488.3683052 10.91 0.14
2458488.3684788 10.89 0.14
2458488.3686524 10.94 0.14
2458488.3690010 10.77 0.12
2458488.3693479 11.08 0.16
2458488.3695213 11.04 0.16
2458488.3698682 10.88 0.14
2458488.3707357 10.84 0.13
2458488.3709093 11.03 0.16
2458488.3712566 10.83 0.13
2458488.3721246 11.03 0.16
2458488.3729927 10.76 0.12
2458488.3731663 10.79 0.13
2458488.3738607 10.87 0.13
2458488.3742080 10.88 0.14
2458493.2521475 10.91 0.12
2458493.2523211 11.01 0.14
2458493.2524947 11.06 0.14
2458493.2526684 10.89 0.12
2458493.2530156 10.78 0.11
2458493.2533628 10.79 0.11
2458493.2535364 11.07 0.14
2458493.2537100 10.76 0.11
2458493.2538836 11.04 0.14
2458493.2540586 10.86 0.12
2458493.2542320 10.99 0.13
2458493.2544055 11.07 0.14
2458493.2545789 10.87 0.12
2458493.2547524 11.01 0.14
2458493.2549258 11.00 0.13
2458493.2550993 10.95 0.13
2458493.2554461 11.01 0.13
2458493.2556198 11.08 0.14
2458493.2557934 10.83 0.11
2458493.2561406 10.84 0.11
2458493.2563142 10.87 0.12
2458493.2564878 11.07 0.14
2458493.2566614 11.01 0.14
2458493.2570086 10.99 0.13
2458493.2571823 11.03 0.14
2458493.2573559 10.87 0.12
2458493.2575295 11.02 0.14
2458493.2577031 11.08 0.14
2458493.2578767 10.91 0.12
2458493.2580503 10.96 0.13
2458493.2582239 10.79 0.11
2458493.2583975 10.92 0.12
2458493.2585711 11.04 0.14
2458493.2587447 11.09 0.14
2458493.2589184 10.92 0.12
2458493.2590920 10.94 0.13
2458493.2592656 10.92 0.12
2458493.2594392 10.97 0.13
2458493.2596128 10.93 0.12
2458493.2597864 11.03 0.14
2458493.2599600 10.98 0.13
2458493.2601336 10.95 0.13
2458493.2603072 10.78 0.11
2458493.2604809 11.04 0.14
2458493.2606545 11.01 0.13
2458493.2608281 10.98 0.13
2458493.2611753 10.89 0.12
2458493.2613489 11.12 0.15
2458493.2615225 11.03 0.14
2458493.2616961 10.87 0.12
2458493.2618697 10.86 0.12
2458493.2620434 11.24 0.16
2458493.2622170 11.08 0.14
2458493.2623906 11.09 0.14
2458493.2625642 10.87 0.12
2458493.2627378 11.17 0.16
2458493.2629114 10.88 0.12
2458493.2630850 11.07 0.14
2458493.2632586 11.26 0.17
2458493.2636059 11.03 0.14
2458493.2637795 11.07 0.14
2458493.2639531 11.25 0.17
2458493.2641267 11.21 0.16
2458493.2643003 11.18 0.15
2458493.2644739 11.07 0.14
2458493.2646475 11.21 0.16
2458493.2649948 10.92 0.12
2458493.2651684 11.04 0.14
2458493.2653420 10.76 0.11
2458493.2655156 10.93 0.12
2458493.2656892 10.99 0.13
2458493.2658628 10.98 0.13
2458493.2660378 10.99 0.13
2458493.2662112 11.09 0.14
2458493.2665581 10.82 0.11
2458493.2669050 11.04 0.14
2458493.2670784 10.86 0.12
2458493.2672519 10.77 0.11
2458493.2674253 10.85 0.12
2458493.2675989 10.97 0.13
2458493.2677725 10.89 0.12
2458493.2679461 10.91 0.12
2458493.2681197 11.09 0.14
2458493.2682934 10.99 0.13
2458493.2686406 10.91 0.12
2458493.2688142 10.96 0.13
2458493.2689878 10.92 0.12
2458493.2691614 10.90 0.12
2458493.2695086 11.01 0.13
2458493.2696822 11.01 0.13
2458493.2700295 10.87 0.12
2458493.2702031 10.95 0.13
2458493.2703767 10.94 0.12
2458493.2705503 10.95 0.12
2458493.2708975 11.02 0.14
2458493.2710711 10.97 0.13
2458493.2712448 11.09 0.14
2458493.2714184 10.92 0.12
2458493.2715920 10.77 0.11
2458493.2719392 10.85 0.12
2458493.2721128 10.97 0.13
2458493.2722864 11.02 0.13
2458493.2724600 10.86 0.12
2458493.2726336 10.81 0.11
2458493.2728073 11.02 0.13
2458493.2729809 10.92 0.12
2458493.2731545 11.10 0.14
2458493.2733281 10.88 0.12
2458493.2735017 10.86 0.12
2458493.2736753 10.81 0.11
2458493.2738489 11.15 0.15
2458493.2740225 10.95 0.13
2458493.2741961 11.05 0.14
2458493.2743697 10.94 0.13
2458493.2745434 10.96 0.13
2458493.2747170 10.81 0.11
2458493.2748906 11.05 0.14
2458493.2750642 10.89 0.12
2458493.2752378 10.92 0.12
2458493.2754114 10.99 0.13
2458493.2755850 11.05 0.14
2458493.2757586 11.02 0.13
2458493.2759322 11.05 0.14
2458493.2761059 10.90 0.12
2458493.2762795 11.00 0.13
2458493.2764531 11.03 0.14
2458493.2766267 10.97 0.13
2458493.2771475 10.90 0.12
2458493.2773211 11.07 0.14
2458493.2774947 11.04 0.14
2458493.2776684 10.89 0.12
2458493.2778420 10.83 0.11
2458493.2781904 11.12 0.15
2458493.2785373 10.86 0.12
2458493.2787107 10.95 0.12
2458493.2788841 10.94 0.12
2458493.2790576 10.79 0.11
2458493.2792310 11.02 0.13
2458493.2794045 11.04 0.14
2458493.2795781 10.99 0.13
2458493.2797517 10.87 0.12
2458493.2799253 10.91 0.12
2458493.2800989 11.06 0.14
2458493.2802725 11.04 0.14
2458493.2804461 11.04 0.14
2458493.2806198 10.89 0.12
2458493.2807934 10.99 0.13
2458493.2809670 10.99 0.13
2458493.2811406 10.89 0.12
2458493.2813142 10.80 0.11
2458493.2814878 10.97 0.13
2458493.2816614 10.96 0.13
2458493.2818350 11.03 0.14
2458493.2820086 10.97 0.13
2458493.2821822 10.95 0.13
2458493.2823559 10.75 0.11
2458493.2825295 10.99 0.13
2458493.2828767 11.00 0.13
2458493.2830503 11.07 0.14
2458493.2832239 10.97 0.13
2458493.2835711 10.81 0.11
2458493.2837447 10.98 0.13
2458493.2839184 10.91 0.12
2458493.2840920 10.99 0.13
2458493.2842656 10.97 0.13
2458493.2844392 11.09 0.14
2458493.2846128 11.11 0.15
2458493.2847864 11.06 0.14
2458493.2849600 11.07 0.14
2458493.2851336 11.07 0.14
2458493.2853072 11.14 0.15
2458493.2854809 11.00 0.13
2458493.2856545 10.99 0.13
2458493.2858281 10.96 0.13
2458493.2861753 10.89 0.12
2458493.2863489 10.97 0.13
2458493.2865225 10.89 0.12
2458493.2866961 10.90 0.12
2458493.2868698 11.03 0.14
2458493.2870434 11.06 0.14
2458493.2872170 11.11 0.15
2458493.2873906 10.92 0.12
2458493.2875642 11.05 0.14
2458493.2877378 10.90 0.12
2458493.2879114 10.87 0.12
2458493.2880850 10.86 0.12
2458493.2882586 10.93 0.12
2458493.2884323 10.87 0.12
2458493.2886059 10.94 0.13
2458493.2887795 10.90 0.12
2458493.2889531 11.08 0.14
2458493.2891267 10.91 0.12
2458493.2893003 10.87 0.12
2458493.2894739 11.13 0.15
2458493.2896475 10.95 0.13
2458493.2898211 10.91 0.12
2458493.2899961 10.94 0.13
2458493.2901695 10.91 0.12
2458493.2903429 10.85 0.12
2458493.2905164 11.01 0.13
2458493.2906898 10.87 0.12
2458493.2908633 10.89 0.12
2458493.2912102 10.89 0.12
2458493.2913836 10.83 0.11
2458493.2915572 10.85 0.12
2458493.2917309 10.83 0.11
2458493.2919045 10.83 0.11
2458493.2920781 11.03 0.14
2458493.2922517 10.98 0.13
2458493.2924253 10.72 0.10
2458493.2925989 10.70 0.10
2458493.2927725 10.89 0.12
2458493.2929461 10.96 0.13
2458493.2931197 10.78 0.11
2458493.2932934 10.87 0.12
2458493.2934670 10.92 0.12
2458493.2936406 10.80 0.11
2458493.2939878 11.21 0.16
2458493.2941614 10.82 0.11
2458493.2943350 10.71 0.10
2458493.2945086 10.99 0.13
2458493.2946823 10.99 0.13
2458493.2948559 10.92 0.12
2458493.2950295 10.87 0.12
2458493.2953767 10.99 0.13
2458493.2957239 11.19 0.16
2458493.2958975 10.89 0.12
2458493.2960711 10.97 0.13
2458493.2962448 10.75 0.11
2458493.2964184 11.06 0.14
2458493.2965920 10.98 0.13
2458493.2967656 11.07 0.14
2458493.2969392 11.01 0.13
2458493.2971128 10.84 0.12
2458493.2972864 10.96 0.13
2458493.2974600 10.80 0.11
2458493.2976336 10.94 0.13
2458493.2978072 10.83 0.11
2458493.2979809 11.05 0.14
2458493.2981545 10.89 0.12
2458493.2983281 10.80 0.11
2458493.2985017 11.02 0.13
2458493.2988489 10.89 0.12
2458493.2993697 10.82 0.11
2458493.2995434 10.88 0.12
2458493.2997170 10.85 0.12
2458493.2998906 10.99 0.13
2458493.3000642 10.75 0.11
2458493.3002378 11.24 0.17
2458493.3004114 10.74 0.11
2458493.3005850 11.02 0.14
2458493.3007586 10.85 0.12
2458493.3018931 10.98 0.13
2458493.3021591 11.09 0.14
2458493.3023327 10.94 0.13
2458493.3025063 10.95 0.13
2458493.3026799 11.09 0.15
2458493.3030272 11.03 0.14
2458493.3032008 10.94 0.13
2458493.3033744 11.12 0.15
2458493.3035480 10.91 0.12
2458493.3037216 10.99 0.13
2458493.3038952 10.97 0.13
2458493.3040688 10.79 0.11
2458493.3042424 11.04 0.14
2458493.3044161 10.80 0.11
2458493.3045897 10.82 0.11
2458493.3047633 11.07 0.14
2458493.3049369 11.04 0.14
2458493.3051105 10.91 0.12
2458493.3052841 10.68 0.10
2458493.3054577 10.78 0.11
2458493.3056313 11.02 0.13
2458493.3058049 11.06 0.14
2458493.3059785 10.86 0.12
2458493.3061522 10.99 0.13
2458493.3063258 10.92 0.12
2458493.3064994 10.84 0.11
2458493.3066730 10.90 0.12
2458493.3068466 10.97 0.13
2458493.3070202 10.96 0.13
2458493.3071938 10.87 0.12
2458493.3073674 10.93 0.12
2458493.3075410 11.04 0.14
2458493.3077147 10.99 0.13
2458493.3078883 11.03 0.13
2458493.3084091 10.86 0.12
2458493.3085827 10.99 0.13
2458493.3087563 10.90 0.12
2458493.3089299 10.96 0.13
2458493.3091036 10.80 0.11
2458493.3092772 10.93 0.12
2458493.3094508 11.02 0.13
2458493.3096244 10.93 0.12
2458493.3097980 11.12 0.15
2458493.3099716 11.07 0.14
2458493.3101452 11.11 0.14
2458493.3103188 10.89 0.12
2458493.3104924 10.81 0.11
2458493.3108397 11.04 0.13
2458493.3110133 11.15 0.15
2458493.3111869 10.91 0.12
2458493.3113605 10.98 0.13
2458493.3115341 10.88 0.12
2458493.3118813 10.94 0.13
2458493.3120549 10.75 0.10
2458493.3122298 10.97 0.13
2458493.3124033 10.76 0.10
2458493.3127502 10.82 0.11
2458493.3129236 10.93 0.12
2458493.3130971 10.95 0.13
2458493.3132705 10.79 0.11
2458493.3134439 10.81 0.11
2458493.3136174 10.91 0.12
2458493.3137910 10.86 0.11
2458493.3139647 11.04 0.14
2458493.3143119 10.82 0.11
2458493.3144855 10.90 0.12
2458493.3146591 10.87 0.12
2458493.3148327 11.10 0.14
2458493.3150063 10.89 0.12
2458493.3151799 11.02 0.13
2458493.3153535 11.03 0.13
2458493.3155272 10.86 0.11
2458493.3158744 10.78 0.11
2458493.3160480 10.91 0.12
2458493.3162216 11.00 0.13
2458493.3163952 10.85 0.11
2458493.3165688 11.00 0.13
2458493.3167424 11.01 0.13
2458493.3169161 11.02 0.13
2458493.3170897 10.73 0.10
2458493.3172633 10.98 0.13
2458493.3174369 11.04 0.13
2458493.3176105 11.10 0.14
2458493.3177841 10.90 0.12
2458493.3179577 11.05 0.13
2458493.3181313 10.88 0.12
2458493.3183049 10.99 0.13
2458493.3184786 10.97 0.13
2458493.3186522 10.96 0.13
2458493.3188258 11.06 0.14
2458493.3191730 10.94 0.12
2458493.3193466 10.90 0.12
2458493.3195202 11.04 0.13
2458493.3196938 11.24 0.16
2458493.3198674 11.06 0.14
2458493.3200411 11.09 0.14
2458493.3202147 10.98 0.13
2458493.3203883 11.00 0.13
2458493.3205619 10.90 0.12
2458493.3207355 10.90 0.12
2458493.3209091 10.92 0.12
2458493.3210827 11.05 0.13
2458493.3212563 10.96 0.12
2458493.3214299 11.07 0.14
2458493.3216035 11.05 0.14
2458493.3217772 10.83 0.11
2458493.3219508 10.89 0.12
2458493.3221244 10.94 0.12
2458493.3222980 11.06 0.13
2458493.3224716 11.04 0.13
2458493.3226452 10.86 0.11
2458493.3229924 11.01 0.13
2458493.3231662 10.98 0.13
2458493.3233397 11.09 0.14
2458493.3235133 11.01 0.13
2458493.3236869 10.93 0.12
2458493.3240341 11.02 0.13
2458493.3242090 10.97 0.13
2458493.3243824 11.09 0.14
2458493.3245559 10.90 0.12
2458493.3247293 11.01 0.13
2458493.3249028 10.83 0.11
2458493.3250762 11.00 0.13
2458493.3252497 11.06 0.14
2458493.3254231 10.82 0.11
2458493.3255966 10.95 0.12
2458493.3257702 10.88 0.12
2458493.3259438 11.16 0.15
2458493.3261174 10.86 0.11
2458493.3264647 11.00 0.13
2458493.3266383 10.91 0.12
2458493.3268119 10.78 0.11
2458493.3269855 10.98 0.13
2458493.3271591 11.01 0.13
2458493.3273327 11.02 0.13
2458493.3275063 10.95 0.12
2458493.3276799 10.82 0.11
2458493.3278536 10.91 0.12
2458493.3280272 11.15 0.15
2458493.3283744 10.98 0.13
2458493.3285480 10.83 0.11
2458493.3287216 11.08 0.14
2458493.3288952 10.84 0.11
2458493.3290688 11.08 0.14
2458493.3292430 10.99 0.13
2458493.3294160 11.02 0.13
2458493.3295897 11.04 0.13
2458493.3297633 10.80 0.11
2458493.3299369 10.96 0.12
2458493.3301105 10.83 0.11
2458493.3302841 11.25 0.16
2458493.3304577 11.07 0.14
2458493.3306313 10.91 0.12
2458493.3308049 11.10 0.14
2458493.3309785 11.07 0.14
2458493.3311522 11.12 0.14
2458493.3313258 10.91 0.12
2458493.3314994 11.05 0.13
2458493.3316730 11.11 0.14
2458493.3320202 10.92 0.12
2458493.3321938 11.04 0.13
2458493.3323674 10.90 0.12
2458493.3325411 11.09 0.14
2458493.3327147 11.06 0.14
2458493.3328883 10.83 0.11
2458493.3330619 11.00 0.13
2458493.3334091 11.06 0.14
2458493.3335827 10.90 0.12
2458493.3342772 10.85 0.11
2458493.3344508 11.00 0.13
2458493.3346244 11.05 0.14
2458493.3347980 11.04 0.13
2458493.3349716 11.06 0.14
2458493.3351452 10.93 0.12
2458493.3353188 10.88 0.12
2458493.3354924 10.89 0.12
2458493.3356661 11.16 0.15
2458493.3358397 10.95 0.12
2458493.3360133 10.94 0.12
2458493.3361882 10.92 0.12
2458493.3363616 10.97 0.13
2458493.3368820 10.97 0.13
2458493.3370554 10.94 0.12
2458493.3372288 10.83 0.11
2458493.3374023 10.97 0.13
2458493.3375758 11.01 0.13
2458493.3377494 11.01 0.13
2458493.3379230 10.98 0.13
2458493.3380966 11.00 0.13
2458493.3382702 10.91 0.12
2458493.3384438 10.92 0.12
2458493.3386174 11.01 0.13
2458493.3387910 11.04 0.14
2458493.3389647 10.90 0.12
2458493.3391383 10.95 0.12
2458493.3393119 10.86 0.12
2458493.3394855 10.94 0.12
2458493.3396591 10.96 0.13
2458493.3400063 10.96 0.13
2458493.3401799 11.02 0.13
2458493.3403536 11.05 0.14
2458493.3407008 11.06 0.14
2458493.3408744 10.93 0.12
2458493.3410480 11.11 0.14
2458493.3412216 10.89 0.12
2458493.3413952 10.95 0.13
2458493.3415688 10.94 0.12
2458493.3417424 10.76 0.10
2458493.3419161 10.92 0.12
2458493.3420897 10.93 0.12
2458493.3422633 10.91 0.12
2458493.3424369 11.09 0.14
2458493.3426105 10.93 0.12
2458493.3427841 11.08 0.14
2458493.3429577 10.99 0.13
2458493.3431313 11.04 0.14
2458493.3434786 10.85 0.11
2458493.3436522 10.94 0.12
2458493.3438258 11.06 0.14
2458493.3441730 10.97 0.13
2458493.3443466 11.12 0.15
2458493.3445202 10.85 0.11
2458493.3446938 10.86 0.12
2458493.3448674 11.04 0.14
2458493.3450410 10.97 0.13
2458493.3452147 11.13 0.15
2458493.3453883 11.19 0.16
2458493.3457355 11.08 0.14
2458493.3459091 10.97 0.13
2458493.3460827 10.99 0.13
2458493.3462563 11.21 0.16
2458493.3464299 11.12 0.15
2458493.3466035 11.04 0.14
2458493.3467772 11.06 0.14
2458493.3471244 11.01 0.13
2458493.3472980 11.01 0.13
2458493.3476452 10.98 0.13
2458493.3478188 11.05 0.14
2458493.3479924 10.95 0.13
2458493.3481673 11.12 0.15
2458493.3483408 10.84 0.12
2458493.3485142 10.99 0.13
2458493.3486876 10.88 0.12
2458493.3490345 11.05 0.14
2458493.3492080 11.10 0.15
2458493.3493814 11.10 0.14
2458493.3495549 10.84 0.11
2458493.3497286 10.96 0.13
2458493.3499022 10.97 0.13
2458493.3500758 10.94 0.13
2458493.3502494 11.04 0.14
2458493.3504230 11.06 0.14
2458493.3505966 11.00 0.13
2458493.3507702 11.09 0.14
2458493.3509438 10.84 0.11
2458493.3511174 10.98 0.13
2458493.3512911 11.19 0.15
2458493.3514647 11.01 0.13
2458493.3516383 10.89 0.12
2458493.3518119 11.10 0.14
2458493.3519855 10.95 0.12
2458493.3521591 10.90 0.12
2458493.3523327 10.95 0.13
2458493.3525063 10.88 0.12
2458493.3526799 10.92 0.12
2458493.3528535 10.99 0.13
2458493.3530272 11.05 0.14
2458493.3532008 10.94 0.12
2458493.3533744 10.76 0.11
2458493.3535480 10.96 0.13
2458493.3537216 10.91 0.12
2458493.3538952 10.83 0.11
2458493.3540688 10.90 0.12
2458493.3542424 11.07 0.14
2458493.3545897 10.96 0.13
2458493.3547633 10.93 0.12
2458493.3549369 10.93 0.12
2458493.3551105 10.88 0.12
2458493.3552841 10.93 0.12
2458493.3554577 10.90 0.12
2458493.3556313 10.86 0.11
2458493.3558049 11.06 0.14
2458493.3559786 11.13 0.15
2458493.3561522 11.04 0.13
2458493.3563258 10.89 0.12
2458493.3564994 11.04 0.13
2458493.3566730 10.94 0.12
2458493.3570202 11.05 0.14
2458493.3571938 10.94 0.12
2458493.3573674 10.84 0.11
2458493.3575411 10.92 0.12
2458493.3577147 11.04 0.13
2458493.3578883 11.08 0.14
2458493.3580619 10.89 0.12
2458493.3584091 11.12 0.14
2458493.3585827 11.11 0.14
2458493.3589299 10.88 0.12
2458493.3591036 11.05 0.14
2458493.3592772 10.94 0.12
2458493.3596244 10.94 0.12
2458493.3597980 10.84 0.11
2458493.3599716 10.92 0.12
2458493.3601465 10.83 0.11
2458493.3603199 11.10 0.14
2458493.3604934 11.03 0.13
2458493.3606668 10.87 0.12
2458493.3608403 10.86 0.12
2458493.3610137 11.08 0.14
2458493.3611871 10.97 0.13
2458493.3613606 10.96 0.12
2458493.3615341 11.05 0.14
2458493.3617077 10.92 0.12
2458493.3618813 11.03 0.13
2458493.3620549 11.03 0.14
2458493.3622285 10.99 0.13
2458493.3625758 11.03 0.13
2458493.3627494 10.95 0.13
2458493.3629230 10.99 0.13
2458493.3630966 10.99 0.13
2458493.3632702 11.11 0.14
2458493.3634438 10.97 0.13
2458493.3636174 11.06 0.14
2458493.3637911 10.93 0.12
2458493.3639647 11.01 0.13
2458493.3641383 10.99 0.13
2458493.3643119 11.01 0.13
2458493.3646591 10.89 0.12
2458493.3648327 11.05 0.14
2458493.3650063 10.88 0.12
2458493.3651799 10.96 0.13
2458493.3655272 10.83 0.11
2458493.3657008 11.10 0.14
2458493.3658744 11.03 0.13
2458493.3660480 11.11 0.14
2458493.3662216 11.18 0.15
2458493.3663952 10.99 0.13
2458493.3665688 10.99 0.13
2458493.3667424 11.02 0.13
2458493.3670897 10.91 0.12
2458493.3672633 10.92 0.12
2458493.3676105 10.95 0.13
2458493.3681313 11.14 0.15
2458493.3684785 10.95 0.13
2458493.3686522 11.08 0.14
2458493.3688258 11.04 0.14
2458493.3689994 11.07 0.14
2458493.3691730 11.10 0.14
2458493.3695202 10.99 0.13
2458493.3696938 11.07 0.14
2458493.3702147 10.95 0.13
2458493.3703883 11.02 0.13
2458493.3707355 10.91 0.12
2458493.3709091 11.06 0.14
2458493.3710827 11.06 0.14
2458493.3712563 10.93 0.12
2458493.3714299 11.08 0.14
2458493.3716036 10.95 0.13
2458493.3717772 10.97 0.13
2458493.3719508 10.99 0.13
2458493.3721257 11.05 0.14
2458493.3724725 11.05 0.14
2458493.3726460 11.05 0.14
2458493.3728194 10.97 0.13
2458493.3729928 10.96 0.13
2458493.3731663 11.09 0.14
2458493.3733397 10.98 0.13
2458493.3738605 11.04 0.14
2458493.3743813 10.84 0.11
2458493.3754230 10.90 0.12
2458493.3757702 10.97 0.13
2458493.3759438 10.86 0.12
2458493.3762910 10.81 0.11
2458493.3766383 10.92 0.12
2458493.3769855 10.91 0.12
2458493.3771591 10.95 0.13
2458493.3773327 10.93 0.13
2458493.3775063 11.03 0.14
2458493.3782008 10.94 0.13
2458493.3783744 10.88 0.12
2458493.3788952 10.95 0.13
2458493.3790688 10.96 0.13
2458493.3792424 11.18 0.16
2458493.3794161 11.00 0.13
2458493.3795897 10.97 0.13
2458493.3797633 11.00 0.13
2458493.3801105 11.12 0.15
2458493.3802841 11.08 0.14
2458493.3806313 11.07 0.14
2458493.3808049 10.97 0.13
2458493.3809786 11.07 0.14
2458493.3813258 10.95 0.13
2458493.3814994 10.99 0.13
2458493.3818466 11.06 0.14
2458493.3820202 10.89 0.12
2458493.3821938 10.76 0.11
2458493.3825411 11.04 0.14
2458493.3827147 10.86 0.12
2458493.3828883 10.89 0.12
2458493.3832355 11.05 0.14
2458493.3834091 10.96 0.13
2458493.3835827 11.00 0.14
2458493.3837563 11.01 0.14
2458493.3841048 10.88 0.12
2458493.3842782 10.89 0.12
2458493.3844517 11.00 0.14
2458493.3846251 11.01 0.14
2458493.3851454 10.99 0.14
2458493.3853189 10.87 0.12
2458493.3856660 10.92 0.13
2458493.3860133 10.93 0.13
2458493.3861869 10.94 0.13
2458493.3865341 10.94 0.13
2458493.3874022 10.94 0.13
2458493.3875758 10.99 0.13
2458493.3877494 11.04 0.14
2458493.3879230 10.99 0.13
2458493.3880966 11.02 0.14
2458493.3882702 11.16 0.16
2458493.3887911 10.83 0.12
2458493.3889647 11.03 0.14
2458493.3891383 10.84 0.12
2458493.3893119 11.06 0.14
2458493.3894855 10.93 0.13
2458493.3898327 10.97 0.13
2458493.3900063 10.84 0.12
2458493.3903536 10.98 0.13
2458493.3905272 11.01 0.14
2458493.3907008 10.89 0.12
2458493.3913952 10.90 0.13
2458493.3915688 11.12 0.15
2458493.3917424 10.81 0.12
2458493.3919160 11.04 0.14
2458493.3920897 10.92 0.13
2458493.3922633 11.09 0.15
2458493.3924369 10.74 0.11
2458493.3926105 11.04 0.14
2458493.3927841 11.06 0.15
2458493.3929577 10.86 0.12
2458493.3931313 11.07 0.15
2458493.3933049 10.90 0.12
2458493.3934785 10.64 0.10
2458493.3936522 10.92 0.13
2458493.3939994 10.80 0.12
2458493.3941730 11.03 0.14
2458493.3943466 10.95 0.13
2458493.3945202 11.08 0.15
2458493.3946938 10.96 0.13
2458493.3950411 11.06 0.15
2458493.3952147 10.83 0.12
2458493.3953883 10.88 0.12
2458493.3955619 10.97 0.13
2458493.3957355 10.82 0.12
2458493.3959105 10.86 0.12
2458493.3960839 10.94 0.13
2458493.3962574 11.04 0.14
2458493.3964308 11.07 0.15
2458493.3966043 11.01 0.14
2458493.3967777 10.88 0.12
2458493.3969511 11.02 0.14
2458493.3971246 11.03 0.14
2458493.3976452 10.87 0.12
2458493.3978188 10.90 0.13
2458493.3981661 11.08 0.15
2458493.3983397 10.90 0.13
2458493.3985133 10.83 0.12
2458493.3986869 10.94 0.13
2458493.3990341 11.21 0.17
2458493.3992077 10.96 0.13
2458493.3993813 10.88 0.13
2458493.3995549 11.10 0.15
2458493.3999022 11.02 0.14
2458493.4002494 10.97 0.14
2458493.4004230 10.89 0.13
2458493.4007702 10.98 0.14
2458493.4009438 11.00 0.14
2458493.4011174 11.00 0.14
2458493.4012910 11.01 0.14
2458493.4014647 10.75 0.11
2458493.4018119 10.97 0.14
2458493.4019855 10.89 0.13
2458493.4021591 10.90 0.13
2458493.4023327 10.89 0.13
2458493.4025063 10.82 0.12
2458493.4026799 10.99 0.14
2458493.4028536 10.96 0.14
2458493.4030272 11.04 0.14
2458493.4032008 11.00 0.14
2458493.4033744 10.84 0.12
2458493.4035480 11.03 0.14
2458493.4037216 11.00 0.14
2458493.4038952 11.00 0.14
2458493.4040688 11.08 0.15
2458493.4042424 10.98 0.14
2458493.4045897 11.06 0.15
2458493.4047633 10.98 0.14
2458493.4049369 10.87 0.12
2458493.4051105 10.95 0.13
2458493.4052841 11.04 0.15
2458493.4054577 10.88 0.13
2458493.4056313 11.02 0.14
2458493.4058049 11.05 0.15
2458493.4059786 11.00 0.14
2458493.4061522 10.78 0.12
2458493.4063258 11.00 0.14
2458493.4066730 10.88 0.13
2458493.4071938 11.01 0.14
2458493.4075410 11.01 0.14
2458493.4077147 10.90 0.13
2458493.4078896 11.00 0.14
2458493.4080630 10.91 0.13
2458493.4082365 10.97 0.14
2458493.4084099 11.07 0.15
2458493.4085833 10.92 0.13
2458493.4089302 10.94 0.14
2458493.4091037 10.87 0.13
2458493.4092772 10.90 0.13
2458493.4094508 11.07 0.15
2458493.4096244 11.08 0.16
2458493.4097980 11.15 0.16
2458493.4099716 10.96 0.14
2458493.4101452 10.91 0.13
2458493.4103188 10.87 0.13
2458493.4104924 10.86 0.13
2458493.4106661 10.84 0.12
2458493.4110133 11.06 0.15
2458493.4111869 10.94 0.14
2458493.4113605 10.75 0.11
2458493.4115341 10.85 0.12
2458493.4117077 11.12 0.16
2458493.4118813 10.87 0.13
2458493.4120549 10.71 0.11
2458493.4122286 10.88 0.13
2458493.4124022 10.78 0.12
2458493.4125758 10.90 0.13
2458493.4127494 10.79 0.12
2458493.4129230 10.85 0.13
2458493.4130966 10.81 0.12
2458493.4132702 10.80 0.12
2458493.4136174 10.99 0.15
2458493.4139647 11.10 0.16
2458493.4141383 10.88 0.13
2458493.4143119 10.76 0.11
2458493.4144855 10.93 0.14
2458493.4146591 10.92 0.13
2458493.4150063 11.10 0.16
2458493.4153535 10.97 0.14
2458493.4155272 10.95 0.14
2458493.4157008 10.88 0.13
2458494.3502031 10.77 0.15
2458494.3503767 10.61 0.13
2458495.1375410 10.58 0.15
2458495.1392772 10.66 0.16
2458495.1450063 10.65 0.16
2458495.1514299 10.51 0.14
2458495.1545549 10.55 0.14
2458495.1549022 10.71 0.16
2458495.1552494 10.65 0.15
2458495.1592433 10.66 0.15
2458495.1597636 10.49 0.13
2458495.1623674 10.69 0.16
2458495.1670549 10.49 0.13
2458495.1707022 10.53 0.13
2458495.1712225 10.75 0.16
2458495.1717428 10.70 0.16
2458495.1734786 10.68 0.15
2458495.1739994 10.76 0.16
2458495.1753883 10.78 0.16
2458495.1764299 10.56 0.13
2458495.1771244 10.75 0.16
2458495.1825063 10.69 0.15
2458495.1864994 10.84 0.17
2458495.1897980 10.85 0.17
2458495.1899716 10.74 0.15
2458495.1906661 10.81 0.16
2458495.1913605 10.86 0.17
2458495.1915341 10.82 0.16
2458495.1920549 10.88 0.17
2458495.1930966 10.68 0.14
2458495.1932702 10.73 0.15
2458495.1934438 10.73 0.15
2458495.1937910 10.74 0.15
2458495.1944855 10.74 0.15
2458495.1950075 10.87 0.17
2458495.1951809 10.70 0.14
2458495.1958747 10.74 0.15
2458495.1965688 10.75 0.15
2458495.1998674 10.66 0.14
2458495.2064647 10.70 0.14
2458495.2069867 10.68 0.14
2458495.2078539 10.83 0.16
2458495.2080274 10.76 0.15
2458495.2087216 10.65 0.14
2458495.2092424 10.70 0.14
2458495.2113258 10.71 0.14
2458495.2114994 10.71 0.14
2458495.2142772 10.79 0.15
2458495.2146244 10.70 0.14
2458495.2151452 10.80 0.15
2458495.2175758 10.70 0.14
2458495.2196596 10.64 0.13
2458495.2213952 10.76 0.15
2458495.2219161 10.70 0.14
2458495.2227841 10.85 0.16
2458495.2234785 10.73 0.14
2458495.2264299 10.77 0.15
2458495.2274716 10.60 0.13
2458495.2279924 10.85 0.16
2458495.2281661 10.69 0.14
2458495.2285133 10.85 0.16
2458495.2290341 10.81 0.15
2458495.2309450 10.76 0.14
2458495.2332008 10.64 0.13
2458495.2333744 10.74 0.14
2458495.2347633 10.89 0.16
2458495.2351105 10.80 0.15
2458495.2356313 10.92 0.16
2458495.2358049 10.70 0.13
2458495.2366730 10.76 0.14
2458495.2371938 10.73 0.14
2458495.2375411 10.83 0.15
2458495.2399716 10.77 0.14
2458495.2406660 10.71 0.13
2458495.2413605 10.83 0.15
2458495.2422286 10.94 0.17
2458495.2430977 10.87 0.16
2458495.2436180 10.75 0.14
2458495.2437914 10.71 0.13
2458495.2439649 10.77 0.14
2458495.2443119 10.89 0.16
2458495.2448327 10.60 0.12
2458495.2451799 10.73 0.14
2458495.2453536 10.88 0.16
2458495.2458744 10.69 0.13
2458495.2479577 10.68 0.13
2458495.2481313 10.63 0.12
2458495.2495202 10.78 0.14
2458495.2500411 10.88 0.16
2458495.2510827 10.67 0.13
2458495.2528188 10.87 0.16
2458495.2543813 10.77 0.14
2458495.2545549 10.83 0.15
2458495.2562910 10.83 0.15
2458495.2571591 10.86 0.15
2458495.2578536 10.70 0.13
2458495.2585480 10.93 0.16
2458495.2597633 10.75 0.13
2458495.2604577 10.93 0.16
2458495.2611522 10.71 0.13
2458495.2618466 10.71 0.13
2458495.2625410 10.76 0.14
2458495.2628883 10.81 0.14
2458495.2630619 10.91 0.16
2458495.2632355 10.90 0.15
2458495.2646244 10.96 0.17
2458495.2649716 10.88 0.15
2458495.2654924 10.92 0.16
2458495.2679233 10.73 0.13
2458495.2686174 10.80 0.14
2458495.2691383 10.83 0.14
2458495.2703535 10.86 0.15
2458495.2713952 10.73 0.13
2458495.2717424 10.84 0.14
2458495.2731313 10.75 0.13
2458495.2743466 10.79 0.14
2458495.2762563 10.80 0.14
2458495.2769508 10.92 0.16
2458495.2778188 11.01 0.17
2458495.2779924 10.86 0.15
2458495.2790353 10.77 0.14
2458495.2797290 10.76 0.13
2458495.2805966 10.78 0.14
2458495.2807702 10.90 0.15
2458495.2814647 10.65 0.12
2458495.2835480 10.88 0.15
2458495.2837216 10.60 0.12
2458495.2838952 10.82 0.14
2458495.2851105 10.76 0.13
2458495.2854577 10.87 0.15
2458495.2858049 10.79 0.14
2458495.2866730 10.87 0.15
2458495.2868466 10.89 0.15
2458495.2878883 11.02 0.17
2458495.2882355 10.94 0.16
2458495.2891036 10.72 0.13
2458495.2913614 10.84 0.14
2458495.2915348 10.83 0.14
2458495.2924022 10.92 0.15
2458495.2937910 10.88 0.15
2458495.2944855 10.96 0.16
2458495.2950063 10.98 0.16
2458495.2957008 10.92 0.15
2458495.2967424 10.83 0.14
2458495.2974369 11.03 0.17
2458495.2991730 10.97 0.16
2458495.2995202 10.87 0.14
2458495.2996938 10.92 0.15
2458495.3003883 10.88 0.15
2458495.3005619 10.83 0.14
2458495.3010827 10.65 0.12
2458495.3017772 10.94 0.16
2458495.3019508 10.94 0.16
2458495.3028202 10.82 0.14
2458495.3035140 10.88 0.15
2458495.3036875 10.97 0.16
2458495.3040343 10.84 0.14
2458495.3042078 10.91 0.15
2458495.3052494 10.87 0.15
2458495.3062911 10.88 0.15
2458495.3090688 10.91 0.15
2458495.3094160 10.89 0.15
2458495.3097633 10.98 0.16
2458495.3099369 10.98 0.17
2458495.3102841 10.91 0.16
2458495.3109785 10.94 0.16
2458495.3111522 10.99 0.17
2458495.3116730 10.88 0.15
2458495.3120202 10.92 0.16
2458495.3121938 10.78 0.14
2458495.3123674 10.76 0.14
2458495.3151463 10.81 0.14
2458498.1665238 10.96 0.16
2458498.1666972 10.76 0.13
2458498.1668707 10.88 0.15
2458498.1673910 10.85 0.15
2458498.1675645 10.80 0.14
2458498.1680850 10.92 0.15
2458498.1689531 10.85 0.14
2458498.1696475 10.86 0.14
2458498.1698211 10.96 0.16
2458498.1701684 10.86 0.14
2458498.1715572 10.84 0.14
2458498.1725989 10.90 0.15
2458498.1727725 10.87 0.14
2458498.1729461 10.84 0.14
2458498.1732934 10.99 0.16
2458498.1738142 11.01 0.16
2458498.1741614 10.83 0.13
2458498.1743350 10.77 0.13
2458498.1745086 10.66 0.12
2458498.1746823 10.91 0.14
2458498.1750295 10.79 0.13
2458498.1755503 10.98 0.15
2458498.1757239 10.80 0.13
2458498.1758975 10.87 0.14
2458498.1764184 10.92 0.14
2458498.1765920 10.94 0.15
2458498.1767656 10.84 0.13
2458498.1769392 10.87 0.14
2458498.1774600 10.78 0.13
2458498.1776336 10.83 0.13
2458498.1778072 10.93 0.14
2458498.1785029 10.86 0.14
2458498.1790232 10.83 0.13
2458498.1795436 10.83 0.13
2458498.1797170 10.82 0.13
2458498.1800642 10.75 0.12
2458498.1804114 10.90 0.14
2458498.1811059 10.90 0.14
2458498.1812795 10.89 0.14
2458498.1814531 10.91 0.14
2458498.1816267 10.69 0.11
2458498.1818003 10.98 0.15
2458498.1819739 10.79 0.13
2458498.1821475 10.82 0.13
2458498.1823211 10.95 0.15
2458498.1824948 11.03 0.16
2458498.1826684 10.88 0.14
2458498.1828420 10.83 0.13
2458498.1831892 11.04 0.16
2458498.1837100 11.01 0.15
2458498.1838836 10.97 0.15
2458498.1840572 10.94 0.15
2458498.1842309 10.88 0.14
2458498.1844045 11.04 0.16
2458498.1847517 10.80 0.13
2458498.1850989 10.89 0.14
2458498.1859670 10.97 0.15
2458498.1866614 11.11 0.17
2458498.1870086 10.89 0.14
2458498.1871822 10.98 0.15
2458498.1885711 10.84 0.13
2458498.1887448 10.88 0.13
2458498.1889184 10.83 0.13
2458498.1890920 10.84 0.13
2458498.1894392 10.72 0.12
2458498.1896128 10.85 0.13
2458498.1899600 10.90 0.14
2458498.1901336 10.83 0.13
2458498.1906545 10.87 0.13
2458498.1908281 10.96 0.15
2458498.1911753 10.91 0.14
2458498.1915225 11.00 0.15
2458498.1918697 10.96 0.14
2458498.1920434 10.94 0.14
2458498.1922170 10.84 0.13
2458498.1934322 10.93 0.14
2458498.1936059 10.84 0.13
2458498.1941267 10.94 0.14
2458498.1949947 11.12 0.16
2458498.1951684 10.86 0.13
2458498.1955156 10.88 0.13
2458498.1956892 10.79 0.12
2458498.1963846 10.97 0.14
2458498.1970784 11.11 0.16
2458498.1972519 10.89 0.13
2458498.1975989 10.97 0.14
2458498.1977725 11.00 0.14
2458498.1981198 10.88 0.13
2458498.1988142 10.90 0.13
2458498.1989878 11.00 0.14
2458498.1993350 11.06 0.15
2458498.1995086 11.09 0.15
2458498.1998559 11.11 0.16
2458498.2000295 10.89 0.13
2458498.2002031 11.01 0.14
2458498.2005503 10.97 0.14
2458498.2007239 11.07 0.15
2458498.2010711 11.12 0.16
2458498.2012447 10.95 0.13
2458498.2014184 11.07 0.15
2458498.2015920 10.97 0.14
2458498.2017656 10.84 0.12
2458498.2019392 10.91 0.13
2458498.2021128 10.66 0.10
2458498.2024600 11.00 0.14
2458498.2026336 11.04 0.15
2458498.2029809 11.08 0.15
2458498.2031545 10.98 0.14
2458498.2035017 10.99 0.14
2458498.2038489 11.07 0.15
2458498.2040225 10.92 0.13
2458498.2045434 10.86 0.12
2458498.2047170 10.84 0.12
2458498.2048906 10.92 0.13
2458498.2050642 11.00 0.14
2458498.2055850 11.12 0.15
2458498.2061059 10.82 0.12
2458498.2062795 11.01 0.14
2458498.2066267 10.85 0.12
2458498.2073211 10.89 0.13
2458498.2074947 10.98 0.13
2458498.2081904 10.89 0.12
2458498.2083638 10.90 0.13
2458498.2087107 10.81 0.12
2458498.2088841 10.95 0.13
2458498.2090576 10.80 0.12
2458498.2092310 10.94 0.13
2458498.2094045 10.99 0.14
2458498.2099253 11.11 0.15
2458498.2100989 11.05 0.14
2458498.2102725 10.89 0.13
2458498.2104461 10.81 0.12
2458498.2106197 10.94 0.13
2458498.2107934 11.01 0.14
2458498.2109670 10.80 0.11
2458498.2111406 11.02 0.14
2458498.2113142 10.98 0.13
2458498.2114878 10.99 0.14
2458498.2116614 10.83 0.12
2458498.2118350 11.01 0.14
2458498.2120086 11.08 0.15
2458498.2121823 11.09 0.15
2458498.2123559 10.98 0.13
2458498.2125295 11.06 0.15
2458498.2127031 10.99 0.14
2458498.2128767 10.92 0.13
2458498.2130503 10.84 0.12
2458498.2132239 11.07 0.15
2458498.2133975 11.11 0.15
2458498.2135711 11.11 0.15
2458498.2137448 11.08 0.15
2458498.2139184 11.06 0.15
2458498.2140920 11.00 0.14
2458498.2142656 11.02 0.14
2458498.2144392 10.96 0.13
2458498.2146128 10.99 0.14
2458498.2147864 10.97 0.13
2458498.2151336 11.02 0.14
2458498.2153072 11.07 0.14
2458498.2154809 10.95 0.13
2458498.2156545 11.01 0.14
2458498.2160017 10.91 0.13
2458498.2161753 10.99 0.13
2458498.2163489 10.98 0.13
2458498.2166961 10.99 0.14
2458498.2168697 11.03 0.14
2458498.2170434 10.85 0.12
2458498.2173906 10.71 0.11
2458498.2175642 10.99 0.14
2458498.2177378 11.06 0.14
2458498.2180850 10.75 0.11
2458498.2184322 10.82 0.11
2458498.2186059 11.14 0.15
2458498.2187795 10.88 0.12
2458498.2189531 11.02 0.14
2458498.2196475 10.81 0.11
2458498.2199960 11.12 0.15
2458498.2201694 10.99 0.13
2458498.2203429 11.13 0.15
2458498.2205163 10.96 0.13
2458498.2206898 10.88 0.12
2458498.2210366 10.97 0.13
2458498.2213836 10.83 0.12
2458498.2217309 10.91 0.13
2458498.2219045 10.99 0.14
2458498.2222517 10.95 0.13
2458498.2224253 10.97 0.14
2458498.2225989 11.10 0.15
2458498.2227725 11.09 0.14
2458498.2231197 10.95 0.13
2458498.2232934 10.91 0.12
2458498.2234670 10.87 0.12
2458498.2236406 11.05 0.14
2458498.2238142 11.02 0.14
2458498.2239878 10.95 0.13
2458498.2241614 10.95 0.12
2458498.2243350 10.80 0.11
2458498.2245086 10.94 0.12
2458498.2246822 10.85 0.11
2458498.2248559 10.89 0.12
2458498.2250295 10.98 0.13
2458498.2252031 10.91 0.12
2458498.2253767 10.96 0.13
2458498.2255503 10.85 0.12
2458498.2257239 11.00 0.13
2458498.2258975 10.97 0.13
2458498.2260711 10.92 0.12
2458498.2262447 10.90 0.12
2458498.2264184 11.02 0.13
2458498.2265920 11.08 0.14
2458498.2267656 10.91 0.12
2458498.2269392 10.89 0.12
2458498.2271128 10.85 0.12
2458498.2272864 11.00 0.14
2458498.2274600 11.06 0.14
2458498.2276336 10.96 0.13
2458498.2279809 11.09 0.15
2458498.2281545 10.97 0.13
2458498.2283281 11.17 0.16
2458498.2285017 11.05 0.14
2458498.2286753 11.15 0.15
2458498.2288489 11.15 0.15
2458498.2290225 11.15 0.15
2458498.2291961 11.00 0.13
2458498.2293698 11.07 0.14
2458498.2295434 11.14 0.15
2458498.2297170 10.87 0.12
2458498.2298906 10.88 0.12
2458498.2300642 10.87 0.12
2458498.2302378 11.07 0.14
2458498.2304114 10.95 0.13
2458498.2305850 10.95 0.13
2458498.2307586 10.86 0.12
2458498.2309322 10.84 0.12
2458498.2311059 11.07 0.14
2458498.2312795 11.02 0.14
2458498.2314531 10.94 0.13
2458498.2316267 11.03 0.14
2458498.2318016 10.82 0.12
2458498.2319750 11.17 0.16
2458498.2321485 11.04 0.14
2458498.2323219 10.88 0.12
2458498.2324954 10.77 0.11
2458498.2328422 10.94 0.13
2458498.2330157 11.08 0.15
2458498.2331892 11.13 0.15
2458498.2333628 11.00 0.14
2458498.2335364 10.85 0.12
2458498.2337100 10.94 0.13
2458498.2338836 10.99 0.14
2458498.2340572 10.92 0.13
2458498.2342309 10.91 0.13
2458498.2344045 10.86 0.12
2458498.2345781 10.99 0.14
2458498.2347517 10.95 0.13
2458498.2349253 10.78 0.11
2458498.2350989 10.88 0.12
2458498.2352725 11.11 0.15
2458498.2354461 10.90 0.12
2458498.2357934 10.90 0.13
2458498.2359670 11.11 0.15
2458498.2361406 10.94 0.13
2458498.2364878 10.82 0.12
2458498.2366614 11.01 0.14
2458498.2370086 10.82 0.12
2458498.2371823 11.07 0.15
2458498.2373559 11.03 0.14
2458498.2375295 11.03 0.14
2458498.2378767 11.01 0.14
2458498.2383975 10.76 0.11
2458498.2385711 11.01 0.14
2458498.2387447 10.96 0.14
2458498.2392656 11.04 0.15
2458498.2394392 10.99 0.14
2458498.2397864 10.91 0.13
2458498.2403072 10.85 0.12
2458498.2408281 11.18 0.16
2458498.2410017 11.09 0.15
2458498.2413489 10.99 0.14
2458498.2420434 11.09 0.15
2458498.2422170 11.01 0.14
2458498.2423906 10.95 0.13
2458498.2425642 11.05 0.15
2458498.2427378 11.01 0.14
2458498.2429114 10.98 0.14
2458498.2430850 11.03 0.14
2458498.2434323 10.91 0.13
2458498.2436073 10.86 0.12
2458498.2439541 10.88 0.13
2458498.2441276 10.99 0.14
2458498.2444745 10.97 0.14
2458498.2451684 11.03 0.14
2458498.2455156 11.08 0.15
2458498.2456892 11.03 0.14
2458498.2462100 11.16 0.16
2458498.2465572 10.94 0.13
2458498.2467309 10.87 0.13
2458498.2472517 11.03 0.14
2458498.2474253 11.12 0.16
2458498.2477725 11.10 0.15
2458498.2481197 11.03 0.14
2458498.2482934 10.81 0.12
2458498.2484670 10.99 0.14
2458498.2486406 11.01 0.14
2458498.2489878 11.04 0.15
2458498.2493350 11.13 0.16
2458498.2496822 10.87 0.12
2458498.2500295 11.14 0.16
2458498.2503767 11.00 0.14
2458498.2505503 10.93 0.13
2458498.2508975 11.05 0.15
2458498.2510711 11.03 0.15
2458498.2512448 10.86 0.13
2458498.2514184 11.02 0.15
2458498.2519392 10.89 0.13
2458498.2522864 11.01 0.14
2458498.2524600 10.98 0.14
2458498.2526336 11.07 0.15
2458498.2531545 10.85 0.12
2458498.2533281 11.05 0.15
2458498.2536753 10.98 0.14
2458498.2538489 10.98 0.14
2458498.2543697 10.82 0.12
2458498.2547170 10.95 0.14
2458498.2550642 10.96 0.14
2458498.2554114 11.00 0.15
2458498.2562801 10.86 0.13
2458498.2571475 11.01 0.15
2458498.2573211 11.01 0.14
2458498.2574947 10.98 0.14
2458498.2580156 10.83 0.12
2458498.2585364 11.03 0.15
2458498.2587100 11.03 0.15
2458498.2588836 10.95 0.14
2458498.2595781 11.12 0.16
2458498.2599253 10.95 0.14
2458498.2609670 11.03 0.15
2458498.2613142 10.94 0.14
2458498.2616614 10.86 0.13
2458498.2623559 10.84 0.13
2458498.2625295 11.04 0.15
2458498.2627031 11.04 0.13
2458498.2628767 11.28 0.16
2458498.2630503 11.11 0.13
2458498.2632239 11.01 0.12
2458498.2633975 11.13 0.14
2458498.2635711 10.92 0.11
2458498.2637447 11.01 0.12
2458498.2639184 10.92 0.11
2458498.2642656 11.05 0.13
2458498.2644392 11.01 0.12
2458498.2646128 10.98 0.12
2458498.2647864 10.90 0.11
2458498.2649600 10.94 0.12
2458498.2651336 11.02 0.13
2458498.2653072 10.99 0.12
2458498.2654809 10.94 0.12
2458498.2656545 11.04 0.13
2458498.2658281 10.99 0.13
2458498.2660017 11.11 0.14
2458498.2661753 10.92 0.11
2458498.2663489 10.88 0.11
2458498.2666961 11.02 0.12
2458498.2668698 10.89 0.11
2458498.2670434 11.16 0.14
2458498.2672170 10.98 0.12
2458498.2673906 11.11 0.14
2458498.2675655 11.03 0.13
2458498.2677389 11.05 0.13
2458498.2679124 10.95 0.12
2458498.2680858 10.86 0.11
2458498.2682593 10.74 0.10
2458498.2684327 11.01 0.13
2458498.2686062 11.01 0.13
2458498.2687796 10.93 0.12
2458498.2689531 10.95 0.12
2458498.2691267 10.98 0.12
2458498.2693003 10.95 0.12
2458498.2694739 11.07 0.13
2458498.2696475 11.03 0.12
2458498.2699947 10.81 0.10
2458498.2701684 11.06 0.13
2458498.2703420 10.90 0.11
2458498.2705156 10.91 0.11
2458498.2706892 11.06 0.13
2458498.2708628 11.21 0.15
2458498.2710364 11.08 0.13
2458498.2712100 11.05 0.13
2458498.2713836 11.19 0.14
2458498.2715572 11.02 0.12
2458498.2717309 10.93 0.11
2458498.2719045 10.93 0.11
2458498.2720781 11.04 0.13
2458498.2722517 10.93 0.11
2458498.2724253 10.81 0.10
2458498.2725989 11.04 0.13
2458498.2727725 10.83 0.10
2458498.2729461 11.02 0.12
2458498.2731197 11.23 0.15
2458498.2732934 10.96 0.12
2458498.2736406 11.12 0.13
2458498.2738142 11.04 0.12
2458498.2739878 11.07 0.13
2458498.2741614 10.94 0.11
2458498.2743350 10.84 0.10
2458498.2745086 11.03 0.12
2458498.2746823 11.25 0.15
2458498.2748559 11.05 0.13
2458498.2750295 11.12 0.13
2458498.2752031 10.85 0.10
2458498.2753767 11.12 0.13
2458498.2755503 11.15 0.14
2458498.2757239 10.92 0.11
2458498.2758975 11.07 0.13
2458498.2760711 10.84 0.10
2458498.2762448 10.96 0.12
2458498.2764184 10.83 0.10
2458498.2765920 11.09 0.13
2458498.2767656 11.02 0.12
2458498.2769392 10.74 0.10
2458498.2771128 11.01 0.12
2458498.2772864 11.00 0.12
2458498.2774600 10.79 0.10
2458498.2776336 10.94 0.11
2458498.2778072 10.87 0.11
2458498.2779809 11.03 0.13
2458498.2781545 11.03 0.12
2458498.2783281 10.83 0.10
2458498.2785017 10.99 0.12
2458498.2786753 10.99 0.12
2458498.2788489 10.70 0.09
2458498.2790225 11.07 0.13
2458498.2791961 10.96 0.12
2458498.2793697 10.78 0.10
2458498.2795448 11.02 0.12
2458498.2797182 11.03 0.12
2458498.2798916 10.93 0.11
2458498.2800651 11.04 0.12
2458498.2802385 10.92 0.11
2458498.2804120 10.90 0.11
2458498.2805854 10.95 0.12
2458498.2807589 10.86 0.11
2458498.2809323 11.08 0.14
2458498.2811059 10.93 0.12
2458498.2812795 11.07 0.13
2458498.2814531 10.76 0.10
2458498.2818003 11.02 0.12
2458498.2819739 10.85 0.10
2458498.2821475 10.91 0.11
2458498.2823211 11.18 0.14
2458498.2824948 10.93 0.12
2458498.2826684 10.96 0.12
2458498.2828420 10.87 0.11
2458498.2830156 10.90 0.11
2458498.2831892 10.90 0.11
2458498.2833628 10.96 0.12
2458498.2835364 10.97 0.12
2458498.2837100 10.96 0.12
2458498.2838836 10.87 0.11
2458498.2840573 11.00 0.12
2458498.2842309 11.01 0.12
2458498.2844045 10.94 0.12
2458498.2845781 11.16 0.14
2458498.2847517 10.97 0.12
2458498.2849253 11.01 0.12
2458498.2850989 10.87 0.11
2458498.2852725 10.80 0.10
2458498.2854461 10.90 0.11
2458498.2856197 10.93 0.12
2458498.2857934 11.04 0.13
2458498.2859670 10.87 0.11
2458498.2861406 10.82 0.10
2458498.2863142 10.87 0.11
2458498.2864878 10.93 0.11
2458498.2866614 11.06 0.13
2458498.2868350 10.98 0.12
2458498.2870086 10.92 0.11
2458498.2871822 10.87 0.11
2458498.2873559 10.89 0.11
2458498.2875295 11.00 0.12
2458498.2877031 10.79 0.10
2458498.2878767 11.14 0.14
2458498.2880503 11.11 0.14
2458498.2882239 11.00 0.12
2458498.2883975 10.77 0.10
2458498.2885711 11.08 0.13
2458498.2887447 10.90 0.11
2458498.2889184 10.87 0.11
2458498.2890920 10.99 0.12
2458498.2892656 11.04 0.13
2458498.2894392 10.94 0.12
2458498.2896128 10.96 0.12
2458498.2897864 11.03 0.13
2458498.2899600 11.02 0.13
2458498.2901336 11.06 0.13
2458498.2903073 11.02 0.12
2458498.2904809 10.84 0.11
2458498.2906545 10.81 0.10
2458498.2908281 10.79 0.10
2458498.2910017 10.95 0.12
2458498.2911753 10.95 0.12
2458498.2913489 10.86 0.11
2458498.2915239 10.89 0.11
2458498.2916974 10.97 0.12
2458498.2920443 10.97 0.12
2458498.2922177 10.88 0.11
2458498.2923912 10.81 0.10
2458498.2925646 11.12 0.14
2458498.2927381 10.90 0.11
2458498.2929115 10.80 0.10
2458498.2930850 10.81 0.10
2458498.2932586 10.90 0.11
2458498.2934322 11.00 0.13
2458498.2936059 10.91 0.12
2458498.2937795 10.87 0.11
2458498.2939531 10.89 0.11
2458498.2941267 10.86 0.11
2458498.2943003 10.83 0.11
2458498.2944739 10.96 0.13
2458498.2946475 10.87 0.13
2458498.2948211 11.06 0.14
2458498.2949947 11.11 0.15
2458498.2951684 10.98 0.12
2458498.2955156 10.90 0.11
2458498.2956892 10.91 0.11
2458498.2958628 10.84 0.11
2458498.2960364 10.90 0.11
2458498.2962100 11.01 0.13
2458498.2963836 10.78 0.10
2458498.2965572 10.75 0.10
2458498.2967309 11.03 0.13
2458498.2969045 11.00 0.12
2458498.2970781 10.99 0.12
2458498.2972517 10.99 0.12
2458498.2974253 10.84 0.11
2458498.2975989 10.97 0.12
2458498.2977725 10.98 0.12
2458498.2979461 11.02 0.13
2458498.2981198 10.80 0.10
2458498.2982934 10.84 0.11
2458498.2984670 11.02 0.13
2458498.2986406 10.99 0.12
2458498.2988142 10.93 0.12
2458498.2989878 10.91 0.12
2458498.2991614 11.02 0.13
2458498.2993350 10.98 0.12
2458498.2995086 10.92 0.12
2458498.2996823 11.11 0.14
2458498.2998559 10.73 0.10
2458498.3000295 11.03 0.13
2458498.3002031 10.84 0.11
2458498.3003767 10.82 0.11
2458498.3005503 11.07 0.14
2458498.3007239 11.09 0.13
2458498.3008975 10.93 0.12
2458498.3010711 11.19 0.15
2458498.3012447 10.86 0.11
2458498.3014184 10.75 0.10
2458498.3015920 10.81 0.11
2458498.3017656 11.09 0.14
2458498.3019392 10.99 0.12
2458498.3021128 10.85 0.11
2458498.3022864 10.88 0.11
2458498.3024600 10.93 0.12
2458498.3026336 10.94 0.12
2458498.3028072 10.84 0.11
2458498.3029809 10.93 0.12
2458498.3031545 10.82 0.11
2458498.3033281 11.06 0.13
2458498.3036766 10.91 0.11
2458498.3038500 10.99 0.12
2458498.3040235 10.97 0.12
2458498.3041969 10.95 0.12
2458498.3043703 10.85 0.11
2458498.3045438 10.97 0.12
2458498.3047172 10.95 0.12
2458498.3048907 10.82 0.10
2458498.3050642 10.92 0.12
2458498.3052378 10.94 0.12
2458498.3055850 10.98 0.12
2458498.3057586 10.95 0.12
2458498.3059323 11.03 0.13
2458498.3061059 10.96 0.12
2458498.3062795 10.91 0.11
2458498.3064531 11.00 0.12
2458498.3066267 11.13 0.14
2458498.3069739 11.02 0.13
2458498.3071475 10.88 0.11
2458498.3073211 10.84 0.11
2458498.3074948 11.03 0.13
2458498.3076684 11.00 0.12
2458498.3078420 10.75 0.10
2458498.3080156 10.88 0.11
2458498.3081892 11.01 0.12
2458498.3083628 10.96 0.12
2458498.3085364 11.25 0.16
2458498.3087100 10.85 0.11
2458498.3088836 11.02 0.13
2458498.3090572 10.94 0.12
2458498.3092309 11.09 0.14
2458498.3094045 11.03 0.13
2458498.3099253 10.88 0.11
2458498.3100989 11.05 0.13
2458498.3102725 10.97 0.12
2458498.3104461 11.14 0.14
2458498.3106197 11.15 0.15
2458498.3107934 11.00 0.13
2458498.3109670 10.94 0.12
2458498.3111406 11.16 0.15
2458498.3113142 10.95 0.12
2458498.3114878 11.02 0.13
2458498.3118350 11.02 0.13
2458498.3120086 10.90 0.12
2458498.3123559 11.02 0.13
2458498.3125295 10.99 0.13
2458498.3127031 11.18 0.15
2458498.3128767 11.09 0.14
2458498.3130503 10.98 0.12
2458498.3132239 10.95 0.12
2458498.3133975 11.18 0.15
2458498.3135711 10.88 0.11
2458498.3137448 10.78 0.10
2458498.3139184 11.05 0.13
2458498.3140920 11.06 0.13
2458498.3142656 10.94 0.12
2458498.3146128 11.18 0.15
2458498.3149600 10.78 0.10
2458498.3151336 10.94 0.12
2458498.3153073 11.04 0.13
2458498.3154809 11.01 0.13
2458498.3156558 10.99 0.13
2458498.3160027 11.14 0.15
2458498.3161761 11.15 0.15
2458498.3163496 11.09 0.14
2458498.3165230 10.99 0.13
2458498.3168699 10.98 0.13
2458498.3170434 11.03 0.13
2458498.3172170 10.83 0.11
2458498.3173906 10.88 0.12
2458498.3175642 10.91 0.12
2458498.3177378 10.97 0.12
2458498.3179114 10.83 0.11
2458498.3180850 10.81 0.11
2458500.2354230 10.92 0.16
2458500.2387216 10.79 0.14
2458500.2409785 10.95 0.16
2458500.2430619 10.99 0.16
2458500.2439299 10.94 0.15
2458500.2447989 10.91 0.15
2458500.2458397 10.78 0.13
2458500.2460133 10.94 0.15
2458500.2461869 10.94 0.15
2458500.2463605 10.85 0.14
2458500.2465341 11.01 0.16
2458500.2472286 11.03 0.16
2458500.2475758 11.07 0.17
2458500.2477494 10.94 0.15
2458500.2480966 11.02 0.16
2458500.2482702 10.87 0.14
2458500.2486174 10.88 0.14
2458500.2494855 10.83 0.13
2458500.2501799 10.86 0.14
2458500.2508744 11.00 0.16
2458500.2512216 10.97 0.15
2458500.2522633 10.90 0.14
2458500.2541730 10.93 0.14
2458500.2543466 10.92 0.15
2458500.2545202 10.87 0.14
2458500.2546938 10.99 0.15
2458500.2555619 10.94 0.15
2458500.2566046 10.87 0.14
2458500.2567781 10.91 0.14
2458500.2571250 10.93 0.14
2458500.2572984 11.00 0.16
2458500.2574719 10.94 0.15
2458500.2578188 11.03 0.16
2458500.2581660 11.05 0.16
2458500.2585133 10.88 0.14
2458500.2586869 10.90 0.14
2458500.2588605 10.90 0.14
2458500.2592077 10.86 0.14
2458500.2595549 10.99 0.15
2458500.2597285 11.00 0.15
2458500.2600758 11.03 0.16
2458500.2602494 10.97 0.15
2458500.2604230 10.89 0.14
2458500.2607702 10.90 0.14
2458500.2609438 10.92 0.14
2458500.2611174 10.85 0.13
2458500.2614647 11.02 0.16
2458500.2618119 10.97 0.15
2458500.2626799 10.93 0.14
2458500.2630272 10.94 0.14
2458500.2632008 11.04 0.16
2458500.2640688 11.00 0.15
2458500.2642424 10.87 0.13
2458500.2647633 10.87 0.13
2458500.2649369 10.70 0.11
2458500.2659785 10.89 0.13
2458500.2661522 10.83 0.13
2458500.2663258 10.82 0.13
2458500.2664994 10.80 0.12
2458500.2671938 10.83 0.13
2458500.2680619 10.96 0.14
2458500.2682355 11.08 0.16
2458500.2691042 10.92 0.14
2458500.2694511 10.93 0.14
2458500.2697980 10.93 0.14
2458500.2703188 10.85 0.13
2458500.2704924 10.89 0.13
2458500.2708397 10.92 0.14
2458500.2710133 10.88 0.13
2458500.2718813 10.87 0.13
2458500.2720549 11.00 0.15
2458500.2722285 10.93 0.14
2458500.2724022 10.88 0.13
2458500.2725758 10.95 0.14
2458500.2727494 11.01 0.15
2458500.2730966 10.98 0.14
2458500.2732702 10.82 0.13
2458500.2734438 10.77 0.12
2458500.2736174 10.85 0.13
2458500.2737910 10.84 0.13
2458500.2739647 10.89 0.13
2458500.2741383 10.86 0.13
2458500.2744855 10.97 0.14
2458500.2753535 10.87 0.13
2458500.2757008 10.93 0.14
2458500.2758744 10.80 0.12
2458500.2760480 11.05 0.15
2458500.2762216 10.91 0.13
2458500.2763952 10.82 0.12
2458500.2765688 10.90 0.13
2458500.2767424 10.73 0.11
2458500.2769161 10.87 0.13
2458500.2770897 10.91 0.13
2458500.2772633 10.78 0.12
2458500.2774369 10.90 0.13
2458500.2776105 10.88 0.13
2458500.2777841 10.99 0.15
2458500.2779577 10.85 0.13
2458500.2781313 10.87 0.13
2458500.2786522 10.89 0.14
2458500.2793466 10.75 0.12
2458500.2796938 10.80 0.12
2458500.2798674 10.99 0.15
2458500.2802147 10.90 0.13
2458500.2803896 10.91 0.14
2458500.2805631 10.85 0.13
2458500.2812568 10.99 0.15
2458500.2814303 10.82 0.13
2458500.2817772 11.01 0.15
2458500.2821244 10.93 0.14
2458500.2824716 11.07 0.15
2458500.2826452 10.74 0.12
2458500.2828188 11.01 0.15
2458500.2829924 10.77 0.12
2458500.2831660 10.93 0.14
2458500.2843813 10.91 0.13
2458500.2845549 10.84 0.13
2458500.2857702 10.79 0.12
2458500.2861174 10.81 0.12
2458500.2862911 10.87 0.13
2458500.2864647 10.98 0.14
2458500.2868119 10.78 0.12
2458500.2871591 10.86 0.13
2458500.2873327 10.98 0.14
2458500.2875063 11.00 0.15
2458500.2876799 10.96 0.14
2458500.2878535 10.88 0.13
2458500.2880272 10.99 0.15
2458500.2887216 10.85 0.13
2458500.2888952 10.98 0.14
2458500.2890688 10.88 0.13
2458500.2895897 10.91 0.13
2458500.2897633 10.86 0.13
2458500.2899369 10.87 0.13
2458500.2901105 11.05 0.15
2458500.2904577 10.80 0.12
2458500.2908049 10.87 0.13
2458500.2909785 10.85 0.12
2458500.2911522 10.85 0.12
2458500.2913258 10.80 0.12
2458500.2914994 10.85 0.12
2458500.2916730 10.71 0.11
2458500.2918466 10.90 0.13
2458500.2920202 10.92 0.13
2458500.2921938 11.01 0.14
2458500.2923688 10.89 0.13
2458500.2925423 10.94 0.13
2458500.2927157 10.93 0.13
2458500.2930626 10.91 0.13
2458500.2932360 10.98 0.14
2458500.2934095 10.89 0.12