2458467.3670250 10.91 0.13
2458467.3677195 10.70 0.11
2458467.3678931 10.90 0.13
2458467.3682403 10.86 0.13
2458467.3685875 10.70 0.11
2458467.3687611 10.71 0.11
2458467.3689347 10.94 0.14
2458467.3691084 10.94 0.14
2458467.3692820 10.93 0.14
2458467.3694556 10.81 0.12
2458467.3696292 10.94 0.14
2458467.3698028 10.96 0.14
2458467.3699764 10.80 0.12
2458467.3701500 10.91 0.13
2458467.3703236 10.82 0.13
2458467.3704972 10.97 0.14
2458467.3706709 10.68 0.11
2458467.3708445 10.78 0.12
2458467.3710181 10.92 0.14
2458467.3713653 10.89 0.13
2458467.3717125 10.89 0.13
2458467.3718861 10.87 0.13
2458467.3720598 10.98 0.14
2458467.3722334 10.71 0.11
2458467.3724070 10.82 0.13
2458467.3727542 10.72 0.12
2458467.3729278 11.01 0.15
2458467.3731014 10.83 0.13
2458467.3732750 10.76 0.12
2458467.3737959 10.94 0.14
2458467.3739695 10.93 0.14
2458467.3743167 10.87 0.13
2458467.3744903 10.69 0.11
2458467.3746639 10.93 0.14
2458467.3750111 10.78 0.12
2458467.3753584 10.84 0.13
2458467.3755332 10.88 0.13
2458467.3757067 10.83 0.13
2458467.3760536 10.99 0.15
2458467.3762270 10.73 0.12
2458467.3765739 10.69 0.11
2458467.3767473 10.66 0.11
2458467.3770945 10.85 0.13
2458467.3774417 10.86 0.13
2458467.3777889 10.85 0.13
2458467.3784834 10.97 0.15
2458467.3790042 10.83 0.13
2458467.3795250 10.73 0.12
2458467.3798723 10.84 0.13
2458467.3805667 10.91 0.14
2458467.3810875 10.94 0.14
2458467.3812611 10.90 0.14
2458467.3814348 10.86 0.13
2458467.3816084 10.73 0.12
2458467.3823028 10.81 0.13
2458467.3824764 10.78 0.12
2458467.3829973 10.71 0.11
2458467.3835181 10.89 0.14
2458467.3840389 10.86 0.13
2458467.3843861 10.85 0.13
2458467.3845597 10.91 0.14
2458467.3852542 10.75 0.12
2458467.3857750 10.69 0.11
2458467.3871639 10.89 0.14
2458467.3873389 11.02 0.15
2458467.3875123 10.79 0.12
2458467.3876858 10.82 0.13
2458467.3878592 10.82 0.13
2458467.3880327 11.08 0.16
2458467.3882061 10.77 0.12
2458467.3887264 10.91 0.14
2458467.3889000 10.85 0.13
2458467.3890736 10.84 0.13
2458467.3892473 10.68 0.11
2458467.3897681 11.11 0.17
2458467.3899417 10.75 0.12
2458467.3902889 11.07 0.16
2458467.3904625 10.88 0.14
2458467.3908098 10.83 0.13
2458467.3909834 10.95 0.14
2458467.3915042 10.98 0.15
2458467.3918514 10.98 0.15
2458467.3920250 10.90 0.14
2458467.3921986 10.86 0.13
2458467.3923722 10.96 0.15
2458467.3927195 10.83 0.13
2458467.3928931 10.80 0.13
2458467.3932403 10.78 0.12
2458467.3934139 10.85 0.13
2458467.3937611 10.88 0.14
2458467.3942820 10.83 0.13
2458467.3946292 10.84 0.13
2458467.3949764 10.85 0.13
2458467.3951500 10.88 0.14
2458467.3954973 10.91 0.14
2458467.3958445 10.84 0.13
2458467.3967125 10.87 0.13
2458467.3968861 10.95 0.15
2458467.3970598 10.79 0.13
2458467.3972334 10.91 0.14
2458467.3975806 10.86 0.13
2458467.3981014 10.74 0.12
2458467.3982750 10.76 0.12
2458467.3984486 10.86 0.13
2458467.3991431 10.97 0.15
2458467.3996649 10.90 0.14
2458467.3998383 10.92 0.14
2458467.4001852 10.88 0.14
2458467.4003586 10.86 0.13
2458467.4007056 10.68 0.11
2458467.4010528 10.96 0.15
2458467.4012264 10.65 0.11
2458467.4017472 10.75 0.12
2458467.4019209 10.88 0.14
2458467.4020945 10.85 0.13
2458467.4024417 10.91 0.14
2458467.4048723 10.94 0.15
2458467.4052195 10.88 0.14
2458467.4069556 10.75 0.12
2458467.4071292 11.01 0.15
2458467.4086917 10.80 0.13
2458467.4102542 10.87 0.14
2458467.4104278 10.78 0.13
2458467.4106014 10.83 0.13
2458467.4107750 10.71 0.12
2458467.4111236 10.93 0.14
2458467.4114705 11.02 0.16
2458467.4116440 10.88 0.14
2458467.4126848 10.69 0.12
2458467.4128584 10.71 0.12
2458467.4132056 10.77 0.13
2458467.4133792 10.81 0.13
2458467.4144209 10.83 0.13
2458467.4147681 10.84 0.13
2458467.4151153 10.96 0.15
2458467.4152889 10.93 0.15
2458467.4156361 10.72 0.12
2458467.4158097 10.92 0.14
2458467.4163306 10.96 0.15
2458467.4165042 10.95 0.15
2458467.4168514 10.92 0.15
2458467.4170250 10.86 0.14
2458467.4173722 10.67 0.12
2458467.4185875 10.92 0.15
2458467.4187611 10.95 0.15
2458467.4189348 10.92 0.15
2458467.4199764 11.00 0.16
2458467.4204973 11.00 0.16
2458467.4206709 11.03 0.17
2458469.3671871 10.74 0.08
2458469.3673607 10.84 0.09
2458469.3678815 10.67 0.08
2458469.3680551 10.78 0.09
2458469.3687496 10.86 0.09
2458469.3694440 10.80 0.09
2458469.3697912 10.82 0.09
2458469.3703121 10.58 0.07
2458469.3722218 10.69 0.08
2458469.3725690 10.61 0.07
2458469.3737843 10.74 0.08
2458469.3739579 10.68 0.08
2458469.3746524 10.80 0.09
2458469.3753468 10.80 0.09
2458469.3760425 10.89 0.10
2458469.3765628 10.76 0.09
2458469.3767363 10.63 0.08
2458469.3769097 10.84 0.09
2458469.3770832 10.83 0.09
2458469.3784718 10.71 0.08
2458469.3786454 10.75 0.08
2458488.3044163 10.96 0.13
2458488.3045899 10.76 0.11
2458488.3047635 10.84 0.12
2458488.3049371 10.91 0.13
2458488.3051107 11.05 0.14
2458488.3054579 10.81 0.11
2458488.3056316 10.99 0.13
2458488.3058052 11.01 0.14
2458488.3059788 11.11 0.15
2458488.3061524 11.04 0.14
2458488.3063260 10.88 0.12
2458488.3064996 11.04 0.14
2458488.3066732 10.75 0.11
2458488.3068468 10.89 0.12
2458488.3070205 11.03 0.14
2458488.3071941 10.83 0.12
2458488.3073677 10.69 0.10
2458488.3077149 10.89 0.12
2458488.3078885 10.84 0.12
2458488.3080621 10.80 0.12
2458488.3082357 10.87 0.12
2458488.3084093 10.86 0.12
2458488.3085830 10.92 0.13
2458488.3089302 10.77 0.11
2458488.3092788 10.97 0.13
2458488.3097991 10.92 0.13
2458488.3101460 10.83 0.12
2458488.3106663 11.11 0.15
2458488.3108399 10.73 0.11
2458488.3111871 10.84 0.12
2458488.3113607 10.86 0.12
2458488.3115344 11.04 0.14
2458488.3118816 10.92 0.13
2458488.3124024 10.86 0.12
2458488.3125760 10.93 0.13
2458488.3129232 10.84 0.12
2458488.3130969 10.88 0.13
2458488.3134441 11.00 0.14
2458488.3136177 10.80 0.12
2458488.3137913 10.87 0.12
2458488.3139649 11.00 0.14
2458488.3141385 10.86 0.12
2458488.3143121 10.86 0.12
2458488.3144857 10.68 0.10
2458488.3146593 10.84 0.12
2458488.3148330 10.99 0.14
2458488.3150066 11.07 0.15
2458488.3153538 10.87 0.13
2458488.3155274 10.83 0.12
2458488.3157010 10.99 0.14
2458488.3158746 10.82 0.12
2458488.3160482 10.92 0.13
2458488.3162218 10.86 0.13
2458488.3165691 10.86 0.13
2458488.3167427 10.83 0.12
2458488.3172635 10.83 0.12
2458488.3174371 10.90 0.13
2458488.3177844 10.82 0.12
2458488.3179580 10.94 0.13
2458488.3181316 10.78 0.12
2458488.3183052 10.94 0.13
2458488.3188260 11.02 0.15
2458488.3189996 10.97 0.14
2458488.3191732 10.93 0.13
2458488.3193469 10.94 0.13
2458488.3195205 10.90 0.13
2458488.3196941 10.84 0.12
2458488.3198677 10.81 0.12
2458488.3200413 11.00 0.14
2458488.3202149 10.87 0.13
2458488.3203885 10.96 0.14
2458488.3205621 10.92 0.13
2458488.3207357 10.97 0.14
2458488.3209094 10.74 0.11
2458488.3210830 10.90 0.13
2458488.3212579 11.03 0.15
2458488.3216048 10.90 0.13
2458488.3217783 11.01 0.14
2458488.3219517 10.94 0.14
2458488.3222986 10.94 0.14
2458488.3226455 10.87 0.13
2458488.3228191 11.04 0.15
2458488.3229927 10.84 0.12
2458488.3235135 10.87 0.13
2458488.3242080 10.99 0.14
2458488.3243816 10.55 0.10
2458488.3245552 10.97 0.14
2458488.3250760 10.83 0.12
2458488.3261177 10.80 0.12
2458488.3264649 10.92 0.14
2458488.3266385 10.93 0.13
2458488.3275066 10.92 0.13
2458488.3276802 10.95 0.14
2458488.3285482 10.81 0.12
2458488.3288955 10.79 0.12
2458488.3290691 10.78 0.12
2458488.3297635 10.97 0.14
2458488.3299371 10.82 0.12
2458488.3301107 10.90 0.13
2458488.3309788 10.90 0.13
2458488.3313260 10.82 0.12
2458488.3321941 10.92 0.14
2458488.3323677 11.04 0.15
2458488.3325413 10.95 0.14
2458488.3327149 10.91 0.14
2458488.3332370 10.98 0.14
2458488.3334105 10.81 0.12
2458488.3335839 10.97 0.14
2458488.3339308 10.86 0.13
2458488.3341043 11.08 0.16
2458488.3346246 11.03 0.15
2458488.3347982 10.87 0.13
2458488.3353191 10.98 0.14
2458488.3354927 10.93 0.14
2458488.3356663 10.78 0.12
2458488.3358399 11.08 0.16
2458488.3360135 10.87 0.13
2458488.3363607 10.97 0.14
2458488.3367080 10.86 0.13
2458488.3372288 10.87 0.13
2458488.3374024 11.11 0.16
2458488.3375760 11.05 0.15
2458488.3377496 10.77 0.12
2458488.3379232 10.73 0.12
2458488.3380968 10.96 0.14
2458488.3384441 10.91 0.14
2458488.3386177 10.72 0.11
2458488.3387913 10.94 0.14
2458488.3389649 11.10 0.16
2458488.3391385 10.98 0.14
2458488.3394857 11.01 0.15
2458488.3396593 10.86 0.13
2458488.3398330 10.90 0.13
2458488.3401802 10.88 0.13
2458488.3405274 10.91 0.14
2458488.3407010 10.63 0.11
2458488.3410482 10.92 0.14
2458488.3412219 10.78 0.12
2458488.3413955 10.84 0.13
2458488.3415691 10.82 0.13
2458488.3417427 10.86 0.13
2458488.3419163 10.91 0.14
2458488.3420899 10.72 0.12
2458488.3422635 10.92 0.14
2458488.3431316 10.90 0.13
2458488.3438260 10.93 0.14
2458488.3439996 10.98 0.15
2458488.3445205 10.84 0.13
2458488.3446941 10.93 0.14
2458488.3448677 10.78 0.12
2458488.3450413 10.78 0.12
2458488.3453896 10.88 0.13
2458488.3455631 10.66 0.11
2458488.3460834 10.82 0.13
2458488.3462569 10.94 0.14
2458488.3466038 10.71 0.12
2458488.3471246 10.90 0.14
2458488.3472982 10.92 0.14
2458488.3481663 10.93 0.14
2458488.3483399 10.79 0.12
2458488.3485135 10.80 0.12
2458488.3488607 10.85 0.13
2458488.3500760 10.92 0.14
2458488.3505969 10.85 0.13
2458488.3507705 10.82 0.13
2458488.3511177 10.70 0.11
2458488.3512913 10.98 0.15
2458488.3516385 10.82 0.13
2458488.3519857 10.90 0.14
2458488.3532010 10.74 0.12
2458488.3538955 10.92 0.14
2458488.3542427 10.94 0.14
2458488.3545899 10.84 0.13
2458488.3551107 10.94 0.14
2458488.3554580 10.95 0.14
2458488.3558052 11.03 0.15
2458488.3561524 10.95 0.14
2458488.3566732 10.87 0.13
2458488.3568469 10.83 0.13
2458488.3571953 10.81 0.13
2458488.3573687 10.87 0.13
2458488.3575422 10.89 0.13
2458488.3577156 10.76 0.12
2458488.3596246 10.88 0.13
2458488.3597982 10.92 0.14
2458488.3599718 10.85 0.13
2458488.3601455 10.90 0.13
2458488.3603191 10.91 0.14
2458488.3604927 10.87 0.13
2458488.3606663 10.74 0.12
2458488.3610135 10.87 0.13
2458488.3617080 10.95 0.14
2458488.3622288 10.92 0.14
2458488.3625760 10.69 0.11
2458488.3637913 10.99 0.15
2458488.3639649 10.85 0.13
2458488.3641385 10.82 0.13
2458488.3643121 10.80 0.13
2458488.3644857 10.87 0.13
2458488.3648330 10.72 0.12
2458488.3653538 10.83 0.13
2458488.3657010 10.96 0.14
2458488.3658746 10.89 0.14
2458488.3665691 10.90 0.14
2458488.3674371 10.84 0.13
2458488.3676107 10.85 0.13
2458488.3686524 10.78 0.12
2458488.3690010 10.82 0.13
2458488.3691744 10.94 0.14
2458488.3693479 10.93 0.14
2458488.3696948 10.74 0.12
2458488.3705621 10.83 0.13
2458488.3707357 10.66 0.11
2458488.3712566 10.89 0.14
2458488.3719510 10.76 0.12
2458488.3722982 10.86 0.14
2458488.3726455 10.91 0.14
2458488.3729927 10.90 0.14
2458488.3731663 10.71 0.12
2458493.2519739 10.79 0.11
2458493.2521475 10.99 0.13
2458493.2523211 10.82 0.11
2458493.2526684 10.87 0.12
2458493.2530156 10.69 0.10
2458493.2531892 11.00 0.13
2458493.2535364 10.97 0.13
2458493.2538836 11.00 0.13
2458493.2542320 10.85 0.11
2458493.2544055 10.82 0.11
2458493.2545789 10.94 0.12
2458493.2547524 11.00 0.13
2458493.2549258 10.96 0.13
2458493.2550993 11.18 0.15
2458493.2554461 10.89 0.12
2458493.2556198 11.00 0.13
2458493.2559670 10.93 0.13
2458493.2563142 10.81 0.11
2458493.2564878 10.94 0.12
2458493.2566614 11.05 0.14
2458493.2568350 10.78 0.11
2458493.2570086 10.89 0.12
2458493.2571823 10.78 0.11
2458493.2573559 10.96 0.13
2458493.2577031 10.90 0.12
2458493.2578767 10.82 0.11
2458493.2582239 10.91 0.12
2458493.2583975 10.74 0.10
2458493.2585711 10.80 0.11
2458493.2587447 10.78 0.11
2458493.2589184 10.83 0.11
2458493.2590920 11.06 0.14
2458493.2592656 10.98 0.13
2458493.2596128 10.74 0.10
2458493.2597864 10.73 0.10
2458493.2599600 10.78 0.11
2458493.2601336 10.86 0.12
2458493.2604809 10.94 0.12
2458493.2608281 10.89 0.12
2458493.2613489 10.91 0.12
2458493.2615225 10.90 0.12
2458493.2616961 10.95 0.13
2458493.2618697 10.95 0.12
2458493.2625642 10.84 0.11
2458493.2627378 10.89 0.12
2458493.2629114 10.88 0.12
2458493.2634323 10.61 0.09
2458493.2636059 10.87 0.12
2458493.2637795 11.04 0.14
2458493.2641267 11.00 0.13
2458493.2644739 11.00 0.13
2458493.2646475 10.78 0.11
2458493.2655156 11.09 0.14
2458493.2656892 10.89 0.12
2458493.2662112 10.76 0.10
2458493.2663847 10.69 0.10
2458493.2665581 11.00 0.13
2458493.2667316 10.98 0.13
2458493.2669050 10.71 0.10
2458493.2670784 10.90 0.12
2458493.2674253 11.02 0.13
2458493.2675989 10.86 0.12
2458493.2677725 11.00 0.13
2458493.2681197 10.74 0.10
2458493.2682934 10.76 0.10
2458493.2686406 10.77 0.11
2458493.2688142 10.86 0.12
2458493.2689878 10.74 0.10
2458493.2691614 10.79 0.11
2458493.2693350 10.80 0.11
2458493.2695086 10.90 0.12
2458493.2696822 10.71 0.10
2458493.2698559 10.87 0.11
2458493.2700295 10.87 0.11
2458493.2703767 10.85 0.11
2458493.2705503 10.86 0.11
2458493.2707239 10.78 0.11
2458493.2708975 10.85 0.11
2458493.2710711 10.96 0.12
2458493.2712448 10.96 0.13
2458493.2714184 11.07 0.14
2458493.2717656 10.82 0.11
2458493.2719392 10.81 0.11
2458493.2724600 10.93 0.12
2458493.2731545 10.88 0.12
2458493.2735017 10.90 0.12
2458493.2745434 10.86 0.12
2458493.2747170 10.87 0.12
2458493.2748906 10.99 0.13
2458493.2752378 10.98 0.13
2458493.2754114 10.90 0.12
2458493.2755850 10.91 0.12
2458493.2759322 10.84 0.11
2458493.2762795 10.80 0.11
2458493.2764531 10.91 0.12
2458493.2766267 10.81 0.11
2458493.2768003 10.68 0.10
2458493.2773211 10.75 0.10
2458493.2776684 10.93 0.12
2458493.2778420 10.75 0.10
2458493.2780169 10.81 0.11
2458493.2783638 10.88 0.12
2458493.2785373 10.84 0.11
2458493.2787107 10.71 0.10
2458493.2788841 10.76 0.10
2458493.2790576 10.85 0.11
2458493.2792310 10.72 0.10
2458493.2794045 10.72 0.10
2458493.2795781 10.94 0.12
2458493.2797517 10.78 0.11
2458493.2800989 10.89 0.12
2458493.2802725 10.84 0.11
2458493.2804461 10.88 0.12
2458493.2806198 10.93 0.12
2458493.2807934 10.77 0.11
2458493.2809670 10.72 0.10
2458493.2811406 10.98 0.13
2458493.2813142 10.77 0.11
2458493.2814878 10.74 0.10
2458493.2816614 10.63 0.09
2458493.2820086 10.92 0.12
2458493.2821822 11.01 0.13
2458493.2823559 10.69 0.10
2458493.2825295 10.92 0.12
2458493.2827031 10.88 0.12
2458493.2828767 10.95 0.12
2458493.2830503 10.79 0.11
2458493.2832239 10.78 0.11
2458493.2833975 10.82 0.11
2458493.2835711 10.79 0.11
2458493.2837447 10.84 0.11
2458493.2839184 10.90 0.12
2458493.2840920 10.84 0.11
2458493.2842656 10.80 0.11
2458493.2846128 10.90 0.12
2458493.2849600 10.86 0.11
2458493.2853072 10.87 0.12
2458493.2854809 10.91 0.12
2458493.2863489 10.82 0.11
2458493.2865225 10.84 0.11
2458493.2866961 10.61 0.09
2458493.2870434 10.90 0.12
2458493.2887795 10.87 0.12
2458493.2889531 10.77 0.11
2458493.2893003 11.01 0.13
2458493.2905164 11.01 0.13
2458493.2917309 10.71 0.10
2458493.2919045 10.83 0.11
2458493.2920781 10.92 0.12
2458493.2922517 11.15 0.15
2458493.2924253 10.81 0.11
2458493.2925989 10.90 0.12
2458493.2927725 10.85 0.11
2458493.2929461 10.85 0.11
2458493.2931197 10.81 0.11
2458493.2932934 10.82 0.11
2458493.2934670 10.82 0.11
2458493.2938142 11.14 0.15
2458493.2939878 10.80 0.11
2458493.2943350 10.90 0.12
2458493.2945086 10.78 0.11
2458493.2946823 10.85 0.11
2458493.2948559 10.81 0.11
2458493.2955503 10.92 0.12
2458493.2957239 10.77 0.11
2458493.2958975 10.91 0.12
2458493.2962448 10.76 0.11
2458493.2964184 10.94 0.12
2458493.2965920 10.69 0.10
2458493.2967656 10.86 0.12
2458493.2971128 10.90 0.12
2458493.2972864 10.84 0.12
2458493.2974600 11.07 0.14
2458493.2976336 10.97 0.13
2458493.2978072 10.95 0.13
2458493.2981545 10.73 0.10
2458493.2983281 10.82 0.11
2458493.2985017 10.90 0.12
2458493.2990225 10.97 0.13
2458493.2991961 10.88 0.12
2458493.2995434 10.69 0.10
2458493.2997170 10.77 0.11
2458493.2998906 10.74 0.11
2458493.3000642 10.90 0.12
2458493.3004114 10.74 0.11
2458493.3005850 10.95 0.13
2458493.3007586 10.83 0.11
2458493.3021591 10.98 0.13
2458493.3023327 10.86 0.12
2458493.3025063 10.83 0.11
2458493.3033744 10.88 0.12
2458493.3035480 10.76 0.11
2458493.3042424 11.02 0.13
2458493.3044161 10.81 0.11
2458493.3047633 10.73 0.10
2458493.3051105 10.88 0.12
2458493.3052841 10.89 0.12
2458493.3056313 10.83 0.11
2458493.3058049 10.87 0.12
2458493.3059785 10.85 0.11
2458493.3064994 10.95 0.13
2458493.3070202 10.84 0.11
2458493.3071938 10.76 0.10
2458493.3073674 10.97 0.13
2458493.3075410 10.91 0.12
2458493.3077147 10.84 0.11
2458493.3078883 10.91 0.12
2458493.3082355 10.90 0.12
2458493.3087563 10.97 0.13
2458493.3089299 10.94 0.12
2458493.3092772 10.98 0.13
2458493.3094508 10.71 0.10
2458493.3096244 11.09 0.14
2458493.3097980 10.98 0.13
2458493.3101452 10.90 0.12
2458493.3103188 11.06 0.14
2458493.3104924 10.93 0.12
2458493.3106661 10.91 0.12
2458493.3110133 10.88 0.11
2458493.3113605 10.99 0.13
2458493.3117077 10.97 0.13
2458493.3118813 10.84 0.11
2458493.3130971 11.07 0.14
2458493.3136174 10.91 0.12
2458493.3139647 11.02 0.13
2458493.3141383 11.01 0.13
2458493.3143119 10.93 0.12
2458493.3144855 10.87 0.11
2458493.3146591 10.86 0.11
2458493.3148327 11.00 0.13
2458493.3151799 10.78 0.11
2458493.3153535 10.95 0.12
2458493.3155272 10.83 0.11
2458493.3157008 10.89 0.12
2458493.3158744 10.92 0.12
2458493.3160480 10.99 0.13
2458493.3162216 10.84 0.11
2458493.3163952 10.75 0.10
2458493.3165688 10.83 0.11
2458493.3167424 10.82 0.11
2458493.3169161 10.83 0.11
2458493.3170897 10.97 0.13
2458493.3172633 10.71 0.10
2458493.3176105 10.89 0.11
2458493.3179577 10.90 0.12
2458493.3183049 11.02 0.13
2458493.3184786 11.03 0.13
2458493.3186522 10.82 0.11
2458493.3191730 10.90 0.12
2458493.3193466 10.88 0.11
2458493.3195202 11.03 0.13
2458493.3196938 10.90 0.12
2458493.3200411 10.99 0.13
2458493.3202147 10.81 0.11
2458493.3203883 10.83 0.11
2458493.3205619 10.88 0.12
2458493.3207355 10.99 0.13
2458493.3209091 10.78 0.11
2458493.3210827 10.93 0.12
2458493.3212563 10.85 0.11
2458493.3214299 10.87 0.11
2458493.3216035 10.90 0.12
2458493.3217772 11.02 0.13
2458493.3219508 10.86 0.11
2458493.3222980 10.84 0.11
2458493.3228188 10.86 0.11
2458493.3229924 10.96 0.12
2458493.3231662 10.91 0.12
2458493.3233397 10.84 0.11
2458493.3235133 10.93 0.12
2458493.3236869 10.90 0.12
2458493.3238605 10.99 0.13
2458493.3240341 10.94 0.12
2458493.3242090 10.82 0.11
2458493.3243824 10.89 0.12
2458493.3245559 11.06 0.14
2458493.3247293 10.78 0.10
2458493.3249028 10.90 0.12
2458493.3252497 10.98 0.13
2458493.3257702 10.89 0.12
2458493.3261174 10.96 0.12
2458493.3262911 10.79 0.11
2458493.3264647 10.86 0.11
2458493.3268119 10.84 0.11
2458493.3269855 10.99 0.13
2458493.3271591 10.91 0.12
2458493.3275063 10.78 0.10
2458493.3276799 10.88 0.11
2458493.3278536 10.90 0.12
2458493.3280272 11.02 0.13
2458493.3282008 10.73 0.10
2458493.3283744 10.84 0.11
2458493.3285480 10.71 0.10
2458493.3287216 10.92 0.12
2458493.3292430 10.86 0.11
2458493.3294160 11.01 0.13
2458493.3295897 11.09 0.14
2458493.3297633 10.93 0.12
2458493.3299369 10.92 0.12
2458493.3301105 10.77 0.10
2458493.3306313 11.10 0.14
2458493.3308049 10.90 0.12
2458493.3311522 11.05 0.13
2458493.3313258 10.94 0.12
2458493.3314994 11.13 0.14
2458493.3323674 11.01 0.13
2458493.3327147 10.94 0.12
2458493.3328883 10.94 0.12
2458493.3330619 11.02 0.13
2458493.3332355 10.92 0.12
2458493.3337563 10.92 0.12
2458493.3341036 11.04 0.13
2458493.3342772 10.91 0.12
2458493.3344508 10.90 0.12
2458493.3346244 10.92 0.12
2458493.3347980 10.97 0.12
2458493.3356661 10.82 0.11
2458493.3361882 10.85 0.11
2458493.3368820 11.15 0.15
2458493.3370554 11.06 0.14
2458493.3374023 10.89 0.12
2458493.3380966 10.88 0.12
2458493.3382702 10.90 0.12
2458493.3386174 10.90 0.12
2458493.3387910 10.73 0.10
2458493.3389647 10.83 0.11
2458493.3394855 10.92 0.12
2458493.3396591 10.99 0.13
2458493.3400063 10.79 0.11
2458493.3401799 10.74 0.10
2458493.3403536 10.79 0.11
2458493.3405272 10.83 0.11
2458493.3407008 10.83 0.11
2458493.3408744 10.82 0.11
2458493.3410480 10.79 0.11
2458493.3412216 10.92 0.12
2458493.3415688 10.76 0.10
2458493.3417424 10.82 0.11
2458493.3419161 10.94 0.12
2458493.3422633 11.03 0.13
2458493.3426105 10.80 0.11
2458493.3427841 10.75 0.10
2458493.3429577 11.11 0.14
2458493.3431313 11.00 0.13
2458493.3434786 10.88 0.12
2458493.3436522 10.74 0.10
2458493.3438258 10.97 0.13
2458493.3441730 10.95 0.12
2458493.3443466 10.79 0.11
2458493.3445202 10.98 0.13
2458493.3446938 10.96 0.13
2458493.3448674 10.93 0.12
2458493.3450410 10.99 0.13
2458493.3452147 10.98 0.13
2458493.3453883 10.95 0.12
2458493.3455619 10.98 0.13
2458493.3457355 10.69 0.10
2458493.3459091 10.93 0.12
2458493.3460827 10.98 0.13
2458493.3462563 10.93 0.12
2458493.3466035 10.93 0.12
2458493.3467772 10.73 0.10
2458493.3469508 11.03 0.13
2458493.3471244 10.92 0.12
2458493.3472980 10.71 0.10
2458493.3474716 10.99 0.13
2458493.3476452 10.96 0.12
2458493.3478188 10.95 0.12
2458493.3479924 10.87 0.12
2458493.3481673 10.86 0.12
2458493.3485142 10.87 0.12
2458493.3486876 10.87 0.12
2458493.3488611 10.77 0.11
2458493.3490345 10.81 0.11
2458493.3492080 10.96 0.13
2458493.3493814 11.17 0.15
2458493.3495549 10.81 0.11
2458493.3499022 10.83 0.11
2458493.3500758 10.91 0.12
2458493.3502494 10.87 0.12
2458493.3504230 10.85 0.11
2458493.3505966 10.67 0.10
2458493.3507702 10.97 0.13
2458493.3511174 11.00 0.13
2458493.3512911 10.78 0.11
2458493.3519855 10.83 0.11
2458493.3521591 10.91 0.12
2458493.3523327 10.74 0.10
2458493.3525063 10.86 0.11
2458493.3526799 10.73 0.10
2458493.3528535 10.98 0.13
2458493.3530272 10.95 0.12
2458493.3533744 10.76 0.10
2458493.3537216 10.78 0.11
2458493.3538952 10.93 0.12
2458493.3540688 10.87 0.12
2458493.3542424 10.88 0.12
2458493.3544160 10.82 0.11
2458493.3545897 10.89 0.12
2458493.3552841 10.81 0.11
2458493.3556313 10.90 0.12
2458493.3558049 10.84 0.11
2458493.3559786 10.82 0.11
2458493.3563258 10.86 0.11
2458493.3566730 10.87 0.12
2458493.3568466 10.93 0.12
2458493.3571938 11.01 0.13
2458493.3573674 10.96 0.12
2458493.3578883 10.66 0.09
2458493.3582355 10.82 0.11
2458493.3584091 10.71 0.10
2458493.3585827 10.77 0.11
2458493.3587563 10.87 0.11
2458493.3589299 10.89 0.12
2458493.3594508 10.83 0.11
2458493.3596244 10.79 0.11
2458493.3597980 10.80 0.11
2458493.3599716 10.93 0.12
2458493.3601465 10.77 0.10
2458493.3603199 11.01 0.13
2458493.3604934 10.67 0.10
2458493.3608403 11.00 0.13
2458493.3610137 10.82 0.11
2458493.3611871 10.74 0.10
2458493.3613606 10.79 0.11
2458493.3615341 10.74 0.10
2458493.3618813 10.84 0.11
2458493.3620549 11.14 0.15
2458493.3624022 10.82 0.11
2458493.3625758 10.75 0.10
2458493.3627494 10.94 0.12
2458493.3630966 10.87 0.12
2458493.3632702 10.91 0.12
2458493.3636174 10.93 0.12
2458493.3637911 10.84 0.11
2458493.3639647 10.96 0.13
2458493.3641383 10.78 0.11
2458493.3643119 10.96 0.13
2458493.3646591 10.68 0.10
2458493.3650063 10.75 0.10
2458493.3657008 10.82 0.11
2458493.3658744 10.82 0.11
2458493.3665688 10.64 0.09
2458493.3669161 10.74 0.10
2458493.3674369 10.66 0.10
2458493.3679577 10.86 0.12
2458493.3686522 10.77 0.11
2458493.3688258 10.74 0.10
2458493.3689994 10.73 0.10
2458493.3696938 10.74 0.10
2458493.3709091 10.82 0.11
2458493.3710827 10.90 0.12
2458493.3712563 10.83 0.11
2458493.3717772 10.91 0.12
2458493.3722991 11.05 0.14
2458493.3724725 10.63 0.09
2458493.3726460 10.76 0.11
2458493.3728194 10.69 0.10
2458493.3731663 10.88 0.12
2458493.3733397 10.72 0.10
2458493.3735133 10.81 0.11
2458493.3736869 10.81 0.11
2458493.3738605 10.96 0.13
2458493.3742077 10.80 0.11
2458493.3747286 10.67 0.10
2458493.3749022 10.75 0.10
2458493.3757702 10.85 0.11
2458493.3759438 10.93 0.12
2458493.3761174 10.86 0.12
2458493.3775063 10.83 0.11
2458493.3780272 10.72 0.10
2458493.3783744 10.73 0.10
2458493.3785480 10.80 0.11
2458493.3787216 10.81 0.11
2458493.3788952 10.80 0.11
2458493.3790688 10.80 0.11
2458493.3792424 10.75 0.11
2458493.3794161 10.93 0.12
2458493.3795897 10.78 0.11
2458493.3797633 10.80 0.11
2458493.3799369 10.87 0.12
2458493.3801105 10.80 0.11
2458493.3802841 10.96 0.13
2458493.3806313 10.95 0.13
2458493.3809786 10.89 0.12
2458493.3814994 10.81 0.11
2458493.3816730 10.89 0.12
2458493.3818466 10.95 0.13
2458493.3825411 10.70 0.10
2458493.3827147 10.64 0.10
2458493.3828883 10.82 0.11
2458493.3830619 10.82 0.11
2458493.3832355 10.87 0.12
2458493.3834091 10.62 0.10
2458493.3837563 10.78 0.11
2458493.3839313 10.79 0.11
2458493.3841048 11.11 0.15
2458493.3842782 10.72 0.10
2458493.3844517 10.79 0.11
2458493.3846251 10.89 0.12
2458493.3847985 10.73 0.10
2458493.3849720 10.92 0.13
2458493.3851454 10.80 0.11
2458493.3853189 10.82 0.11
2458493.3858397 10.67 0.10
2458493.3860133 10.76 0.11
2458493.3861869 10.76 0.11
2458493.3865341 10.79 0.11
2458493.3867077 10.93 0.13
2458493.3868813 10.84 0.12
2458493.3870549 10.82 0.12
2458493.3872286 10.91 0.12
2458493.3874022 10.77 0.11
2458493.3875758 11.00 0.14
2458493.3877494 10.72 0.10
2458493.3879230 10.90 0.12
2458493.3880966 10.86 0.12
2458493.3882702 10.67 0.10
2458493.3884438 10.93 0.13
2458493.3886174 10.95 0.13
2458493.3887911 10.83 0.12
2458493.3889647 10.82 0.11
2458493.3891383 10.89 0.12
2458493.3893119 11.10 0.15
2458493.3894855 10.92 0.13
2458493.3896591 10.95 0.13
2458493.3898327 11.04 0.14
2458493.3900063 10.86 0.12
2458493.3901799 10.79 0.11
2458493.3903536 10.82 0.11
2458493.3907008 10.97 0.13
2458493.3910480 10.87 0.12
2458493.3912216 10.85 0.12
2458493.3913952 10.59 0.09
2458493.3915688 10.82 0.12
2458493.3917424 10.62 0.09
2458493.3919160 10.86 0.12
2458493.3922633 10.68 0.10
2458493.3924369 10.69 0.10
2458493.3926105 10.78 0.11
2458493.3927841 10.70 0.10
2458493.3929577 10.82 0.11
2458493.3931313 10.69 0.10
2458493.3933049 10.82 0.11
2458493.3934785 10.83 0.12
2458493.3938258 10.89 0.12
2458493.3939994 11.00 0.14
2458493.3941730 10.79 0.11
2458493.3943466 10.72 0.11
2458493.3945202 10.83 0.12
2458493.3946938 10.95 0.13
2458493.3948674 10.79 0.11
2458493.3950411 10.84 0.12
2458493.3953883 10.83 0.12
2458493.3955619 10.84 0.12
2458493.3957355 10.71 0.10
2458493.3959105 10.68 0.10
2458493.3962574 10.84 0.12
2458493.3964308 10.91 0.13
2458493.3966043 10.74 0.11
2458493.3967777 10.88 0.12
2458493.3971246 10.85 0.12
2458493.3972980 10.83 0.12
2458493.3974716 10.84 0.12
2458493.3976452 10.93 0.13
2458493.3978188 10.81 0.12
2458493.3979924 10.75 0.11
2458493.3983397 10.94 0.13
2458493.3985133 10.73 0.11
2458493.3986869 10.85 0.12
2458493.3992077 10.87 0.12
2458493.3993813 10.83 0.12
2458493.3995549 10.83 0.12
2458493.3997285 10.90 0.13
2458493.3999022 10.92 0.13
2458493.4002494 10.99 0.14
2458493.4005966 10.88 0.12
2458493.4009438 10.96 0.13
2458493.4011174 10.83 0.12
2458493.4014647 10.67 0.10
2458493.4016383 10.73 0.11
2458493.4021591 10.77 0.11
2458493.4023327 10.85 0.12
2458493.4025063 10.87 0.12
2458493.4026799 10.68 0.10
2458493.4028536 10.67 0.10
2458493.4030272 10.80 0.12
2458493.4033744 10.79 0.12
2458493.4037216 10.90 0.13
2458493.4040688 10.79 0.12
2458493.4042424 10.86 0.12
2458493.4044161 10.88 0.13
2458493.4045897 11.00 0.14
2458493.4047633 10.81 0.12
2458493.4051105 10.82 0.12
2458493.4054577 10.84 0.12
2458493.4056313 10.75 0.11
2458493.4068466 10.68 0.11
2458493.4070202 10.74 0.11
2458493.4073674 10.89 0.13
2458493.4077147 10.93 0.13
2458493.4078896 10.85 0.12
2458493.4080630 10.83 0.12
2458493.4084099 10.74 0.11
2458493.4085833 10.87 0.13
2458493.4087568 10.75 0.11
2458493.4089302 10.79 0.12
2458493.4091037 10.69 0.11
2458493.4092772 11.02 0.14
2458493.4096244 10.86 0.13
2458493.4097980 10.56 0.09
2458493.4099716 10.83 0.12
2458493.4103188 10.77 0.11
2458493.4108397 10.73 0.11
2458493.4110133 10.80 0.12
2458493.4111869 10.82 0.12
2458493.4120549 10.99 0.14
2458493.4122286 10.89 0.13
2458493.4124022 11.02 0.15
2458493.4129230 10.84 0.12
2458493.4134438 10.96 0.14
2458493.4136174 10.72 0.11
2458493.4137911 10.72 0.11
2458493.4139647 10.95 0.14
2458493.4141383 10.70 0.11
2458493.4143119 10.89 0.13
2458493.4144855 10.78 0.12
2458493.4148327 10.83 0.12
2458493.4150063 10.78 0.12
2458493.4151799 10.81 0.12
2458493.4155272 10.83 0.13
2458493.4157008 10.82 0.12
2458494.3455156 10.69 0.15
2458494.3460364 10.76 0.15
2458495.1698327 10.70 0.15
2458495.1892772 10.69 0.14
2458495.1894508 10.72 0.15
2458495.1915341 10.81 0.16
2458495.1924022 10.72 0.14
2458495.1962216 10.65 0.13
2458495.1972633 10.78 0.15
2458495.2026452 10.78 0.15
2458495.2075070 10.59 0.13
2458495.2161869 10.68 0.14
2458495.2168813 10.57 0.12
2458495.2174022 10.84 0.16
2458495.2177494 10.85 0.16
2458495.2219161 10.64 0.13
2458495.2260827 10.57 0.12
2458495.2311185 10.82 0.15
2458495.2335480 10.71 0.14
2458495.2340688 10.69 0.13
2458495.2380619 10.90 0.16
2458495.2387563 10.77 0.14
2458495.2391035 10.77 0.15
2458495.2408397 10.74 0.14
2458495.2410133 10.78 0.14
2458495.2413605 10.67 0.13
2458495.2417077 10.76 0.14
2458495.2422286 10.63 0.13
2458495.2469160 10.87 0.15
2458495.2472633 10.79 0.15
2458495.2477841 10.99 0.17
2458495.2484785 10.70 0.13
2458495.2491730 10.76 0.14
2458495.2493466 10.71 0.14
2458495.2509091 10.49 0.11
2458495.2519508 10.69 0.13
2458495.2538605 10.75 0.14
2458495.2547300 10.71 0.13
2458495.2552503 10.69 0.13
2458495.2559441 10.85 0.15
2458495.2569855 10.65 0.13
2458495.2571591 10.76 0.14
2458495.2578536 10.73 0.13
2458495.2587216 10.69 0.13
2458495.2588952 10.82 0.14
2458495.2592424 10.74 0.14
2458495.2604577 10.78 0.14
2458495.2606313 10.80 0.14
2458495.2616730 10.83 0.15
2458495.2623674 10.63 0.12
2458495.2635827 10.65 0.13
2458495.2649716 10.78 0.14
2458495.2651452 10.80 0.14
2458495.2660133 10.82 0.15
2458495.2663605 10.79 0.14
2458495.2665341 10.82 0.14
2458495.2667077 10.92 0.16
2458495.2668826 10.89 0.15
2458495.2670561 10.86 0.15
2458495.2680967 10.79 0.14
2458495.2682702 10.77 0.14
2458495.2684438 10.98 0.17
2458495.2686174 10.79 0.14
2458495.2693119 10.76 0.14
2458495.2694855 10.80 0.14
2458495.2705272 10.82 0.15
2458495.2715688 10.95 0.16
2458495.2717424 10.81 0.14
2458495.2720897 10.80 0.14
2458495.2724369 10.83 0.14
2458495.2726105 10.65 0.12
2458495.2729577 10.77 0.14
2458495.2733049 10.67 0.13
2458495.2739994 10.72 0.13
2458495.2769508 10.60 0.12
2458495.2778188 10.84 0.15
2458495.2781660 10.82 0.14
2458495.2795556 10.81 0.14
2458495.2804230 10.74 0.13
2458495.2811174 10.77 0.14
2458495.2818119 10.59 0.12
2458495.2828536 10.89 0.15
2458495.2830272 10.79 0.14
2458495.2832008 10.82 0.14
2458495.2833744 10.80 0.14
2458495.2837216 10.92 0.15
2458495.2838952 10.99 0.17
2458495.2840688 10.74 0.13
2458495.2842424 10.79 0.14
2458495.2851105 10.86 0.15
2458495.2852841 10.64 0.12
2458495.2864994 10.88 0.15
2458495.2870202 10.79 0.14
2458495.2871938 10.70 0.13
2458495.2875410 10.93 0.16
2458495.2878883 10.68 0.13
2458495.2880619 10.57 0.11
2458495.2884091 10.65 0.12
2458495.2887563 10.88 0.15
2458495.2891036 10.78 0.14
2458495.2894508 10.77 0.14
2458495.2908410 10.67 0.13
2458495.2911879 10.79 0.14
2458495.2924022 10.67 0.13
2458495.2930966 10.78 0.14
2458495.2941383 10.75 0.13
2458495.2944855 10.88 0.15
2458495.2960480 10.65 0.12
2458495.2963952 10.85 0.15
2458495.2970897 10.99 0.16
2458495.2977841 10.77 0.13
2458495.2979577 10.95 0.16
2458495.3002147 10.74 0.13
2458495.3003883 10.99 0.16
2458495.3007355 10.89 0.15
2458495.3010827 10.75 0.13
2458495.3012563 10.67 0.12
2458495.3014299 10.73 0.13
2458495.3022980 10.92 0.15
2458495.3024716 10.65 0.12
2458495.3033406 10.75 0.13
2458495.3035140 10.85 0.15
2458495.3038609 10.82 0.14
2458495.3042078 10.90 0.15
2458495.3045549 10.73 0.13
2458495.3049022 10.89 0.15
2458495.3050758 10.86 0.15
2458495.3052494 10.79 0.14
2458495.3059438 10.70 0.13
2458495.3062911 10.91 0.16
2458495.3068119 10.77 0.14
2458495.3071591 10.66 0.12
2458495.3073327 10.75 0.14
2458495.3075063 10.93 0.16
2458495.3082008 10.95 0.16
2458495.3087216 10.85 0.15
2458495.3090688 10.80 0.14
2458495.3092424 10.95 0.16
2458495.3095897 10.78 0.14
2458495.3109785 10.87 0.15
2458495.3111522 10.86 0.15
2458495.3113258 10.79 0.14
2458495.3116730 10.76 0.14
2458495.3120202 10.86 0.15
2458495.3137563 10.73 0.13
2458495.3141036 10.72 0.13
2458495.3144508 10.84 0.15
2458495.3146244 10.75 0.13
2458498.1660017 10.76 0.13
2458498.1661753 10.85 0.14
2458498.1663489 10.74 0.13
2458498.1665238 10.60 0.12
2458498.1668707 10.91 0.15
2458498.1673910 10.73 0.13
2458498.1679114 10.77 0.13
2458498.1686059 10.84 0.14
2458498.1689531 10.82 0.14
2458498.1703420 10.81 0.14
2458498.1710364 10.75 0.13
2458498.1720781 10.84 0.14
2458498.1727725 10.68 0.12
2458498.1729461 10.64 0.11
2458498.1734670 10.85 0.14
2458498.1736406 10.62 0.11
2458498.1738142 10.90 0.14
2458498.1741614 10.84 0.14
2458498.1745086 10.73 0.12
2458498.1750295 10.73 0.12
2458498.1757239 10.81 0.13
2458498.1765920 10.96 0.15
2458498.1767656 10.96 0.15
2458498.1771128 10.86 0.13
2458498.1776336 10.82 0.13
2458498.1778072 10.89 0.14
2458498.1779809 10.71 0.12
2458498.1781545 10.85 0.13
2458498.1783295 10.78 0.13
2458498.1785029 10.89 0.14
2458498.1786763 10.80 0.13
2458498.1788498 10.94 0.15
2458498.1790232 10.97 0.15
2458498.1791967 10.85 0.14
2458498.1793701 10.74 0.12
2458498.1795436 10.93 0.14
2458498.1798906 10.91 0.14
2458498.1800642 10.83 0.13
2458498.1804114 10.89 0.14
2458498.1805850 10.86 0.13
2458498.1807586 10.84 0.13
2458498.1809323 10.89 0.14
2458498.1811059 10.85 0.13
2458498.1812795 10.79 0.13
2458498.1814531 10.85 0.13
2458498.1816267 10.68 0.11
2458498.1818003 10.82 0.13
2458498.1819739 10.90 0.14
2458498.1821475 10.83 0.13
2458498.1824948 10.82 0.13
2458498.1826684 10.65 0.11
2458498.1828420 10.78 0.13
2458498.1830156 10.95 0.15
2458498.1833628 10.91 0.14
2458498.1838836 10.83 0.13
2458498.1840572 10.71 0.12
2458498.1844045 10.73 0.12
2458498.1845781 10.91 0.14
2458498.1849253 10.85 0.13
2458498.1852725 10.80 0.13
2458498.1857934 10.91 0.14
2458498.1859670 10.86 0.13
2458498.1864878 10.72 0.12
2458498.1866614 10.98 0.15
2458498.1870086 10.72 0.12
2458498.1882974 10.78 0.13
2458498.1889184 10.67 0.11
2458498.1890920 10.94 0.14
2458498.1896128 10.74 0.12
2458498.1910017 10.84 0.13
2458498.1913489 11.01 0.15
2458498.1915225 10.90 0.14
2458498.1918697 10.65 0.11
2458498.1920434 10.71 0.11
2458498.1922170 10.90 0.14
2458498.1923906 10.93 0.14
2458498.1925642 10.84 0.13
2458498.1929114 10.87 0.13
2458498.1930850 10.87 0.13
2458498.1932586 10.91 0.14
2458498.1936059 11.02 0.15
2458498.1937795 10.78 0.12
2458498.1946475 10.90 0.13
2458498.1948211 10.79 0.12
2458498.1949947 10.80 0.12
2458498.1951684 10.85 0.13
2458498.1953420 10.91 0.14
2458498.1955156 10.88 0.13
2458498.1956892 10.73 0.11
2458498.1960378 10.79 0.12
2458498.1962112 10.86 0.13
2458498.1963846 10.64 0.10
2458498.1965581 10.80 0.12
2458498.1967315 10.79 0.12
2458498.1969050 10.82 0.12
2458498.1970784 10.77 0.12
2458498.1972519 10.80 0.12
2458498.1974253 10.65 0.10
2458498.1975989 10.70 0.11
2458498.1977725 10.79 0.12
2458498.1979461 10.73 0.11
2458498.1982934 10.71 0.11
2458498.1984670 10.79 0.12
2458498.1986406 10.71 0.11
2458498.1988142 10.84 0.12
2458498.1989878 10.74 0.11
2458498.1991614 10.77 0.12
2458498.1996822 10.66 0.10
2458498.1998559 10.85 0.12
2458498.2000295 10.84 0.12
2458498.2002031 10.76 0.11
2458498.2005503 10.66 0.10
2458498.2007239 10.67 0.10
2458498.2015920 10.78 0.12
2458498.2017656 11.05 0.15
2458498.2019392 10.91 0.13
2458498.2021128 10.76 0.12
2458498.2022864 10.73 0.11
2458498.2024600 10.99 0.14
2458498.2029809 10.97 0.14
2458498.2038489 10.96 0.14
2458498.2047170 10.65 0.10
2458498.2050642 10.86 0.12
2458498.2052378 10.98 0.14
2458498.2054114 10.69 0.10
2458498.2055850 10.80 0.12
2458498.2057586 10.87 0.12
2458498.2059323 10.84 0.12
2458498.2061059 10.94 0.13
2458498.2062795 10.67 0.10
2458498.2064531 10.87 0.12
2458498.2068003 10.86 0.12
2458498.2069739 10.87 0.12
2458498.2071475 10.83 0.12
2458498.2073211 10.83 0.12
2458498.2074947 11.00 0.14
2458498.2076684 10.74 0.11
2458498.2080169 10.74 0.11
2458498.2083638 10.77 0.11
2458498.2087107 10.83 0.12
2458498.2088841 10.66 0.10
2458498.2090576 10.79 0.11
2458498.2092310 10.71 0.11
2458498.2094045 10.89 0.13
2458498.2095781 10.97 0.14
2458498.2097517 10.73 0.11
2458498.2099253 10.81 0.12
2458498.2100989 10.78 0.11
2458498.2102725 10.62 0.10
2458498.2104461 11.01 0.14
2458498.2106197 10.89 0.12
2458498.2107934 10.85 0.12
2458498.2109670 10.91 0.13
2458498.2113142 10.91 0.13
2458498.2114878 10.86 0.12
2458498.2116614 10.68 0.10
2458498.2118350 10.70 0.11
2458498.2121823 10.80 0.12
2458498.2125295 10.93 0.13
2458498.2127031 10.91 0.13
2458498.2130503 10.66 0.10
2458498.2132239 10.64 0.10
2458498.2135711 11.00 0.14
2458498.2139184 10.74 0.11
2458498.2140920 10.89 0.13
2458498.2142656 10.78 0.11
2458498.2144392 10.67 0.10
2458498.2146128 10.75 0.11
2458498.2147864 10.65 0.10
2458498.2149600 10.73 0.11
2458498.2151336 10.83 0.12
2458498.2153072 10.87 0.12
2458498.2154809 10.74 0.11
2458498.2156545 10.93 0.13
2458498.2158281 10.84 0.12
2458498.2160017 10.97 0.13
2458498.2161753 10.88 0.12
2458498.2163489 10.85 0.12
2458498.2166961 10.90 0.13
2458498.2168697 10.97 0.14
2458498.2175642 10.85 0.12
2458498.2177378 10.71 0.11
2458498.2189531 10.71 0.11
2458498.2199960 10.82 0.12
2458498.2201694 10.82 0.12
2458498.2205163 10.85 0.12
2458498.2206898 10.80 0.11
2458498.2210366 10.91 0.13
2458498.2213836 10.77 0.11
2458498.2215573 10.89 0.13
2458498.2220781 10.92 0.13
2458498.2227725 10.93 0.13
2458498.2229461 10.88 0.12
2458498.2231197 10.98 0.13
2458498.2232934 10.79 0.11
2458498.2234670 10.93 0.13
2458498.2239878 10.80 0.11
2458498.2241614 11.03 0.14
2458498.2243350 10.73 0.10
2458498.2245086 10.79 0.11
2458498.2246822 10.83 0.11
2458498.2248559 10.83 0.11
2458498.2250295 10.87 0.12
2458498.2252031 10.88 0.12
2458498.2253767 10.76 0.11
2458498.2255503 10.74 0.11
2458498.2257239 10.72 0.10
2458498.2258975 11.07 0.14
2458498.2260711 10.66 0.10
2458498.2262447 10.80 0.11
2458498.2264184 10.86 0.12
2458498.2265920 10.89 0.12
2458498.2267656 10.95 0.13
2458498.2269392 10.83 0.12
2458498.2271128 10.87 0.12
2458498.2272864 10.72 0.11
2458498.2274600 10.84 0.12
2458498.2278073 10.61 0.09
2458498.2279809 10.80 0.11
2458498.2281545 10.90 0.12
2458498.2283281 10.93 0.13
2458498.2285017 10.93 0.13
2458498.2290225 10.80 0.11
2458498.2291961 11.04 0.14
2458498.2293698 10.96 0.13
2458498.2295434 10.87 0.12
2458498.2297170 10.85 0.12
2458498.2298906 10.57 0.09
2458498.2300642 10.79 0.11
2458498.2302378 10.90 0.13
2458498.2305850 10.85 0.12
2458498.2307586 10.95 0.13
2458498.2309322 10.86 0.12
2458498.2311059 10.83 0.12
2458498.2312795 10.80 0.11
2458498.2316267 11.02 0.14
2458498.2323219 11.00 0.14
2458498.2324954 10.91 0.13
2458498.2338836 10.71 0.11
2458498.2340572 10.99 0.14
2458498.2345781 10.77 0.11
2458498.2347517 10.84 0.12
2458498.2352725 10.74 0.11
2458498.2354461 10.81 0.12
2458498.2357934 10.78 0.11
2458498.2359670 10.81 0.12
2458498.2361406 10.89 0.13
2458498.2364878 10.99 0.14
2458498.2366614 10.91 0.13
2458498.2368350 10.92 0.13
2458498.2373559 10.99 0.14
2458498.2375295 10.88 0.13
2458498.2378767 10.73 0.11
2458498.2380503 11.01 0.14
2458498.2383975 10.88 0.13
2458498.2385711 10.64 0.10
2458498.2387447 10.96 0.14
2458498.2389184 10.85 0.13
2458498.2394392 10.88 0.13
2458498.2396128 10.86 0.13
2458498.2399600 10.84 0.12
2458498.2401336 10.83 0.12
2458498.2403072 10.95 0.14
2458498.2408281 10.92 0.13
2458498.2410017 10.85 0.12
2458498.2411753 10.83 0.12
2458498.2415225 10.78 0.12
2458498.2418697 10.85 0.13
2458498.2420434 10.70 0.11
2458498.2422170 10.93 0.14
2458498.2423906 10.82 0.12
2458498.2429114 11.05 0.15
2458498.2430850 11.01 0.14
2458498.2434323 10.86 0.13
2458498.2437807 10.74 0.11
2458498.2439541 10.94 0.13
2458498.2446479 10.89 0.13
2458498.2451684 10.77 0.12
2458498.2479461 10.88 0.13
2458498.2489878 10.72 0.11
2458498.2491614 10.90 0.13
2458498.2496822 10.94 0.14
2458498.2507239 11.04 0.15
2458498.2508975 10.90 0.13
2458498.2510711 10.86 0.13
2458498.2515920 10.88 0.13
2458498.2526336 10.79 0.12
2458498.2529809 10.74 0.12
2458498.2531545 10.93 0.14
2458498.2533281 10.94 0.14
2458498.2543697 10.94 0.14
2458498.2547170 10.90 0.13
2458498.2548906 10.99 0.15
2458498.2557598 10.84 0.13
2458498.2562801 10.83 0.13
2458498.2568004 10.79 0.12
2458498.2581892 10.77 0.12
2458498.2583628 11.00 0.15
2458498.2588836 10.84 0.13
2458498.2592309 10.77 0.12
2458498.2594045 10.77 0.12
2458498.2599253 10.84 0.13
2458498.2616614 10.84 0.13
2458498.2621822 10.80 0.12
2458498.2633975 10.98 0.12
2458498.2635711 10.85 0.10
2458498.2639184 10.77 0.10
2458498.2649600 10.78 0.10
2458498.2651336 10.84 0.11
2458498.2654809 10.80 0.10
2458498.2661753 10.85 0.11
2458498.2665225 10.78 0.10
2458498.2666961 10.86 0.11
2458498.2668698 10.90 0.11
2458498.2673906 10.70 0.09
2458498.2675655 11.07 0.13
2458498.2677389 11.03 0.13
2458498.2679124 10.86 0.11
2458498.2680858 10.76 0.10
2458498.2684327 10.85 0.11
2458498.2687796 10.98 0.12
2458498.2694739 10.85 0.10
2458498.2703420 10.78 0.10
2458498.2708628 10.90 0.11
2458498.2712100 10.78 0.10
2458498.2713836 10.91 0.11
2458498.2715572 10.83 0.10
2458498.2717309 10.90 0.11
2458498.2719045 10.76 0.10
2458498.2720781 10.82 0.10
2458498.2722517 10.86 0.11
2458498.2724253 10.75 0.10
2458498.2727725 10.93 0.11
2458498.2729461 10.90 0.11
2458498.2734670 10.91 0.11
2458498.2738142 10.99 0.12
2458498.2741614 10.81 0.10
2458498.2745086 11.00 0.12
2458498.2750295 10.80 0.10
2458498.2752031 10.77 0.10
2458498.2753767 11.12 0.13
2458498.2757239 10.82 0.10
2458498.2767656 10.91 0.11
2458498.2771128 10.77 0.10
2458498.2772864 10.87 0.11
2458498.2802385 10.92 0.11
2458498.2811059 10.83 0.10
2458498.2814531 10.98 0.12
2458498.2818003 10.87 0.11
2458498.2821475 10.77 0.10
2458498.2823211 11.14 0.14
2458498.2826684 11.05 0.13
2458498.2828420 10.95 0.12
2458498.2831892 10.82 0.10
2458498.2833628 10.86 0.11
2458498.2835364 10.94 0.12
2458498.2837100 11.08 0.13
2458498.2838836 11.00 0.12
2458498.2840573 10.87 0.11
2458498.2842309 10.96 0.12
2458498.2844045 10.90 0.11
2458498.2847517 11.02 0.12
2458498.2849253 10.73 0.09
2458498.2852725 10.77 0.10
2458498.2854461 10.85 0.11
2458498.2856197 10.85 0.11
2458498.2857934 10.87 0.11
2458498.2859670 10.94 0.12
2458498.2863142 10.89 0.11
2458498.2864878 10.87 0.11
2458498.2868350 10.73 0.10
2458498.2870086 10.87 0.11
2458498.2873559 10.69 0.09
2458498.2875295 10.71 0.10
2458498.2877031 10.85 0.11
2458498.2878767 10.88 0.11
2458498.2882239 10.73 0.10
2458498.2885711 11.02 0.13
2458498.2887447 10.98 0.12
2458498.2890920 10.72 0.10
2458498.2892656 10.91 0.11
2458498.2894392 10.69 0.09
2458498.2896128 10.93 0.12
2458498.2897864 10.73 0.09
2458498.2899600 10.88 0.11
2458498.2901336 10.82 0.10
2458498.2904809 10.94 0.12
2458498.2906545 10.83 0.11
2458498.2908281 11.09 0.13
2458498.2911753 10.79 0.10
2458498.2913489 10.74 0.10
2458498.2915239 10.92 0.11
2458498.2918708 10.93 0.12
2458498.2920443 10.86 0.11
2458498.2925646 11.00 0.13
2458498.2927381 10.86 0.11
2458498.2929115 10.95 0.12
2458498.2930850 10.90 0.11
2458498.2934322 10.95 0.12
2458498.2941267 10.95 0.12
2458498.2943003 10.75 0.10
2458498.2953420 10.99 0.12
2458498.2958628 10.92 0.12
2458498.2967309 10.93 0.12
2458498.2970781 11.08 0.13
2458498.2981198 11.02 0.13
2458498.2982934 10.96 0.12
2458498.2984670 11.13 0.14
2458498.2991614 11.12 0.14
2458498.2993350 10.95 0.12
2458498.2995086 10.99 0.12
2458498.2996823 10.93 0.12
2458498.2998559 10.86 0.11
2458498.3002031 11.01 0.13
2458498.3003767 10.99 0.12
2458498.3005503 10.99 0.12
2458498.3007239 11.03 0.13
2458498.3008975 10.76 0.10
2458498.3010711 10.94 0.12
2458498.3012447 11.09 0.14
2458498.3014184 10.78 0.10
2458498.3015920 11.13 0.14
2458498.3019392 10.84 0.11
2458498.3022864 11.07 0.13
2458498.3026336 10.92 0.12
2458498.3031545 11.05 0.13
2458498.3033281 10.99 0.12
2458498.3035017 11.09 0.13
2458498.3036766 10.92 0.11
2458498.3038500 10.80 0.10
2458498.3040235 11.14 0.14
2458498.3041969 11.06 0.13
2458498.3043703 11.04 0.13
2458498.3045438 11.09 0.13
2458498.3047172 10.92 0.11
2458498.3050642 10.92 0.12
2458498.3054114 10.91 0.11
2458498.3057586 10.85 0.11
2458498.3061059 10.97 0.12
2458498.3062795 10.91 0.11
2458498.3064531 10.75 0.10
2458498.3066267 10.84 0.11
2458498.3068003 10.92 0.12
2458498.3069739 10.95 0.12
2458498.3071475 10.97 0.12
2458498.3073211 11.04 0.13
2458498.3074948 10.98 0.12
2458498.3081892 10.79 0.10
2458498.3087100 10.84 0.11
2458498.3088836 10.88 0.11
2458498.3090572 10.94 0.12
2458498.3094045 10.92 0.12
2458498.3095781 10.68 0.09
2458498.3097517 10.90 0.12
2458498.3100989 11.09 0.14
2458498.3106197 10.99 0.13
2458498.3107934 11.03 0.13
2458498.3109670 11.09 0.14
2458498.3113142 10.88 0.11
2458498.3114878 10.94 0.12
2458498.3116614 10.85 0.11
2458498.3120086 10.73 0.10
2458498.3123559 10.93 0.12
2458498.3127031 11.13 0.14
2458498.3128767 10.96 0.12
2458498.3132239 10.98 0.13
2458498.3133975 11.06 0.13
2458498.3135711 11.01 0.13
2458498.3137448 10.77 0.10
2458498.3139184 11.12 0.14
2458498.3140920 11.09 0.14
2458498.3142656 10.90 0.12
2458498.3144392 10.92 0.12
2458498.3146128 10.62 0.09
2458498.3147864 10.92 0.12
2458498.3149600 10.93 0.12
2458498.3151336 10.80 0.11
2458498.3153073 10.99 0.13
2458498.3154809 10.92 0.12
2458498.3156558 11.02 0.13
2458498.3158292 10.92 0.12
2458498.3160027 11.02 0.13
2458498.3161761 10.98 0.12
2458498.3163496 11.03 0.13
2458498.3166965 10.85 0.11
2458498.3168699 10.86 0.11
2458498.3170434 10.84 0.11
2458498.3172170 11.07 0.14
2458498.3173906 10.95 0.12
2458498.3175642 11.04 0.13
2458498.3177378 10.89 0.12
2458498.3179114 11.09 0.14
2458500.2342077 10.79 0.14
2458500.2345549 11.00 0.17
2458500.2347285 10.78 0.14
2458500.2352494 10.74 0.13
2458500.2354230 11.04 0.18
2458500.2357702 10.86 0.15
2458500.2361174 10.80 0.14
2458500.2362910 10.65 0.12
2458500.2368119 10.66 0.13
2458500.2369855 10.74 0.13
2458500.2380272 10.78 0.14
2458500.2394161 10.69 0.13
2458500.2399369 10.67 0.12
2458500.2402841 10.77 0.13
2458500.2418466 10.54 0.11
2458500.2423674 10.81 0.14
2458500.2425410 10.73 0.13
2458500.2427147 10.66 0.12
2458500.2428883 10.82 0.14
2458500.2432355 10.85 0.14
2458500.2434091 10.90 0.15
2458500.2435827 10.85 0.14
2458500.2437563 10.69 0.12
2458500.2439299 10.91 0.15
2458500.2442772 10.87 0.14
2458500.2444520 10.89 0.15
2458500.2447989 10.63 0.11
2458500.2449724 11.02 0.16
2458500.2451458 10.90 0.15
2458500.2456661 10.87 0.14
2458500.2458397 10.87 0.14
2458500.2460133 10.83 0.14
2458500.2463605 10.84 0.14
2458500.2465341 10.77 0.13
2458500.2467077 10.84 0.14
2458500.2468813 11.12 0.18
2458500.2470549 10.90 0.14
2458500.2472286 10.81 0.13
2458500.2474022 10.90 0.14
2458500.2475758 10.75 0.13
2458500.2477494 10.77 0.13
2458500.2479230 10.97 0.15
2458500.2480966 10.93 0.15
2458500.2482702 10.80 0.13
2458500.2484438 10.82 0.13
2458500.2486174 10.60 0.11
2458500.2487910 10.76 0.13
2458500.2489647 10.77 0.13
2458500.2491383 10.99 0.16
2458500.2493119 10.90 0.14
2458500.2494855 10.94 0.15
2458500.2496591 10.95 0.15
2458500.2498327 10.82 0.13
2458500.2500063 10.88 0.14
2458500.2503535 11.07 0.17
2458500.2505272 10.78 0.13
2458500.2508744 10.78 0.13
2458500.2510480 10.68 0.12
2458500.2512216 10.84 0.14
2458500.2513952 10.98 0.15
2458500.2515688 10.88 0.14
2458500.2517424 10.59 0.11
2458500.2519160 10.89 0.14
2458500.2520897 10.83 0.13
2458500.2522633 10.74 0.12
2458500.2524369 10.82 0.13
2458500.2527841 10.68 0.12
2458500.2531313 10.85 0.14
2458500.2534786 10.88 0.14
2458500.2538258 10.79 0.13
2458500.2541730 10.89 0.14
2458500.2545202 10.75 0.13
2458500.2546938 10.79 0.13
2458500.2550411 10.70 0.12
2458500.2552147 10.85 0.14
2458500.2553883 10.81 0.13
2458500.2555619 10.72 0.12
2458500.2562563 10.59 0.11
2458500.2564312 10.95 0.15
2458500.2566046 10.77 0.13
2458500.2567781 10.85 0.14
2458500.2571250 10.85 0.14
2458500.2574719 10.74 0.12
2458500.2581660 10.78 0.13
2458500.2583397 10.67 0.12
2458500.2585133 10.88 0.14
2458500.2586869 10.65 0.11
2458500.2588605 10.89 0.14
2458500.2590341 10.85 0.13
2458500.2593813 10.84 0.13
2458500.2595549 10.82 0.13
2458500.2597285 10.77 0.13
2458500.2599022 10.76 0.12
2458500.2600758 10.87 0.14
2458500.2604230 10.74 0.12
2458500.2609438 10.86 0.13
2458500.2611174 10.67 0.11
2458500.2616383 10.94 0.15
2458500.2618119 11.01 0.15
2458500.2619855 10.71 0.12
2458500.2625063 10.82 0.13
2458500.2632008 10.87 0.13
2458500.2633744 10.87 0.13
2458500.2635480 10.82 0.13
2458500.2640688 11.02 0.15
2458500.2642424 10.85 0.13
2458500.2644160 10.89 0.14
2458500.2645897 10.76 0.12
2458500.2666730 10.73 0.12
2458500.2668466 10.67 0.11
2458500.2670202 10.75 0.12
2458500.2673674 10.75 0.12
2458500.2678883 10.95 0.14
2458500.2680619 10.95 0.14
2458500.2684104 10.75 0.12
2458500.2685839 10.73 0.12
2458500.2687573 10.89 0.14
2458500.2691042 10.83 0.13
2458500.2692776 10.86 0.13
2458500.2694511 10.88 0.13
2458500.2696245 10.71 0.11
2458500.2699716 10.87 0.13
2458500.2701452 10.87 0.13
2458500.2706661 10.66 0.11
2458500.2711869 10.73 0.12
2458500.2715341 10.87 0.13
2458500.2717077 10.76 0.12
2458500.2720549 10.74 0.12
2458500.2722285 10.86 0.13
2458500.2724022 10.72 0.12
2458500.2725758 10.99 0.15
2458500.2729230 10.88 0.13
2458500.2730966 10.70 0.11
2458500.2734438 10.78 0.12
2458500.2739647 10.86 0.13
2458500.2741383 10.69 0.11
2458500.2743119 10.72 0.12
2458500.2744855 10.77 0.12
2458500.2746591 10.77 0.12
2458500.2750063 10.86 0.13
2458500.2751799 10.83 0.13
2458500.2753535 10.96 0.14
2458500.2757008 10.87 0.13
2458500.2758744 10.80 0.12
2458500.2760480 10.85 0.13
2458500.2763952 10.75 0.12
2458500.2765688 10.70 0.11
2458500.2767424 10.73 0.12
2458500.2769161 10.90 0.13
2458500.2770897 10.93 0.14
2458500.2772633 10.94 0.14
2458500.2776105 10.79 0.12
2458500.2777841 10.85 0.13
2458500.2779577 10.85 0.13
2458500.2781313 10.71 0.12
2458500.2783049 10.80 0.13
2458500.2786522 10.83 0.13
2458500.2793466 10.98 0.14
2458500.2795202 10.75 0.12
2458500.2796938 10.83 0.13
2458500.2802147 10.68 0.11
2458500.2803896 10.76 0.12
2458500.2805631 10.78 0.12
2458500.2807365 10.86 0.13
2458500.2810834 10.79 0.12
2458500.2812568 10.87 0.13
2458500.2814303 10.90 0.14
2458500.2816037 10.78 0.12
2458500.2817772 10.78 0.12
2458500.2819508 10.85 0.13
2458500.2821244 11.04 0.15
2458500.2826452 11.10 0.16
2458500.2828188 10.94 0.14
2458500.2833397 10.85 0.13
2458500.2835133 10.77 0.12
2458500.2836869 10.84 0.13
2458500.2838605 10.73 0.12
2458500.2843813 10.84 0.13
2458500.2845549 10.84 0.13
2458500.2847286 10.93 0.14
2458500.2849022 10.78 0.12
2458500.2857702 10.92 0.14
2458500.2859438 10.91 0.13
2458500.2861174 10.77 0.12
2458500.2862911 10.92 0.14
2458500.2866383 10.78 0.12
2458500.2868119 10.67 0.11
2458500.2869855 10.78 0.12
2458500.2871591 10.77 0.12
2458500.2873327 10.87 0.13
2458500.2875063 11.02 0.15
2458500.2876799 10.90 0.14
2458500.2878535 10.86 0.13
2458500.2880272 10.84 0.13
2458500.2882008 10.79 0.12
2458500.2883744 10.94 0.14
2458500.2885480 10.85 0.13
2458500.2888952 10.69 0.11
2458500.2890688 10.73 0.11
2458500.2892424 10.74 0.11
2458500.2894160 10.78 0.12
2458500.2895897 10.78 0.12
2458500.2897633 10.84 0.12
2458500.2899369 10.93 0.14
2458500.2901105 11.01 0.15
2458500.2902841 10.90 0.13
2458500.2904577 10.82 0.12
2458500.2906313 10.84 0.13
2458500.2908049 10.79 0.12
2458500.2909785 10.96 0.14
2458500.2911522 10.71 0.11
2458500.2913258 10.82 0.12
2458500.2914994 10.73 0.11
2458500.2916730 10.87 0.12
2458500.2918466 10.76 0.11
2458500.2920202 10.80 0.12
2458500.2921938 10.85 0.12
2458500.2925423 10.84 0.12
2458500.2927157 10.82 0.12
2458500.2928892 10.83 0.12
2458500.2932360 10.79 0.11