2458467.3795250 10.27 0.08
2458467.3823028 10.10 0.07
2458467.3925459 10.17 0.07
2458467.3998383 10.12 0.07
2458467.4052195 10.15 0.07
2458467.4059139 10.15 0.07
2458467.4104278 10.15 0.07
2458467.4147681 10.10 0.07
2458467.4194556 10.13 0.07
2458493.2528420 10.09 0.06
2458493.2531892 10.22 0.06
2458493.2535364 10.11 0.06
2458493.2538836 10.08 0.06
2458493.2570086 10.11 0.06
2458493.2580503 10.09 0.06
2458493.2585711 10.06 0.06
2458493.2589184 10.12 0.06
2458493.2592656 10.20 0.06
2458493.2599600 10.07 0.06
2458493.2610017 10.12 0.06
2458493.2611753 10.05 0.05
2458493.2613489 10.19 0.06
2458493.2618697 10.06 0.05
2458493.2620434 10.10 0.06
2458493.2629114 10.00 0.05
2458493.2636059 9.99 0.05
2458493.2644739 10.07 0.06
2458493.2653420 10.11 0.06
2458493.2655156 10.02 0.05
2458493.2670784 10.06 0.05
2458493.2674253 10.12 0.06
2458493.2686406 10.15 0.06
2458493.2691614 10.11 0.06
2458493.2700295 10.02 0.05
2458493.2714184 10.09 0.06
2458493.2722864 10.07 0.06
2458493.2724600 10.08 0.06
2458493.2726336 10.19 0.06
2458493.2729809 10.07 0.05
2458493.2736753 10.07 0.06
2458493.2738489 10.13 0.06
2458493.2741961 10.14 0.06
2458493.2745434 10.12 0.06
2458493.2748906 10.23 0.06
2458493.2750642 10.00 0.05
2458493.2764531 10.10 0.06
2458493.2768003 10.05 0.05
2458493.2773211 10.10 0.06
2458493.2776684 9.98 0.05
2458493.2778420 9.97 0.05
2458493.2780169 10.11 0.06
2458493.2787107 10.06 0.05
2458493.2790576 9.99 0.05
2458493.2795781 10.12 0.06
2458493.2797517 10.04 0.05
2458493.2799253 10.12 0.06
2458493.2802725 9.97 0.05
2458493.2814878 9.99 0.05
2458493.2825295 10.12 0.06
2458493.2830503 10.09 0.06
2458493.2839184 10.08 0.06
2458493.2847864 10.03 0.05
2458493.2856545 10.10 0.06
2458493.2861753 10.12 0.06
2458493.2873906 10.05 0.05
2458493.2879114 10.14 0.06
2458493.2889531 10.05 0.05
2458493.2896475 10.16 0.06
2458493.2903429 10.06 0.05
2458493.2908633 10.08 0.06
2458493.2910367 10.09 0.06
2458493.2912102 10.00 0.05
2458493.2913836 10.13 0.06
2458493.2915572 10.10 0.06
2458493.2917309 10.08 0.06
2458493.2919045 9.98 0.05
2458493.2924253 10.18 0.06
2458493.2925989 10.08 0.06
2458493.2932934 10.07 0.06
2458493.2936406 10.16 0.06
2458493.2941614 10.01 0.05
2458493.2943350 10.01 0.05
2458493.2946823 10.10 0.06
2458493.2948559 10.10 0.06
2458493.2952031 10.05 0.05
2458493.2957239 10.15 0.06
2458493.2958975 10.08 0.06
2458493.2962448 10.10 0.06
2458493.2967656 10.13 0.06
2458493.2974600 10.04 0.05
2458493.2976336 10.04 0.05
2458493.2985017 10.12 0.06
2458493.2990225 10.08 0.06
2458493.2991961 10.13 0.06
2458493.3005850 9.97 0.05
2458493.3007586 10.09 0.06
2458493.3021591 10.02 0.05
2458493.3028536 10.07 0.06
2458493.3030272 10.04 0.05
2458493.3042424 10.11 0.06
2458493.3044161 10.03 0.05
2458493.3045897 10.13 0.06
2458493.3049369 10.00 0.05
2458493.3052841 10.06 0.05
2458493.3059785 10.11 0.06
2458493.3068466 10.13 0.06
2458493.3071938 9.99 0.05
2458493.3077147 10.03 0.05
2458493.3092772 10.02 0.05
2458493.3101452 10.09 0.06
2458493.3106661 10.09 0.06
2458493.3108397 10.14 0.06
2458493.3120549 10.14 0.06
2458493.3122298 10.04 0.05
2458493.3124033 10.09 0.06
2458493.3127502 10.04 0.05
2458493.3129236 10.03 0.05
2458493.3148327 10.15 0.06
2458493.3160480 10.12 0.06
2458493.3169161 10.12 0.06
2458493.3172633 10.03 0.05
2458493.3174369 10.15 0.06
2458493.3184786 10.21 0.06
2458493.3186522 10.03 0.05
2458493.3188258 10.10 0.06
2458493.3191730 10.18 0.06
2458493.3203883 10.19 0.06
2458493.3221244 10.12 0.06
2458493.3222980 10.14 0.06
2458493.3231662 10.10 0.06
2458493.3243824 10.07 0.05
2458493.3247293 10.16 0.06
2458493.3257702 10.07 0.05
2458493.3262911 10.10 0.05
2458493.3266383 10.13 0.06
2458493.3269855 10.12 0.06
2458493.3273327 10.12 0.06
2458493.3280272 10.14 0.06
2458493.3288952 10.12 0.06
2458493.3299369 10.04 0.05
2458493.3301105 10.13 0.06
2458493.3308049 10.00 0.05
2458493.3309785 10.10 0.06
2458493.3311522 10.01 0.05
2458493.3314994 10.19 0.06
2458493.3321938 10.12 0.06
2458493.3330619 10.06 0.05
2458493.3332355 10.11 0.06
2458493.3347980 10.03 0.05
2458493.3353188 10.10 0.06
2458493.3354924 10.09 0.05
2458493.3358397 9.99 0.05
2458493.3363616 10.07 0.05
2458493.3365351 9.97 0.05
2458493.3368820 10.18 0.06
2458493.3375758 10.17 0.06
2458493.3379230 10.09 0.06
2458493.3391383 10.18 0.06
2458493.3393119 10.09 0.06
2458493.3394855 10.08 0.06
2458493.3405272 10.11 0.06
2458493.3407008 10.01 0.05
2458493.3408744 10.15 0.06
2458493.3410480 10.10 0.06
2458493.3419161 10.08 0.06
2458493.3420897 10.11 0.06
2458493.3427841 10.08 0.06
2458493.3431313 10.09 0.06
2458493.3436522 10.08 0.06
2458493.3438258 10.05 0.05
2458493.3439994 10.10 0.06
2458493.3450410 10.12 0.06
2458493.3453883 10.14 0.06
2458493.3467772 10.12 0.06
2458493.3478188 10.05 0.05
2458493.3486876 10.19 0.06
2458493.3502494 10.04 0.05
2458493.3505966 9.99 0.05
2458493.3509438 10.11 0.06
2458493.3516383 10.09 0.06
2458493.3518119 10.19 0.06
2458493.3521591 10.19 0.06
2458493.3526799 10.03 0.05
2458493.3537216 10.13 0.06
2458493.3540688 10.05 0.05
2458493.3542424 10.09 0.06
2458493.3558049 10.13 0.06
2458493.3564994 10.17 0.06
2458493.3566730 10.06 0.05
2458493.3585827 10.13 0.06
2458493.3594508 10.12 0.06
2458493.3604934 10.15 0.06
2458493.3610137 10.08 0.06
2458493.3611871 10.08 0.06
2458493.3617077 10.06 0.05
2458493.3618813 10.05 0.05
2458493.3620549 10.06 0.05
2458493.3632702 10.02 0.05
2458493.3646591 10.12 0.06
2458493.3657008 10.13 0.06
2458493.3665688 10.17 0.06
2458493.3681313 10.16 0.06
2458493.3698674 10.14 0.06
2458493.3714299 10.13 0.06
2458493.3717772 10.13 0.06
2458493.3785480 10.06 0.06
2458493.3795897 10.12 0.06
2458493.3802841 10.11 0.06
2458493.3816730 10.09 0.06
2458493.3828883 9.99 0.05
2458493.3832355 10.09 0.06
2458493.3844517 10.05 0.06
2458493.3847985 10.09 0.06
2458493.3865341 10.11 0.06
2458493.3877494 10.12 0.06
2458493.3879230 10.06 0.06
2458493.3884438 10.20 0.06
2458493.3901799 10.07 0.06
2458493.3917424 10.02 0.05
2458493.3919160 10.15 0.06
2458493.3920897 9.99 0.05
2458493.3929577 10.07 0.06
2458493.3931313 10.11 0.06
2458493.3934785 10.06 0.06
2458493.3939994 10.14 0.06
2458493.3948674 10.01 0.05
2458493.3962574 10.09 0.06
2458493.3964308 10.08 0.06
2458493.3969511 10.07 0.06
2458493.3971246 10.11 0.06
2458493.3981661 10.09 0.06
2458493.3985133 9.98 0.05
2458493.3992077 10.05 0.06
2458493.3997285 10.15 0.06
2458493.4004230 10.09 0.06
2458493.4005966 10.12 0.06
2458493.4021591 10.20 0.07
2458493.4023327 10.02 0.06
2458493.4032008 10.08 0.06
2458493.4033744 10.01 0.06
2458493.4038952 10.15 0.06
2458493.4040688 10.12 0.06
2458493.4042424 10.05 0.06
2458493.4044161 10.04 0.06
2458493.4045897 10.00 0.06
2458493.4047633 10.06 0.06
2458493.4051105 10.15 0.06
2458493.4061522 10.12 0.06
2458493.4066730 10.11 0.06
2458493.4071938 10.09 0.06
2458493.4073674 10.17 0.07
2458493.4078896 10.09 0.06
2458493.4084099 10.09 0.06
2458493.4085833 10.09 0.06
2458493.4087568 10.07 0.06
2458493.4094508 10.06 0.06
2458493.4096244 10.11 0.06
2458493.4097980 10.09 0.06
2458493.4099716 10.13 0.06
2458493.4106661 10.22 0.07
2458493.4111869 10.10 0.06
2458493.4118813 9.99 0.06
2458493.4125758 10.11 0.06
2458493.4127494 10.02 0.06
2458493.4134438 10.10 0.06
2458493.4137911 10.12 0.06
2458493.4141383 10.01 0.06
2458493.4157008 10.14 0.07
2458494.3446475 10.16 0.12
2458494.3448211 10.06 0.11
2458494.3449948 9.96 0.09
2458494.3451684 10.05 0.10
2458494.3453420 10.25 0.11
2458494.3455156 10.10 0.09
2458494.3456892 10.26 0.10
2458494.3458628 10.16 0.09
2458494.3460364 10.21 0.09
2458494.3462100 10.08 0.08
2458494.3463836 10.25 0.09
2458494.3465573 10.03 0.08
2458494.3467309 10.09 0.08
2458494.3469045 10.06 0.08
2458494.3470781 10.02 0.08
2458494.3472517 10.06 0.08
2458494.3474253 10.10 0.08
2458494.3475989 10.10 0.08
2458494.3477725 10.19 0.09
2458494.3479462 10.27 0.10
2458494.3481197 10.11 0.08
2458494.3482934 9.91 0.07
2458494.3484670 10.21 0.09
2458494.3486406 10.12 0.08
2458494.3488142 10.23 0.09
2458494.3489878 10.16 0.09
2458494.3491614 10.00 0.08
2458494.3493350 10.08 0.08
2458494.3495086 10.06 0.08
2458494.3496822 10.17 0.09
2458494.3498559 10.16 0.09
2458494.3500295 10.07 0.08
2458494.3502031 10.05 0.08
2458494.3503767 10.24 0.09
2458494.3505503 10.10 0.08
2458494.3507239 10.19 0.09
2458494.3508975 10.10 0.08
2458494.3510711 10.01 0.08
2458494.3512447 10.03 0.08
2458494.3514184 10.04 0.08
2458494.3517656 10.01 0.08
2458494.3521128 10.06 0.08
2458494.3522864 10.13 0.09
2458494.3524600 10.06 0.08
2458494.3526336 10.17 0.09
2458494.3528073 10.16 0.09
2458494.3529809 9.98 0.08
2458494.3531545 10.08 0.09
2458494.3533281 10.06 0.08
2458494.3535031 10.10 0.09
2458494.3538500 10.14 0.09
2458494.3540234 10.03 0.08
2458494.3541969 10.23 0.10
2458494.3543703 10.10 0.09
2458494.3545438 10.27 0.11
2458494.3547172 9.91 0.08
2458494.3548906 10.21 0.10
2458494.3550642 10.26 0.11
2458494.3552378 10.28 0.11
2458494.3554114 10.17 0.10
2458494.3555850 10.30 0.11
2458494.3557586 10.17 0.11
2458494.3559322 10.27 0.12
2458494.3561059 10.12 0.11
2458494.3562795 10.24 0.12
2458494.3564531 10.17 0.12
2458494.3566267 10.08 0.10
2458494.3568003 9.95 0.09
2458494.3569739 10.01 0.10
2458494.3571475 9.94 0.09
2458494.3573211 10.30 0.13
2458494.3574947 10.02 0.10
2458494.3576684 10.21 0.12
2458494.3578420 10.12 0.11
2458494.3581892 10.06 0.11
2458494.3583628 10.18 0.12
2458494.3585364 10.14 0.12
2458494.3587100 9.95 0.10
2458494.3590572 10.25 0.13
2458494.3592309 10.00 0.10
2458494.3594045 10.16 0.12
2458494.3595781 10.21 0.12
2458494.3606945 10.03 0.11
2458494.3611406 10.08 0.12
2458494.3613142 10.06 0.12
2458494.3614878 10.10 0.13
2458494.3620086 10.18 0.13
2458494.3621823 10.17 0.14
2458494.3623559 10.10 0.13
2458494.3628767 10.15 0.14
2458494.3630503 10.26 0.16
2458494.3632239 10.21 0.15
2458494.3635711 10.13 0.14
2458494.3637447 10.10 0.14
2458494.3639184 10.26 0.16
2458494.3640920 10.12 0.15
2458494.3642656 10.16 0.15
2458494.3644392 9.87 0.12
2458494.3647864 10.16 0.16
2458494.3649600 9.98 0.14
2458494.3653072 9.96 0.15
2458494.3656545 10.01 0.16
2458495.1342424 10.12 0.10
2458495.1344161 10.13 0.10
2458495.1345897 9.96 0.08
2458495.1347646 10.10 0.09
2458495.1349380 10.27 0.11
2458495.1351115 10.19 0.10
2458495.1352849 10.12 0.10
2458495.1354584 10.05 0.09
2458495.1356318 10.16 0.10
2458495.1358052 10.17 0.10
2458495.1359787 10.00 0.09
2458495.1363258 10.08 0.09
2458495.1364994 10.21 0.10
2458495.1366730 10.11 0.09
2458495.1368466 10.11 0.09
2458495.1370202 10.11 0.09
2458495.1371938 10.11 0.09
2458495.1373674 10.24 0.11
2458495.1375410 10.07 0.09
2458495.1377147 10.14 0.10
2458495.1378883 10.22 0.10
2458495.1380619 10.10 0.09
2458495.1382355 10.19 0.10
2458495.1384091 10.29 0.11
2458495.1385827 10.17 0.10
2458495.1387563 10.07 0.09
2458495.1389299 10.12 0.09
2458495.1391035 10.03 0.09
2458495.1392772 10.00 0.08
2458495.1394508 10.09 0.09
2458495.1396244 10.07 0.09
2458495.1397980 10.17 0.10
2458495.1399716 10.13 0.09
2458495.1401452 10.05 0.09
2458495.1403188 10.10 0.09
2458495.1404924 10.24 0.11
2458495.1406661 10.02 0.09
2458495.1408397 10.09 0.09
2458495.1411869 10.12 0.09
2458495.1415341 10.23 0.10
2458495.1417077 10.14 0.10
2458495.1418813 10.12 0.09
2458495.1420549 9.99 0.08
2458495.1422286 9.97 0.08
2458495.1424022 10.16 0.10
2458495.1425758 10.30 0.11
2458495.1427494 10.19 0.10
2458495.1429230 10.10 0.09
2458495.1430966 10.09 0.09
2458495.1432702 10.08 0.09
2458495.1434438 10.17 0.10
2458495.1436174 9.95 0.08
2458495.1437911 10.18 0.10
2458495.1439647 10.21 0.10
2458495.1441383 10.24 0.10
2458495.1443119 10.10 0.09
2458495.1448327 10.12 0.09
2458495.1450063 10.17 0.10
2458495.1451799 10.14 0.09
2458495.1453535 10.12 0.09
2458495.1455272 10.18 0.10
2458495.1457008 10.19 0.10
2458495.1458744 10.13 0.09
2458495.1460480 10.09 0.09
2458495.1462216 10.16 0.10
2458495.1463952 10.07 0.09
2458495.1465688 10.07 0.09
2458495.1467438 9.95 0.08
2458495.1469172 10.20 0.10
2458495.1470907 10.07 0.09
2458495.1472641 10.19 0.10
2458495.1474375 10.18 0.10
2458495.1476110 10.16 0.10
2458495.1477844 10.01 0.08
2458495.1479579 10.09 0.09
2458495.1481313 9.96 0.08
2458495.1483049 10.19 0.10
2458495.1484786 10.33 0.11
2458495.1486522 10.18 0.10
2458495.1488258 9.97 0.08
2458495.1489994 10.29 0.11
2458495.1491730 10.21 0.10
2458495.1493466 10.18 0.10
2458495.1495202 10.16 0.10
2458495.1496938 10.07 0.09
2458495.1498674 10.14 0.10
2458495.1500411 10.08 0.09
2458495.1502147 10.19 0.10
2458495.1503883 10.05 0.09
2458495.1505619 10.03 0.09
2458495.1507355 10.20 0.10
2458495.1510827 10.02 0.08
2458495.1512563 10.12 0.09
2458495.1514299 9.99 0.08
2458495.1516036 10.08 0.09
2458495.1517772 10.24 0.10
2458495.1519508 10.16 0.10
2458495.1521244 10.19 0.10
2458495.1522980 10.10 0.09
2458495.1524716 10.15 0.09
2458495.1526452 10.07 0.09
2458495.1528188 10.12 0.09
2458495.1529924 10.21 0.10
2458495.1531660 10.22 0.10
2458495.1533397 10.20 0.10
2458495.1535133 10.02 0.09
2458495.1536869 10.03 0.09
2458495.1538605 10.13 0.09
2458495.1540341 9.94 0.08
2458495.1542077 10.10 0.09
2458495.1543813 10.10 0.09
2458495.1545549 10.22 0.10
2458495.1547285 10.22 0.10
2458495.1549022 10.12 0.09
2458495.1550758 10.15 0.10
2458495.1552494 10.34 0.11
2458495.1554230 10.02 0.08
2458495.1555966 10.11 0.09
2458495.1557702 10.19 0.10
2458495.1559438 10.08 0.09
2458495.1562911 10.14 0.09
2458495.1564647 10.24 0.10
2458495.1566383 10.22 0.10
2458495.1568119 10.11 0.09
2458495.1569855 10.10 0.09
2458495.1571591 10.09 0.09
2458495.1573327 10.19 0.10
2458495.1575063 10.28 0.11
2458495.1578536 10.24 0.10
2458495.1580272 10.06 0.09
2458495.1582008 10.22 0.10
2458495.1583744 10.08 0.09
2458495.1585480 10.09 0.09
2458495.1587230 10.13 0.09
2458495.1590699 10.15 0.09
2458495.1592433 10.02 0.08
2458495.1594167 10.19 0.10
2458495.1595902 10.07 0.09
2458495.1597636 10.02 0.08
2458495.1599371 10.00 0.08
2458495.1601105 10.12 0.09
2458495.1602841 10.09 0.09
2458495.1604577 10.12 0.09
2458495.1606313 10.05 0.08
2458495.1608049 10.05 0.08
2458495.1609785 10.11 0.09
2458495.1611522 10.14 0.09
2458495.1614994 10.11 0.09
2458495.1616730 10.19 0.10
2458495.1618466 10.15 0.09
2458495.1620202 9.96 0.08
2458495.1621938 10.26 0.10
2458495.1623674 10.15 0.09
2458495.1625410 10.26 0.10
2458495.1627147 10.08 0.09
2458495.1628883 10.12 0.09
2458495.1630619 10.24 0.10
2458495.1632355 10.12 0.09
2458495.1634091 10.11 0.09
2458495.1635827 10.10 0.09
2458495.1637563 10.36 0.11
2458495.1639299 10.12 0.09
2458495.1641036 10.17 0.10
2458495.1642772 10.20 0.10
2458495.1644508 10.18 0.10
2458495.1646244 10.16 0.09
2458495.1647980 10.31 0.11
2458495.1649716 10.08 0.09
2458495.1651452 10.07 0.09
2458495.1654924 9.99 0.08
2458495.1656660 10.20 0.10
2458495.1658397 10.16 0.09
2458495.1660133 10.20 0.10
2458495.1661869 10.02 0.08
2458495.1663605 10.07 0.09
2458495.1665341 10.11 0.09
2458495.1667077 10.20 0.10
2458495.1668813 9.92 0.07
2458495.1670549 10.07 0.08
2458495.1672285 10.13 0.09
2458495.1674022 9.95 0.08
2458495.1675758 10.19 0.10
2458495.1677494 10.08 0.09
2458495.1679230 10.03 0.08
2458495.1680966 10.18 0.10
2458495.1682702 10.29 0.11
2458495.1684438 10.11 0.09
2458495.1686174 10.07 0.09
2458495.1687910 10.03 0.08
2458495.1689647 10.15 0.09
2458495.1691383 10.22 0.10
2458495.1693119 10.21 0.10
2458495.1694855 10.07 0.09
2458495.1696591 10.09 0.09
2458495.1698327 10.02 0.08
2458495.1700063 10.03 0.08
2458495.1701799 10.15 0.09
2458495.1703535 10.11 0.09
2458495.1705272 10.22 0.10
2458495.1707022 10.02 0.08
2458495.1708756 10.25 0.10
2458495.1710491 10.07 0.08
2458495.1712225 10.05 0.08
2458495.1715694 10.15 0.09
2458495.1717428 10.10 0.09
2458495.1719163 10.15 0.09
2458495.1720897 10.16 0.09
2458495.1722633 10.25 0.10
2458495.1724369 10.14 0.09
2458495.1726105 10.07 0.08
2458495.1727841 10.34 0.11
2458495.1729577 10.07 0.08
2458495.1731313 10.10 0.09
2458495.1733049 10.15 0.09
2458495.1734786 10.20 0.09
2458495.1736522 10.08 0.09
2458495.1738258 10.18 0.09
2458495.1741730 10.14 0.09
2458495.1743466 10.22 0.10
2458495.1745202 10.22 0.10
2458495.1746938 10.10 0.09
2458495.1750411 10.10 0.09
2458495.1752147 10.14 0.09
2458495.1755619 10.14 0.09
2458495.1757355 10.12 0.09
2458495.1759091 10.16 0.09
2458495.1760827 10.18 0.09
2458495.1764299 10.27 0.10
2458495.1766035 10.15 0.09
2458495.1767772 10.24 0.10
2458495.1769508 10.30 0.10
2458495.1771244 10.06 0.08
2458495.1772980 10.25 0.10
2458495.1774716 10.01 0.08
2458495.1776452 10.02 0.08
2458495.1779924 10.16 0.09
2458495.1781660 10.28 0.10
2458495.1783397 10.14 0.09
2458495.1785133 10.22 0.10
2458495.1786869 10.18 0.09
2458495.1788605 10.25 0.10
2458495.1790341 10.09 0.08
2458495.1792077 9.97 0.08
2458495.1793813 9.99 0.08
2458495.1795549 10.18 0.09
2458495.1797286 10.28 0.10
2458495.1799022 10.08 0.08
2458495.1800758 10.14 0.09
2458495.1802494 10.07 0.08
2458495.1804230 10.20 0.10
2458495.1805966 10.13 0.09
2458495.1807702 10.23 0.10
2458495.1809438 10.11 0.09
2458495.1811174 10.20 0.09
2458495.1812911 10.28 0.10
2458495.1816383 10.12 0.09
2458495.1818119 10.22 0.10
2458495.1819855 10.39 0.11
2458495.1821591 10.09 0.08
2458495.1823327 10.26 0.10
2458495.1825063 10.04 0.08
2458495.1826799 10.25 0.10
2458495.1828548 10.09 0.08
2458495.1830283 10.28 0.10
2458495.1832017 10.12 0.09
2458495.1833752 10.18 0.09
2458495.1835486 10.10 0.09
2458495.1837221 10.12 0.09
2458495.1838955 10.18 0.09
2458495.1842424 10.14 0.09
2458495.1844160 10.25 0.10
2458495.1845897 10.06 0.08
2458495.1847633 10.07 0.08
2458495.1849369 10.04 0.08
2458495.1851105 10.06 0.08
2458495.1852841 10.17 0.09
2458495.1854577 10.05 0.08
2458495.1856313 10.26 0.10
2458495.1858049 10.18 0.09
2458495.1859785 10.20 0.09
2458495.1861522 10.22 0.09
2458495.1863258 10.14 0.09
2458495.1864994 10.26 0.10
2458495.1866730 10.16 0.09
2458495.1870202 10.01 0.08
2458495.1871938 10.23 0.09
2458495.1873674 10.06 0.08
2458495.1875411 10.01 0.08
2458495.1877147 10.06 0.08
2458495.1878883 10.04 0.08
2458495.1880619 10.17 0.09
2458495.1882355 10.09 0.08
2458495.1884091 10.12 0.09
2458495.1885827 10.09 0.08
2458495.1887563 9.93 0.07
2458495.1889299 10.05 0.08
2458495.1891036 10.14 0.09
2458495.1892772 10.20 0.09
2458495.1894508 10.19 0.09
2458495.1896244 9.98 0.07
2458495.1897980 10.16 0.09
2458495.1899716 10.12 0.08
2458495.1901452 10.18 0.09
2458495.1904924 10.06 0.08
2458495.1906661 10.18 0.09
2458495.1908397 10.10 0.08
2458495.1910133 10.37 0.11
2458495.1913605 10.03 0.08
2458495.1915341 10.07 0.08
2458495.1917077 10.15 0.08
2458495.1918813 10.11 0.08
2458495.1920549 10.07 0.08
2458495.1924022 10.17 0.09
2458495.1925758 10.13 0.08
2458495.1927494 9.91 0.07
2458495.1929230 10.01 0.08
2458495.1930966 10.01 0.08
2458495.1932702 10.05 0.08
2458495.1934438 10.11 0.08
2458495.1936174 10.16 0.09
2458495.1937910 10.18 0.09
2458495.1939647 10.15 0.09
2458495.1941383 10.34 0.10
2458495.1943119 10.05 0.08
2458495.1944855 10.12 0.08
2458495.1946591 10.06 0.08
2458495.1948340 10.10 0.08
2458495.1950075 10.15 0.09
2458495.1951809 10.02 0.08
2458495.1953544 10.09 0.08
2458495.1955278 10.23 0.09
2458495.1957013 10.18 0.09
2458495.1958747 10.01 0.08
2458495.1960481 10.17 0.09
2458495.1962216 10.07 0.08
2458495.1963952 10.15 0.08
2458495.1965688 10.19 0.09
2458495.1967424 10.10 0.08
2458495.1969161 9.98 0.07
2458495.1970897 10.19 0.09
2458495.1972633 10.13 0.09
2458495.1974369 10.06 0.08
2458495.1976105 10.22 0.09
2458495.1977841 10.12 0.08
2458495.1981313 10.18 0.09
2458495.1983049 10.17 0.09
2458495.1984786 10.21 0.09
2458495.1986522 10.16 0.09
2458495.1988258 10.13 0.08
2458495.1991730 10.06 0.08
2458495.1993466 10.06 0.08
2458495.1995202 10.21 0.09
2458495.1996938 10.09 0.08
2458495.1998674 10.10 0.08
2458495.2000410 10.08 0.08
2458495.2002147 10.07 0.08
2458495.2003883 10.06 0.08
2458495.2005619 10.20 0.09
2458495.2007355 10.12 0.08
2458495.2009091 10.16 0.09
2458495.2010827 10.12 0.08
2458495.2012563 10.13 0.08
2458495.2014299 10.05 0.08
2458495.2016035 10.14 0.09
2458495.2017772 10.12 0.08
2458495.2019508 10.26 0.09
2458495.2022980 10.29 0.10
2458495.2024716 10.08 0.08
2458495.2026452 10.13 0.09
2458495.2028188 10.16 0.09
2458495.2029924 10.19 0.09
2458495.2031661 10.11 0.08
2458495.2033397 10.00 0.07
2458495.2035133 10.13 0.08
2458495.2036869 10.24 0.09
2458495.2038605 10.02 0.08
2458495.2040341 10.19 0.09
2458495.2042077 10.24 0.09
2458495.2043813 9.99 0.07
2458495.2045549 10.13 0.09
2458495.2047286 10.15 0.09
2458495.2049022 10.20 0.09
2458495.2052494 9.99 0.07
2458495.2054230 10.06 0.08
2458495.2055966 10.08 0.08
2458495.2057702 10.24 0.09
2458495.2059438 10.31 0.10
2458495.2061174 10.17 0.09
2458495.2062911 10.09 0.08
2458495.2064647 10.20 0.09
2458495.2066383 10.08 0.08
2458495.2068132 10.06 0.08
2458495.2069867 10.20 0.09
2458495.2071601 10.04 0.08
2458495.2073336 10.02 0.08
2458495.2075070 10.06 0.08
2458495.2076805 10.15 0.09
2458495.2078539 10.20 0.09
2458495.2080274 9.89 0.07
2458495.2082008 10.09 0.08
2458495.2083744 10.15 0.09
2458495.2085480 10.17 0.09
2458495.2087216 10.04 0.08
2458495.2088952 10.18 0.09
2458495.2090688 10.09 0.08
2458495.2092424 10.05 0.08
2458495.2094160 10.10 0.08
2458495.2095897 9.96 0.07
2458495.2097633 9.92 0.07
2458495.2099369 10.11 0.08
2458495.2101105 10.17 0.09
2458495.2102841 10.06 0.08
2458495.2104577 10.25 0.09
2458495.2106313 10.04 0.08
2458495.2108049 10.02 0.08
2458495.2109786 10.00 0.07
2458495.2111522 10.32 0.10
2458495.2113258 10.23 0.09
2458495.2114994 10.05 0.08
2458495.2116730 10.11 0.08
2458495.2118466 10.00 0.07
2458495.2120202 10.15 0.09
2458495.2121938 10.19 0.09
2458495.2123674 10.18 0.09
2458495.2125411 10.03 0.08
2458495.2127147 10.06 0.08
2458495.2128883 10.13 0.08
2458495.2130619 10.02 0.08
2458495.2132355 10.16 0.09
2458495.2134091 10.17 0.09
2458495.2135827 10.09 0.08
2458495.2137563 10.37 0.10
2458495.2139299 10.16 0.09
2458495.2141036 10.13 0.08
2458495.2142772 10.16 0.09
2458495.2144508 10.07 0.08
2458495.2146244 10.07 0.08
2458495.2147980 10.20 0.09
2458495.2149716 10.07 0.08
2458495.2151452 10.16 0.09
2458495.2153188 10.23 0.09
2458495.2154924 10.19 0.09
2458495.2156660 10.07 0.08
2458495.2158397 10.02 0.07
2458495.2161869 10.28 0.09
2458495.2163605 10.11 0.08
2458495.2165341 10.10 0.08
2458495.2167077 10.28 0.09
2458495.2168813 10.03 0.08
2458495.2170549 10.16 0.08
2458495.2172285 10.08 0.08
2458495.2174022 10.07 0.08
2458495.2177494 10.04 0.08
2458495.2179230 10.05 0.08
2458495.2180966 10.14 0.08
2458495.2182702 10.11 0.08
2458495.2184438 10.10 0.08
2458495.2186174 10.01 0.07
2458495.2187924 10.04 0.08
2458495.2189658 9.98 0.07
2458495.2191393 10.11 0.08
2458495.2193127 10.11 0.08
2458495.2194862 10.37 0.10
2458495.2196596 10.09 0.08
2458495.2198331 10.08 0.08
2458495.2200065 10.14 0.08
2458495.2203536 10.23 0.09
2458495.2205272 10.15 0.08
2458495.2207008 10.09 0.08
2458495.2208744 10.17 0.09
2458495.2210480 10.19 0.09
2458495.2212216 10.27 0.09
2458495.2215688 10.09 0.08
2458495.2219161 10.09 0.08
2458495.2220897 10.24 0.09
2458495.2224369 10.04 0.08
2458495.2226105 10.12 0.08
2458495.2227841 10.04 0.08
2458495.2229577 10.13 0.08
2458495.2231313 10.11 0.08
2458495.2233049 10.00 0.07
2458495.2234785 10.22 0.09
2458495.2236522 10.09 0.08
2458495.2238258 10.02 0.07
2458495.2239994 10.10 0.08
2458495.2241730 10.16 0.08
2458495.2243466 9.99 0.07
2458495.2245202 10.05 0.08
2458495.2246938 10.04 0.08
2458495.2250410 10.01 0.07
2458495.2252147 9.86 0.06
2458495.2253883 10.09 0.08
2458495.2255619 10.04 0.08
2458495.2257355 10.15 0.09
2458495.2259091 10.04 0.08
2458495.2260827 10.02 0.07
2458495.2262563 10.10 0.08
2458495.2264299 10.11 0.08
2458495.2266036 10.24 0.09
2458495.2271244 10.05 0.08
2458495.2274716 10.28 0.10
2458495.2276452 10.15 0.08
2458495.2278188 10.33 0.10
2458495.2279924 10.07 0.08
2458495.2281661 10.10 0.08
2458495.2283397 10.06 0.08
2458495.2285133 10.03 0.08
2458495.2286869 10.05 0.08
2458495.2288605 9.95 0.07
2458495.2290341 10.06 0.08
2458495.2292077 9.99 0.07
2458495.2293813 9.97 0.07
2458495.2295549 10.13 0.08
2458495.2297286 10.18 0.08
2458495.2299022 10.05 0.08
2458495.2300758 10.15 0.08
2458495.2302494 10.14 0.08
2458495.2304230 10.24 0.09
2458495.2305966 10.13 0.08
2458495.2307716 10.06 0.08
2458495.2309450 10.11 0.08
2458495.2311185 10.13 0.08
2458495.2312919 9.99 0.07
2458495.2314654 10.07 0.08
2458495.2316388 10.05 0.07
2458495.2318122 10.06 0.08
2458495.2319857 10.08 0.08
2458495.2321591 10.03 0.07
2458495.2323327 10.18 0.08
2458495.2325063 10.03 0.07
2458495.2326799 10.05 0.07
2458495.2328535 10.08 0.08
2458495.2333744 10.13 0.08
2458495.2337216 10.14 0.08
2458495.2338952 10.18 0.08
2458495.2340688 10.15 0.08
2458495.2344161 10.09 0.08
2458495.2345897 10.08 0.08
2458495.2347633 10.12 0.08
2458495.2349369 10.14 0.08
2458495.2351105 10.09 0.08
2458495.2352841 10.10 0.08
2458495.2354577 10.01 0.07
2458495.2356313 10.11 0.08
2458495.2358049 10.12 0.08
2458495.2359785 10.07 0.08
2458495.2361522 10.05 0.07
2458495.2363258 10.13 0.08
2458495.2364994 10.09 0.08
2458495.2366730 10.18 0.08
2458495.2368466 10.15 0.08
2458495.2370202 9.96 0.07
2458495.2371938 10.14 0.08
2458495.2373674 10.11 0.08
2458495.2377147 10.07 0.08
2458495.2378883 10.18 0.08
2458495.2380619 10.08 0.08
2458495.2382355 10.12 0.08
2458495.2384091 10.20 0.08
2458495.2385827 10.02 0.07
2458495.2387563 10.09 0.08
2458495.2389299 10.25 0.09
2458495.2391035 10.01 0.07
2458495.2392772 10.15 0.08
2458495.2394508 10.22 0.09
2458495.2403188 9.99 0.07
2458495.2406660 10.11 0.08
2458495.2415341 10.10 0.08
2458495.2417077 10.15 0.08
2458495.2418813 10.10 0.08
2458495.2420549 10.06 0.07
2458495.2422286 10.08 0.08
2458495.2425758 10.09 0.08
2458495.2429242 10.08 0.08
2458495.2430977 10.29 0.09
2458495.2434445 10.10 0.08
2458495.2436180 10.19 0.08
2458495.2437914 10.05 0.07
2458495.2439649 10.19 0.08
2458495.2441383 10.19 0.08
2458495.2443119 10.05 0.07
2458495.2444855 10.06 0.07
2458495.2446591 10.09 0.08
2458495.2448327 10.13 0.08
2458495.2450063 10.13 0.08
2458495.2451799 10.12 0.08
2458495.2453536 10.10 0.08
2458495.2455272 10.00 0.07
2458495.2457008 10.17 0.08
2458495.2458744 10.03 0.07
2458495.2460480 10.14 0.08
2458495.2462216 10.10 0.08
2458495.2463952 10.24 0.09
2458495.2465688 10.27 0.09
2458495.2467424 10.13 0.08
2458495.2469160 10.14 0.08
2458495.2470897 10.09 0.08
2458495.2472633 10.01 0.07
2458495.2474369 10.01 0.07
2458495.2476105 10.19 0.08
2458495.2477841 10.13 0.08
2458495.2479577 10.15 0.08
2458495.2481313 10.21 0.09
2458495.2483049 10.06 0.07
2458495.2484785 10.16 0.08
2458495.2486522 10.04 0.07
2458495.2488258 10.04 0.07
2458495.2493466 10.09 0.08
2458495.2496938 10.18 0.08
2458495.2498674 10.06 0.07
2458495.2500411 10.07 0.08
2458495.2503883 10.13 0.08
2458495.2505619 10.09 0.08
2458495.2507355 10.03 0.07
2458495.2509091 10.14 0.08
2458495.2510827 10.08 0.08
2458495.2512563 10.04 0.07
2458495.2514299 10.08 0.08
2458495.2516036 10.20 0.08
2458495.2517772 10.19 0.08
2458495.2519508 10.22 0.09
2458495.2521244 10.12 0.08
2458495.2522980 10.01 0.07
2458495.2524716 10.07 0.07
2458495.2526452 10.01 0.07
2458495.2528188 10.16 0.08
2458495.2529924 10.04 0.07
2458495.2531661 10.09 0.08
2458495.2533397 10.07 0.08
2458495.2535133 10.16 0.08
2458495.2536869 10.17 0.08
2458495.2538605 10.10 0.08
2458495.2540341 10.08 0.07
2458495.2542077 10.03 0.07
2458495.2543813 10.03 0.07
2458495.2547300 10.20 0.08
2458495.2549034 10.07 0.07
2458495.2552503 10.05 0.07
2458495.2555972 10.10 0.08
2458495.2557706 10.12 0.08
2458495.2559441 10.09 0.08
2458495.2561175 10.03 0.07
2458495.2562910 10.06 0.07
2458495.2564647 10.18 0.08
2458495.2568119 10.12 0.08
2458495.2571591 10.26 0.09
2458495.2573327 10.14 0.08
2458495.2576799 10.19 0.08
2458495.2580272 10.07 0.07
2458495.2582008 10.14 0.08
2458495.2583744 10.20 0.08
2458495.2585480 10.13 0.08
2458495.2590688 10.04 0.07
2458495.2594161 10.10 0.07
2458495.2595897 10.03 0.07
2458495.2597633 10.06 0.07
2458495.2599369 10.14 0.08
2458495.2601105 10.07 0.07
2458495.2602841 10.13 0.08
2458495.2604577 10.14 0.08
2458495.2606313 10.20 0.08
2458495.2608049 10.16 0.08
2458495.2609786 10.08 0.07
2458495.2611522 10.12 0.08
2458495.2614994 10.18 0.08
2458495.2616730 9.97 0.07
2458495.2620202 10.02 0.07
2458495.2621938 10.08 0.07
2458495.2623674 10.03 0.07
2458495.2625410 10.06 0.07
2458495.2627147 10.06 0.07
2458495.2628883 9.98 0.07
2458495.2630619 10.10 0.07
2458495.2632355 10.09 0.07
2458495.2634091 10.16 0.08
2458495.2635827 9.95 0.07
2458495.2639299 10.11 0.08
2458495.2642772 10.06 0.07
2458495.2644508 10.09 0.07
2458495.2646244 10.06 0.07
2458495.2647980 10.17 0.08
2458495.2649716 10.11 0.08
2458495.2654924 9.96 0.07
2458495.2656661 10.17 0.08
2458495.2658397 10.13 0.08
2458495.2660133 10.08 0.07
2458495.2661869 10.14 0.08
2458495.2663605 10.13 0.08
2458495.2665341 10.14 0.08
2458495.2674030 10.08 0.07
2458495.2675764 10.13 0.08
2458495.2677498 10.08 0.07
2458495.2679233 10.02 0.07
2458495.2680967 10.14 0.08
2458495.2682702 10.08 0.07
2458495.2686174 10.24 0.08
2458495.2687911 10.24 0.09
2458495.2689647 10.10 0.07
2458495.2691383 10.14 0.08
2458495.2693119 10.02 0.07
2458495.2694855 10.17 0.08
2458495.2696591 10.10 0.07
2458495.2698327 10.04 0.07
2458495.2701799 9.93 0.06
2458495.2703535 10.05 0.07
2458495.2707008 10.11 0.07
2458495.2708744 10.08 0.07
2458495.2712216 10.05 0.07
2458495.2713952 10.20 0.08
2458495.2715688 9.97 0.07
2458495.2717424 10.16 0.08
2458495.2719160 10.05 0.07
2458495.2720897 10.12 0.08
2458495.2722633 10.11 0.07
2458495.2745202 10.00 0.07
2458495.2748674 10.10 0.07
2458495.2750411 10.08 0.07
2458495.2752147 10.09 0.07
2458495.2753883 10.09 0.07
2458495.2755619 10.09 0.07
2458495.2757355 10.07 0.07
2458495.2759091 10.13 0.08
2458495.2762563 10.24 0.08
2458495.2764299 10.13 0.08
2458495.2766036 10.01 0.07
2458495.2767772 10.10 0.07
2458498.1654809 10.20 0.10
2458498.1656545 10.09 0.09
2458498.1658281 10.04 0.07
2458498.1663489 10.08 0.07
2458498.1665238 10.18 0.08
2458498.1670441 10.04 0.07
2458498.1672176 10.13 0.07
2458498.1673910 10.11 0.07
2458498.1675645 10.17 0.08
2458498.1677379 10.03 0.07
2458498.1679114 9.97 0.06
2458498.1680850 10.14 0.08
2458498.1682586 10.06 0.07
2458498.1684322 10.05 0.07
2458498.1686059 10.04 0.07
2458498.1687795 10.15 0.07
2458498.1691267 10.06 0.07
2458498.1696475 10.10 0.07
2458498.1698211 10.06 0.07
2458498.1699947 10.06 0.07
2458498.1701684 10.04 0.07
2458498.1703420 9.98 0.06
2458498.1706892 10.03 0.07
2458498.1710364 10.05 0.07
2458498.1712100 10.01 0.06
2458498.1713836 10.00 0.06
2458498.1715572 10.09 0.07
2458498.1717309 10.14 0.07
2458498.1719045 10.14 0.07
2458498.1722517 10.04 0.07
2458498.1724253 10.09 0.07
2458498.1725989 10.13 0.07
2458498.1727725 10.09 0.07
2458498.1729461 10.08 0.07
2458498.1734670 10.03 0.06
2458498.1736406 10.07 0.07
2458498.1743350 10.14 0.07
2458498.1745086 10.13 0.07
2458498.1750295 10.12 0.07
2458498.1752031 10.13 0.07
2458498.1753767 10.06 0.07
2458498.1755503 10.08 0.07
2458498.1758975 10.26 0.08
2458498.1764184 9.99 0.06
2458498.1765920 10.05 0.06
2458498.1769392 9.97 0.06
2458498.1771128 10.20 0.07
2458498.1774600 10.06 0.06
2458498.1778072 10.07 0.07
2458498.1785029 10.10 0.07
2458498.1790232 10.16 0.07
2458498.1791967 10.17 0.07
2458498.1793701 10.09 0.07
2458498.1795436 9.99 0.06
2458498.1797170 10.02 0.06
2458498.1798906 10.10 0.07
2458498.1800642 10.08 0.06
2458498.1804114 10.12 0.07
2458498.1805850 9.98 0.06
2458498.1807586 10.18 0.07
2458498.1811059 10.02 0.06
2458498.1812795 10.06 0.06
2458498.1814531 10.09 0.06
2458498.1818003 10.19 0.07
2458498.1819739 9.90 0.06
2458498.1823211 10.17 0.07
2458498.1826684 10.04 0.06
2458498.1828420 10.12 0.07
2458498.1830156 10.09 0.07
2458498.1833628 10.08 0.07
2458498.1837100 10.08 0.07
2458498.1840572 10.10 0.07
2458498.1845781 10.10 0.07
2458498.1849253 10.02 0.06
2458498.1850989 10.07 0.06
2458498.1852725 10.09 0.07
2458498.1856197 10.06 0.06
2458498.1857934 10.02 0.06
2458498.1863142 10.06 0.06
2458498.1864878 10.08 0.07
2458498.1866614 10.12 0.07
2458498.1868350 10.03 0.06
2458498.1871822 10.03 0.06
2458498.1889184 10.11 0.07
2458498.1890920 10.09 0.07
2458498.1892656 10.09 0.07
2458498.1896128 10.14 0.07
2458498.1897864 10.22 0.07
2458498.1901336 10.10 0.07
2458498.1904809 10.15 0.07
2458498.1908281 10.06 0.06
2458498.1910017 10.13 0.07
2458498.1913489 10.10 0.07
2458498.1915225 10.07 0.06
2458498.1916961 9.96 0.06
2458498.1922170 10.13 0.07
2458498.1923906 10.28 0.08
2458498.1929114 10.00 0.06
2458498.1930850 10.17 0.07
2458498.1932586 10.16 0.07
2458498.1934322 10.04 0.06
2458498.1939531 10.08 0.06
2458498.1946475 10.09 0.06
2458498.1948211 10.08 0.06
2458498.1951684 10.16 0.07
2458498.1953420 10.08 0.06
2458498.1955156 10.12 0.07
2458498.1958628 10.12 0.07
2458498.1960378 10.07 0.06
2458498.1962112 10.01 0.06
2458498.1963846 9.99 0.06
2458498.1972519 10.09 0.06
2458498.1974253 10.20 0.07
2458498.1975989 10.07 0.06
2458498.1977725 10.15 0.07
2458498.1979461 10.00 0.06
2458498.1981198 10.06 0.06
2458498.1986406 10.04 0.06
2458498.1988142 10.12 0.06
2458498.1989878 10.08 0.06
2458498.1993350 10.04 0.06
2458498.1998559 10.09 0.06
2458498.2002031 10.10 0.06
2458498.2003767 10.06 0.06
2458498.2007239 10.08 0.06
2458498.2014184 10.18 0.07
2458498.2015920 10.07 0.06
2458498.2017656 10.08 0.06
2458498.2019392 10.11 0.06
2458498.2028072 10.25 0.07
2458498.2029809 10.08 0.06
2458498.2033281 10.13 0.06
2458498.2036753 10.09 0.06
2458498.2038489 10.12 0.06
2458498.2040225 10.09 0.06
2458498.2041961 10.12 0.06
2458498.2045434 10.09 0.06
2458498.2047170 10.04 0.06
2458498.2048906 9.99 0.05
2458498.2050642 10.06 0.06
2458498.2055850 10.21 0.07
2458498.2057586 10.08 0.06
2458498.2059323 10.02 0.06
2458498.2062795 10.07 0.06
2458498.2064531 10.07 0.06
2458498.2073211 10.06 0.06
2458498.2074947 10.10 0.06
2458498.2076684 10.05 0.06
2458498.2078420 10.08 0.06
2458498.2080169 10.22 0.07
2458498.2085373 10.18 0.07
2458498.2088841 10.16 0.06
2458498.2092310 9.99 0.05
2458498.2099253 10.09 0.06
2458498.2104461 9.97 0.05
2458498.2106197 10.13 0.06
2458498.2107934 10.17 0.06
2458498.2109670 10.10 0.06
2458498.2113142 10.01 0.06
2458498.2114878 10.08 0.06
2458498.2127031 10.11 0.06
2458498.2130503 10.05 0.06
2458498.2132239 10.04 0.06
2458498.2133975 10.19 0.07
2458498.2139184 10.04 0.06
2458498.2140920 10.19 0.07
2458498.2147864 10.10 0.06
2458498.2149600 10.06 0.06
2458498.2151336 10.02 0.06
2458498.2156545 10.11 0.06
2458498.2158281 10.11 0.06
2458498.2168697 10.05 0.06
2458498.2172170 10.08 0.06
2458498.2173906 10.07 0.06
2458498.2177378 10.14 0.06
2458498.2180850 10.10 0.06
2458498.2184322 10.10 0.06
2458498.2187795 10.01 0.06
2458498.2191267 10.05 0.06
2458498.2193003 10.10 0.06
2458498.2194739 10.17 0.06
2458498.2199960 10.06 0.06
2458498.2201694 10.14 0.06
2458498.2203429 10.08 0.06
2458498.2212101 10.24 0.07
2458498.2215573 10.03 0.06
2458498.2219045 10.08 0.06
2458498.2225989 10.04 0.06
2458498.2243350 10.17 0.06
2458498.2245086 10.29 0.07
2458498.2246822 10.11 0.06
2458498.2250295 10.11 0.06
2458498.2253767 10.10 0.06
2458498.2255503 10.11 0.06
2458498.2260711 10.09 0.06
2458498.2269392 10.08 0.06
2458498.2272864 10.09 0.06
2458498.2276336 10.15 0.06
2458498.2281545 10.07 0.06
2458498.2285017 10.10 0.06
2458498.2319750 10.10 0.06
2458498.2326688 10.03 0.06
2458498.2328422 10.07 0.06
2458498.2337100 10.03 0.06
2458498.2347517 10.13 0.06
2458498.2349253 10.07 0.06
2458498.2350989 10.01 0.06
2458498.2352725 10.04 0.06
2458498.2356198 10.02 0.06
2458498.2366614 10.21 0.07
2458498.2373559 10.12 0.06
2458498.2378767 10.08 0.06
2458498.2380503 10.11 0.06
2458498.2390920 10.13 0.06
2458498.2396128 10.09 0.06
2458498.2397864 10.14 0.06
2458498.2399600 10.14 0.07
2458498.2403072 10.10 0.06
2458498.2404809 10.06 0.06
2458498.2415225 10.14 0.06
2458498.2416961 10.07 0.06
2458498.2418697 10.12 0.06
2458498.2423906 10.06 0.06
2458498.2429114 10.19 0.07
2458498.2432586 10.18 0.07
2458498.2437807 10.13 0.06
2458498.2439541 10.15 0.07
2458498.2441276 10.07 0.06
2458498.2451684 10.03 0.06
2458498.2458628 10.09 0.06
2458498.2463836 10.11 0.06
2458498.2469045 10.03 0.06
2458498.2474253 10.04 0.06
2458498.2479461 10.06 0.06
2458498.2481197 10.15 0.06
2458498.2489878 10.09 0.06
2458498.2491614 10.12 0.06
2458498.2493350 10.09 0.06
2458498.2496822 10.09 0.06
2458498.2498559 10.12 0.06
2458498.2500295 10.21 0.07
2458498.2502031 10.08 0.06
2458498.2508975 10.22 0.07
2458498.2510711 10.01 0.06
2458498.2512448 10.15 0.07
2458498.2515920 10.02 0.06
2458498.2521128 10.00 0.06
2458498.2522864 10.06 0.06
2458498.2529809 10.09 0.06
2458498.2531545 10.11 0.06
2458498.2541961 10.14 0.07
2458498.2547170 10.07 0.06
2458498.2548906 10.13 0.07
2458498.2552378 9.98 0.06
2458498.2555863 10.09 0.06
2458498.2557598 10.08 0.06
2458498.2562801 9.98 0.06
2458498.2564535 10.05 0.06
2458498.2566270 10.17 0.07
2458498.2571475 10.03 0.06
2458498.2573211 10.06 0.06
2458498.2574947 10.03 0.06
2458498.2578420 10.19 0.07
2458498.2580156 10.10 0.06
2458498.2581892 10.06 0.06
2458498.2583628 10.07 0.06
2458498.2592309 10.11 0.07
2458498.2600989 10.09 0.06
2458498.2607934 10.13 0.07
2458498.2613142 10.10 0.06
2458498.2616614 10.14 0.07
2458498.2620086 10.10 0.06
2458498.2623559 10.10 0.07
2458498.2628767 10.07 0.05
2458498.2632239 10.13 0.05
2458498.2639184 10.00 0.05
2458498.2642656 10.12 0.05
2458498.2644392 10.01 0.05
2458498.2649600 10.12 0.06
2458498.2651336 10.07 0.05
2458498.2661753 10.04 0.05
2458498.2670434 10.13 0.05
2458498.2675655 10.14 0.05
2458498.2677389 10.15 0.06
2458498.2687796 10.16 0.06
2458498.2689531 10.10 0.05
2458498.2694739 10.13 0.05
2458498.2696475 10.08 0.05
2458498.2703420 10.13 0.05
2458498.2708628 10.14 0.05
2458498.2717309 10.17 0.06
2458498.2720781 10.09 0.05
2458498.2722517 10.20 0.06
2458498.2734670 10.14 0.05
2458498.2738142 10.14 0.05
2458498.2767656 10.11 0.05
2458498.2769392 10.09 0.05
2458498.2776336 10.06 0.05
2458498.2785017 10.10 0.05
2458498.2788489 10.14 0.05
2458498.2791961 10.12 0.05
2458498.2824948 10.09 0.05
2458498.2833628 10.07 0.05
2458498.2835364 10.07 0.05
2458498.2845781 10.10 0.05
2458498.2847517 10.08 0.05
2458498.2859670 10.07 0.05
2458498.2875295 10.19 0.06
2458498.2889184 10.15 0.06
2458498.2892656 10.12 0.05
2458498.2894392 10.11 0.05
2458498.2904809 10.11 0.05
2458498.2910017 10.07 0.05
2458498.2916974 10.16 0.06
2458498.2918708 10.14 0.06
2458498.2936059 10.15 0.06
2458498.2944739 10.07 0.06
2458498.2948211 10.12 0.06
2458498.2958628 10.09 0.05
2458498.2963836 10.21 0.06
2458498.2965572 10.06 0.05
2458498.2970781 10.05 0.05
2458498.2984670 10.09 0.05
2458498.2991614 9.97 0.05
2458498.2993350 10.09 0.05
2458498.3002031 10.13 0.06
2458498.3005503 10.13 0.06
2458498.3014184 10.03 0.05
2458498.3057586 10.03 0.05
2458498.3099253 10.13 0.06
2458498.3107934 10.02 0.05
2458498.3109670 10.04 0.05
2458498.3113142 10.09 0.05
2458498.3114878 10.18 0.06
2458498.3128767 10.08 0.05
2458498.3153073 10.13 0.06
2458498.3161761 10.14 0.06
2458498.3173906 10.21 0.06
2458500.2340341 10.17 0.08
2458500.2342077 10.02 0.07
2458500.2343813 10.08 0.07
2458500.2345549 10.04 0.07
2458500.2347285 10.17 0.08
2458500.2349022 9.97 0.07
2458500.2350758 10.12 0.08
2458500.2352494 10.07 0.07
2458500.2354230 10.03 0.07
2458500.2361174 10.16 0.08
2458500.2362910 10.18 0.08
2458500.2366383 10.25 0.08
2458500.2368119 10.23 0.08
2458500.2369855 10.10 0.07
2458500.2373327 10.11 0.08
2458500.2375063 10.17 0.08
2458500.2376799 10.05 0.07
2458500.2378536 10.01 0.07
2458500.2380272 10.16 0.08
2458500.2382008 10.05 0.07
2458500.2383744 10.07 0.07
2458500.2387216 10.06 0.07
2458500.2388952 10.02 0.07
2458500.2394161 10.25 0.08
2458500.2395897 10.00 0.07
2458500.2397633 10.14 0.08
2458500.2399369 10.20 0.08
2458500.2402841 10.07 0.07
2458500.2404577 10.16 0.08
2458500.2406313 10.10 0.07
2458500.2408049 10.18 0.08
2458500.2409785 10.05 0.07
2458500.2411522 10.02 0.07
2458500.2414994 9.99 0.07
2458500.2416730 10.04 0.07
2458500.2418466 10.09 0.07
2458500.2420202 10.06 0.07
2458500.2423674 10.03 0.07
2458500.2425410 10.17 0.08
2458500.2427147 10.14 0.07
2458500.2428883 10.10 0.07
2458500.2430619 10.06 0.07
2458500.2432355 9.98 0.06
2458500.2435827 10.04 0.07
2458500.2437563 10.05 0.07
2458500.2439299 10.14 0.07
2458500.2441035 10.09 0.07
2458500.2442772 10.05 0.07
2458500.2446255 9.99 0.06
2458500.2447989 10.14 0.07
2458500.2449724 10.04 0.07
2458500.2451458 10.16 0.07
2458500.2454927 10.14 0.07
2458500.2456661 10.12 0.07
2458500.2458397 9.95 0.06
2458500.2460133 10.13 0.07
2458500.2461869 10.14 0.07
2458500.2467077 10.09 0.07
2458500.2472286 10.10 0.07
2458500.2474022 10.09 0.07
2458500.2475758 10.13 0.07
2458500.2477494 10.04 0.06
2458500.2479230 10.24 0.08
2458500.2482702 10.25 0.08
2458500.2486174 10.09 0.07
2458500.2487910 10.22 0.08
2458500.2489647 10.12 0.07
2458500.2493119 10.24 0.08
2458500.2494855 10.07 0.07
2458500.2496591 10.08 0.07
2458500.2500063 10.16 0.07
2458500.2501799 10.05 0.07
2458500.2505272 10.15 0.07
2458500.2512216 10.03 0.06
2458500.2515688 9.99 0.06
2458500.2517424 10.04 0.06
2458500.2519160 10.15 0.07
2458500.2520897 9.97 0.06
2458500.2524369 10.17 0.07
2458500.2527841 10.23 0.08
2458500.2533049 9.97 0.06
2458500.2534786 10.07 0.07
2458500.2536522 10.16 0.07
2458500.2541730 10.23 0.08
2458500.2543466 10.12 0.07
2458500.2545202 10.19 0.08
2458500.2546938 10.05 0.07
2458500.2548674 10.08 0.07
2458500.2550411 10.00 0.06
2458500.2552147 10.08 0.07
2458500.2553883 10.07 0.07
2458500.2555619 10.26 0.08
2458500.2559091 10.02 0.06
2458500.2560827 10.12 0.07
2458500.2562563 10.12 0.07
2458500.2564312 10.18 0.07
2458500.2566046 10.11 0.07
2458500.2567781 10.16 0.07
2458500.2571250 10.14 0.07
2458500.2574719 10.04 0.06
2458500.2576453 10.20 0.07
2458500.2579924 10.17 0.07
2458500.2581660 10.17 0.07
2458500.2586869 10.08 0.07
2458500.2590341 10.00 0.06
2458500.2592077 10.12 0.07
2458500.2593813 10.05 0.06
2458500.2595549 10.05 0.06
2458500.2599022 10.10 0.07
2458500.2602494 10.08 0.07
2458500.2604230 10.01 0.06
2458500.2605966 10.07 0.07
2458500.2609438 10.03 0.06
2458500.2614647 10.13 0.07
2458500.2616383 10.05 0.06
2458500.2619855 10.15 0.07
2458500.2623327 10.00 0.06
2458500.2625063 10.20 0.07
2458500.2626799 10.04 0.06
2458500.2628535 10.10 0.07
2458500.2632008 10.06 0.06
2458500.2633744 10.14 0.07
2458500.2635480 10.16 0.07
2458500.2637216 10.17 0.07
2458500.2638952 10.06 0.06
2458500.2640688 10.12 0.07
2458500.2642424 10.10 0.07
2458500.2654577 10.07 0.06
2458500.2656313 10.03 0.06
2458500.2658049 10.07 0.06
2458500.2663258 10.13 0.07
2458500.2666730 10.09 0.06
2458500.2670202 10.18 0.07
2458500.2673674 10.02 0.06
2458500.2675410 10.10 0.06
2458500.2678883 10.13 0.07
2458500.2682355 10.06 0.06
2458500.2684104 10.01 0.06
2458500.2685839 10.13 0.07
2458500.2687573 10.14 0.07
2458500.2689307 10.05 0.06
2458500.2691042 10.01 0.06
2458500.2694511 10.15 0.07
2458500.2697980 10.15 0.07
2458500.2699716 10.00 0.06
2458500.2701452 10.07 0.06
2458500.2703188 10.05 0.06
2458500.2704924 10.01 0.06
2458500.2713605 10.00 0.06
2458500.2715341 10.09 0.06
2458500.2718813 10.18 0.07
2458500.2722285 9.93 0.06
2458500.2724022 10.08 0.06
2458500.2725758 10.07 0.06
2458500.2727494 10.17 0.07
2458500.2730966 10.12 0.07
2458500.2732702 10.09 0.06
2458500.2734438 10.09 0.06
2458500.2736174 10.08 0.06
2458500.2737910 10.10 0.06
2458500.2739647 10.05 0.06
2458500.2741383 10.06 0.06
2458500.2743119 10.02 0.06
2458500.2744855 10.12 0.07
2458500.2746591 9.98 0.06
2458500.2751799 10.04 0.06
2458500.2753535 10.05 0.06
2458500.2755272 10.09 0.06
2458500.2757008 9.96 0.06
2458500.2762216 10.12 0.06
2458500.2763952 10.05 0.06
2458500.2767424 9.94 0.06
2458500.2770897 10.07 0.06
2458500.2779577 9.95 0.06
2458500.2784786 10.12 0.07
2458500.2788258 10.16 0.07
2458500.2789994 10.18 0.07
2458500.2793466 10.13 0.07
2458500.2795202 10.00 0.06
2458500.2796938 10.09 0.06
2458500.2798674 10.12 0.07
2458500.2800410 10.07 0.06
2458500.2807365 10.14 0.07
2458500.2810834 10.05 0.06
2458500.2812568 10.08 0.06
2458500.2816037 10.09 0.06
2458500.2821244 10.05 0.06
2458500.2826452 10.14 0.07
2458500.2829924 10.13 0.06
2458500.2833397 10.09 0.06
2458500.2836869 10.07 0.06
2458500.2838605 10.13 0.07
2458500.2843813 10.10 0.06
2458500.2845549 10.16 0.07
2458500.2847286 10.03 0.06
2458500.2852494 10.05 0.06
2458500.2855966 10.08 0.06
2458500.2859438 10.03 0.06
2458500.2861174 10.14 0.07
2458500.2862911 10.03 0.06
2458500.2864647 10.09 0.06
2458500.2866383 10.04 0.06
2458500.2868119 10.01 0.06
2458500.2875063 10.07 0.06
2458500.2876799 10.05 0.06
2458500.2878535 10.23 0.07
2458500.2880272 9.93 0.06
2458500.2882008 10.09 0.06
2458500.2883744 10.04 0.06
2458500.2885480 10.05 0.06
2458500.2887216 10.04 0.06
2458500.2888952 10.00 0.06
2458500.2894160 9.93 0.05
2458500.2895897 9.96 0.06
2458500.2899369 10.13 0.06
2458500.2902841 10.07 0.06
2458500.2904577 10.06 0.06
2458500.2906313 10.09 0.06
2458500.2909785 10.07 0.06
2458500.2911522 10.08 0.06
2458500.2913258 10.07 0.06
2458500.2914994 10.12 0.06
2458500.2921938 10.10 0.06
2458500.2925423 10.07 0.06
2458500.2927157 10.11 0.06
2458500.2928892 9.98 0.05
2458500.2932360 10.13 0.06
2458500.2934095 10.04 0.06
2458528.2614915 10.00 0.13
2458528.2618387 9.92 0.13
2458528.2621859 9.97 0.13