2458467.3668514 10.75 0.12
2458467.3670250 10.99 0.14
2458467.3678931 11.10 0.16
2458467.3680667 10.95 0.14
2458467.3685875 11.06 0.15
2458467.3692820 10.83 0.12
2458467.3703236 11.03 0.15
2458467.3706709 10.95 0.14
2458467.3711917 10.96 0.14
2458467.3715389 11.03 0.15
2458467.3717125 11.02 0.15
2458467.3720598 11.03 0.15
2458467.3727542 11.16 0.17
2458467.3729278 11.02 0.15
2458467.3732750 10.94 0.14
2458467.3737959 11.06 0.15
2458467.3751848 11.09 0.16
2458467.3758801 11.15 0.17
2458467.3762270 11.09 0.16
2458467.3764005 11.02 0.15
2458467.3767473 10.94 0.14
2458467.3770945 11.03 0.15
2458467.3772681 10.96 0.14
2458467.3776153 11.05 0.15
2458467.3779625 10.98 0.15
2458467.3781361 11.06 0.16
2458467.3783097 11.05 0.15
2458467.3788306 11.00 0.15
2458467.3795250 10.97 0.14
2458467.3803931 10.89 0.13
2458467.3807403 10.97 0.14
2458467.3809139 10.90 0.14
2458467.3819556 11.13 0.17
2458467.3826500 10.96 0.14
2458467.3828236 10.99 0.15
2458467.3836917 10.96 0.14
2458467.3838653 10.81 0.13
2458467.3854278 11.09 0.16
2458467.3856014 10.89 0.13
2458467.3857750 11.12 0.17
2458467.3871639 10.95 0.14
2458467.3875123 11.04 0.15
2458467.3887264 10.97 0.15
2458467.3904625 10.90 0.14
2458467.3908098 10.97 0.14
2458467.3909834 11.03 0.15
2458467.3913306 10.99 0.15
2458467.3916778 10.85 0.13
2458467.3920250 10.96 0.15
2458467.3921986 10.94 0.14
2458467.3925459 11.07 0.16
2458467.3927195 10.85 0.13
2458467.3930667 10.79 0.12
2458467.3932403 10.98 0.15
2458467.3934139 10.91 0.14
2458467.3935875 11.01 0.15
2458467.3942820 11.11 0.17
2458467.3951500 11.05 0.16
2458467.3953236 10.91 0.14
2458467.3954973 10.92 0.14
2458467.3960181 11.08 0.16
2458467.3974070 10.97 0.15
2458467.3979278 10.90 0.14
2458467.3989695 11.02 0.15
2458467.3991431 11.09 0.16
2458467.3996649 10.94 0.14
2458467.3998383 10.86 0.13
2458467.4005321 10.85 0.13
2458467.4012264 10.99 0.15
2458467.4026153 10.88 0.14
2458467.4033098 10.88 0.14
2458467.4034834 10.90 0.14
2458467.4045250 10.86 0.13
2458467.4052195 10.78 0.12
2458467.4055667 10.95 0.14
2458467.4060875 10.91 0.14
2458467.4066084 10.85 0.13
2458467.4067820 10.97 0.15
2458467.4071292 11.05 0.16
2458467.4073028 11.00 0.15
2458467.4074764 11.01 0.15
2458467.4079972 10.88 0.14
2458467.4081709 10.81 0.13
2458467.4086917 10.95 0.15
2458467.4093861 10.98 0.15
2458467.4095597 11.12 0.17
2458467.4099070 11.02 0.15
2458467.4104278 11.08 0.16
2458467.4106014 10.92 0.14
2458467.4107750 10.90 0.14
2458467.4109486 10.83 0.13
2458467.4114705 10.94 0.14
2458467.4126848 10.91 0.14
2458467.4132056 10.96 0.15
2458467.4133792 10.87 0.14
2458467.4140736 10.79 0.13
2458467.4156361 11.04 0.16
2458467.4159834 10.75 0.12
2458467.4161570 10.99 0.15
2458467.4166778 10.86 0.14
2458467.4168514 10.86 0.14
2458467.4175459 10.85 0.14
2458467.4177195 10.87 0.14
2458467.4196292 10.93 0.15
2458467.4206709 10.99 0.16
2458469.3667865 10.96 0.10
2458469.3670135 11.00 0.11
2458469.3671871 11.04 0.11
2458469.3673607 10.89 0.10
2458469.3675343 11.13 0.12
2458469.3677079 11.12 0.12
2458469.3678815 11.02 0.11
2458469.3680551 11.01 0.11
2458469.3682287 10.96 0.10
2458469.3684023 11.02 0.11
2458469.3685760 10.90 0.10
2458469.3687496 11.07 0.12
2458469.3689232 11.00 0.11
2458469.3690968 11.26 0.14
2458469.3692704 11.13 0.12
2458469.3694440 10.90 0.10
2458469.3696176 10.90 0.10
2458469.3697912 10.92 0.10
2458469.3699648 11.06 0.11
2458469.3701384 11.08 0.12
2458469.3703121 10.91 0.10
2458469.3704857 10.96 0.11
2458469.3706593 11.33 0.15
2458469.3708329 11.06 0.12
2458469.3710065 11.09 0.12
2458469.3711801 11.05 0.11
2458469.3713537 11.11 0.12
2458469.3715273 10.97 0.10
2458469.3717009 10.83 0.09
2458469.3718746 11.09 0.12
2458469.3720482 11.18 0.13
2458469.3722218 11.13 0.12
2458469.3723954 11.24 0.13
2458469.3725690 10.95 0.10
2458469.3727426 11.13 0.12
2458469.3729162 11.00 0.11
2458469.3730898 11.15 0.12
2458469.3732635 11.13 0.12
2458469.3734371 11.05 0.11
2458469.3736107 11.05 0.11
2458469.3737843 11.13 0.12
2458469.3739579 10.97 0.11
2458469.3741315 11.08 0.12
2458469.3743051 11.07 0.12
2458469.3744787 11.10 0.12
2458469.3746524 11.17 0.13
2458469.3748260 10.96 0.10
2458469.3749996 10.99 0.11
2458469.3751732 11.00 0.11
2458469.3753468 11.27 0.14
2458469.3755204 11.14 0.12
2458469.3756940 10.91 0.10
2458469.3758676 11.24 0.14
2458469.3760425 11.23 0.13
2458469.3762159 11.19 0.13
2458469.3763894 11.10 0.12
2458469.3765628 11.12 0.12
2458469.3767363 10.92 0.10
2458469.3769097 11.12 0.12
2458469.3770832 10.98 0.10
2458469.3772566 10.90 0.10
2458469.3774301 10.88 0.10
2458469.3776037 11.10 0.12
2458469.3779510 11.06 0.11
2458469.3781246 11.00 0.11
2458469.3782982 10.95 0.10
2458469.3784718 10.93 0.10
2458469.3786454 11.11 0.12
2458488.3044163 10.81 0.11
2458488.3047635 10.81 0.12
2458488.3049371 10.97 0.13
2458488.3051107 10.99 0.13
2458488.3052844 11.14 0.15
2458488.3054579 11.01 0.14
2458488.3056316 10.96 0.13
2458488.3061524 11.05 0.14
2458488.3064996 10.94 0.13
2458488.3066732 10.83 0.12
2458488.3068468 11.05 0.14
2458488.3070205 10.67 0.10
2458488.3080621 11.08 0.15
2458488.3082357 10.91 0.13
2458488.3084093 11.00 0.14
2458488.3085830 10.95 0.13
2458488.3087566 10.94 0.13
2458488.3089302 11.05 0.14
2458488.3091038 10.92 0.13
2458488.3092788 11.03 0.14
2458488.3103194 10.98 0.14
2458488.3108399 10.87 0.12
2458488.3115344 10.99 0.14
2458488.3118816 10.93 0.13
2458488.3120552 10.92 0.13
2458488.3122288 11.00 0.14
2458488.3124024 10.95 0.13
2458488.3125760 11.19 0.17
2458488.3127496 10.99 0.14
2458488.3129232 10.92 0.13
2458488.3132705 11.00 0.14
2458488.3136177 11.06 0.15
2458488.3139649 10.99 0.14
2458488.3141385 11.03 0.14
2458488.3143121 10.77 0.11
2458488.3144857 10.98 0.14
2458488.3146593 10.94 0.13
2458488.3148330 11.09 0.15
2458488.3150066 10.97 0.13
2458488.3151802 10.90 0.13
2458488.3153538 11.03 0.14
2458488.3155274 10.80 0.12
2458488.3157010 10.96 0.14
2458488.3158746 11.06 0.15
2458488.3160482 11.04 0.14
2458488.3163955 10.90 0.13
2458488.3172635 11.00 0.14
2458488.3176107 10.86 0.12
2458488.3179580 10.98 0.14
2458488.3183052 11.05 0.15
2458488.3184788 11.00 0.14
2458488.3186524 11.04 0.15
2458488.3188260 10.97 0.14
2458488.3189996 10.88 0.13
2458488.3191732 10.99 0.14
2458488.3193469 10.89 0.13
2458488.3195205 10.96 0.14
2458488.3198677 10.90 0.13
2458488.3202149 10.92 0.13
2458488.3203885 10.99 0.14
2458488.3205621 11.00 0.14
2458488.3207357 10.95 0.14
2458488.3214314 10.95 0.14
2458488.3216048 11.11 0.16
2458488.3219517 11.05 0.15
2458488.3221252 11.02 0.15
2458488.3224720 11.00 0.14
2458488.3226455 10.99 0.14
2458488.3228191 11.07 0.15
2458488.3236871 10.61 0.10
2458488.3242080 11.01 0.14
2458488.3249024 11.05 0.15
2458488.3254232 10.91 0.13
2458488.3255969 11.04 0.15
2458488.3259441 10.97 0.14
2458488.3264649 11.02 0.15
2458488.3266385 10.87 0.13
2458488.3268121 10.96 0.14
2458488.3269857 10.98 0.14
2458488.3275066 11.03 0.15
2458488.3278538 11.11 0.16
2458488.3282010 10.96 0.14
2458488.3285482 10.90 0.13
2458488.3287218 10.88 0.13
2458488.3294163 11.08 0.16
2458488.3295899 10.92 0.14
2458488.3297635 10.99 0.14
2458488.3299371 10.98 0.14
2458488.3301107 10.96 0.14
2458488.3306316 10.98 0.14
2458488.3313260 11.01 0.15
2458488.3314996 11.07 0.15
2458488.3318468 10.80 0.12
2458488.3320205 10.98 0.14
2458488.3321941 11.14 0.17
2458488.3327149 10.96 0.14
2458488.3328885 11.05 0.15
2458488.3330621 10.97 0.14
2458488.3334105 10.86 0.13
2458488.3337574 10.77 0.12
2458488.3339308 10.90 0.13
2458488.3344511 10.91 0.13
2458488.3346246 11.16 0.17
2458488.3347982 11.04 0.15
2458488.3349719 11.11 0.16
2458488.3351455 10.89 0.13
2458488.3354927 11.01 0.15
2458488.3356663 10.94 0.14
2458488.3358399 11.08 0.16
2458488.3360135 11.05 0.15
2458488.3361871 10.82 0.13
2458488.3365344 11.12 0.16
2458488.3368816 10.98 0.14
2458488.3372288 11.01 0.15
2458488.3375760 10.90 0.13
2458488.3377496 10.99 0.14
2458488.3379232 10.93 0.14
2458488.3393121 11.04 0.15
2458488.3403538 10.97 0.14
2458488.3407010 11.10 0.16
2458488.3417427 10.92 0.14
2458488.3420899 11.02 0.15
2458488.3424371 10.88 0.13
2458488.3426107 10.91 0.14
2458488.3429580 11.08 0.16
2458488.3436524 10.90 0.14
2458488.3438260 10.97 0.14
2458488.3441732 10.91 0.14
2458488.3450413 10.84 0.13
2458488.3452162 10.95 0.14
2458488.3453896 10.99 0.15
2458488.3455631 11.01 0.15
2458488.3464303 11.00 0.15
2458488.3467774 10.85 0.13
2458488.3478191 11.04 0.15
2458488.3486871 10.97 0.14
2458488.3490344 11.00 0.15
2458488.3495552 11.03 0.15
2458488.3499024 10.93 0.14
2458488.3500760 11.07 0.16
2458488.3502496 10.98 0.14
2458488.3509441 10.99 0.15
2458488.3511177 10.93 0.14
2458488.3512913 11.00 0.15
2458488.3518121 11.11 0.16
2458488.3526802 11.14 0.17
2458488.3530274 11.03 0.15
2458488.3532010 10.97 0.14
2458488.3542427 11.04 0.15
2458488.3544163 11.01 0.15
2458488.3549371 10.92 0.14
2458488.3552843 11.13 0.17
2458488.3556316 10.88 0.13
2458488.3558052 11.05 0.15
2458488.3559788 11.11 0.16
2458488.3561524 10.89 0.13
2458488.3564996 11.11 0.16
2458488.3566732 10.97 0.14
2458488.3582360 10.86 0.13
2458488.3585830 10.86 0.13
2458488.3592774 11.07 0.16
2458488.3596246 10.80 0.12
2458488.3597982 11.08 0.16
2458488.3603191 10.84 0.13
2458488.3629232 10.91 0.14
2458488.3637913 10.97 0.15
2458488.3641385 11.05 0.15
2458488.3646594 11.00 0.15
2458488.3653538 11.16 0.17
2458488.3657010 10.89 0.14
2458488.3667427 11.15 0.17
2458488.3676107 10.90 0.14
2458488.3677844 10.83 0.13
2458488.3679580 10.83 0.13
2458488.3683052 10.83 0.13
2458488.3698682 10.79 0.12
2458488.3707357 11.01 0.15
2458488.3714302 11.02 0.15
2458488.3716038 10.78 0.12
2458488.3721246 10.90 0.14
2458488.3724718 10.99 0.15
2458488.3726455 10.93 0.14
2458488.3728191 10.96 0.15
2458488.3731663 10.77 0.12
2458488.3733399 11.02 0.15
2458488.3738607 10.94 0.14
2458488.3742080 10.98 0.15
2458493.2521475 10.95 0.13
2458493.2523211 10.93 0.12
2458493.2524947 10.94 0.13
2458493.2526684 10.96 0.13
2458493.2528420 11.09 0.14
2458493.2530156 10.94 0.13
2458493.2531892 10.87 0.12
2458493.2535364 11.01 0.13
2458493.2538836 10.90 0.12
2458493.2540586 10.83 0.11
2458493.2542320 10.89 0.12
2458493.2544055 11.12 0.15
2458493.2545789 10.98 0.13
2458493.2547524 11.05 0.14
2458493.2549258 10.96 0.13
2458493.2550993 11.08 0.14
2458493.2552727 11.17 0.15
2458493.2554461 11.05 0.14
2458493.2559670 10.98 0.13
2458493.2563142 10.95 0.13
2458493.2564878 10.96 0.13
2458493.2566614 10.97 0.13
2458493.2568350 10.98 0.13
2458493.2570086 10.94 0.13
2458493.2571823 11.12 0.15
2458493.2573559 11.06 0.14
2458493.2575295 10.99 0.13
2458493.2577031 10.94 0.13
2458493.2578767 11.05 0.14
2458493.2580503 11.11 0.14
2458493.2582239 11.08 0.14
2458493.2583975 10.86 0.11
2458493.2585711 10.98 0.13
2458493.2587447 10.95 0.13
2458493.2589184 10.94 0.12
2458493.2590920 11.05 0.14
2458493.2596128 10.89 0.12
2458493.2597864 10.94 0.13
2458493.2599600 10.87 0.12
2458493.2601336 11.01 0.13
2458493.2603072 10.94 0.12
2458493.2604809 11.06 0.14
2458493.2606545 10.93 0.12
2458493.2608281 10.97 0.13
2458493.2610017 10.83 0.11
2458493.2615225 10.99 0.13
2458493.2616961 10.95 0.13
2458493.2618697 11.09 0.14
2458493.2620434 10.87 0.12
2458493.2622170 11.01 0.13
2458493.2623906 10.93 0.12
2458493.2629114 10.95 0.12
2458493.2630850 11.00 0.13
2458493.2632586 10.90 0.12
2458493.2634323 10.89 0.12
2458493.2636059 11.00 0.13
2458493.2637795 11.15 0.15
2458493.2641267 11.02 0.13
2458493.2643003 10.95 0.13
2458493.2646475 11.16 0.15
2458493.2648211 11.00 0.13
2458493.2651684 10.99 0.13
2458493.2653420 11.12 0.14
2458493.2655156 10.89 0.12
2458493.2656892 11.11 0.14
2458493.2658628 11.01 0.13
2458493.2660378 11.05 0.14
2458493.2662112 10.88 0.12
2458493.2663847 11.05 0.14
2458493.2670784 10.98 0.13
2458493.2672519 11.03 0.13
2458493.2674253 10.98 0.13
2458493.2675989 11.05 0.14
2458493.2679461 10.99 0.13
2458493.2681197 10.88 0.12
2458493.2682934 11.12 0.15
2458493.2684670 11.18 0.15
2458493.2686406 11.05 0.14
2458493.2689878 11.04 0.13
2458493.2695086 11.07 0.14
2458493.2696822 10.99 0.13
2458493.2698559 10.95 0.12
2458493.2700295 10.86 0.11
2458493.2702031 11.01 0.13
2458493.2703767 11.04 0.13
2458493.2705503 10.99 0.13
2458493.2707239 10.92 0.12
2458493.2708975 10.90 0.12
2458493.2714184 11.17 0.15
2458493.2715920 10.93 0.12
2458493.2717656 11.10 0.14
2458493.2719392 11.02 0.13
2458493.2721128 11.04 0.14
2458493.2724600 11.02 0.13
2458493.2726336 11.07 0.14
2458493.2729809 10.98 0.13
2458493.2731545 10.99 0.13
2458493.2733281 11.07 0.14
2458493.2735017 11.00 0.13
2458493.2736753 11.00 0.13
2458493.2738489 11.02 0.13
2458493.2741961 10.91 0.12
2458493.2745434 11.00 0.13
2458493.2747170 10.81 0.11
2458493.2748906 11.03 0.13
2458493.2750642 10.98 0.13
2458493.2752378 10.96 0.13
2458493.2754114 10.94 0.12
2458493.2755850 11.05 0.14
2458493.2757586 11.05 0.14
2458493.2759322 10.92 0.12
2458493.2761059 10.96 0.13
2458493.2762795 11.13 0.15
2458493.2764531 10.97 0.13
2458493.2766267 11.08 0.14
2458493.2768003 11.01 0.13
2458493.2769739 11.01 0.13
2458493.2771475 11.19 0.15
2458493.2773211 10.93 0.12
2458493.2774947 11.12 0.15
2458493.2778420 10.83 0.11
2458493.2780169 10.98 0.13
2458493.2781904 11.11 0.15
2458493.2783638 10.96 0.13
2458493.2785373 11.06 0.14
2458493.2787107 10.92 0.12
2458493.2790576 11.00 0.13
2458493.2792310 11.00 0.13
2458493.2795781 11.09 0.14
2458493.2797517 11.05 0.14
2458493.2799253 11.09 0.14
2458493.2800989 11.15 0.15
2458493.2802725 11.05 0.14
2458493.2807934 10.91 0.12
2458493.2809670 11.16 0.15
2458493.2811406 10.95 0.13
2458493.2813142 10.88 0.12
2458493.2814878 10.92 0.12
2458493.2816614 10.82 0.11
2458493.2821822 10.90 0.12
2458493.2823559 11.09 0.14
2458493.2828767 11.12 0.15
2458493.2832239 10.79 0.11
2458493.2833975 10.95 0.13
2458493.2835711 11.06 0.14
2458493.2837447 11.17 0.15
2458493.2842656 11.02 0.13
2458493.2846128 10.84 0.11
2458493.2849600 11.00 0.13
2458493.2851336 10.99 0.13
2458493.2853072 10.97 0.13
2458493.2860017 10.91 0.12
2458493.2861753 11.06 0.14
2458493.2863489 11.07 0.14
2458493.2865225 10.94 0.12
2458493.2866961 11.03 0.14
2458493.2868698 10.87 0.12
2458493.2870434 11.01 0.13
2458493.2873906 11.02 0.13
2458493.2875642 11.09 0.14
2458493.2877378 10.78 0.11
2458493.2880850 11.07 0.14
2458493.2884323 10.96 0.13
2458493.2887795 10.92 0.12
2458493.2891267 11.02 0.13
2458493.2893003 11.00 0.13
2458493.2894739 11.04 0.14
2458493.2898211 10.90 0.12
2458493.2899961 10.89 0.12
2458493.2903429 11.00 0.13
2458493.2906898 10.90 0.12
2458493.2912102 11.02 0.13
2458493.2913836 10.97 0.13
2458493.2915572 10.92 0.12
2458493.2917309 10.89 0.12
2458493.2919045 10.81 0.11
2458493.2922517 11.17 0.15
2458493.2924253 11.08 0.14
2458493.2925989 11.03 0.13
2458493.2927725 11.00 0.13
2458493.2929461 10.98 0.13
2458493.2931197 11.03 0.13
2458493.2932934 11.12 0.15
2458493.2934670 11.09 0.14
2458493.2936406 11.16 0.15
2458493.2938142 11.08 0.14
2458493.2939878 11.04 0.14
2458493.2941614 11.00 0.13
2458493.2943350 10.91 0.12
2458493.2945086 11.01 0.13
2458493.2946823 11.01 0.13
2458493.2952031 10.95 0.13
2458493.2953767 10.98 0.13
2458493.2958975 11.06 0.14
2458493.2960711 11.10 0.14
2458493.2962448 11.05 0.14
2458493.2964184 11.08 0.14
2458493.2965920 11.08 0.14
2458493.2967656 11.01 0.13
2458493.2969392 11.04 0.14
2458493.2971128 11.03 0.13
2458493.2972864 11.17 0.15
2458493.2974600 11.13 0.15
2458493.2976336 11.03 0.14
2458493.2978072 11.11 0.14
2458493.2979809 10.90 0.12
2458493.2981545 11.09 0.14
2458493.2983281 11.13 0.15
2458493.2985017 11.01 0.13
2458493.2986753 10.99 0.13
2458493.2988489 11.12 0.15
2458493.2990225 10.91 0.12
2458493.2991961 10.99 0.13
2458493.2993697 11.17 0.16
2458493.2995434 11.04 0.14
2458493.2997170 10.96 0.13
2458493.2998906 11.01 0.13
2458493.3000642 10.93 0.13
2458493.3002378 11.18 0.16
2458493.3007586 11.00 0.13
2458493.3018931 11.08 0.14
2458493.3021591 10.87 0.12
2458493.3023327 10.83 0.11
2458493.3026799 10.88 0.12
2458493.3028536 11.05 0.14
2458493.3030272 11.05 0.14
2458493.3032008 10.87 0.12
2458493.3033744 10.93 0.13
2458493.3037216 11.01 0.13
2458493.3038952 11.00 0.13
2458493.3042424 11.08 0.14
2458493.3044161 10.98 0.13
2458493.3052841 11.10 0.14
2458493.3054577 10.83 0.11
2458493.3061522 11.07 0.14
2458493.3063258 10.83 0.11
2458493.3064994 11.02 0.13
2458493.3066730 10.93 0.12
2458493.3071938 10.94 0.12
2458493.3073674 10.84 0.11
2458493.3075410 10.98 0.13
2458493.3077147 10.93 0.12
2458493.3078883 10.95 0.12
2458493.3080619 11.04 0.14
2458493.3082355 11.06 0.14
2458493.3084091 10.88 0.12
2458493.3085827 10.82 0.11
2458493.3087563 10.97 0.13
2458493.3091036 10.84 0.11
2458493.3092772 10.92 0.12
2458493.3094508 10.99 0.13
2458493.3096244 10.99 0.13
2458493.3097980 10.98 0.13
2458493.3099716 11.25 0.16
2458493.3101452 11.07 0.14
2458493.3103188 11.10 0.14
2458493.3104924 11.14 0.15
2458493.3106661 11.17 0.15
2458493.3108397 11.18 0.15
2458493.3110133 11.21 0.16
2458493.3111869 10.94 0.12
2458493.3115341 11.04 0.14
2458493.3117077 11.01 0.13
2458493.3118813 10.96 0.13
2458493.3120549 10.86 0.11
2458493.3122298 11.06 0.14
2458493.3124033 11.12 0.14
2458493.3125767 11.05 0.13
2458493.3127502 11.00 0.13
2458493.3130971 11.08 0.14
2458493.3132705 10.95 0.12
2458493.3136174 10.82 0.11
2458493.3139647 10.93 0.12
2458493.3143119 10.91 0.12
2458493.3144855 10.88 0.12
2458493.3146591 11.08 0.14
2458493.3148327 10.88 0.12
2458493.3150063 11.03 0.13
2458493.3151799 10.90 0.12
2458493.3153535 11.04 0.13
2458493.3155272 11.01 0.13
2458493.3157008 11.08 0.14
2458493.3158744 11.25 0.16
2458493.3160480 11.12 0.14
2458493.3162216 10.95 0.12
2458493.3163952 11.10 0.14
2458493.3165688 11.00 0.13
2458493.3167424 11.09 0.14
2458493.3169161 10.90 0.12
2458493.3170897 11.19 0.15
2458493.3172633 10.96 0.12
2458493.3174369 11.01 0.13
2458493.3176105 11.11 0.14
2458493.3177841 11.16 0.15
2458493.3181313 11.02 0.13
2458493.3183049 10.87 0.12
2458493.3184786 11.07 0.14
2458493.3188258 10.98 0.12
2458493.3189994 11.02 0.13
2458493.3191730 10.84 0.11
2458493.3196938 10.96 0.12
2458493.3198674 10.99 0.13
2458493.3200411 10.88 0.11
2458493.3203883 11.05 0.13
2458493.3205619 10.88 0.12
2458493.3207355 10.95 0.12
2458493.3209091 10.91 0.12
2458493.3210827 11.09 0.14
2458493.3216035 10.98 0.13
2458493.3219508 10.95 0.12
2458493.3222980 10.85 0.11
2458493.3224716 11.21 0.15
2458493.3226452 11.07 0.14
2458493.3228188 10.91 0.12
2458493.3229924 11.01 0.13
2458493.3231662 11.08 0.14
2458493.3233397 11.03 0.13
2458493.3235133 10.91 0.12
2458493.3236869 10.93 0.12
2458493.3242090 11.14 0.14
2458493.3243824 11.01 0.13
2458493.3247293 11.07 0.14
2458493.3249028 11.05 0.14
2458493.3252497 11.11 0.14
2458493.3254231 10.99 0.13
2458493.3255966 10.93 0.12
2458493.3257702 11.15 0.15
2458493.3259438 10.88 0.12
2458493.3261174 11.12 0.14
2458493.3262911 11.06 0.13
2458493.3264647 10.83 0.11
2458493.3268119 11.00 0.13
2458493.3271591 10.94 0.12
2458493.3273327 10.95 0.12
2458493.3275063 10.96 0.12
2458493.3276799 11.00 0.13
2458493.3278536 11.07 0.14
2458493.3280272 11.02 0.13
2458493.3282008 10.98 0.13
2458493.3283744 10.86 0.11
2458493.3287216 10.92 0.12
2458493.3288952 10.94 0.12
2458493.3295897 11.03 0.13
2458493.3299369 11.00 0.13
2458493.3301105 11.02 0.13
2458493.3304577 10.84 0.11
2458493.3306313 10.99 0.13
2458493.3308049 10.90 0.12
2458493.3309785 10.99 0.13
2458493.3311522 10.99 0.13
2458493.3314994 11.11 0.14
2458493.3318466 11.11 0.14
2458493.3321938 11.07 0.14
2458493.3323674 10.87 0.11
2458493.3325411 10.81 0.11
2458493.3327147 11.04 0.13
2458493.3328883 10.90 0.12
2458493.3330619 11.10 0.14
2458493.3332355 11.03 0.13
2458493.3334091 11.05 0.13
2458493.3335827 11.21 0.15
2458493.3339299 11.10 0.14
2458493.3341036 11.01 0.13
2458493.3342772 10.92 0.12
2458493.3344508 11.05 0.14
2458493.3346244 10.93 0.12
2458493.3347980 10.97 0.12
2458493.3349716 10.97 0.13
2458493.3351452 11.03 0.13
2458493.3353188 11.03 0.13
2458493.3354924 10.93 0.12
2458493.3356661 11.12 0.14
2458493.3358397 11.03 0.13
2458493.3360133 10.95 0.12
2458493.3363616 11.00 0.13
2458493.3365351 10.98 0.13
2458493.3367085 11.03 0.13
2458493.3368820 10.98 0.13
2458493.3370554 11.00 0.13
2458493.3374023 10.93 0.12
2458493.3375758 10.88 0.12
2458493.3377494 10.94 0.12
2458493.3379230 11.01 0.13
2458493.3380966 11.00 0.13
2458493.3382702 11.04 0.13
2458493.3384438 11.00 0.13
2458493.3387910 11.00 0.13
2458493.3389647 10.87 0.11
2458493.3391383 10.93 0.12
2458493.3393119 10.98 0.13
2458493.3394855 10.92 0.12
2458493.3396591 11.09 0.14
2458493.3398327 11.13 0.15
2458493.3400063 11.04 0.13
2458493.3401799 11.01 0.13
2458493.3403536 10.86 0.11
2458493.3405272 11.01 0.13
2458493.3407008 11.11 0.14
2458493.3408744 11.19 0.15
2458493.3410480 11.02 0.13
2458493.3412216 10.99 0.13
2458493.3413952 11.05 0.14
2458493.3417424 10.88 0.12
2458493.3419161 10.94 0.12
2458493.3422633 10.94 0.12
2458493.3424369 11.00 0.13
2458493.3426105 10.90 0.12
2458493.3427841 11.00 0.13
2458493.3431313 11.09 0.14
2458493.3434786 10.92 0.12
2458493.3436522 10.84 0.11
2458493.3438258 11.05 0.14
2458493.3439994 10.91 0.12
2458493.3443466 11.11 0.14
2458493.3446938 11.16 0.15
2458493.3448674 10.96 0.12
2458493.3450410 11.09 0.14
2458493.3452147 11.12 0.15
2458493.3453883 11.09 0.14
2458493.3455619 11.02 0.13
2458493.3457355 11.01 0.13
2458493.3459091 10.90 0.12
2458493.3460827 11.04 0.13
2458493.3462563 11.01 0.13
2458493.3464299 10.89 0.12
2458493.3466035 11.00 0.13
2458493.3467772 11.00 0.13
2458493.3469508 11.05 0.14
2458493.3471244 11.03 0.13
2458493.3472980 10.90 0.12
2458493.3476452 11.06 0.14
2458493.3478188 11.02 0.13
2458493.3479924 11.02 0.13
2458493.3488611 11.05 0.14
2458493.3497286 11.04 0.14
2458493.3499022 11.12 0.14
2458493.3500758 11.09 0.14
2458493.3504230 10.98 0.13
2458493.3507702 10.93 0.12
2458493.3509438 10.94 0.12
2458493.3511174 10.93 0.12
2458493.3512911 11.10 0.14
2458493.3514647 11.19 0.15
2458493.3516383 10.92 0.12
2458493.3518119 11.09 0.14
2458493.3521591 10.82 0.11
2458493.3525063 11.05 0.14
2458493.3526799 10.97 0.13
2458493.3528535 11.01 0.13
2458493.3530272 11.05 0.14
2458493.3532008 10.91 0.12
2458493.3533744 11.13 0.14
2458493.3537216 11.04 0.13
2458493.3538952 10.94 0.12
2458493.3542424 10.89 0.12
2458493.3544160 11.09 0.14
2458493.3545897 11.01 0.13
2458493.3549369 10.86 0.11
2458493.3554577 11.17 0.15
2458493.3556313 10.93 0.12
2458493.3558049 10.72 0.10
2458493.3561522 11.06 0.14
2458493.3563258 11.18 0.15
2458493.3564994 11.11 0.14
2458493.3566730 11.16 0.15
2458493.3570202 11.05 0.13
2458493.3575411 10.96 0.13
2458493.3577147 11.03 0.13
2458493.3580619 11.07 0.14
2458493.3582355 11.06 0.14
2458493.3584091 10.99 0.13
2458493.3587563 11.00 0.13
2458493.3589299 10.87 0.11
2458493.3591036 11.01 0.13
2458493.3592772 11.03 0.13
2458493.3594508 11.10 0.14
2458493.3596244 11.10 0.14
2458493.3597980 11.00 0.13
2458493.3599716 11.03 0.13
2458493.3601465 11.17 0.15
2458493.3603199 10.88 0.12
2458493.3604934 11.03 0.13
2458493.3608403 11.05 0.14
2458493.3610137 11.10 0.14
2458493.3611871 11.02 0.13
2458493.3613606 10.83 0.11
2458493.3615341 10.95 0.13
2458493.3617077 11.05 0.14
2458493.3618813 10.99 0.13
2458493.3624022 10.98 0.13
2458493.3627494 10.96 0.13
2458493.3629230 11.05 0.14
2458493.3630966 10.90 0.12
2458493.3632702 10.92 0.12
2458493.3634438 11.01 0.13
2458493.3636174 10.99 0.13
2458493.3637911 11.13 0.14
2458493.3639647 11.10 0.14
2458493.3641383 11.00 0.13
2458493.3643119 11.17 0.15
2458493.3644855 11.04 0.13
2458493.3646591 10.93 0.12
2458493.3648327 11.07 0.14
2458493.3650063 10.96 0.13
2458493.3651799 11.00 0.13
2458493.3653536 11.05 0.13
2458493.3655272 11.05 0.13
2458493.3657008 11.08 0.14
2458493.3658744 10.92 0.12
2458493.3662216 10.94 0.12
2458493.3663952 11.19 0.15
2458493.3667424 10.98 0.13
2458493.3669161 11.03 0.13
2458493.3670897 11.08 0.14
2458493.3672633 11.08 0.14
2458493.3676105 10.97 0.13
2458493.3677841 10.98 0.13
2458493.3679577 10.94 0.12
2458493.3681313 11.04 0.13
2458493.3683049 11.06 0.14
2458493.3684785 11.22 0.16
2458493.3686522 10.85 0.11
2458493.3688258 10.87 0.12
2458493.3689994 11.12 0.14
2458493.3691730 10.84 0.11
2458493.3693466 11.30 0.17
2458493.3695202 11.15 0.15
2458493.3696938 10.93 0.12
2458493.3698674 11.00 0.13
2458493.3700410 11.11 0.14
2458493.3702147 11.17 0.15
2458493.3703883 11.02 0.13
2458493.3705619 11.04 0.14
2458493.3707355 11.27 0.17
2458493.3709091 10.90 0.12
2458493.3710827 11.10 0.14
2458493.3712563 11.08 0.14
2458493.3714299 10.94 0.12
2458493.3716036 11.03 0.13
2458493.3717772 11.03 0.13
2458493.3721257 10.83 0.11
2458493.3722991 11.02 0.13
2458493.3724725 11.01 0.13
2458493.3728194 10.94 0.12
2458493.3733397 10.80 0.11
2458493.3735133 10.87 0.12
2458493.3736869 10.96 0.13
2458493.3738605 10.94 0.12
2458493.3742077 11.20 0.16
2458493.3743813 11.01 0.13
2458493.3745549 11.02 0.13
2458493.3749022 10.94 0.12
2458493.3750758 10.94 0.12
2458493.3752494 11.03 0.13
2458493.3754230 10.95 0.12
2458493.3755966 10.91 0.12
2458493.3757702 10.88 0.12
2458493.3759438 11.20 0.16
2458493.3761174 11.19 0.16
2458493.3762910 11.05 0.14
2458493.3764647 11.11 0.15
2458493.3766383 11.02 0.13
2458493.3768119 11.04 0.14
2458493.3769855 11.19 0.16
2458493.3771591 11.11 0.15
2458493.3773327 11.16 0.15
2458493.3775063 11.17 0.15
2458493.3776799 11.04 0.14
2458493.3778535 11.03 0.14
2458493.3780272 10.85 0.12
2458493.3782008 11.06 0.14
2458493.3785480 10.95 0.13
2458493.3792424 11.04 0.14
2458493.3794161 11.02 0.14
2458493.3795897 11.05 0.14
2458493.3799369 11.04 0.14
2458493.3809786 11.06 0.14
2458493.3811522 10.89 0.12
2458493.3813258 10.96 0.13
2458493.3816730 11.08 0.14
2458493.3825411 11.09 0.15
2458493.3828883 10.88 0.12
2458493.3830619 11.01 0.14
2458493.3832355 11.10 0.15
2458493.3834091 11.00 0.13
2458493.3835827 10.97 0.13
2458493.3837563 11.07 0.14
2458493.3839313 11.09 0.15
2458493.3841048 10.91 0.13
2458493.3842782 11.04 0.14
2458493.3844517 10.94 0.13
2458493.3846251 11.11 0.15
2458493.3847985 10.83 0.12
2458493.3851454 11.00 0.13
2458493.3853189 10.94 0.13
2458493.3854924 11.09 0.15
2458493.3856660 11.07 0.14
2458493.3861869 10.98 0.13
2458493.3863605 10.90 0.12
2458493.3867077 10.93 0.13
2458493.3870549 11.01 0.14
2458493.3872286 10.96 0.13
2458493.3882702 11.09 0.15
2458493.3884438 10.85 0.12
2458493.3886174 11.07 0.14
2458493.3887911 11.04 0.14
2458493.3889647 10.93 0.13
2458493.3891383 10.97 0.13
2458493.3898327 11.08 0.15
2458493.3900063 10.85 0.12
2458493.3903536 10.93 0.13
2458493.3905272 11.08 0.15
2458493.3907008 11.12 0.15
2458493.3908744 11.09 0.15
2458493.3919160 11.04 0.14
2458493.3922633 11.08 0.15
2458493.3927841 11.07 0.15
2458493.3929577 10.97 0.13
2458493.3931313 11.00 0.14
2458493.3936522 10.97 0.13
2458493.3939994 10.87 0.12
2458493.3941730 11.14 0.16
2458493.3945202 10.99 0.13
2458493.3948674 10.97 0.13
2458493.3950411 11.06 0.15
2458493.3952147 10.90 0.13
2458493.3953883 10.90 0.12
2458493.3955619 11.12 0.15
2458493.3962574 11.01 0.14
2458493.3964308 10.95 0.13
2458493.3966043 11.12 0.15
2458493.3969511 11.04 0.14
2458493.3972980 10.99 0.14
2458493.3979924 11.07 0.15
2458493.3981661 10.99 0.14
2458493.3983397 10.96 0.13
2458493.3985133 11.01 0.14
2458493.3986869 10.99 0.14
2458493.3990341 11.01 0.14
2458493.3992077 10.87 0.12
2458493.3995549 11.02 0.14
2458493.3999022 10.95 0.13
2458493.4000758 10.99 0.14
2458493.4002494 11.00 0.14
2458493.4005966 11.09 0.15
2458493.4011174 11.15 0.16
2458493.4012910 10.95 0.13
2458493.4021591 10.95 0.13
2458493.4023327 10.90 0.13
2458493.4026799 11.02 0.14
2458493.4028536 11.04 0.14
2458493.4032008 11.18 0.16
2458493.4033744 11.22 0.17
2458493.4037216 11.12 0.15
2458493.4038952 11.23 0.17
2458493.4040688 10.99 0.14
2458493.4044161 11.05 0.15
2458493.4045897 11.03 0.14
2458493.4047633 11.12 0.16
2458493.4049369 11.19 0.17
2458493.4051105 11.17 0.16
2458493.4052841 11.00 0.14
2458493.4056313 11.01 0.14
2458493.4059786 11.00 0.14
2458493.4061522 11.10 0.15
2458493.4063258 11.05 0.15
2458493.4064994 11.00 0.14
2458493.4066730 11.14 0.16
2458493.4068466 11.14 0.16
2458493.4071938 11.11 0.16
2458493.4073674 11.01 0.14
2458493.4077147 10.97 0.14
2458493.4080630 11.03 0.15
2458493.4091037 10.92 0.13
2458493.4094508 11.03 0.15
2458493.4096244 11.07 0.15
2458493.4097980 10.98 0.14
2458493.4106661 11.07 0.15
2458493.4108397 11.02 0.14
2458493.4110133 10.88 0.13
2458493.4111869 11.00 0.14
2458493.4113605 10.95 0.13
2458493.4115341 10.91 0.13
2458493.4117077 10.95 0.14
2458493.4120549 10.87 0.13
2458493.4122286 11.16 0.16
2458493.4125758 11.07 0.15
2458493.4127494 11.10 0.16
2458493.4129230 11.06 0.15
2458493.4130966 10.92 0.13
2458493.4139647 11.11 0.16
2458493.4141383 10.98 0.14
2458493.4144855 11.11 0.16
2458493.4146591 11.10 0.16
2458493.4150063 11.09 0.16
2458493.4151799 11.06 0.15
2458493.4155272 11.05 0.15
2458493.4157008 10.92 0.13
2458493.4158744 11.00 0.14
2458494.3465573 10.79 0.15
2458494.3496822 10.79 0.15
2458494.3547172 10.68 0.15
2458495.1363258 10.66 0.16
2458495.1389299 10.65 0.16
2458495.1576799 10.63 0.15
2458495.1665341 10.82 0.17
2458495.1845897 10.69 0.15
2458495.1981313 10.78 0.15
2458495.2194862 10.67 0.14
2458495.2281661 10.68 0.14
2458495.2319857 10.94 0.17
2458495.2356313 10.87 0.16
2458495.2396244 10.62 0.12
2458495.2430977 10.80 0.14
2458495.2448327 10.90 0.16
2458495.2477841 10.90 0.16
2458495.2510827 10.93 0.16
2458495.2524716 10.97 0.17
2458495.2552503 10.84 0.15
2458495.2576799 10.89 0.15
2458495.2604577 11.00 0.17
2458495.2616730 10.97 0.16
2458495.2623674 10.71 0.13
2458495.2635827 10.91 0.16
2458495.2637563 10.73 0.13
2458495.2667077 10.97 0.17
2458495.2693119 10.91 0.15
2458495.2700063 10.94 0.16
2458495.2701799 10.88 0.15
2458495.2703535 10.96 0.16
2458495.2712216 10.89 0.15
2458495.2720897 10.75 0.13
2458495.2724369 10.79 0.14
2458495.2753883 10.88 0.15
2458495.2757355 10.81 0.14
2458495.2786869 10.80 0.14
2458495.2792087 10.72 0.13
2458495.2799025 10.89 0.15
2458495.2805966 10.91 0.15
2458495.2818119 10.69 0.13
2458495.2828536 10.87 0.15
2458495.2837216 11.07 0.18
2458495.2847633 10.78 0.14
2458495.2852841 10.87 0.15
2458495.2856313 10.94 0.16
2458495.2864994 10.86 0.15
2458495.2870202 10.91 0.15
2458495.2871938 10.83 0.14
2458495.2875410 10.89 0.15
2458495.2878883 10.97 0.16
2458495.2897980 10.76 0.14
2458495.2911879 10.84 0.15
2458495.2918817 10.82 0.14
2458495.2924022 10.82 0.14
2458495.2929230 10.80 0.14
2458495.2936174 10.85 0.15
2458495.2939647 11.00 0.17
2458495.2946591 10.96 0.16
2458495.2960480 10.83 0.14
2458495.2970897 10.86 0.14
2458495.2977841 10.80 0.14
2458495.2984785 10.98 0.16
2458495.2986522 10.79 0.13
2458495.2991730 10.94 0.15
2458495.3002147 10.87 0.15
2458495.3024716 10.65 0.12
2458495.3026452 10.92 0.15
2458495.3031671 10.82 0.14
2458495.3033406 11.00 0.17
2458495.3036875 10.94 0.16
2458495.3038609 10.88 0.15
2458495.3045549 10.85 0.14
2458495.3049022 10.98 0.16
2458495.3052494 10.89 0.15
2458495.3054230 10.76 0.13
2458495.3061174 10.94 0.16
2458495.3062911 10.77 0.13
2458495.3066383 10.78 0.14
2458495.3073327 10.83 0.14
2458495.3082008 10.83 0.14
2458495.3085480 10.94 0.16
2458495.3092424 10.90 0.15
2458495.3097633 10.90 0.15
2458495.3101105 10.88 0.15
2458495.3106313 10.81 0.14
2458495.3118466 10.90 0.15
2458495.3128883 10.83 0.14
2458495.3137563 10.80 0.14
2458495.3146244 10.82 0.14
2458498.1661753 10.89 0.15
2458498.1672176 10.81 0.14
2458498.1684322 10.93 0.15
2458498.1689531 10.95 0.15
2458498.1693003 10.74 0.13
2458498.1694739 10.99 0.16
2458498.1696475 10.80 0.14
2458498.1699947 10.85 0.14
2458498.1701684 10.83 0.14
2458498.1705156 10.89 0.15
2458498.1706892 10.86 0.14
2458498.1708628 10.97 0.16
2458498.1720781 10.78 0.13
2458498.1722517 10.93 0.15
2458498.1729461 11.00 0.16
2458498.1739878 10.94 0.15
2458498.1741614 10.90 0.14
2458498.1743350 10.78 0.13
2458498.1745086 10.78 0.13
2458498.1746823 10.75 0.12
2458498.1750295 10.91 0.14
2458498.1753767 11.01 0.16
2458498.1758975 10.80 0.13
2458498.1764184 10.91 0.14
2458498.1767656 11.02 0.15
2458498.1771128 10.75 0.12
2458498.1772864 10.80 0.13
2458498.1778072 10.83 0.13
2458498.1779809 10.96 0.15
2458498.1793701 10.64 0.11
2458498.1797170 10.87 0.14
2458498.1807586 10.84 0.13
2458498.1809323 10.98 0.15
2458498.1811059 10.82 0.13
2458498.1812795 11.14 0.17
2458498.1816267 10.90 0.14
2458498.1819739 11.00 0.15
2458498.1823211 10.97 0.15
2458498.1824948 10.97 0.15
2458498.1826684 10.86 0.13
2458498.1833628 10.83 0.13
2458498.1835364 10.90 0.14
2458498.1838836 10.84 0.13
2458498.1842309 10.92 0.14
2458498.1844045 10.72 0.12
2458498.1845781 10.91 0.14
2458498.1852725 10.98 0.15
2458498.1856197 10.94 0.14
2458498.1857934 11.12 0.17
2458498.1861406 11.01 0.15
2458498.1864878 10.90 0.14
2458498.1868350 10.87 0.13
2458498.1870086 10.81 0.13
2458498.1871822 10.93 0.14
2458498.1882974 10.76 0.12
2458498.1887448 10.93 0.14
2458498.1890920 10.80 0.12
2458498.1892656 10.98 0.15
2458498.1894392 10.96 0.14
2458498.1896128 10.75 0.12
2458498.1897864 10.87 0.13
2458498.1899600 10.92 0.14
2458498.1904809 11.00 0.15
2458498.1910017 10.91 0.14
2458498.1911753 10.96 0.14
2458498.1913489 10.79 0.12
2458498.1916961 10.84 0.13
2458498.1925642 10.87 0.13
2458498.1927378 10.87 0.13
2458498.1930850 11.01 0.15
2458498.1934322 10.92 0.14
2458498.1937795 11.05 0.15
2458498.1941267 10.91 0.13
2458498.1944739 10.93 0.13
2458498.1948211 10.79 0.12
2458498.1949947 10.94 0.14
2458498.1951684 10.93 0.14
2458498.1953420 11.03 0.15
2458498.1956892 11.08 0.15
2458498.1960378 10.86 0.13
2458498.1963846 10.92 0.13
2458498.1967315 10.85 0.12
2458498.1969050 10.84 0.12
2458498.1970784 10.96 0.14
2458498.1972519 10.98 0.14
2458498.1974253 10.80 0.12
2458498.1975989 10.76 0.11
2458498.1977725 10.80 0.12
2458498.1981198 11.01 0.14
2458498.1984670 10.78 0.12
2458498.1986406 10.84 0.12
2458498.1988142 10.94 0.13
2458498.1989878 10.76 0.11
2458498.1996822 10.87 0.12
2458498.1998559 10.96 0.14
2458498.2000295 10.90 0.13
2458498.2002031 10.95 0.13
2458498.2003767 10.87 0.12
2458498.2005503 10.98 0.14
2458498.2007239 10.90 0.13
2458498.2008975 10.88 0.13
2458498.2010711 10.86 0.12
2458498.2014184 10.89 0.13
2458498.2015920 10.97 0.14
2458498.2017656 11.06 0.15
2458498.2019392 11.06 0.15
2458498.2021128 10.95 0.13
2458498.2022864 10.91 0.13
2458498.2024600 11.01 0.14
2458498.2026336 10.87 0.12
2458498.2028072 10.84 0.12
2458498.2029809 11.03 0.14
2458498.2031545 10.79 0.11
2458498.2033281 10.77 0.11
2458498.2036753 10.98 0.14
2458498.2038489 11.05 0.14
2458498.2040225 10.91 0.13
2458498.2041961 11.03 0.14
2458498.2043698 10.78 0.11
2458498.2045434 10.95 0.13
2458498.2048906 10.95 0.13
2458498.2050642 10.84 0.12
2458498.2052378 10.98 0.13
2458498.2054114 10.94 0.13
2458498.2059323 10.99 0.14
2458498.2061059 10.93 0.13
2458498.2062795 11.02 0.14
2458498.2064531 10.80 0.11
2458498.2066267 11.01 0.14
2458498.2068003 11.13 0.15
2458498.2071475 11.08 0.15
2458498.2074947 10.67 0.10
2458498.2076684 11.03 0.14
2458498.2078420 10.88 0.12
2458498.2081904 11.06 0.14
2458498.2088841 10.81 0.12
2458498.2090576 11.01 0.14
2458498.2094045 10.98 0.14
2458498.2095781 10.86 0.12
2458498.2099253 10.83 0.12
2458498.2100989 10.84 0.12
2458498.2102725 10.95 0.13
2458498.2106197 11.07 0.14
2458498.2107934 10.89 0.12
2458498.2111406 11.02 0.14
2458498.2113142 10.96 0.13
2458498.2123559 10.96 0.13
2458498.2125295 11.00 0.14
2458498.2127031 10.89 0.12
2458498.2132239 11.05 0.14
2458498.2140920 10.87 0.12
2458498.2144392 10.92 0.13
2458498.2146128 10.95 0.13
2458498.2147864 10.91 0.12
2458498.2149600 11.05 0.14
2458498.2153072 11.07 0.14
2458498.2154809 11.02 0.14
2458498.2156545 11.19 0.16
2458498.2160017 10.93 0.13
2458498.2161753 11.10 0.15
2458498.2163489 10.93 0.13
2458498.2166961 10.81 0.11
2458498.2168697 11.16 0.16
2458498.2170434 11.01 0.14
2458498.2172170 10.93 0.13
2458498.2173906 11.02 0.14
2458498.2175642 10.99 0.14
2458498.2177378 10.97 0.13
2458498.2182586 10.87 0.12
2458498.2184322 10.97 0.13
2458498.2186059 10.97 0.13
2458498.2189531 11.02 0.14
2458498.2191267 10.89 0.12
2458498.2193003 11.00 0.14
2458498.2199960 10.98 0.13
2458498.2201694 10.95 0.13
2458498.2205163 10.84 0.12
2458498.2206898 10.97 0.13
2458498.2210366 10.99 0.13
2458498.2212101 11.14 0.15
2458498.2213836 11.01 0.14
2458498.2219045 10.97 0.13
2458498.2224253 11.00 0.14
2458498.2225989 10.87 0.12
2458498.2227725 10.89 0.12
2458498.2229461 11.08 0.14
2458498.2232934 11.07 0.14
2458498.2234670 10.89 0.12
2458498.2238142 10.86 0.12
2458498.2239878 11.02 0.13
2458498.2241614 10.97 0.13
2458498.2243350 11.02 0.13
2458498.2245086 11.09 0.14
2458498.2246822 11.20 0.16
2458498.2248559 10.90 0.12
2458498.2250295 11.04 0.14
2458498.2252031 11.15 0.15
2458498.2255503 10.97 0.13
2458498.2257239 10.86 0.12
2458498.2258975 11.03 0.14
2458498.2260711 10.87 0.12
2458498.2262447 11.10 0.14
2458498.2264184 10.95 0.12
2458498.2267656 10.86 0.12
2458498.2269392 11.20 0.16
2458498.2271128 11.20 0.16
2458498.2274600 10.95 0.13
2458498.2276336 10.76 0.11
2458498.2278073 11.24 0.17
2458498.2279809 10.98 0.13
2458498.2283281 10.99 0.13
2458498.2285017 10.98 0.13
2458498.2286753 11.02 0.14
2458498.2290225 10.86 0.12
2458498.2291961 11.00 0.13
2458498.2295434 11.00 0.13
2458498.2297170 10.98 0.13
2458498.2300642 11.16 0.15
2458498.2302378 10.68 0.10
2458498.2304114 11.03 0.14
2458498.2305850 11.00 0.14
2458498.2307586 11.06 0.14
2458498.2309322 10.96 0.13
2458498.2311059 11.15 0.15
2458498.2312795 10.85 0.12
2458498.2314531 11.00 0.13
2458498.2316267 10.96 0.13
2458498.2318016 10.83 0.12
2458498.2324954 10.96 0.13
2458498.2326688 11.13 0.15
2458498.2330157 10.95 0.13
2458498.2331892 10.81 0.12
2458498.2333628 10.93 0.13
2458498.2335364 10.91 0.13
2458498.2337100 11.08 0.15
2458498.2338836 11.00 0.14
2458498.2344045 10.89 0.12
2458498.2345781 11.12 0.15
2458498.2349253 11.09 0.15
2458498.2352725 10.99 0.14
2458498.2354461 10.97 0.13
2458498.2356198 10.69 0.10
2458498.2357934 11.04 0.14
2458498.2359670 11.09 0.15
2458498.2361406 11.02 0.14
2458498.2364878 10.86 0.12
2458498.2368350 11.09 0.15
2458498.2370086 10.72 0.11
2458498.2371823 10.96 0.13
2458498.2373559 10.84 0.12
2458498.2377031 10.82 0.12
2458498.2382239 10.87 0.12
2458498.2387447 10.89 0.13
2458498.2390920 11.02 0.14
2458498.2394392 11.07 0.15
2458498.2397864 10.96 0.13
2458498.2399600 11.08 0.15
2458498.2401336 10.93 0.13
2458498.2403072 11.00 0.14
2458498.2404809 10.86 0.12
2458498.2406545 10.90 0.13
2458498.2408281 10.81 0.12
2458498.2411753 10.99 0.14
2458498.2413489 10.98 0.14
2458498.2415225 10.91 0.13
2458498.2416961 10.84 0.12
2458498.2418697 11.09 0.15
2458498.2420434 11.08 0.15
2458498.2425642 11.12 0.16
2458498.2429114 11.18 0.16
2458498.2430850 10.92 0.13
2458498.2432586 10.95 0.13
2458498.2434323 10.84 0.12
2458498.2436073 11.14 0.16
2458498.2437807 10.96 0.14
2458498.2439541 10.93 0.13
2458498.2441276 10.88 0.12
2458498.2443010 10.94 0.13
2458498.2444745 11.05 0.15
2458498.2446479 10.93 0.13
2458498.2448214 10.89 0.12
2458498.2449948 10.99 0.14
2458498.2451684 11.06 0.15
2458498.2453420 10.89 0.12
2458498.2455156 10.98 0.14
2458498.2456892 10.91 0.13
2458498.2460364 10.97 0.14
2458498.2462100 11.08 0.15
2458498.2463836 10.89 0.13
2458498.2465572 10.79 0.12
2458498.2467309 10.99 0.14
2458498.2469045 10.94 0.14
2458498.2472517 11.03 0.15
2458498.2474253 11.05 0.15
2458498.2475989 10.94 0.13
2458498.2477725 11.06 0.15
2458498.2479461 11.05 0.15
2458498.2481197 11.10 0.15
2458498.2482934 10.92 0.13
2458498.2486406 10.88 0.12
2458498.2488142 11.08 0.15
2458498.2489878 10.98 0.14
2458498.2491614 11.05 0.14
2458498.2495086 10.81 0.12
2458498.2498559 10.78 0.11
2458498.2500295 11.02 0.14
2458498.2502031 10.76 0.11
2458498.2505503 10.92 0.13
2458498.2507239 11.05 0.15
2458498.2508975 10.91 0.13
2458498.2510711 10.86 0.12
2458498.2514184 11.02 0.15
2458498.2515920 11.13 0.16
2458498.2517656 10.98 0.14
2458498.2519392 10.97 0.14
2458498.2526336 10.92 0.13
2458498.2529809 10.93 0.13
2458498.2531545 11.01 0.14
2458498.2535017 10.92 0.13
2458498.2536753 10.89 0.13
2458498.2541961 11.05 0.15
2458498.2543697 10.97 0.14
2458498.2545434 10.92 0.14
2458498.2547170 10.85 0.13
2458498.2550642 11.01 0.15
2458498.2554114 11.04 0.15
2458498.2555863 11.01 0.15
2458498.2557598 11.11 0.16
2458498.2559332 10.84 0.12
2458498.2561066 11.05 0.15
2458498.2562801 11.07 0.15
2458498.2566270 10.95 0.14
2458498.2568004 10.95 0.14
2458498.2569739 10.91 0.13
2458498.2571475 10.88 0.13
2458498.2573211 10.84 0.12
2458498.2576684 11.04 0.15
2458498.2578420 11.00 0.14
2458498.2580156 11.07 0.15
2458498.2581892 11.06 0.15
2458498.2590573 10.83 0.12
2458498.2594045 10.87 0.13
2458498.2599253 10.90 0.13
2458498.2604461 11.02 0.15
2458498.2606198 10.87 0.13
2458498.2607934 10.84 0.12
2458498.2611406 10.73 0.11
2458498.2613142 10.97 0.14
2458498.2614878 10.94 0.14
2458498.2616614 10.94 0.14
2458498.2618350 11.03 0.15
2458498.2620086 10.94 0.14
2458498.2621822 11.04 0.15
2458498.2625295 10.93 0.14
2458498.2627031 11.11 0.13
2458498.2628767 10.98 0.12
2458498.2630503 10.96 0.11
2458498.2632239 10.86 0.11
2458498.2633975 11.05 0.13
2458498.2635711 10.88 0.11
2458498.2637447 10.82 0.10
2458498.2639184 11.22 0.15
2458498.2640920 10.81 0.10
2458498.2642656 11.10 0.13
2458498.2644392 10.99 0.12
2458498.2646128 10.85 0.10
2458498.2647864 11.02 0.12
2458498.2649600 11.02 0.13
2458498.2651336 10.87 0.11
2458498.2653072 11.05 0.13
2458498.2654809 11.06 0.13
2458498.2656545 10.94 0.12
2458498.2658281 10.97 0.12
2458498.2660017 10.98 0.12
2458498.2661753 11.02 0.12
2458498.2663489 10.92 0.11
2458498.2665225 11.06 0.13
2458498.2666961 10.72 0.09
2458498.2668698 10.91 0.11
2458498.2670434 11.04 0.13
2458498.2672170 11.05 0.13
2458498.2673906 10.98 0.12
2458498.2675655 10.89 0.11
2458498.2677389 10.97 0.12
2458498.2679124 10.90 0.11
2458498.2680858 11.10 0.13
2458498.2682593 10.87 0.11
2458498.2684327 10.87 0.11
2458498.2686062 10.79 0.10
2458498.2687796 10.96 0.12
2458498.2689531 10.88 0.11
2458498.2691267 10.80 0.10
2458498.2693003 10.98 0.12
2458498.2694739 10.83 0.10
2458498.2696475 10.83 0.10
2458498.2698211 11.25 0.15
2458498.2699947 11.15 0.14
2458498.2701684 10.94 0.11
2458498.2703420 11.18 0.14
2458498.2705156 10.98 0.12
2458498.2706892 10.90 0.11
2458498.2708628 10.83 0.10
2458498.2710364 11.04 0.12
2458498.2713836 11.18 0.14
2458498.2715572 11.17 0.14
2458498.2717309 10.96 0.12
2458498.2719045 11.21 0.14
2458498.2720781 10.93 0.12
2458498.2722517 11.02 0.12
2458498.2724253 10.90 0.11
2458498.2725989 10.85 0.10
2458498.2727725 10.87 0.11
2458498.2729461 10.97 0.12
2458498.2731197 11.19 0.14
2458498.2732934 10.93 0.11
2458498.2734670 11.03 0.12
2458498.2736406 10.95 0.11
2458498.2738142 11.18 0.14
2458498.2739878 11.09 0.13
2458498.2741614 10.86 0.11
2458498.2743350 11.09 0.13
2458498.2745086 10.99 0.12
2458498.2746823 10.94 0.11
2458498.2748559 10.98 0.12
2458498.2750295 11.04 0.12
2458498.2752031 10.95 0.11
2458498.2753767 11.17 0.14
2458498.2755503 10.90 0.11
2458498.2757239 10.97 0.12
2458498.2758975 10.94 0.11
2458498.2760711 11.01 0.12
2458498.2764184 10.92 0.11
2458498.2765920 10.98 0.12
2458498.2767656 11.09 0.13
2458498.2769392 10.93 0.11
2458498.2771128 10.92 0.11
2458498.2772864 10.82 0.10
2458498.2774600 10.76 0.10
2458498.2776336 11.06 0.13
2458498.2778072 10.95 0.11
2458498.2779809 11.15 0.14
2458498.2781545 11.03 0.12
2458498.2783281 10.91 0.11
2458498.2785017 11.14 0.14
2458498.2786753 10.99 0.12
2458498.2788489 11.08 0.13
2458498.2790225 11.17 0.14
2458498.2791961 10.99 0.12
2458498.2793697 10.97 0.12
2458498.2795448 10.94 0.11
2458498.2797182 11.03 0.12
2458498.2798916 10.81 0.10
2458498.2800651 11.15 0.14
2458498.2802385 11.11 0.13
2458498.2804120 11.15 0.14
2458498.2805854 10.94 0.12
2458498.2807589 11.09 0.13
2458498.2809323 11.06 0.13
2458498.2811059 10.98 0.12
2458498.2812795 10.98 0.12
2458498.2814531 10.88 0.11
2458498.2816267 11.07 0.13
2458498.2818003 10.88 0.11
2458498.2819739 10.85 0.10
2458498.2821475 10.84 0.10
2458498.2823211 11.06 0.13
2458498.2824948 10.98 0.12
2458498.2826684 10.84 0.11
2458498.2830156 11.00 0.12
2458498.2833628 10.96 0.12
2458498.2835364 10.98 0.12
2458498.2837100 10.80 0.10
2458498.2838836 10.87 0.11
2458498.2840573 11.10 0.13
2458498.2842309 11.04 0.13
2458498.2844045 10.83 0.10
2458498.2845781 11.05 0.12
2458498.2847517 11.10 0.13
2458498.2849253 10.87 0.11
2458498.2850989 10.99 0.12
2458498.2852725 11.18 0.14
2458498.2854461 10.81 0.10
2458498.2856197 11.00 0.12
2458498.2857934 10.92 0.11
2458498.2859670 11.06 0.13
2458498.2861406 10.95 0.12
2458498.2863142 10.89 0.11
2458498.2864878 10.75 0.10
2458498.2866614 11.04 0.13
2458498.2868350 11.09 0.13
2458498.2870086 10.83 0.10
2458498.2871822 10.86 0.11
2458498.2873559 11.12 0.14
2458498.2875295 10.99 0.12
2458498.2877031 10.99 0.12
2458498.2878767 10.76 0.10
2458498.2880503 11.17 0.14
2458498.2882239 10.94 0.12
2458498.2883975 11.04 0.13
2458498.2885711 11.07 0.13
2458498.2887447 10.96 0.12
2458498.2889184 11.00 0.12
2458498.2890920 11.14 0.14
2458498.2892656 10.88 0.11
2458498.2894392 10.82 0.10
2458498.2896128 10.81 0.10
2458498.2897864 10.78 0.10
2458498.2899600 11.16 0.14
2458498.2901336 10.97 0.12
2458498.2903073 10.96 0.12
2458498.2904809 10.96 0.12
2458498.2906545 11.04 0.13
2458498.2908281 11.16 0.14
2458498.2910017 11.09 0.13
2458498.2911753 11.09 0.13
2458498.2913489 11.02 0.12
2458498.2915239 10.82 0.10
2458498.2916974 11.17 0.14
2458498.2918708 11.16 0.14
2458498.2920443 11.00 0.12
2458498.2922177 10.99 0.12
2458498.2923912 10.98 0.12
2458498.2925646 11.01 0.13
2458498.2927381 10.97 0.12
2458498.2929115 10.73 0.10
2458498.2930850 11.10 0.13
2458498.2932586 10.97 0.12
2458498.2934322 10.99 0.12
2458498.2936059 11.24 0.15
2458498.2937795 10.84 0.11
2458498.2939531 11.01 0.13
2458498.2941267 10.89 0.11
2458498.2943003 10.93 0.12
2458498.2944739 10.92 0.12
2458498.2946475 11.00 0.14
2458498.2948211 10.93 0.12
2458498.2949947 11.09 0.15
2458498.2951684 10.80 0.10
2458498.2953420 10.86 0.11
2458498.2955156 11.06 0.13
2458498.2956892 10.71 0.10
2458498.2958628 11.14 0.14
2458498.2962100 11.02 0.13
2458498.2963836 11.19 0.15
2458498.2965572 11.03 0.13
2458498.2967309 10.89 0.11
2458498.2969045 10.90 0.11
2458498.2970781 10.92 0.11
2458498.2972517 10.95 0.12
2458498.2974253 10.85 0.11
2458498.2975989 11.00 0.12
2458498.2977725 10.88 0.11
2458498.2979461 11.21 0.15
2458498.2981198 11.05 0.13
2458498.2982934 11.09 0.14
2458498.2984670 11.03 0.13
2458498.2986406 11.08 0.13
2458498.2988142 10.92 0.11
2458498.2989878 10.95 0.12
2458498.2991614 11.05 0.13
2458498.2993350 10.90 0.12
2458498.2995086 11.05 0.13
2458498.2996823 10.83 0.11
2458498.2998559 10.97 0.12
2458498.3000295 11.09 0.13
2458498.3002031 11.01 0.13
2458498.3003767 11.29 0.16
2458498.3005503 11.08 0.13
2458498.3007239 10.89 0.11
2458498.3008975 11.11 0.14
2458498.3010711 11.02 0.13
2458498.3012447 11.09 0.14
2458498.3015920 10.86 0.11
2458498.3017656 10.81 0.11
2458498.3019392 11.10 0.14
2458498.3021128 10.98 0.12
2458498.3022864 11.12 0.14
2458498.3024600 10.88 0.11
2458498.3026336 11.02 0.13
2458498.3028072 10.98 0.12
2458498.3029809 10.98 0.12
2458498.3031545 10.85 0.11
2458498.3033281 11.07 0.13
2458498.3035017 11.13 0.14
2458498.3036766 10.98 0.12
2458498.3038500 10.82 0.10
2458498.3040235 10.96 0.12
2458498.3041969 10.86 0.11
2458498.3043703 10.76 0.10
2458498.3045438 10.97 0.12
2458498.3047172 11.05 0.13
2458498.3048907 11.06 0.13
2458498.3050642 11.01 0.12
2458498.3055850 10.96 0.12
2458498.3057586 10.91 0.11
2458498.3059323 11.01 0.12
2458498.3061059 10.92 0.11
2458498.3062795 10.99 0.12
2458498.3064531 10.97 0.12
2458498.3066267 11.07 0.13
2458498.3069739 11.07 0.13
2458498.3073211 10.77 0.10
2458498.3074948 11.00 0.12
2458498.3076684 11.15 0.14
2458498.3078420 10.98 0.12
2458498.3080156 10.91 0.11
2458498.3083628 10.96 0.12
2458498.3085364 10.92 0.11
2458498.3087100 10.96 0.12
2458498.3088836 11.20 0.15
2458498.3090572 10.96 0.12
2458498.3092309 11.00 0.13
2458498.3094045 11.02 0.13
2458498.3095781 11.12 0.14
2458498.3097517 11.03 0.13
2458498.3099253 10.99 0.13
2458498.3100989 10.94 0.12
2458498.3102725 10.80 0.10
2458498.3104461 11.11 0.14
2458498.3106197 11.05 0.13
2458498.3107934 11.08 0.14
2458498.3109670 10.98 0.12
2458498.3111406 11.24 0.16
2458498.3113142 11.08 0.13
2458498.3114878 10.91 0.12
2458498.3116614 10.97 0.12
2458498.3118350 10.99 0.12
2458498.3120086 10.84 0.11
2458498.3121822 10.95 0.12
2458498.3123559 11.12 0.14
2458498.3125295 11.05 0.13
2458498.3127031 11.16 0.15
2458498.3128767 10.78 0.10
2458498.3130503 10.91 0.12
2458498.3132239 10.99 0.13
2458498.3135711 10.97 0.12
2458498.3137448 10.84 0.11
2458498.3139184 10.87 0.11
2458498.3140920 10.96 0.12
2458498.3142656 11.11 0.14
2458498.3144392 10.75 0.10
2458498.3146128 10.82 0.11
2458498.3147864 11.12 0.14
2458498.3149600 11.07 0.13
2458498.3151336 10.91 0.12
2458498.3153073 11.01 0.13
2458498.3154809 11.12 0.14
2458498.3156558 10.95 0.12
2458498.3160027 11.08 0.14
2458498.3161761 10.87 0.11
2458498.3165230 10.87 0.11
2458498.3166965 11.07 0.14
2458498.3168699 11.12 0.14
2458498.3170434 11.09 0.14
2458498.3172170 10.91 0.12
2458498.3175642 10.94 0.12
2458498.3177378 10.95 0.12
2458498.3179114 11.18 0.15
2458498.3180850 11.25 0.16
2458500.2342077 10.97 0.17
2458500.2382008 10.77 0.14
2458500.2387216 10.81 0.14
2458500.2394161 10.89 0.15
2458500.2406313 10.91 0.15
2458500.2425410 10.94 0.15
2458500.2428883 10.77 0.13
2458500.2441035 10.98 0.16
2458500.2442772 10.93 0.15
2458500.2474022 10.91 0.14
2458500.2498327 10.86 0.14
2458500.2519160 10.81 0.13
2458500.2531313 10.93 0.14
2458500.2533049 10.92 0.14
2458500.2536522 10.98 0.15
2458500.2538258 11.04 0.16
2458500.2546938 11.00 0.16
2458500.2553883 11.05 0.16
2458500.2600758 10.94 0.14
2458500.2604230 11.02 0.15
2458500.2607702 10.93 0.14
2458500.2611174 10.87 0.13
2458500.2612911 10.92 0.14
2458500.2614647 10.99 0.15
2458500.2621591 11.13 0.17
2458500.2623327 10.97 0.15
2458500.2632008 10.94 0.14
2458500.2644160 10.96 0.14
2458500.2647633 11.01 0.15
2458500.2654577 10.92 0.14
2458500.2656313 10.92 0.14
2458500.2658049 10.95 0.14
2458500.2661522 11.00 0.15
2458500.2664994 10.92 0.14
2458500.2684104 11.02 0.15
2458500.2692776 11.03 0.15
2458500.2717077 11.05 0.15
2458500.2722285 10.88 0.13
2458500.2729230 11.05 0.15
2458500.2751799 11.05 0.16
2458500.2753535 10.94 0.14
2458500.2762216 10.98 0.14
2458500.2765688 11.09 0.16
2458500.2767424 11.10 0.16
2458500.2769161 10.98 0.14
2458500.2770897 11.19 0.17
2458500.2774369 11.01 0.15
2458500.2777841 10.93 0.14
2458500.2779577 10.95 0.14
2458500.2781313 11.17 0.17
2458500.2784786 10.98 0.15
2458500.2789994 10.79 0.12
2458500.2802147 10.95 0.14
2458500.2809100 11.04 0.15
2458500.2816037 11.07 0.16
2458500.2817772 11.04 0.15
2458500.2828188 11.09 0.16
2458500.2831660 11.15 0.17
2458500.2833397 10.88 0.13
2458500.2836869 10.84 0.13
2458500.2838605 11.02 0.15
2458500.2840341 10.98 0.14
2458500.2842077 11.01 0.15
2458500.2843813 10.96 0.14
2458500.2845549 11.00 0.15
2458500.2850758 10.98 0.14
2458500.2854230 10.85 0.13
2458500.2857702 10.97 0.14
2458500.2864647 10.94 0.14
2458500.2869855 11.00 0.15
2458500.2876799 10.89 0.14
2458500.2880272 10.99 0.15
2458500.2885480 10.91 0.13
2458500.2890688 11.00 0.14
2458500.2894160 10.93 0.13
2458500.2895897 10.91 0.13
2458500.2897633 10.98 0.14
2458500.2899369 10.93 0.13
2458500.2901105 10.91 0.13
2458500.2902841 11.04 0.15
2458500.2911522 10.95 0.13
2458500.2920202 11.06 0.15
2458500.2923688 10.92 0.13
2458500.2925423 10.75 0.11
2458500.2932360 10.96 0.13
2458500.2934095 11.04 0.14