2458467.3670250 10.85 0.12
2458467.3682403 11.12 0.16
2458467.3698028 11.16 0.17
2458467.3701500 11.07 0.15
2458467.3711917 10.97 0.14
2458467.3717125 10.95 0.14
2458467.3720598 11.03 0.15
2458467.3724070 10.97 0.14
2458467.3727542 10.99 0.15
2458467.3729278 10.95 0.14
2458467.3739695 10.95 0.14
2458467.3743167 11.06 0.15
2458467.3748375 11.03 0.15
2458467.3750111 10.99 0.14
2458467.3762270 11.07 0.16
2458467.3765739 11.02 0.15
2458467.3769209 10.96 0.14
2458467.3772681 11.09 0.16
2458467.3774417 10.99 0.14
2458467.3783097 11.10 0.16
2458467.3795250 10.98 0.14
2458467.3798723 11.00 0.15
2458467.3800459 11.05 0.16
2458467.3809139 10.92 0.14
2458467.3812611 11.05 0.15
2458467.3821292 11.08 0.16
2458467.3824764 10.99 0.15
2458467.3842125 10.82 0.13
2458467.3854278 10.96 0.14
2458467.3861222 10.95 0.14
2458467.3864695 10.83 0.13
2458467.3868167 11.01 0.15
2458467.3875123 11.03 0.15
2458467.3887264 11.03 0.15
2458467.3889000 11.08 0.16
2458467.3895945 10.90 0.14
2458467.3901153 11.06 0.16
2458467.3920250 11.01 0.15
2458467.3925459 10.95 0.14
2458467.3928931 11.00 0.15
2458467.3930667 10.81 0.13
2458467.3944556 11.09 0.16
2458467.3948028 10.99 0.15
2458467.3972334 11.04 0.16
2458467.3977542 10.98 0.15
2458467.3981014 10.96 0.14
2458467.3982750 11.03 0.15
2458467.3986223 10.89 0.13
2458467.3987959 10.84 0.13
2458467.4010528 11.15 0.17
2458467.4022681 10.94 0.14
2458467.4029625 11.04 0.16
2458467.4031361 10.99 0.15
2458467.4050459 10.90 0.14
2458467.4052195 10.88 0.14
2458467.4055667 10.82 0.13
2458467.4067820 10.84 0.13
2458467.4074764 10.92 0.14
2458467.4078236 10.91 0.14
2458467.4083445 10.92 0.14
2458467.4086917 10.97 0.15
2458467.4099070 10.91 0.14
2458467.4132056 10.93 0.14
2458467.4147681 11.02 0.15
2458467.4161570 10.95 0.15
2458467.4170250 10.95 0.15
2458467.4180667 10.85 0.13
2458467.4182403 11.05 0.16
2458467.4185875 10.84 0.13
2458467.4191084 11.04 0.16
2458467.4192820 10.93 0.15
2458469.3667865 11.22 0.13
2458469.3673607 11.18 0.12
2458469.3677079 11.12 0.12
2458469.3682287 11.27 0.14
2458469.3685760 11.24 0.13
2458469.3689232 11.10 0.12
2458469.3701384 11.14 0.12
2458469.3706593 11.13 0.12
2458469.3717009 10.97 0.10
2458469.3727426 11.37 0.15
2458469.3730898 11.06 0.11
2458469.3734371 11.11 0.12
2458469.3737843 11.34 0.14
2458469.3739579 11.14 0.12
2458469.3744787 11.07 0.11
2458469.3755204 11.22 0.13
2458469.3765628 11.12 0.12
2458469.3769097 11.13 0.12
2458469.3774301 10.93 0.10
2458469.3779510 11.08 0.11
2458469.3781246 11.06 0.11
2458469.3786454 11.06 0.11
2458488.3051107 11.01 0.14
2458488.3056316 10.90 0.12
2458488.3058052 10.99 0.13
2458488.3073677 11.06 0.14
2458488.3077149 11.03 0.14
2458488.3078885 10.94 0.13
2458488.3080621 11.03 0.14
2458488.3082357 11.10 0.15
2458488.3085830 10.79 0.11
2458488.3092788 11.02 0.14
2458488.3103194 11.06 0.14
2458488.3104929 10.96 0.13
2458488.3106663 10.92 0.13
2458488.3108399 10.84 0.12
2458488.3111871 11.05 0.14
2458488.3115344 11.04 0.14
2458488.3117080 11.07 0.15
2458488.3130969 11.02 0.14
2458488.3137913 11.07 0.15
2458488.3148330 11.05 0.15
2458488.3153538 11.09 0.15
2458488.3155274 10.96 0.14
2458488.3157010 11.06 0.15
2458488.3158746 10.89 0.13
2458488.3162218 10.97 0.14
2458488.3165691 11.07 0.15
2458488.3172635 11.05 0.15
2458488.3183052 11.05 0.15
2458488.3188260 10.96 0.14
2458488.3198677 10.99 0.14
2458488.3216048 10.92 0.13
2458488.3238607 10.81 0.12
2458488.3242080 10.99 0.14
2458488.3247288 10.83 0.12
2458488.3250760 10.98 0.14
2458488.3264649 10.77 0.12
2458488.3271594 10.88 0.13
2458488.3273330 10.98 0.14
2458488.3278538 10.85 0.13
2458488.3304580 10.97 0.14
2458488.3306316 11.06 0.15
2458488.3311524 10.97 0.14
2458488.3318468 11.08 0.16
2458488.3325413 10.92 0.13
2458488.3327149 11.06 0.15
2458488.3330621 10.95 0.14
2458488.3334105 10.97 0.14
2458488.3335839 11.17 0.17
2458488.3339308 10.95 0.14
2458488.3341043 11.00 0.15
2458488.3342777 10.96 0.14
2458488.3347982 10.90 0.13
2458488.3354927 11.04 0.15
2458488.3379232 10.90 0.14
2458488.3382705 11.01 0.15
2458488.3386177 11.05 0.15
2458488.3389649 11.03 0.15
2458488.3391385 11.04 0.15
2458488.3393121 10.95 0.14
2458488.3394857 10.96 0.14
2458488.3403538 10.83 0.13
2458488.3410482 10.88 0.13
2458488.3448677 10.97 0.14
2458488.3452162 11.00 0.15
2458488.3459100 11.07 0.16
2458488.3466038 11.06 0.16
2458488.3467774 10.94 0.14
2458488.3479927 10.93 0.14
2458488.3481663 11.11 0.16
2458488.3490344 10.90 0.13
2458488.3495552 10.96 0.14
2458488.3499024 10.91 0.14
2458488.3500760 10.89 0.13
2458488.3511177 11.08 0.16
2458488.3512913 10.79 0.12
2458488.3518121 11.06 0.16
2458488.3523330 11.01 0.15
2458488.3525066 10.97 0.14
2458488.3526802 10.87 0.13
2458488.3532010 10.91 0.13
2458488.3535482 11.09 0.16
2458488.3547635 10.97 0.14
2458488.3556316 11.04 0.15
2458488.3559788 10.98 0.14
2458488.3566732 10.97 0.14
2458488.3570218 10.89 0.13
2458488.3573687 11.08 0.16
2458488.3575422 10.98 0.15
2458488.3578891 11.03 0.15
2458488.3611871 10.93 0.14
2458488.3622288 10.93 0.14
2458488.3639649 10.97 0.14
2458488.3646594 10.92 0.14
2458488.3651802 10.84 0.13
2458488.3657010 10.94 0.14
2458488.3670899 10.86 0.13
2458488.3672635 10.90 0.14
2458488.3677844 10.86 0.13
2458488.3684788 11.01 0.15
2458488.3702150 10.67 0.11
2458488.3714302 10.94 0.14
2458488.3717774 10.87 0.13
2458488.3724718 10.97 0.15
2458488.3728191 10.94 0.14
2458488.3738607 10.88 0.14
2458493.2519739 10.96 0.13
2458493.2521475 11.02 0.14
2458493.2524947 10.99 0.13
2458493.2533628 11.13 0.15
2458493.2537100 11.17 0.15
2458493.2540586 11.19 0.15
2458493.2547524 11.05 0.14
2458493.2549258 10.98 0.13
2458493.2550993 10.89 0.12
2458493.2552727 11.29 0.17
2458493.2554461 11.01 0.13
2458493.2556198 11.12 0.15
2458493.2557934 11.16 0.15
2458493.2559670 11.07 0.14
2458493.2563142 11.05 0.14
2458493.2566614 11.11 0.14
2458493.2568350 11.24 0.16
2458493.2570086 11.01 0.13
2458493.2578767 11.18 0.15
2458493.2582239 11.04 0.14
2458493.2589184 10.88 0.12
2458493.2604809 11.05 0.14
2458493.2606545 10.93 0.12
2458493.2608281 11.01 0.13
2458493.2610017 11.09 0.14
2458493.2616961 11.14 0.15
2458493.2625642 10.98 0.13
2458493.2630850 10.84 0.11
2458493.2632586 11.12 0.15
2458493.2636059 11.09 0.14
2458493.2637795 11.11 0.14
2458493.2641267 11.12 0.15
2458493.2646475 10.97 0.13
2458493.2651684 11.03 0.13
2458493.2653420 10.99 0.13
2458493.2655156 11.12 0.14
2458493.2656892 11.15 0.15
2458493.2658628 11.21 0.16
2458493.2665581 11.05 0.14
2458493.2674253 10.98 0.13
2458493.2675989 11.16 0.15
2458493.2677725 10.98 0.13
2458493.2679461 11.09 0.14
2458493.2681197 11.00 0.13
2458493.2684670 11.09 0.14
2458493.2689878 10.96 0.13
2458493.2693350 11.09 0.14
2458493.2700295 11.04 0.13
2458493.2702031 11.22 0.16
2458493.2707239 11.00 0.13
2458493.2708975 11.13 0.15
2458493.2710711 10.98 0.13
2458493.2715920 11.07 0.14
2458493.2719392 11.17 0.15
2458493.2721128 10.98 0.13
2458493.2722864 11.16 0.15
2458493.2729809 11.13 0.15
2458493.2731545 11.07 0.14
2458493.2735017 11.04 0.13
2458493.2738489 11.07 0.14
2458493.2741961 11.06 0.14
2458493.2743697 11.00 0.13
2458493.2745434 11.12 0.14
2458493.2754114 11.05 0.14
2458493.2757586 11.06 0.14
2458493.2769739 11.09 0.14
2458493.2771475 11.04 0.13
2458493.2778420 11.07 0.14
2458493.2783638 11.24 0.16
2458493.2785373 11.08 0.14
2458493.2787107 10.99 0.13
2458493.2792310 11.04 0.13
2458493.2797517 11.16 0.15
2458493.2800989 11.06 0.14
2458493.2804461 11.10 0.14
2458493.2806198 11.16 0.15
2458493.2809670 11.06 0.14
2458493.2813142 11.05 0.14
2458493.2814878 10.97 0.13
2458493.2816614 11.00 0.13
2458493.2821822 10.99 0.13
2458493.2827031 11.00 0.13
2458493.2828767 11.13 0.15
2458493.2830503 11.02 0.13
2458493.2832239 10.96 0.13
2458493.2833975 10.85 0.11
2458493.2835711 11.02 0.13
2458493.2839184 10.98 0.13
2458493.2842656 11.09 0.14
2458493.2846128 10.96 0.13
2458493.2849600 10.98 0.13
2458493.2851336 11.09 0.14
2458493.2853072 11.07 0.14
2458493.2858281 11.07 0.14
2458493.2861753 11.07 0.14
2458493.2865225 11.12 0.15
2458493.2870434 10.99 0.13
2458493.2873906 11.00 0.13
2458493.2875642 11.08 0.14
2458493.2879114 11.06 0.14
2458493.2880850 11.13 0.15
2458493.2882586 11.14 0.15
2458493.2886059 11.00 0.13
2458493.2887795 11.06 0.14
2458493.2889531 10.89 0.12
2458493.2894739 11.09 0.14
2458493.2896475 11.00 0.13
2458493.2899961 10.91 0.12
2458493.2903429 11.03 0.13
2458493.2910367 11.05 0.14
2458493.2912102 11.11 0.14
2458493.2913836 11.12 0.14
2458493.2917309 11.06 0.14
2458493.2924253 10.92 0.12
2458493.2929461 10.84 0.11
2458493.2931197 11.09 0.14
2458493.2936406 11.08 0.14
2458493.2941614 11.05 0.14
2458493.2943350 11.05 0.14
2458493.2946823 11.04 0.14
2458493.2953767 11.14 0.15
2458493.2957239 10.95 0.12
2458493.2958975 11.19 0.16
2458493.2960711 10.95 0.13
2458493.2965920 10.97 0.13
2458493.2969392 11.07 0.14
2458493.2981545 11.07 0.14
2458493.2986753 10.85 0.11
2458493.2988489 10.93 0.12
2458493.2995434 11.05 0.14
2458493.3002378 11.03 0.14
2458493.3005850 10.90 0.12
2458493.3018931 10.93 0.12
2458493.3023327 11.14 0.15
2458493.3026799 10.98 0.13
2458493.3028536 11.00 0.13
2458493.3032008 11.14 0.15
2458493.3037216 11.11 0.14
2458493.3038952 11.04 0.14
2458493.3044161 11.06 0.14
2458493.3047633 11.11 0.14
2458493.3051105 10.98 0.13
2458493.3058049 10.98 0.13
2458493.3061522 11.07 0.14
2458493.3063258 11.01 0.13
2458493.3064994 11.01 0.13
2458493.3068466 11.08 0.14
2458493.3070202 11.11 0.14
2458493.3071938 10.88 0.11
2458493.3075410 11.11 0.14
2458493.3077147 11.01 0.13
2458493.3092772 11.12 0.14
2458493.3094508 11.00 0.13
2458493.3099716 11.08 0.14
2458493.3103188 10.96 0.12
2458493.3110133 10.78 0.11
2458493.3113605 11.10 0.14
2458493.3122298 11.10 0.14
2458493.3124033 11.02 0.13
2458493.3125767 10.96 0.12
2458493.3127502 11.11 0.14
2458493.3130971 11.02 0.13
2458493.3134439 11.15 0.15
2458493.3137910 11.02 0.13
2458493.3144855 11.18 0.15
2458493.3151799 11.13 0.14
2458493.3160480 11.11 0.14
2458493.3163952 11.04 0.13
2458493.3167424 10.87 0.11
2458493.3174369 11.17 0.15
2458493.3176105 11.08 0.14
2458493.3179577 11.17 0.15
2458493.3181313 11.04 0.13
2458493.3191730 11.25 0.16
2458493.3196938 11.16 0.15
2458493.3202147 11.13 0.14
2458493.3205619 11.11 0.14
2458493.3209091 11.01 0.13
2458493.3212563 10.95 0.12
2458493.3219508 11.18 0.15
2458493.3222980 11.05 0.13
2458493.3228188 11.10 0.14
2458493.3229924 11.18 0.15
2458493.3231662 11.06 0.13
2458493.3242090 10.93 0.12
2458493.3245559 11.04 0.13
2458493.3249028 11.12 0.14
2458493.3250762 11.14 0.14
2458493.3252497 11.22 0.16
2458493.3254231 11.12 0.14
2458493.3257702 11.24 0.16
2458493.3261174 11.04 0.13
2458493.3264647 11.27 0.16
2458493.3268119 11.12 0.14
2458493.3269855 11.12 0.14
2458493.3275063 11.16 0.15
2458493.3276799 11.07 0.13
2458493.3288952 11.27 0.16
2458493.3290688 11.12 0.14
2458493.3294160 11.16 0.15
2458493.3297633 11.01 0.13
2458493.3301105 11.19 0.15
2458493.3302841 11.04 0.13
2458493.3304577 10.96 0.12
2458493.3308049 11.16 0.15
2458493.3309785 11.17 0.15
2458493.3311522 11.14 0.14
2458493.3316730 11.12 0.14
2458493.3320202 11.23 0.15
2458493.3321938 11.08 0.14
2458493.3325411 11.02 0.13
2458493.3332355 11.08 0.14
2458493.3335827 11.20 0.15
2458493.3341036 11.06 0.13
2458493.3342772 11.14 0.15
2458493.3347980 11.06 0.14
2458493.3356661 11.15 0.15
2458493.3367085 11.29 0.17
2458493.3368820 11.14 0.15
2458493.3372288 11.21 0.16
2458493.3374023 11.19 0.15
2458493.3380966 11.21 0.16
2458493.3382702 11.09 0.14
2458493.3426105 11.12 0.14
2458493.3431313 11.13 0.14
2458493.3439994 11.18 0.15
2458493.3446938 11.13 0.15
2458493.3455619 11.10 0.14
2458493.3457355 11.08 0.14
2458493.3464299 11.15 0.15
2458493.3474716 11.12 0.15
2458493.3476452 11.08 0.14
2458493.3479924 11.06 0.14
2458493.3483408 11.10 0.14
2458493.3486876 11.11 0.14
2458493.3490345 11.14 0.15
2458493.3502494 11.02 0.13
2458493.3507702 10.94 0.12
2458493.3512911 11.08 0.14
2458493.3519855 11.07 0.14
2458493.3521591 11.18 0.15
2458493.3525063 11.12 0.14
2458493.3532008 11.05 0.13
2458493.3535480 11.10 0.14
2458493.3540688 11.16 0.15
2458493.3549369 11.02 0.13
2458493.3552841 11.08 0.14
2458493.3554577 11.12 0.14
2458493.3558049 11.06 0.14
2458493.3559786 11.17 0.15
2458493.3561522 10.97 0.13
2458493.3563258 11.19 0.15
2458493.3564994 11.14 0.15
2458493.3582355 11.08 0.14
2458493.3584091 10.99 0.13
2458493.3585827 10.98 0.13
2458493.3587563 10.98 0.13
2458493.3589299 11.10 0.14
2458493.3592772 11.11 0.14
2458493.3594508 11.06 0.13
2458493.3606668 11.23 0.16
2458493.3611871 11.14 0.15
2458493.3615341 11.12 0.14
2458493.3618813 11.01 0.13
2458493.3622285 11.07 0.14
2458493.3624022 10.98 0.13
2458493.3629230 11.11 0.14
2458493.3630966 11.13 0.14
2458493.3632702 11.03 0.13
2458493.3637911 11.11 0.14
2458493.3644855 10.99 0.13
2458493.3653536 11.08 0.14
2458493.3655272 11.20 0.15
2458493.3657008 11.08 0.14
2458493.3660480 10.91 0.12
2458493.3663952 11.08 0.14
2458493.3679577 11.18 0.15
2458493.3683049 11.21 0.16
2458493.3686522 11.24 0.16
2458493.3688258 10.95 0.12
2458493.3705619 11.24 0.16
2458493.3728194 11.17 0.15
2458493.3731663 10.90 0.12
2458493.3735133 11.01 0.13
2458493.3743813 11.08 0.14
2458493.3759438 11.15 0.15
2458493.3761174 11.12 0.15
2458493.3762910 11.06 0.14
2458493.3768119 10.97 0.13
2458493.3773327 10.98 0.13
2458493.3776799 10.97 0.13
2458493.3778535 11.09 0.14
2458493.3782008 11.05 0.14
2458493.3792424 11.11 0.15
2458493.3794161 10.92 0.12
2458493.3797633 10.91 0.12
2458493.3801105 11.05 0.14
2458493.3808049 11.01 0.13
2458493.3811522 11.05 0.14
2458493.3816730 11.11 0.15
2458493.3818466 10.90 0.12
2458493.3823674 11.08 0.14
2458493.3825411 11.10 0.15
2458493.3827147 11.16 0.16
2458493.3837563 11.02 0.14
2458493.3851454 11.00 0.13
2458493.3853189 11.02 0.14
2458493.3856660 10.93 0.13
2458493.3858397 11.07 0.14
2458493.3860133 11.00 0.13
2458493.3867077 11.14 0.15
2458493.3870549 11.13 0.15
2458493.3872286 10.96 0.13
2458493.3874022 10.93 0.12
2458493.3877494 11.20 0.16
2458493.3879230 11.05 0.14
2458493.3880966 11.06 0.14
2458493.3893119 11.14 0.15
2458493.3896591 11.06 0.14
2458493.3900063 11.02 0.14
2458493.3901799 11.10 0.15
2458493.3903536 11.05 0.14
2458493.3907008 11.16 0.16
2458493.3910480 11.02 0.14
2458493.3917424 10.89 0.12
2458493.3920897 10.92 0.13
2458493.3922633 10.79 0.11
2458493.3924369 10.97 0.13
2458493.3927841 10.91 0.12
2458493.3939994 11.10 0.15
2458493.3953883 10.84 0.12
2458493.3955619 11.01 0.14
2458493.3957355 11.06 0.14
2458493.3959105 11.01 0.14
2458493.3960839 11.07 0.15
2458493.3964308 10.92 0.13
2458493.3966043 10.91 0.12
2458493.3974716 10.87 0.12
2458493.3978188 11.05 0.14
2458493.3986869 11.09 0.15
2458493.3990341 10.86 0.12
2458493.4023327 10.95 0.13
2458493.4028536 11.00 0.14
2458493.4042424 10.87 0.12
2458493.4051105 10.84 0.12
2458493.4056313 11.01 0.14
2458493.4058049 11.06 0.15
2458493.4059786 11.03 0.14
2458493.4071938 11.07 0.15
2458493.4073674 10.94 0.13
2458493.4082365 11.01 0.14
2458493.4091037 11.00 0.14
2458493.4097980 10.86 0.12
2458493.4110133 11.09 0.15
2458493.4115341 11.00 0.14
2458493.4117077 10.79 0.12
2458493.4120549 10.88 0.13
2458493.4124022 11.07 0.15
2458493.4125758 10.99 0.14
2458493.4127494 11.13 0.16
2458495.1542077 10.68 0.16
2458495.1691383 10.79 0.16
2458495.2028188 10.94 0.18
2458495.2132355 10.77 0.15
2458495.2139299 10.71 0.14
2458495.2174022 10.94 0.17
2458495.2340688 10.83 0.15
2458495.2342424 10.84 0.15
2458495.2345897 10.78 0.15
2458495.2349369 10.75 0.14
2458495.2469160 10.85 0.15
2458495.2477841 10.77 0.14
2458495.2514299 10.91 0.16
2458495.2547300 10.94 0.16
2458495.2550769 10.86 0.15
2458495.2552503 10.81 0.15
2458495.2555972 10.95 0.17
2458495.2583744 10.86 0.15
2458495.2608049 10.95 0.16
2458495.2649716 10.93 0.16
2458495.2660133 10.93 0.16
2458495.2674030 10.92 0.16
2458495.2680967 10.74 0.13
2458495.2684438 11.01 0.17
2458495.2686174 10.87 0.15
2458495.2701799 11.03 0.18
2458495.2703535 10.76 0.14
2458495.2708744 11.02 0.17
2458495.2710480 10.79 0.14
2458495.2717424 10.97 0.17
2458495.2726105 10.78 0.14
2458495.2738258 10.72 0.13
2458495.2741730 10.73 0.13
2458495.2753883 10.69 0.13
2458495.2804230 10.78 0.14
2458495.2845897 10.86 0.15
2458495.2849369 10.92 0.15
2458495.2852841 10.91 0.15
2458495.2854577 10.87 0.15
2458495.2858049 10.84 0.14
2458495.2863258 10.91 0.15
2458495.2866730 11.04 0.17
2458495.2871938 10.98 0.16
2458495.2873674 10.86 0.15
2458495.2877147 10.97 0.16
2458495.2878883 10.94 0.16
2458495.2882355 10.94 0.16
2458495.2885827 10.93 0.16
2458495.2887563 10.96 0.16
2458495.2889299 10.99 0.17
2458495.2891036 10.81 0.14
2458495.2915348 10.81 0.14
2458495.2918817 10.91 0.15
2458495.2924022 10.83 0.14
2458495.2929230 10.95 0.16
2458495.2950063 10.75 0.13
2458495.2951799 10.93 0.16
2458495.2955272 10.96 0.16
2458495.2957008 10.97 0.16
2458495.2965688 10.92 0.15
2458495.2967424 10.83 0.14
2458495.2969160 10.99 0.16
2458495.2977841 10.80 0.14
2458495.2983049 10.79 0.14
2458495.3009091 10.83 0.14
2458495.3021244 10.82 0.14
2458495.3028202 10.84 0.14
2458495.3031671 10.90 0.15
2458495.3033406 10.84 0.14
2458495.3036875 10.98 0.16
2458495.3038609 10.81 0.14
2458495.3042078 10.76 0.13
2458495.3047286 10.98 0.16
2458495.3049022 10.92 0.15
2458495.3050758 10.92 0.15
2458495.3057702 10.83 0.14
2458495.3062911 10.77 0.14
2458495.3064647 10.93 0.16
2458495.3078536 10.84 0.14
2458495.3101105 10.83 0.15
2458495.3132355 11.05 0.17
2458495.3135827 10.91 0.15
2458495.3139299 10.82 0.14
2458495.3149729 10.89 0.15
2458498.1663489 10.94 0.15
2458498.1687795 10.84 0.14
2458498.1698211 10.89 0.15
2458498.1743350 10.94 0.15
2458498.1752031 11.06 0.16
2458498.1760711 10.92 0.14
2458498.1769392 10.83 0.13
2458498.1771128 11.01 0.15
2458498.1785029 10.95 0.15
2458498.1786763 10.90 0.14
2458498.1795436 10.98 0.15
2458498.1797170 10.96 0.15
2458498.1807586 11.05 0.16
2458498.1811059 11.06 0.16
2458498.1812795 10.88 0.13
2458498.1818003 11.12 0.17
2458498.1821475 10.99 0.15
2458498.1824948 10.90 0.14
2458498.1826684 11.05 0.16
2458498.1828420 11.03 0.16
2458498.1838836 11.04 0.16
2458498.1842309 10.94 0.14
2458498.1850989 11.01 0.15
2458498.1856197 11.03 0.16
2458498.1864878 10.73 0.12
2458498.1868350 10.93 0.14
2458498.1882974 10.89 0.14
2458498.1892656 10.97 0.15
2458498.1894392 11.06 0.16
2458498.1896128 10.99 0.15
2458498.1897864 10.79 0.12
2458498.1906545 10.78 0.12
2458498.1908281 10.88 0.13
2458498.1910017 10.76 0.12
2458498.1918697 10.95 0.14
2458498.1923906 11.06 0.16
2458498.1927378 10.84 0.13
2458498.1929114 10.89 0.13
2458498.1932586 11.04 0.15
2458498.1941267 10.97 0.14
2458498.1943003 11.00 0.14
2458498.1944739 11.09 0.16
2458498.1946475 11.01 0.15
2458498.1958628 11.00 0.15
2458498.1960378 10.96 0.14
2458498.1969050 10.84 0.12
2458498.1974253 11.05 0.15
2458498.1977725 10.83 0.12
2458498.1982934 11.01 0.15
2458498.1991614 11.04 0.15
2458498.2003767 10.77 0.11
2458498.2007239 10.95 0.13
2458498.2010711 11.00 0.14
2458498.2012447 10.90 0.13
2458498.2014184 10.91 0.13
2458498.2015920 10.95 0.13
2458498.2022864 11.03 0.15
2458498.2026336 11.04 0.14
2458498.2033281 11.05 0.15
2458498.2045434 10.97 0.14
2458498.2047170 10.90 0.13
2458498.2048906 10.95 0.13
2458498.2050642 10.97 0.14
2458498.2052378 10.99 0.14
2458498.2055850 11.05 0.14
2458498.2066267 11.05 0.15
2458498.2071475 11.11 0.15
2458498.2074947 11.04 0.14
2458498.2076684 10.94 0.13
2458498.2078420 11.01 0.14
2458498.2080169 10.95 0.13
2458498.2083638 11.04 0.14
2458498.2085373 11.04 0.14
2458498.2095781 11.15 0.16
2458498.2106197 11.14 0.16
2458498.2107934 11.02 0.14
2458498.2121823 11.19 0.16
2458498.2125295 10.91 0.13
2458498.2127031 11.15 0.16
2458498.2130503 11.02 0.14
2458498.2133975 11.13 0.16
2458498.2137448 11.02 0.14
2458498.2142656 11.12 0.15
2458498.2144392 10.75 0.11
2458498.2147864 11.03 0.14
2458498.2149600 10.95 0.13
2458498.2154809 11.05 0.14
2458498.2156545 10.98 0.13
2458498.2158281 11.08 0.15
2458498.2165225 10.98 0.14
2458498.2170434 11.02 0.14
2458498.2173906 11.00 0.14
2458498.2175642 10.96 0.13
2458498.2179114 10.88 0.12
2458498.2191267 10.97 0.13
2458498.2193003 11.04 0.14
2458498.2194739 11.05 0.14
2458498.2201694 10.87 0.12
2458498.2215573 10.96 0.13
2458498.2225989 11.11 0.15
2458498.2229461 11.07 0.14
2458498.2236406 11.05 0.14
2458498.2243350 11.02 0.13
2458498.2255503 10.87 0.12
2458498.2257239 11.18 0.16
2458498.2260711 11.00 0.13
2458498.2262447 11.05 0.14
2458498.2269392 11.11 0.15
2458498.2271128 11.09 0.15
2458498.2274600 10.94 0.13
2458498.2276336 11.00 0.13
2458498.2285017 11.02 0.14
2458498.2286753 11.28 0.17
2458498.2291961 11.23 0.17
2458498.2295434 11.10 0.15
2458498.2305850 10.91 0.13
2458498.2314531 10.93 0.13
2458498.2316267 10.95 0.13
2458498.2318016 11.16 0.16
2458498.2331892 11.00 0.14
2458498.2337100 11.05 0.14
2458498.2344045 10.94 0.13
2458498.2354461 10.96 0.13
2458498.2363142 11.02 0.14
2458498.2373559 11.13 0.16
2458498.2378767 10.95 0.14
2458498.2380503 10.99 0.14
2458498.2383975 11.04 0.15
2458498.2397864 10.95 0.13
2458498.2411753 11.05 0.15
2458498.2413489 11.10 0.16
2458498.2418697 11.10 0.16
2458498.2425642 11.10 0.16
2458498.2427378 11.18 0.17
2458498.2429114 10.94 0.13
2458498.2430850 11.18 0.17
2458498.2439541 10.95 0.14
2458498.2449948 11.05 0.15
2458498.2455156 10.91 0.13
2458498.2456892 11.15 0.16
2458498.2482934 11.12 0.16
2458498.2489878 10.91 0.13
2458498.2496822 10.97 0.14
2458498.2503767 10.98 0.14
2458498.2522864 10.94 0.14
2458498.2568004 11.05 0.15
2458498.2590573 11.00 0.15
2458498.2595781 10.76 0.12
2458498.2600989 10.91 0.14
2458498.2606198 10.96 0.14
2458498.2623559 10.96 0.14
2458498.2628767 11.13 0.13
2458498.2632239 11.24 0.15
2458498.2637447 11.10 0.13
2458498.2640920 11.11 0.13
2458498.2642656 10.88 0.11
2458498.2646128 11.17 0.14
2458498.2651336 10.86 0.11
2458498.2656545 11.29 0.16
2458498.2663489 11.07 0.13
2458498.2665225 11.15 0.14
2458498.2677389 10.91 0.11
2458498.2680858 11.18 0.14
2458498.2691267 11.21 0.15
2458498.2694739 11.17 0.14
2458498.2698211 11.12 0.13
2458498.2701684 11.22 0.14
2458498.2705156 11.13 0.13
2458498.2706892 11.08 0.13
2458498.2708628 10.88 0.11
2458498.2710364 11.27 0.15
2458498.2713836 11.17 0.14
2458498.2715572 11.16 0.14
2458498.2722517 11.11 0.13
2458498.2727725 11.14 0.13
2458498.2729461 11.14 0.13
2458498.2731197 11.15 0.14
2458498.2732934 11.09 0.13
2458498.2734670 11.16 0.14
2458498.2736406 11.10 0.13
2458498.2739878 10.93 0.11
2458498.2741614 11.04 0.12
2458498.2745086 11.15 0.14
2458498.2746823 11.15 0.13
2458498.2752031 11.14 0.13
2458498.2760711 11.10 0.13
2458498.2764184 11.13 0.13
2458498.2765920 11.13 0.13
2458498.2772864 11.26 0.15
2458498.2774600 11.10 0.13
2458498.2776336 11.02 0.12
2458498.2779809 11.08 0.13
2458498.2781545 11.12 0.13
2458498.2785017 11.08 0.13
2458498.2786753 11.14 0.13
2458498.2788489 11.01 0.12
2458498.2791961 11.02 0.12
2458498.2793697 11.19 0.14
2458498.2795448 11.22 0.14
2458498.2797182 10.98 0.12
2458498.2800651 11.08 0.13
2458498.2802385 11.16 0.14
2458498.2807589 10.90 0.11
2458498.2809323 11.10 0.13
2458498.2811059 11.03 0.12
2458498.2812795 11.16 0.14
2458498.2814531 11.12 0.13
2458498.2821475 11.13 0.14
2458498.2823211 11.18 0.14
2458498.2824948 11.19 0.15
2458498.2826684 11.19 0.14
2458498.2828420 11.02 0.12
2458498.2830156 11.18 0.14
2458498.2831892 11.12 0.13
2458498.2835364 11.11 0.14
2458498.2837100 11.20 0.14
2458498.2838836 10.89 0.11
2458498.2840573 11.09 0.13
2458498.2842309 11.15 0.14
2458498.2849253 11.25 0.15
2458498.2857934 11.09 0.13
2458498.2859670 11.23 0.15
2458498.2861406 10.98 0.12
2458498.2863142 11.34 0.17
2458498.2878767 11.04 0.13
2458498.2880503 11.20 0.15
2458498.2882239 11.06 0.13
2458498.2883975 11.17 0.14
2458498.2887447 11.07 0.13
2458498.2889184 10.81 0.10
2458498.2890920 11.12 0.14
2458498.2892656 10.91 0.11
2458498.2896128 10.98 0.12
2458498.2899600 10.90 0.11
2458498.2906545 10.99 0.12
2458498.2911753 11.17 0.14
2458498.2918708 10.93 0.12
2458498.2922177 11.07 0.13
2458498.2923912 11.05 0.13
2458498.2927381 11.05 0.13
2458498.2932586 11.08 0.13
2458498.2936059 10.97 0.12
2458498.2941267 11.17 0.15
2458498.2943003 10.96 0.12
2458498.2944739 10.90 0.13
2458498.2946475 11.17 0.15
2458498.2948211 11.03 0.14
2458498.2949947 11.19 0.15
2458498.2955156 11.10 0.13
2458498.2960364 11.16 0.14
2458498.2965572 11.15 0.14
2458498.2981198 11.05 0.13
2458498.2988142 10.94 0.12
2458498.2989878 10.88 0.11
2458498.3000295 11.11 0.14
2458498.3002031 10.86 0.11
2458498.3015920 11.06 0.13
2458498.3017656 10.99 0.12
2458498.3019392 11.11 0.14
2458498.3021128 10.95 0.12
2458498.3028072 10.95 0.12
2458498.3035017 11.19 0.15
2458498.3040235 11.24 0.15
2458498.3041969 10.91 0.11
2458498.3045438 10.93 0.11
2458498.3050642 11.13 0.14
2458498.3054114 11.03 0.13
2458498.3059323 11.04 0.13
2458498.3061059 11.15 0.14
2458498.3062795 10.97 0.12
2458498.3064531 10.90 0.11
2458498.3066267 11.01 0.13
2458498.3069739 11.18 0.15
2458498.3076684 11.10 0.13
2458498.3081892 10.98 0.12
2458498.3083628 10.83 0.11
2458498.3085364 11.11 0.14
2458498.3087100 11.10 0.14
2458498.3088836 11.02 0.13
2458498.3090572 10.85 0.11
2458498.3094045 10.91 0.12
2458498.3095781 10.95 0.12
2458498.3097517 11.01 0.13
2458498.3106197 10.97 0.12
2458498.3109670 10.70 0.10
2458498.3113142 10.98 0.12
2458498.3114878 11.04 0.13
2458498.3116614 10.92 0.12
2458498.3120086 11.04 0.13
2458498.3121822 11.13 0.14
2458498.3123559 10.81 0.11
2458498.3128767 11.14 0.14
2458498.3130503 11.01 0.13
2458498.3135711 11.15 0.14
2458498.3137448 10.89 0.11
2458498.3139184 11.03 0.13
2458498.3140920 10.86 0.11
2458498.3144392 11.15 0.14
2458498.3147864 11.08 0.13
2458498.3149600 10.88 0.11
2458498.3156558 10.93 0.12
2458498.3158292 10.88 0.11
2458498.3160027 11.13 0.14
2458498.3161761 11.21 0.15
2458498.3163496 11.22 0.16
2458498.3170434 10.97 0.12
2458498.3172170 11.11 0.14
2458498.3173906 11.02 0.13
2458498.3179114 11.21 0.15
2458498.3180850 11.06 0.13
2458500.2355966 10.75 0.14
2458500.2369855 10.88 0.15
2458500.2402841 10.98 0.16
2458500.2434091 10.86 0.14
2458500.2442772 10.87 0.14
2458500.2465341 10.93 0.15
2458500.2486174 10.85 0.14
2458500.2489647 10.94 0.15
2458500.2543466 11.03 0.16
2458500.2553883 10.86 0.14
2458500.2555619 11.13 0.17
2458500.2560827 10.97 0.15
2458500.2583397 10.91 0.14
2458500.2616383 10.96 0.15
2458500.2626799 11.05 0.16
2458500.2635480 11.07 0.16
2458500.2638952 10.96 0.14
2458500.2658049 10.97 0.14
2458500.2668466 11.05 0.16
2458500.2685839 10.90 0.14
2458500.2689307 11.03 0.15
2458500.2691042 11.09 0.16
2458500.2694511 11.10 0.16
2458500.2710133 11.11 0.16
2458500.2715341 10.92 0.14
2458500.2717077 10.95 0.14
2458500.2718813 10.93 0.14
2458500.2720549 11.17 0.17
2458500.2727494 11.07 0.16
2458500.2751799 11.04 0.15
2458500.2765688 10.82 0.12
2458500.2770897 10.97 0.14
2458500.2784786 11.09 0.16
2458500.2803896 10.98 0.14
2458500.2814303 11.09 0.16
2458500.2819508 11.11 0.16
2458500.2821244 10.88 0.13
2458500.2831660 10.97 0.14
2458500.2833397 10.72 0.11
2458500.2835133 11.00 0.15
2458500.2836869 11.00 0.14
2458500.2843813 10.96 0.14
2458500.2862911 11.07 0.16
2458500.2866383 10.91 0.14
2458500.2869855 11.01 0.15
2458500.2871591 10.88 0.13
2458500.2875063 11.04 0.15
2458500.2883744 10.99 0.14
2458500.2887216 10.80 0.12
2458500.2901105 11.15 0.16
2458500.2906313 10.90 0.13
2458500.2918466 11.08 0.15
2458500.2925423 11.11 0.15
2458500.2928892 11.11 0.15